-0.707107
-0.707107
-0.707107
-0.707107
-0.707107
-0.707107
-0.707107
-0.707107
-0.707107
-0.707107
-0.707107
-0.707107
-0.707107
-0.707107
-0.707107
-0.707107
-0.707107
-0.707107
-0.707107
-0.707107
-0.707107
-0.707107
-0.707107
-0.707107
-0.707107
-0.707107
-0.707107
-0.707107
-0.707107
-0.707107
-0.707107
-0.707107
1
1
1
1
1
1
1
1
1
1
1
1
1
1
1
1
1
1
1
1
1
1
1
1
1
1
1
1
1
1
1
1
-0.707107
-0.707107
-0.707107
-0.707107
-0.707107
-0.707107
-0.707107
-0.707107
-0.707107
-0.707107
-0.707107
-0.707107
-0.707107
-0.707107
-0.707107
-0.707107
-0.707107
-0.707107
-0.707107
-0.707107
-0.707107
-0.707107
-0.707107
-0.707107
-0.707107
-0.707107
-0.707107
-0.707107
-0.707107
-0.707107
-0.707107
-0.707107
1
1
1
1
1
1
1
1
1
1
1
1
1
1
1
1
1
1
1
1
1
1
1
1
1
1
1
1
1
1
1
1
