0
1
2
0
2
1
1
0
2
1
2
0
2
1
0
2
0
1
0
1
2
0
2
1
1
0
2
1
2
0
2
1
0
2
0
1
0
1
2
0
2
1
1
0
2
1
2
0
2
1
0
2
0
1
0
1
2
0
2
1
1
0
2
1
2
0
2
1
0
2
0
1
4.07097e+07
0
2.08025e+09
32761
1.76608e+09
1.93661e+09
9.80316e+08
1.95281e+09
144
0
64
0
4.07088e+07
0
1.70213e+09
1.81832e+09
1.76608e+09
1.93661e+09
9.80316e+08
1.95281e+09
1.8524e+09
1.95372e+09
1.95254e+09
101
0
0
321
0
4.06928e+07
0
2.08025e+09
32761
1.76608e+09
1.93661e+09
9.80316e+08
1.95281e+09
1.95405e+09
1.60147e+09
1.76924e+09
1.70213e+09
0
0
257
0
4.06928e+07
0
2.08025e+09
32761
1.76608e+09
1.93661e+09
9.80316e+08
1.95281e+09
1.95405e+09
7.63044e+06
145
0
4.0708e+07
0
2.08025e+09
32761
1.76608e+09
1.93661e+09
9.80316e+08
1.95281e+09
1.92023e+09
6.64484e+06
97
0
4.0708e+07
0
2.08025e+09
32761
