0
1
2
0
2
1
1
0
2
1
2
0
2
1
0
2
0
1
0
1
2
0
2
1
1
0
2
1
2
0
2
1
0
2
0
1
0
1
2
0
2
1
1
0
2
1
2
0
2
1
0
2
0
1
0
1
2
0
2
1
1
0
2
1
2
0
2
1
0
2
0
1
1.66719e+09
8.25326e+08
1.63383e+09
1.60035e+09
1.76911e+09
1.6649e+09
7.45694e+08
1.68535e+09
1.75133e+09
1.95241e+09
1.95306e+09
1.75133e+09
7.4229e+08
1.68535e+09
1.81831e+09
1.63391e+09
1.01413e+09
1.91899e+09
5.40942e+08
9.7715e+08
416
0
208
0
9.79662e+08
1.66759e+09
1.01413e+09
9.79662e+08
1.66719e+09
8.25326e+08
1.63383e+09
1.60035e+09
1.76911e+09
1.6649e+09
7.45694e+08
1.68535e+09
1.75133e+09
1.95241e+09
1.95306e+09
1.75133e+09
7.4229e+08
1.68535e+09
1.81831e+09
1.63391e+09
1.01413e+09
1.91899e+09
7.42269e+08
1.68535e+09
1.81831e+09
1.63391e+09
1.01413e+09
9.79662e+08
1.66719e+09
8.25326e+08
1.63383e+09
1.60035e+09
1.76911e+09
1.6649e+09
7.45694e+08
1.68535e+09
1.75133e+09
1.95241e+09
1.95306e+09
1.75133e+09
7.4229e+08
1.68535e+09
1.81831e+09
1.63391e+09
1.01413e+09
1.91899e+09
5.40942e+08
9.7715e+08
