128044
179001
738142
27085.7
857559
853269
1.85913e+06
818965
122061
64027.1
-430631
265576
754105
755975
1.63431e+06
735334
299839
277462
400466
338929
259186
281074
914648
179362
130962
154507
726065
20672.3
896778
894222
1.93725e+06
862814
189760
128460
-394002
365244
747310
754547
1.61027e+06
725765
305334
294777
387810
379680
247712
294237
913962
191610
70391.1
100244
675201
-37735.5
910623
902714
2.00483e+06
869143
215749
131634
-391669
367898
786762
771261
1.68837e+06
739083
352673
331043
446904
405415
297814
323151
960641
202447
23976.6
59591.4
570854
-86016
894988
892781
1.9975e+06
841311
208715
132977
-384845
373736
752055
740707
1.6613e+06
702275
366258
332142
484199
409634
289777
312509
984144
201586
-18030.5
21600
502126
-147662
908875
912487
2.0346e+06
862712
170462
94336.5
-474695
332036
722693
733131
1.63619e+06
687134
321442
298000
420077
376411
259213
284134
951199
173582
-87437.3
-43478.6
434840
-208936
928901
933768
2.09518e+06
873260
155178
81919
-487872
319503
718812
720382
1.64077e+06
662251
318511
300257
410255
362570
255517
291810
954117
155762
-86516.6
-22734.9
443530
-218629
957565
960211
2.14887e+06
893675
142236
76249.4
-528844
311942
732690
751128
1.68687e+06
690866
316252
291831
411183
357904
257681
284314
948669
164112
-82850.3
-43487.1
469739
-223774
963258
964616
2.19252e+06
895848
197915
127836
-465874
393239
748836
749984
1.69182e+06
695575
323261
302987
433179
389454
252431
298187
969578
179766
-104075
-50256.2
504149
-237288
984851
989457
2.27467e+06
921693
223005
140562
-428868
398087
792991
788326
1.79071e+06
738372
390031
369258
547151
438362
316435
353008
1.0631e+06
216385
-98989.3
-44158.1
483664
-236511
1.00015e+06
1.00367e+06
2.28206e+06
929485
219987
144459
-410615
397779
819909
808326
1.80487e+06
767139
439697
403475
637506
481757
350355
378817
1.15106e+06
250145
-108076
-53866
475997
-268550
1.01249e+06
1.02223e+06
2.32506e+06
940280
204033
127211
-439022
375042
820349
825346
1.80279e+06
779799
433045
399940
630048
481317
344013
373068
1.18275e+06
238500
-145251
-84339.5
481393
-294549
1.03707e+06
1.04499e+06
2.39177e+06
962838
183308
114355
-437401
354833
845004
836401
1.84832e+06
797037
432316
406644
651397
471096
373217
412369
1.2562e+06
256871
-121941
-44271.2
502591
-280410
1.07082e+06
1.07238e+06
2.44317e+06
994423
181711
106685
-480649
354615
858001
849932
1.88422e+06
815835
413056
374129
613240
444045
382617
396409
1.24921e+06
269828
-80997
-25421.9
576547
-246264
1.10283e+06
1.10897e+06
2.50957e+06
1.0329e+06
211498
141479
-452810
402301
846632
847284
1.89294e+06
804344
402554
396205
629014
464513
356730
414022
1.26463e+06
265078
-98656.2
-35096.5
598724
-253757
1.12315e+06
1.12283e+06
2.55329e+06
1.06402e+06
195504
109771
-504186
363703
893639
887041
1.97604e+06
838318
469580
444024
715082
505688
407572
441566
1.32471e+06
281170
-95330.7
-32337.4
568006
-256490
1.13487e+06
1.1357e+06
2.53852e+06
1.07209e+06
152955
76393
-553523
327247
913238
896871
1.99916e+06
858265
481774
448142
764976
510755
401532
430730
1.35744e+06
272839
-81460.8
-15503.3
587645
-248518
1.16977e+06
1.17089e+06
2.57899e+06
1.11545e+06
115717
39400
-615665
286111
920838
916099
2.00565e+06
881872
458600
434970
749423
495345
377482
414456
1.3637e+06
245679
-75673.9
-10226.2
641538
-237406
1.21956e+06
1.21952e+06
2.66352e+06
1.17285e+06
73289.5
4618.11
-662019
235556
931627
923171
2.03473e+06
881917
458017
440516
761645
480815
401512
448362
1.44446e+06
252233
-37501.4
45539.8
719673
-197320
1.25773e+06
1.24676e+06
2.71363e+06
1.20524e+06
51368.5
-17252.7
-707325
229541
948023
949323
2.09157e+06
910652
439938
412972
757482
456924
392895
430783
1.44235e+06
261266
-15409.3
40694
747073
-196693
1.26708e+06
1.26377e+06
2.73973e+06
1.21129e+06
61674.6
3790.09
-743231
256420
935225
936892
2.07406e+06
894725
415660
411862
744654
449045
359451
430682
1.40655e+06
238434
-25404.9
33989.2
783876
-189103
1.29814e+06
1.28375e+06
2.79328e+06
1.24939e+06
68807.1
-13792.8
-772295
240923
985557
977822
2.16242e+06
926209
466431
449185
821669
476456
403607
452446
1.43131e+06
253991
-17594.9
47606
748983
-177913
1.30679e+06
1.29364e+06
2.7803e+06
1.2583e+06
49463.5
-22176.3
-790084
236794
1.02462e+06
1.00976e+06
2.21262e+06
977237
475761
451156
863546
479455
404498
451744
1.45505e+06
266335
4435.68
66870.4
774925
-169687
1.32724e+06
1.31756e+06
2.81271e+06
1.28559e+06
17129.7
-59327
-845920
198863
1.05445e+06
1.04523e+06
2.24454e+06
1.02488e+06
452215
435812
853550
462907
387663
434146
1.46339e+06
247471
2592.96
62987.7
817188
-161777
1.36577e+06
1.35132e+06
2.87549e+06
1.32317e+06
-28321.7
-96399.9
-908013
145220
1.07619e+06
1.0645e+06
2.28853e+06
1.03596e+06
436714
425704
851255
421250
404592
459088
1.50152e+06
245564
12865.1
98089.9
816182
-149650
1.3817e+06
1.35803e+06
2.87405e+06
1.33647e+06
-33179.6
-103379
-950380
153659
1.08654e+06
1.08043e+06
2.2999e+06
1.05258e+06
406992
394998
795854
405546
404554
448927
1.47883e+06
262237
68498.1
120096
885074
-106363
1.41296e+06
1.38385e+06
2.93443e+06
1.35955e+06
26204.7
-52255.9
-886488
221044
1.09168e+06
1.075e+06
2.32548e+06
1.04893e+06
440811
428722
828291
463004
403728
464427
1.49299e+06
275936
24947.4
85828.6
868995
-139924
1.38845e+06
1.3608e+06
2.93889e+06
1.3376e+06
2826.31
-85369
-933175
180757
1.10949e+06
1.08996e+06
2.37372e+06
1.05051e+06
478772
457786
856552
488209
417996
462876
1.49014e+06
260842
9594.73
77813.6
816532
-156691
1.34852e+06
1.33002e+06
2.88223e+06
1.28813e+06
-42003.6
-112795
-973108
145078
1.09218e+06
1.07657e+06
2.35117e+06
1.0403e+06
466191
444104
855176
475010
399769
450502
1.48933e+06
255045
28971.6
96458.6
830567
-140556
1.36502e+06
1.34729e+06
2.90197e+06
1.30934e+06
-63866.6
-142816
-1.02522e+06
118184
1.10256e+06
1.09461e+06
2.3587e+06
1.06362e+06
435491
415357
781494
454516
395348
444050
1.48979e+06
251225
39149
103683
864469
-119561
1.39234e+06
1.37142e+06
2.95344e+06
1.33701e+06
-94787.7
-167601
-1.0625e+06
81780.4
1.11086e+06
1.09541e+06
2.36867e+06
1.06225e+06
444385
422356
755802
462934
434252
488576
1.55019e+06
285822
64761.8
135873
897888
-99475.1
1.38396e+06
1.36124e+06
2.94202e+06
1.32152e+06
-119748
-190789
-1.10966e+06
65215.8
1.12317e+06
1.11231e+06
2.41948e+06
1.07437e+06
410914
394163
721578
426163
430646
465027
1.52877e+06
287701
92946.4
148814
936494
-73634.6
1.37703e+06
1.36833e+06
2.96101e+06
1.32674e+06
-70466.7
-135492
-1.06476e+06
141682
1.12423e+06
1.12019e+06
2.46834e+06
1.07192e+06
433937
436736
772041
478317
414502
477516
1.53858e+06
286307
117184
174204
1.0033e+06
-35384.3
1.39598e+06
1.38077e+06
2.98107e+06
1.352e+06
-52011.2
-135608
-1.0517e+06
141182
1.16878e+06
1.1568e+06
2.57549e+06
1.09373e+06
501518
482958
869082
530979
458592
506450
1.59856e+06
309740
151690
202705
1.01737e+06
-5831.51
1.39163e+06
1.37113e+06
2.9477e+06
1.33781e+06
-52016.9
-128150
-1.01274e+06
140910
1.19008e+06
1.17375e+06
2.64268e+06
1.11095e+06
526710
503015
940096
543758
458697
499681
1.62562e+06
303861
171355
221192
1.02362e+06
16008.2
1.3921e+06
1.37552e+06
2.93917e+06
1.34866e+06
-61357.8
-142184
-1.04454e+06
128498
1.20735e+06
1.20728e+06
2.6813e+06
1.14008e+06
521411
507437
938708
551164
448091
491579
1.6316e+06
292966
170472
220131
1.01924e+06
26737.8
1.39267e+06
1.37901e+06
2.90861e+06
1.35888e+06
-103436
-173779
-1.09914e+06
87237.2
1.20469e+06
1.20007e+06
2.71141e+06
1.12194e+06
514254
506321
922648
537804
463306
515714
1.65264e+06
305610
511355
417566
38997.6
700473
-1.04811e+06
-1.01287e+06
-1.92808e+06
-1.07755e+06
-236474
-186737
-54522.9
-314796
293857
384937
1.76082e+06
28615.2
686189
609129
712525
817595
-677915
-640818
-1.12583e+06
-718305
518439
440136
47466.7
741614
-1.09266e+06
-1.04875e+06
-1.95332e+06
-1.12964e+06
-271212
-227554
-61004.9
-370645
296247
386730
1.84995e+06
30972.7
656097
597378
674429
788019
-782652
-739625
-1.2755e+06
-837585
529587
421163
9145.01
734009
-1.08676e+06
-1.05415e+06
-1.95004e+06
-1.13508e+06
-292842
-246297
-34058.5
-416101
288643
385445
1.87606e+06
145.664
659212
585388
664501
791001
-748895
-706815
-1.19345e+06
-803411
531500
427295
9905.86
753482
-1.1113e+06
-1.06412e+06
-1.96408e+06
-1.17076e+06
-301395
-242946
-25264.2
-419836
285433
400412
1.92251e+06
13540.4
662845
591580
661486
789200
-742101
-694476
-1.16966e+06
-786818
511360
397946
-93985.1
734270
-1.13054e+06
-1.08712e+06
-1.94267e+06
-1.18634e+06
-339011
-288418
-62352
-468350
319757
419794
1.96273e+06
33536
652718
581664
642957
800888
-786566
-726073
-1.20671e+06
-843513
514675
401007
-146564
766956
-1.17296e+06
-1.12095e+06
-1.98276e+06
-1.22723e+06
-395882
-340758
-172273
-515078
328269
431383
1.96965e+06
59841.7
623705
557984
558375
780862
-781486
-719648
-1.16858e+06
-843963
545169
429531
-138092
780980
-1.17828e+06
-1.12794e+06
-2.01661e+06
-1.24527e+06
-380087
-318166
-165194
-504295
370464
467001
2.06012e+06
62813.7
674655
590593
608707
820938
-720094
-674687
-1.09207e+06
-790878
575035
477434
-94271.5
859862
-1.2102e+06
-1.15309e+06
-2.07253e+06
-1.25995e+06
-399169
-340912
-180329
-518716
378470
474708
2.13784e+06
86741.5
702589
633950
630841
873545
-823124
-771984
-1.27724e+06
-885298
593577
466357
-109411
848213
-1.215e+06
-1.17034e+06
-2.10428e+06
-1.2809e+06
-427204
-368718
-185096
-575797
356308
460510
2.1445e+06
34108.7
740235
653901
681524
900694
-802337
-754861
-1.21654e+06
-878775
601319
485726
-62725.3
876657
-1.25387e+06
-1.19656e+06
-2.1594e+06
-1.32512e+06
-437782
-363129
-186039
-571202
342313
468424
2.18456e+06
36907.4
773942
688098
751837
930362
-803466
-750056
-1.20463e+06
-865882
603946
471104
-124483
864888
-1.29344e+06
-1.24885e+06
-2.20931e+06
-1.3651e+06
-458237
-402583
-236209
-603130
378693
481093
2.22274e+06
52881
792504
704925
771804
963033
-870337
-812976
-1.31499e+06
-950134
598160
467555
-156515
881763
-1.37464e+06
-1.31868e+06
-2.33027e+06
-1.43876e+06
-501733
-442303
-333363
-628252
366771
475302
2.23015e+06
51988.6
786861
701513
737747
966715
-892297
-836383
-1.34712e+06
-969974
600894
471853
-183970
870989
-1.38197e+06
-1.32367e+06
-2.39849e+06
-1.44366e+06
-467279
-398206
-289451
-589794
383728
498244
2.28978e+06
46060.2
826681
725385
752937
1.00063e+06
-851873
-803536
-1.31727e+06
-925934
601601
490363
-174884
895202
-1.38306e+06
-1.32171e+06
-2.40213e+06
-1.44397e+06
-460912
-397276
-235716
-602340
389559
498845
2.35082e+06
53933.2
847587
758362
781040
1.0226e+06
-959927
-906292
-1.51358e+06
-1.04437e+06
605340
470955
-183061
874980
-1.35624e+06
-1.30532e+06
-2.39476e+06
-1.41842e+06
-451028
-381805
-159395
-610165
367306
488520
2.35032e+06
11260
868812
766842
827907
1.04084e+06
-939946
-887569
-1.44476e+06
-1.02797e+06
585733
467428
-180482
868080
-1.35638e+06
-1.29247e+06
-2.40677e+06
-1.42196e+06
-433616
-349911
-105179
-588835
363463
506501
2.39249e+06
24877.4
880091
785241
856108
1.04896e+06
-944376
-882267
-1.44095e+06
-1.02508e+06
579050
444450
-227903
847739
-1.32633e+06
-1.27787e+06
-2.34252e+06
-1.37859e+06
-414280
-350348
-43229
-580158
412566
529998
2.45658e+06
55144.4
903315
800740
892093
1.08405e+06
-985586
-920540
-1.49016e+06
-1.07373e+06
556177
425509
-283736
841733
-1.33554e+06
-1.28366e+06
-2.36567e+06
-1.37752e+06
-434845
-369081
-79401.7
-594680
403358
527824
2.4523e+06
54841.1
899540
803046
870182
1.08917e+06
-983828
-916253
-1.4876e+06
-1.07028e+06
566471
436779
-283712
850149
-1.3402e+06
-1.28849e+06
-2.40306e+06
-1.3863e+06
-416217
-336153
-49544.9
-572215
424298
553236
2.51347e+06
55029.2
931103
825467
918498
1.11528e+06
-938869
-882126
-1.44501e+06
-1.02441e+06
588714
474577
-261812
902796
-1.3553e+06
-1.29729e+06
-2.40857e+06
-1.39701e+06
-418710
-350748
-37704.3
-590749
419990
540459
2.56021e+06
60039
947556
854094
951356
1.13758e+06
-1.04521e+06
-986645
-1.64018e+06
-1.14154e+06
600250
461893
-275347
895612
-1.3345e+06
-1.28569e+06
-2.40525e+06
-1.37911e+06
-439055
-360889
-3988.79
-627032
393749
528266
2.54306e+06
13876.3
977554
875977
1.0095e+06
1.16603e+06
-1.0226e+06
-960252
-1.56451e+06
-1.115e+06
601775
472625
-250954
905472
-1.34375e+06
-1.28704e+06
-2.42408e+06
-1.3945e+06
-435127
-350058
12671.4
-620749
373612
521416
2.5507e+06
5856.97
1.01514e+06
916058
1.09059e+06
1.19653e+06
-1.01337e+06
-948151
-1.5436e+06
-1.10023e+06
607553
473462
-275878
912178
-1.3289e+06
-1.27582e+06
-2.36933e+06
-1.37115e+06
-433871
-352762
30450.1
-618458
410622
551490
2.6025e+06
36680.5
1.05327e+06
956749
1.17578e+06
1.24611e+06
-1.05621e+06
-976751
-1.57586e+06
-1.15632e+06
623277
488633
-293832
952706
-1.34297e+06
-1.28284e+06
-2.38967e+06
-1.37487e+06
-434330
-352546
2358.91
-604447
427682
570374
2.61982e+06
72054.2
1.06233e+06
970169
1.18453e+06
1.26222e+06
-1.03547e+06
-954989
-1.52111e+06
-1.13579e+06
654275
508298
-298835
970148
-1.35293e+06
-1.30658e+06
-2.476e+06
-1.39354e+06
-398939
-318982
34151.1
-565017
469509
606131
2.66987e+06
91447.3
1.07463e+06
959853
1.13707e+06
1.26562e+06
-975602
-917111
-1.47554e+06
-1.07201e+06
657733
532982
-257746
993605
-1.39406e+06
-1.33473e+06
-2.49116e+06
-1.43951e+06
-425192
-344233
46146.5
-607886
488311
623388
2.77503e+06
111439
1.05173e+06
956377
1.11166e+06
1.24633e+06
-1.09098e+06
-1.02261e+06
-1.66276e+06
-1.19544e+06
706886
560325
-203493
1.03285e+06
-1.35359e+06
-1.30268e+06
-2.46732e+06
-1.38972e+06
-401987
-317309
114532
-588808
509985
651939
2.81654e+06
128503
1.08219e+06
973174
1.14e+06
1.2812e+06
-1.03739e+06
-971243
-1.57111e+06
-1.13126e+06
729149
580788
-149727
1.06133e+06
-1.34773e+06
-1.2926e+06
-2.47698e+06
-1.38455e+06
-385234
-302840
141123
-573194
530080
675843
2.85344e+06
168494
1.09792e+06
985845
1.15951e+06
1.29471e+06
-1.02002e+06
-957310
-1.56021e+06
-1.10302e+06
734094
580960
-164301
1.05389e+06
-1.3165e+06
-1.26758e+06
-2.40437e+06
-1.34632e+06
-385112
-303744
165764
-571884
601548
737676
2.93469e+06
239170
1.10127e+06
985951
1.1638e+06
1.29745e+06
-1.06675e+06
-996936
-1.61399e+06
-1.16785e+06
723565
570780
-171264
1.04767e+06
-1.32873e+06
-1.27316e+06
-2.38156e+06
-1.36591e+06
-423261
-339230
109014
-614145
632530
770251
2.99293e+06
276683
1.05634e+06
946518
1.10134e+06
1.24644e+06
-1.09157e+06
-1.01877e+06
-1.60609e+06
-1.20847e+06
730063
575410
-144329
1.04645e+06
-1.3478e+06
-1.29595e+06
-2.41184e+06
-1.38979e+06
-394230
-306579
144511
-574485
656220
777977
3.04862e+06
267367
1.07948e+06
961569
1.16132e+06
1.2739e+06
-1.07118e+06
-1.00072e+06
-1.57859e+06
-1.17207e+06
779638
643295
-67072.6
1.11903e+06
-1.34555e+06
-1.29125e+06
-2.43472e+06
-1.38326e+06
-351319
-271762
185028
-533340
669779
792699
3.09982e+06
286742
1.13899e+06
1.03277e+06
1.23424e+06
1.33833e+06
-1.15497e+06
-1.07542e+06
-1.76868e+06
-1.25366e+06
770344
604693
-87945.7
1.08557e+06
-1.36034e+06
-1.31651e+06
-2.47792e+06
-1.40168e+06
-368565
-291494
190926
-565166
626873
755075
3.07462e+06
220781
1.15771e+06
1.03729e+06
1.28416e+06
1.35558e+06
-1.13595e+06
-1.06789e+06
-1.7256e+06
-1.23727e+06
732709
582456
-102828
1.04857e+06
-1.41884e+06
-1.36506e+06
-2.58366e+06
-1.47009e+06
-378528
-292733
159098
-567339
584596
734962
3.05296e+06
188144
1.15648e+06
1.03783e+06
1.30225e+06
1.34077e+06
-1.16729e+06
-1.09614e+06
-1.78071e+06
-1.2659e+06
707064
536126
-180382
1.01398e+06
-1.44672e+06
-1.39821e+06
-2.61967e+06
-1.48513e+06
-380470
-313754
125556
-563290
610327
739803
3.06301e+06
207934
1.16069e+06
1.03295e+06
1.2999e+06
1.35623e+06
-1.24254e+06
-1.16232e+06
-1.90779e+06
-1.34107e+06
648602
492250
-297819
974356
-1.47795e+06
-1.41876e+06
-2.69466e+06
-1.50243e+06
-385939
-314274
59720.1
-548532
630477
767854
3.07388e+06
248536
1.12218e+06
1.00553e+06
1.21432e+06
1.3234e+06
-1.24456e+06
-1.16116e+06
-1.94463e+06
-1.33409e+06
-483381
-442395
-622453
-561791
-155771
-248671
-1.61442e+06
130761
-196781
-201180
-517243
-159385
311576
303185
599103
309093
447703
484673
1.45381e+06
318351
-320895
-259000
2633.97
-457427
-515861
-458124
-676136
-581995
-161695
-271444
-1.65322e+06
113672
-194996
-201476
-492283
-171348
322427
309233
615954
310823
441940
483155
1.48612e+06
308082
-324396
-257199
30355.4
-469521
-519276
-480146
-694001
-601947
-189057
-295375
-1.71441e+06
95499
-187596
-193822
-493027
-158485
319751
324781
644487
320464
411593
466649
1.47066e+06
276140
-382668
-315450
-46144.4
-542409
-515472
-484191
-671629
-587925
-194155
-306444
-1.76122e+06
98098.3
-159064
-165846
-441208
-127083
379020
381217
716470
408149
432906
488107
1.48243e+06
319587
-384297
-313498
-40193.4
-525815
-567583
-510148
-744217
-641991
-212531
-322803
-1.82126e+06
87172.8
-116514
-123903
-368593
-85019
430991
420258
758924
449226
455217
503779
1.50225e+06
334398
-362650
-278057
-35993.9
-503411
-535094
-485710
-718157
-595421
-219955
-329102
-1.87624e+06
92500.9
-86571.1
-95525.9
-320256
-49887.8
453521
434317
807326
466060
452157
491547
1.51706e+06
320893
-355412
-280914
-3858.68
-511411
-552010
-513453
-772120
-631700
-220300
-327378
-1.92268e+06
108185
-73687.6
-83414.6
-310509
-28270.1
452748
434555
804433
468215
448501
494477
1.53287e+06
304557
-368801
-294415
10383.2
-524828
-577327
-522416
-813798
-645144
-228692
-357891
-1.98555e+06
88963.9
-64680.5
-79910.1
-307327
-22335.4
442937
417811
783548
443011
469794
512514
1.58369e+06
328008
-368638
-292910
28796.9
-529926
-547492
-510929
-743304
-628877
-246342
-366231
-2.0133e+06
86177.2
-59515.8
-73208.2
-312615
-8284.46
443888
443712
853067
464157
479124
537948
1.64041e+06
345258
-382099
-301322
36334
-546671
-552420
-523117
-713838
-637687
-268085
-390491
-2.09212e+06
66480.1
-45373.6
-58173
-305791
8085.77
480775
480043
902181
514795
518635
577025
1.67996e+06
398471
-373642
-293128
49803.7
-526857
-606611
-549440
-767267
-693146
-277277
-404170
-2.13855e+06
65038.3
-13532.6
-32063.8
-274075
44799.5
509093
493432
938169
523261
559173
603838
1.73517e+06
434725
-347332
-259772
73073.1
-501969
-543215
-489546
-675367
-620284
-280598
-405654
-2.19e+06
72209.7
629.325
-21718.1
-255562
59327
534438
521194
999956
549209
597268
638502
1.80668e+06
472363
-316084
-235334
129028
-478928
-546697
-506958
-693956
-629785
-251590
-378747
-2.1923e+06
114449
-3183.39
-29014.7
-274205
54604.9
541034
519989
994590
553825
626455
660443
1.87978e+06
488701
-314338
-243883
164513
-481618
-573612
-519688
-749720
-653949
-247486
-392102
-2.21161e+06
106611
-28318.9
-52307.5
-296525
17282.4
533474
507249
961524
535083
641675
675000
1.92812e+06
495492
-314731
-242277
192572
-496612
-535882
-487698
-672620
-614158
-240709
-373750
-2.19769e+06
126314
-51618.8
-63093
-338599
1693.52
517002
515207
973404
536356
642410
690810
1.97507e+06
503298
-340313
-254759
185219
-521696
-508951
-468929
-595468
-580238
-237983
-375858
-2.21145e+06
129251
-46979.5
-56585.5
-316726
7228.05
563129
555600
1.02315e+06
608711
666481
711961
2.00629e+06
535566
-332224
-247139
223016
-502163
-522506
-463139
-611468
-598301
-231749
-377212
-2.21521e+06
137888
-39295.3
-56524
-308439
6868.13
586195
569357
1.02301e+06
614158
688311
728198
2.0403e+06
554252
-305927
-214040
234946
-479172
-459591
-420205
-554564
-524680
-229807
-373544
-2.24172e+06
147111
-68892.7
-88730.6
-350999
-29777.7
605039
576407
1.0507e+06
629969
705944
735647
2.08402e+06
561523
-299163
-219938
258745
-489479
-489997
-453748
-621293
-567933
-221435
-363368
-2.25204e+06
167477
-58798.1
-76597.3
-330693
-10772.1
596122
567202
1.02595e+06
620259
704511
740713
2.11733e+06
540969
-316937
-230058
278440
-502287
-501123
-444708
-643317
-567665
-228440
-382112
-2.2848e+06
149374
-42840.8
-58497.5
-295356
3536.24
605269
578208
1.04062e+06
624510
732056
776291
2.19931e+06
566698
-284069
-195061
344106
-470088
-485913
-446456
-596116
-571330
-239982
-390783
-2.28944e+06
135015
-47944
-66371.9
-332854
43.8406
595822
591742
1.07336e+06
626901
736670
796605
2.26773e+06
569702
-298563
-204835
344895
-489543
-475323
-440600
-540491
-554291
-274587
-421164
-2.34349e+06
100927
-57194.3
-76008.3
-347914
-7394.22
651165
642197
1.13927e+06
709095
771929
835503
2.32347e+06
625396
-266410
-170770
382345
-432100
-511626
-449491
-577718
-595530
-284920
-432963
-2.36604e+06
95139.1
-47839.3
-64118.3
-351226
10441.8
687175
667306
1.17118e+06
725643
822483
875403
2.39662e+06
665610
-201869
-100459
436180
-367138
-432382
-383913
-457843
-503902
-283300
-434098
-2.38196e+06
98934.1
-49357.5
-71402.2
-352607
1071.97
714700
684461
1.24297e+06
741590
866597
905503
2.50252e+06
697441
-143847
-59906.8
542417
-318097
-454742
-412219
-503515
-538036
-274787
-411252
-2.38171e+06
123952
-54008.8
-73715.2
-337573
-7286.74
730731
692166
1.26639e+06
756788
870204
912145
2.55013e+06
684372
-128723
-51706.5
594686
-308350
-486080
-424299
-545009
-567503
-265673
-417544
-2.39092e+06
125969
-86076.1
-101806
-360832
-48991.9
731187
696660
1.27409e+06
750966
885716
934198
2.61326e+06
698774
-109339
-25602.9
667885
-295126
-473834
-434665
-538940
-560671
-256154
-411679
-2.40157e+06
143374
-102789
-119701
-422188
-59368
724363
700408
1.27874e+06
759102
891208
946491
2.64142e+06
709298
-129855
-50941.4
624812
-315045
-468266
-439622
-535378
-549170
-254511
-414708
-2.43304e+06
144378
-89996.3
-111270
-409088
-45433
780466
751806
1.32579e+06
841877
932016
987206
2.6824e+06
764888
-115654
-39822.1
624218
-285243
-526243
-470449
-617581
-609132
-262589
-422691
-2.45593e+06
143111
-106322
-124913
-431691
-68889.9
810382
773426
1.34218e+06
857762
963236
1.00881e+06
2.72288e+06
791730
-97859.3
-11555.5
612999
-265299
-489276
-436839
-581977
-554409
-253993
-408078
-2.46053e+06
163965
-122120
-139830
-450976
-85102.4
825616
781796
1.38482e+06
864644
974010
1.01078e+06
2.75894e+06
792426
-93431.4
-11811.5
649529
-274034
-502828
-462452
-620644
-577104
-225172
-375549
-2.46221e+06
213193
-114409
-127597
-450013
-59451.4
782025
736398
1.30929e+06
819926
954476
992558
2.74098e+06
760647
-96428.9
-27886.2
657988
-274480
-546714
-498807
-726138
-618509
-241758
-416117
-2.5339e+06
184253
-132998
-153297
-495729
-83212.3
714505
665059
1.17384e+06
745343
929667
970816
2.69908e+06
736830
-131091
-63573.8
606372
-324529
-536353
-498566
-699827
-616224
-239283
-400446
-2.54018e+06
199569
-167193
-178615
-585007
-108260
645311
623723
1.08834e+06
687272
902275
959878
2.67967e+06
715766
-183030
-108880
539327
-380983
-539642
-511839
-656584
-631718
-248588
-420854
-2.57053e+06
175778
-173682
-188064
-599762
-122590
650038
624340
1.07593e+06
700167
904732
956293
2.6543e+06
725953
-207428
-134364
527629
-407085
-621803
-565234
-748399
-717650
-275832
-452953
-2.6039e+06
152319
-199268
-219608
-642161
-149523
606324
570848
1.0013e+06
636381
881115
928470
2.60708e+06
699766
-236452
-148873
474098
-435204
-570275
-521242
-680259
-656032
-283698
-454076
-2.65849e+06
153017
-240194
-256036
-714654
-192545
562414
521904
938305
574725
881966
916050
2.59803e+06
684510
-237316
-157422
474585
-449503
-1.4389e+06
-1.26136e+06
-1.13655e+06
-1.79143e+06
-436102
-374581
-271864
-558282
648050
617407
1.12435e+06
675812
1.48497e+06
1.37496e+06
1.99169e+06
1.67933e+06
754156
746249
1.62352e+06
719135
-1.97571e+06
-1.90292e+06
-3.56518e+06
-2.04162e+06
-1.47763e+06
-1.29636e+06
-1.16825e+06
-1.84455e+06
-439404
-376767
-255519
-558525
639326
614816
1.13758e+06
661741
1.51608e+06
1.39745e+06
2.03117e+06
1.71059e+06
755833
752119
1.65709e+06
710276
-1.9791e+06
-1.91465e+06
-3.57999e+06
-2.05181e+06
-1.54936e+06
-1.37664e+06
-1.28058e+06
-1.9277e+06
-478045
-404154
-272558
-618366
647381
619220
1.19489e+06
661277
1.52387e+06
1.39248e+06
2.02325e+06
1.70481e+06
762622
751125
1.69205e+06
693048
-1.99126e+06
-1.90305e+06
-3.6275e+06
-2.02718e+06
-1.61508e+06
-1.41993e+06
-1.35231e+06
-1.9894e+06
-527822
-453441
-314819
-676372
626874
605322
1.16744e+06
640705
1.52403e+06
1.42725e+06
2.0463e+06
1.74435e+06
776476
774035
1.77563e+06
741908
-1.99268e+06
-1.93875e+06
-3.64884e+06
-2.06363e+06
-1.62848e+06
-1.43205e+06
-1.29728e+06
-2.03082e+06
-518222
-454398
-313591
-682284
621352
599800
1.14178e+06
636322
1.55487e+06
1.45071e+06
2.06694e+06
1.77421e+06
782918
790506
1.75739e+06
746893
-2.08998e+06
-2.03038e+06
-3.73454e+06
-2.19097e+06
-1.65512e+06
-1.44558e+06
-1.27259e+06
-2.05066e+06
-538385
-481082
-340441
-696944
630654
606172
1.12789e+06
668764
1.56182e+06
1.44307e+06
2.06379e+06
1.76531e+06
808486
795062
1.77528e+06
756608
-2.17944e+06
-2.07785e+06
-3.79189e+06
-2.28457e+06
-1.66964e+06
-1.45733e+06
-1.29571e+06
-2.08408e+06
-591751
-506709
-398488
-754065
654449
632835
1.16351e+06
670375
1.59386e+06
1.47974e+06
2.12491e+06
1.80701e+06
779539
782622
1.78787e+06
723713
-2.17676e+06
-2.07762e+06
-3.78863e+06
-2.27248e+06
-1.69765e+06
-1.48144e+06
-1.33372e+06
-2.11294e+06
-597756
-503960
-373482
-750781
681893
664144
1.22118e+06
707824
1.63885e+06
1.51309e+06
2.18148e+06
1.85448e+06
762096
772153
1.77539e+06
698122
-2.17441e+06
-2.07957e+06
-3.80972e+06
-2.26363e+06
-1.72406e+06
-1.51643e+06
-1.38826e+06
-2.14279e+06
-600064
-498782
-325616
-773914
745409
720359
1.34884e+06
767781
1.68095e+06
1.54273e+06
2.23007e+06
1.8864e+06
787992
788056
1.8462e+06
701837
-2.15531e+06
-2.04056e+06
-3.82808e+06
-2.20605e+06
-1.73684e+06
-1.52566e+06
-1.40579e+06
-2.15501e+06
-614799
-527149
-317167
-801917
799158
765548
1.41937e+06
825563
1.70791e+06
1.58753e+06
2.29605e+06
1.94594e+06
810015
809299
1.93326e+06
754696
-2.17386e+06
-2.10322e+06
-3.89393e+06
-2.26453e+06
-1.71404e+06
-1.50194e+06
-1.33969e+06
-2.13885e+06
-591462
-504012
-291035
-784010
857547
821944
1.46322e+06
898028
1.75161e+06
1.63174e+06
2.32717e+06
1.99771e+06
828612
842762
1.91327e+06
788038
-2.26871e+06
-2.18957e+06
-3.99669e+06
-2.37934e+06
-1.6851e+06
-1.46747e+06
-1.27176e+06
-2.09304e+06
-574532
-500647
-271777
-755292
935227
889585
1.53967e+06
1.00532e+06
1.78781e+06
1.64697e+06
2.34816e+06
2.02663e+06
885391
869651
1.93781e+06
838185
-2.34113e+06
-2.2296e+06
-4.06668e+06
-2.44859e+06
-1.68416e+06
-1.47655e+06
-1.27802e+06
-2.11264e+06
-595981
-501086
-313175
-771218
953239
894931
1.56491e+06
1.00619e+06
1.81165e+06
1.66456e+06
2.38037e+06
2.05168e+06
872802
877703
1.95735e+06
817862
-2.29515e+06
-2.20103e+06
-4.02608e+06
-2.38717e+06
-1.70223e+06
-1.48785e+06
-1.29516e+06
-2.1349e+06
-593661
-498087
-305138
-760059
936754
892286
1.56365e+06
989593
1.82379e+06
1.67537e+06
2.41871e+06
2.05921e+06
882973
888846
1.99374e+06
826756
-2.29326e+06
-2.21309e+06
-4.07972e+06
-2.38893e+06
-1.74035e+06
-1.53168e+06
-1.35733e+06
-2.17339e+06
-589935
-485978
-290694
-756652
976040
926319
1.65201e+06
1.03462e+06
1.85465e+06
1.69949e+06
2.46546e+06
2.08663e+06
923069
925259
2.06564e+06
855228
-2.28639e+06
-2.18707e+06
-4.13722e+06
-2.32844e+06
-1.76371e+06
-1.55084e+06
-1.37699e+06
-2.20792e+06
-599992
-515022
-319806
-779667
988097
934332
1.67433e+06
1.02282e+06
1.86466e+06
1.73387e+06
2.52703e+06
2.11112e+06
961964
962708
2.17593e+06
919708
-2.29794e+06
-2.24012e+06
-4.23749e+06
-2.37444e+06
-1.775e+06
-1.55816e+06
-1.31971e+06
-2.23962e+06
-607075
-523897
-347033
-793615
957016
900679
1.62957e+06
992277
1.87826e+06
1.74298e+06
2.54974e+06
2.1201e+06
977797
989344
2.1704e+06
938899
-2.41585e+06
-2.35595e+06
-4.39029e+06
-2.51281e+06
-1.78837e+06
-1.55877e+06
-1.2712e+06
-2.24859e+06
-612603
-534095
-368440
-785630
926787
880685
1.57673e+06
981946
1.86108e+06
1.71686e+06
2.5318e+06
2.0834e+06
1.01782e+06
1.01011e+06
2.20487e+06
963324
-2.51402e+06
-2.41418e+06
-4.51118e+06
-2.6033e+06
-1.79372e+06
-1.5563e+06
-1.27414e+06
-2.25694e+06
-622516
-529977
-379666
-796940
923843
875419
1.57974e+06
968988
1.87749e+06
1.73408e+06
2.57329e+06
2.10028e+06
1.02715e+06
1.02925e+06
2.26885e+06
977974
-2.50637e+06
-2.41279e+06
-4.52917e+06
-2.57872e+06
-1.78753e+06
-1.55823e+06
-1.27745e+06
-2.25268e+06
-610095
-524376
-344081
-777671
924524
875160
1.56603e+06
969989
1.88872e+06
1.73247e+06
2.59912e+06
2.10111e+06
1.04241e+06
1.03707e+06
2.28771e+06
993170
-2.51271e+06
-2.43039e+06
-4.58742e+06
-2.58377e+06
-1.80492e+06
-1.5809e+06
-1.34108e+06
-2.2644e+06
-609682
-506864
-316144
-785114
970633
925235
1.65512e+06
1.02491e+06
1.90955e+06
1.75129e+06
2.63875e+06
2.11806e+06
1.08707e+06
1.07777e+06
2.35174e+06
1.02648e+06
-2.49961e+06
-2.39286e+06
-4.62852e+06
-2.51798e+06
-1.81176e+06
-1.58358e+06
-1.35647e+06
-2.26388e+06
-612108
-519522
-303807
-792508
1.00187e+06
941036
1.68665e+06
1.04645e+06
1.92063e+06
1.79418e+06
2.6919e+06
2.15769e+06
1.13472e+06
1.12413e+06
2.45877e+06
1.10641e+06
-2.50829e+06
-2.44649e+06
-4.71522e+06
-2.57162e+06
-1.79983e+06
-1.57085e+06
-1.31073e+06
-2.26456e+06
-589168
-504445
-296615
-779539
975194
920804
1.61771e+06
1.03396e+06
1.93877e+06
1.80471e+06
2.69424e+06
2.17217e+06
1.14756e+06
1.14885e+06
2.41712e+06
1.13303e+06
-2.62545e+06
-2.56153e+06
-4.85757e+06
-2.70766e+06
-1.77764e+06
-1.54144e+06
-1.24833e+06
-2.22751e+06
-577411
-501931
-289241
-761427
985326
927228
1.58374e+06
1.05785e+06
1.93745e+06
1.79547e+06
2.68307e+06
2.15154e+06
1.20229e+06
1.17317e+06
2.43122e+06
1.17985e+06
-2.71565e+06
-2.61049e+06
-4.9595e+06
-2.79254e+06
-1.75994e+06
-1.523e+06
-1.23243e+06
-2.22094e+06
-576861
-489493
-305283
-746669
986541
931264
1.58097e+06
1.05221e+06
1.98057e+06
1.83207e+06
2.74362e+06
2.21404e+06
1.20372e+06
1.18697e+06
2.44403e+06
1.18615e+06
-2.68057e+06
-2.58848e+06
-4.93612e+06
-2.73899e+06
-1.75521e+06
-1.5163e+06
-1.20223e+06
-2.21976e+06
-572339
-490372
-294019
-738855
977381
926581
1.59136e+06
1.04044e+06
1.99457e+06
1.842e+06
2.78092e+06
2.22079e+06
1.19813e+06
1.17405e+06
2.43282e+06
1.17514e+06
-2.70734e+06
-2.62596e+06
-5.02766e+06
-2.77149e+06
-1.78847e+06
-1.56366e+06
-1.2946e+06
-2.25288e+06
-604987
-516911
-365202
-772598
987284
929143
1.60072e+06
1.05343e+06
2.00017e+06
1.83212e+06
2.74685e+06
2.22459e+06
1.18378e+06
1.15595e+06
2.37415e+06
1.15757e+06
-2.72461e+06
-2.6286e+06
-5.14225e+06
-2.73843e+06
-1.79216e+06
-1.54567e+06
-1.29389e+06
-2.24389e+06
-633486
-548462
-432044
-802365
988279
939786
1.60111e+06
1.05186e+06
1.98497e+06
1.86335e+06
2.7527e+06
2.24288e+06
1.19398e+06
1.17219e+06
2.41928e+06
1.19129e+06
-2.75101e+06
-2.68426e+06
-5.25032e+06
-2.79806e+06
-1.76481e+06
-1.5172e+06
-1.1753e+06
-2.24075e+06
-636325
-558324
-447869
-819475
967993
920695
1.58294e+06
1.02308e+06
2.00288e+06
1.87346e+06
2.78999e+06
2.24844e+06
1.18413e+06
1.17565e+06
2.39799e+06
1.17743e+06
-2.8776e+06
-2.80508e+06
-5.39534e+06
-2.94795e+06
-1.74607e+06
-1.49213e+06
-1.0661e+06
-2.21766e+06
-659267
-586931
-479162
-832816
945951
898591
1.55955e+06
1.01291e+06
1.97648e+06
1.83558e+06
2.77309e+06
2.20032e+06
1.18263e+06
1.1539e+06
2.3926e+06
1.16005e+06
-3.0035e+06
-2.8963e+06
-5.53544e+06
-3.07489e+06
-1.76548e+06
-1.53046e+06
-1.11297e+06
-2.26257e+06
-714542
-626881
-573623
-878915
940366
892113
1.56124e+06
995369
1.98891e+06
1.84431e+06
2.82273e+06
2.20993e+06
1.15014e+06
1.12507e+06
2.37277e+06
1.10925e+06
-3.03117e+06
-2.92782e+06
-5.60162e+06
-3.09566e+06
-1.81596e+06
-1.56971e+06
-1.18218e+06
-2.31803e+06
-721219
-628794
-586377
-884832
959287
921563
1.60754e+06
1.01969e+06
2.02511e+06
1.88786e+06
2.91017e+06
2.24278e+06
1.13115e+06
1.11889e+06
2.40175e+06
1.08323e+06
-3.04327e+06
-2.94709e+06
-5.64177e+06
-3.111e+06
-1.87653e+06
-1.63591e+06
-1.26028e+06
-2.38961e+06
-773208
-669434
-606022
-948464
997915
953519
1.73048e+06
1.0501e+06
2.04679e+06
1.89236e+06
2.98799e+06
2.24821e+06
1.13712e+06
1.11771e+06
2.48682e+06
1.05955e+06
-3.08091e+06
-2.9631e+06
-5.72256e+06
-3.11479e+06
-1.94017e+06
-1.68747e+06
-1.34482e+06
-2.4569e+06
-831324
-737686
-701089
-1.02365e+06
1.02987e+06
981192
1.76199e+06
1.07301e+06
2.07345e+06
1.9564e+06
3.09108e+06
2.28887e+06
1.15278e+06
1.14954e+06
2.58126e+06
1.08999e+06
-3.1406e+06
-3.0507e+06
-5.84649e+06
-3.22278e+06
-1.95875e+06
-1.70404e+06
-1.32024e+06
-2.49321e+06
-828129
-747366
-737025
-1.02264e+06
1.06107e+06
1.00763e+06
1.78114e+06
1.11969e+06
2.15529e+06
2.02754e+06
3.2293e+06
2.37255e+06
1.19508e+06
1.19662e+06
2.62707e+06
1.13799e+06
-3.23782e+06
-3.14799e+06
-5.93964e+06
-3.34675e+06
-1.97034e+06
-1.70874e+06
-1.29552e+06
-2.5014e+06
-840685
-758063
-782470
-1.01693e+06
1.11552e+06
1.06259e+06
1.82581e+06
1.20285e+06
2.18832e+06
2.04877e+06
3.3143e+06
2.39369e+06
1.24859e+06
1.22907e+06
2.70013e+06
1.18496e+06
-3.34291e+06
-3.21393e+06
-6.03563e+06
-3.44867e+06
-1.44401e+06
-1.32383e+06
-1.7883e+06
-1.66233e+06
1.08089e+06
969502
1.10667e+06
1.2902e+06
1.07319e+06
1.01423e+06
1.67307e+06
1.16317e+06
-53236.7
8874.9
595384
-208244
-761199
-733606
-1.4034e+06
-764608
81373.1
166945
1.07179e+06
-105237
-1.43611e+06
-1.31216e+06
-1.73866e+06
-1.6592e+06
1.05696e+06
940923
1.05195e+06
1.25905e+06
1.05009e+06
985558
1.67053e+06
1.1271e+06
-71772.8
-18372.8
595160
-224023
-774203
-748227
-1.45968e+06
-786025
134209
184252
1.11161e+06
-69028.5
-1.47787e+06
-1.34789e+06
-1.79023e+06
-1.71654e+06
1.06612e+06
949872
1.0262e+06
1.28509e+06
1.03186e+06
968627
1.61263e+06
1.10967e+06
-76586.7
-13431.5
546914
-228664
-736733
-722631
-1.43786e+06
-728108
116871
198191
1.17713e+06
-70883.2
-1.49741e+06
-1.36193e+06
-1.78401e+06
-1.73418e+06
1.10844e+06
993121
1.07084e+06
1.34574e+06
1.06594e+06
1.00697e+06
1.65624e+06
1.16367e+06
-52106.7
13751.8
598837
-197020
-749129
-731247
-1.46622e+06
-750887
151429
220981
1.19821e+06
-34544.3
-1.50593e+06
-1.37487e+06
-1.81301e+06
-1.74232e+06
1.1843e+06
1.06594e+06
1.15477e+06
1.43756e+06
1.13561e+06
1.06433e+06
1.69441e+06
1.24829e+06
3609.07
64949.2
700857
-156556
-739035
-722413
-1.42807e+06
-732911
156998
235863
1.18706e+06
-23092.7
-1.50356e+06
-1.36697e+06
-1.79508e+06
-1.74253e+06
1.22423e+06
1.08628e+06
1.20537e+06
1.45929e+06
1.16396e+06
1.0734e+06
1.7496e+06
1.26324e+06
-8572.96
37874.8
737008
-172270
-789782
-769167
-1.5199e+06
-797677
163451
203643
1.14953e+06
-38155.5
-1.506e+06
-1.37778e+06
-1.82644e+06
-1.74463e+06
1.24058e+06
1.10808e+06
1.23123e+06
1.48538e+06
1.15415e+06
1.08392e+06
1.72162e+06
1.26482e+06
-17773.1
53011.8
757159
-191620
-792900
-772274
-1.52687e+06
-789450
84823.1
171424
1.0655e+06
-97682.6
-1.47684e+06
-1.34204e+06
-1.73838e+06
-1.71653e+06
1.24171e+06
1.10249e+06
1.20849e+06
1.48453e+06
1.14353e+06
1.06551e+06
1.73745e+06
1.24205e+06
-33509.1
31121.9
775816
-206792
-784966
-764537
-1.5456e+06
-781129
155675
208855
1.13883e+06
-36663.5
-1.51751e+06
-1.37567e+06
-1.76315e+06
-1.77816e+06
1.23344e+06
1.09813e+06
1.18014e+06
1.48658e+06
1.1133e+06
1.0424e+06
1.68444e+06
1.20759e+06
-51352.2
23313.3
730122
-231523
-760212
-747504
-1.52018e+06
-747562
116258
199862
1.18138e+06
-72385.1
-1.53203e+06
-1.38668e+06
-1.74226e+06
-1.79548e+06
1.27987e+06
1.14416e+06
1.23164e+06
1.55046e+06
1.1417e+06
1.07237e+06
1.72517e+06
1.25458e+06
-37678.2
41001.6
781202
-213999
-769184
-756875
-1.53091e+06
-769380
142099
216182
1.19721e+06
-43021.1
-1.54429e+06
-1.40093e+06
-1.75881e+06
-1.81355e+06
1.3437e+06
1.20665e+06
1.30849e+06
1.62399e+06
1.1993e+06
1.12147e+06
1.7525e+06
1.32325e+06
-105.359
77742.9
873849
-196099
-767364
-755073
-1.49523e+06
-766878
138285
221532
1.16822e+06
-42195.9
-1.51865e+06
-1.36595e+06
-1.69387e+06
-1.78369e+06
1.40308e+06
1.24659e+06
1.3921e+06
1.67074e+06
1.23959e+06
1.14145e+06
1.81951e+06
1.35083e+06
-13149.4
51145.7
915014
-217386
-807867
-785802
-1.555e+06
-815498
152077
198398
1.14356e+06
-48327.2
-1.52031e+06
-1.38391e+06
-1.71671e+06
-1.7803e+06
1.43933e+06
1.28638e+06
1.47726e+06
1.72329e+06
1.28032e+06
1.19152e+06
1.87859e+06
1.42131e+06
-21688.4
58945.8
935341
-224843
-813108
-792479
-1.52428e+06
-812435
70693.7
154006
1.06025e+06
-113728
-1.55093e+06
-1.39775e+06
-1.73048e+06
-1.81137e+06
1.42754e+06
1.28298e+06
1.44347e+06
1.70536e+06
1.26361e+06
1.17664e+06
1.86433e+06
1.38412e+06
-50623.2
25967.8
898036
-260088
-835287
-803435
-1.57708e+06
-841549
73908.9
137349
1.06309e+06
-142394
-1.58063e+06
-1.43809e+06
-1.81054e+06
-1.85292e+06
1.47373e+06
1.3078e+06
1.45555e+06
1.77013e+06
1.28583e+06
1.182e+06
1.86755e+06
1.40693e+06
-36169.9
37041.1
887521
-246842
-782694
-773412
-1.53207e+06
-772265
19930.5
103706
1.05799e+06
-190722
-1.63078e+06
-1.47959e+06
-1.87544e+06
-1.89595e+06
1.51529e+06
1.36141e+06
1.51057e+06
1.82791e+06
1.31979e+06
1.22698e+06
1.93121e+06
1.45237e+06
-28336.6
57974.3
919494
-235254
-815809
-794516
-1.5797e+06
-815160
2522.96
91477
1.02934e+06
-208316
-1.67025e+06
-1.52906e+06
-1.98355e+06
-1.92622e+06
1.5969e+06
1.43422e+06
1.61806e+06
1.92969e+06
1.3984e+06
1.28909e+06
2.02041e+06
1.54782e+06
1877.37
80746.6
991777
-217669
-828462
-811177
-1.57268e+06
-819053
-14101.1
80573.4
1.00138e+06
-223391
-1.69089e+06
-1.5312e+06
-2.04007e+06
-1.94303e+06
1.6277e+06
1.45663e+06
1.63866e+06
1.9403e+06
1.39069e+06
1.28058e+06
2.02934e+06
1.51536e+06
-46782.2
26057.6
959499
-280071
-890764
-858908
-1.7075e+06
-892367
-54271.9
12638.1
906888
-296983
-1.67457e+06
-1.52876e+06
-2.0556e+06
-1.92473e+06
1.65122e+06
1.48465e+06
1.68198e+06
1.97695e+06
1.41681e+06
1.3322e+06
2.09544e+06
1.5625e+06
-54796.5
42248.2
974221
-284232
-855351
-823360
-1.64546e+06
-841606
-107936
4747.51
874961
-325992
-1.65514e+06
-1.50305e+06
-1.98247e+06
-1.90859e+06
1.62767e+06
1.45463e+06
1.61416e+06
1.9487e+06
1.41055e+06
1.31541e+06
2.11788e+06
1.53888e+06
-71797.5
15340
943741
-291445
-825573
-799062
-1.63135e+06
-815001
-28848.5
48711.9
970162
-252494
-1.66302e+06
-1.51071e+06
-1.98051e+06
-1.92858e+06
1.66209e+06
1.48582e+06
1.6394e+06
2.00219e+06
1.44579e+06
1.35072e+06
2.15921e+06
1.58129e+06
-29766.4
58271.3
953215
-245901
-733087
-718453
-1.49423e+06
-702082
-31751.2
73351.7
1.0452e+06
-247184
-1.6954e+06
-1.53589e+06
-1.98543e+06
-1.97268e+06
1.6876e+06
1.51592e+06
1.66216e+06
2.03648e+06
1.48925e+06
1.39627e+06
2.23481e+06
1.63423e+06
-5250.97
88661.3
996381
-213179
-734139
-724543
-1.48951e+06
-729217
883.883
95588.8
1.07587e+06
-213662
-1.72012e+06
-1.5576e+06
-1.98931e+06
-2.0068e+06
1.74089e+06
1.57364e+06
1.74934e+06
2.09831e+06
1.56801e+06
1.46934e+06
2.32959e+06
1.72356e+06
42771.5
132191
1.09353e+06
-180464
-728683
-710625
-1.40547e+06
-725360
17837.5
123797
1.09784e+06
-195659
-1.72207e+06
-1.54887e+06
-1.9672e+06
-2.00288e+06
1.77118e+06
1.58349e+06
1.77089e+06
2.12108e+06
1.5824e+06
1.46398e+06
2.36066e+06
1.7246e+06
15340.7
92209.6
1.08315e+06
-201780
-776079
-748995
-1.47947e+06
-777017
27363.6
96791.6
1.06948e+06
-194453
-1.73595e+06
-1.57898e+06
-2.01351e+06
-2.02263e+06
1.79958e+06
1.61325e+06
1.80514e+06
2.158e+06
1.56969e+06
1.46462e+06
2.31102e+06
1.72356e+06
19550.8
102867
1.07664e+06
-210249
-763301
-743061
-1.46065e+06
-761517
-12489.6
88969.6
1.02769e+06
-234417
-1.75526e+06
-1.59312e+06
-2.01614e+06
-2.04202e+06
1.78834e+06
1.59648e+06
1.7516e+06
2.15217e+06
1.50764e+06
1.40134e+06
2.22638e+06
1.65029e+06
-13526.2
65427.9
1.0338e+06
-236729
-761656
-739188
-1.49342e+06
-757471
57184.4
128418
1.12898e+06
-173628
-1.82082e+06
-1.65426e+06
-2.11031e+06
-2.12444e+06
1.79982e+06
1.60103e+06
1.71432e+06
2.17816e+06
1.48628e+06
1.37969e+06
2.15813e+06
1.62946e+06
-4741.15
79384.8
997798
-229279
-717525
-707545
-1.45345e+06
-698564
45771.7
148620
1.20952e+06
-181046
-1.87159e+06
-1.70175e+06
-2.16765e+06
-2.17898e+06
1.84823e+06
1.65128e+06
1.75466e+06
2.24665e+06
1.49753e+06
1.39416e+06
2.16147e+06
1.657e+06
17629.6
104199
1.04045e+06
-197694
-728349
-719990
-1.47303e+06
-726748
98977.3
192209
1.28988e+06
-125597
-1.92634e+06
-1.7595e+06
-2.26197e+06
-2.23656e+06
1.92164e+06
1.71911e+06
1.83413e+06
2.33541e+06
1.54802e+06
1.43121e+06
2.16359e+06
1.72276e+06
64326.2
141467
1.11391e+06
-164323
-731413
-724442
-1.44097e+06
-728087
142293
242045
1.35164e+06
-83095.7
-1.95529e+06
-1.7746e+06
-2.3096e+06
-2.25526e+06
1.95599e+06
1.73547e+06
1.86232e+06
2.36581e+06
1.54161e+06
1.41403e+06
2.15081e+06
1.71042e+06
31005.2
103600
1.10646e+06
-192558
-797494
-771825
-1.54696e+06
-790335
167546
233069
1.36548e+06
-62339.9
-1.96389e+06
-1.79287e+06
-2.37488e+06
-2.27422e+06
1.97962e+06
1.7618e+06
1.88894e+06
2.38551e+06
1.55281e+06
1.44067e+06
2.15726e+06
1.73303e+06
30014.6
118282
1.11659e+06
-193825
-805530
-780643
-1.55257e+06
-797603
112456
212543
1.30155e+06
-115698
-1.99168e+06
-1.81186e+06
-2.36456e+06
-2.3035e+06
1.94234e+06
1.72078e+06
1.83122e+06
2.3362e+06
1.51688e+06
1.40286e+06
2.15121e+06
1.67452e+06
-10580.4
70169
1.07494e+06
-234487
-838728
-815147
-1.62204e+06
-835467
137478
211816
1.35601e+06
-109474
-2.03355e+06
-1.84996e+06
-2.4324e+06
-2.36761e+06
1.93848e+06
1.71922e+06
1.80524e+06
2.34089e+06
1.4978e+06
1.3845e+06
2.11226e+06
1.64704e+06
-28304.8
55193.9
994323
-263958
-815979
-801842
-1.62556e+06
-799041
107949
212060
1.41494e+06
-147604
-2.06414e+06
-1.87839e+06
-2.44921e+06
-2.38941e+06
1.97949e+06
1.76486e+06
1.86968e+06
2.39836e+06
1.52401e+06
1.41721e+06
2.16569e+06
1.68693e+06
-27759.6
66424.2
1.01535e+06
-253726
-844875
-830886
-1.68804e+06
-830120
132204
236607
1.46676e+06
-116075
-2.09446e+06
-1.91578e+06
-2.55069e+06
-2.41828e+06
2.04651e+06
1.82831e+06
1.95386e+06
2.47191e+06
1.581e+06
1.46103e+06
2.18925e+06
1.75382e+06
806.102
84734.7
1.05766e+06
-240956
-870922
-858949
-1.74241e+06
-846891
141606
251490
1.48066e+06
-117786
-2.11006e+06
-1.91922e+06
-2.58172e+06
-2.42532e+06
2.06605e+06
1.83015e+06
1.97754e+06
2.47664e+06
1.59532e+06
1.46054e+06
2.23325e+06
1.75554e+06
-54243.6
19542.3
1.00989e+06
-297266
-946653
-927367
-1.90733e+06
-928999
130646
206327
1.45681e+06
-147221
-220379
-245725
-861745
-116600
-527473
-428193
71201.4
-768354
-798173
-809862
-1.98681e+06
-687840
-677717
-730127
-2.18165e+06
-483660
797066
665250
47266.6
1.1381e+06
-92497.3
-51979.4
120181
-150503
-191320
-219985
-850623
-84055.2
-548288
-435640
56345.8
-789657
-774206
-797083
-1.99328e+06
-672666
-684402
-738394
-2.22423e+06
-488898
853506
694842
68798.7
1.19389e+06
-73428.8
-42096.9
161804
-139712
-160417
-205011
-836806
-59433
-539356
-426124
100372
-771841
-810199
-830416
-2.04704e+06
-722342
-701108
-762152
-2.26066e+06
-518049
834170
676225
13729.9
1.15793e+06
-47926.3
-27079.4
190476
-114655
-162656
-204314
-868908
-58027.3
-548521
-428251
90405
-775325
-819754
-838225
-2.08745e+06
-724281
-709971
-762605
-2.27743e+06
-534218
824264
668285
28901.6
1.13839e+06
-71837.8
-51950.4
141939
-136442
-173065
-219027
-888594
-54149.5
-519214
-409531
128248
-766174
-849623
-884418
-2.17928e+06
-743737
-717747
-782766
-2.29898e+06
-522685
834335
675749
83527
1.16158e+06
-85197.9
-55415.3
132850
-149429
-221042
-255698
-977658
-99785.5
-475703
-368326
208600
-713026
-873776
-893339
-2.219e+06
-764443
-744064
-805731
-2.37855e+06
-542552
840078
688909
95300.3
1.16434e+06
-85154.7
-52982.1
133085
-146619
-191849
-233903
-960754
-54164.4
-483536
-383485
226632
-740430
-901633
-915920
-2.26781e+06
-776503
-779854
-839889
-2.44963e+06
-577656
841294
694507
60017.1
1.18844e+06
-46950.5
-12321.3
210480
-111487
-198541
-241812
-1.02108e+06
-58677.8
-499724
-385438
200615
-750313
-910895
-933409
-2.31001e+06
-802621
-823506
-879276
-2.54633e+06
-619190
856943
692755
18638.6
1.20531e+06
-43277.8
-12671.4
229094
-112608
-198486
-250730
-1.04784e+06
-62541.5
-472721
-354594
279967
-715585
-976783
-988207
-2.37856e+06
-886955
-868699
-923655
-2.59604e+06
-678449
822327
663363
-53870.9
1.15677e+06
-16008.2
7517.96
278427
-86018.8
-207193
-256148
-1.08294e+06
-73347.5
-459069
-336156
309566
-696833
-978927
-987144
-2.38035e+06
-883043
-872339
-915321
-2.5848e+06
-689447
816559
658437
-31133.9
1.14113e+06
-24579
-77.7817
264131
-91585.9
-224876
-278412
-1.10174e+06
-78829
-418819
-308339
359113
-672633
-991912
-1.01614e+06
-2.43724e+06
-891505
-858959
-916483
-2.56899e+06
-664029
830598
669539
26491
1.16587e+06
-15695.6
16276.2
285548
-82974
-292585
-334501
-1.24846e+06
-139124
-365460
-261780
437424
-607872
-1.04275e+06
-1.05473e+06
-2.52028e+06
-942441
-902666
-960665
-2.68479e+06
-702242
809405
653048
-18636.5
1.14366e+06
-12179.2
15569.1
278783
-76866
-242387
-283058
-1.19226e+06
-78063.9
-384637
-282185
439333
-651042
-1.0369e+06
-1.02722e+06
-2.50213e+06
-909175
-923187
-955837
-2.73099e+06
-712625
833500
698536
-21011.7
1.20974e+06
28963.1
78177
381327
-23328.2
-182718
-236473
-1.12562e+06
-13782.9
-407274
-297996
433560
-668560
-997360
-1.01659e+06
-2.45304e+06
-892736
-895585
-946732
-2.7227e+06
-684421
914216
745091
19721.9
1.29494e+06
62385.9
88608.3
442680
-812.466
-162174
-233947
-1.12342e+06
-9883.94
-433724
-328057
394245
-697855
-1.04628e+06
-1.06345e+06
-2.53403e+06
-962142
-923249
-980718
-2.7879e+06
-735552
923088
754156
-28519
1.29665e+06
78334.7
93625.2
446860
3325.52
-161442
-227965
-1.12716e+06
-6517.4
-478574
-362548
341953
-740839
-1.06298e+06
-1.07992e+06
-2.55363e+06
-975090
-938906
-990898
-2.77171e+06
-763125
934812
756135
-410.122
1.30346e+06
59123.3
72162.4
426042
-21866.6
-174194
-239841
-1.14106e+06
121.622
-486082
-370956
324793
-756896
-1.09427e+06
-1.11051e+06
-2.61118e+06
-991328
-955458
-1.00432e+06
-2.76327e+06
-760708
941989
766804
36027.8
1.32773e+06
40926.6
71876.7
432976
-21607.1
-195831
-255565
-1.20773e+06
-19118
-457485
-345402
383720
-733786
-1.12319e+06
-1.12843e+06
-2.65818e+06
-1.0272e+06
-960063
-1.00966e+06
-2.81194e+06
-757654
973777
804424
57820.1
1.3654e+06
51105.4
84877.6
434352
-15647.6
-173244
-234257
-1.17074e+06
8925.81
-489111
-375181
395469
-788115
-1.13776e+06
-1.13554e+06
-2.66748e+06
-1.02295e+06
-983727
-1.03352e+06
-2.84595e+06
-785872
993264
817473
48522.4
1.40179e+06
86810.8
120173
524281
8740.55
-166116
-226587
-1.162e+06
13358
-533760
-399933
374894
-837666
-1.14525e+06
-1.1522e+06
-2.68364e+06
-1.04938e+06
-1.0281e+06
-1.07273e+06
-2.91429e+06
-829866
1.00224e+06
812087
6323.66
1.41443e+06
64298.6
97785.8
528209
-20521.7
-146712
-225308
-1.13001e+06
19287.8
-519347
-384206
435399
-816253
-1.17267e+06
-1.1845e+06
-2.72133e+06
-1.09157e+06
-1.05108e+06
-1.10823e+06
-2.95102e+06
-869772
986828
789289
-61780.6
1.38912e+06
92325.5
110738
567906
6104.45
-144508
-214498
-1.1396e+06
23154.2
-516013
-371489
460048
-810173
-1.17075e+06
-1.17278e+06
-2.73889e+06
-1.07584e+06
-1.05978e+06
-1.10065e+06
-2.95555e+06
-881455
960836
770585
-95065.6
1.35847e+06
81495.5
104570
524248
5417.85
-154199
-224306
-1.14013e+06
26766.1
-489319
-349536
515321
-800060
-1.17575e+06
-1.19149e+06
-2.78958e+06
-1.06421e+06
-1.05876e+06
-1.10785e+06
-2.95344e+06
-861631
954139
766310
-69170.6
1.36868e+06
79896.7
112006
512114
13891.8
-215236
-276441
-1.2329e+06
-41323.3
-460508
-329611
587539
-775519
-1.22553e+06
-1.2376e+06
-2.87225e+06
-1.12681e+06
-1.11191e+06
-1.16678e+06
-3.06988e+06
-921403
933560
738336
-117974
1.33355e+06
61397.4
85608.7
470751
-15889.4
-176304
-227164
-1.17444e+06
8449.93
-492795
-358468
574333
-826795
-1.24633e+06
-1.24013e+06
-2.90763e+06
-1.1227e+06
-1.14327e+06
-1.17757e+06
-3.12155e+06
-938582
922267
741823
-186125
1.35374e+06
78495.2
117025
512544
8619.63
-135048
-199459
-1.13532e+06
44916.1
-548713
-405169
503348
-884182
-1.23875e+06
-1.2508e+06
-2.92443e+06
-1.12995e+06
-1.1494e+06
-1.19112e+06
-3.1816e+06
-941663
954156
753096
-215826
1.39831e+06
67416.3
95125
491269
-7908.28
-101591
-175805
-1.06627e+06
63990.3
-587547
-438526
470860
-919455
-1.27927e+06
-1.29038e+06
-2.98818e+06
-1.18383e+06
-1.15207e+06
-1.19587e+06
-3.19194e+06
-956692
951773
747014
-286605
1.39796e+06
75386.1
96568.2
485152
4083.54
-109778
-184829
-1.06432e+06
49256.4
-622841
-468476
439259
-960723
-1.2898e+06
-1.30504e+06
-3.02054e+06
-1.19157e+06
-1.12878e+06
-1.17451e+06
-3.1478e+06
-941444
945146
731802
-303370
1.38303e+06
59416.1
74838.1
438061
-12598.5
-138717
-201287
-1.06334e+06
23946.2
-636586
-479573
437220
-990709
-1.31928e+06
-1.33656e+06
-3.09344e+06
-1.20841e+06
-1.11401e+06
-1.16191e+06
-3.11369e+06
-904576
945974
742331
-277571
1.40049e+06
40834
72477.7
422251
-22061
-165478
-214311
-1.10366e+06
2944.39
-623707
-463434
466180
-971681
-1.36016e+06
-1.36144e+06
-3.16159e+06
-1.24997e+06
-1.13167e+06
-1.18039e+06
-3.20242e+06
-913142
954888
750003
-301617
1.41038e+06
26918.1
60149.3
372468
-33169.7
-109520
-173656
-1.02908e+06
77806.5
-627436
-474872
490339
-992064
-1.34849e+06
-1.3354e+06
-3.14228e+06
-1.1962e+06
-1.11753e+06
-1.15512e+06
-3.21646e+06
-873531
1.00554e+06
820282
-261432
1.51657e+06
79671.1
123760
455296
38824.4
-106868
-181058
-1.04771e+06
67982.7
-658062
-499496
445383
-1.03181e+06
-1.30803e+06
-1.32455e+06
-3.12279e+06
-1.18689e+06
-1.08056e+06
-1.13546e+06
-3.21583e+06
-836784
1.10071e+06
874617
-192061
1.6007e+06
113901
135808
496133
60136.6
-121737
-207575
-1.11141e+06
50860.8
-670171
-503572
439108
-1.03616e+06
-1.36374e+06
-1.36904e+06
-3.209e+06
-1.25225e+06
-1.08496e+06
-1.14944e+06
-3.26213e+06
-851213
1.10361e+06
883778
-229784
1.60204e+06
116944
127305
466869
60452.7
-157188
-243161
-1.19332e+06
-1574.73
-687794
-523890
412624
-1.05757e+06
-1.35062e+06
-1.36139e+06
-3.20818e+06
-1.23903e+06
-1.06776e+06
-1.12889e+06
-3.23441e+06
-843793
1.13677e+06
913168
-147408
1.61925e+06
94518.3
101677
416260
33508.4
-201940
-284477
-1.2479e+06
-18896.7
-684459
-524368
421180
-1.06347e+06
-1.36422e+06
-1.38434e+06
-3.2549e+06
-1.22907e+06
-1.05592e+06
-1.12023e+06
-3.20674e+06
-799021
1.17724e+06
953182
-28910.8
1.68274e+06
76929
98609.6
409049
32839.5
-286915
-358061
-1.41506e+06
-102981
-676254
-521720
433412
-1.05341e+06
-1.39439e+06
-1.4096e+06
-3.33867e+06
-1.26109e+06
-1.07012e+06
-1.15007e+06
-3.31381e+06
-805511
1.21486e+06
988919
-2957.83
1.72249e+06
62451
75165.5
348875
11367.4
-773902
-714034
-1.06709e+06
-879267
1.04982e+06
951892
1.23041e+06
1.23414e+06
-740611
-641798
-416807
-966150
555135
446899
-16156.7
776741
943346
897051
1.46837e+06
1.02364e+06
-387186
-349071
-576798
-415726
-786956
-727824
-1.04349e+06
-904967
1.03432e+06
935476
1.21026e+06
1.20417e+06
-769444
-664374
-419988
-1.00315e+06
600751
491426
50365.8
837682
996098
935068
1.56851e+06
1.06896e+06
-368345
-351895
-539661
-412325
-818774
-755913
-1.09187e+06
-921970
1.06493e+06
975914
1.2474e+06
1.24325e+06
-808760
-693873
-463796
-1.03801e+06
591583
483524
-5569.17
839627
1.02903e+06
969589
1.60863e+06
1.11698e+06
-347050
-323319
-498186
-383444
-825348
-757348
-1.11984e+06
-926217
1.14531e+06
1.04613e+06
1.3543e+06
1.33599e+06
-829155
-711174
-496470
-1.06128e+06
596389
491798
-23863.4
847519
1.04663e+06
982781
1.61467e+06
1.13567e+06
-306379
-265478
-432351
-320416
-837201
-776391
-1.10725e+06
-963919
1.18245e+06
1.06803e+06
1.40178e+06
1.38564e+06
-853621
-745453
-498816
-1.10375e+06
631541
517618
6798.83
885022
1.06932e+06
1.0021e+06
1.68514e+06
1.13784e+06
-256687
-223301
-349753
-270678
-821565
-749125
-1.04658e+06
-932214
1.16897e+06
1.06283e+06
1.35931e+06
1.36335e+06
-859727
-737155
-505501
-1.1014e+06
651730
535709
37391.8
914269
1.04661e+06
981482
1.65248e+06
1.12415e+06
-256622
-233925
-366645
-283406
-825280
-758067
-1.06733e+06
-948372
1.18549e+06
1.06781e+06
1.35485e+06
1.39712e+06
-878361
-764445
-527409
-1.13641e+06
639688
514608
11892.1
888910
1.03252e+06
978516
1.60748e+06
1.12091e+06
-253465
-233468
-387064
-275384
-835686
-770553
-1.0617e+06
-966907
1.17236e+06
1.05346e+06
1.32096e+06
1.37525e+06
-909365
-787793
-541939
-1.1725e+06
670192
546575
53363.2
932560
1.06537e+06
998924
1.65727e+06
1.14775e+06
-252562
-250238
-392416
-284821
-873537
-803140
-1.12156e+06
-996549
1.19714e+06
1.08418e+06
1.33614e+06
1.40513e+06
-967337
-833672
-609544
-1.23342e+06
628090
508785
-56157.7
901114
1.0707e+06
1.00779e+06
1.6428e+06
1.1663e+06
-258175
-248798
-409819
-283857
-884955
-811492
-1.15752e+06
-1.00513e+06
1.26619e+06
1.14389e+06
1.41074e+06
1.49255e+06
-1.01163e+06
-877162
-671030
-1.28689e+06
600708
483313
-141184
875768
1.06228e+06
989812
1.59609e+06
1.15426e+06
-248513
-223058
-409155
-252643
-914537
-842579
-1.18178e+06
-1.04944e+06
1.30102e+06
1.16413e+06
1.42283e+06
1.54875e+06
-1.06507e+06
-933966
-723065
-1.35181e+06
598361
472159
-188500
882092
1.04925e+06
978960
1.58672e+06
1.13316e+06
-208757
-188014
-366868
-200003
-894817
-813679
-1.1146e+06
-1.02486e+06
1.27089e+06
1.13954e+06
1.35891e+06
1.50293e+06
-1.07846e+06
-933483
-735841
-1.36508e+06
595363
473640
-169122
878431
983709
917499
1.48643e+06
1.06649e+06
-224988
-214432
-410034
-236109
-874309
-787638
-1.08592e+06
-1.01138e+06
1.32866e+06
1.19959e+06
1.43147e+06
1.5719e+06
-1.08931e+06
-945625
-727664
-1.4002e+06
629912
501498
-160884
907859
1.02909e+06
979200
1.55483e+06
1.1194e+06
-214569
-195698
-413814
-218688
-853269
-771131
-1.02479e+06
-995638
1.33748e+06
1.20225e+06
1.4672e+06
1.56796e+06
-1.09437e+06
-942510
-681437
-1.40899e+06
666714
528832
-90698.5
954183
1.09659e+06
1.03636e+06
1.67886e+06
1.18683e+06
-207096
-210669
-391333
-225948
-852909
-777927
-1.0345e+06
-970759
1.3735e+06
1.24753e+06
1.54607e+06
1.61094e+06
-1.11591e+06
-957763
-678670
-1.4202e+06
665516
532326
-131938
972275
1.1651e+06
1.09726e+06
1.7899e+06
1.27595e+06
-208585
-207509
-392519
-209903
-833827
-750806
-1.03843e+06
-939103
1.46731e+06
1.33738e+06
1.69247e+06
1.71657e+06
-1.13427e+06
-973293
-713491
-1.44807e+06
685343
549037
-138683
996328
1.19752e+06
1.1283e+06
1.82543e+06
1.30617e+06
-181921
-157922
-371836
-153783
-821362
-752772
-1.02886e+06
-956890
1.54841e+06
1.39961e+06
1.81379e+06
1.80256e+06
-1.15979e+06
-1.01219e+06
-728124
-1.49639e+06
721929
578046
-127096
1.02718e+06
1.23588e+06
1.1561e+06
1.89817e+06
1.31927e+06
-123246
-110162
-302167
-98499.3
-806586
-723201
-964956
-909942
1.53999e+06
1.40072e+06
1.76696e+06
1.79574e+06
-1.14952e+06
-978139
-677570
-1.46882e+06
700567
563522
-144370
1.02037e+06
1.23579e+06
1.16162e+06
1.87568e+06
1.35209e+06
-123116
-114766
-332760
-93517
-799152
-731300
-987250
-928493
1.56363e+06
1.40874e+06
1.80864e+06
1.82374e+06
-1.14189e+06
-987492
-642073
-1.48527e+06
688605
528199
-160921
983552
1.25709e+06
1.17999e+06
1.88786e+06
1.37576e+06
-131672
-139106
-363500
-118242
-832604
-759409
-986048
-976529
1.52815e+06
1.37979e+06
1.78122e+06
1.7719e+06
-1.16517e+06
-996487
-621013
-1.51296e+06
681850
536333
-154255
995441
1.27522e+06
1.19416e+06
1.93094e+06
1.38957e+06
-182716
-199439
-401926
-190772
-847839
-771903
-995582
-984954
1.54276e+06
1.4023e+06
1.8218e+06
1.7814e+06
-1.18023e+06
-1.00396e+06
-609391
-1.52939e+06
665223
513881
-227892
984893
1.31463e+06
1.23355e+06
1.99074e+06
1.43864e+06
-229612
-236638
-444700
-248136
-839327
-753810
-984041
-970372
1.59641e+06
1.45856e+06
1.92671e+06
1.8423e+06
-1.19506e+06
-1.01167e+06
-611571
-1.55068e+06
640506
498511
-291444
966708
1.32942e+06
1.24508e+06
2.01205e+06
1.4499e+06
-257059
-233588
-441807
-260545
-853530
-773922
-964198
-1.00392e+06
1.64274e+06
1.49736e+06
2.02383e+06
1.90322e+06
-1.20292e+06
-1.02811e+06
-572130
-1.56977e+06
648572
499644
-303741
974322
1.34526e+06
1.26459e+06
2.08059e+06
1.45418e+06
-245455
-215078
-374224
-252284
-811180
-727247
-874254
-955573
1.64705e+06
1.49842e+06
2.00485e+06
1.89257e+06
-1.15209e+06
-969392
-493347
-1.51367e+06
659497
509794
-277124
992455
1.36065e+06
1.27205e+06
2.08235e+06
1.47487e+06
-240558
-229692
-375193
-270728
-808403
-725216
-863923
-960221
1.66767e+06
1.52683e+06
2.02802e+06
1.93834e+06
-1.13676e+06
-957800
-442469
-1.50919e+06
631480
481142
-321323
945062
1.38299e+06
1.30748e+06
2.1091e+06
1.5118e+06
-253934
-232425
-399125
-272684
-822039
-737251
-862472
-979711
1.65829e+06
1.51355e+06
2.01055e+06
1.90954e+06
-1.14222e+06
-956845
-426820
-1.51576e+06
640333
494145
-290321
962534
1.4292e+06
1.34482e+06
2.17143e+06
1.56326e+06
-259341
-253675
-415121
-287138
-841727
-762873
-906177
-992476
1.7037e+06
1.55975e+06
2.08812e+06
1.95863e+06
-1.14307e+06
-957500
-411519
-1.5127e+06
608319
461029
-368722
932036
1.49732e+06
1.40157e+06
2.24458e+06
1.64822e+06
-246048
-245249
-397412
-273549
-858119
-773722
-944788
-1.00362e+06
1.78591e+06
1.63966e+06
2.21632e+06
2.05291e+06
-1.14963e+06
-961248
-416699
-1.52169e+06
583195
439768
-417798
905013
1.52429e+06
1.4244e+06
2.26032e+06
1.68027e+06
-238490
-215854
-381949
-243378
-884026
-798972
-971628
-1.0524e+06
1.84261e+06
1.69001e+06
2.29161e+06
2.12484e+06
-1.15933e+06
-981447
-416419
-1.54912e+06
562224
419751
-464983
877456
1.56065e+06
1.45763e+06
2.30833e+06
1.7005e+06
-210035
-187484
-351465
-217553
-864225
-782111
-913857
-1.02108e+06
1.82453e+06
1.66476e+06
2.24575e+06
2.09908e+06
-1.12642e+06
-940331
-364036
-1.49765e+06
542718
402467
-445246
858163
1.54842e+06
1.43933e+06
2.26371e+06
1.71262e+06
-232631
-227654
-396934
-248566
-889890
-810186
-984061
-1.05612e+06
1.83267e+06
1.66253e+06
2.22844e+06
2.11932e+06
-1.13235e+06
-957288
-393910
-1.52153e+06
546602
404217
-465990
862682
1.55436e+06
1.45319e+06
2.26099e+06
1.71262e+06
-265953
-263643
-484023
-285699
-922945
-842345
-1.03912e+06
-1.09806e+06
1.79401e+06
1.62264e+06
2.15688e+06
2.06852e+06
-1.14965e+06
-965865
-399032
-1.54197e+06
573222
428634
-446030
901356
1.59653e+06
1.49737e+06
2.34142e+06
1.76078e+06
-315763
-321063
-572221
-341245
-966053
-880011
-1.11898e+06
-1.12369e+06
1.80204e+06
1.64021e+06
2.16818e+06
2.07288e+06
-1.16054e+06
-964471
-391744
-1.54167e+06
566530
428106
-502956
916069
1.64837e+06
1.54257e+06
2.42319e+06
1.819e+06
-331922
-335126
-601755
-359463
-974903
-892385
-1.16482e+06
-1.13324e+06
1.84704e+06
1.67309e+06
2.23828e+06
2.12222e+06
-1.1583e+06
-974467
-402642
-1.5558e+06
583600
436498
-520003
929591
1.6566e+06
1.54271e+06
2.44668e+06
1.81374e+06
-348163
-336180
-618887
-364689
-1.03084e+06
-947911
-1.23167e+06
-1.20737e+06
1.82926e+06
1.65281e+06
2.21721e+06
2.11511e+06
-1.20556e+06
-1.02854e+06
-439811
-1.6148e+06
588813
435907
-545442
938210
1.64712e+06
1.53161e+06
2.4704e+06
1.78282e+06
-372142
-351676
-638812
-386308
-1.0292e+06
-925066
-1.20749e+06
-1.17868e+06
1.7927e+06
1.63163e+06
2.14033e+06
2.06846e+06
-1.20854e+06
-1.00056e+06
-434142
-1.60102e+06
592485
449132
-534420
958497
1.61195e+06
1.51586e+06
2.4335e+06
1.76839e+06
-402914
-379050
-713713
-420786
-560876
-497749
-538052
-677758
-502481
-477091
-889866
-520071
-1.4257e+06
-1.32025e+06
-1.89929e+06
-1.62267e+06
-1.38786e+06
-1.37695e+06
-2.97898e+06
-1.33427e+06
-557361
-576682
-1.4746e+06
-489819
1.00615e+06
968342
1.81056e+06
1.02775e+06
-569349
-499275
-528569
-691477
-503746
-471253
-887720
-512507
-1.445e+06
-1.32984e+06
-1.89402e+06
-1.62254e+06
-1.43334e+06
-1.42163e+06
-3.06463e+06
-1.37773e+06
-593016
-610143
-1.51696e+06
-506704
1.00168e+06
965840
1.82168e+06
1.03785e+06
-591554
-519897
-536243
-718097
-504929
-479150
-893026
-522971
-1.46647e+06
-1.34461e+06
-1.94383e+06
-1.65033e+06
-1.51531e+06
-1.49545e+06
-3.18748e+06
-1.47483e+06
-652240
-666830
-1.63661e+06
-576537
1.01322e+06
971252
1.79699e+06
1.05575e+06
-585828
-505680
-535105
-702619
-547651
-528678
-955799
-590812
-1.45707e+06
-1.33784e+06
-1.95931e+06
-1.65172e+06
-1.56068e+06
-1.54149e+06
-3.24542e+06
-1.52181e+06
-656955
-673920
-1.69827e+06
-587361
1.04499e+06
1.0109e+06
1.84674e+06
1.08539e+06
-579664
-511602
-544027
-700071
-545850
-520818
-910641
-585100
-1.50573e+06
-1.38163e+06
-1.98861e+06
-1.70823e+06
-1.58387e+06
-1.56216e+06
-3.28289e+06
-1.54385e+06
-663216
-676132
-1.72474e+06
-564217
1.13288e+06
1.08323e+06
1.96837e+06
1.18236e+06
-597325
-519979
-566569
-712602
-555118
-531390
-927940
-580182
-1.51e+06
-1.38909e+06
-1.98675e+06
-1.69754e+06
-1.63838e+06
-1.61014e+06
-3.37991e+06
-1.60132e+06
-682859
-708401
-1.77656e+06
-595461
1.16007e+06
1.10784e+06
1.98006e+06
1.22005e+06
-560475
-507609
-542985
-685511
-545159
-507626
-900997
-573355
-1.50957e+06
-1.39964e+06
-2.01501e+06
-1.71828e+06
-1.62618e+06
-1.60634e+06
-3.42212e+06
-1.57885e+06
-709420
-725873
-1.82102e+06
-628516
1.19864e+06
1.14074e+06
2.0529e+06
1.2436e+06
-590803
-528665
-575900
-715748
-535756
-493850
-868634
-559496
-1.5222e+06
-1.40609e+06
-2.0128e+06
-1.70696e+06
-1.65986e+06
-1.64301e+06
-3.48477e+06
-1.61211e+06
-728946
-748648
-1.84359e+06
-633147
1.17837e+06
1.12447e+06
2.05625e+06
1.23505e+06
-623947
-556743
-623481
-748492
-510260
-468826
-819817
-537657
-1.53023e+06
-1.40646e+06
-2.06548e+06
-1.71256e+06
-1.72509e+06
-1.69617e+06
-3.57761e+06
-1.69054e+06
-765263
-778176
-1.9229e+06
-673610
1.17788e+06
1.12426e+06
2.02193e+06
1.23824e+06
-617394
-541443
-617061
-733374
-532067
-496401
-825265
-589627
-1.49188e+06
-1.37237e+06
-2.04396e+06
-1.68234e+06
-1.75227e+06
-1.72185e+06
-3.56943e+06
-1.72774e+06
-750883
-764452
-1.92566e+06
-668498
1.18905e+06
1.14848e+06
2.07686e+06
1.24006e+06
-607459
-545635
-618455
-730287
-502177
-462770
-712576
-560401
-1.5176e+06
-1.39705e+06
-2.05961e+06
-1.71037e+06
-1.74315e+06
-1.70857e+06
-3.52776e+06
-1.71718e+06
-722853
-736468
-1.89964e+06
-610643
1.27286e+06
1.21873e+06
2.22386e+06
1.32458e+06
-633784
-563888
-660905
-749998
-484787
-447124
-678726
-531973
-1.51357e+06
-1.39972e+06
-2.06111e+06
-1.68908e+06
-1.7795e+06
-1.74535e+06
-3.59612e+06
-1.76308e+06
-726025
-753731
-1.93002e+06
-625582
1.30056e+06
1.24243e+06
2.24302e+06
1.35896e+06
-623367
-560801
-634471
-744936
-479993
-436340
-685972
-508351
-1.51584e+06
-1.41245e+06
-2.07802e+06
-1.70619e+06
-1.77704e+06
-1.73557e+06
-3.60817e+06
-1.73771e+06
-773728
-790309
-1.99423e+06
-670509
1.28087e+06
1.22652e+06
2.22927e+06
1.33245e+06
-630850
-562240
-625791
-766516
-461918
-423118
-715193
-487952
-1.51891e+06
-1.40995e+06
-2.06393e+06
-1.7097e+06
-1.79127e+06
-1.76102e+06
-3.6779e+06
-1.75878e+06
-781562
-797868
-2.01205e+06
-672858
1.25601e+06
1.19857e+06
2.19221e+06
1.30159e+06
-641674
-566441
-599124
-771919
-466666
-445462
-743504
-495258
-1.53438e+06
-1.41789e+06
-2.07054e+06
-1.72735e+06
-1.86335e+06
-1.82321e+06
-3.79019e+06
-1.83563e+06
-820237
-841442
-2.0716e+06
-731285
1.23899e+06
1.17983e+06
2.16241e+06
1.2838e+06
-616228
-530962
-564432
-719203
-539027
-527065
-898570
-571180
-1.52315e+06
-1.40485e+06
-2.05219e+06
-1.71193e+06
-1.91766e+06
-1.87915e+06
-3.87531e+06
-1.88042e+06
-840463
-865441
-2.11699e+06
-752568
1.21407e+06
1.16392e+06
2.13221e+06
1.27083e+06
-609217
-550745
-601570
-735054
-582213
-555423
-968927
-614018
-1.56887e+06
-1.4503e+06
-2.10893e+06
-1.77247e+06
-1.95741e+06
-1.91996e+06
-3.93417e+06
-1.93143e+06
-861859
-874999
-2.14491e+06
-757435
1.21682e+06
1.15744e+06
2.11153e+06
1.26983e+06
-629227
-541269
-616831
-738873
-602396
-581216
-1.01611e+06
-624236
-1.58372e+06
-1.45885e+06
-2.11358e+06
-1.78047e+06
-2.0077e+06
-1.95799e+06
-4.02857e+06
-1.98813e+06
-888371
-907697
-2.18615e+06
-803599
1.21851e+06
1.16702e+06
2.10135e+06
1.26916e+06
-584255
-541859
-582546
-722878
-621552
-593280
-1.0708e+06
-649940
-1.60812e+06
-1.49931e+06
-2.15815e+06
-1.83625e+06
-2.00426e+06
-1.97146e+06
-4.08557e+06
-1.97358e+06
-912134
-929044
-2.22584e+06
-831132
1.24266e+06
1.172e+06
2.15455e+06
1.27018e+06
-642053
-580472
-618117
-786952
-638153
-598924
-1.09565e+06
-657620
-1.65457e+06
-1.52849e+06
-2.17392e+06
-1.87032e+06
-2.06379e+06
-2.0227e+06
-4.17537e+06
-2.03303e+06
-919681
-927566
-2.19497e+06
-829493
1.20292e+06
1.14756e+06
2.14273e+06
1.24362e+06
-671022
-599313
-630733
-810060
-642608
-610170
-1.10865e+06
-663483
-1.68426e+06
-1.54836e+06
-2.21747e+06
-1.90634e+06
-2.14665e+06
-2.09415e+06
-4.29792e+06
-2.12508e+06
-910154
-915931
-2.17448e+06
-824679
1.21147e+06
1.15323e+06
2.13028e+06
1.2576e+06
-639138
-553155
-571384
-768680
-667633
-638065
-1.1669e+06
-700671
-1.65865e+06
-1.51959e+06
-2.19217e+06
-1.88684e+06
-2.16401e+06
-2.10865e+06
-4.3139e+06
-2.14053e+06
-829124
-839329
-2.05521e+06
-749548
1.25493e+06
1.21141e+06
2.21897e+06
1.30053e+06
-619672
-554409
-556856
-761710
-654085
-626349
-1.13775e+06
-683983
-1.69803e+06
-1.5617e+06
-2.23274e+06
-1.93164e+06
-2.17208e+06
-2.12207e+06
-4.33665e+06
-2.14788e+06
-779005
-791941
-1.98923e+06
-672809
1.34409e+06
1.28001e+06
2.34682e+06
1.39309e+06
-643482
-562084
-567146
-775105
-661744
-631091
-1.15183e+06
-670952
-1.71702e+06
-1.57918e+06
-2.2425e+06
-1.94129e+06
-2.22297e+06
-2.16305e+06
-4.42115e+06
-2.19947e+06
-773272
-787568
-1.96913e+06
-675639
1.36666e+06
1.30571e+06
2.36994e+06
1.42885e+06
-614911
-542460
-507812
-757384
-672173
-639178
-1.17279e+06
-690652
-1.738e+06
-1.60411e+06
-2.27595e+06
-1.97364e+06
-2.18596e+06
-2.13405e+06
-4.40849e+06
-2.14294e+06
-792962
-812007
-1.99606e+06
-706399
1.38912e+06
1.3302e+06
2.4584e+06
1.43317e+06
-619341
-539230
-479211
-778860
-685833
-646694
-1.19107e+06
-710091
-1.74609e+06
-1.59971e+06
-2.26593e+06
-1.97661e+06
-2.18671e+06
-2.13793e+06
-4.43808e+06
-2.13884e+06
-802445
-811800
-2.00041e+06
-698532
1.39335e+06
1.34127e+06
2.51959e+06
1.43424e+06
-622921
-538095
-433549
-778235
-696895
-667489
-1.19067e+06
-731238
-1.74916e+06
-1.60129e+06
-2.27255e+06
-1.98349e+06
-2.22729e+06
-2.17544e+06
-4.51361e+06
-2.17998e+06
-811797
-825477
-2.04521e+06
-715763
1.43563e+06
1.37872e+06
2.5849e+06
1.48104e+06
-600860
-511133
-385187
-750769
-772306
-749081
-1.30399e+06
-824841
-1.73116e+06
-1.5947e+06
-2.2662e+06
-1.97132e+06
-2.23507e+06
-2.188e+06
-4.53909e+06
-2.18576e+06
-769902
-796907
-2.03104e+06
-674683
1.47376e+06
1.42026e+06
2.6853e+06
1.50924e+06
-602052
-524720
-399110
-766456
-812397
-774733
-1.33333e+06
-867928
-1.79372e+06
-1.64909e+06
-2.34393e+06
-2.04336e+06
-2.21344e+06
-2.16995e+06
-4.52599e+06
-2.16297e+06
-745032
-770450
-2.02998e+06
-620169
1.53152e+06
1.46968e+06
2.79398e+06
1.56437e+06
-630214
-536339
-415859
-780816
-840292
-805043
-1.37188e+06
-884890
-1.81857e+06
-1.66945e+06
-2.3584e+06
-2.05222e+06
-2.24505e+06
-2.19696e+06
-4.59617e+06
-2.18375e+06
-758378
-789171
-2.0669e+06
-631929
1.55253e+06
1.49339e+06
2.83049e+06
1.59292e+06
-611280
-540260
-413772
-779435
-847704
-799487
-1.42069e+06
-879482
-1.85003e+06
-1.71956e+06
-2.4344e+06
-2.11332e+06
-2.22465e+06
-2.18392e+06
-4.66277e+06
-2.14595e+06
-809972
-836253
-2.17557e+06
-689508
1.56713e+06
1.49843e+06
2.82705e+06
1.59708e+06
-641693
-558498
-426076
-811625
-836568
-786333
-1.43502e+06
-857950
-1.89659e+06
-1.75355e+06
-2.48595e+06
-2.13988e+06
-2.22616e+06
-2.18908e+06
-4.68785e+06
-2.14783e+06
-842021
-862585
-2.22213e+06
-709545
1.53933e+06
1.47986e+06
2.79885e+06
1.58547e+06
-663021
-581474
-438285
-839725
-824801
-787844
-1.44604e+06
-849253
-1.94304e+06
-1.79569e+06
-2.58343e+06
-2.19738e+06
-2.25782e+06
-2.21343e+06
-4.74801e+06
-2.18841e+06
-887898
-906712
-2.30678e+06
-775192
1.5286e+06
1.45735e+06
2.73631e+06
1.56161e+06
-669743
-586088
-458191
-844142
-864886
-845724
-1.52901e+06
-915533
-1.9678e+06
-1.82248e+06
-2.65751e+06
-2.23037e+06
-2.25402e+06
-2.23018e+06
-4.75198e+06
-2.18816e+06
-902446
-932656
-2.35745e+06
-800160
1.51401e+06
1.44298e+06
2.72439e+06
1.53333e+06
-705205
-614814
-504820
-891888
-879125
-832411
-1.50574e+06
-920612
-2.05495e+06
-1.89353e+06
-2.74868e+06
-2.32715e+06
-2.27138e+06
-2.22812e+06
-4.74685e+06
-2.20052e+06
-936171
-947607
-2.3923e+06
-812131
1.52984e+06
1.47602e+06
2.78398e+06
1.56641e+06
-744038
-652172
-536422
-927730
-895023
-867149
-1.52723e+06
-934877
-2.08849e+06
-1.93875e+06
-2.78632e+06
-2.35741e+06
-2.30167e+06
-2.26353e+06
-4.7826e+06
-2.25044e+06
-968942
-993773
-2.43423e+06
-869735
1.52749e+06
1.45419e+06
2.76851e+06
1.54643e+06
