-1.08502e+06
-1.03908e+06
-1.79032e+06
-1.15907e+06
-218514
-310175
-1.47272e+06
-1442.5
-1.65891e+06
-1.62357e+06
-3.38488e+06
-1.62077e+06
-581098
-559425
-1.09505e+06
-582210
-621690
-631323
-1.6337e+06
-509034
-777895
-715890
-1.12287e+06
-842265
-1.13193e+06
-1.07425e+06
-1.83449e+06
-1.20356e+06
-217913
-309325
-1.51059e+06
13211.6
-1.6992e+06
-1.66387e+06
-3.4662e+06
-1.67623e+06
-594603
-579305
-1.09189e+06
-624380
-641805
-650107
-1.68908e+06
-553025
-758880
-707385
-1.12342e+06
-849565
-1.18704e+06
-1.13633e+06
-1.95557e+06
-1.26554e+06
-241034
-341221
-1.60955e+06
-4263.85
-1.76373e+06
-1.72524e+06
-3.5821e+06
-1.73756e+06
-660144
-633312
-1.14775e+06
-701072
-682330
-688652
-1.72857e+06
-590156
-790280
-731763
-1.14482e+06
-871392
-1.23877e+06
-1.17495e+06
-2.03527e+06
-1.31326e+06
-245687
-346038
-1.67168e+06
10923.4
-1.78118e+06
-1.73625e+06
-3.62299e+06
-1.75104e+06
-685840
-653855
-1.16175e+06
-726338
-683150
-685476
-1.74012e+06
-588206
-775116
-717302
-1.12747e+06
-858387
-1.24581e+06
-1.18668e+06
-2.05685e+06
-1.32257e+06
-233958
-348473
-1.72255e+06
22754.7
-1.76448e+06
-1.72333e+06
-3.6119e+06
-1.72135e+06
-682178
-645512
-1.12868e+06
-722051
-659871
-661222
-1.71229e+06
-550826
-771205
-707590
-1.09902e+06
-849534
-1.26567e+06
-1.20291e+06
-2.07455e+06
-1.34278e+06
-212974
-320407
-1.73656e+06
72661.6
-1.76655e+06
-1.73369e+06
-3.64168e+06
-1.72058e+06
-696006
-664581
-1.12185e+06
-757174
-655200
-667078
-1.72919e+06
-549977
-758594
-705316
-1.0783e+06
-838782
-1.28415e+06
-1.22551e+06
-2.12747e+06
-1.37035e+06
-221668
-333593
-1.78788e+06
66746.6
-1.74646e+06
-1.71459e+06
-3.64545e+06
-1.67726e+06
-740197
-706835
-1.18363e+06
-788750
-635794
-671145
-1.7414e+06
-515222
-794577
-742696
-1.14759e+06
-860620
-1.324e+06
-1.23516e+06
-2.1481e+06
-1.41299e+06
-237750
-326420
-1.77985e+06
46567.2
-1.73845e+06
-1.69848e+06
-3.69656e+06
-1.66051e+06
-798773
-756220
-1.27222e+06
-868486
-660445
-685802
-1.80119e+06
-567869
-796501
-748717
-1.19567e+06
-883887
-1.32514e+06
-1.24897e+06
-2.15e+06
-1.42011e+06
-231505
-326789
-1.75094e+06
47082.7
-1.72549e+06
-1.69982e+06
-3.73665e+06
-1.63679e+06
-868371
-826688
-1.3716e+06
-945347
-699877
-724044
-1.82752e+06
-608069
-813899
-762667
-1.19005e+06
-898359
-1.34156e+06
-1.25404e+06
-2.15436e+06
-1.43887e+06
-237812
-325837
-1.73666e+06
41653.5
-1.69819e+06
-1.66845e+06
-3.74921e+06
-1.5895e+06
-931704
-877764
-1.46165e+06
-1.00795e+06
-708946
-728495
-1.83616e+06
-615238
-813091
-760908
-1.18772e+06
-899383
-1.32864e+06
-1.24671e+06
-2.12494e+06
-1.4227e+06
-217030
-311007
-1.7067e+06
64092.9
-1.64e+06
-1.62891e+06
-3.74301e+06
-1.50494e+06
-978163
-924321
-1.53885e+06
-1.05321e+06
-700942
-720680
-1.83112e+06
-594539
-850277
-791532
-1.22969e+06
-934584
-1.35037e+06
-1.26988e+06
-2.14955e+06
-1.46007e+06
-212351
-303681
-1.68194e+06
55722.1
-1.60811e+06
-1.60394e+06
-3.78317e+06
-1.45778e+06
-1.05025e+06
-995676
-1.63179e+06
-1.14968e+06
-718585
-741821
-1.86352e+06
-623203
-885059
-829530
-1.29436e+06
-976679
-1.35625e+06
-1.27916e+06
-2.13652e+06
-1.47019e+06
-187066
-295355
-1.67571e+06
69926.5
-1.635e+06
-1.64663e+06
-3.86826e+06
-1.48764e+06
-1.04462e+06
-979950
-1.59947e+06
-1.13308e+06
-750257
-757664
-1.89678e+06
-643259
-917788
-847535
-1.33345e+06
-998602
-1.38435e+06
-1.29621e+06
-2.154e+06
-1.47775e+06
-191018
-291469
-1.69041e+06
93508.5
-1.72689e+06
-1.73942e+06
-4.02449e+06
-1.5888e+06
-1.01808e+06
-953029
-1.5504e+06
-1.11333e+06
-748824
-751536
-1.88823e+06
-657468
-911807
-848777
-1.33823e+06
-1.00762e+06
-1.41053e+06
-1.3349e+06
-2.24062e+06
-1.51343e+06
-186258
-300076
-1.73111e+06
94281.4
-1.84331e+06
-1.84994e+06
-4.21904e+06
-1.71376e+06
-1.00644e+06
-944566
-1.51307e+06
-1.10477e+06
-744369
-748754
-1.83655e+06
-655192
-940218
-870760
-1.34105e+06
-1.036e+06
-1.44171e+06
-1.35585e+06
-2.29673e+06
-1.53829e+06
-182837
-296299
-1.7568e+06
113113
-1.92046e+06
-1.92013e+06
-4.35041e+06
-1.79398e+06
-983388
-918664
-1.46958e+06
-1.07771e+06
-711307
-715403
-1.77831e+06
-620633
-932132
-863474
-1.32187e+06
-1.03254e+06
-1.45188e+06
-1.36771e+06
-2.3403e+06
-1.54884e+06
-188686
-310105
-1.82415e+06
106253
-1.99622e+06
-1.99266e+06
-4.49313e+06
-1.86752e+06
-952074
-887831
-1.41507e+06
-1.04226e+06
-687545
-692199
-1.74134e+06
-592473
-951638
-872858
-1.32541e+06
-1.05297e+06
-1.45476e+06
-1.36746e+06
-2.34866e+06
-1.54655e+06
-176495
-289390
-1.84674e+06
142275
-2.07067e+06
-2.06141e+06
-4.62925e+06
-1.93434e+06
-932269
-871179
-1.38275e+06
-1.02227e+06
-679388
-682828
-1.73792e+06
-577577
-940477
-863978
-1.3022e+06
-1.03561e+06
-1.46082e+06
-1.38673e+06
-2.38141e+06
-1.57e+06
-164553
-298921
-1.85822e+06
148087
-2.09858e+06
-2.09575e+06
-4.68494e+06
-1.9677e+06
-919981
-866074
-1.38431e+06
-996688
-626934
-650378
-1.68443e+06
-515633
-966213
-885396
-1.32113e+06
-1.06141e+06
-1.47229e+06
-1.37511e+06
-2.37261e+06
-1.55138e+06
-168371
-292505
-1.87827e+06
164611
-2.14141e+06
-2.1305e+06
-4.73723e+06
-2.0182e+06
-936827
-883021
-1.43421e+06
-1.03153e+06
-602909
-616341
-1.64053e+06
-513661
-953403
-875793
-1.30462e+06
-1.0744e+06
-1.43685e+06
-1.36508e+06
-2.40118e+06
-1.51463e+06
-156372
-298487
-1.93005e+06
180865
-2.18667e+06
-2.17632e+06
-4.81339e+06
-2.06999e+06
-967028
-914795
-1.50366e+06
-1.05418e+06
-571216
-589796
-1.5724e+06
-468842
-946834
-862648
-1.25842e+06
-1.05592e+06
-1.43646e+06
-1.35131e+06
-2.43814e+06
-1.49403e+06
-156985
-293317
-1.98462e+06
206221
-2.20261e+06
-2.18095e+06
-4.83348e+06
-2.07904e+06
-977641
-920304
-1.55113e+06
-1.05265e+06
-509183
-528952
-1.49575e+06
-395168
-923025
-836965
-1.21966e+06
-1.03278e+06
-1.41454e+06
-1.34446e+06
-2.46061e+06
-1.46813e+06
-162509
-317337
-2.07004e+06
196598
-2.21419e+06
-2.19957e+06
-4.86306e+06
-2.0903e+06
-977509
-923477
-1.57608e+06
-1.04113e+06
-444009
-469905
-1.4125e+06
-318452
-931364
-842346
-1.21476e+06
-1.03904e+06
-1.41793e+06
-1.34496e+06
-2.49189e+06
-1.4673e+06
-172345
-313571
-2.12381e+06
206569
-2.23779e+06
-2.21768e+06
-4.90377e+06
-2.11146e+06
-1.01416e+06
-969487
-1.6541e+06
-1.09338e+06
-416998
-449005
-1.38055e+06
-291965
-946614
-862112
-1.23533e+06
-1.06281e+06
-1.39495e+06
-1.35434e+06
-2.45967e+06
-1.46857e+06
-138299
-298030
-2.11383e+06
237999
-2.1913e+06
-2.18188e+06
-4.8418e+06
-2.08028e+06
-997846
-933441
-1.63562e+06
-1.04629e+06
-404524
-440396
-1.37774e+06
-254761
-944227
-853300
-1.21781e+06
-1.05413e+06
-1.45146e+06
-1.39061e+06
-2.50451e+06
-1.5325e+06
-143395
-291595
-2.13264e+06
242827
-2.20627e+06
-2.19792e+06
-4.85523e+06
-2.10446e+06
-984039
-936963
-1.66595e+06
-1.03798e+06
-424898
-473546
-1.46348e+06
-293864
-929463
-857346
-1.22186e+06
-1.05491e+06
-1.4947e+06
-1.43781e+06
-2.57782e+06
-1.57432e+06
-163696
-319874
-2.2034e+06
227539
-2.24125e+06
-2.22558e+06
-4.91094e+06
-2.13341e+06
-1.02523e+06
-975553
-1.78071e+06
-1.06338e+06
-491065
-530442
-1.57737e+06
-349811
-960689
-875398
-1.27289e+06
-1.06806e+06
-1.54385e+06
-1.47981e+06
-2.65292e+06
-1.63638e+06
-182662
-337384
-2.27265e+06
214222
-2.24024e+06
-2.22752e+06
-4.90138e+06
-2.14764e+06
-1.02738e+06
-984633
-1.85473e+06
-1.05577e+06
-516790
-560437
-1.65514e+06
-375252
-953005
-876501
-1.28504e+06
-1.07213e+06
-1.57146e+06
-1.50326e+06
-2.6568e+06
-1.67136e+06
-182393
-345135
-2.29492e+06
214326
-2.22435e+06
-2.20857e+06
-4.83656e+06
-2.13333e+06
-1.00545e+06
-963201
-1.85609e+06
-1.02067e+06
-521363
-562371
-1.68217e+06
-370093
-968507
-879936
-1.27615e+06
-1.08691e+06
-1.60883e+06
-1.53949e+06
-2.67585e+06
-1.70841e+06
-174330
-332866
-2.28348e+06
236523
-2.19677e+06
-2.18341e+06
-4.76659e+06
-2.09806e+06
-1.00134e+06
-967920
-1.87521e+06
-1.00992e+06
-535462
-579304
-1.7216e+06
-378951
-965291
-884298
-1.2545e+06
-1.08338e+06
-1.64096e+06
-1.56503e+06
-2.70808e+06
-1.74175e+06
-193688
-354865
-2.28876e+06
205208
-2.16711e+06
-2.15448e+06
-4.7202e+06
-2.06913e+06
-941338
-901468
-1.8293e+06
-927191
-526848
-567549
-1.75872e+06
-350661
-963074
-879470
-1.25678e+06
-1.08871e+06
-1.6497e+06
-1.56402e+06
-2.74348e+06
-1.73821e+06
-212123
-362561
-2.30505e+06
185478
-2.16123e+06
-2.14372e+06
-4.72102e+06
-2.06816e+06
-890357
-865700
-1.81037e+06
-887850
-519316
-559351
-1.80503e+06
-347187
-913564
-833424
-1.19665e+06
-1.04858e+06
-1.63795e+06
-1.56535e+06
-2.76039e+06
-1.72124e+06
-213546
-368865
-2.28685e+06
180811
-2.16255e+06
-2.15055e+06
-4.71731e+06
-2.07055e+06
-858759
-835394
-1.77482e+06
-838955
-504739
-553908
-1.80172e+06
-319955
-873060
-792671
-1.08255e+06
-1.00376e+06
-1.66406e+06
-1.58692e+06
-2.83786e+06
-1.74405e+06
-253875
-403842
-2.34078e+06
132610
-2.15277e+06
-2.13652e+06
-4.70442e+06
-2.06104e+06
-827213
-807311
-1.76832e+06
-800016
-491424
-541488
-1.82779e+06
-298628
-837328
-759939
-1.02244e+06
-975063
-1.65802e+06
-1.58298e+06
-2.84028e+06
-1.7365e+06
-261452
-413270
-2.32242e+06
111816
-2.11261e+06
-2.10272e+06
-4.63849e+06
-2.01271e+06
-753796
-736362
-1.67346e+06
-700828
-440110
-495264
-1.78557e+06
-229065
-824112
-738355
-947768
-962576
-1.681e+06
-1.60112e+06
-2.89072e+06
-1.74148e+06
-286115
-424093
-2.32935e+06
99275.7
-2.09778e+06
-2.08481e+06
-4.63129e+06
-1.97824e+06
-733073
-730675
-1.6852e+06
-678046
-443664
-499737
-1.83676e+06
-216881
-808108
-725087
-914711
-938000
13075.1
5743.12
55781.5
-10211.3
-306845
-274038
-182678
-385331
586422
506597
308634
772852
2.54043e+06
2.3204e+06
3.14435e+06
2.91588e+06
-302159
-328124
-1.01672e+06
-202254
683297
644678
1.0465e+06
744537
-12422.5
-12361.6
35317.9
-35974.8
-329732
-299555
-248100
-422667
562707
466734
223741
747517
2.56649e+06
2.34578e+06
3.16575e+06
2.9519e+06
-326442
-353655
-1.07756e+06
-242424
711392
664784
1.10217e+06
774654
-37036.8
-38641.3
-6334.97
-64985.9
-370841
-333559
-299583
-460016
488838
401839
79639.3
675032
2.59634e+06
2.36842e+06
3.16979e+06
2.99103e+06
-352737
-372562
-1.11016e+06
-257524
717034
677089
1.10261e+06
788947
-50661.4
-48615.7
-7043.49
-90508.3
-403381
-363999
-339606
-504851
433263
347935
-42483.7
627408
2.62662e+06
2.40108e+06
3.18884e+06
3.03658e+06
-374727
-397213
-1.14832e+06
-294766
741570
693066
1.15835e+06
800642
-58243
-53955.1
8434.37
-98335.9
-418951
-378357
-341253
-519743
413229
322094
-115449
612140
2.68635e+06
2.44993e+06
3.25107e+06
3.10557e+06
-384404
-401130
-1.13436e+06
-298679
775658
736124
1.22808e+06
838699
-69300
-60820.4
-3435.83
-96955.7
-424867
-379337
-342226
-517145
391514
310318
-182088
610140
2.74257e+06
2.50129e+06
3.29852e+06
3.17451e+06
-402323
-423367
-1.16347e+06
-314204
820117
778344
1.33052e+06
886476
-97592
-98724.8
-49827.7
-146260
-471050
-432422
-419911
-599052
398083
300411
-216126
591662
2.78399e+06
2.53295e+06
3.3327e+06
3.21393e+06
-441549
-467055
-1.25477e+06
-357640
815076
762504
1.31769e+06
857419
-142121
-123197
-84901.6
-178709
-497190
-431168
-426659
-629818
422044
338367
-151141
620143
2.83869e+06
2.60206e+06
3.42886e+06
3.29372e+06
-448410
-475737
-1.32559e+06
-348943
794919
754807
1.33162e+06
839880
-170353
-165271
-143243
-225053
-485113
-427426
-361113
-627523
454991
357906
-86561.9
643930
2.92986e+06
2.6732e+06
3.52847e+06
3.39282e+06
-461483
-500286
-1.40727e+06
-353370
774428
728846
1.30111e+06
810272
-211955
-188059
-179594
-268471
-509456
-438648
-346402
-664677
468181
390022
-40747.7
670284
2.99577e+06
2.74662e+06
3.61689e+06
3.4751e+06
-484457
-519367
-1.50469e+06
-366729
750730
716938
1.29954e+06
782144
-239089
-218159
-217761
-298417
-532393
-463897
-331067
-699646
501126
407354
-1105.21
701935
3.07973e+06
2.8182e+06
3.71335e+06
3.57011e+06
-520252
-559438
-1.60053e+06
-399390
744688
710934
1.30315e+06
770941
-269071
-241594
-268112
-320515
-543571
-468658
-304863
-720892
532318
442164
47065
739559
3.17029e+06
2.89968e+06
3.81587e+06
3.67278e+06
-541761
-581645
-1.68972e+06
-396611
738431
709430
1.3267e+06
762214
-271313
-251886
-293813
-315590
-594381
-525985
-347088
-764245
523526
429393
45120.5
742111
3.20762e+06
2.91696e+06
3.89009e+06
3.68755e+06
-560190
-610641
-1.76227e+06
-427087
735054
699004
1.30822e+06
746051
-261696
-220703
-318469
-271422
-608623
-519101
-400055
-788440
547564
468066
66752.3
774273
3.2458e+06
2.99473e+06
4.0149e+06
3.74272e+06
-561714
-595619
-1.78758e+06
-417148
719449
707330
1.30654e+06
744594
-207917
-190528
-324417
-208618
-595858
-512092
-360292
-772045
585347
498992
111239
817513
3.36079e+06
3.09282e+06
4.20538e+06
3.85769e+06
-524074
-567171
-1.7589e+06
-369665
735381
715699
1.3043e+06
763156
-176728
-157171
-333294
-156514
-609089
-518283
-374098
-786965
613803
533313
142206
862373
3.4348e+06
3.1774e+06
4.36163e+06
3.94234e+06
-515727
-559014
-1.76694e+06
-356924
738860
718179
1.31107e+06
770268
-129536
-131224
-348420
-93905.9
-616230
-537216
-388089
-790048
664887
563423
173309
923085
3.54161e+06
3.26518e+06
4.53594e+06
4.05077e+06
-511855
-565115
-1.78105e+06
-351071
766451
734752
1.33154e+06
795370
-109592
-102984
-375563
-53269.2
-632165
-545815
-398881
-817572
703969
611660
227423
965955
3.63013e+06
3.35754e+06
4.71506e+06
4.12231e+06
-524243
-570639
-1.80559e+06
-360591
764470
748074
1.36979e+06
786910
-41069.5
-51929.2
-320239
28212.9
-641432
-552307
-383386
-808185
746179
635118
272933
996871
3.68319e+06
3.3843e+06
4.81146e+06
4.16773e+06
-498529
-533502
-1.74722e+06
-313081
844875
832730
1.51e+06
891343
-22235
-51154.9
-340300
55718.6
-647073
-564750
-438987
-821469
755644
625818
269489
1.00088e+06
3.67964e+06
3.36915e+06
4.79449e+06
4.16687e+06
-461698
-524904
-1.74345e+06
-274402
915447
874677
1.5976e+06
967111
-31331.9
-57878.8
-395263
49948.6
-665135
-576325
-466295
-834773
724780
604649
228075
965129
3.66449e+06
3.35384e+06
4.7454e+06
4.14736e+06
-460448
-509817
-1.76186e+06
-260973
937576
909210
1.61603e+06
998938
-28598.2
-59458.5
-415402
52307.5
-688391
-598267
-503424
-863517
697859
581875
193988
940084
3.63579e+06
3.33335e+06
4.70152e+06
4.12836e+06
-446997
-507932
-1.76354e+06
-252642
985195
943160
1.68847e+06
1.04362e+06
-4701.55
-33211.4
-416297
98340.2
-679402
-589714
-489162
-841420
691502
575564
179434
938696
3.63627e+06
3.32894e+06
4.66959e+06
4.13604e+06
-430262
-481067
-1.73413e+06
-221494
1.04694e+06
1.01113e+06
1.77296e+06
1.11937e+06
5171.07
-31450
-457012
122788
-673397
-587449
-487874
-838226
682500
570316
170814
928092
3.62617e+06
3.31919e+06
4.63397e+06
4.12105e+06
-413114
-475953
-1.72439e+06
-201552
1.1011e+06
1.05827e+06
1.86721e+06
1.17272e+06
13897.5
-21636.1
-464753
124300
-702800
-618158
-527393
-873366
708782
589139
208554
948534
3.65325e+06
3.34068e+06
4.66462e+06
4.15034e+06
-429320
-493508
-1.74348e+06
-243866
1.13389e+06
1.08174e+06
1.88352e+06
1.19759e+06
16638.2
-16133.3
-435276
134036
-720357
-628532
-568715
-903303
756553
633046
275536
998776
3.66394e+06
3.35846e+06
4.69298e+06
4.17619e+06
-438018
-504772
-1.73189e+06
-253703
1.11079e+06
1.05324e+06
1.83644e+06
1.18425e+06
11856.8
-25178.7
-427037
110590
-727198
-631867
-534656
-914328
777583
655804
343353
1.01046e+06
3.68842e+06
3.37302e+06
4.71291e+06
4.19206e+06
-462137
-522724
-1.7224e+06
-295612
1.06706e+06
1.01138e+06
1.75112e+06
1.13221e+06
5641.3
-22785.8
-393743
97778.7
-745609
-645605
-521708
-946102
796566
677413
403902
1.03008e+06
3.69252e+06
3.3858e+06
4.73477e+06
4.20784e+06
-484787
-541098
-1.70125e+06
-333470
1.02103e+06
967142
1.69146e+06
1.08223e+06
21124.1
-1680.09
-346819
116666
-768181
-666269
-515794
-972369
807089
686625
435823
1.03874e+06
3.72359e+06
3.40852e+06
4.76709e+06
4.23872e+06
-524489
-569396
-1.69657e+06
-389475
1.00847e+06
955317
1.6565e+06
1.06868e+06
42924.2
11925.4
-310362
133718
-762861
-664515
-492140
-980950
850830
732448
520817
1.08252e+06
3.76844e+06
3.45332e+06
4.82551e+06
4.28033e+06
-527577
-571052
-1.66389e+06
-395035
998957
951586
1.64672e+06
1.06178e+06
58238.7
18637.2
-276300
109946
-801436
-692091
-519265
-1.02448e+06
844843
730113
514077
1.07852e+06
3.77247e+06
3.46263e+06
4.86022e+06
4.28149e+06
-536594
-588450
-1.67991e+06
-422860
1.0344e+06
977534
1.69731e+06
1.08389e+06
71854.1
53114.3
-177857
130462
-821188
-707505
-567740
-1.04854e+06
859956
742484
511404
1.10409e+06
3.78712e+06
3.48918e+06
4.90084e+06
4.31086e+06
-550374
-594142
-1.70824e+06
-431346
1.04608e+06
986347
1.73589e+06
1.101e+06
116133
81038.7
-64597.7
148755
-823135
-712081
-541712
-1.06141e+06
861870
734671
515640
1.08931e+06
3.84504e+06
3.52795e+06
4.9678e+06
4.36323e+06
-540445
-595514
-1.69422e+06
-429065
1.05659e+06
992184
1.74836e+06
1.10314e+06
118869
103052
19213.5
140949
-861940
-738878
-567641
-1.10945e+06
836495
726436
484123
1.07747e+06
3.85233e+06
3.55521e+06
4.99989e+06
4.38209e+06
-570432
-615551
-1.73362e+06
-460073
1.04781e+06
991912
1.77212e+06
1.09027e+06
148895
133457
126095
167118
-853882
-731539
-514316
-1.0962e+06
858765
741010
506037
1.10827e+06
3.90684e+06
3.59989e+06
5.08875e+06
4.44048e+06
-575809
-622332
-1.71895e+06
-469387
1.07214e+06
1.01805e+06
1.83536e+06
1.11475e+06
163243
146084
185997
169740
-865861
-745598
-530797
-1.11763e+06
872191
753383
499810
1.12701e+06
3.94297e+06
3.62913e+06
5.13996e+06
4.46251e+06
-595494
-642206
-1.75518e+06
-485190
1.09135e+06
1.03415e+06
1.89112e+06
1.12476e+06
-305196
-301659
-610845
-295518
295303
311391
880552
241978
-603786
-564795
-895914
-644695
-562362
-516027
-768058
-609853
-68351.8
-34514.6
142456
-103822
58885.7
87880.6
430894
15670.9
-329650
-325758
-655055
-337211
311604
324846
903827
242071
-612741
-592587
-1.00074e+06
-665991
-598253
-555217
-861336
-663145
-45237.9
-23444.8
160455
-89405.9
55870.6
68084.5
374801
-20001.9
-370799
-360319
-686874
-381136
312413
324913
944156
232842
-649055
-625633
-1.06662e+06
-698410
-646789
-598207
-907682
-718791
-72547.7
-45059.7
127444
-122069
-5247.44
17090.8
309199
-77583
-404367
-396319
-730076
-428299
303531
324667
956428
223070
-676201
-653540
-1.1478e+06
-719562
-692599
-634321
-980427
-760060
-65562.9
-32995.7
127180
-101753
-31701.7
-7882.12
254830
-109437
-452400
-437063
-769523
-483135
298804
317690
958619
221938
-704841
-681336
-1.25175e+06
-727313
-726491
-673563
-1.0541e+06
-787158
-54704.6
-28702.9
116242
-82834.7
-62496.9
-34600.1
211018
-129611
-484549
-470052
-787050
-529682
293355
304595
946512
201409
-741888
-729890
-1.3859e+06
-757789
-762659
-712950
-1.16538e+06
-821626
-30272.7
-9240.47
128661
-59499.5
-70391.1
-60157.1
173367
-145104
-496596
-463330
-783225
-513861
277964
292695
925051
188447
-772275
-754949
-1.44489e+06
-795535
-737354
-701000
-1.14416e+06
-807654
-52208.5
-47947.5
52611.6
-92813.4
-115377
-74616.7
111960
-166440
-475177
-436126
-771180
-494898
256313
288697
918918
166486
-798833
-774099
-1.48166e+06
-815898
-704933
-659879
-1.07709e+06
-766833
-85901.5
-73851.6
16622
-123985
-103619
-75775.7
109540
-175126
-439249
-400251
-730685
-444498
271410
293867
941023
173967
-797063
-772809
-1.49342e+06
-813092
-654080
-613050
-1.00254e+06
-717066
-113871
-103782
-25369.6
-164866
-123423
-85470.8
99326.6
-190301
-405319
-379310
-713109
-406585
257463
286745
929961
164339
-795711
-776661
-1.49523e+06
-811867
-603852
-566237
-925468
-654492
-144537
-127827
-77440.2
-183805
-126164
-93835.2
85955.9
-198170
-383386
-361277
-704877
-375320
270605
293479
938701
181893
-807834
-786414
-1.51135e+06
-827486
-573412
-547764
-895902
-624944
-188302
-176741
-178156
-231841
-145323
-108088
53559.1
-208465
-384329
-364509
-713753
-390690
242233
266258
885892
142896
-833846
-807490
-1.54986e+06
-852294
-548764
-514762
-871612
-595675
-242187
-218529
-272160
-286873
-178429
-146288
8862.17
-255928
-396903
-380700
-728928
-389141
212908
250802
873268
124406
-861776
-824532
-1.55166e+06
-889056
-559707
-515679
-865375
-592353
-232559
-212225
-266800
-262895
-178798
-127804
38396.6
-243735
-376515
-361561
-779614
-352016
197523
236616
854658
105270
-859546
-817913
-1.53522e+06
-887907
-588634
-550111
-956258
-629802
-211348
-197503
-276060
-240280
-97544.7
-60292.2
130239
-171183
-359509
-348976
-818832
-313190
200375
240955
874294
105225
-842940
-801221
-1.48042e+06
-875784
-610981
-564913
-1.00397e+06
-641063
-207175
-191287
-276895
-227624
-33959.5
5559.98
250174
-94506.9
-333213
-333072
-861913
-269185
192897
239493
871938
99313.9
-835541
-787520
-1.4417e+06
-870453
-631825
-585559
-1.07218e+06
-653507
-178527
-164204
-267539
-185727
49846.1
86246.5
375069
-4962.48
-329526
-342862
-904722
-265154
205080
250676
905727
111731
-822293
-778469
-1.39557e+06
-863182
-643556
-607837
-1.10998e+06
-665130
-167231
-158051
-263085
-175995
107208
134926
472759
56063
-307152
-311076
-902608
-225936
192795
234998
875206
99267.9
-803019
-756322
-1.3473e+06
-844444
-674841
-636839
-1.20337e+06
-692259
-133644
-126860
-249393
-122639
181196
202621
575375
135014
-294907
-310413
-910906
-209824
197115
230219
872898
77564.7
-840301
-789284
-1.39662e+06
-896483
-665733
-633040
-1.19525e+06
-688820
-113721
-114198
-250377
-109407
192105
211861
596486
166270
-281834
-296686
-926064
-188179
195225
230442
897468
84615.9
-854790
-805798
-1.41854e+06
-904690
-661718
-624690
-1.18751e+06
-676280
-83193.2
-87889.8
-214524
-71671.6
223618
231995
606388
188594
-268171
-281162
-937867
-158295
206528
240037
923443
86159.5
-844601
-794727
-1.39179e+06
-896385
-640823
-604199
-1.15864e+06
-652443
-75642
-77322.1
-194841
-64666.3
231816
246162
626269
206004
-247362
-277102
-967661
-127781
201774
236145
932237
83576.5
-853136
-804632
-1.39865e+06
-907555
-622726
-589541
-1.14736e+06
-625393
-42016.3
-49815
-161798
-18848.6
263444
271277
656829
242277
-266624
-299470
-1.0246e+06
-153352
188245
223609
921616
60068.7
-881658
-829562
-1.43593e+06
-945783
-615692
-592710
-1.16113e+06
-624069
-32251.1
-44474.9
-164993
-13971
266473
270159
647035
246869
-275956
-302269
-1.02864e+06
-166423
172576
215779
919558
41304.9
-910761
-854231
-1.47399e+06
-975216
-608270
-574445
-1.16137e+06
-605101
4198.09
-1134.2
-114184
39677.2
284002
287063
667761
265229
-296238
-329034
-1.04629e+06
-198993
197666
242201
970003
80280.7
-908100
-854900
-1.46388e+06
-964274
-578128
-570448
-1.12535e+06
-577257
28014.2
9767.97
-100311
58880.1
283638
285012
672966
267921
-345724
-370176
-1.10228e+06
-270354
192521
232304
944466
73555.4
-942532
-893149
-1.5203e+06
-1.0158e+06
-627924
-619760
-1.21271e+06
-647446
24130.7
2882.17
-109684
54401.3
260371
255113
638899
209635
-389470
-403263
-1.12947e+06
-309919
199761
237495
942083
83180.5
-965574
-905945
-1.52945e+06
-1.03543e+06
-669161
-652541
-1.25399e+06
-686372
-3017.93
-21259.2
-148004
21191.3
231623
240020
647140
187240
-444437
-462405
-1.19827e+06
-388079
182740
222092
908067
67822.9
-983735
-925753
-1.53773e+06
-1.0675e+06
-710383
-693245
-1.31684e+06
-735476
-12943.6
-29958.7
-170138
18331.7
214439
220424
653823
147933
-507821
-512577
-1.22431e+06
-466610
196212
235112
923981
86622
-987040
-919083
-1.49927e+06
-1.07055e+06
-744170
-727894
-1.34431e+06
-776582
-27297.2
-48446.7
-193783
-4474.57
186507
202765
673552
113320
-561888
-570676
-1.25582e+06
-545527
191818
220795
885907
75625.1
-1.00319e+06
-945465
-1.51807e+06
-1.09693e+06
-780993
-766019
-1.42208e+06
-811268
-19561.4
-39325
-194449
8613.97
166077
169884
667441
74207.3
-640353
-632053
-1.32534e+06
-641388
184633
226838
890853
60547.4
-1.02685e+06
-952597
-1.49691e+06
-1.13931e+06
-807049
-782843
-1.41694e+06
-871566
-45289.5
-61115.2
-214934
-52797.5
102670
130755
607904
11979.8
-655190
-624379
-1.31407e+06
-644257
197690
240623
934076
100044
-1.03341e+06
-958806
-1.46393e+06
-1.1389e+06
-816815
-774259
-1.35585e+06
-871196
-48874.5
-52760.1
-141053
-39999.6
98099.8
132887
624995
5513.31
-610990
-589621
-1.25867e+06
-591053
241459
276279
958524
143098
-1.00932e+06
-934935
-1.41818e+06
-1.11828e+06
-776513
-738222
-1.28114e+06
-834613
-20643.3
-26781.7
-80255.2
-22756.1
126754
160488
675595
40298.7
-604903
-588199
-1.26282e+06
-589038
265251
295899
978866
176207
-995063
-920591
-1.35959e+06
-1.11439e+06
-751623
-711680
-1.20752e+06
-817680
-4491.54
-8744.08
-18316.2
-10475.1
146205
179260
713804
56293.5
-631417
-611916
-1.28675e+06
-626434
291109
321820
1.0172e+06
195737
-985360
-902891
-1.29146e+06
-1.11823e+06
-744632
-703013
-1.12896e+06
-831662
-30163.8
-27675.5
-5205.01
-59384.2
140606
176905
712923
48987.7
-669894
-646188
-1.31409e+06
-676156
288739
325017
1.01473e+06
202942
-978070
-894874
-1.24424e+06
-1.11104e+06
-741329
-689588
-1.07279e+06
-824594
-38854.1
-25675
36128.9
-69986.6
123360
159171
701900
26594.3
51641.4
34330
-7040.66
78770.3
-2.11453e+06
-1.99465e+06
-3.26864e+06
-2.30146e+06
-508624
-510665
-1.01592e+06
-504367
252442
296847
1.17502e+06
94557.9
-33764.3
-1580.38
218610
-97319.1
96773.2
-6624.18
-954486
336248
42691.6
30593.7
21064
57714.1
-2.17272e+06
-2.03773e+06
-3.35991e+06
-2.34628e+06
-597799
-583129
-1.12687e+06
-591092
223399
275013
1.17635e+06
55811.9
21165.8
57422.7
328728
-34059.9
137119
35654.4
-889776
387432
14239
944.695
3818.38
18657.7
-2.22088e+06
-2.09445e+06
-3.45817e+06
-2.41038e+06
-665532
-654478
-1.24539e+06
-671578
188977
242039
1.17381e+06
-2881.46
97548.9
123010
447036
37203.7
194762
87600.6
-828595
457293
8446.39
3021.47
21357.5
10465.2
-2.26003e+06
-2.11973e+06
-3.51409e+06
-2.44072e+06
-727459
-708701
-1.33748e+06
-732833
161006
223483
1.1939e+06
-38883.8
180971
210391
601604
129876
255823
148302
-745143
533254
23019.9
27746.9
77709.6
25542.8
-2.25911e+06
-2.12389e+06
-3.52818e+06
-2.4357e+06
-777808
-751543
-1.42341e+06
-787709
148853
216984
1.20171e+06
-51214.3
246215
271624
705948
205690
338416
221039
-636324
619153
42847.8
38914.2
139637
31849.5
-2.28233e+06
-2.14e+06
-3.59434e+06
-2.44641e+06
-851739
-818842
-1.53142e+06
-866863
127387
198125
1.21234e+06
-92718
297135
311120
785873
238177
426458
310102
-501688
716438
36189
48583.2
129455
37922.8
-2.27283e+06
-2.14153e+06
-3.5698e+06
-2.46335e+06
-877747
-847569
-1.57941e+06
-907116
111754
198356
1.21126e+06
-84700.1
269776
281921
775787
214506
468170
348821
-427042
746238
40556.1
41803.4
111149
47823.8
-2.29399e+06
-2.1619e+06
-3.57003e+06
-2.47894e+06
-882631
-855579
-1.58443e+06
-896751
131730
201672
1.19705e+06
-61474.4
263242
264676
746922
200149
478459
352660
-408940
761797
22407.5
22599.8
47602.4
33900.1
-2.31609e+06
-2.18429e+06
-3.59746e+06
-2.5191e+06
-896045
-871455
-1.63676e+06
-911314
111480
181452
1.14272e+06
-82804.3
245078
247682
721033
177967
484142
363956
-401285
771001
-1339.26
1658.17
-26896.9
18942
-2.3371e+06
-2.19174e+06
-3.58478e+06
-2.54166e+06
-914425
-890134
-1.6862e+06
-927453
110956
179798
1.10778e+06
-72979.1
213046
223836
674972
147140
493636
375377
-384051
783551
-2556.19
2428.2
-57079.8
27287.3
-2.32584e+06
-2.17858e+06
-3.53079e+06
-2.53397e+06
-948910
-917282
-1.74681e+06
-966993
96169.4
161034
1.0366e+06
-79313.3
159053
172380
589063
95687.1
528442
408049
-309768
813024
-2636.8
-8431.54
-104847
33830.1
-2.33415e+06
-2.18434e+06
-3.53719e+06
-2.53915e+06
-979338
-942600
-1.79496e+06
-983351
95468.6
157072
996873
-69819
106731
116421
495522
32821.1
576231
455385
-234629
872292
24057.9
18336.7
-112203
63689.1
-2.36183e+06
-2.22014e+06
-3.57595e+06
-2.59502e+06
-946408
-911885
-1.76842e+06
-961948
115475
188498
1.00253e+06
-42744.6
45867.9
72078.9
434294
-29506.2
599066
470268
-243525
902713
50690.4
41900.3
-72290.4
87942.2
-2.42777e+06
-2.26805e+06
-3.63279e+06
-2.6579e+06
-904934
-869075
-1.68525e+06
-901244
155018
214835
1.07925e+06
-7409.77
34005.5
52816.6
419413
-53035.1
587900
450062
-314626
890465
63725.2
44711.1
-65902.4
105103
-2.47942e+06
-2.32861e+06
-3.70572e+06
-2.72852e+06
-870090
-847498
-1.67334e+06
-859879
153855
213071
1.09906e+06
-18424.4
659.024
20767
391188
-95488.4
566216
427310
-383811
882756
59778.8
45570.9
-98493.6
108132
-2.55474e+06
-2.38694e+06
-3.78191e+06
-2.8133e+06
-844397
-824344
-1.66541e+06
-825890
163635
224592
1.13618e+06
-11212.6
-52551.5
-23488
334440
-159426
532128
395930
-489126
860171
77612
65774.4
-97228.6
137215
-2.5997e+06
-2.42864e+06
-3.81458e+06
-2.87231e+06
-809624
-788362
-1.63772e+06
-790842
181207
250553
1.16548e+06
14286.4
-108761
-72220.4
271112
-221712
539793
399015
-521328
875904
92926.6
64905.3
-103356
149202
-2.65088e+06
-2.4728e+06
-3.86389e+06
-2.92566e+06
-768214
-747891
-1.56188e+06
-735860
207976
266371
1.22774e+06
34042.9
-157295
-119898
228719
-282025
541551
395213
-563710
890445
69792.1
51863.5
-162160
141675
-2.66942e+06
-2.47638e+06
-3.88733e+06
-2.93485e+06
-760841
-744433
-1.58099e+06
-745135
218173
301730
1.25954e+06
72286.8
-220706
-172161
134627
-334115
503736
346344
-646665
839532
81653.9
51290
-164507
136246
-2.6463e+06
-2.46335e+06
-3.90559e+06
-2.90017e+06
-717749
-701919
-1.49111e+06
-704860
305493
359205
1.36466e+06
149005
-199464
-169661
123759
-324318
439891
280171
-752916
754063
74436.4
43941.7
-164713
134207
-2.6341e+06
-2.46013e+06
-3.92e+06
-2.88785e+06
-673226
-658690
-1.40411e+06
-656344
337857
397235
1.43741e+06
184228
-195459
-167449
134804
-321605
377814
227190
-827607
693817
70061.6
48974.9
-195265
136992
-2.61409e+06
-2.432e+06
-3.92096e+06
-2.85333e+06
-619095
-604453
-1.3219e+06
-598550
410770
466913
1.5429e+06
265669
-190863
-153775
137149
-313829
321606
181807
-910083
635137
67205.5
51687.4
-200253
146245
-2.5863e+06
-2.41436e+06
-3.8999e+06
-2.8177e+06
-611326
-593176
-1.29745e+06
-587092
457620
514062
1.60255e+06
324406
-241762
-202247
56961
-360047
281368
139670
-949596
584031
60514.2
22573
-256982
134087
-2.56998e+06
-2.40077e+06
-3.94285e+06
-2.77738e+06
-598084
-588036
-1.27626e+06
-577541
523383
566661
1.69612e+06
392320
-276942
-246937
-26993.8
-397534
243528
106994
-1.00075e+06
549913
63260.6
45905.4
-234401
158705
-2.57636e+06
-2.42678e+06
-3.97146e+06
-2.80435e+06
-600556
-592163
-1.22027e+06
-590927
543645
598962
1.72248e+06
414397
-316227
-268597
-38582.6
-454648
271719
142927
-961312
574229
88237.7
55075.8
-243883
192095
-2.65293e+06
-2.50364e+06
-4.10686e+06
-2.87148e+06
-584937
-570881
-1.17252e+06
-559924
551503
592588
1.74938e+06
402876
-305216
-261557
-2969.85
-438842
280908
151206
-958912
601034
89142.8
49294.5
-310656
207295
-2.74692e+06
-2.59513e+06
-4.28186e+06
-2.97953e+06
-577471
-569628
-1.18916e+06
-553250
504644
557339
1.72246e+06
347114
-304712
-262412
2499.62
-447722
297893
166416
-986167
631737
84268.7
45203.2
-390930
221055
-2.83579e+06
-2.67435e+06
-4.42908e+06
-3.06261e+06
-566830
-556047
-1.18372e+06
-533252
487406
539006
1.71433e+06
324685
-312969
-264124
17866.5
-458615
317104
181493
-996834
667068
98949.7
52515.4
-430803
246212
-2.90063e+06
-2.74521e+06
-4.54784e+06
-3.14087e+06
-578496
-573442
-1.2141e+06
-556896
476355
530725
1.7049e+06
312232
-353220
-305155
-26552.6
-513083
362574
210989
-964636
706784
123894
61072.8
-465291
280657
-2.95872e+06
-2.78656e+06
-4.66125e+06
-3.17669e+06
-552418
-542323
-1.1536e+06
-525172
488213
537581
1.75218e+06
316925
-345587
-295206
8225.07
-505542
424488
278352
-883885
788494
144931
80816.6
-466613
308262
-2.94631e+06
-2.79088e+06
-4.67156e+06
-3.17826e+06
-527319
-524139
-1.17208e+06
-495213
491151
553906
1.73762e+06
340798
-367269
-290397
-14279.3
-498430
423923
263949
-903854
783933
153083
100148
-385256
291452
-2.96957e+06
-2.80279e+06
-4.67662e+06
-3.22059e+06
-529370
-514010
-1.17382e+06
-493488
517386
580429
1.78799e+06
352274
-326785
-255140
38354.2
-464920
349524
199124
-1.01735e+06
698119
150908
98730.5
-314921
278371
-2.99097e+06
-2.82311e+06
-4.65343e+06
-3.25273e+06
-525327
-520099
-1.19905e+06
-483752
532091
593591
1.85228e+06
364828
-281517
-213176
116162
-413401
298929
149673
-1.08196e+06
648489
169421
125265
-228096
286715
-2.99248e+06
-2.81797e+06
-4.60137e+06
-3.26553e+06
-485810
-484506
-1.17836e+06
-428165
575079
636124
1.93958e+06
405524
-210317
-144882
228894
-337898
234402
92773.8
-1.17858e+06
579348
202553
167423
-131768
324290
-2.98822e+06
-2.81077e+06
-4.54268e+06
-3.26961e+06
-455626
-461217
-1.18143e+06
-389156
611739
673601
1.98172e+06
455146
-168100
-103887
273761
-283695
214082
71029.6
-1.21807e+06
551980
232584
185300
-50205.3
336890
-2.99669e+06
-2.81246e+06
-4.53173e+06
-3.27206e+06
-448762
-454368
-1.20442e+06
-372871
639495
693955
2.03108e+06
479983
-134715
-80054.4
303803
-250685
173764
41586.4
-1.27102e+06
518119
-530303
-479144
-551820
-644703
990214
1.00104e+06
2.24224e+06
924329
1.30373e+06
1.13451e+06
977229
1.63185e+06
-222133
-181698
-35238.7
-307958
-1.17997e+06
-1.1135e+06
-1.86751e+06
-1.27682e+06
1.00669e+06
883191
675353
1.27125e+06
-579770
-530055
-602053
-709543
1.03127e+06
1.04611e+06
2.29987e+06
980700
1.28874e+06
1.12523e+06
924140
1.63745e+06
-207210
-154052
-2600.74
-288106
-1.21211e+06
-1.14363e+06
-1.89294e+06
-1.3158e+06
1.04105e+06
928022
748442
1.31797e+06
-614508
-553615
-632607
-744958
1.04522e+06
1.0539e+06
2.32542e+06
994266
1.27942e+06
1.11201e+06
874948
1.62839e+06
-211907
-155863
16826.3
-296455
-1.2954e+06
-1.22015e+06
-2.01053e+06
-1.41125e+06
1.10184e+06
976938
786154
1.40445e+06
-644886
-582512
-656525
-784084
1.09855e+06
1.09979e+06
2.38776e+06
1.05892e+06
1.28386e+06
1.11658e+06
870286
1.63309e+06
-141189
-91716
135443
-219391
-1.33262e+06
-1.25454e+06
-2.02633e+06
-1.46018e+06
1.15661e+06
1.0194e+06
854965
1.45889e+06
-715193
-644311
-743560
-848764
1.13446e+06
1.14129e+06
2.41556e+06
1.11126e+06
1.28631e+06
1.12771e+06
844014
1.6517e+06
-90299
-32995
212570
-170657
-1.37989e+06
-1.29194e+06
-2.07181e+06
-1.5063e+06
1.18855e+06
1.06386e+06
899593
1.50361e+06
-753596
-684958
-815369
-897239
1.17859e+06
1.16912e+06
2.43404e+06
1.16687e+06
1.29179e+06
1.11806e+06
803335
1.66173e+06
-40345.4
9379.77
295803
-106639
-1.41072e+06
-1.32384e+06
-2.12476e+06
-1.54336e+06
1.24736e+06
1.09686e+06
937771
1.57672e+06
-749165
-671118
-794333
-892913
1.19634e+06
1.15886e+06
2.42992e+06
1.16048e+06
1.36661e+06
1.18776e+06
883258
1.74654e+06
-17340.4
7207.54
310562
-86192.1
-1.43896e+06
-1.34703e+06
-2.13933e+06
-1.5824e+06
1.26286e+06
1.09125e+06
902853
1.58609e+06
-736887
-655982
-759330
-894721
1.17182e+06
1.14416e+06
2.41936e+06
1.13526e+06
1.45759e+06
1.27884e+06
1.00603e+06
1.85196e+06
-23200.9
12995.2
294680
-88039.7
-1.45629e+06
-1.35883e+06
-2.14344e+06
-1.61262e+06
1.23656e+06
1.07335e+06
857002
1.56751e+06
-695016
-607994
-663905
-841731
1.1332e+06
1.10871e+06
2.40062e+06
1.08407e+06
1.55457e+06
1.37252e+06
1.15065e+06
1.96693e+06
-19717
15982
302680
-77839.7
-1.50321e+06
-1.39997e+06
-2.20382e+06
-1.66189e+06
1.23942e+06
1.066e+06
796441
1.58946e+06
-646321
-562119
-564507
-793639
1.11823e+06
1.10074e+06
2.41014e+06
1.06293e+06
1.66773e+06
1.47577e+06
1.3198e+06
2.08636e+06
15750.1
44505.3
341351
-39165.9
-1.51603e+06
-1.40881e+06
-2.18128e+06
-1.68154e+06
1.23657e+06
1.05855e+06
770616
1.58005e+06
-619478
-542257
-510483
-763004
1.12161e+06
1.11014e+06
2.44523e+06
1.06384e+06
1.77529e+06
1.57179e+06
1.46462e+06
2.2217e+06
27098.5
53004
350335
-26643.8
-1.52793e+06
-1.42225e+06
-2.15988e+06
-1.70771e+06
1.20604e+06
1.03025e+06
714024
1.55e+06
-591808
-501728
-448035
-733343
1.12452e+06
1.11866e+06
2.47735e+06
1.06983e+06
1.8595e+06
1.65448e+06
1.55638e+06
2.31574e+06
35389.3
70974.4
367594
-6868.84
-1.54143e+06
-1.4232e+06
-2.13688e+06
-1.72607e+06
1.17722e+06
1.00044e+06
659615
1.52612e+06
-599064
-531949
-469609
-755014
1.14964e+06
1.13955e+06
2.50236e+06
1.08073e+06
1.93866e+06
1.71041e+06
1.63965e+06
2.3789e+06
60191.8
73011.6
376884
-239.709
-1.54627e+06
-1.44317e+06
-2.13868e+06
-1.74738e+06
1.16625e+06
1.00333e+06
647336
1.49233e+06
-666025
-597760
-593311
-827980
1.19538e+06
1.19488e+06
2.59261e+06
1.13852e+06
2.01132e+06
1.78607e+06
1.73623e+06
2.46797e+06
52772.8
80535.9
371952
-1716.86
-1.59337e+06
-1.4886e+06
-2.20449e+06
-1.80356e+06
1.16729e+06
1.02285e+06
690656
1.4987e+06
-702689
-622115
-646726
-862469
1.25587e+06
1.25516e+06
2.73467e+06
1.19086e+06
2.10236e+06
1.87713e+06
1.87078e+06
2.57038e+06
56164.8
88796.3
400938
-2684.88
-1.66508e+06
-1.54968e+06
-2.29098e+06
-1.89143e+06
1.23162e+06
1.08203e+06
796052
1.57253e+06
-770838
-696038
-738664
-950414
1.29573e+06
1.29191e+06
2.83025e+06
1.22451e+06
2.16128e+06
1.92499e+06
1.97368e+06
2.62921e+06
92674.8
116035
485726
24437.6
-1.72337e+06
-1.60604e+06
-2.34148e+06
-1.963e+06
1.26919e+06
1.11413e+06
905748
1.593e+06
-843392
-754532
-848805
-990665
1.35247e+06
1.3633e+06
2.94312e+06
1.31021e+06
2.24165e+06
2.01313e+06
2.09422e+06
2.74518e+06
106038
144407
527098
46631.6
-1.77998e+06
-1.64904e+06
-2.40678e+06
-2.0072e+06
1.30099e+06
1.16486e+06
981366
1.64245e+06
-881721
-791523
-964662
-1.03986e+06
1.44051e+06
1.43888e+06
3.0553e+06
1.40119e+06
2.34925e+06
2.10506e+06
2.19523e+06
2.85539e+06
139725
174828
583616
79517.7
-1.80931e+06
-1.67481e+06
-2.46297e+06
-2.0459e+06
1.35739e+06
1.20129e+06
1.0455e+06
1.70112e+06
-862700
-772737
-958234
-1.01783e+06
1.51298e+06
1.48115e+06
3.14542e+06
1.45174e+06
2.40164e+06
2.11386e+06
2.23518e+06
2.89585e+06
127066
134719
548651
57748
-1.79271e+06
-1.6571e+06
-2.44127e+06
-2.00611e+06
1.41533e+06
1.23129e+06
1.10099e+06
1.75272e+06
-863842
-773066
-963897
-1.01752e+06
1.53986e+06
1.51932e+06
3.20534e+06
1.49479e+06
2.35889e+06
2.08266e+06
2.1778e+06
2.86458e+06
62028.8
87626.8
442377
-2125.56
-1.77595e+06
-1.64699e+06
-2.46106e+06
-1.97666e+06
1.40939e+06
1.23753e+06
1.11429e+06
1.75699e+06
-840851
-754581
-971329
-982495
1.57663e+06
1.54248e+06
3.24446e+06
1.53242e+06
2.33924e+06
2.05815e+06
2.12089e+06
2.84306e+06
-3614.73
19515.4
319334
-69756.1
-1.78241e+06
-1.66365e+06
-2.56598e+06
-1.96673e+06
1.43982e+06
1.25417e+06
1.10614e+06
1.79996e+06
-859130
-772976
-1.01406e+06
-995739
1.56535e+06
1.53177e+06
3.21193e+06
1.52547e+06
2.2622e+06
1.98885e+06
2.01662e+06
2.75053e+06
-66046.6
-43471.5
201361
-137167
-1.81305e+06
-1.69492e+06
-2.66947e+06
-1.98865e+06
1.43033e+06
1.24073e+06
1.08806e+06
1.77924e+06
-862480
-769204
-1.04458e+06
-988473
1.60411e+06
1.58601e+06
3.25685e+06
1.57002e+06
2.23127e+06
1.97247e+06
1.97556e+06
2.72037e+06
-110404
-78197.5
120814
-193964
-1.80752e+06
-1.6934e+06
-2.72273e+06
-1.97805e+06
1.43646e+06
1.26139e+06
1.09409e+06
1.78684e+06
-825220
-742784
-1.02338e+06
-943640
1.68015e+06
1.64389e+06
3.36241e+06
1.66507e+06
2.22309e+06
1.95655e+06
1.96429e+06
2.71586e+06
-138377
-102815
96107.8
-208795
-1.78946e+06
-1.68498e+06
-2.74149e+06
-1.94352e+06
1.45419e+06
1.26573e+06
1.11546e+06
1.81717e+06
-797077
-735308
-977877
-921586
1.69034e+06
1.64256e+06
3.38445e+06
1.66693e+06
2.17905e+06
1.90198e+06
1.86428e+06
2.66574e+06
-195147
-173029
3840.3
-283812
-1.8256e+06
-1.71417e+06
-2.81132e+06
-1.98033e+06
1.44308e+06
1.24033e+06
1.05452e+06
1.79848e+06
-813032
-742771
-980111
-945487
1.7029e+06
1.66777e+06
3.41762e+06
1.68229e+06
2.14938e+06
1.8824e+06
1.75478e+06
2.65512e+06
-254971
-219410
-94806.8
-349490
-1.83008e+06
-1.71858e+06
-2.85206e+06
-1.98441e+06
1.43469e+06
1.24741e+06
1.02775e+06
1.79939e+06
-788762
-714738
-911448
-921014
1.72112e+06
1.68095e+06
3.48432e+06
1.69337e+06
2.14923e+06
1.87395e+06
1.70431e+06
2.66167e+06
-321165
-279765
-173815
-422831
-1.84639e+06
-1.73895e+06
-2.90036e+06
-1.99941e+06
1.4779e+06
1.27863e+06
1.03753e+06
1.86187e+06
-786074
-717754
-878502
-934715
1.73706e+06
1.70315e+06
3.5354e+06
1.70637e+06
2.10674e+06
1.82707e+06
1.59892e+06
2.61886e+06
-353872
-314771
-229226
-457393
-1.87441e+06
-1.77522e+06
-2.97121e+06
-2.02783e+06
1.49822e+06
1.28928e+06
1.03389e+06
1.88265e+06
-798572
-726812
-869681
-946470
1.77644e+06
1.73515e+06
3.6195e+06
1.73589e+06
2.09427e+06
1.81336e+06
1.52444e+06
2.61231e+06
-403911
-366090
-303073
-524991
-1.91403e+06
-1.81781e+06
-3.06009e+06
-2.06318e+06
1.50168e+06
1.29198e+06
1.01149e+06
1.88285e+06
-818014
-737040
-868183
-974177
1.78595e+06
1.75381e+06
3.67535e+06
1.7515e+06
2.06269e+06
1.78727e+06
1.45227e+06
2.59061e+06
-460902
-406928
-354502
-581964
-1.95525e+06
-1.85191e+06
-3.13941e+06
-2.107e+06
1.49372e+06
1.28744e+06
1.00167e+06
1.88974e+06
-810120
-731118
-830728
-967173
1.76115e+06
1.72334e+06
3.64612e+06
1.71386e+06
2.06515e+06
1.79026e+06
1.42035e+06
2.59086e+06
-492136
-442418
-419479
-615681
-1.9661e+06
-1.8635e+06
-3.14268e+06
-2.10577e+06
1.4966e+06
1.30474e+06
987544
1.91088e+06
-802649
-731249
-805851
-976081
1.73803e+06
1.70538e+06
3.62199e+06
1.6926e+06
2.10419e+06
1.83555e+06
1.47862e+06
2.63412e+06
-498672
-437679
-441076
-618506
-1.96115e+06
-1.86632e+06
-3.15835e+06
-2.09646e+06
1.55158e+06
1.36273e+06
1.04986e+06
1.98126e+06
-804156
-714495
-751349
-984443
1.67024e+06
1.64683e+06
3.57581e+06
1.59713e+06
2.14126e+06
1.87869e+06
1.58978e+06
2.65939e+06
-523482
-454221
-441673
-655794
-2.01493e+06
-1.91237e+06
-3.24249e+06
-2.16361e+06
1.61307e+06
1.41593e+06
1.10298e+06
2.05806e+06
-802947
-712320
-700382
-995949
1.6245e+06
1.60735e+06
3.53561e+06
1.54176e+06
2.18308e+06
1.91732e+06
1.68942e+06
2.70071e+06
-519550
-456667
-421097
-656452
-2.03733e+06
-1.93502e+06
-3.25552e+06
-2.19609e+06
1.67455e+06
1.46993e+06
1.18513e+06
2.12056e+06
-801271
-716023
-653379
-991003
1.60835e+06
1.59649e+06
3.54761e+06
1.52605e+06
2.22517e+06
1.9597e+06
1.77479e+06
2.74511e+06
-511368
-444931
-389515
-652021
-2.05063e+06
-1.95182e+06
-3.2564e+06
-2.20282e+06
1.73537e+06
1.525e+06
1.2653e+06
2.19072e+06
-807035
-706545
-630675
-1.01585e+06
1.585e+06
1.58209e+06
3.53793e+06
1.49477e+06
2.2554e+06
1.99247e+06
1.86066e+06
2.7603e+06
-512164
-436329
-350617
-658611
-2.07907e+06
-1.97365e+06
-3.30029e+06
-2.2497e+06
1.78113e+06
1.56087e+06
1.31069e+06
2.24195e+06
419993
383582
760826
416569
1.81326e+06
1.74019e+06
3.3368e+06
1.85352e+06
-826956
-708959
-123373
-1.15299e+06
-192407
-59075.9
1.35647e+06
-564095
-1.3678e+06
-1.30935e+06
-2.3255e+06
-1.43745e+06
493333
402635
224926
636154
327576
309279
650395
318680
1.85172e+06
1.79107e+06
3.38894e+06
1.90082e+06
-893771
-753487
-207746
-1.22563e+06
-224429
-75813.9
1.34228e+06
-591971
-1.38486e+06
-1.31985e+06
-2.33585e+06
-1.45816e+06
482122
406438
207465
634404
227365
213597
519365
194361
1.89166e+06
1.82173e+06
3.43408e+06
1.95391e+06
-971952
-823945
-305446
-1.31321e+06
-259094
-110264
1.27933e+06
-634261
-1.36952e+06
-1.30022e+06
-2.29978e+06
-1.44455e+06
450531
372395
132807
602201
163149
157241
454388
122597
1.93974e+06
1.86061e+06
3.45927e+06
2.01295e+06
-973024
-833326
-318477
-1.31593e+06
-242310
-96930.9
1.31604e+06
-621115
-1.32325e+06
-1.25325e+06
-2.18219e+06
-1.40881e+06
468481
382130
153142
620303
93092.7
103393
377193
26386.4
1.9885e+06
1.90691e+06
3.51524e+06
2.06172e+06
-1.01248e+06
-859242
-352399
-1.37265e+06
-248003
-83459.8
1.34573e+06
-643568
-1.30746e+06
-1.22971e+06
-2.1161e+06
-1.39773e+06
464789
388633
155661
615405
36463.4
59823.4
348380
-23366.3
2.04104e+06
1.96223e+06
3.60448e+06
2.13731e+06
-1.02948e+06
-855896
-316410
-1.37677e+06
-224782
-64868.6
1.42788e+06
-615336
-1.28737e+06
-1.20485e+06
-2.03822e+06
-1.38713e+06
478373
405843
187832
639193
36867.1
52968
357462
-29238.9
2.05938e+06
1.95814e+06
3.58696e+06
2.14289e+06
-1.03194e+06
-870255
-294509
-1.40756e+06
-224108
-77122
1.45209e+06
-631032
-1.31274e+06
-1.23665e+06
-2.06513e+06
-1.42672e+06
499079
413296
210376
648259
27703.7
51859.2
368843
-36600.6
2.03378e+06
1.94327e+06
3.56094e+06
2.1234e+06
-1.06823e+06
-883914
-258159
-1.45387e+06
-271004
-112326
1.44416e+06
-681183
-1.38538e+06
-1.30395e+06
-2.15644e+06
-1.50978e+06
491031
417115
228663
647317
47115.9
70044.6
402514
-19167.5
2.05265e+06
1.95395e+06
3.55371e+06
2.15507e+06
-1.06346e+06
-873884
-188182
-1.46039e+06
-268575
-108751
1.45821e+06
-685517
-1.39558e+06
-1.30971e+06
-2.17425e+06
-1.51609e+06
523175
442144
249665
687317
54776.7
75666.1
425399
-15020.4
2.02334e+06
1.91674e+06
3.46063e+06
2.12294e+06
-1.05019e+06
-866716
-110717
-1.4685e+06
-272788
-115152
1.47205e+06
-702482
-1.4248e+06
-1.33616e+06
-2.17557e+06
-1.56449e+06
529368
440943
256024
685994
64084.4
95161.7
450582
-9531.8
1.98442e+06
1.89333e+06
3.39861e+06
2.08715e+06
-1.06395e+06
-850159
-41319.8
-1.4882e+06
-302180
-118800
1.48465e+06
-746162
-1.49097e+06
-1.38776e+06
-2.25247e+06
-1.63195e+06
512551
443245
253583
674176
81923.3
105961
479567
17830.4
1.99429e+06
1.89449e+06
3.40232e+06
2.10633e+06
-1.03685e+06
-830973
58418.3
-1.47015e+06
-289648
-121641
1.54381e+06
-739391
-1.54618e+06
-1.45037e+06
-2.326e+06
-1.70649e+06
540746
457739
292413
703209
69596.3
95788.9
451320
4594.07
2.01934e+06
1.9252e+06
3.42521e+06
2.12588e+06
-1.05493e+06
-851434
38672.4
-1.49587e+06
-339166
-146065
1.52653e+06
-807406
-1.61346e+06
-1.50553e+06
-2.41106e+06
-1.76231e+06
563624
485386
312096
738167
53320.8
81664.5
422251
2112.13
2.04382e+06
1.94902e+06
3.48647e+06
2.15295e+06
-1.07356e+06
-863425
6837.72
-1.51257e+06
-374728
-176726
1.53399e+06
-851873
-1.67125e+06
-1.56807e+06
-2.55209e+06
-1.81343e+06
590450
507148
318382
778844
34374.6
61941.8
372490
-27738.4
2.0721e+06
1.97443e+06
3.54556e+06
2.17486e+06
-1.08853e+06
-872993
-4800.55
-1.5317e+06
-414032
-202191
1.5308e+06
-912556
-1.69342e+06
-1.58803e+06
-2.62437e+06
-1.83302e+06
610063
521390
304289
798578
43284.8
70661.9
401092
-16672.9
2.09089e+06
1.99679e+06
3.60919e+06
2.18695e+06
-1.0548e+06
-846329
67940.2
-1.49941e+06
-410611
-201843
1.61731e+06
-928237
-1.72823e+06
-1.62468e+06
-2.67471e+06
-1.87594e+06
648872
556023
369436
838855
47936.2
86997.5
403308
-5695.04
2.10752e+06
2.01625e+06
3.66749e+06
2.2112e+06
-1.06142e+06
-845745
70618
-1.49534e+06
-439116
-204280
1.65299e+06
-956046
-1.78789e+06
-1.68003e+06
-2.79874e+06
-1.91613e+06
666602
571259
381653
868929
70029.7
98284.3
407818
18081.4
2.13911e+06
2.04275e+06
3.72182e+06
2.23307e+06
-1.0518e+06
-835523
73707.4
-1.49368e+06
-424616
-202570
1.69839e+06
-969065
-1.84473e+06
-1.74143e+06
-2.943e+06
-1.991e+06
685017
584757
376518
881160
98927.1
117102
450732
46106.9
2.19409e+06
2.10536e+06
3.84347e+06
2.29086e+06
-1.07412e+06
-879374
22628.1
-1.52202e+06
-421285
-201505
1.75287e+06
-969831
-1.87889e+06
-1.7803e+06
-2.99687e+06
-2.02258e+06
680365
574814
368634
879115
120440
140993
485782
71168.2
2.26111e+06
2.16945e+06
3.95944e+06
2.357e+06
-1.12171e+06
-919249
-75523.2
-1.57117e+06
-435490
-210781
1.77939e+06
-989088
-1.94969e+06
-1.8561e+06
-3.12065e+06
-2.1088e+06
662162
556180
324809
860278
187455
205038
593746
145462
2.35267e+06
2.25824e+06
4.11113e+06
2.46771e+06
-1.14888e+06
-942146
-132063
-1.58818e+06
-414908
-184988
1.83775e+06
-970335
-1.96124e+06
-1.85834e+06
-3.14024e+06
-2.10928e+06
662239
553841
291795
871470
244495
265999
694784
208896
2.43614e+06
2.33968e+06
4.23918e+06
2.5547e+06
-1.14499e+06
-939159
-147479
-1.57875e+06
-388740
-156747
1.9172e+06
-952013
-1.97689e+06
-1.86628e+06
-3.13271e+06
-2.13393e+06
661941
555858
275874
874375
310188
320621
783720
270638
2.52725e+06
2.4159e+06
4.38069e+06
2.64891e+06
-1.15306e+06
-952578
-175900
-1.58809e+06
-366844
-123312
1.9969e+06
-939584
-2.02504e+06
-1.92345e+06
-3.21304e+06
-2.18988e+06
652056
536307
243780
859825
352852
368940
868932
322822
2.59748e+06
2.48501e+06
4.50258e+06
2.72458e+06
-1.16787e+06
-954045
-188458
-1.59859e+06
-324361
-86711.1
2.11199e+06
-905505
-2.09482e+06
-1.98172e+06
-3.30102e+06
-2.2774e+06
636707
530595
230848
845732
394800
403504
949856
371316
2.62036e+06
2.50057e+06
4.55646e+06
2.72671e+06
-1.16309e+06
-964233
-181229
-1.60252e+06
-334220
-96662.2
2.13182e+06
-907072
-2.12838e+06
-1.99902e+06
-3.32922e+06
-2.29135e+06
620507
519323
228552
819674
443437
456350
1.01616e+06
435699
2.61998e+06
2.50519e+06
4.58738e+06
2.70697e+06
-1.1561e+06
-946696
-149436
-1.60635e+06
-345077
-105925
2.11626e+06
-918300
-2.15502e+06
-2.02838e+06
-3.38987e+06
-2.32132e+06
617489
521325
239772
806706
513457
510264
1.08573e+06
511235
2.62269e+06
2.51153e+06
4.65305e+06
2.70647e+06
-1.16095e+06
-949004
-113114
-1.62e+06
-356883
-119424
2.08109e+06
-933305
-2.18417e+06
-2.05517e+06
-3.44918e+06
-2.35458e+06
608064
511690
245014
789861
552355
548477
1.12781e+06
561164
2.62822e+06
2.52302e+06
4.68832e+06
2.71217e+06
-1.13692e+06
-927992
-55481.7
-1.59692e+06
-351318
-113981
2.08097e+06
-923947
-2.19291e+06
-2.0625e+06
-3.44e+06
-2.36914e+06
593741
500806
250070
773996
610153
600600
1.18967e+06
611856
2.63524e+06
2.51802e+06
4.71837e+06
2.69838e+06
-1.12538e+06
-920589
-6832.07
-1.60676e+06
-363527
-124843
2.06985e+06
-947991
-2.22082e+06
-2.09262e+06
-3.49108e+06
-2.40452e+06
583045
487520
250565
746413
658841
648318
1.26221e+06
680744
2.61623e+06
2.51711e+06
4.75189e+06
2.68195e+06
-1.13173e+06
-904395
61548
-1.6105e+06
-372121
-126883
2.08111e+06
-955302
-2.27412e+06
-2.13756e+06
-3.5566e+06
-2.46795e+06
563553
483090
269679
726349
687736
651702
1.2779e+06
672747
2.66267e+06
2.55136e+06
4.84833e+06
2.72916e+06
-1.16953e+06
-956614
2840.45
-1.65967e+06
-390352
-154043
2.0491e+06
-995914
-2.27216e+06
-2.13203e+06
-3.55619e+06
-2.45718e+06
584682
499871
318482
752129
666711
644669
1.30094e+06
656421
2.68956e+06
2.59086e+06
4.93135e+06
2.77239e+06
-1.2167e+06
-993337
-74104.8
-1.69692e+06
-419103
-176326
2.03184e+06
-1.01561e+06
-2.26238e+06
-2.12326e+06
-3.56782e+06
-2.42933e+06
607342
525834
343262
794899
647715
626845
1.30463e+06
618856
2.7422e+06
2.63427e+06
5.02051e+06
2.82345e+06
-1.2689e+06
-1.04082e+06
-161731
-1.75594e+06
-446397
-201021
1.98283e+06
-1.05294e+06
-2.2085e+06
-2.07343e+06
-3.5254e+06
-2.3673e+06
633723
545800
343824
825177
644754
628310
1.35729e+06
606498
2.76271e+06
2.65014e+06
5.05765e+06
2.83201e+06
-1.27606e+06
-1.054e+06
-192222
-1.76203e+06
-454763
-214239
1.98333e+06
-1.06943e+06
-2.15723e+06
-2.02988e+06
-3.44357e+06
-2.31755e+06
665870
571224
382412
859823
655657
663601
1.42117e+06
611740
2.79766e+06
2.7041e+06
5.1493e+06
2.88381e+06
-1.30446e+06
-1.06174e+06
-220436
-1.77905e+06
-471646
-203529
1.99502e+06
-1.0854e+06
-2.13381e+06
-1.99293e+06
-3.43194e+06
-2.26519e+06
690049
605503
411699
905780
685331
678640
1.49854e+06
638613
2.86768e+06
2.75772e+06
5.25071e+06
2.95872e+06
-1.29569e+06
-1.06708e+06
-225540
-1.77742e+06
-451482
-209531
2.02872e+06
-1.08083e+06
-2.09779e+06
-1.98511e+06
-3.44439e+06
-2.2406e+06
735684
630938
429823
948325
200628
222822
604576
171422
-98594
-189043
-1.29421e+06
144829
132771
119478
109438
160415
-1.98765e+06
-1.6959e+06
-1.00699e+06
-2.58066e+06
-879306
-872054
-2.06519e+06
-788959
1.02981e+06
944036
1.17522e+06
1.21872e+06
256167
276253
683661
235658
-76279.9
-160010
-1.29362e+06
187539
168845
151399
148754
202771
-1.98833e+06
-1.68968e+06
-990855
-2.58115e+06
-834752
-832834
-2.04074e+06
-739697
1.08743e+06
992465
1.23604e+06
1.27873e+06
303551
318610
750302
285393
-37987.2
-138757
-1.27399e+06
236127
184337
164280
155991
225389
-1.97183e+06
-1.67851e+06
-931892
-2.57816e+06
-814659
-815494
-2.0293e+06
-708427
1.17393e+06
1.07652e+06
1.34972e+06
1.38556e+06
324586
340198
762674
315044
-49028
-148311
-1.33904e+06
228893
166931
147811
91796.6
217402
-1.99388e+06
-1.69171e+06
-960887
-2.5966e+06
-790007
-799649
-2.0518e+06
-666546
1.24648e+06
1.14868e+06
1.41613e+06
1.4809e+06
383634
383631
839641
365537
-13065.2
-130801
-1.34677e+06
260875
196950
164551
111270
249042
-1.99668e+06
-1.71069e+06
-959255
-2.63218e+06
-753357
-787927
-2.06547e+06
-635499
1.33688e+06
1.20557e+06
1.48246e+06
1.5568e+06
417264
421258
911733
403003
-27577.2
-143104
-1.3787e+06
266150
209717
178197
120124
268249
-2.0384e+06
-1.73947e+06
-949239
-2.67795e+06
-763324
-792989
-2.10737e+06
-633657
1.3641e+06
1.23439e+06
1.52052e+06
1.599e+06
417700
430934
941994
394181
-56402.4
-176391
-1.47844e+06
212824
215091
195407
176470
261750
-2.1123e+06
-1.79467e+06
-999150
-2.76424e+06
-749257
-776226
-2.07304e+06
-627392
1.3742e+06
1.24494e+06
1.54115e+06
1.6117e+06
448446
453552
1.0113e+06
430706
-104338
-219613
-1.53666e+06
171944
248080
226716
286030
293776
-2.17317e+06
-1.84729e+06
-1.03926e+06
-2.82909e+06
-754905
-786039
-2.03681e+06
-643740
1.35466e+06
1.22126e+06
1.52079e+06
1.59527e+06
437993
448416
1.02592e+06
407594
-149518
-262339
-1.59835e+06
117779
239979
225298
330090
269848
-2.24069e+06
-1.91024e+06
-1.08826e+06
-2.9277e+06
-801536
-818855
-2.03837e+06
-708216
1.36508e+06
1.23767e+06
1.52415e+06
1.61402e+06
441229
455392
1.03898e+06
414913
-187768
-292004
-1.65778e+06
80758
256743
244811
386874
285462
-2.26809e+06
-1.92956e+06
-1.10388e+06
-2.95323e+06
-786973
-803369
-1.97314e+06
-697542
1.40865e+06
1.27641e+06
1.57638e+06
1.66473e+06
467144
487512
1.10584e+06
456017
-208691
-298853
-1.69999e+06
60561.6
294492
294936
499626
325856
-2.32864e+06
-1.97648e+06
-1.14887e+06
-3.03739e+06
-794200
-800688
-1.95035e+06
-708253
1.41286e+06
1.28945e+06
1.55927e+06
1.66817e+06
506160
509088
1.13032e+06
485198
-214328
-321211
-1.73203e+06
64976
352839
337272
591030
380280
-2.3746e+06
-2.02866e+06
-1.17836e+06
-3.09741e+06
-792111
-810888
-1.95043e+06
-714496
1.43565e+06
1.29211e+06
1.55752e+06
1.6977e+06
484329
479864
1.06748e+06
475647
-249033
-351072
-1.83287e+06
39791
358782
346460
600886
388527
-2.45396e+06
-2.09378e+06
-1.25786e+06
-3.18442e+06
-844840
-851870
-2.04314e+06
-747244
1.42845e+06
1.278e+06
1.53039e+06
1.68315e+06
458812
443800
978682
461883
-266561
-368309
-1.91937e+06
44730.9
384384
366117
630516
422924
-2.51795e+06
-2.15166e+06
-1.32283e+06
-3.25881e+06
-877643
-888573
-2.14801e+06
-775011
1.37127e+06
1.21167e+06
1.43421e+06
1.61401e+06
381613
369056
826440
372955
-299283
-411531
-2.02826e+06
12043.4
368526
346823
600588
398288
-2.59905e+06
-2.22635e+06
-1.39882e+06
-3.36915e+06
-951205
-963654
-2.28865e+06
-854657
1.29486e+06
1.15015e+06
1.33485e+06
1.52701e+06
347839
337607
738608
345420
-346696
-455583
-2.1563e+06
-22431.5
368995
346624
582718
404985
-2.65289e+06
-2.26672e+06
-1.42218e+06
-3.42992e+06
-997916
-1.01448e+06
-2.3978e+06
-898941
1.25922e+06
1.12517e+06
1.30683e+06
1.49326e+06
307205
290852
647872
308492
-360499
-474135
-2.26018e+06
-32947.6
374557
351655
589348
414415
-2.72399e+06
-2.33978e+06
-1.4841e+06
-3.53746e+06
-1.06269e+06
-1.08566e+06
-2.54632e+06
-967609
1.22623e+06
1.08271e+06
1.229e+06
1.44178e+06
252045
240264
532109
246808
-379203
-496835
-2.33894e+06
-32145.8
384701
359288
593105
421870
-2.79993e+06
-2.4016e+06
-1.52455e+06
-3.63109e+06
-1.13604e+06
-1.14766e+06
-2.67947e+06
-1.03911e+06
1.16738e+06
1.03468e+06
1.15369e+06
1.3802e+06
230638
229323
483322
216687
-394487
-518294
-2.38941e+06
-44827
397368
368132
597526
430702
-2.83755e+06
-2.43498e+06
-1.55328e+06
-3.66957e+06
-1.14721e+06
-1.14601e+06
-2.72645e+06
-1.03978e+06
1.13065e+06
1.02158e+06
1.16512e+06
1.34849e+06
251258
250153
518660
239271
-409725
-524487
-2.43699e+06
-49991
418135
386564
631194
453306
-2.86467e+06
-2.45825e+06
-1.59524e+06
-3.70116e+06
-1.12144e+06
-1.12502e+06
-2.72627e+06
-1.01191e+06
1.12509e+06
1.01757e+06
1.1844e+06
1.32528e+06
239907
238147
501875
230209
-414423
-536884
-2.48704e+06
-36034.2
399489
367903
603069
434405
-2.92052e+06
-2.51272e+06
-1.66904e+06
-3.76467e+06
-1.13159e+06
-1.13834e+06
-2.77988e+06
-1.00954e+06
1.12786e+06
1.03095e+06
1.20053e+06
1.34755e+06
258585
258367
540153
247723
-431348
-560173
-2.54953e+06
-59930.8
411465
379667
619228
443974
-2.93322e+06
-2.52201e+06
-1.67676e+06
-3.77991e+06
-1.10986e+06
-1.12258e+06
-2.76662e+06
-984651
1.16277e+06
1.06286e+06
1.28793e+06
1.37394e+06
281030
275685
582747
264124
-456515
-590030
-2.62227e+06
-81779
425613
392615
652996
461065
-2.97571e+06
-2.57378e+06
-1.73052e+06
-3.84188e+06
-1.1065e+06
-1.1292e+06
-2.79929e+06
-983637
1.17319e+06
1.06211e+06
1.32135e+06
1.36481e+06
279116
271330
599916
259485
-493853
-624059
-2.7046e+06
-103629
424777
389105
654026
459008
-3.05646e+06
-2.6447e+06
-1.81691e+06
-3.93174e+06
-1.13337e+06
-1.16215e+06
-2.86352e+06
-1.00845e+06
1.15209e+06
1.04781e+06
1.32433e+06
1.34138e+06
303236
306197
645440
294085
-439184
-566884
-2.66104e+06
-65259.6
381843
359463
580930
413990
-3.07947e+06
-2.64871e+06
-1.82857e+06
-3.95335e+06
-1.14005e+06
-1.15637e+06
-2.87211e+06
-1.00333e+06
1.2047e+06
1.11868e+06
1.426e+06
1.41831e+06
366756
356161
727102
362518
-396405
-529596
-2.57547e+06
-25088.1
361841
332717
513208
407086
-3.0834e+06
-2.65391e+06
-1.81125e+06
-3.95562e+06
-1.15095e+06
-1.18066e+06
-2.93434e+06
-1.01489e+06
1.25048e+06
1.1443e+06
1.48363e+06
1.46411e+06
430367
420236
817963
439337
-319261
-450496
-2.4427e+06
68647.3
339923
308811
413749
396963
-3.0756e+06
-2.64274e+06
-1.78624e+06
-3.95413e+06
-1.1613e+06
-1.18634e+06
-2.97642e+06
-1.01378e+06
1.36526e+06
1.26221e+06
1.62122e+06
1.61054e+06
453824
443712
852083
459848
-277081
-408329
-2.35048e+06
105307
293234
260645
311036
346819
-3.06672e+06
-2.63115e+06
-1.72771e+06
-3.95588e+06
-1.17339e+06
-1.19838e+06
-2.99554e+06
-1.02797e+06
1.4498e+06
1.34747e+06
1.76965e+06
1.69496e+06
491467
467529
907019
524696
-242729
-374889
-2.29265e+06
162708
261892
236099
235097
351259
-3.07289e+06
-2.63237e+06
-1.70085e+06
-3.95071e+06
-1.19922e+06
-1.2331e+06
-3.07528e+06
-1.02336e+06
1.50975e+06
1.39543e+06
1.84228e+06
1.77798e+06
517139
490727
910675
538961
-194891
-339560
-2.25739e+06
206641
255671
214627
133283
339432
-3.07782e+06
-2.64265e+06
-1.71184e+06
-3.97341e+06
-1.23834e+06
-1.27757e+06
-3.21822e+06
-1.07548e+06
1.5671e+06
1.43511e+06
1.86389e+06
1.82809e+06
497735
465742
878301
500189
-189119
-344676
-2.27147e+06
198751
227474
182466
63264.1
299956
-3.1154e+06
-2.67806e+06
-1.70508e+06
-4.01916e+06
-1.29697e+06
-1.3271e+06
-3.31034e+06
-1.12751e+06
1.57122e+06
1.42637e+06
1.86127e+06
1.81042e+06
472896
446438
846081
478699
-215071
-354701
-2.29285e+06
178935
200483
161940
8657.11
284721
-3.15897e+06
-2.70782e+06
-1.72236e+06
-4.06567e+06
-1.36602e+06
-1.38657e+06
-3.42612e+06
-1.19748e+06
1.52233e+06
1.38657e+06
1.80071e+06
1.75451e+06
462006
437143
868481
457780
-185661
-329175
-2.22448e+06
206927
188974
142462
-13854.3
265951
-3.18316e+06
-2.73524e+06
-1.71534e+06
-4.11046e+06
-1.41035e+06
-1.431e+06
-3.46365e+06
-1.25509e+06
1.53493e+06
1.40492e+06
1.86514e+06
1.76186e+06
447231
425750
867165
434920
-201943
-341395
-2.22262e+06
179589
157659
113033
-64186.2
229552
-3.20183e+06
-2.74618e+06
-1.6864e+06
-4.14527e+06
-1.44587e+06
-1.46167e+06
-3.4734e+06
-1.31049e+06
1.53863e+06
1.4138e+06
1.93203e+06
1.75319e+06
440330
427785
875402
437500
-195434
-319433
-2.20239e+06
184462
139621
109500
-91657.3
223267
-3.24392e+06
-2.78002e+06
-1.67671e+06
-4.21427e+06
-1.50198e+06
-1.50687e+06
-3.54131e+06
-1.36858e+06
1.53561e+06
1.42181e+06
1.94202e+06
1.74258e+06
433398
419513
869099
425826
-169333
-300828
-2.14048e+06
219526
142742
104378
-104578
225985
-3.28047e+06
-2.80779e+06
-1.6548e+06
-4.26213e+06
-1.55903e+06
-1.56095e+06
-3.60949e+06
-1.4349e+06
1.53365e+06
1.42182e+06
1.97778e+06
1.73763e+06
781967
659762
239565
1.05786e+06
358365
366195
744464
361774
241872
266214
763004
187484
820490
842851
1.98647e+06
726981
503552
428107
235861
642576
434866
430772
966470
412805
784468
649797
179221
1.08131e+06
355035
363372
753271
360918
291066
306061
843331
238499
838539
852717
2.07963e+06
729521
498145
419883
270458
632141
387548
374125
883067
373888
794932
649125
111649
1.1037e+06
395676
403139
816952
413845
323954
341701
892949
282654
860594
890174
2.17038e+06
749277
495847
427260
280596
639973
347906
334635
776678
333496
782771
634910
31943.5
1.10415e+06
417118
415928
832693
430845
394697
408542
992424
361620
886787
912056
2.26164e+06
765100
519318
446836
346514
650114
320746
312987
723874
304686
777554
630572
-44538.5
1.13327e+06
401902
400591
799253
432116
443913
456877
1.06114e+06
427729
897817
942090
2.33384e+06
794682
526957
467147
378083
678869
291300
294052
674190
294671
793230
630419
-127619
1.15118e+06
395545
389568
749033
423261
511566
513894
1.1216e+06
503916
962902
987511
2.41326e+06
841687
551301
473827
376551
697871
281383
269130
598484
276814
782561
621608
-183995
1.16172e+06
419360
411081
771627
446799
539459
529771
1.12644e+06
537846
1.00823e+06
1.03291e+06
2.51046e+06
897000
520629
456441
321244
663872
266310
252960
545367
251953
784492
620121
-231080
1.17311e+06
437091
421678
803816
452644
545685
532060
1.11209e+06
538808
1.04739e+06
1.05419e+06
2.57817e+06
925350
494130
424174
270205
630269
245647
229844
529640
224810
783618
603340
-281798
1.17062e+06
458058
443085
854519
476786
502929
489637
1.03872e+06
496841
1.06265e+06
1.07665e+06
2.6254e+06
935925
460941
395080
187846
609489
239556
220535
520940
208064
752742
574508
-369249
1.14482e+06
484125
468530
876580
511659
492829
481748
989268
497778
1.06634e+06
1.08211e+06
2.62888e+06
945673
445835
379286
147333
596597
248450
240341
554223
222042
728410
538859
-438193
1.11113e+06
478634
439508
857717
485963
481304
453942
950834
468973
1.08659e+06
1.09772e+06
2.67017e+06
964220
405546
334459
57064.9
550744
252279
247661
584799
206767
689144
515847
-478945
1.07269e+06
435448
415258
824949
441739
450136
443077
926870
451084
1.10935e+06
1.11649e+06
2.70593e+06
978214
360552
286141
-26403.4
502375
255739
255791
652011
203430
685552
513401
-474087
1.06119e+06
412853
399203
788184
413654
444637
433976
903113
425557
1.08985e+06
1.1167e+06
2.73334e+06
965450
350634
287779
-29977.1
495432
236333
240595
640829
191087
705238
527637
-437739
1.0814e+06
393364
371651
753311
382565
432983
417460
899223
399329
1.09448e+06
1.10645e+06
2.75171e+06
957950
370494
295738
-8492.35
513479
248241
246278
643215
207944
701016
518227
-431707
1.06609e+06
350414
336043
704319
336012
369142
360483
836263
321657
1.05279e+06
1.07511e+06
2.72531e+06
903499
373294
302659
-34455.9
527925
269592
257922
637356
233640
661778
487440
-482716
1.02452e+06
326556
318094
665938
316770
329113
328690
786895
287022
1.02615e+06
1.05091e+06
2.69253e+06
876025
378453
308552
-39694.1
539375
263861
258486
608209
237508
658984
486685
-454532
1.02678e+06
297197
276070
608916
278090
307516
305239
769954
249589
1.01258e+06
1.04033e+06
2.69907e+06
868399
404594
334044
-16455.8
571967
266630
261019
610968
245226
670734
505352
-413884
1.02853e+06
243632
231900
530818
221305
280196
286962
764784
217242
1.00343e+06
1.02885e+06
2.67391e+06
843488
435127
350279
-5949.6
602382
281231
275407
632334
257051
653031
496699
-429509
1.02228e+06
231131
229560
520150
220499
270675
286858
787868
219912
989759
1.03066e+06
2.68534e+06
828926
448823
368439
24617.2
624197
257446
258916
606143
229535
646501
491190
-478033
1.02932e+06
250486
251770
557513
240873
277802
298664
820848
223314
1.00438e+06
1.03887e+06
2.74456e+06
831024
463383
379433
49093
640642
254750
264857
619981
233802
639424
471432
-541405
1.02198e+06
283823
284381
610085
280004
238810
261463
785087
173368
970668
1.01674e+06
2.73275e+06
784172
450350
371701
-9186.73
639823
296245
296297
658349
278346
621271
460907
-601793
1.01473e+06
318743
314653
636803
323004
242583
272344
797402
185299
963570
1.01184e+06
2.73846e+06
780775
482327
397844
16425.4
680105
320500
324806
683463
313448
641529
478589
-604284
1.03646e+06
345389
333353
662470
345492
268030
296331
849575
191775
981487
1.037e+06
2.80008e+06
795149
522177
440711
58664.4
722962
355559
370784
745643
347515
670461
512698
-564615
1.08108e+06
373350
371946
720422
389893
292694
329072
932502
230938
1.02447e+06
1.0793e+06
2.87895e+06
838590
574806
483532
114824
788676
431662
443507
882659
436940
712051
537321
-520426
1.12072e+06
398376
400386
801226
392499
328632
355314
960143
271786
1.0621e+06
1.10426e+06
2.94373e+06
880080
560217
463443
79983.7
761937
486642
482527
981227
489589
763278
589469
-459585
1.17589e+06
429970
442738
915824
405596
383733
412366
1.02034e+06
328205
1.08648e+06
1.1218e+06
2.99706e+06
895298
533026
440182
48746.5
728594
522401
525464
1.04656e+06
533521
797423
613399
-420381
1.21505e+06
460222
480249
1.05071e+06
430801
402661
429360
1.04349e+06
354903
1.07266e+06
1.11785e+06
3.02985e+06
867325
504486
417614
-2127.68
709202
572785
564147
1.1102e+06
587441
813853
632387
-431163
1.24686e+06
511374
525662
1.16478e+06
480590
448972
470524
1.06856e+06
423263
1.0786e+06
1.12209e+06
3.03073e+06
877354
481588
390223
-71330.8
691195
629762
618493
1.18062e+06
654655
851617
649335
-402784
1.27442e+06
540252
546365
1.24146e+06
486794
509277
513934
1.11887e+06
467115
1.09661e+06
1.13582e+06
3.0704e+06
893098
454097
366885
-144126
659139
678353
662971
1.24239e+06
697605
878424
693047
-336731
1.3188e+06
556463
574832
1.33079e+06
508867
547109
562091
1.19626e+06
530739
1.11089e+06
1.15686e+06
3.10645e+06
912071
444099
352761
-170511
660091
720886
706390
1.32253e+06
753893
930431
728420
-284449
1.37334e+06
596243
592218
1.37157e+06
553585
578251
561352
1.23021e+06
544901
1.11842e+06
1.1645e+06
3.09255e+06
924398
515156
407030
-57396.6
728691
728214
691000
1.33115e+06
732848
978046
782624
-246447
1.43662e+06
610630
611791
1.36165e+06
577106
557965
555840
1.22665e+06
516481
1.14775e+06
1.18673e+06
3.09389e+06
963284
562738
453247
31428.1
776212
709651
690439
1.33854e+06
722382
1.04014e+06
828926
-169737
1.5e+06
657300
649718
1.42007e+06
630258
537787
534920
1.2507e+06
483644
1.17057e+06
1.20496e+06
3.11078e+06
986142
618494
507510
119276
840903
737479
709963
1.39364e+06
740314
1.04963e+06
841526
-163596
1.5126e+06
660499
645452
1.38804e+06
636124
500007
505315
1.22791e+06
436620
1.16499e+06
1.19389e+06
3.05352e+06
992651
640178
525643
155358
860055
707390
684864
1.38529e+06
698865
1.12104e+06
905411
-75202.2
1.59265e+06
669202
644651
1.35746e+06
649283
486931
493666
1.23522e+06
407522
1.17741e+06
1.20867e+06
3.02732e+06
1.02991e+06
697640
582641
236085
924765
719453
716858
1.44975e+06
713230
1.17694e+06
969371
16055.6
1.66657e+06
655260
634822
1.31639e+06
647070
460772
482371
1.25806e+06
386833
1.19777e+06
1.21845e+06
2.98975e+06
1.05639e+06
748218
624176
296302
985301
764388
754844
1.54086e+06
758779
