629690
574479
753950
733147
337699
342916
828881
305217
815105
793046
1.53561e+06
829651
104884
61374.7
-461244
257912
675105
620362
900031
767330
990221
943120
1.60301e+06
1.07426e+06
645410
592076
781355
753942
356812
373774
873775
334018
825747
799116
1.52002e+06
847115
127662
72296.7
-461785
280866
694433
628293
880309
789751
1.00176e+06
944149
1.58626e+06
1.08075e+06
657333
595491
796443
751642
358956
370395
869497
321813
818483
789490
1.48817e+06
845516
123306
60138.7
-516993
289466
655567
598988
804613
754195
979827
919536
1.51785e+06
1.0738e+06
681193
624181
848739
792955
367140
370736
863805
345020
829795
789437
1.45192e+06
857362
108629
44520.2
-559739
268411
690191
629650
825520
807655
955753
882977
1.41028e+06
1.04706e+06
677359
616640
810597
777717
353572
359509
816667
328320
847648
815506
1.46316e+06
895397
103065
36355.9
-611765
278186
697807
629911
787970
817260
960890
898902
1.38898e+06
1.06451e+06
699829
644092
889608
804149
356659
365394
844025
322282
881894
841554
1.49755e+06
930111
106525
42197.3
-621693
286245
716689
645404
791749
843136
969118
909911
1.39299e+06
1.08374e+06
713560
657516
901293
808929
370976
368478
888970
329991
904920
865529
1.55616e+06
944535
169078
92148.7
-546652
345169
762883
694440
854588
893480
1.03651e+06
958704
1.47192e+06
1.1407e+06
730514
687216
963261
838180
359550
378340
922115
319341
943102
907703
1.64824e+06
979044
189436
115912
-508432
377503
833053
763088
985370
969571
1.06278e+06
986053
1.54621e+06
1.16615e+06
751342
688144
991819
840094
337576
342308
901716
273826
945738
903091
1.69234e+06
962052
210422
120734
-512592
393783
864457
791446
1.04553e+06
991714
1.06633e+06
980488
1.55661e+06
1.16003e+06
746261
699642
985562
849951
282071
300998
814702
236882
950337
914276
1.71052e+06
972724
163052
81581.7
-596919
340478
906733
834498
1.1071e+06
1.05157e+06
1.04631e+06
969143
1.50275e+06
1.14799e+06
743139
688555
961672
846821
260995
281842
767377
220085
950945
913680
1.72689e+06
985085
161481
78218
-641340
363661
949767
871898
1.14874e+06
1.10325e+06
1.06052e+06
985371
1.51986e+06
1.17113e+06
759903
707314
1.00298e+06
860493
260052
280214
754293
212182
976741
943498
1.77461e+06
1.00742e+06
176816
96027.2
-627561
374469
998107
920459
1.22477e+06
1.15332e+06
1.09411e+06
1.01969e+06
1.57473e+06
1.20771e+06
754047
694424
982217
848885
269533
283669
776642
214217
988863
961318
1.81327e+06
1.0127e+06
218268
135330
-550004
421808
1.03518e+06
943259
1.27875e+06
1.18503e+06
1.13074e+06
1.06036e+06
1.66742e+06
1.2422e+06
749808
701650
987190
857976
269046
295402
799032
220163
1.02574e+06
999259
1.8779e+06
1.05521e+06
231913
149242
-541778
443217
1.06016e+06
966245
1.30726e+06
1.21395e+06
1.17917e+06
1.10795e+06
1.76065e+06
1.2938e+06
774289
701494
987402
870567
292153
304506
815668
228160
1.06213e+06
1.02749e+06
1.92876e+06
1.09072e+06
264953
162427
-542100
482170
1.07432e+06
979568
1.31311e+06
1.22721e+06
1.22524e+06
1.14113e+06
1.81794e+06
1.33835e+06
758812
705978
982270
875651
280854
300642
810438
234772
1.08272e+06
1.04397e+06
1.95512e+06
1.11618e+06
220482
127638
-607423
433421
1.09573e+06
1.00488e+06
1.35716e+06
1.26559e+06
1.23211e+06
1.15256e+06
1.82594e+06
1.35471e+06
781943
724207
969053
908129
316999
336615
838668
284358
1.12074e+06
1.08348e+06
2.00865e+06
1.1696e+06
251475
158668
-612442
494843
1.13365e+06
1.03497e+06
1.37066e+06
1.3134e+06
1.29084e+06
1.21345e+06
1.89896e+06
1.42875e+06
789950
726124
994302
907202
325594
337037
853969
274404
1.13897e+06
1.09834e+06
2.04718e+06
1.1759e+06
271228
174556
-602489
509839
1.14079e+06
1.03855e+06
1.3817e+06
1.31628e+06
1.33288e+06
1.24986e+06
1.97433e+06
1.46752e+06
770774
707069
965160
874126
327431
336161
891668
260863
1.14599e+06
1.10853e+06
2.10102e+06
1.17031e+06
293300
195647
-573705
525134
1.15035e+06
1.05778e+06
1.39939e+06
1.32101e+06
1.36201e+06
1.27082e+06
2.0182e+06
1.48048e+06
788109
728470
1.01964e+06
906321
319106
339081
931896
256470
1.18005e+06
1.13751e+06
2.17781e+06
1.20723e+06
289393
186861
-572363
532063
1.2046e+06
1.10378e+06
1.49109e+06
1.38614e+06
1.37468e+06
1.28113e+06
2.08243e+06
1.49369e+06
794288
723374
1.00599e+06
902779
299946
312518
898854
222973
1.16989e+06
1.12816e+06
2.17337e+06
1.18426e+06
257468
151432
-657414
495119
1.20366e+06
1.10527e+06
1.48115e+06
1.3809e+06
1.34765e+06
1.25457e+06
2.03434e+06
1.46081e+06
812939
752204
1.03669e+06
924615
255994
275016
849174
171705
1.17617e+06
1.13781e+06
2.19904e+06
1.1874e+06
220065
119242
-711753
437836
1.24727e+06
1.14977e+06
1.55316e+06
1.4279e+06
1.33238e+06
1.24431e+06
2.02393e+06
1.42939e+06
817325
751091
1.0405e+06
933537
223745
249490
805600
154200
1.18927e+06
1.14878e+06
2.22616e+06
1.21766e+06
212975
110830
-729586
448735
1.2778e+06
1.17555e+06
1.59667e+06
1.47177e+06
1.32994e+06
1.24552e+06
2.04638e+06
1.43785e+06
824734
766227
1.05723e+06
951455
201074
234437
767055
130229
1.18309e+06
1.14761e+06
2.21838e+06
1.21769e+06
197298
104761
-755305
433174
1.28849e+06
1.19134e+06
1.59685e+06
1.49015e+06
1.31211e+06
1.23648e+06
2.03559e+06
1.42074e+06
852790
776702
1.06437e+06
986638
220940
241072
759702
153526
1.1868e+06
1.15146e+06
2.21183e+06
1.21282e+06
218939
120957
-722269
460611
1.30474e+06
1.18396e+06
1.59084e+06
1.50948e+06
1.30896e+06
1.23223e+06
2.00785e+06
1.43132e+06
888735
812449
1.09562e+06
1.03245e+06
244625
270517
800621
182746
1.23374e+06
1.20267e+06
2.28908e+06
1.26459e+06
244564
141052
-695203
486419
1.29712e+06
1.17171e+06
1.55545e+06
1.49183e+06
1.32425e+06
1.24458e+06
2.01043e+06
1.44324e+06
920345
831531
1.13413e+06
1.05836e+06
267868
289452
836403
200318
1.28066e+06
1.23899e+06
2.38504e+06
1.30771e+06
248858
137145
-691475
499375
1.26306e+06
1.14739e+06
1.53705e+06
1.45157e+06
1.32216e+06
1.23512e+06
2.02135e+06
1.44586e+06
943540
864799
1.17621e+06
1.09816e+06
267699
280200
818543
212877
1.32352e+06
1.2762e+06
2.44406e+06
1.34724e+06
225224
117511
-740948
463168
1.27238e+06
1.15652e+06
1.56082e+06
1.46923e+06
1.29956e+06
1.21291e+06
1.95239e+06
1.42303e+06
976962
899921
1.21027e+06
1.12417e+06
269594
295467
815672
215119
1.37476e+06
1.33627e+06
2.57711e+06
1.40274e+06
240910
142619
-714167
492400
1.26872e+06
1.15984e+06
1.56564e+06
1.45577e+06
1.31582e+06
1.24136e+06
1.98624e+06
1.43826e+06
1.02179e+06
936627
1.29948e+06
1.17634e+06
276657
295741
819394
215298
1.41553e+06
1.37189e+06
2.65489e+06
1.44415e+06
252084
145535
-696645
499302
1.27236e+06
1.16461e+06
1.57648e+06
1.46641e+06
1.32581e+06
1.24864e+06
2.00157e+06
1.45786e+06
1.0003e+06
921466
1.27132e+06
1.13239e+06
255773
265607
802964
183469
1.39921e+06
1.36102e+06
2.65818e+06
1.40265e+06
244426
149096
-686487
474290
1.24184e+06
1.13469e+06
1.53387e+06
1.41608e+06
1.33554e+06
1.25046e+06
2.00923e+06
1.44766e+06
1.04857e+06
968889
1.38967e+06
1.18531e+06
244187
264044
835629
160508
1.42346e+06
1.38464e+06
2.71737e+06
1.42886e+06
256449
158433
-623903
487078
1.20861e+06
1.09793e+06
1.49848e+06
1.36923e+06
1.33571e+06
1.24789e+06
2.04347e+06
1.43859e+06
1.05343e+06
971454
1.39943e+06
1.1941e+06
198845
216038
772909
114358
1.40544e+06
1.36246e+06
2.67691e+06
1.41512e+06
230814
128288
-669233
456635
1.12963e+06
1.02801e+06
1.38412e+06
1.28661e+06
1.27097e+06
1.18111e+06
1.94411e+06
1.37226e+06
1.12137e+06
1.0452e+06
1.51103e+06
1.26929e+06
188846
209109
770932
101369
1.4203e+06
1.37745e+06
2.70559e+06
1.42189e+06
215612
116482
-655135
420596
1.11461e+06
1.01906e+06
1.38936e+06
1.27036e+06
1.25032e+06
1.1665e+06
1.90352e+06
1.34407e+06
1.14518e+06
1.05826e+06
1.54258e+06
1.28662e+06
153306
179339
717286
67035.1
1.42332e+06
1.384e+06
2.71684e+06
1.44735e+06
198593
101709
-670054
417881
1.08405e+06
989310
1.34024e+06
1.24004e+06
1.23866e+06
1.1623e+06
1.90866e+06
1.3346e+06
1.17101e+06
1.07904e+06
1.59984e+06
1.30528e+06
138464
166610
696668
43105.9
1.44666e+06
1.40728e+06
2.73668e+06
1.46725e+06
191282
101010
-682919
402687
1.06251e+06
970713
1.29596e+06
1.21952e+06
1.23621e+06
1.16178e+06
1.9277e+06
1.32655e+06
-167549
-192484
-746565
-83246.3
96508.8
69186.2
-107164
150716
567015
522136
782842
629084
1.61403e+06
1.41583e+06
1.16769e+06
2.02888e+06
873089
721604
47270.1
1.2249e+06
1.55639e+06
1.40152e+06
1.62388e+06
1.84766e+06
-196673
-228235
-769784
-115376
85567
61655.5
-90705.5
136269
567884
515003
781723
620453
1.64047e+06
1.42102e+06
1.18045e+06
2.06036e+06
949192
774225
152050
1.29955e+06
1.59814e+06
1.42548e+06
1.69704e+06
1.88585e+06
-211875
-238019
-795059
-136824
79658.4
58193.5
-102721
129184
545846
499612
779208
593239
1.6433e+06
1.42487e+06
1.13105e+06
2.07859e+06
976654
811817
184049
1.33611e+06
1.62712e+06
1.46195e+06
1.72211e+06
1.93435e+06
-209737
-221236
-762960
-132508
56978.7
35292.4
-140033
102497
542328
499833
768762
588800
1.62919e+06
1.41601e+06
1.09003e+06
2.05099e+06
1.04073e+06
875210
279674
1.41006e+06
1.64994e+06
1.48221e+06
1.71921e+06
1.95006e+06
-225552
-253814
-799898
-160368
45986
20178
-169148
98782.8
553553
509426
788426
614933
1.64229e+06
1.41707e+06
1.06462e+06
2.08418e+06
1.08723e+06
909994
311117
1.47223e+06
1.69127e+06
1.51292e+06
1.77468e+06
1.99641e+06
-255480
-276155
-814893
-186133
26969.8
10132.1
-191769
83384.2
541664
490706
760459
608344
1.64905e+06
1.42689e+06
1.05836e+06
2.09898e+06
1.13275e+06
955704
368041
1.52969e+06
1.71405e+06
1.54297e+06
1.8198e+06
2.03593e+06
-258164
-275165
-828621
-188200
33680.2
58.6899
-213715
82982.5
530851
487981
732334
587605
1.70338e+06
1.47915e+06
1.13046e+06
2.1598e+06
1.17833e+06
975751
388457
1.56714e+06
1.75773e+06
1.58435e+06
1.8616e+06
2.08266e+06
-234817
-252777
-787114
-164711
30232.4
13435
-216983
86108.6
539918
505823
721016
607634
1.72275e+06
1.49038e+06
1.15123e+06
2.17628e+06
1.17187e+06
963902
342549
1.55765e+06
1.79367e+06
1.61469e+06
1.90132e+06
2.1185e+06
-189271
-210296
-714475
-111250
52813.8
31672
-172840
105527
598540
561851
801857
677601
1.75425e+06
1.51689e+06
1.18734e+06
2.22014e+06
1.16228e+06
972795
344482
1.55743e+06
1.82421e+06
1.63638e+06
1.94271e+06
2.15389e+06
-168252
-187851
-677829
-81060.6
14272.2
-13314.8
-239709
74061
618915
564449
793001
699032
1.72434e+06
1.48938e+06
1.15483e+06
2.17396e+06
1.17946e+06
971070
361776
1.5768e+06
1.78984e+06
1.60057e+06
1.86794e+06
2.12257e+06
-172852
-198633
-716465
-93647.1
-26880
-44629.8
-331382
36541.2
629169
579024
787259
732669
1.72386e+06
1.49241e+06
1.13287e+06
2.19157e+06
1.13723e+06
934170
272372
1.53394e+06
1.7913e+06
1.6106e+06
1.83446e+06
2.14036e+06
-175686
-204535
-706147
-106992
-64290.9
-91424
-415080
-16173.7
639947
578219
751652
736051
1.74571e+06
1.51189e+06
1.13749e+06
2.21704e+06
1.11618e+06
911753
208331
1.51464e+06
1.80088e+06
1.61172e+06
1.8111e+06
2.14919e+06
-196656
-208515
-721322
-114309
-67155.3
-81631.2
-382633
-12646.6
640566
592025
783699
746126
1.78945e+06
1.56348e+06
1.20526e+06
2.27557e+06
1.13767e+06
954740
249293
1.56473e+06
1.85254e+06
1.66734e+06
1.88526e+06
2.22157e+06
-163707
-185193
-666145
-76096
-42921.4
-51197.4
-304752
16408.4
678454
622902
847941
779241
1.83198e+06
1.58819e+06
1.25019e+06
2.31463e+06
1.20491e+06
1.00076e+06
320423
1.63405e+06
1.89613e+06
1.69497e+06
1.9325e+06
2.26322e+06
-171908
-194222
-687936
-100387
-48776.9
-56704.3
-322468
-6290.42
671317
620845
858387
767468
1.80612e+06
1.56456e+06
1.19189e+06
2.29121e+06
1.19006e+06
998054
280783
1.62474e+06
1.87666e+06
1.6761e+06
1.87578e+06
2.24757e+06
-152866
-168839
-640957
-67286.9
-61037.5
-72132
-329646
-10386
691690
633919
878102
784895
1.77702e+06
1.53761e+06
1.15391e+06
2.24563e+06
1.23079e+06
1.03596e+06
325676
1.67597e+06
1.85441e+06
1.65048e+06
1.79097e+06
2.22812e+06
-190770
-215623
-720456
-126626
-105604
-121332
-419457
-63136.9
676440
617448
862929
766180
1.72811e+06
1.48705e+06
1.05939e+06
2.19817e+06
1.22209e+06
1.01444e+06
278451
1.66136e+06
1.83387e+06
1.62507e+06
1.72613e+06
2.20581e+06
-178987
-193188
-661034
-101280
-115210
-119272
-414176
-70748.2
708427
650464
928148
809699
1.73537e+06
1.5024e+06
1.08256e+06
2.21786e+06
1.25766e+06
1.05333e+06
317412
1.7138e+06
1.83464e+06
1.63664e+06
1.71922e+06
2.22891e+06
-172166
-194067
-685935
-91897
-93867
-108936
-374453
-54041.3
719114
663568
949113
815615
1.81567e+06
1.57588e+06
1.19402e+06
2.30986e+06
1.31897e+06
1.09759e+06
380071
1.78814e+06
1.88089e+06
1.67578e+06
1.7678e+06
2.28744e+06
-160587
-184846
-689471
-78051.9
-95924.7
-103004
-351371
-58788.9
757586
702452
988931
857352
1.84722e+06
1.59753e+06
1.2065e+06
2.34587e+06
1.36416e+06
1.1255e+06
395545
1.8319e+06
1.90623e+06
1.6917e+06
1.79779e+06
2.30831e+06
-154029
-179566
-662487
-74481.7
-123402
-124920
-352346
-104905
762427
709386
1.02234e+06
864591
1.86627e+06
1.61466e+06
1.21539e+06
2.37917e+06
1.33585e+06
1.11032e+06
347059
1.80739e+06
1.88781e+06
1.68109e+06
1.78294e+06
2.29811e+06
-131605
-152745
-646844
-32041.8
-134252
-138513
-360004
-104489
800690
737092
1.0541e+06
907973
1.85248e+06
1.59702e+06
1.17551e+06
2.35425e+06
1.35625e+06
1.12689e+06
356530
1.84718e+06
1.87541e+06
1.66327e+06
1.71069e+06
2.29024e+06
-119728
-149547
-668166
-29382.4
-143191
-147053
-393962
-117518
809173
753264
1.05573e+06
928587
1.88052e+06
1.62643e+06
1.18337e+06
2.39961e+06
1.37055e+06
1.1343e+06
303731
1.87109e+06
1.89533e+06
1.68578e+06
1.71025e+06
2.31419e+06
-141704
-169807
-704222
-43212
-169620
-174308
-451059
-143267
832241
763126
1.04841e+06
956899
1.89323e+06
1.63596e+06
1.17518e+06
2.42591e+06
1.35246e+06
1.11377e+06
223246
1.86106e+06
1.89878e+06
1.68291e+06
1.6857e+06
2.33015e+06
-156335
-192692
-740358
-57329.4
-176876
-181495
-465281
-152455
829308
761879
1.05163e+06
953224
1.93639e+06
1.67626e+06
1.23147e+06
2.47715e+06
1.36318e+06
1.11915e+06
206983
1.8802e+06
1.92359e+06
1.69668e+06
1.70067e+06
2.35763e+06
-157768
-188934
-743606
-64193.3
-167475
-160927
-427665
-136504
860405
792750
1.08894e+06
987832
1.97621e+06
1.70437e+06
1.26328e+06
2.52025e+06
1.36903e+06
1.11719e+06
190859
1.87925e+06
1.94903e+06
1.71905e+06
1.72478e+06
2.38643e+06
-154349
-194023
-732863
-67463.6
-168574
-166145
-424498
-151143
867572
794050
1.10604e+06
988036
1.99227e+06
1.71347e+06
1.261e+06
2.54611e+06
1.34037e+06
1.10062e+06
163568
1.84973e+06
1.93193e+06
1.69353e+06
1.68951e+06
2.36917e+06
-176721
-209615
-763390
-81589.5
-205786
-208141
-490197
-184121
868553
792891
1.08941e+06
993327
1.95881e+06
1.68015e+06
1.18375e+06
2.50148e+06
1.35095e+06
1.1084e+06
164122
1.87598e+06
1.8911e+06
1.65438e+06
1.58229e+06
2.33043e+06
-194179
-222252
-820095
-101582
-233937
-221225
-538264
-208403
878592
811519
1.10006e+06
1.01884e+06
1.96343e+06
1.68944e+06
1.16018e+06
2.52079e+06
1.359e+06
1.1174e+06
144619
1.88737e+06
1.88854e+06
1.65715e+06
1.54872e+06
2.33365e+06
-184840
-212540
-782058
-90630.6
-227967
-219891
-533982
-207704
920100
840937
1.13598e+06
1.06402e+06
1.9895e+06
1.70965e+06
1.19078e+06
2.55267e+06
1.36845e+06
1.12118e+06
135489
1.89914e+06
1.88413e+06
1.65173e+06
1.5261e+06
2.33793e+06
-195824
-227369
-819815
-120113
-213104
-213801
-509962
-200907
925191
850082
1.16196e+06
1.04742e+06
2.03383e+06
1.76119e+06
1.25892e+06
2.59151e+06
1.38068e+06
1.1339e+06
140886
1.90604e+06
1.89316e+06
1.66901e+06
1.51925e+06
2.33592e+06
-167890
-189698
-742838
-74018.5
-180053
-164593
-413359
-153738
960788
886273
1.24651e+06
1.08782e+06
2.07708e+06
1.79175e+06
1.32659e+06
2.64433e+06
1.40547e+06
1.14829e+06
178035
1.93069e+06
1.92253e+06
1.69659e+06
1.60359e+06
2.36865e+06
-152536
-193988
-724100
-77246.5
-175529
-180771
-416399
-175872
982972
903510
1.30091e+06
1.09775e+06
2.0848e+06
1.78849e+06
1.31904e+06
2.64695e+06
1.35712e+06
1.10465e+06
109727
1.86716e+06
1.92174e+06
1.68551e+06
1.60193e+06
2.35543e+06
-141246
-157491
-679441
-49363.8
-192243
-180478
-416085
-180172
991203
917528
1.33181e+06
1.11085e+06
2.06087e+06
1.78079e+06
1.29642e+06
2.61669e+06
1.36689e+06
1.12628e+06
143823
1.89394e+06
1.88922e+06
1.67084e+06
1.56323e+06
2.32382e+06
-108269
-132104
-646775
-10902.2
-182532
-166290
-412635
-150072
1.03113e+06
955500
1.40172e+06
1.16801e+06
2.08701e+06
1.8046e+06
1.32455e+06
2.66255e+06
1.37885e+06
1.13518e+06
149827
1.91625e+06
1.92439e+06
1.70649e+06
1.62722e+06
2.37143e+06
-73183.4
-104837
-595411
28755.9
-160041
-154566
-409136
-131505
1.06729e+06
983308
1.4435e+06
1.20381e+06
2.12173e+06
1.83763e+06
1.35774e+06
2.70261e+06
1.39696e+06
1.14521e+06
133380
1.94223e+06
1.95429e+06
1.73419e+06
1.671e+06
2.40662e+06
371174
356970
746292
339406
-25586.7
67021
1.1621e+06
-288625
301936
273149
357562
332492
563117
467748
151843
737503
-82180
-32140.1
414546
-216054
670445
747106
2.53464e+06
386020
365828
368275
776100
355081
-26557.5
86092.4
1.18967e+06
-282018
296106
273244
351886
339025
566166
476809
183863
756843
-64374.3
-10115.2
446239
-187777
651077
739909
2.56266e+06
365924
374632
357214
765160
356792
-20417.7
69667
1.18853e+06
-279819
290701
253167
321251
327732
564700
457509
142368
750450
-58445.2
-17437.3
428869
-182743
637666
716025
2.55627e+06
341184
399741
399099
832391
376923
-35638.9
59758.3
1.17549e+06
-309972
293236
266536
328011
328302
535865
444573
131189
702301
-39251.5
11796.7
467625
-163373
603497
697846
2.53944e+06
286974
407374
413544
881035
389559
-38745.2
79745.4
1.21236e+06
-291614
314119
291805
378646
377743
548315
462663
180834
739611
-12723.7
46814.7
520037
-114713
613272
722908
2.63817e+06
304063
432483
428650
941854
410473
-8303.55
104243
1.26691e+06
-268442
331202
304066
382683
392768
565884
482231
206772
744943
29402.2
81107.3
575680
-70008.5
626429
736701
2.70461e+06
307522
424654
424760
920517
401790
-7888.48
101598
1.26476e+06
-284024
326379
303043
378828
375568
616885
538097
312969
798047
63584.5
109842
603807
-34557
635121
753870
2.76059e+06
311737
463445
462202
976281
466158
15619.3
132842
1.33828e+06
-246300
357981
329865
440350
420755
675411
581423
401090
869406
102397
135724
646214
13012.2
664398
775654
2.83673e+06
342017
488703
470133
997117
471430
17565.9
123783
1.34841e+06
-271254
365984
335909
468618
413599
709040
607398
447238
898932
87737.1
124254
629651
-12984.6
670797
783387
2.87221e+06
342076
502141
503685
1.02891e+06
500151
654.074
113295
1.34162e+06
-288281
374680
348985
478822
423357
693081
607457
440984
870092
92507.2
141531
640509
-1044.4
646033
768950
2.83596e+06
306817
524226
518484
1.0465e+06
521232
-14584.1
100917
1.35153e+06
-299501
398786
368121
537848
452605
729412
635022
500733
917705
118906
158365
665962
35754.9
673849
795478
2.9077e+06
340393
546719
543792
1.08864e+06
562957
-42380.4
80451.8
1.30097e+06
-323882
413729
381383
549057
483733
757646
668811
554302
955388
131238
169875
651233
63534.3
670952
797527
2.92147e+06
342809
562750
547666
1.07708e+06
562264
-19041
97183.3
1.33036e+06
-312967
406325
378870
531391
457947
796797
710339
607862
997258
154067
183870
670274
65512.7
712679
832992
2.97853e+06
370537
610397
599432
1.15865e+06
630710
30982.6
157736
1.4422e+06
-252144
452625
417580
587360
513925
838747
736187
650010
1.05279e+06
179138
207137
738539
89115.3
736887
853510
3.04827e+06
395278
644078
606471
1.18962e+06
647769
62922.6
168837
1.49304e+06
-237466
454370
410039
570813
507517
844546
727662
608577
1.05995e+06
177800
206406
756229
72313
719934
824798
3.03275e+06
363017
662454
643935
1.25449e+06
675878
80274.3
193123
1.5505e+06
-215336
476399
432731
622564
529418
830483
723943
601273
1.03364e+06
196199
230667
854980
92345.3
696394
813637
3.03308e+06
332456
674131
651423
1.28919e+06
683095
97469
217911
1.61306e+06
-193803
486224
441117
663473
550054
831647
719844
606675
1.04405e+06
195666
230225
881381
87477.6
699869
824619
3.09633e+06
334053
671827
654299
1.31132e+06
669009
107488
230233
1.65401e+06
-199164
465141
426205
628150
526444
810216
707600
570758
1.01797e+06
178124
219149
881282
63720.2
693159
826033
3.12224e+06
317914
668198
650816
1.31792e+06
661438
97952.7
215035
1.64965e+06
-212091
438840
402236
594248
488681
853387
753856
645177
1.07274e+06
174177
212194
881569
52595.3
706590
838558
3.1557e+06
340628
671211
659346
1.34121e+06
668140
83527
212201
1.65554e+06
-223635
409615
372688
539871
458695
861697
753819
654996
1.07653e+06
156766
191762
857902
32576.4
703304
824602
3.13482e+06
331758
685739
667522
1.34012e+06
677134
81374.6
210223
1.63919e+06
-232694
388412
358922
495980
442927
861018
749118
618040
1.08643e+06
126279
175696
818738
5190.87
688150
813832
3.09147e+06
325533
731839
713961
1.42307e+06
739095
98999.2
216886
1.66515e+06
-206168
402085
356931
485293
453548
860145
745506
616748
1.07642e+06
168956
204704
869586
50613.3
685066
796487
3.0471e+06
320367
745660
712928
1.40893e+06
747763
92345.3
205923
1.63744e+06
-213815
401369
360679
472473
469922
881276
762263
609813
1.11886e+06
167587
200567
852557
52652.6
687720
802680
3.03197e+06
333158
756963
732771
1.45383e+06
756797
69091.4
190325
1.61051e+06
-253145
382304
339717
435144
440427
890484
775642
609581
1.12471e+06
162999
201135
849430
45179.9
686669
807515
3.03304e+06
330232
751298
727300
1.44194e+06
739075
67201.3
196296
1.64686e+06
-243995
362155
329630
424023
412301
914168
797636
647315
1.14377e+06
155115
196446
851091
36854.4
695638
819298
3.05314e+06
333041
779889
759292
1.51379e+06
779973
102632
229699
1.72185e+06
-213710
399491
366836
496885
446418
940591
816412
679438
1.17592e+06
168852
204292
893818
38209.2
707109
827883
3.10832e+06
335536
801542
777093
1.57955e+06
787359
99953.8
227937
1.76337e+06
-225595
389848
356089
539110
424912
938365
809941
683595
1.17011e+06
137633
178085
891044
-4534.68
688220
812913
3.128e+06
305837
843139
825612
1.64914e+06
843585
124778
252567
1.79434e+06
-196342
410519
379494
571166
449426
934649
815850
680689
1.16821e+06
137307
189038
918847
4271.63
676645
806992
3.11935e+06
290251
881682
856393
1.71645e+06
873437
158016
286205
1.86521e+06
-164924
436480
407964
643950
481336
965136
837295
709798
1.20844e+06
149102
195374
934853
13135.2
703342
835103
3.18907e+06
313446
875654
843136
1.70621e+06
868558
153480
280526
1.86081e+06
-169843
435648
400740
623187
476784
958652
828330
681659
1.19749e+06
115225
159436
879733
-23701.5
693520
826995
3.20485e+06
300588
828419
804716
1.63458e+06
823246
118170
246222
1.82122e+06
-216556
375505
345391
556591
405874
956308
836987
693070
1.20516e+06
76627
131379
833716
-60188.9
685435
821728
3.23851e+06
280218
820766
794256
1.6163e+06
817707
99358.4
234012
1.8146e+06
-237107
334428
308956
488459
360330
951104
820585
660098
1.1929e+06
47806.1
97910.2
788542
-104056
661992
794137
3.23127e+06
237627
800907
773242
1.54668e+06
805182
87952.1
225470
1.78254e+06
-241415
281000
258917
384808
309771
919488
787380
565690
1.17967e+06
13995.8
77760.5
732026
-124709
611946
751733
3.17648e+06
190400
834326
803933
1.59011e+06
845301
102355
218859
1.79186e+06
-235740
273800
244049
362553
296404
901931
772632
532727
1.14275e+06
29682.2
81900.6
747874
-111475
593789
734650
3.17001e+06
154709
834791
804885
1.57101e+06
836302
98526.1
230935
1.79479e+06
-235018
258494
237461
342228
294733
924009
797187
545029
1.18674e+06
29322.3
87191.2
728456
-104407
590767
738650
3.20773e+06
142860
837995
807915
1.61922e+06
844165
88608.3
224211
1.82145e+06
-252656
226809
197948
297885
252423
936149
807493
566455
1.19625e+06
19812.4
80292.7
735721
-116795
567542
720710
3.24034e+06
111216
618487
523761
193542
828354
166681
201943
820535
58420.5
1.08715e+06
1.06058e+06
2.07043e+06
1.0965e+06
1.07977e+06
959266
901384
1.33446e+06
610049
595502
1.19865e+06
603863
316004
304189
507141
337012
662000
563341
287757
875343
192122
237426
916326
82884.9
1.16495e+06
1.13279e+06
2.21265e+06
1.1783e+06
1.12085e+06
991700
955437
1.37889e+06
674816
659510
1.3326e+06
667379
366234
346900
602172
383422
653736
548051
282894
852636
188721
229330
926866
64228.6
1.18368e+06
1.14837e+06
2.25655e+06
1.18809e+06
1.1114e+06
971840
922096
1.36638e+06
678779
670443
1.36609e+06
665122
372963
348076
610984
390992
660165
565188
312466
873034
173656
217956
915527
53851.8
1.21973e+06
1.18203e+06
2.31501e+06
1.22785e+06
1.06092e+06
932684
847619
1.30943e+06
706197
693703
1.42947e+06
697361
351837
331354
559184
372633
630826
533653
235784
840537
169819
214794
894182
57214.1
1.23972e+06
1.20115e+06
2.34479e+06
1.26246e+06
1.06365e+06
930885
806806
1.33376e+06
711036
696666
1.42382e+06
705826
360919
341101
549114
393803
637481
532880
221318
845790
172432
212620
884236
49693.3
1.26566e+06
1.22289e+06
2.37483e+06
1.28087e+06
1.06739e+06
934051
780323
1.33644e+06
718120
702269
1.43011e+06
711760
375502
350730
550183
409872
608016
507020
161059
826994
154845
197876
859927
36715.8
1.25337e+06
1.21384e+06
2.36677e+06
1.26791e+06
1.11754e+06
987089
861641
1.39117e+06
743729
721783
1.46888e+06
739958
376172
353119
552606
413182
623131
516965
161743
847819
179377
229747
922426
58052.1
1.27165e+06
1.23602e+06
2.37894e+06
1.29397e+06
1.17704e+06
1.03552e+06
942009
1.46195e+06
757583
730434
1.47992e+06
750030
375929
350031
558498
406876
619749
510428
152082
842204
178067
228385
946972
51679.6
1.25437e+06
1.21182e+06
2.35253e+06
1.27317e+06
1.19281e+06
1.04677e+06
950250
1.48983e+06
724318
706219
1.44972e+06
713647
354830
328490
536373
390826
665260
559282
212206
901310
197947
236618
972840
74416.6
1.2888e+06
1.23984e+06
2.36362e+06
1.31443e+06
1.21491e+06
1.06511e+06
962271
1.50355e+06
756328
733250
1.4943e+06
752321
329050
297010
460518
358504
660838
545170
193590
877954
173334
215209
945507
36659.2
1.3012e+06
1.25151e+06
2.38419e+06
1.33293e+06
1.25615e+06
1.10066e+06
1.00585e+06
1.55668e+06
754922
732232
1.49506e+06
742419
334313
304566
472830
360013
643864
527902
181060
863470
149094
192493
918984
2545.58
1.30874e+06
1.25094e+06
2.36725e+06
1.34656e+06
1.26477e+06
1.10808e+06
1.02182e+06
1.56138e+06
742100
720477
1.48097e+06
731224
303906
279163
429540
331362
628997
519171
135968
849008
144115
201423
942690
7896.97
1.28186e+06
1.23661e+06
2.33153e+06
1.31742e+06
1.29002e+06
1.1368e+06
1.07873e+06
1.58892e+06
755142
745417
1.50265e+06
757501
304045
281096
429033
332930
651064
544918
169971
885239
170781
225739
1.00465e+06
34274.9
1.30228e+06
1.25114e+06
2.35455e+06
1.33401e+06
1.32112e+06
1.15623e+06
1.1215e+06
1.62342e+06
784429
761783
1.5252e+06
784917
292227
262902
427747
316893
664937
545164
183554
883854
155724
206161
993103
2985.4
1.28453e+06
1.23261e+06
2.35594e+06
1.30238e+06
1.31524e+06
1.14614e+06
1.10794e+06
1.61252e+06
760961
741590
1.49018e+06
754329
251642
224397
381331
266331
665164
563621
206587
895568
136446
197114
982211
-11899.9
1.28407e+06
1.23876e+06
2.3671e+06
1.307e+06
1.28769e+06
1.13188e+06
1.08683e+06
1.5711e+06
770480
762367
1.5153e+06
780547
199975
187709
297732
212406
670589
565114
212944
894883
128342
190051
979643
-21229.5
1.28782e+06
1.24569e+06
2.40255e+06
1.31425e+06
1.28334e+06
1.12951e+06
1.09984e+06
1.56875e+06
778958
763564
1.50286e+06
792988
190620
178390
309117
194125
686349
582161
258520
923188
123847
189466
972586
-17217.3
1.31761e+06
1.26908e+06
2.44523e+06
1.35279e+06
1.28883e+06
1.13728e+06
1.13218e+06
1.57459e+06
795392
777284
1.50406e+06
821036
164452
155431
287777
173954
676514
571519
218009
917614
116364
171504
941349
-26978.2
1.28538e+06
1.24965e+06
2.40072e+06
1.31109e+06
1.31646e+06
1.17451e+06
1.16913e+06
1.6191e+06
789560
754735
1.44144e+06
824217
143888
146566
254476
165990
682568
568148
202001
918000
88091.4
143214
908455
-69416.7
1.28106e+06
1.24556e+06
2.40248e+06
1.29186e+06
1.33013e+06
1.17367e+06
1.16243e+06
1.61523e+06
747241
700952
1.3319e+06
759519
136044
125276
227536
135173
675204
563961
185744
917219
60299.2
131107
882365
-94718.4
1.26982e+06
1.23821e+06
2.40262e+06
1.29298e+06
1.32091e+06
1.17044e+06
1.14284e+06
1.6317e+06
670281
646275
1.22712e+06
692635
103281
108166
197769
124939
700242
581679
201798
955205
62553.5
110816
874835
-91701.1
1.28306e+06
1.23101e+06
2.38875e+06
1.29543e+06
1.33023e+06
1.16881e+06
1.13269e+06
1.62986e+06
662906
626321
1.17863e+06
698159
90414.9
79167
137585
102055
720627
604612
187363
972934
44569.6
107415
834604
-108846
1.28079e+06
1.24766e+06
2.40586e+06
1.30487e+06
1.36734e+06
1.21064e+06
1.16203e+06
1.6842e+06
640887
605120
1.09945e+06
669542
98202.3
97406.8
135718
108156
745203
616544
222845
1.0065e+06
22553.9
77979
793710
-140282
1.297e+06
1.25398e+06
2.41301e+06
1.31645e+06
1.37991e+06
1.21337e+06
1.15148e+06
1.70159e+06
603123
566040
1.01941e+06
633461
85945.3
81306
115617
104070
729931
603587
151044
990238
-12476.9
48832.1
754122
-177929
1.28965e+06
1.25184e+06
2.43837e+06
1.29906e+06
1.37937e+06
1.21122e+06
1.13931e+06
1.69821e+06
571498
539778
977538
595972
66730.4
53291.1
76795.3
70803.3
768867
649164
203914
1.04598e+06
-6239.51
67606.5
789198
-163249
1.34233e+06
1.3081e+06
2.55309e+06
1.35485e+06
1.3985e+06
1.2327e+06
1.16636e+06
1.7253e+06
600727
576587
1.04822e+06
624454
62429
53571.1
102301
61440.5
811672
673542
247955
1.08368e+06
10523.9
72932.4
814148
-158348
1.37437e+06
1.33279e+06
2.63572e+06
1.37299e+06
1.41413e+06
1.23507e+06
1.18075e+06
1.73853e+06
622574
598945
1.11551e+06
640356
59017.3
42106.8
124598
48127.1
828408
694182
244403
1.12235e+06
-13932.1
50040.5
751758
-172477
1.40649e+06
1.36456e+06
2.68686e+06
1.41314e+06
1.37797e+06
1.207e+06
1.11204e+06
1.70032e+06
656770
632914
1.18138e+06
686921
19923.4
10584
58939.5
4102.63
872834
737645
263426
1.17196e+06
21170.1
90371.1
782132
-126438
1.47056e+06
1.43165e+06
2.80606e+06
1.49223e+06
1.4269e+06
1.25478e+06
1.14768e+06
1.77082e+06
701678
673549
1.23985e+06
732019
45307.2
46693.8
108592
39033
902053
760316
300716
1.21474e+06
17125.4
78756.1
770795
-135418
1.49443e+06
1.45012e+06
2.85845e+06
1.50083e+06
1.43541e+06
1.26007e+06
1.1683e+06
1.76971e+06
696079
669563
1.25132e+06
721120
37624.4
34881.6
119300
26003.9
898407
758658
284217
1.20756e+06
24528.1
87225.2
778940
-128511
1.4916e+06
1.45846e+06
2.90355e+06
1.49728e+06
1.46947e+06
1.2983e+06
1.24388e+06
1.813e+06
712009
689076
1.28757e+06
740289
43666.7
53519.5
139473
35774.7
924944
785919
306990
1.25277e+06
56316.8
122483
832445
-82283.9
1.53098e+06
1.49222e+06
2.94784e+06
1.53887e+06
1.50253e+06
1.3234e+06
1.26427e+06
1.84994e+06
740988
706387
1.30487e+06
771386
80841.4
82479.1
198519
72098
950784
794905
314470
1.26658e+06
62220.4
127531
835323
-94363.4
1.54572e+06
1.51022e+06
2.98062e+06
1.55459e+06
1.52175e+06
1.33562e+06
1.27712e+06
1.87165e+06
718124
695136
1.2737e+06
745964
71818
72447.3
202420
50366.5
984185
832272
362002
1.32427e+06
101118
156124
892041
-29491.3
1.59138e+06
1.53821e+06
3.03417e+06
1.60368e+06
1.52989e+06
1.34065e+06
1.28672e+06
1.87458e+06
768670
736771
1.35641e+06
808985
68239.3
68604.9
210533
51240.5
1.01066e+06
853240
380213
1.3452e+06
112762
169586
889392
-16373.1
1.61569e+06
1.56376e+06
3.08288e+06
1.63043e+06
1.55712e+06
1.372e+06
1.33061e+06
1.91284e+06
782279
745595
1.37371e+06
814828
93193.8
96099.3
264476
72803.7
1.0104e+06
857692
407176
1.34385e+06
112801
170768
900415
-27749.7
1.61552e+06
1.5707e+06
3.09876e+06
1.6278e+06
1.57156e+06
1.39168e+06
1.35636e+06
1.93058e+06
770478
741799
1.36427e+06
803970
93018.5
104073
291190
74539
78811.3
36775.2
-323453
185618
772313
720038
1.1338e+06
847573
166566
150537
183723
196012
125137
193339
1.05779e+06
-46628
786786
763885
1.46114e+06
802797
1.83926e+06
1.72966e+06
2.88235e+06
1.97988e+06
44420.4
1842.01
-370416
134862
755719
705533
1.10006e+06
833773
146087
128510
141662
173271
130791
204283
1.09093e+06
-45473.3
791993
769858
1.46871e+06
806054
1.80861e+06
1.7074e+06
2.84592e+06
1.94675e+06
65301.3
20427.6
-359870
170847
777659
715067
1.0976e+06
858775
156471
136856
139198
196005
144728
208617
1.08067e+06
-17347.5
796809
768115
1.47297e+06
815580
1.85269e+06
1.73608e+06
2.89803e+06
2.00277e+06
61120.9
17257.6
-382332
170412
771991
717210
1.08176e+06
862655
167794
144875
117060
220214
132866
189470
1.025e+06
-33550.8
809157
777938
1.48347e+06
822699
1.85771e+06
1.73359e+06
2.8894e+06
2.00543e+06
47439.8
8271.74
-428367
157370
768654
719085
1.05294e+06
862636
181121
158053
101067
241219
117728
181252
987748
-41996.5
834788
809427
1.53361e+06
853195
1.84686e+06
1.74043e+06
2.8692e+06
1.99968e+06
63303
13173.4
-428726
173554
777654
723340
1.05428e+06
876836
197380
165346
122293
246688
160259
220808
1.04078e+06
12073.1
870813
836288
1.57266e+06
898683
1.87287e+06
1.76018e+06
2.89098e+06
2.03113e+06
60381.3
17935.8
-434088
186158
787987
729969
1.06343e+06
883730
168659
148816
93897.4
216669
159901
229543
1.0633e+06
5917.78
866571
848630
1.5572e+06
898975
1.89694e+06
1.78628e+06
2.91415e+06
2.05874e+06
75261.6
21290.3
-426384
192831
795295
731131
1.06973e+06
893820
140682
109973
53567.6
184006
186651
248219
1.11905e+06
24269.3
908660
872177
1.59023e+06
943976
1.92598e+06
1.8068e+06
2.96033e+06
2.08392e+06
73211.7
28069.3
-431588
200308
768414
701556
1.04917e+06
850335
84922.8
66779.9
-9376.94
117620
156066
222978
1.09661e+06
-4969.55
888751
851918
1.55626e+06
927839
1.94039e+06
1.82047e+06
3.00338e+06
2.10154e+06
101666
54295.2
-425953
238197
747939
691490
1.0462e+06
830830
62196.4
46048.2
-45162.2
93548.1
155634
215309
1.06712e+06
-7374.42
909481
865144
1.54583e+06
952116
1.95277e+06
1.82609e+06
3.01754e+06
2.1096e+06
132107
81416.3
-390489
271287
741100
692578
1.06853e+06
820688
46798.4
33758.7
-34536.5
80501.3
155798
220759
1.08831e+06
-5114.5
930581
891860
1.57312e+06
987507
1.96592e+06
1.85012e+06
3.0588e+06
2.12555e+06
150352
91731.5
-356460
277730
731250
685968
1.09547e+06
797632
36466.2
21138.3
-18624.5
43047.2
169767
234996
1.1294e+06
213.546
947737
897452
1.5721e+06
1.00438e+06
1.97163e+06
1.85483e+06
3.07987e+06
2.12329e+06
129076
70771.5
-373892
261849
727447
680348
1.08195e+06
797904
18817.5
21344.7
-42225.6
42344.4
185237
250493
1.17634e+06
18348.7
965184
911121
1.58249e+06
1.02191e+06
1.97739e+06
1.85455e+06
3.06728e+06
2.1371e+06
81501.8
22616.1
-471879
202027
702055
659676
1.00693e+06
781356
-1284.81
-5126.52
-117177
22432.3
189288
258311
1.17113e+06
21895.6
971330
913885
1.57994e+06
1.02477e+06
1.96887e+06
1.85512e+06
3.0281e+06
2.13779e+06
68337.6
12624.7
-511036
209980
710665
655026
1.0055e+06
788184
-9611.7
-11355.4
-130779
22008.7
160131
219411
1.11922e+06
1013.28
953810
888662
1.56741e+06
1.00415e+06
1.99763e+06
1.87041e+06
3.0519e+06
2.17825e+06
70404.5
854.892
-554342
214465
735380
680840
1.04591e+06
820608
21443
11141.2
-118619
62772.7
167745
213305
1.0894e+06
286.378
991052
918781
1.61216e+06
1.03585e+06
2.02214e+06
1.88262e+06
3.0593e+06
2.20203e+06
32446.3
-26880.7
-642398
174913
738851
689996
1.03978e+06
824508
27860.7
15776.3
-133652
73377.2
148599
200311
1.05803e+06
-18410.2
1.00063e+06
928727
1.64324e+06
1.04383e+06
2.01467e+06
1.88478e+06
3.03581e+06
2.19688e+06
17152.3
-45666.4
-653430
148287
745026
698185
1.06651e+06
829533
38813.8
24045.9
-117161
76994.7
165288
230105
1.09912e+06
3423.81
1.00681e+06
944994
1.66998e+06
1.05559e+06
2.02094e+06
1.88891e+06
3.03182e+06
2.20523e+06
15707.7
-50804.9
-647333
158407
788128
728773
1.088e+06
879666
42643.5
24692.2
-98082.8
79283.6
163560
230143
1.12846e+06
-3204.61
971820
916082
1.6245e+06
1.0235e+06
2.03906e+06
1.90519e+06
3.0231e+06
2.23735e+06
-18229.2
-75741
-691588
114848
794126
741196
1.09344e+06
893345
9175.42
-961.665
-107187
37348
165790
240766
1.16529e+06
-16.2635
929443
885110
1.56759e+06
980092
2.03835e+06
1.91669e+06
3.02493e+06
2.24266e+06
12890.6
-62214.1
-697513
158337
829448
753682
1.11975e+06
923972
3774.54
-13755.3
-91119.9
19393.8
193387
251932
1.17922e+06
33726.9
916137
855294
1.5293e+06
963545
2.11484e+06
1.96309e+06
3.09746e+06
2.32797e+06
-7634.63
-75714.9
-749897
143544
817635
756563
1.11909e+06
917804
-21121.3
-25023.1
-100736
-6485.58
151725
211771
1.08634e+06
-16472.8
871358
816995
1.4448e+06
913320
2.12594e+06
1.97586e+06
3.09948e+06
2.34267e+06
-24948.1
-88860.7
-799132
127364
813161
755008
1.10463e+06
911663
-20297.5
-25808.7
-79915.1
-11073.3
140016
205021
1.06092e+06
-21443
852260
804000
1.41602e+06
899308
2.12993e+06
1.98522e+06
3.08027e+06
2.35219e+06
-2290.32
-66772.8
-783998
158562
826402
769403
1.11721e+06
937320
-13933.5
-14601
-26782.4
-14630.7
165175
228474
1.10113e+06
11285.4
849801
802433
1.40572e+06
906017
2.15359e+06
2.00988e+06
3.09217e+06
2.39172e+06
17742
-53429
-748749
177352
874369
807201
1.16276e+06
984737
-1509.67
2333.45
-4295.67
-1026.01
166302
232158
1.11333e+06
548.008
836838
793670
1.37064e+06
889894
2.18082e+06
2.0271e+06
3.09711e+06
2.41371e+06
-7486.14
-74910.2
-756648
138977
888468
824086
1.19308e+06
1.00179e+06
-19085.5
-14699.3
-14025.5
-27627.4
163654
235701
1.15758e+06
-14600.3
825370
787358
1.37481e+06
872375
2.16637e+06
2.0218e+06
3.10734e+06
2.39257e+06
-1143.39
-74659.2
-776111
153265
922081
841746
1.22471e+06
1.03171e+06
-27951.2
-24733.9
-23552.3
-38429.1
164037
230877
1.1596e+06
-9306.23
810216
763143
1.34276e+06
857770
2.20357e+06
2.0442e+06
3.16205e+06
2.43758e+06
-8265.37
-73399.8
-793742
153949
937193
870059
1.27648e+06
1.05332e+06
-22774.5
-16482.7
-22064.6
-22494.5
152069
218698
1.12184e+06
-19825.9
797311
751133
1.30981e+06
842470
2.2234e+06
2.06221e+06
3.18812e+06
2.46001e+06
-29057.8
-95404.3
-827186
122469
957804
892308
1.32203e+06
1.07027e+06
-10626.4
-7239.36
-8073.04
-13535.4
148454
219280
1.12692e+06
-27985.9
790881
748666
1.3143e+06
834991
2.23318e+06
2.08414e+06
3.21581e+06
2.46687e+06
-11707.6
-75030.4
-798827
151126
994551
929694
1.38796e+06
1.11417e+06
929.138
3925.15
42664.7
-11667.3
182772
255786
1.19172e+06
17450
795137
754867
1.31667e+06
849721
2.25853e+06
2.10791e+06
3.26084e+06
2.49679e+06
7213.9
-57592.4
-758617
162286
1.04299e+06
966597
1.43979e+06
1.16054e+06
-4548.82
4007.17
14330.9
-13167.7
200478
268008
1.22189e+06
25161
803842
755344
1.29882e+06
838246
2.28318e+06
2.12857e+06
3.28242e+06
2.51554e+06
-11754.9
-71869.6
-754601
140418
1.03289e+06
961150
1.43876e+06
1.15765e+06
-40734.3
-32253.3
-42975.8
-46816.1
187611
260302
1.22891e+06
7571.7
788266
741846
1.29384e+06
829924
2.28132e+06
2.13621e+06
3.32918e+06
2.51893e+06
26803.6
-36676.9
-714695
184556
1.06027e+06
974538
1.46307e+06
1.18335e+06
-46727
-43354.1
-68511.6
-57366.9
173373
240900
1.2126e+06
-6283.35
777405
726561
1.28128e+06
815333
2.33607e+06
2.17815e+06
3.43159e+06
2.5668e+06
66161.2
-3682.61
-660055
231380
1.07939e+06
998370
1.50974e+06
1.20779e+06
-39436.1
-41664.1
-76799.6
-40090.8
171602
233566
1.19963e+06
-8316.99
796704
739294
1.29865e+06
835821
2.36298e+06
2.20016e+06
3.50672e+06
2.58652e+06
77541.3
17027.8
-636919
244411
1.08687e+06
1.01493e+06
1.52693e+06
1.219e+06
-39887.9
-31964.1
-79241.2
-30898.4
182871
256407
1.23364e+06
5908.58
811269
760164
1.3269e+06
858624
2.38173e+06
2.2365e+06
3.57234e+06
2.60772e+06
102201
27425.8
-601618
262094
1.09119e+06
1.00994e+06
1.52424e+06
1.21496e+06
-23934.9
-21567.5
-52948.9
-21768.3
215611
283051
1.27763e+06
36505.8
809025
751123
1.30235e+06
855108
2.40068e+06
2.24796e+06
3.60653e+06
2.62141e+06
-784792
-703511
-773508
-945777
388076
370332
658863
398723
-326702
-242074
236903
-514397
438495
467234
1.23495e+06
355967
1.17396e+06
1.11978e+06
1.90335e+06
1.25774e+06
943600
918964
1.78839e+06
950125
-822507
-741927
-809208
-994252
350946
337365
615431
361758
-362060
-285361
202690
-560960
486098
513543
1.34922e+06
398976
1.21752e+06
1.15309e+06
1.94389e+06
1.30615e+06
927276
903961
1.78509e+06
930682
-835641
-748883
-817826
-1.01136e+06
345043
330249
616809
339947
-384702
-295501
212885
-593301
524518
553380
1.42592e+06
442186
1.23231e+06
1.16776e+06
1.96246e+06
1.32701e+06
949871
923994
1.83549e+06
949180
-840531
-744115
-818239
-1.00668e+06
339881
335224
649097
347113
-401673
-306844
208832
-605965
566095
585450
1.47886e+06
486230
1.26513e+06
1.19394e+06
1.97168e+06
1.3706e+06
958084
928626
1.86776e+06
955547
-834352
-745102
-802513
-1.01065e+06
330204
332130
647385
331523
-405903
-308919
230194
-615300
614665
637496
1.56194e+06
542703
1.30975e+06
1.23487e+06
2.00614e+06
1.42633e+06
957776
944607
1.88704e+06
962957
-821703
-733642
-753097
-1.00675e+06
331999
324984
673142
323993
-391933
-298657
317004
-632311
700237
713019
1.72265e+06
621496
1.37627e+06
1.29458e+06
2.1012e+06
1.50309e+06
987649
967217
1.96084e+06
981071
-812101
-709449
-725361
-981281
361834
352797
700703
360832
-422858
-313290
293286
-655692
724443
737733
1.78596e+06
643037
1.40656e+06
1.31957e+06
2.13203e+06
1.52509e+06
1.01143e+06
986340
2.00134e+06
996440
-789480
-686285
-700963
-952745
378830
369114
717071
390565
-448056
-338393
244408
-677303
752084
766250
1.84809e+06
670885
1.43185e+06
1.3483e+06
2.16788e+06
1.56355e+06
1.03849e+06
1.02189e+06
2.07521e+06
1.02871e+06
-736755
-641088
-650521
-877058
405895
383229
728032
434806
-469470
-365446
183870
-688305
749871
754726
1.84016e+06
682126
1.45072e+06
1.35319e+06
2.19765e+06
1.58712e+06
1.11813e+06
1.08263e+06
2.20106e+06
1.11874e+06
-720360
-634084
-681523
-851525
416308
393048
701199
451445
-506884
-407541
68255.6
-718387
722689
720710
1.74129e+06
653968
1.44545e+06
1.3446e+06
2.15512e+06
1.57887e+06
1.1446e+06
1.10605e+06
2.23411e+06
1.1457e+06
-691174
-599197
-687202
-811982
452485
434394
721542
499886
-513117
-402517
27889
-712494
730868
738939
1.71526e+06
676722
1.46941e+06
1.37576e+06
2.16882e+06
1.61739e+06
1.19969e+06
1.17188e+06
2.31308e+06
1.2076e+06
-648338
-582343
-645791
-777282
500623
468122
785987
542750
-477622
-383506
74812.6
-683946
776576
772488
1.76715e+06
726219
1.50224e+06
1.39189e+06
2.19907e+06
1.64878e+06
1.25564e+06
1.2159e+06
2.42185e+06
1.25683e+06
-681620
-615264
-697902
-813875
509080
477834
775888
556790
-471855
-369129
67786.8
-670945
771981
770611
1.75258e+06
724620
1.49597e+06
1.39101e+06
2.18797e+06
1.64365e+06
1.25286e+06
1.21008e+06
2.39514e+06
1.2568e+06
-716240
-648153
-754059
-861335
514880
490195
765352
569533
-460877
-359175
63028
-659594
784430
780324
1.74906e+06
733314
1.51346e+06
1.40935e+06
2.21425e+06
1.66182e+06
1.25902e+06
1.2283e+06
2.4041e+06
1.26943e+06
-719134
-645050
-751266
-852009
548914
518358
825936
606659
-450047
-350637
86155.3
-649025
771099
768935
1.72284e+06
735798
1.50829e+06
1.40188e+06
2.23636e+06
1.651e+06
1.31367e+06
1.27627e+06
2.50115e+06
1.33634e+06
-718933
-649193
-765159
-848301
582318
555110
875247
648716
-431807
-337168
98738.3
-624145
774989
761069
1.67057e+06
741652
1.51163e+06
1.40104e+06
2.23478e+06
1.65191e+06
1.34157e+06
1.29531e+06
2.521e+06
1.36787e+06
-727191
-658456
-791812
-869135
616939
580713
905194
681302
-418800
-324760
116137
-612936
785227
766082
1.65118e+06
754694
1.52034e+06
1.4028e+06
2.24737e+06
1.6557e+06
1.37783e+06
1.33334e+06
2.55746e+06
1.406e+06
-738639
-663987
-772935
-880582
630942
597610
939147
697336
-403550
-306259
165687
-598680
804386
796180
1.68436e+06
786368
1.51436e+06
1.41172e+06
2.2584e+06
1.66276e+06
1.38483e+06
1.33423e+06
2.57226e+06
1.40818e+06
-738160
-672186
-766029
-875265
676066
624262
955011
757083
-388184
-300455
164705
-575121
801094
788266
1.69206e+06
776938
1.50575e+06
1.40096e+06
2.25241e+06
1.64328e+06
1.38902e+06
1.3256e+06
2.53685e+06
1.41949e+06
-789903
-720030
-842291
-946855
670144
621476
902239
753224
-411835
-326294
106755
-605102
785039
774250
1.67207e+06
750489
1.47307e+06
1.37188e+06
2.21868e+06
1.59895e+06
1.3563e+06
1.30096e+06
2.47452e+06
1.38707e+06
-803875
-733025
-876626
-957603
698491
642815
916290
782332
-423029
-335147
104372
-624154
754128
745967
1.64445e+06
714889
1.43896e+06
1.34039e+06
2.20514e+06
1.55122e+06
1.37435e+06
1.30977e+06
2.47581e+06
1.40919e+06
-822561
-746037
-891480
-977084
730998
680493
997037
820615
-430281
-338819
114378
-632636
708949
702246
1.58415e+06
661578
1.43223e+06
1.33511e+06
2.23901e+06
1.53505e+06
1.37162e+06
1.30577e+06
2.47564e+06
1.4064e+06
-863398
-783607
-941037
-1.02887e+06
742988
688388
1.00831e+06
829813
-432862
-345031
117468
-638816
674127
664163
1.53681e+06
614914
1.40996e+06
1.31368e+06
2.24969e+06
1.49626e+06
1.34377e+06
1.28189e+06
2.4156e+06
1.38091e+06
-857345
-769521
-915110
-1.01694e+06
769780
719810
1.04745e+06
870190
-415852
-318479
173664
-620347
670800
675543
1.55345e+06
624923
1.39008e+06
1.31277e+06
2.26916e+06
1.48688e+06
1.34675e+06
1.28933e+06
2.40422e+06
1.39286e+06
-870557
-793828
-913465
-1.03992e+06
791759
722946
1.06179e+06
883539
-421924
-331056
150293
-629282
660020
662860
1.5302e+06
613831
1.39948e+06
1.32123e+06
2.26093e+06
1.49779e+06
1.33246e+06
1.27401e+06
2.36624e+06
1.36857e+06
-940699
-850855
-988334
-1.13363e+06
732408
677114
997968
809376
-473757
-380691
75108.2
-695332
646552
653114
1.51305e+06
583775
1.40658e+06
1.33002e+06
2.2483e+06
1.50005e+06
1.29385e+06
1.25128e+06
2.3406e+06
1.31529e+06
-963977
-877917
-1.01739e+06
-1.15289e+06
705374
642601
966309
782047
-517599
-422904
25865.3
-743130
616640
623692
1.48726e+06
562102
1.40083e+06
1.31931e+06
2.24197e+06
1.50338e+06
1.31445e+06
1.26333e+06
2.4e+06
1.34419e+06
-980872
-883663
-1.03036e+06
-1.16676e+06
692104
643191
966532
768088
-544887
-440366
-8201.73
-769499
597913
602201
1.42854e+06
542412
1.41852e+06
1.32918e+06
2.24877e+06
1.51914e+06
1.31582e+06
1.26483e+06
2.41121e+06
1.34011e+06
-1.01194e+06
-913687
-1.06508e+06
-1.21893e+06
662506
613695
943406
720858
-560963
-458287
-21843.2
-793866
579159
584331
1.38566e+06
515001
1.421e+06
1.33488e+06
2.24218e+06
1.52233e+06
1.30932e+06
1.2687e+06
2.42081e+06
1.32433e+06
-985679
-882791
-1.00657e+06
-1.18289e+06
659565
616811
964472
723874
-560989
-454367
9863.43
-800279
602116
610022
1.43038e+06
547120
1.44413e+06
1.35691e+06
2.25798e+06
1.56624e+06
1.35046e+06
1.30771e+06
2.5039e+06
1.36886e+06
-1.00531e+06
-908371
-1.02231e+06
-1.20197e+06
643113
591950
933261
703512
-577552
-468051
5502
-814989
597487
609213
1.46457e+06
543772
1.45548e+06
1.36753e+06
2.25703e+06
1.57715e+06
1.34206e+06
1.28913e+06
2.48067e+06
1.36341e+06
-1.0608e+06
-956561
-1.08987e+06
-1.27905e+06
582723
544882
854503
633913
-613399
-503461
-41471.8
-863247
601501
608523
1.48078e+06
530575
1.46599e+06
1.37212e+06
2.25687e+06
1.5829e+06
1.30029e+06
1.25653e+06
2.42616e+06
1.31373e+06
-1.09867e+06
-990545
-1.12261e+06
-1.32032e+06
536353
493461
806392
576998
-638327
-519258
-31394.8
-894748
578043
594288
1.47424e+06
516369
1.43696e+06
1.34705e+06
2.22919e+06
1.55575e+06
1.30136e+06
1.25624e+06
2.4454e+06
1.31843e+06
-1.11722e+06
-1.00216e+06
-1.14097e+06
-1.33394e+06
511713
479985
792855
551214
-643623
-520479
-16888.5
-902059
566551
577018
1.44346e+06
496257
1.46328e+06
1.36402e+06
2.25381e+06
1.58276e+06
1.29739e+06
1.24537e+06
2.44038e+06
1.3078e+06
-1.13277e+06
-1.01644e+06
-1.14586e+06
-1.36897e+06
473002
446606
775500
492683
-639279
-512750
20496.2
-902764
559536
572492
1.43982e+06
482715
1.48584e+06
1.38874e+06
2.2877e+06
1.60799e+06
1.27274e+06
1.23427e+06
2.4194e+06
1.2801e+06
-1.13842e+06
-1.01902e+06
-1.13547e+06
-1.37076e+06
435488
418049
757456
454399
-631811
-508881
77199.8
-913071
578222
594141
1.50175e+06
498484
1.50668e+06
1.41163e+06
2.32061e+06
1.64375e+06
1.27067e+06
1.23014e+06
2.42567e+06
1.27596e+06
437732
453458
1.06176e+06
402446
291256
294895
648786
270533
336984
334362
674226
335500
94795.4
179422
1.0728e+06
-89678.1
721086
754760
1.9094e+06
617822
670969
720224
2.01625e+06
521828
435767
438172
1.05264e+06
398186
272234
267909
620225
253615
334652
317769
666723
322337
128536
207944
1.15228e+06
-59314.2
754381
777619
1.939e+06
659014
654202
703340
2.00357e+06
502780
453936
464531
1.05835e+06
425454
272502
268311
602374
248707
331811
323406
678170
319044
145327
220626
1.16832e+06
-42753.1
749464
768101
1.92648e+06
650375
682072
724179
2.05429e+06
528652
463351
466151
1.0306e+06
442295
241811
242269
556091
219967
324228
314136
655785
320115
125677
192445
1.10466e+06
-63772.5
750329
766405
1.89359e+06
654218
670165
708813
2.02492e+06
521414
478673
484460
1.02488e+06
469777
216360
226659
521809
203548
331427
324677
659890
334952
103428
179386
1.068e+06
-74695.2
773460
792758
1.91709e+06
691704
658871
706854
1.99414e+06
513544
487443
475092
1.01241e+06
469170
202484
203541
483097
174520
351072
345702
716154
342262
142126
217243
1.11852e+06
-32314.8
796250
804768
1.91422e+06
722595
654232
699070
1.97275e+06
511316
503784
502827
1.05408e+06
494703
225223
230971
516295
210953
369795
363751
755416
361733
163067
238499
1.16635e+06
-9977.98
805915
821381
1.90766e+06
737249
682242
726150
2.00546e+06
542150
503124
490837
1.06928e+06
482779
244000
239812
537226
236413
355934
345019
743575
344780
181694
246285
1.20027e+06
10707
807778
815915
1.90661e+06
752306
695313
737628
2.04288e+06
562636
513496
503835
1.06766e+06
493730
244872
234040
511499
234858
357110
348749
740493
340935
164842
231333
1.15201e+06
-6952.98
813974
820239
1.89691e+06
755121
744192
775709
2.08721e+06
616083
496687
488180
1.04864e+06
477146
216923
213598
475611
206164
338320
332236
729680
322962
121843
189779
1.07349e+06
-53679.3
802618
808245
1.87983e+06
738588
747006
771790
2.08259e+06
617055
480111
481782
1.03655e+06
461784
199668
203017
462533
189833
341291
343244
757655
329788
91955.7
164135
1.02916e+06
-80663.9
795410
807141
1.88144e+06
741012
747056
787187
2.08305e+06
627408
489566
480329
1.04368e+06
469615
195600
194909
449250
178752
373853
365282
816786
352932
105391
175503
1.0314e+06
-60939.9
814638
818676
1.87643e+06
765494
775070
803338
2.1082e+06
654105
480511
471178
1.03513e+06
458202
214696
212667
449697
204424
364451
365496
805897
340751
99004.8
174041
1.04194e+06
-78034.9
827596
835480
1.87509e+06
763252
766881
791936
2.06698e+06
633341
455459
450265
1.01234e+06
431207
202252
201373
434950
197406
331320
329280
763341
312478
95769.8
166966
1.07192e+06
-93748.2
838488
841244
1.91342e+06
780311
731627
764344
2.04174e+06
602275
457475
447468
993376
424396
205970
190783
429758
182963
288150
281438
691924
246924
72413.4
139960
1.04946e+06
-126437
827478
820945
1.90505e+06
750555
731498
746596
2.03371e+06
583329
453664
446179
990887
427595
184973
187453
446479
167753
242755
240744
635188
201139
22881.3
92299.4
985698
-185989
830450
827104
1.93368e+06
748248
694170
716825
2.00826e+06
544895
444506
442027
979466
417494
183918
194696
466443
163815
212908
223140
611640
178697
-16028.7
66781.3
952854
-224291
837811
841414
1.97243e+06
762903
657112
695559
1.97437e+06
506732
455715
449222
984192
429636
198241
207716
491779
184829
207999
218837
619875
159980
-3160.06
80927
983904
-213280
849903
853422
1.98899e+06
780200
647754
685370
1.96089e+06
498016
448746
447220
987321
424309
226268
223244
507235
201335
239791
254890
680648
194652
-9768.68
79729.8
1.01566e+06
-232659
833376
844808
1.96905e+06
750857
637725
678873
1.92965e+06
485970
447533
444166
993807
421187
231548
232986
519808
220998
262614
270333
725349
220243
17651.5
109015
1.08248e+06
-203783
838909
844891
1.97325e+06
757878
638093
678893
1.93695e+06
491265
472018
472803
1.00707e+06
460660
249590
245097
529741
236675
282859
292741
765160
239046
17881.3
104899
1.08879e+06
-201392
832058
838047
1.97537e+06
751634
676850
716832
1.97347e+06
541701
467774
460314
975590
452637
234284
229750
520888
220333
287261
294757
783083
236555
-37818.2
48209.1
998372
-271438
807593
810218
1.92726e+06
719429
685097
715567
1.98596e+06
540697
468273
466707
965166
460833
222470
226129
503381
209847
310311
321483
836659
270639
-73753.4
19292.7
949634
-306566
791928
799947
1.90466e+06
704745
671167
708936
1.95729e+06
535583
493378
480258
1.00842e+06
472677
228069
224356
525617
208028
368444
373359
944908
316989
-39347
53159.6
1.02153e+06
-275675
798304
801416
1.92493e+06
708377
682243
714324
1.97971e+06
537576
503888
498860
1.04595e+06
487260
246610
252204
556675
223363
365830
380838
921409
325572
-53086
47682.3
1.02616e+06
-299291
785506
798704
1.9104e+06
690597
687345
726134
2.00875e+06
537014
508350
493426
1.0633e+06
489345
273514
278590
609479
267495
370564
377665
888395
342472
-56929.9
46735.5
1.0369e+06
-298734
788450
805151
1.93854e+06
696959
697144
737980
2.05121e+06
552580
529158
519675
1.08293e+06
516913
297466
296822
642232
283224
355456
356858
824981
328638
-88757.5
8980.26
975619
-334326
783861
795872
1.95851e+06
686869
734726
775786
2.13194e+06
588802
565153
551463
1.13929e+06
554826
328341
326667
711033
319624
369007
364594
811254
358976
-105463
-13147.9
951596
-358249
805592
814094
2.01911e+06
704121
761466
794859
2.20381e+06
611961
585388
571134
1.16955e+06
572211
356539
359720
762884
350552
367664
362608
780656
360505
-129197
-29699.2
947651
-387535
823528
841344
2.08561e+06
713632
783129
824704
2.26291e+06
626563
590284
578530
1.20046e+06
578105
365803
366628
792411
348686
367109
361033
759959
362000
-131525
-23751.7
954015
-384404
821761
837615
2.09793e+06
716699
780118
821770
2.28279e+06
619892
589748
583259
1.21012e+06
581875
394930
392713
818145
384260
364581
361837
735239
358375
-126181
-9624.43
987728
-381105
834298
871321
2.12978e+06
731366
812107
856594
2.32223e+06
652243
595559
581147
1.21278e+06
583343
423766
411503
829103
428062
351414
332245
692364
346889
-93786.4
12816.3
1.03679e+06
-352250
893309
916298
2.21428e+06
793123
856067
895421
2.40434e+06
695705
587114
578775
1.2071e+06
573865
420776
405719
816776
419957
292470
285537
621100
273376
-124254
-13214.4
1.01334e+06
-382823
893520
915275
2.24514e+06
790263
886468
923001
2.49141e+06
718322
592570
587585
1.21413e+06
581286
416979
405183
815547
419455
264840
264010
586812
244771
-143006
-38576.2
971313
-412258
925863
941414
2.30144e+06
813216
910051
946614
2.55764e+06
738108
602830
597604
1.23386e+06
588124
418015
409906
813193
424545
256239
258181
601218
241961
-155737
-41742.6
976587
-422908
958162
981821
2.39122e+06
848315
942843
984785
2.63706e+06
768984
609875
602810
1.26003e+06
588371
421279
408621
810965
425018
255431
258159
619735
224563
-135800
-23745.4
1.01977e+06
-412042
990560
1.01214e+06
2.45259e+06
885671
965150
1.00926e+06
2.69516e+06
788156
-778096
-746552
-1.34625e+06
-813660
218944
194741
205987
260997
-223372
-154467
201736
-349010
-107230
-63323.5
202207
-190236
987994
980073
2.11836e+06
943181
801310
823603
2.10579e+06
683238
-804834
-774087
-1.38767e+06
-843264
203472
181975
177200
255596
-218643
-163078
195983
-345578
-76877.4
-38827.9
258573
-161697
1.0005e+06
988589
2.13439e+06
958770
786510
811212
2.07955e+06
672504
-825870
-791181
-1.42971e+06
-865645
194955
165023
162799
228860
-242935
-181905
188117
-386094
-82633.2
-49635.4
248648
-170486
962251
944596
2.09472e+06
905619
794736
816691
2.09668e+06
674761
-839148
-804440
-1.47254e+06
-873691
176282
153618
158645
212937
-257011
-193321
168935
-397455
-116219
-86431.1
182704
-214785
948209
932874
2.0792e+06
882321
802539
822406
2.11335e+06
683301
-845821
-811867
-1.50554e+06
-876057
155132
138838
137462
191810
-252334
-191157
176238
-386440
-144265
-107088
146703
-235525
951472
938607
2.10103e+06
890748
808096
834040
2.12423e+06
695737
-849637
-814984
-1.53547e+06
-878019
142099
122481
110251
172947
-244607
-178472
209971
-390696
-116412
-74524.1
175592
-201484
954226
946437
2.10107e+06
900759
817239
837050
2.11358e+06
704239
-860502
-828333
-1.54044e+06
-893789
126905
111373
82577.3
158897
-236966
-172891
237075
-389684
-112035
-69173.4
204384
-204376
963680
961044
2.10814e+06
899673
809979
834261
2.09046e+06
697566
-906177
-875780
-1.59305e+06
-950554
87135.4
73476.9
20163.9
122800
-270169
-204723
207488
-420265
-105034
-62009
249569
-200282
979425
974786
2.1625e+06
922500
780001
811875
2.07741e+06
670197
-931769
-902927
-1.65914e+06
-971365
60254.7
35726.6
-48639.8
94770
-290428
-226285
174934
-448130
-123353
-82084.5
216639
-211461
961185
954205
2.1379e+06
902288
793318
813871
2.10015e+06
679661
-956223
-924188
-1.70688e+06
-996155
28232.7
16918.9
-96403.4
67989
-303848
-233098
162538
-458086
-142589
-107349
155199
-230116
961375
949107
2.13441e+06
895316
786231
806440
2.09524e+06
671072
-1.00649e+06
-970034
-1.76795e+06
-1.06042e+06
-20711.9
-28719.8
-168414
8353.76
-322772
-246707
165167
-482508
-176976
-136429
101651
-271449
951049
942147
2.14097e+06
878833
756175
791834
2.07718e+06
632682
-1.00557e+06
-969816
-1.76434e+06
-1.05647e+06
-44213.3
-50066
-214472
-9224.92
-316076
-250674
196909
-492561
-159222
-123590
130638
-252216
968946
964021
2.17209e+06
906716
768249
798054
2.1058e+06
641067
-1.0387e+06
-992028
-1.81455e+06
-1.07072e+06
-50291.6
-65268.1
-271097
-12711
-315859
-237741
198331
-479924
-171317
-122428
126260
-259203
970206
973617
2.18078e+06
923168
786686
816046
2.11294e+06
674890
-1.05868e+06
-1.01351e+06
-1.86863e+06
-1.10305e+06
-65996.4
-80786.2
-330454
-28884.6
-308538
-237860
190802
-480623
-150240
-101734
151949
-242156
994652
986903
2.18173e+06
941954
801597
832263
2.12017e+06
687374
-1.06059e+06
-1.01356e+06
-1.88244e+06
-1.09314e+06
-83734.9
-101436
-356636
-57610.1
-313535
-236915
198226
-480459
-168460
-121252
108861
-252297
989013
983112
2.1742e+06
939820
843342
863973
2.17952e+06
735450
-1.0653e+06
-1.01985e+06
-1.90675e+06
-1.09395e+06
-110283
-117182
-367752
-81260.7
-303657
-228757
205873
-468332
-178513
-134706
77379.4
-269840
1.01992e+06
1.01304e+06
2.21284e+06
969281
849548
864879
2.18609e+06
736950
-1.08384e+06
-1.03482e+06
-1.94963e+06
-1.11335e+06
-128198
-128866
-390119
-101357
-295873
-217825
225175
-457418
-186461
-137392
78698.9
-274082
1.06727e+06
1.05808e+06
2.28833e+06
1.02747e+06
849611
878920
2.19213e+06
746688
-1.10569e+06
-1.06022e+06
-1.97747e+06
-1.14618e+06
-157017
-153491
-407647
-132735
-281413
-204840
276097
-456478
-171236
-119922
121917
-259978
1.09153e+06
1.07676e+06
2.31986e+06
1.05001e+06
858254
884089
2.20285e+06
753395
-1.10463e+06
-1.05863e+06
-1.96557e+06
-1.13182e+06
-122751
-135154
-382647
-92637.4
-278667
-201182
288447
-451788
-147191
-105437
158801
-238416
1.11855e+06
1.11352e+06
2.36046e+06
1.08871e+06
883361
896488
2.21893e+06
772932
-1.12571e+06
-1.08283e+06
-2.01142e+06
-1.16555e+06
-130419
-141988
-418520
-96654.4
-308471
-240198
240386
-490355
-140023
-101839
179167
-243284
1.15297e+06
1.13898e+06
2.39819e+06
1.12106e+06
873519
895771
2.20789e+06
764343
-1.09887e+06
-1.05289e+06
-1.98931e+06
-1.11959e+06
-103197
-120370
-400191
-60529.8
-338924
-260577
201979
-518884
-138209
-101350
178200
-228934
1.16749e+06
1.14977e+06
2.42355e+06
1.13878e+06
928682
942006
2.29775e+06
827260
-1.09303e+06
-1.05039e+06
-2.00428e+06
-1.11337e+06
-85736
-98505.6
-391056
-31954.2
-350893
-265946
181518
-530011
-150940
-121532
113821
-247370
1.18283e+06
1.16485e+06
2.44093e+06
1.15078e+06
958278
966879
2.33536e+06
858210
-1.08854e+06
-1.04476e+06
-2.0154e+06
-1.10812e+06
-60192.5
-78314.9
-385094
-2078.89
-347212
-265671
190702
-521701
-158919
-130581
78194
-248611
1.20376e+06
1.18009e+06
2.48449e+06
1.16684e+06
984359
995395
2.36747e+06
888176
-1.05026e+06
-1.01535e+06
-1.95537e+06
-1.07706e+06
-32285.1
-60184.7
-353612
27469
-336492
-257537
221664
-527442
-131139
-98415.8
130618
-219195
1.23884e+06
1.22175e+06
2.5477e+06
1.21886e+06
1.02243e+06
1.02791e+06
2.43643e+06
920555
-1.04515e+06
-1.00896e+06
-1.92666e+06
-1.07136e+06
-30087.4
-49354.6
-353247
27771.6
-360533
-271972
190895
-551712
-136110
-92783
155092
-228736
1.25076e+06
1.22982e+06
2.54633e+06
1.21442e+06
1.00753e+06
1.0194e+06
2.43207e+06
900234
-1.06958e+06
-1.03425e+06
-1.93857e+06
-1.10543e+06
-45302.9
-59813.5
-334821
11462.9
-397627
-311536
142140
-586416
-134728
-88463.3
186676
-230864
1.25224e+06
1.22432e+06
2.55345e+06
1.21626e+06
983957
1.00004e+06
2.44109e+06
872553
-1.06559e+06
-1.02696e+06
-1.94909e+06
-1.09343e+06
-40763.3
-64467.6
-329261
2663.67
-412968
-325623
93649.9
-599932
-140298
-101384
160228
-230283
1.23449e+06
1.20461e+06
2.54217e+06
1.19065e+06
1.01047e+06
1.01732e+06
2.48543e+06
894163
-1.06478e+06
-1.03214e+06
-1.96779e+06
-1.0929e+06
-43579.7
-61064.3
-311134
9092.69
-413672
-328712
62348.4
-592176
-153936
-122252
107183
-246624
1.22161e+06
1.19236e+06
2.52552e+06
1.17117e+06
1.01655e+06
1.02032e+06
2.50425e+06
897120
-1.08024e+06
-1.0434e+06
-1.99118e+06
-1.1072e+06
-42892.4
-50817.6
-282118
3205.32
-423235
-340910
41369.3
-597010
-180260
-142443
64567.3
-270396
1.21118e+06
1.18243e+06
2.52272e+06
1.15917e+06
1.00223e+06
1.01551e+06
2.5182e+06
876965
-1.07709e+06
-1.04169e+06
-1.99619e+06
-1.10718e+06
-31187.7
-39334.2
-240259
16885.7
-414111
-336422
47741
-598463
-159870
-118432
85316.7
-245145
1.21443e+06
1.19318e+06
2.53205e+06
1.16842e+06
995282
1.01515e+06
2.53459e+06
864648
-1.10138e+06
-1.07005e+06
-1.98844e+06
-1.13925e+06
-3983.13
-27392.6
-218240
33607.4
-394391
-313904
67205.5
-568504
-160457
-124298
100604
-248071
1.21953e+06
1.20401e+06
2.56437e+06
1.1887e+06
970583
989264
2.49784e+06
835037
-1.17501e+06
-1.13442e+06
-2.07133e+06
-1.23664e+06
-45520.7
-57885.9
-277122
-11868.1
-414452
-339413
13628.8
-599718
-181366
-140286
65459
-276742
1.22003e+06
1.20919e+06
2.55001e+06
1.18598e+06
914999
953003
2.43302e+06
772460
-1.1803e+06
-1.13857e+06
-2.06419e+06
-1.23654e+06
-21534.2
-39301
-231867
12035.7
-410724
-332866
35180
-594453
-182999
-145911
63364.5
-270509
1.23668e+06
1.2191e+06
2.59075e+06
1.20329e+06
945777
978505
2.50644e+06
809407
-1.21529e+06
-1.16225e+06
-2.0908e+06
-1.27284e+06
-7966.26
-16300.9
-183424
30614.9
-388892
-301112
83476.8
-560609
-207969
-167750
9330.27
-299077
1.24125e+06
1.22415e+06
2.60385e+06
1.20263e+06
964067
994993
2.54746e+06
827220
-1.24916e+06
-1.19776e+06
-2.14198e+06
-1.32617e+06
-4894.59
-20059.2
-173999
18413.1
-353228
-278390
131117
-533919
-242919
-208812
-49048.5
-348838
1.24594e+06
1.22361e+06
2.62046e+06
1.19709e+06
965304
1.00228e+06
2.56734e+06
816773
-1.24175e+06
-1.17935e+06
-2.10488e+06
-1.3062e+06
2530.74
-10178.8
-148761
32750.4
-328991
-252545
194349
-511117
-220228
-178774
-14031.1
-308741
1.27025e+06
1.25347e+06
2.6521e+06
1.24499e+06
978203
1.01114e+06
2.60531e+06
827791
