1.27618e+06
1.03775e+06
479734
536148
646629
555876
431786
375262
1.60394e+06
1.34232e+06
855262
805092
271866
181309
-161927
-40737.1
1.35692e+06
1.11109e+06
548914
595793
1.9751e+06
1.63447e+06
927024
926903
1.31306e+06
1.06402e+06
497382
544015
698211
594197
462032
386427
1.62226e+06
1.35928e+06
846555
806337
314063
213085
-156121
-16950.8
1.38748e+06
1.1364e+06
540366
596123
1.99538e+06
1.64775e+06
924991
926822
1.32535e+06
1.07883e+06
504965
555151
695919
595498
464233
393218
1.61308e+06
1.34599e+06
832892
799070
309637
206870
-182814
-30325
1.32456e+06
1.07865e+06
509016
561654
1.95433e+06
1.61584e+06
884890
913375
1.37588e+06
1.12331e+06
526173
587645
705267
604054
450468
403580
1.62803e+06
1.36042e+06
818007
801272
279625
180401
-199814
-46753.9
1.39285e+06
1.13536e+06
518929
583410
1.90049e+06
1.56756e+06
831176
872257
1.36819e+06
1.11146e+06
518289
570333
688525
582964
440061
376616
1.67631e+06
1.39465e+06
828858
803938
268926
171201
-229895
-61935.5
1.40725e+06
1.14563e+06
505521
579148
1.92188e+06
1.58028e+06
830653
857405
1.41547e+06
1.15145e+06
556018
599314
689148
587906
450956
377653
1.74579e+06
1.4484e+06
855129
833765
285179
177879
-227570
-63799.4
1.44907e+06
1.1774e+06
513558
595061
1.94986e+06
1.59968e+06
838898
865572
1.43406e+06
1.17203e+06
563802
607019
706561
604429
465545
404673
1.78853e+06
1.48716e+06
887367
852875
393940
273268
-188592
-24959.5
1.54389e+06
1.25247e+06
555325
619114
2.06258e+06
1.69537e+06
880899
913735
1.48694e+06
1.21276e+06
602904
633790
696317
596068
485752
401257
1.86451e+06
1.55425e+06
938877
898645
447708
313351
-160704
8691.76
1.68364e+06
1.37077e+06
626951
689160
2.11929e+06
1.74186e+06
922594
948570
1.50544e+06
1.23317e+06
610263
656089
634423
550205
465949
394270
1.85619e+06
1.54925e+06
953818
910426
475937
339466
-165022
18038.3
1.74182e+06
1.41927e+06
663112
725093
2.11073e+06
1.7419e+06
919234
960991
1.50998e+06
1.23411e+06
613576
650842
537490
466666
415769
346715
1.8702e+06
1.56205e+06
966128
923453
389197
263900
-200514
-21256.3
1.8316e+06
1.49163e+06
698839
762675
2.08236e+06
1.71311e+06
899151
934344
1.50416e+06
1.22608e+06
603318
642645
504514
435558
395423
317636
1.87548e+06
1.56442e+06
967717
926229
393334
264418
-226352
-35143.2
1.92026e+06
1.56319e+06
727321
796171
2.11708e+06
1.74073e+06
911600
942462
1.5348e+06
1.25328e+06
623935
654417
496035
431053
387799
303379
1.92749e+06
1.60898e+06
996930
940889
423961
288677
-213816
-34878.7
2.01672e+06
1.64251e+06
772649
835751
2.18435e+06
1.79543e+06
942641
965600
1.51495e+06
1.23898e+06
609651
652488
505002
442447
394484
320267
1.9516e+06
1.62913e+06
1.02098e+06
957498
506822
359984
-173800
6634.78
2.08287e+06
1.6985e+06
801968
880576
2.25765e+06
1.85921e+06
991341
1.01293e+06
1.51988e+06
1.24012e+06
614157
650424
513515
447951
407595
322171
2.02445e+06
1.6912e+06
1.05594e+06
994005
539533
382862
-163479
25172.3
2.13099e+06
1.73955e+06
818567
899484
2.35552e+06
1.93882e+06
1.04398e+06
1.06044e+06
1.55143e+06
1.2668e+06
614077
668806
548436
478061
422066
343107
2.09439e+06
1.7463e+06
1.08619e+06
1.02689e+06
599039
431069
-161727
45790.1
2.16365e+06
1.7626e+06
831597
910331
2.4388e+06
2.01058e+06
1.07612e+06
1.10799e+06
1.53346e+06
1.25419e+06
606536
657655
528503
463557
407274
335784
2.13222e+06
1.7806e+06
1.09876e+06
1.05155e+06
515918
362424
-194547
8845.91
2.21038e+06
1.80197e+06
849683
930872
2.45797e+06
2.0259e+06
1.08024e+06
1.11329e+06
1.58912e+06
1.29111e+06
613887
663314
615206
526616
437705
358295
2.21792e+06
1.84594e+06
1.13306e+06
1.07825e+06
588386
417211
-192315
20964.3
2.28833e+06
1.86324e+06
865403
956332
2.58386e+06
2.12469e+06
1.13036e+06
1.15451e+06
1.59811e+06
1.29784e+06
625704
675317
618296
532306
444691
363780
2.24944e+06
1.87174e+06
1.15715e+06
1.09649e+06
627468
445484
-178641
32251.8
2.30131e+06
1.87257e+06
872918
966798
2.66411e+06
2.19097e+06
1.17274e+06
1.19623e+06
1.54927e+06
1.26433e+06
606662
655605
612483
532800
459610
378045
2.25792e+06
1.88477e+06
1.18203e+06
1.11534e+06
668162
482663
-158912
48221.9
2.32378e+06
1.89291e+06
890515
968267
2.71238e+06
2.23213e+06
1.20182e+06
1.22788e+06
1.5912e+06
1.30083e+06
630031
680515
601256
527237
472983
387069
2.32052e+06
1.94049e+06
1.21662e+06
1.15839e+06
665856
477685
-161754
62315.2
2.42862e+06
1.98239e+06
935258
1.02485e+06
2.73738e+06
2.25464e+06
1.22752e+06
1.25524e+06
1.59314e+06
1.30234e+06
623308
681263
554449
487781
454121
369697
2.29527e+06
1.91863e+06
1.21419e+06
1.14762e+06
596908
421128
-207311
18958.2
2.42924e+06
1.97914e+06
936631
1.02121e+06
2.67936e+06
2.20742e+06
1.20085e+06
1.23217e+06
1.63547e+06
1.33856e+06
646120
692268
465855
416889
422704
333183
2.30758e+06
1.93317e+06
1.22801e+06
1.15758e+06
519634
358156
-231030
-18169.8
2.51476e+06
2.05255e+06
977315
1.05452e+06
2.64334e+06
2.18114e+06
1.19533e+06
1.20821e+06
1.64833e+06
1.34364e+06
649052
699038
414218
369513
395947
305894
2.33996e+06
1.95487e+06
1.23801e+06
1.17328e+06
508868
347108
-248785
-25199.2
2.58025e+06
2.10461e+06
1.00005e+06
1.08884e+06
2.6457e+06
2.1818e+06
1.20248e+06
1.21772e+06
1.67194e+06
1.36333e+06
659972
709066
373149
337337
377275
279998
2.33672e+06
1.95123e+06
1.2363e+06
1.16934e+06
485716
327089
-257360
-41397.6
2.6113e+06
2.12729e+06
1.00899e+06
1.09786e+06
2.61712e+06
2.15819e+06
1.19698e+06
1.20528e+06
1.72348e+06
1.40387e+06
664229
737314
404899
362308
373558
290280
2.3411e+06
1.95408e+06
1.23807e+06
1.16405e+06
527469
363818
-243179
-19644.8
2.63873e+06
2.14324e+06
1.00431e+06
1.11811e+06
2.61663e+06
2.15548e+06
1.18186e+06
1.20176e+06
1.79614e+06
1.46289e+06
685772
756888
452402
403942
394907
305466
2.43165e+06
2.0344e+06
1.2797e+06
1.19786e+06
572322
400484
-227718
-1967.17
2.61132e+06
2.125e+06
984155
1.09596e+06
2.64295e+06
2.17547e+06
1.18766e+06
1.2001e+06
1.85426e+06
1.51027e+06
709324
788976
498669
442365
420044
331739
2.52067e+06
2.10607e+06
1.33022e+06
1.25481e+06
585028
409872
-228531
11721.7
2.55091e+06
2.07404e+06
973817
1.07525e+06
2.63809e+06
2.17477e+06
1.18566e+06
1.21814e+06
1.9101e+06
1.55547e+06
733138
809004
496405
436211
404128
334952
2.60006e+06
2.17252e+06
1.36626e+06
1.29028e+06
534310
367752
-249061
-18009.3
2.56885e+06
2.08804e+06
981326
1.08305e+06
2.59408e+06
2.13394e+06
1.15287e+06
1.18205e+06
1.97754e+06
1.60775e+06
765691
826256
511817
444491
415907
323822
2.70623e+06
2.26195e+06
1.43603e+06
1.34015e+06
574659
399840
-233284
-9398.86
2.56091e+06
2.08387e+06
986970
1.07611e+06
2.63127e+06
2.16532e+06
1.17823e+06
1.18734e+06
2.06357e+06
1.67948e+06
808592
878775
518315
451831
417066
328305
2.7857e+06
2.32656e+06
1.47945e+06
1.3884e+06
592267
412557
-224516
6666.6
2.56978e+06
2.09187e+06
990560
1.08776e+06
2.65454e+06
2.18247e+06
1.18493e+06
1.20477e+06
2.01529e+06
1.64421e+06
799050
856431
470407
414541
402762
324928
2.74836e+06
2.30037e+06
1.48469e+06
1.38433e+06
578027
401893
-210909
-5523.21
2.50641e+06
2.03866e+06
973041
1.06317e+06
2.66366e+06
2.19052e+06
1.19514e+06
1.21428e+06
2.10804e+06
1.7276e+06
854691
902933
443393
399217
412920
312996
2.78929e+06
2.34255e+06
1.50743e+06
1.40899e+06
595920
423172
-190524
22259.7
2.42741e+06
1.98263e+06
942701
1.03529e+06
2.65692e+06
2.19104e+06
1.20507e+06
1.21779e+06
2.11853e+06
1.73267e+06
857822
917448
352107
321427
371595
286372
2.75584e+06
2.30707e+06
1.48504e+06
1.39594e+06
543770
377322
-215974
-218.496
2.27595e+06
1.85139e+06
878146
967178
2.52522e+06
2.08287e+06
1.14115e+06
1.17649e+06
2.25282e+06
1.84671e+06
921331
969662
326039
303488
363290
271737
2.7797e+06
2.3322e+06
1.50148e+06
1.40563e+06
502978
348284
-212024
-13716.5
2.2454e+06
1.82957e+06
874233
949456
2.4817e+06
2.0472e+06
1.12136e+06
1.13759e+06
2.2977e+06
1.88377e+06
941403
997287
263789
251910
335971
243864
2.79673e+06
2.34278e+06
1.50147e+06
1.41399e+06
470776
323890
-233019
-18091.3
2.1827e+06
1.78076e+06
841176
929201
2.4632e+06
2.03416e+06
1.1213e+06
1.1332e+06
2.34566e+06
1.92294e+06
975064
1.02812e+06
234646
226027
329396
226243
2.8459e+06
2.38238e+06
1.52357e+06
1.42992e+06
460654
312238
-230981
-30689.1
2.14437e+06
1.74583e+06
820927
908234
2.46166e+06
2.03002e+06
1.13392e+06
1.13674e+06
-291714
-273971
-350895
-260797
209165
156988
-18789.2
28573.5
1.1322e+06
929677
473442
494599
3.32203e+06
2.65479e+06
906473
1.18622e+06
1.85199e+06
1.44037e+06
249219
515718
3.15954e+06
2.55558e+06
1.08336e+06
1.2496e+06
-345504
-319259
-367697
-265249
189633
142854
-13517.1
35925.3
1.12425e+06
927655
470497
504038
3.37299e+06
2.69322e+06
916659
1.23086e+06
1.98987e+06
1.55704e+06
304675
593164
3.2354e+06
2.61964e+06
1.12021e+06
1.30529e+06
-382676
-348811
-384628
-292983
176678
130922
-20016.1
28574.2
1.07992e+06
889070
463081
485600
3.38282e+06
2.69901e+06
893953
1.21158e+06
2.05346e+06
1.60556e+06
331144
612918
3.29799e+06
2.6713e+06
1.13498e+06
1.32644e+06
-368695
-334631
-362923
-286744
131315
93705.1
-38991.3
6981.27
1.07643e+06
888881
463610
484345
3.36018e+06
2.67761e+06
889123
1.19574e+06
2.1849e+06
1.71658e+06
389442
668538
3.34722e+06
2.70841e+06
1.15141e+06
1.33191e+06
-415036
-373928
-389458
-295025
109032
73040.6
-59459.2
-1135.61
1.09865e+06
905307
465676
495514
3.3812e+06
2.69415e+06
867366
1.20028e+06
2.27663e+06
1.78913e+06
407825
708360
3.42213e+06
2.77198e+06
1.17779e+06
1.37155e+06
-468748
-416222
-405069
-315484
78817
49101.5
-71543.6
-26083.8
1.08089e+06
886478
450807
488037
3.40417e+06
2.70992e+06
869776
1.20135e+06
2.3783e+06
1.86803e+06
448864
747068
3.48156e+06
2.81787e+06
1.20492e+06
1.39255e+06
-474346
-421781
-410612
-330396
81322.9
50748.3
-83046.9
-21091.6
1.05887e+06
870583
442490
465365
3.5177e+06
2.79968e+06
918300
1.23685e+06
2.45461e+06
1.92943e+06
465317
784561
3.56973e+06
2.88835e+06
1.23657e+06
1.42539e+06
-428725
-381774
-386925
-305770
83178.4
52326.6
-79251.1
-31293
1.08298e+06
893309
441884
469508
3.54893e+06
2.82821e+06
929440
1.26664e+06
2.43448e+06
1.91759e+06
441102
772581
3.6396e+06
2.94532e+06
1.26432e+06
1.45721e+06
-337837
-311029
-347320
-266955
128739
85962.3
-52381.1
-8068.09
1.20453e+06
985563
492223
512843
3.61535e+06
2.87955e+06
949853
1.28592e+06
2.43385e+06
1.90914e+06
450487
758646
3.69584e+06
2.99346e+06
1.28355e+06
1.49149e+06
-292949
-271429
-329017
-235774
47318.2
21536.4
-101565
-27155
1.23988e+06
1.01494e+06
490623
541522
3.55532e+06
2.83097e+06
935765
1.27169e+06
2.45905e+06
1.9301e+06
452526
784476
3.63243e+06
2.93818e+06
1.24395e+06
1.46241e+06
-304542
-282168
-342684
-249540
-21909.7
-40202.6
-141100
-80712.7
1.27057e+06
1.03628e+06
487899
541463
3.55846e+06
2.8338e+06
919690
1.26561e+06
2.37468e+06
1.86257e+06
403503
742236
3.64477e+06
2.94631e+06
1.23239e+06
1.44965e+06
-315773
-291514
-337389
-250939
-107334
-111229
-186255
-123977
1.286e+06
1.04776e+06
478745
537156
3.60201e+06
2.86585e+06
929502
1.27302e+06
2.33365e+06
1.82616e+06
372617
713870
3.66173e+06
2.95594e+06
1.22699e+06
1.44464e+06
-347979
-315732
-350926
-270804
-107563
-107412
-175551
-125118
1.30054e+06
1.05763e+06
496813
538413
3.70169e+06
2.94871e+06
972609
1.3092e+06
2.40363e+06
1.87995e+06
403359
724209
3.77609e+06
3.05085e+06
1.27111e+06
1.49345e+06
-280247
-263396
-320474
-237435
-52564.2
-62518.1
-134598
-93451.2
1.36783e+06
1.11671e+06
530236
574740
3.77825e+06
3.00845e+06
1.0008e+06
1.35144e+06
2.52621e+06
1.98101e+06
443833
780849
3.85833e+06
3.11422e+06
1.30192e+06
1.53039e+06
-308649
-281503
-333137
-249810
-72913.3
-75185.2
-140805
-102084
1.35209e+06
1.10481e+06
531821
570931
3.72868e+06
2.9693e+06
968475
1.32229e+06
2.50819e+06
1.96328e+06
430991
763131
3.81775e+06
3.08629e+06
1.26948e+06
1.51429e+06
-257506
-241874
-305019
-218665
-92418.9
-95091.7
-148993
-94950.3
1.3929e+06
1.13712e+06
550206
598841
3.67223e+06
2.92119e+06
955981
1.3058e+06
2.59602e+06
2.03172e+06
464136
799604
3.78055e+06
3.04794e+06
1.2347e+06
1.48546e+06
-342300
-315290
-342691
-262043
-182047
-173758
-193984
-147213
1.3591e+06
1.10809e+06
538083
580012
3.57198e+06
2.83745e+06
898882
1.25458e+06
2.56962e+06
2.01047e+06
438205
785595
3.73678e+06
3.00974e+06
1.20251e+06
1.45604e+06
-313257
-287247
-319581
-246768
-200190
-182939
-196053
-160862
1.42472e+06
1.16339e+06
569153
609441
3.5914e+06
2.85439e+06
906704
1.25573e+06
2.64502e+06
2.07317e+06
460819
812041
3.7523e+06
3.02085e+06
1.19936e+06
1.45019e+06
-301310
-276950
-329971
-241490
-168882
-153901
-182052
-133573
1.44636e+06
1.18428e+06
583396
624424
3.75144e+06
2.98807e+06
971297
1.3194e+06
2.76464e+06
2.17049e+06
495281
870399
3.84524e+06
3.09538e+06
1.22753e+06
1.48508e+06
-275834
-259930
-325044
-235864
-168443
-154669
-167926
-127065
1.52279e+06
1.24709e+06
612679
655885
3.81461e+06
3.0355e+06
987395
1.35719e+06
2.84326e+06
2.23571e+06
509867
902969
3.89023e+06
3.13046e+06
1.24634e+06
1.50987e+06
-268416
-250477
-316942
-230175
-228932
-200432
-172885
-148246
1.53474e+06
1.25487e+06
626586
660587
3.85641e+06
3.07083e+06
991516
1.36249e+06
2.80004e+06
2.19573e+06
491460
870648
3.86041e+06
3.10788e+06
1.23505e+06
1.50115e+06
-215479
-208133
-306768
-210692
-250211
-217662
-188109
-147968
1.60854e+06
1.31602e+06
647587
701785
3.83027e+06
3.04438e+06
979402
1.35287e+06
2.84647e+06
2.23173e+06
495543
887455
3.83731e+06
3.08437e+06
1.20128e+06
1.47719e+06
-195203
-196678
-306988
-213098
-267781
-235711
-199722
-166588
1.63304e+06
1.33351e+06
652232
698667
3.88457e+06
3.09023e+06
982722
1.36284e+06
2.87389e+06
2.25089e+06
475781
883396
3.87926e+06
3.11622e+06
1.2109e+06
1.47957e+06
-230335
-227988
-325970
-226831
-318324
-278708
-229806
-193965
1.68031e+06
1.36864e+06
655800
716904
3.91967e+06
3.11282e+06
984911
1.37348e+06
2.84771e+06
2.22355e+06
442805
860900
3.89198e+06
3.124e+06
1.19971e+06
1.48181e+06
-267975
-256445
-353836
-239494
-335140
-290267
-239038
-204984
1.67558e+06
1.36531e+06
655425
710946
4.00894e+06
3.1873e+06
1.01816e+06
1.40509e+06
2.87518e+06
2.24025e+06
440787
856185
3.93784e+06
3.16183e+06
1.20833e+06
1.50258e+06
-269693
-258130
-349789
-248247
-310049
-269555
-218525
-194336
1.73417e+06
1.41654e+06
677670
736145
4.08172e+06
3.24634e+06
1.03882e+06
1.44242e+06
2.8763e+06
2.24477e+06
432539
855673
3.98716e+06
3.20061e+06
1.22482e+06
1.5182e+06
-271904
-257713
-350509
-240296
-318474
-275007
-216062
-192664
1.74486e+06
1.42286e+06
686013
744383
4.11828e+06
3.27395e+06
1.04066e+06
1.45304e+06
2.82757e+06
2.2024e+06
419244
830498
3.9505e+06
3.17188e+06
1.20196e+06
1.51319e+06
-308435
-288025
-367969
-252233
-392925
-336360
-257969
-213027
1.7482e+06
1.42666e+06
680416
750124
4.05146e+06
3.2176e+06
1.00817e+06
1.42231e+06
2.85397e+06
2.22156e+06
419695
841683
3.87242e+06
3.10472e+06
1.14913e+06
1.46448e+06
-337868
-318200
-387251
-286588
-436156
-378672
-275089
-257643
1.77835e+06
1.4482e+06
688658
747505
4.06561e+06
3.22739e+06
997068
1.4112e+06
2.87269e+06
2.23546e+06
416448
836599
3.87229e+06
3.10292e+06
1.138e+06
1.44755e+06
-320775
-301473
-372149
-273773
-431150
-371692
-274605
-257632
1.85732e+06
1.5114e+06
711953
779852
4.11714e+06
3.26684e+06
1.01374e+06
1.43148e+06
2.88968e+06
2.24955e+06
413327
843607
3.86944e+06
3.0968e+06
1.1272e+06
1.44037e+06
-354211
-324229
-389740
-291213
-412605
-352207
-266277
-237903
1.86192e+06
1.52003e+06
731288
784567
4.20548e+06
3.34437e+06
1.05999e+06
1.46065e+06
2.91403e+06
2.2693e+06
423102
848201
3.88579e+06
3.11115e+06
1.13562e+06
1.43155e+06
-287356
-270239
-351135
-261487
-335970
-288585
-216018
-204198
1.92931e+06
1.57954e+06
770588
824514
4.28767e+06
3.41089e+06
1.09283e+06
1.51573e+06
2.95354e+06
2.30622e+06
436757
872267
3.9455e+06
3.15971e+06
1.17639e+06
1.46963e+06
-272537
-257185
-343240
-242037
-344792
-295009
-215829
-193009
1.96741e+06
1.60987e+06
800326
847337
4.29703e+06
3.41942e+06
1.08892e+06
1.51559e+06
2.8593e+06
2.22522e+06
404502
830567
3.93053e+06
3.15256e+06
1.17065e+06
1.47763e+06
-234349
-222992
-316789
-231720
-370056
-313256
-221828
-205850
1.98968e+06
1.63033e+06
817692
866571
4.25986e+06
3.38761e+06
1.08683e+06
1.49692e+06
2.88895e+06
2.25006e+06
419961
838726
3.87848e+06
3.10775e+06
1.15468e+06
1.44327e+06
-164025
-172271
-291245
-203947
-331600
-290910
-211411
-199164
2.0743e+06
1.69592e+06
852672
900826
4.31457e+06
3.43083e+06
1.09731e+06
1.51798e+06
2.9158e+06
2.26928e+06
422863
852149
3.95385e+06
3.16678e+06
1.19011e+06
1.47516e+06
-96710.3
-117251
-263074
-169452
-294788
-260319
-206203
-187361
2.14247e+06
1.75175e+06
879553
933870
4.38504e+06
3.4867e+06
1.12131e+06
1.54242e+06
2.95111e+06
2.29683e+06
419050
861924
4.01414e+06
3.21576e+06
1.2154e+06
1.50108e+06
707916
599768
410844
375313
-162488
-50517.8
474343
229424
600743
489845
231402
250364
1.16551e+06
916845
212230
357148
-218158
-142565
153295
32928.5
1.19171e+06
1.08792e+06
1.23484e+06
919524
718152
606930
424039
375648
-149854
-41077.2
492558
223463
595870
488455
224907
245136
1.18175e+06
930364
223623
374372
-178180
-106946
168757
49329.9
1.15911e+06
1.06481e+06
1.24216e+06
911941
721901
610509
414403
386613
-149509
-40381.5
485024
244550
576940
469505
207257
241648
1.17037e+06
918730
202252
369303
-170870
-104714
161257
57072.7
1.12029e+06
1.03531e+06
1.23046e+06
915061
771953
656172
453822
397677
-189611
-70091.3
475280
217559
584651
478661
215694
234830
1.11294e+06
873785
200488
337028
-129603
-68630.4
186340
63856.7
1.05062e+06
980634
1.22249e+06
874051
798451
675312
480847
417915
-169766
-57229.7
498303
222339
641629
520276
237855
263711
1.14739e+06
901918
216021
360501
-62455.2
-15870.3
214907
91843.3
1.0803e+06
1.00746e+06
1.26671e+06
900036
840156
710453
508336
454151
-115183
-11033.7
529082
252359
676225
547340
247940
278489
1.1802e+06
928224
238558
372823
22212.3
51799.8
250457
136667
1.10339e+06
1.0273e+06
1.29936e+06
926335
824622
699993
498222
443682
-125849
-15263.6
528196
251889
664923
538788
250466
265847
1.28618e+06
1.02004e+06
298007
419292
89253.8
109453
271489
161617
1.11841e+06
1.04648e+06
1.32297e+06
944188
911116
767083
526682
476953
-71296.2
31674.1
561593
280408
723691
590892
273198
299258
1.39737e+06
1.10961e+06
341320
482991
160534
168758
291185
193806
1.17041e+06
1.09103e+06
1.35496e+06
979102
946391
799297
540561
501127
-81728.8
25257.1
569799
291233
734657
599513
290438
308613
1.46127e+06
1.16363e+06
368874
511022
133446
144780
288252
186168
1.1806e+06
1.10254e+06
1.37247e+06
997180
986497
833623
561928
510043
-116790
-2492.55
560064
275058
754863
618296
301059
321088
1.43549e+06
1.14266e+06
376691
499611
150631
158743
297792
182240
1.1334e+06
1.06375e+06
1.35834e+06
969472
1.0328e+06
864757
580083
528230
-140131
-24596
561584
274595
801121
653415
326815
343470
1.50391e+06
1.19872e+06
401520
536787
202059
200424
309261
210251
1.19073e+06
1.10924e+06
1.39404e+06
999354
1.08447e+06
906980
599588
552768
-192276
-66443.3
533212
242243
837622
681488
333496
360228
1.565e+06
1.24957e+06
430687
560521
232769
223760
305215
216647
1.18911e+06
1.10992e+06
1.39787e+06
1.00241e+06
1.10287e+06
924540
599236
559625
-154889
-34166
553192
261680
822898
671590
334879
350441
1.64604e+06
1.31518e+06
467681
594086
271547
251415
328297
228758
1.264e+06
1.17071e+06
1.4374e+06
1.03917e+06
1.20673e+06
1.00982e+06
643317
597279
-49886.4
54666.4
612084
303041
908313
747038
361335
387124
1.72624e+06
1.38069e+06
487535
636098
314479
293944
357040
255134
1.31004e+06
1.21112e+06
1.46866e+06
1.06656e+06
1.25223e+06
1.04834e+06
656731
634446
-3324.11
94605.2
637492
347607
903359
739571
353761
388656
1.73275e+06
1.38317e+06
468494
634353
306217
287033
367440
259614
1.26046e+06
1.17378e+06
1.45113e+06
1.06724e+06
1.2989e+06
1.09143e+06
691063
647889
31721.5
126757
662703
360789
948919
780396
381605
409630
1.70646e+06
1.36338e+06
470066
613375
343579
320966
409540
286265
1.21806e+06
1.14072e+06
1.44878e+06
1.03984e+06
1.32572e+06
1.10938e+06
713130
666943
80144.2
162810
702147
387052
971027
796747
395332
427232
1.70896e+06
1.3654e+06
465602
622432
340683
321475
418859
296959
1.22751e+06
1.15077e+06
1.47686e+06
1.05526e+06
1.3173e+06
1.10302e+06
726905
669404
93185.4
175636
725370
398375
937664
765087
385260
412977
1.67068e+06
1.33114e+06
452495
601464
306957
293258
418766
292435
1.21597e+06
1.13939e+06
1.49326e+06
1.05788e+06
1.30719e+06
1.09648e+06
727188
672092
66931.9
160461
713358
402873
879389
720546
363258
386151
1.76142e+06
1.40618e+06
494362
632466
292384
284653
414606
286510
1.23877e+06
1.16308e+06
1.50081e+06
1.07555e+06
1.31825e+06
1.10807e+06
738918
681810
46764.5
143717
715825
393119
818429
672920
329860
363283
1.77387e+06
1.41664e+06
500430
654588
252287
254600
395287
274014
1.22615e+06
1.15384e+06
1.48861e+06
1.07499e+06
1.3396e+06
1.12363e+06
741345
683845
38813.8
136718
711209
385318
783305
638261
309465
334102
1.77395e+06
1.41384e+06
481490
640723
202993
209505
378887
243255
1.19936e+06
1.12985e+06
1.46551e+06
1.05793e+06
1.4314e+06
1.20434e+06
780219
731963
63941.5
160974
712597
405261
797956
654747
301070
345567
1.7665e+06
1.41009e+06
481371
641032
274932
273681
400708
278059
1.18402e+06
1.11794e+06
1.43975e+06
1.04595e+06
1.45316e+06
1.21944e+06
776854
738550
54918.2
150221
703593
398182
805968
656772
294227
339932
1.81047e+06
1.44602e+06
475686
653440
273287
271764
391503
278122
1.19595e+06
1.12489e+06
1.43595e+06
1.0413e+06
1.48289e+06
1.24311e+06
805721
754584
7321.38
112657
693132
369565
770534
625126
280922
322924
1.83788e+06
1.4622e+06
489082
655061
271677
266964
396962
274421
1.20137e+06
1.12773e+06
1.44364e+06
1.03615e+06
1.46592e+06
1.23024e+06
802498
745872
12609.8
114101
708113
383755
731571
592422
276013
301657
1.88335e+06
1.50053e+06
512850
672451
260546
254495
399468
271956
1.21905e+06
1.14055e+06
1.45911e+06
1.04639e+06
1.52613e+06
1.28218e+06
835577
773831
75519.7
170095
745889
412403
796757
653384
312496
333606
1.9295e+06
1.54169e+06
526643
700619
274601
272423
416109
286206
1.23403e+06
1.15737e+06
1.48193e+06
1.06253e+06
1.56163e+06
1.31349e+06
868902
803585
67275.6
165394
762470
430111
773475
634891
325720
345843
1.92467e+06
1.53624e+06
527240
701205
210012
220491
407348
273739
1.19041e+06
1.12655e+06
1.48237e+06
1.06505e+06
1.6476e+06
1.3879e+06
905482
835631
112762
205192
777997
440197
815695
671667
345663
358977
1.9225e+06
1.53501e+06
530518
693513
214787
226723
417024
269041
1.16827e+06
1.10868e+06
1.47818e+06
1.04525e+06
1.72027e+06
1.44639e+06
945588
876452
180780
261295
819302
478338
866808
715984
377073
390251
1.97816e+06
1.58326e+06
540904
721511
233657
243173
424498
283990
1.21685e+06
1.15177e+06
1.51251e+06
1.07321e+06
1.70798e+06
1.43386e+06
938924
880673
173861
253037
817804
475822
866650
709756
373398
389958
1.96746e+06
1.56974e+06
532442
713694
168062
186045
394380
260580
1.20253e+06
1.13649e+06
1.52028e+06
1.07565e+06
1.62049e+06
1.35969e+06
899270
839403
98376.2
193805
791649
452608
748630
614783
332394
345823
1.97456e+06
1.57385e+06
540872
712413
100992
126972
371062
224943
1.18079e+06
1.12231e+06
1.53252e+06
1.08409e+06
1.60377e+06
1.34831e+06
886428
828009
61601
164663
783206
434963
661356
549054
289543
304619
1.95439e+06
1.5585e+06
522903
709121
29962.9
74493
340012
196132
1.12015e+06
1.07739e+06
1.51902e+06
1.06684e+06
1.56619e+06
1.31444e+06
850152
804254
42886
148707
766546
426451
561176
460158
234470
251712
1.90179e+06
1.50947e+06
472861
672974
-22862.9
26280.3
311758
165326
1.02639e+06
999070
1.48333e+06
1.03416e+06
1.62953e+06
1.37002e+06
872616
826577
52712.7
159590
762944
436141
536512
444204
218294
241007
1.85858e+06
1.47828e+06
459976
644532
-2931.66
45883.5
314782
172528
979643
965912
1.47453e+06
1.00909e+06
1.6316e+06
1.36819e+06
872511
816715
58215.4
160246
773052
426735
517193
423226
206754
223841
1.90824e+06
1.5183e+06
464806
657881
3587.15
48839.9
309535
165689
971380
963723
1.49059e+06
1.01364e+06
1.64368e+06
1.37637e+06
893236
841376
40681.3
146527
784523
428840
452632
367608
182047
206170
1.93873e+06
1.53727e+06
483630
675081
-8354.47
36700.3
315689
169670
928638
927180
1.5006e+06
1.01386e+06
1.29778e+06
1.01846e+06
246528
404650
281244
271953
385415
270356
2.1365e+06
1.79029e+06
1.15233e+06
1.0728e+06
2.21924e+06
1.77911e+06
661046
824554
1.19151e+06
1.00067e+06
661109
607828
627859
520435
296387
288417
1.38355e+06
1.09134e+06
293582
450131
335146
319247
433714
300212
2.28461e+06
1.91866e+06
1.22554e+06
1.15002e+06
2.29668e+06
1.84329e+06
691681
865439
1.31492e+06
1.10793e+06
730782
669912
722756
600845
347562
339743
1.35676e+06
1.06951e+06
287879
447280
319233
307668
437899
306836
2.31726e+06
1.94307e+06
1.25026e+06
1.17035e+06
2.2735e+06
1.82177e+06
672274
854814
1.32531e+06
1.11506e+06
751989
681545
730026
608076
347929
353069
1.37872e+06
1.09004e+06
301299
458463
289482
284942
425077
295549
2.38915e+06
2.00541e+06
1.2844e+06
1.21021e+06
2.1789e+06
1.74497e+06
636139
812227
1.37934e+06
1.16121e+06
781581
715978
696268
578651
325966
329816
1.32399e+06
1.04078e+06
266877
426570
291061
282033
419927
288123
2.43594e+06
2.03905e+06
1.30002e+06
1.22616e+06
2.19027e+06
1.75035e+06
613979
805271
1.38927e+06
1.16958e+06
779198
717168
719569
595851
323654
328938
1.32975e+06
1.04408e+06
259732
424228
287367
280688
415767
281972
2.48154e+06
2.07743e+06
1.32093e+06
1.24279e+06
2.19716e+06
1.75347e+06
606238
793531
1.4019e+06
1.17869e+06
784108
721357
748436
616080
329119
334918
1.2803e+06
1.00091e+06
227181
400382
257332
254546
401379
271553
2.46145e+06
2.05952e+06
1.31664e+06
1.23969e+06
2.30201e+06
1.8404e+06
657022
835258
1.45606e+06
1.22135e+06
807872
752690
752182
619662
329783
338882
1.31047e+06
1.02569e+06
229376
405010
306691
298519
436678
288251
2.4968e+06
2.09304e+06
1.32399e+06
1.24564e+06
2.41506e+06
1.93447e+06
699102
893750
1.47464e+06
1.23988e+06
811912
758090
747042
616316
331579
336010
1.30025e+06
1.01574e+06
222453
402987
301845
294637
446170
301197
2.46219e+06
2.05976e+06
1.30814e+06
1.23925e+06
2.45385e+06
1.96266e+06
705533
909475
1.41323e+06
1.18828e+06
794345
735001
705247
584301
311617
331429
1.3932e+06
1.09643e+06
256266
437495
330872
320534
451797
319291
2.52656e+06
2.11401e+06
1.31926e+06
1.25695e+06
2.49e+06
1.99482e+06
718585
921843
1.47389e+06
1.23973e+06
816031
757940
649306
535982
273308
292805
1.37869e+06
1.08187e+06
253701
433381
283736
281950
441616
296848
2.55335e+06
2.13672e+06
1.32858e+06
1.26808e+06
2.57288e+06
2.06361e+06
742661
953886
1.46872e+06
1.2378e+06
818494
756784
655880
544822
279036
293356
1.34603e+06
1.05485e+06
242318
427245
232323
239848
425632
274832
2.57423e+06
2.14676e+06
1.32653e+06
1.27827e+06
2.59429e+06
2.07617e+06
757907
966300
1.44751e+06
1.21805e+06
811189
755491
606039
498516
259594
271245
1.31707e+06
1.03044e+06
221801
403061
230790
239048
433493
275719
2.5287e+06
2.10755e+06
1.31204e+06
1.24545e+06
2.64531e+06
2.12086e+06
786739
988858
1.48477e+06
1.24617e+06
827335
761660
606454
496187
259832
267998
1.37104e+06
1.07267e+06
243506
420031
282457
283032
464964
306023
2.55927e+06
2.13654e+06
1.32243e+06
1.2583e+06
2.70152e+06
2.16567e+06
807807
1.02144e+06
1.53463e+06
1.28855e+06
840626
783803
576572
472560
250674
261557
1.38407e+06
1.08728e+06
248124
436847
242499
253989
454969
300974
2.51826e+06
2.10388e+06
1.31788e+06
1.25129e+06
2.68681e+06
2.15547e+06
799320
1.01764e+06
1.48835e+06
1.25041e+06
822791
765695
490859
405237
219681
235034
1.4002e+06
1.09866e+06
264906
437727
212916
226937
449428
285001
2.52475e+06
2.10975e+06
1.32632e+06
1.25686e+06
2.63586e+06
2.1138e+06
795287
992658
1.52134e+06
1.27459e+06
838980
772101
397325
325988
179664
178737
1.40818e+06
1.10208e+06
271422
441287
197166
212916
447023
279134
2.53394e+06
2.11626e+06
1.3399e+06
1.26201e+06
2.62524e+06
2.10616e+06
794821
992007
1.53622e+06
1.28555e+06
833314
777901
375552
309182
182824
173609
1.44325e+06
1.13224e+06
289785
462330
192976
209747
441490
273062
2.59265e+06
2.16329e+06
1.3618e+06
1.2921e+06
2.63566e+06
2.11552e+06
807996
1.00174e+06
1.57176e+06
1.31361e+06
835850
790233
327657
269435
164143
158593
1.4266e+06
1.11962e+06
270205
452960
171634
193401
421945
268307
2.53407e+06
2.11789e+06
1.34378e+06
1.26513e+06
2.70352e+06
2.17091e+06
834680
1.0237e+06
1.56177e+06
1.30088e+06
805226
784998
297568
245237
146385
142502
1.43072e+06
1.12281e+06
262620
451583
109235
143981
400623
245387
2.51466e+06
2.1087e+06
1.34135e+06
1.25812e+06
2.71705e+06
2.18281e+06
835843
1.03649e+06
1.45933e+06
1.21997e+06
745839
730702
265268
219714
131429
129712
1.42243e+06
1.11405e+06
255348
443987
62406.4
105162
388248
217961
2.50033e+06
2.0923e+06
1.33669e+06
1.25777e+06
2.71448e+06
2.17711e+06
823235
1.02899e+06
1.32473e+06
1.10387e+06
689219
663589
217659
179275
110430
111251
1.47065e+06
1.15616e+06
260759
466169
52989.2
100198
370609
228303
2.51143e+06
2.10423e+06
1.3289e+06
1.26473e+06
2.72358e+06
2.18511e+06
821321
1.02948e+06
1.30675e+06
1.0887e+06
656416
650204
180630
149593
77109.3
88976
1.51232e+06
1.18519e+06
267859
463378
24754.4
71750.1
358077
198554
2.5196e+06
2.10811e+06
1.33951e+06
1.25797e+06
2.80028e+06
2.24963e+06
839445
1.05375e+06
1.26039e+06
1.04939e+06
621244
615317
197607
162905
84129.4
82245.7
1.56169e+06
1.22207e+06
284453
496432
-22770.3
30962.8
335987
178515
2.54918e+06
2.129e+06
1.34933e+06
1.27208e+06
2.83003e+06
2.26635e+06
840934
1.06898e+06
1.19043e+06
988116
580414
581403
179298
143640
72017.4
78655
1.53204e+06
1.19632e+06
254894
466444
-91030.8
-22005.2
310708
154654
2.53413e+06
2.11894e+06
1.36078e+06
1.26928e+06
2.82878e+06
2.26659e+06
836455
1.05778e+06
1.12956e+06
935874
557658
545763
129867
104498
47861.9
59148.8
1.61686e+06
1.26593e+06
287404
494386
-73155.1
-6184.36
327105
157787
2.63445e+06
2.20842e+06
1.41852e+06
1.32179e+06
2.86714e+06
2.2973e+06
852075
1.07335e+06
1.1851e+06
985037
594696
567707
118257
97088.6
56422.2
56275.8
1.69454e+06
1.33067e+06
313909
537692
-46713.6
16631.2
342932
181051
2.69205e+06
2.25521e+06
1.46269e+06
1.36411e+06
2.89481e+06
2.31926e+06
859222
1.09167e+06
1.22887e+06
1.02137e+06
631456
599387
103945
88443.5
61601
69402.5
1.73248e+06
1.36266e+06
311352
544501
-98974.4
-24178.8
301779
152471
2.75153e+06
2.31006e+06
1.48632e+06
1.39329e+06
2.82135e+06
2.26189e+06
822649
1.05412e+06
1.29453e+06
1.07934e+06
659570
631458
21404.1
24921.3
21621.2
24457.4
1.83136e+06
1.43703e+06
342554
563757
-12114.2
40136.1
335938
169328
2.88966e+06
2.42055e+06
1.55493e+06
1.45026e+06
2.92846e+06
2.34596e+06
850092
1.08218e+06
1.38618e+06
1.15403e+06
699786
667565
83128.2
73334
55107
40475.5
1.89259e+06
1.48314e+06
361927
597392
-25812.2
28998.4
326695
168100
2.931e+06
2.45329e+06
1.58706e+06
1.47653e+06
2.94461e+06
2.35566e+06
864991
1.09283e+06
1.37511e+06
1.14393e+06
704956
673092
67479.2
58269.8
57367.6
45563.8
1.88717e+06
1.48213e+06
357290
595069
-11077.5
42668.2
333135
175737
2.93169e+06
2.45804e+06
1.60784e+06
1.48894e+06
3.0142e+06
2.41764e+06
901198
1.12935e+06
1.41134e+06
1.17581e+06
726167
693689
86535.7
75485.1
72446.6
51674.7
1.94833e+06
1.52945e+06
373070
614550
57355.6
96836.2
361478
202961
3.00114e+06
2.51892e+06
1.63153e+06
1.51833e+06
3.07645e+06
2.46666e+06
918134
1.15688e+06
1.45976e+06
1.21773e+06
734460
714664
154661
130229
104358
82457.8
1.9853e+06
1.56168e+06
378644
632084
63016.6
104770
370718
206034
3.03345e+06
2.54439e+06
1.65079e+06
1.53436e+06
3.11239e+06
2.49806e+06
925065
1.16996e+06
1.42292e+06
1.18488e+06
723962
691690
129345
115906
102853
85272.1
2.05989e+06
1.62328e+06
401772
661952
139029
168092
387801
247071
3.11592e+06
2.61347e+06
1.6776e+06
1.57922e+06
3.1271e+06
2.51011e+06
933532
1.17855e+06
1.52093e+06
1.26559e+06
763272
736516
124022
110874
101391
83109.8
2.1165e+06
1.66212e+06
426095
674703
174403
186814
403417
246392
3.16623e+06
2.65212e+06
1.70585e+06
1.59534e+06
3.18494e+06
2.5566e+06
957589
1.19746e+06
1.5432e+06
1.28393e+06
775546
748774
172900
149663
133927
101410
2.11896e+06
1.66444e+06
439886
686403
170782
186657
410598
248569
3.17466e+06
2.65706e+06
1.72164e+06
1.60486e+06
3.22222e+06
2.58365e+06
978607
1.21619e+06
1.52686e+06
1.26948e+06
773770
745956
180079
154349
149657
110946
194646
129989
-118172
-21464.9
1.53765e+06
1.2672e+06
672939
694298
337534
272938
120731
137203
177600
205236
475786
286829
1.54811e+06
1.29487e+06
815518
769659
3.65498e+06
3.02173e+06
1.68231e+06
1.69164e+06
120503
71539.4
-144417
-49386.5
1.50588e+06
1.24231e+06
653208
676534
296741
241123
97400.4
118845
188098
219265
491896
298201
1.55812e+06
1.30647e+06
821080
775999
3.59529e+06
2.97562e+06
1.66023e+06
1.66512e+06
167732
106507
-135644
-29728.2
1.5492e+06
1.27381e+06
658050
697448
320911
256093
97181.9
128429
217102
239727
485712
315215
1.56792e+06
1.31088e+06
821433
785004
3.68171e+06
3.04297e+06
1.68689e+06
1.71242e+06
164829
103517
-143509
-36228.6
1.54605e+06
1.2714e+06
650891
684979
346751
275757
88770.9
129814
191845
216131
462172
295743
1.5909e+06
1.32855e+06
832411
791110
3.68671e+06
3.04795e+06
1.68176e+06
1.71386e+06
139093
81687.8
-163173
-62185.1
1.54503e+06
1.2663e+06
644422
671254
375856
299452
85837.1
129721
164718
194977
442349
272871
1.64402e+06
1.37605e+06
859998
812007
3.67727e+06
3.03884e+06
1.68007e+06
1.69202e+06
168528
103524
-160379
-48226.8
1.56485e+06
1.28281e+06
644922
684101
405786
322820
102914
144320
258250
265040
479189
307088
1.71637e+06
1.43019e+06
883139
845946
3.73341e+06
3.08116e+06
1.6981e+06
1.71868e+06
172343
104035
-165451
-55258.3
1.58595e+06
1.29807e+06
654415
690411
354736
279614
88528.4
120967
259181
269170
491343
311850
1.71379e+06
1.43266e+06
879337
836405
3.78351e+06
3.12253e+06
1.71636e+06
1.7365e+06
195691
120776
-157070
-40356.7
1.59904e+06
1.30676e+06
657037
701666
294313
228841
60083.6
106342
305545
309112
520890
341931
1.79168e+06
1.49546e+06
900244
874316
3.83525e+06
3.16359e+06
1.74215e+06
1.76415e+06
196783
122647
-160264
-50150.8
1.5363e+06
1.25824e+06
639403
679935
180898
137199
20340.6
49848.9
242581
260581
497221
321047
1.75358e+06
1.46233e+06
878105
857098
3.86311e+06
3.18853e+06
1.75971e+06
1.78262e+06
255733
171847
-149972
-30389.3
1.4977e+06
1.22871e+06
632265
662770
133744
99325.2
-1423.41
27598.4
239598
254732
487525
315597
1.79285e+06
1.49063e+06
880559
864145
3.88139e+06
3.20487e+06
1.76666e+06
1.79466e+06
318617
219900
-124869
-8989.45
1.49121e+06
1.21981e+06
646612
662082
105828
76175.9
-4603.97
24521.8
243014
258056
495806
319300
1.84399e+06
1.53322e+06
897572
881831
3.91609e+06
3.2321e+06
1.79322e+06
1.80677e+06
343810
244291
-108520
8766.71
1.46252e+06
1.20351e+06
652114
663353
72570.4
53771.2
1953.74
15917
265914
277487
518019
328412
1.87078e+06
1.55386e+06
897285
891435
3.92302e+06
3.23962e+06
1.80403e+06
1.81381e+06
304133
212196
-124993
3358.76
1.45466e+06
1.19734e+06
644243
661753
54231.6
36713.7
-4984.4
8487.4
298369
306667
539407
355876
1.90523e+06
1.58538e+06
905960
905346
3.9338e+06
3.24965e+06
1.79558e+06
1.82191e+06
205072
129946
-175273
-41943.5
1.41087e+06
1.15739e+06
608985
630310
13884.7
1982.02
-40973.3
-18288.6
310212
315670
544231
357396
1.9177e+06
1.59446e+06
909922
910297
3.92286e+06
3.23759e+06
1.7804e+06
1.80145e+06
188281
113039
-200116
-60520.6
1.42221e+06
1.1674e+06
604742
639203
692.965
-10077
-52176.7
-25777.6
247712
265916
501437
340973
1.87612e+06
1.56178e+06
892453
901423
3.98162e+06
3.28285e+06
1.79197e+06
1.83082e+06
185806
113905
-223830
-65754.6
1.46841e+06
1.20837e+06
621455
650366
58011
37097.7
-45180.6
-12971.9
252038
268741
489263
328631
1.93941e+06
1.615e+06
918110
918806
4.02154e+06
3.31693e+06
1.79615e+06
1.84539e+06
120185
53634
-258947
-112617
1.48378e+06
1.21542e+06
630100
653073
72940.2
48006.9
-49192.7
-2830.55
215760
239996
472228
315175
1.95911e+06
1.63484e+06
934177
941668
4.01517e+06
3.31018e+06
1.79197e+06
1.8335e+06
87862.3
26119.8
-264406
-124403
1.49856e+06
1.22991e+06
643843
667275
97240.6
65625.9
-32722.1
2126.27
266987
273444
508737
322435
1.98271e+06
1.64667e+06
954616
943947
4.03235e+06
3.32156e+06
1.79575e+06
1.83806e+06
83008
23448.4
-272215
-119287
1.57886e+06
1.29475e+06
660634
694810
99147.7
68592.9
-28287.1
5853.43
254952
270329
513372
328920
1.91999e+06
1.59683e+06
927799
925370
4.07262e+06
3.35239e+06
1.79495e+06
1.84363e+06
15409.3
-30680.7
-295185
-152797
1.59788e+06
1.30847e+06
667596
694955
34461.6
16450.1
-38299.7
-17902.5
261342
278657
529164
336118
1.84015e+06
1.53347e+06
895703
883357
4.0791e+06
3.3576e+06
1.79975e+06
1.83528e+06
75562.1
14217.1
-294272
-129424
1.65925e+06
1.35759e+06
683631
732808
12704.6
43.8406
-37138.7
-12833.3
310345
317001
535398
364322
1.80706e+06
1.50246e+06
871169
877590
4.22231e+06
3.47226e+06
1.84128e+06
1.90907e+06
44247.2
-11866
-316548
-152940
1.64412e+06
1.34617e+06
683323
718334
-32705.8
-34784.7
-44824.9
-33159.8
229662
248764
493499
321975
1.72178e+06
1.42988e+06
831155
829695
4.24591e+06
3.49196e+06
1.84594e+06
1.91304e+06
9393.91
-40412.6
-341753
-179893
1.636e+06
1.33823e+06
679226
710775
-37928.5
-35337.7
-41238.5
-26930.9
208038
231290
476868
303188
1.6841e+06
1.40345e+06
809503
808725
4.25976e+06
3.50331e+06
1.84254e+06
1.90715e+06
60681.8
-2509.52
-326277
-168224
1.66706e+06
1.36288e+06
685236
723522
-25826.4
-24780.6
-13911.6
-18601.2
262438
271878
501479
322494
1.68563e+06
1.39715e+06
806128
800791
4.31675e+06
3.54459e+06
1.85569e+06
1.92369e+06
95788.2
27344.5
-310189
-145985
1.75501e+06
1.43645e+06
714118
755212
612.354
-1432.6
1571.9
-3950.61
262849
273938
510766
325360
1.66076e+06
1.3767e+06
791074
785886
4.36525e+06
3.58584e+06
1.8658e+06
1.94172e+06
42821.7
-14384.7
-317463
-160489
1.78636e+06
1.46221e+06
732095
769990
-35998.8
-30047.8
-5702.82
-14258.1
253303
272545
529252
331369
1.63732e+06
1.36125e+06
791188
777753
4.33804e+06
3.56522e+06
1.86974e+06
1.93022e+06
55446.4
-5039.55
-326756
-158968
1.84725e+06
1.51167e+06
752335
803079
-56060.1
-46569.3
-13305.6
-20114.4
250850
271338
523819
337975
1.60442e+06
1.33205e+06
769714
769169
4.40687e+06
3.62175e+06
1.89374e+06
1.9726e+06
52021.1
-9630.79
-330479
-166251
1.88441e+06
1.54348e+06
779987
815984
-42111.7
-34664.5
-13434.3
-17815.6
231099
251726
509796
325690
1.57949e+06
1.30897e+06
756597
752302
4.44461e+06
3.65369e+06
1.90798e+06
1.9881e+06
3494.52
-47131.5
-350784
-190473
1.92394e+06
1.57588e+06
806522
833507
-21519.4
-16885
-5601.7
-9958.89
222141
246510
510946
318107
1.56508e+06
1.30199e+06
753646
747123
4.47042e+06
3.6745e+06
1.93038e+06
1.98992e+06
43477.9
-17800
-335269
-175876
1.99668e+06
1.63761e+06
839784
873521
-432.749
1337.85
20531.6
6034.45
295460
303708
546491
348244
1.58003e+06
1.30687e+06
756954
746508
4.5229e+06
3.71668e+06
1.95538e+06
2.0198e+06
73906.8
10660.3
-315275
-157303
2.08691e+06
1.71421e+06
873783
917900
-8110.51
-5617.96
11346.2
212.132
322710
328932
561982
369207
1.57799e+06
1.31367e+06
748103
746797
4.56727e+06
3.75303e+06
1.97368e+06
2.03681e+06
40078.1
-18698.7
-315778
-162871
2.07649e+06
1.70235e+06
873966
913923
-74074.4
-60898.2
-21126.2
-30131.2
301059
311104
566784
364116
1.55528e+06
1.29346e+06
742720
742066
4.56959e+06
3.75395e+06
1.99349e+06
2.04343e+06
115372
44541.4
-290455
-136891
2.12485e+06
1.74148e+06
887536
939197
-93307
-76175.2
-36594.9
-40180.6
266496
285796
548036
355947
1.52875e+06
1.27187e+06
731102
733846
4.67022e+06
3.83985e+06
2.04722e+06
2.10158e+06
192431
108217
-261189
-99272.8
2.16209e+06
1.7739e+06
908127
951276
-80793.3
-67161
-44390.7
-41070.2
260455
278429
540812
350601
1.56182e+06
1.29667e+06
740719
743542
4.71408e+06
3.87905e+06
2.08031e+06
2.13261e+06
221097
130875
-242916
-94924.1
2.18363e+06
1.7901e+06
922502
959962
-71988.4
-60720
-42971.6
-41119.7
286392
301947
559791
357298
1.59631e+06
1.32832e+06
755803
759025
4.75912e+06
3.91748e+06
2.11841e+06
2.15177e+06
262402
164266
-224006
-64304.3
2.18568e+06
1.79428e+06
920894
971871
-40421.1
-38687.2
-23186.7
-26131.8
350762
351723
589679
388791
1.59073e+06
1.3179e+06
746345
755206
4.79261e+06
3.94494e+06
2.13744e+06
2.17888e+06
-1.60001e+06
-1.29142e+06
-527323
-630408
765519
636175
380593
367553
-707380
-535809
21190.6
-145644
829615
722343
634908
507410
2.33373e+06
1.93394e+06
1.10249e+06
1.09275e+06
1.85651e+06
1.55376e+06
999652
931465
-1.67886e+06
-1.35514e+06
-552449
-654619
696610
578720
354322
339355
-785765
-597587
-7006.01
-164876
922163
803068
695200
564079
2.41792e+06
2.00367e+06
1.12875e+06
1.12941e+06
1.82366e+06
1.52689e+06
993938
923124
-1.70781e+06
-1.37618e+06
-559607
-672331
675855
564111
353921
329334
-833340
-635212
-7365.22
-186997
995939
865605
733641
599401
2.45136e+06
2.02819e+06
1.14115e+06
1.14104e+06
1.86322e+06
1.56144e+06
1.0185e+06
943978
-1.71076e+06
-1.37811e+06
-560258
-676110
671478
562783
361786
334996
-867370
-660204
-17456.3
-194432
1.07402e+06
929706
764546
641109
2.51795e+06
2.08048e+06
1.15359e+06
1.16384e+06
1.87328e+06
1.57335e+06
1.02859e+06
960841
-1.70333e+06
-1.37214e+06
-551339
-670343
657862
548549
366474
326828
-873258
-666329
-7462.8
-194703
1.17786e+06
1.01383e+06
815241
680846
2.60988e+06
2.15644e+06
1.1789e+06
1.19435e+06
1.88787e+06
1.58055e+06
1.04565e+06
956092
-1.68796e+06
-1.35404e+06
-532608
-649137
647091
546686
367409
343464
-861314
-647995
33143.5
-169712
1.3385e+06
1.14872e+06
902470
765394
2.7428e+06
2.26191e+06
1.23384e+06
1.25173e+06
1.93655e+06
1.62612e+06
1.08051e+06
995591
-1.65716e+06
-1.33092e+06
-516505
-641248
703054
594265
383647
359888
-916567
-692975
15832.1
-191205
1.38348e+06
1.18848e+06
932935
795250
2.79762e+06
2.30748e+06
1.2563e+06
1.27561e+06
1.97316e+06
1.66123e+06
1.09963e+06
1.01491e+06
-1.60548e+06
-1.29085e+06
-496590
-620177
744649
626834
394503
376522
-962227
-728939
-11873.7
-211011
1.44208e+06
1.23907e+06
968523
826890
2.85767e+06
2.35794e+06
1.27925e+06
1.30076e+06
2.03381e+06
1.71222e+06
1.1406e+06
1.04364e+06
-1.49558e+06
-1.20533e+06
-466033
-573359
800525
667050
399855
404136
-1.00504e+06
-768598
-48267.1
-230131
1.4343e+06
1.2314e+06
953483
837892
2.8899e+06
2.38197e+06
1.28909e+06
1.3279e+06
2.18524e+06
1.83621e+06
1.20427e+06
1.12788e+06
-1.46237e+06
-1.17879e+06
-476729
-563375
822751
685037
392264
398079
-1.07894e+06
-831239
-108184
-276725
1.37957e+06
1.18277e+06
907691
801034
2.87741e+06
2.36884e+06
1.27322e+06
1.31383e+06
2.23385e+06
1.87781e+06
1.22331e+06
1.14858e+06
-1.39489e+06
-1.12653e+06
-463475
-561178
903474
747838
415772
416973
-1.08046e+06
-835483
-122658
-299731
1.40436e+06
1.20273e+06
901045
790551
2.93195e+06
2.41615e+06
1.28485e+06
1.3241e+06
2.35164e+06
1.97483e+06
1.27778e+06
1.1866e+06
-1.32289e+06
-1.06637e+06
-441044
-515703
992844
823428
453550
466101
-1.01523e+06
-784657
-93892.5
-266538
1.4971e+06
1.2738e+06
936623
830766
2.99082e+06
2.4614e+06
1.3029e+06
1.35503e+06
2.45814e+06
2.06319e+06
1.33747e+06
1.25282e+06
-1.38691e+06
-1.12076e+06
-469752
-548305
1.01651e+06
838095
457598
466598
-996807
-772692
-89652.7
-266199
1.49034e+06
1.26909e+06
928681
825551
2.98426e+06
2.45689e+06
1.30116e+06
1.34543e+06
2.45275e+06
2.05744e+06
1.32554e+06
1.24999e+06
-1.46314e+06
-1.18168e+06
-501864
-580653
1.03396e+06
849033
458475
461489
-975242
-754717
-87401.2
-263845
1.51303e+06
1.28782e+06
933251
829655
3.01929e+06
2.48635e+06
1.31771e+06
1.35932e+06
2.47106e+06
2.07056e+06
1.33495e+06
1.2441e+06
-1.46087e+06
-1.18058e+06
-502495
-583993
1.10277e+06
906490
491363
498865
-953454
-736250
-75256
-250153
1.49193e+06
1.27142e+06
912610
822940
3.00661e+06
2.47786e+06
1.32397e+06
1.36648e+06
2.58461e+06
2.16282e+06
1.38734e+06
1.30394e+06
-1.4622e+06
-1.17954e+06
-512044
-584427
1.17021e+06
963174
518538
521846
-919601
-707790
-69201
-238335
1.49798e+06
1.27278e+06
892860
812362
3.00894e+06
2.47841e+06
1.32346e+06
1.36519e+06
2.63422e+06
2.20422e+06
1.39813e+06
1.32617e+06
-1.482e+06
-1.19653e+06
-519359
-600320
1.23548e+06
1.01519e+06
541900
552855
-894349
-687272
-57757.2
-224571
1.51423e+06
1.28576e+06
884339
814342
3.01789e+06
2.492e+06
1.32539e+06
1.37773e+06
2.70888e+06
2.2651e+06
1.42739e+06
1.34932e+06
-1.50126e+06
-1.214e+06
-513864
-602663
1.26507e+06
1.04237e+06
558847
571127
-860349
-660088
-30350.4
-207346
1.56937e+06
1.32347e+06
913112
824940
3.02187e+06
2.48557e+06
1.33506e+06
1.36836e+06
2.71962e+06
2.27519e+06
1.43433e+06
1.3625e+06
-1.50441e+06
-1.21756e+06
-518280
-593784
1.35219e+06
1.10853e+06
571523
603242
-838661
-640212
-35998.8
-194884
1.55945e+06
1.31642e+06
913957
832662
3.00124e+06
2.47158e+06
1.33157e+06
1.36908e+06
2.72634e+06
2.27773e+06
1.41673e+06
1.36157e+06
-1.61474e+06
-1.30534e+06
-560319
-642606
1.34057e+06
1.09921e+06
550385
582203
-887589
-681088
-64635.9
-223777
1.51984e+06
1.28753e+06
901660
814901
2.93156e+06
2.4164e+06
1.31042e+06
1.34119e+06
2.66306e+06
2.22528e+06
1.38408e+06
1.32243e+06
-1.63893e+06
-1.32588e+06
-577844
-657592
1.40216e+06
1.14649e+06
568958
604493
-910040
-698303
-66127.2
-229763
1.46052e+06
1.24151e+06
881673
797020
2.86146e+06
2.36142e+06
1.29666e+06
1.31904e+06
2.70053e+06
2.25407e+06
1.38899e+06
1.34035e+06
-1.67035e+06
-1.35103e+06
-586011
-672198
1.47008e+06
1.2047e+06
608885
634668
-923698
-708323
-64353.1
-235826
1.3738e+06
1.16618e+06
849597
758434
2.84537e+06
2.34806e+06
1.30918e+06
1.31938e+06
2.69507e+06
2.24911e+06
1.38698e+06
1.3375e+06
-1.75576e+06
-1.4219e+06
-615420
-708616
1.48976e+06
1.21908e+06
617829
647186
-935156
-715902
-67338.5
-231373
1.29253e+06
1.10244e+06
815730
727419
2.79118e+06
2.30978e+06
1.30567e+06
1.31182e+06
2.64257e+06
2.20461e+06
1.35653e+06
1.30816e+06
-1.73845e+06
-1.40828e+06
-601911
-703020
1.55074e+06
1.27038e+06
640548
674605
-894536
-683294
-34842.7
-217031
1.29757e+06
1.10226e+06
824813
721938
2.76255e+06
2.28298e+06
1.3101e+06
1.30114e+06
2.65629e+06
2.21334e+06
1.3556e+06
1.30564e+06
-1.77674e+06
-1.43582e+06
-613245
-701511
1.58467e+06
1.29656e+06
650027
696388
-907589
-696069
-44967
-220018
1.27528e+06
1.08478e+06
810821
712653
2.77553e+06
2.30013e+06
1.30506e+06
1.30593e+06
2.62374e+06
2.18643e+06
1.3393e+06
1.28674e+06
-1.92086e+06
-1.55031e+06
-657050
-764142
1.46723e+06
1.20224e+06
614234
640584
-1.01477e+06
-782092
-87738.5
-267629
1.24178e+06
1.06099e+06
804135
693304
2.78901e+06
2.31222e+06
1.30638e+06
1.30164e+06
2.54631e+06
2.12619e+06
1.32531e+06
1.24828e+06
-1.96668e+06
-1.5881e+06
-679861
-776423
1.41197e+06
1.15678e+06
588782
629336
-1.10239e+06
-854017
-121491
-298937
1.18779e+06
1.01579e+06
781501
681217
2.78194e+06
2.30359e+06
1.29888e+06
1.30526e+06
2.58886e+06
2.16119e+06
1.34907e+06
1.28573e+06
-1.99383e+06
-1.60901e+06
-686509
-793152
1.38954e+06
1.13968e+06
588681
610874
-1.15406e+06
-895019
-142033
-327892
1.14821e+06
982551
752192
655936
2.8118e+06
2.3269e+06
1.30545e+06
1.31465e+06
2.58706e+06
2.16141e+06
1.35299e+06
1.28738e+06
-2.06577e+06
-1.6653e+06
-706995
-824194
1.32298e+06
1.08542e+06
573205
589218
-1.19177e+06
-925466
-153503
-340644
1.1075e+06
948512
732314
630236
2.81688e+06
2.33418e+06
1.30389e+06
1.31465e+06
2.57487e+06
2.15142e+06
1.36214e+06
1.27541e+06
-2.00608e+06
-1.6188e+06
-674905
-798121
1.32077e+06
1.08536e+06
578223
595716
-1.18992e+06
-923117
-137336
-335443
1.1605e+06
989157
758064
650599
2.87574e+06
2.37328e+06
1.31784e+06
1.33039e+06
2.65631e+06
2.22038e+06
1.40482e+06
1.3211e+06
-2.04867e+06
-1.65614e+06
-691962
-807318
1.28248e+06
1.05353e+06
558245
581771
-1.22448e+06
-951493
-146111
-341991
1.15348e+06
984660
769029
662394
2.8953e+06
2.38991e+06
1.31915e+06
1.33739e+06
2.63465e+06
2.20075e+06
1.38663e+06
1.3195e+06
-2.16511e+06
-1.74796e+06
-729888
-856725
1.1645e+06
957222
515252
523463
-1.30035e+06
-1.01115e+06
-174305
-373031
1.14932e+06
985556
776899
667623
2.91166e+06
2.4059e+06
1.32196e+06
1.34583e+06
2.55113e+06
2.13355e+06
1.3561e+06
1.27655e+06
-2.24006e+06
-1.80893e+06
-754769
-886496
1.06786e+06
879688
478938
494101
-1.34919e+06
-1.05096e+06
-175684
-388400
1.11002e+06
953159
765144
654741
2.85766e+06
2.35945e+06
1.30177e+06
1.32325e+06
2.5558e+06
2.13705e+06
1.36209e+06
1.28547e+06
-2.27202e+06
-1.83429e+06
-767325
-901905
1.02098e+06
841796
467285
466888
-1.36204e+06
-1.05894e+06
-173350
-391517
1.08298e+06
931154
750881
641714
2.90694e+06
2.39815e+06
1.31791e+06
1.34214e+06
2.53973e+06
2.12617e+06
1.3544e+06
1.28448e+06
-2.31095e+06
-1.86399e+06
-769808
-917081
940521
775336
456143
439791
-1.35533e+06
-1.05215e+06
-156581
-381174
1.06599e+06
916491
749214
631407
2.95201e+06
2.43807e+06
1.33793e+06
1.36215e+06
2.49811e+06
2.08894e+06
1.34757e+06
1.25767e+06
-2.32015e+06
-1.87166e+06
-769135
-915459
865323
718193
433977
420311
-1.34836e+06
-1.04144e+06
-130712
-361976
1.10374e+06
948013
781867
652502
3.00253e+06
2.47386e+06
1.35777e+06
1.38137e+06
2.49186e+06
2.08561e+06
1.34756e+06
1.26264e+06
847080
724890
558848
477151
562086
481187
347560
305728
660687
556663
369974
337950
117629
161481
477865
273119
1.37175e+06
1.19038e+06
985823
825254
1.25996e+06
1.10974e+06
1.02173e+06
816531
836639
714041
549795
483169
522187
446711
325915
295101
647619
546548
364135
343031
180902
216616
517555
309724
1.43792e+06
1.24428e+06
1.004e+06
854688
1.22598e+06
1.07918e+06
1.01186e+06
802228
880477
749146
561467
488437
521562
445191
322141
290239
642757
543637
368932
342487
209473
242673
525569
329687
1.42719e+06
1.23317e+06
998645
852709
1.27606e+06
1.12447e+06
1.03669e+06
835880
900414
766069
550850
496035
466279
398417
296909
263274
633592
533233
357880
336629
169385
205520
495924
309764
1.43191e+06
1.23193e+06
989398
844957
1.25324e+06
1.10395e+06
1.01902e+06
827514
939354
791392
556446
493877
423809
360074
277165
236918
649366
545618
358649
337948
133656
175109
473857
286456
1.48424e+06
1.27708e+06
1.00315e+06
862090
1.23678e+06
1.08901e+06
1.00748e+06
806254
945317
799231
548786
502120
383096
331938
254215
221714
687546
576952
393730
353464
212485
236418
508007
308953
1.5254e+06
1.3069e+06
1.00249e+06
875204
1.22853e+06
1.08019e+06
996854
799246
986615
832350
573367
513714
437440
375223
275648
240510
718947
607232
410416
374412
255828
273536
533240
336015
1.55392e+06
1.32612e+06
1.00985e+06
871146
1.28439e+06
1.12658e+06
1.01875e+06
820398
975822
825736
575738
526376
472231
402530
284011
262153
689995
584943
399587
370601
287579
301469
545746
360067
1.56042e+06
1.33267e+06
1.00301e+06
884450
1.3112e+06
1.14852e+06
1.03328e+06
839783
998845
843253
582363
528704
473512
400382
275543
260479
691717
583816
403148
365600
255699
273539
524240
340936
1.57383e+06
1.33858e+06
1.00573e+06
880679
1.40707e+06
1.22483e+06
1.06487e+06
880267
969139
817625
571735
519137
422801
357210
256300
233146
657302
553416
394189
355591
175524
203672
486451
302819
1.55278e+06
1.31825e+06
999917
871493
1.40859e+06
1.2263e+06
1.06097e+06
886311
940586
794681
564879
498573
393327
332453
249177
217807
664383
563397
403727
357882
117081
157136
457337
272562
1.54387e+06
1.31457e+06
996186
867032
1.4221e+06
1.23564e+06
1.06809e+06
876230
950562
802947
563582
511049
376070
322292
238418
215219
719900
610317
434571
391269
142789
174967
459664
275997
1.57444e+06
1.33706e+06
992845
876810
1.47177e+06
1.27546e+06
1.08293e+06
902154
929380
787353
554538
501937
415649
351534
244513
218731
704766
597575
434217
382371
125474
163750
462685
270658
1.59453e+06
1.36044e+06
1.0018e+06
874335
1.4496e+06
1.25879e+06
1.0671e+06
887874
882269
747759
540237
485888
396176
334172
235530
212320
641994
545784
403803
364388
111562
157010
472395
278543
1.61861e+06
1.38027e+06
1.01735e+06
898019
1.38672e+06
1.20484e+06
1.04862e+06
860963
880734
746572
535086
477947
391156
329310
234422
213473
543690
465848
363868
321817
57335.8
114394
453450
264797
1.5852e+06
1.35398e+06
1.0104e+06
890790
1.36977e+06
1.19439e+06
1.04096e+06
864507
877442
744248
532137
478734
359096
304698
237246
198552
454878
392596
327282
280330
-42102.6
31055.4
417068
221575
1.59033e+06
1.35669e+06
1.02597e+06
893640
1.29598e+06
1.13365e+06
1.01849e+06
835419
860855
732017
526706
467360
359014
304782
248771
199290
402844
351305
308430
258318
-115931
-27041.2
392582
189324
1.60708e+06
1.37677e+06
1.03949e+06
910693
1.231e+06
1.08151e+06
1.00031e+06
801695
881431
745371
530981
473075
386106
329029
257226
220094
389154
337859
314689
250062
-91030.8
-10665.3
410952
196270
1.63322e+06
1.39108e+06
1.05035e+06
916836
1.21006e+06
1.0625e+06
989160
795716
867460
736025
527819
468295
430731
368693
271655
236761
449921
393711
346220
278396
-105519
-16170.8
424797
203538
1.59906e+06
1.37034e+06
1.04205e+06
905206
1.18762e+06
1.04655e+06
973722
779650
863774
733167
529515
472231
448475
382142
276467
245202
496378
431155
369140
307275
-52363.4
30307.3
458643
229943
1.60748e+06
1.37747e+06
1.04287e+06
911169
1.18904e+06
1.04585e+06
974413
781271
920744
777358
542861
487096
484163
409630
287131
261349
535178
463499
391345
326056
-53815.8
29738.1
456273
240544
1.59583e+06
1.3668e+06
1.04087e+06
911634
1.27264e+06
1.11216e+06
1.00156e+06
812569
909327
768364
528410
485458
454516
384892
278041
252737
541135
468899
401183
334090
-164193
-65025.5
411468
194488
1.54529e+06
1.32203e+06
1.01719e+06
888202
1.28203e+06
1.12087e+06
1.00759e+06
824067
916695
770880
527069
474117
435270
368113
271443
237153
588739
509713
424197
358536
-236797
-122199
377671
156973
1.51484e+06
1.29971e+06
1.00292e+06
869864
1.26002e+06
1.10148e+06
992127
808137
954317
806742
549250
499658
439351
375060
279482
249967
697388
601254
487522
410063
-172511
-68414.7
417390
183936
1.52116e+06
1.30603e+06
1.00919e+06
879301
1.27655e+06
1.11735e+06
1.00514e+06
818832
979201
828736
568164
511716
474647
406448
300965
255988
702296
604383
482781
410578
-200895
-87003.8
417410
174795
1.49855e+06
1.28858e+06
1.00481e+06
857938
1.28673e+06
1.12994e+06
1.02107e+06
825261
983865
831538
573116
529099
535536
454667
326551
292285
715999
612108
468064
409907
-203502
-88833.1
422256
180930
1.50925e+06
1.29814e+06
1.0185e+06
869916
1.30688e+06
1.14575e+06
1.03842e+06
842649
1.02904e+06
868949
588321
537992
579574
491230
348309
310110
684350
584341
436291
386215
-273198
-144006
382109
151375
1.49512e+06
1.28742e+06
1.02145e+06
873138
1.38374e+06
1.2102e+06
1.084e+06
879759
1.10026e+06
929331
620624
571702
638551
541246
379156
337874
715472
606391
429713
389243
-308237
-177766
369847
133170
1.53186e+06
1.31722e+06
1.04942e+06
894208
1.42938e+06
1.24997e+06
1.11464e+06
912959
1.13886e+06
959553
641014
586789
700182
590884
413573
367932
713240
605281
416480
385299
-360309
-213696
357930
119853
1.56693e+06
1.35339e+06
1.08519e+06
916933
1.47291e+06
1.2879e+06
1.15083e+06
935029
1.15186e+06
968984
656610
598642
713129
603953
429582
383151
715704
602872
410946
378786
-357466
-217495
364790
115647
1.56365e+06
1.34696e+06
1.08656e+06
925917
1.46613e+06
1.28315e+06
1.15829e+06
944087
1.1536e+06
971904
659774
599446
767227
650827
444304
403467
712460
600808
404373
368949
-344005
-202179
382494
124860
1.59889e+06
1.37893e+06
1.11231e+06
928819
1.52791e+06
1.33679e+06
1.18431e+06
960846
1.16129e+06
976374
661976
608550
827634
696563
453132
426972
682322
572790
377154
362676
-286325
-153236
409197
156962
1.7104e+06
1.47134e+06
1.15887e+06
987554
1.61179e+06
1.40377e+06
1.22974e+06
1.00197e+06
1.14818e+06
966360
661076
598451
822850
690206
450959
425305
565601
477554
338527
305936
-344631
-201279
390301
137751
1.71141e+06
1.47108e+06
1.17193e+06
997491
1.66874e+06
1.45513e+06
1.27362e+06
1.0429e+06
1.16164e+06
978669
666599
603376
816877
684854
448169
416928
511744
433620
317625
277177
-387711
-238654
369870
118875
1.76821e+06
1.51662e+06
1.20523e+06
1.02417e+06
1.71063e+06
1.49157e+06
1.3047e+06
1.07005e+06
1.18093e+06
993463
679735
610138
823972
689189
450937
418288
496784
420857
317193
279601
-410579
-255292
367861
108937
1.83452e+06
1.5777e+06
1.25e+06
1.06141e+06
1.77744e+06
1.54793e+06
1.34991e+06
1.10344e+06
1.18818e+06
1.00241e+06
689515
621140
824180
691886
446456
424496
487910
415886
326920
278130
-377208
-227466
391811
125037
1.89714e+06
1.62675e+06
1.281e+06
1.095e+06
1.82092e+06
1.58507e+06
1.38069e+06
1.13141e+06
-1.54107e+06
-1.28072e+06
-768845
-744113
444080
359657
143694
171139
-483559
-363357
29033.8
-96030.8
-240998
-173100
57091.1
-26720.9
1.91661e+06
1.6258e+06
1.14222e+06
1.02802e+06
1.52166e+06
1.3173e+06
1.08781e+06
918081
-1.59502e+06
-1.32595e+06
-793317
-763201
418954
335652
126627
157161
-478687
-361695
24556.4
-88251.9
-184833
-125106
86946.6
4517
1.94153e+06
1.64587e+06
1.15148e+06
1.04186e+06
1.4943e+06
1.29179e+06
1.07308e+06
900018
-1.63603e+06
-1.36058e+06
-814537
-786887
392881
314894
119763
151215
-533323
-402167
16395.7
-103956
-202697
-137978
76729.6
7077.43
1.85706e+06
1.57684e+06
1.12225e+06
1.01589e+06
1.50688e+06
1.3031e+06
1.08278e+06
909015
-1.65769e+06
-1.37783e+06
-835302
-799999
359824
288047
112118
136001
-559236
-422045
3907.47
-116954
-269101
-195905
46813.3
-25640.4
1.82854e+06
1.55183e+06
1.11707e+06
1.00087e+06
1.5206e+06
1.31633e+06
1.08922e+06
918083
-1.66963e+06
-1.39003e+06
-850100
-814820
319935
255283
99121.5
119928
-551705
-416615
2742.16
-110776
-324203
-238744
18916.5
-51154.2
1.83244e+06
1.56144e+06
1.1204e+06
1.00906e+06
1.53725e+06
1.32848e+06
1.09673e+06
921841
-1.67227e+06
-1.39489e+06
-859240
-827594
290817
232268
84185.3
108258
-534778
-403671
26715.2
-109326
-260731
-193030
46082.1
-40786.6
1.8459e+06
1.566e+06
1.12547e+06
1.00439e+06
1.55621e+06
1.34316e+06
1.09655e+06
927861
-1.69664e+06
-1.41244e+06
-866730
-831099
263826
210562
70414.4
95412
-522490
-389796
40422.5
-90938.2
-253290
-182802
59737.1
-27661.3
1.85953e+06
1.58142e+06
1.13495e+06
1.00496e+06
1.54626e+06
1.33398e+06
1.09036e+06
915679
-1.7945e+06
-1.49176e+06
-903748
-862815
189486
147329
34269.9
61283.5
-584716
-439427
16702.6
-108501
-241389
-170811
78275.3
-11844
1.89199e+06
1.60962e+06
1.15664e+06
1.03287e+06
1.49068e+06
1.28652e+06
1.07644e+06
895039
-1.84246e+06
-1.53305e+06
-937971
-892960
133821
98144.3
-4062.33
36524.9
-627373
-476992
145.664
-131509
-274089
-199575
57663.9
-25339.9
1.85907e+06
1.57877e+06
1.14436e+06
1.01819e+06
1.5123e+06
1.30449e+06
1.08696e+06
911495
-1.88884e+06
-1.57204e+06
-961645
-919271
77197.7
50529.9
-29540.8
106.066
-651731
-499262
-7641.7
-145488
-315008
-236216
26525
-45455.7
1.85245e+06
1.5724e+06
1.14274e+06
1.01785e+06
1.49271e+06
1.2896e+06
1.07869e+06
908632
-1.99328e+06
-1.65518e+06
-999731
-964929
-20764.2
-30143.3
-69102.7
-43127.1
-690059
-525699
-13543.2
-155293
-382613
-289604
-2389.31
-81416.3
1.82804e+06
1.55979e+06
1.13996e+06
1.01359e+06
1.44099e+06
1.24781e+06
1.07324e+06
877687
-1.99354e+06
-1.65864e+06
-1.00112e+06
-965699
-70011.3
-68365.2
-101609
-63392.8
-691642
-524798
-3409.67
-142088
-351489
-266037
10644.1
-67608.6
1.86835e+06
1.58673e+06
1.15783e+06
1.02383e+06
1.45667e+06
1.2624e+06
1.08227e+06
895952
-2.04511e+06
-1.70434e+06
-1.03066e+06
-990174
-82601.4
-81770.5
-125148
-78207.4
-682761
-516923
458.205
-142655
-366297
-277909
9900.91
-75141.4
1.8798e+06
1.5996e+06
1.15772e+06
1.03462e+06
1.49588e+06
1.29648e+06
1.08528e+06
910580
-2.08893e+06
-1.74127e+06
-1.05327e+06
-1.01777e+06
-114771
-108898
-151852
-105363
-674151
-508642
-335.876
-141339
-326543
-242469
28980.8
-60138
1.92225e+06
1.63449e+06
1.16618e+06
1.0491e+06
1.52449e+06
1.32045e+06
1.09554e+06
913554
-2.0845e+06
-1.74007e+06
-1.05969e+06
-1.02035e+06
-152232
-139840
-165561
-118935
-678166
-513776
2065.46
-141998
-358142
-271175
3799.28
-74169.1
1.91447e+06
1.62604e+06
1.16132e+06
1.04416e+06
1.60869e+06
1.3875e+06
1.12915e+06
958233
-2.09313e+06
-1.74736e+06
-1.07275e+06
-1.02951e+06
-200375
-178226
-178264
-143553
-659058
-498802
6945.2
-136609
-380246
-291512
-8676.91
-90769.9
1.9756e+06
1.67542e+06
1.18824e+06
1.06216e+06
1.616e+06
1.39442e+06
1.13173e+06
964062
-2.12635e+06
-1.77744e+06
-1.09077e+06
-1.05092e+06
-231271
-207595
-185670
-158212
-641955
-484934
16979.8
-127328
-393488
-302487
-10494.9
-94685.1
2.07134e+06
1.75424e+06
1.22973e+06
1.1096e+06
1.62807e+06
1.40197e+06
1.14038e+06
960642
-2.17757e+06
-1.81675e+06
-1.11028e+06
-1.0687e+06
-290605
-251215
-204864
-174113
-619365
-461966
43156.8
-110466
-363144
-276111
11971.3
-78660.7
2.11542e+06
1.79151e+06
1.24788e+06
1.13189e+06
1.64272e+06
1.4149e+06
1.1459e+06
970068
-2.17219e+06
-1.81379e+06
-1.11063e+06
-1.06694e+06
-233634
-204473
-196456
-150809
-612369
-458754
49197
-105451
-325050
-241237
26015.9
-57704.2
2.18303e+06
1.84505e+06
1.27944e+06
1.15221e+06
1.68373e+06
1.44959e+06
1.1557e+06
989187
-2.22309e+06
-1.85274e+06
-1.13652e+06
-1.08749e+06
-246075
-217215
-212065
-165032
-679408
-512467
16892.8
-126004
-317813
-232708
36780.9
-49561.1
2.2447e+06
1.89737e+06
1.30154e+06
1.18213e+06
1.66743e+06
1.4346e+06
1.15134e+06
974532
-2.1597e+06
-1.8056e+06
-1.11879e+06
-1.06866e+06
-190801
-174619
-198645
-143096
-735809
-561077
-4521.95
-156622
-314204
-229927
30081
-42507.7
2.27518e+06
1.92007e+06
1.31638e+06
1.19821e+06
1.77515e+06
1.52333e+06
1.19911e+06
1.02982e+06
-2.1481e+06
-1.79332e+06
-1.12307e+06
-1.06308e+06
-149658
-140265
-189081
-132819
-757525
-577350
-13935.7
-171596
-342804
-254078
3068.14
-61957.4
2.30446e+06
1.94392e+06
1.33131e+06
1.21009e+06
1.82817e+06
1.57002e+06
1.21826e+06
1.05724e+06
-2.13647e+06
-1.78634e+06
-1.12258e+06
-1.07303e+06
-97353
-100669
-177765
-120233
-751288
-572616
-14386.8
-165447
-357873
-267379
-17036.3
-76064.9
2.33961e+06
1.97873e+06
1.35058e+06
1.23208e+06
1.88621e+06
1.61594e+06
1.2434e+06
1.07331e+06
-2.06866e+06
-1.72707e+06
-1.08991e+06
-1.03429e+06
-45872.1
-55088.6
-162311
-87875.7
-736071
-557344
4928.53
-156177
-294876
-220136
19908.6
-57682.2
2.4186e+06
2.03763e+06
1.38631e+06
1.26354e+06
1.95894e+06
1.67754e+06
1.28313e+06
1.11524e+06
-2.05855e+06
-1.71866e+06
-1.07828e+06
-1.02566e+06
-32151.4
-48554.2
-150272
-95624.2
-776683
-590914
-8454.88
-175285
-301524
-223453
32181.8
-55548.9
2.4346e+06
2.05629e+06
1.39245e+06
1.2706e+06
1.92996e+06
1.65546e+06
1.28008e+06
1.10402e+06
-2.11092e+06
-1.76058e+06
-1.09036e+06
-1.03496e+06
-60538.2
-70561.5
-147458
-94919.9
-848375
-650562
-41754.7
-198821
-297526
-218685
46948.4
-43367.6
2.43537e+06
2.05639e+06
1.39301e+06
1.27963e+06
1.88287e+06
1.61655e+06
1.27651e+06
1.09567e+06
-2.10035e+06
-1.75138e+06
-1.09403e+06
-1.03905e+06
-63325.7
-69731.3
-147053
-94171.8
-881364
-678254
-67623.4
-225275
-314380
-230590
25755
-48272.8
2.39473e+06
2.02523e+06
1.38118e+06
1.26597e+06
1.92492e+06
1.65537e+06
1.29567e+06
1.11969e+06
-2.09994e+06
-1.75143e+06
-1.1011e+06
-1.03845e+06
-64498.7
-69937.1
-142765
-91580.2
-881224
-680849
-81615.7
-232789
-344256
-257993
1436.84
-66774.2
2.36639e+06
2.00081e+06
1.37356e+06
1.25261e+06
1.9312e+06
1.66187e+06
1.30202e+06
1.12753e+06
-2.12794e+06
-1.77525e+06
-1.11437e+06
-1.05634e+06
-58056.3
-65932.1
-123080
-90404.3
-899562
-694452
-98034
-238945
-392843
-296966
-23186.7
-92396.9
2.34329e+06
1.98585e+06
1.36602e+06
1.24764e+06
1.90891e+06
1.64435e+06
1.30989e+06
1.12079e+06
-2.12287e+06
-1.77356e+06
-1.11344e+06
-1.05962e+06
-37483.7
-46775.8
-107507
-68694
-885616
-684139
-89330.9
-237926
-345672
-264119
-2948.64
-86017.4
2.35511e+06
1.98994e+06
1.37367e+06
1.24239e+06
1.89694e+06
1.63283e+06
1.31884e+06
1.11902e+06
-2.17608e+06
-1.81569e+06
-1.12185e+06
-1.067e+06
2985.4
-10889.4
-94456
-47669.6
-841393
-649328
-74366.4
-219193
-347300
-263730
358.503
-72134.1
2.37974e+06
2.00833e+06
1.38943e+06
1.26331e+06
1.84684e+06
1.59305e+06
1.29764e+06
1.10188e+06
-2.33065e+06
-1.93732e+06
-1.17364e+06
-1.12742e+06
-76722.5
-75935.5
-125901
-88316.9
-887611
-686934
-101036
-242261
-391574
-297373
-17451.4
-97428
2.37933e+06
2.01053e+06
1.38606e+06
1.2551e+06
1.73987e+06
1.50603e+06
1.26152e+06
1.04462e+06
-2.33886e+06
-1.94501e+06
-1.17426e+06
-1.12806e+06
-28377.6
-37356.5
-100993
-61489.3
-875753
-678113
-88739.8
-236633
-393220
-299793
-23259.6
-93537.5
2.41361e+06
2.03572e+06
1.40702e+06
1.27631e+06
1.80307e+06
1.55653e+06
1.29761e+06
1.08155e+06
-2.40096e+06
-1.99383e+06
-1.1903e+06
-1.15196e+06
2885.7
-10144.2
-77246.5
-49546.3
-824822
-635357
-62339.9
-218567
-439912
-340434
-46241.2
-119332
2.41936e+06
2.04128e+06
1.41482e+06
1.28039e+06
1.83366e+06
1.58537e+06
1.31414e+06
1.10246e+06
-2.47852e+06
-2.05574e+06
-1.21889e+06
-1.18984e+06
-620.84
-11429
-71627.8
-44640.4
-766005
-585348
-37072.2
-186139
-520947
-403647
-83558.8
-152863
2.41995e+06
2.04844e+06
1.41973e+06
1.28866e+06
1.83746e+06
1.58812e+06
1.33123e+06
1.10002e+06
-2.45535e+06
-2.03778e+06
-1.20238e+06
-1.17983e+06
15343.5
4048.19
-63440.2
-29175.2
-718208
-542970
-5714.13
-158031
-466451
-362547
-62972.1
-138600
2.48053e+06
2.09043e+06
1.43859e+06
1.30752e+06
1.85933e+06
1.61004e+06
1.34627e+06
1.12456e+06
