-1.1098e+06
-864383
-149523
-318096
-525477
-423144
-148214
-195328
-1.3932e+06
-1.01446e+06
273136
-148392
-974045
-782280
-280402
-359003
-823761
-599021
164753
-86568.3
-681989
-465939
318376
32851.5
-1.07346e+06
-836285
-126380
-310657
-558116
-447410
-155732
-214143
-1.40594e+06
-1.02265e+06
276440
-158459
-959434
-771513
-253192
-366437
-826379
-597823
185065
-84852.1
-743978
-516690
298166
-8242.04
-1.04526e+06
-804698
-82398.4
-282106
-519772
-412724
-119156
-192238
-1.41179e+06
-1.02475e+06
298996
-151924
-878640
-697016
-196052
-310995
-774342
-550580
229645
-53948
-756135
-523127
310566
-953.18
-1.10735e+06
-854498
-85528.1
-280398
-599922
-476554
-135715
-199605
-1.52728e+06
-1.11685e+06
273666
-174939
-895026
-708220
-185853
-289021
-806925
-574174
241625
-39358.3
-848047
-598485
286491
-24538.7
-1.03094e+06
-787376
-53446.7
-255218
-584589
-457936
-133778
-193955
-1.44671e+06
-1.043e+06
302036
-137634
-824753
-647935
-167200
-264268
-740637
-515845
270690
-10910
-707974
-481745
335323
25554.8
-951216
-723488
-14077.8
-222918
-579917
-458967
-115806
-198762
-1.39848e+06
-1.0096e+06
345439
-126493
-776384
-613265
-138075
-253270
-677671
-465751
323909
15582.5
-655694
-438227
384827
52219.1
-999734
-763541
-31533.4
-228567
-561831
-442618
-102225
-175032
-1.47192e+06
-1.06592e+06
333105
-129844
-825636
-648989
-148878
-255451
-726882
-503315
321106
19186.6
-695075
-467069
378429
67156.1
-980515
-752249
-36722.2
-226392
-472856
-370708
-71436.2
-137505
-1.51757e+06
-1.10284e+06
313010
-149656
-844197
-665326
-148289
-268270
-728647
-506452
324769
14466.7
-701091
-474334
372926
52960.2
-921424
-694855
-9041.77
-212290
-336603
-254124
-15181.6
-96056.9
-1.48113e+06
-1.06816e+06
331229
-145277
-788448
-611015
-110675
-244830
-627659
-414794
367296
49120.6
-662843
-438769
380532
60333.9
-939717
-715764
-5190.16
-201690
-233866
-174221
32651.4
-31570.9
-1.52262e+06
-1.10457e+06
327153
-143098
-775499
-600984
-95198.5
-211468
-600535
-396783
389061
83914.5
-658089
-438756
377400
73392
-974620
-741551
-10320.2
-217334
-206933
-147036
50947.8
-7139.66
-1.62078e+06
-1.18142e+06
293425
-176620
-827455
-642402
-103313
-228886
-643283
-429793
385425
73047
-637744
-423274
388658
77842.6
-983581
-744753
-10383.9
-222198
-211003
-151309
60488.7
-21549.8
-1.71226e+06
-1.2582e+06
269992
-224511
-882797
-686992
-111799
-257993
-671661
-450783
395079
58064.8
-676739
-451642
391531
61415.8
-961848
-726859
4759.54
-203806
-203676
-143270
71214.8
-7405.53
-1.79361e+06
-1.31871e+06
249971
-245807
-864995
-667963
-92330.5
-236433
-624873
-405558
429233
103128
-772495
-524088
372617
44011.7
-921417
-697259
28495
-185207
-241052
-171555
67496.9
-17113.4
-1.8275e+06
-1.3453e+06
248190
-258305
-822197
-632436
-53712.5
-219395
-580493
-368986
467352
125091
-862610
-598919
354591
1819.39
-900658
-674304
51739.7
-167939
-237495
-167961
78812
-12139.6
-1.86726e+06
-1.37648e+06
245058
-266593
-754912
-575311
-19036
-176438
-521107
-319312
487981
154965
-886132
-615102
356453
8080.82
-918129
-689256
65427.9
-166225
-302217
-220042
68547.6
-32606.1
-1.98831e+06
-1.47153e+06
221511
-306771
-758710
-575812
-6620.64
-170016
-526013
-321480
499662
157357
-1.00492e+06
-709584
331889
-36495.9
-888963
-660747
74794.9
-151368
-376515
-274886
40025.8
-53954.4
-2.00619e+06
-1.48153e+06
215982
-305327
-746097
-563175
-5707.77
-161854
-529034
-322098
490184
158784
-979820
-686320
339142
-24668.8
-824373
-609550
109572
-124660
-375455
-276544
60512.1
-51488
-1.97044e+06
-1.45512e+06
252698
-289344
-684298
-515358
35754.1
-135315
-442620
-253456
543922
195704
-944764
-656649
385548
-231.224
-878599
-652310
82059.7
-138014
-462297
-347223
26068.9
-82472
-2.08405e+06
-1.5448e+06
221511
-320969
-774534
-586725
5876.06
-160996
-513314
-307828
523113
177954
-1.0437e+06
-732647
362775
-19251
-867329
-647737
79543.9
-137028
-489275
-369163
16252.8
-97906
-2.10516e+06
-1.56061e+06
217786
-329686
-773016
-587869
7955.66
-170191
-511809
-307504
528644
177901
-1.08735e+06
-766504
359440
-36975.3
-980839
-735763
54434.5
-186726
-553259
-420514
7534.93
-125316
-2.18214e+06
-1.62259e+06
211263
-360250
-812837
-617158
6350.53
-182279
-588628
-369185
507870
144289
-1.16733e+06
-829916
348754
-63160.2
-1.00737e+06
-760610
31723.6
-192829
-604962
-462643
-27869.9
-135974
-2.22282e+06
-1.65481e+06
189732
-363772
-825756
-629305
-14649.8
-179286
-624329
-399061
477703
135509
-1.18246e+06
-844020
342576
-63940.1
-1.04773e+06
-794099
13947.7
-216020
-715116
-550847
-69383.4
-181629
-2.2559e+06
-1.67958e+06
176322
-376068
-845462
-646104
-30108.6
-196018
-687492
-451137
451325
100734
-1.12253e+06
-794027
375544
-38647.6
-1.02218e+06
-772580
22296.5
-218165
-761022
-592150
-83066
-217864
-2.23219e+06
-1.66464e+06
193942
-385201
-806719
-616527
-14536
-195948
-658658
-428888
471895
101119
-1.09103e+06
-765206
413426
-23485.1
-1.06275e+06
-800370
-750.24
-227309
-805045
-624172
-101485
-227666
-2.26811e+06
-1.68898e+06
186229
-385702
-880837
-673503
-46418
-207491
-707310
-465628
457944
102621
-1.17116e+06
-826522
378806
-39118.6
-1.08252e+06
-816386
-28656.9
-226209
-832236
-645499
-132541
-232246
-2.21826e+06
-1.64792e+06
194692
-363801
-939934
-724046
-79252.5
-241569
-731129
-484268
432209
95749.3
-1.2298e+06
-874277
326608
-68419.7
-1.22544e+06
-934746
-71629.2
-297746
-917019
-715702
-155899
-282872
-2.27404e+06
-1.69257e+06
185256
-387903
-1.05202e+06
-812483
-110013
-285629
-823728
-559426
406664
44677.1
-1.36093e+06
-984316
273309
-135322
-1.3383e+06
-1.0273e+06
-101386
-340447
-971645
-761843
-158571
-298557
-2.29495e+06
-1.71214e+06
202811
-394412
-1.14346e+06
-888046
-131014
-317445
-878063
-604851
407631
30335.6
-1.42754e+06
-1.04364e+06
259359
-173388
-1.24503e+06
-945260
-61237.6
-306956
-862527
-665940
-111362
-249024
-2.06095e+06
-1.51501e+06
300367
-290987
-1.03388e+06
-796078
-89012.7
-273887
-754314
-499253
460222
87604.2
-1.20901e+06
-860800
350667
-80215.6
-1.14591e+06
-863789
-25281.9
-266543
-835718
-644433
-106288
-243906
-1.92547e+06
-1.40082e+06
356576
-226826
-1.0055e+06
-773014
-84200.2
-266033
-708047
-460443
480575
103993
-1.14294e+06
-801235
380538
-42473.8
-1.09868e+06
-833554
-14371.2
-250457
-791260
-613366
-97930.8
-230380
-1.92846e+06
-1.40242e+06
362080
-222907
-1.01798e+06
-784026
-103417
-276339
-690831
-447789
483720
110896
-1.14885e+06
-808202
384231
-41409.6
-952394
-720126
30566.1
-192805
-687894
-529811
-60179
-180033
-1.84564e+06
-1.33417e+06
398920
-177846
-906381
-697501
-67172.3
-239484
-583642
-363468
526141
160318
-1.0634e+06
-742034
422625
-6271.33
-936284
-709715
25793.1
-192752
-678856
-529922
-73083
-190521
-1.84371e+06
-1.33702e+06
402359
-184331
-883406
-682802
-67580.3
-233836
-555678
-344695
516057
157707
-1.04682e+06
-731534
415679
-1808.07
-950436
-718360
17599.2
-206632
-690005
-533486
-80352.1
-202373
-1.87692e+06
-1.35715e+06
405492
-192052
-894093
-685215
-76731
-241095
-574456
-355321
508800
144923
-1.05421e+06
-733721
417764
-12717.3
-969792
-730200
9150.67
-203227
-743536
-570717
-87429.5
-200621
-1.9028e+06
-1.37011e+06
410332
-176932
-913861
-700563
-89395.3
-235968
-614800
-384696
506330
146037
-999673
-685039
452569
28880.4
-943377
-712819
9447.65
-207709
-782983
-608499
-104974
-233009
-1.86024e+06
-1.34125e+06
431964
-176567
-906719
-701583
-97833.9
-257907
-587290
-364686
525850
146465
-980752
-670308
472212
32159.2
1.25281e+06
1.0136e+06
405556
476381
258906
165912
-200955
-55605.5
-2.42352e+06
-2.0165e+06
-1.20981e+06
-1.1732e+06
-69024.9
-66997
-96873.6
-51997.8
-352696
-214762
345198
124036
-990493
-807632
-378007
-406295
1.28227e+06
1.03608e+06
445207
510035
236580
147020
-197591
-59360.9
-2.47144e+06
-2.05908e+06
-1.21547e+06
-1.19346e+06
-124470
-116021
-114484
-92935.8
-425996
-273332
334295
85354.9
-1.04383e+06
-850574
-387417
-443512
1.16579e+06
942175
402041
474808
138147
65328.9
-240111
-93999.2
-2.64219e+06
-2.19761e+06
-1.28384e+06
-1.26014e+06
-270910
-234136
-162652
-144050
-537193
-363465
297973
52117.3
-1.14098e+06
-927285
-424239
-471000
1.17817e+06
958595
412743
471059
110005
45305
-249328
-110727
-2.66459e+06
-2.2137e+06
-1.29584e+06
-1.27572e+06
-315382
-267182
-176215
-161698
-545110
-365411
297196
47424.2
-1.17432e+06
-952232
-432508
-482696
1.19315e+06
969557
433374
488714
109041
43671.6
-242810
-110217
-2.71235e+06
-2.25429e+06
-1.31811e+06
-1.29463e+06
-441985
-369523
-221926
-206390
-591249
-402149
295226
35193.4
-1.26483e+06
-1.02585e+06
-457046
-513887
1.20351e+06
984033
465990
510840
47490.7
-3186.22
-262695
-123019
-2.80032e+06
-2.32268e+06
-1.33849e+06
-1.31819e+06
-545607
-453275
-258380
-242094
-646694
-444839
289487
29519.6
-1.36505e+06
-1.10768e+06
-492404
-544407
1.26075e+06
1.03018e+06
508966
529076
26041.3
-17308.6
-258422
-144387
-2.8331e+06
-2.34775e+06
-1.34954e+06
-1.33998e+06
-597992
-492296
-275479
-279676
-754498
-531137
258639
-19623.6
-1.41499e+06
-1.14924e+06
-509026
-579544
1.2963e+06
1.05941e+06
536506
565498
21242.9
-20953
-249903
-133715
-2.80669e+06
-2.32646e+06
-1.33199e+06
-1.32932e+06
-547523
-454242
-257085
-259914
-799290
-566723
244530
-41129.6
-1.39227e+06
-1.13029e+06
-499367
-573708
1.22353e+06
1.00058e+06
511223
546401
-10299.7
-47080.6
-261870
-140080
-2.82059e+06
-2.3358e+06
-1.3373e+06
-1.32224e+06
-531502
-442505
-253957
-248262
-833886
-594241
232681
-45895.5
-1.39644e+06
-1.13181e+06
-508879
-563251
1.21562e+06
1.00167e+06
513111
530063
-35938
-62606.5
-263672
-156575
-2.84496e+06
-2.35094e+06
-1.34539e+06
-1.33869e+06
-494104
-407099
-236657
-242120
-841781
-594564
229325
-57265
-1.44575e+06
-1.16738e+06
-522654
-597391
1.21553e+06
996813
517175
543748
-32967.4
-61477.3
-245461
-140131
-2.89692e+06
-2.39798e+06
-1.36692e+06
-1.35356e+06
-506416
-417959
-233982
-234112
-871836
-621587
232785
-55365
-1.49132e+06
-1.20596e+06
-534612
-603345
1.23167e+06
1.01688e+06
524533
552856
-114604
-120309
-277790
-164323
-2.9695e+06
-2.45068e+06
-1.40283e+06
-1.37844e+06
-501823
-409194
-233529
-230050
-937775
-669221
203331
-77489.7
-1.5227e+06
-1.22836e+06
-561770
-614755
1.3268e+06
1.08668e+06
569647
581667
-50055.4
-77686.3
-246150
-149965
-2.90313e+06
-2.40927e+06
-1.37401e+06
-1.37211e+06
-439892
-367593
-216641
-209375
-922096
-668605
212066
-80062.2
-1.47301e+06
-1.20563e+06
-550130
-614925
1.33013e+06
1.09545e+06
579238
605467
-34271.3
-57504.8
-234214
-126815
-2.83997e+06
-2.35032e+06
-1.3379e+06
-1.32818e+06
-407596
-334225
-192616
-193788
-905418
-647783
225810
-70238.3
-1.431e+06
-1.1619e+06
-524663
-593309
1.25844e+06
1.03379e+06
521932
577435
-49509.5
-70556.5
-260611
-127111
-2.8712e+06
-2.37523e+06
-1.3592e+06
-1.33307e+06
-384865
-317059
-193737
-177683
-885676
-633216
219666
-56015.6
-1.39504e+06
-1.13398e+06
-521368
-570625
1.14274e+06
938208
451488
503212
-218460
-212138
-343512
-210641
-2.9716e+06
-2.45853e+06
-1.41029e+06
-1.3857e+06
-488235
-405496
-250549
-223335
-950974
-688221
173131
-93268.8
-1.46617e+06
-1.1942e+06
-565598
-612579
1.07045e+06
873009
409615
447495
-312120
-292461
-387889
-279867
-3.06032e+06
-2.53574e+06
-1.4561e+06
-1.44894e+06
-620657
-512095
-308675
-302763
-1.0513e+06
-772807
132737
-158335
-1.53968e+06
-1.25539e+06
-596962
-663997
1.10513e+06
902693
413351
467799
-307000
-286605
-401381
-267470
-3.00594e+06
-2.48656e+06
-1.43913e+06
-1.40656e+06
-602873
-499359
-305793
-284938
-996697
-727202
152773
-125297
-1.43856e+06
-1.17238e+06
-561841
-608564
1.20712e+06
982257
444487
490507
-199967
-207309
-373461
-249524
-2.96457e+06
-2.46381e+06
-1.44037e+06
-1.41504e+06
-596874
-500805
-325388
-291947
-957727
-703604
151447
-112472
-1.3837e+06
-1.13577e+06
-568363
-592486
1.27009e+06
1.03428e+06
471951
530733
-64273.2
-96989.6
-330690
-189494
-2.86377e+06
-2.37967e+06
-1.40583e+06
-1.37934e+06
-534163
-450114
-311204
-283683
-878165
-636967
173658
-94477.2
-1.34891e+06
-1.10603e+06
-563033
-596756
1.17581e+06
959748
448584
499954
-27130.3
-64452.8
-307736
-168774
-2.85531e+06
-2.36923e+06
-1.38345e+06
-1.36812e+06
-542723
-454885
-289789
-281234
-833815
-596619
213307
-67875.2
-1.38252e+06
-1.12728e+06
-563212
-599549
1.09738e+06
896320
416830
468172
-52866.1
-88365.7
-325776
-172188
-2.84618e+06
-2.36371e+06
-1.37902e+06
-1.35244e+06
-573101
-480249
-290885
-277935
-826024
-592936
209844
-51159.2
-1.48985e+06
-1.2197e+06
-607734
-637192
1.03278e+06
836665
373280
431067
-76889.4
-113967
-355738
-199948
-2.91295e+06
-2.42383e+06
-1.42274e+06
-1.38919e+06
-721163
-601947
-350277
-337470
-887386
-646456
177797
-86848.3
-1.62155e+06
-1.32972e+06
-673513
-703064
1.04239e+06
846135
376046
427678
-40310.7
-84125.9
-357322
-192978
-2.91657e+06
-2.42531e+06
-1.42864e+06
-1.39291e+06
-774707
-644256
-368598
-359194
-865468
-627354
184534
-75980
-1.67095e+06
-1.37235e+06
-701008
-725792
1.01872e+06
831886
369610
414262
-77216.8
-113629
-377474
-230501
-2.99092e+06
-2.48488e+06
-1.46677e+06
-1.43688e+06
-869273
-716001
-415863
-402410
-967862
-710371
141984
-128715
-1.79905e+06
-1.47732e+06
-770961
-795029
980739
792655
347939
405032
-143173
-172314
-415123
-252359
-3.0562e+06
-2.54117e+06
-1.50533e+06
-1.46769e+06
-878271
-730426
-432920
-421964
-1.01239e+06
-750394
112711
-156023
-1.86094e+06
-1.53094e+06
-806494
-836966
960381
770855
332265
384455
-139263
-174037
-425934
-266509
-3.08543e+06
-2.56894e+06
-1.52255e+06
-1.49386e+06
-827006
-691825
-411364
-408133
-962794
-712833
136623
-143430
-1.8369e+06
-1.51316e+06
-798012
-831596
1.01637e+06
822143
350799
405062
-98631.5
-139801
-416160
-246158
-3.05355e+06
-2.54074e+06
-1.5111e+06
-1.47308e+06
-763770
-637738
-379143
-369874
-836205
-605054
193404
-79179
-1.82762e+06
-1.50335e+06
-784558
-820719
1.06985e+06
864500
378033
435862
8087.18
-51628
-360383
-197902
-3.06985e+06
-2.55555e+06
-1.51083e+06
-1.47804e+06
-747624
-619417
-360265
-352126
-745547
-528726
258247
-24820.2
-1.8222e+06
-1.49464e+06
-756594
-804412
1.1084e+06
895075
394464
439074
-22408.2
-77481.2
-383655
-220316
-3.13502e+06
-2.60853e+06
-1.54752e+06
-1.50941e+06
-745983
-621490
-364675
-361479
-732561
-516430
263348
-21160.2
-1.84405e+06
-1.51421e+06
-769367
-814660
1.20092e+06
981256
450165
492819
51700.8
-9045.31
-330551
-175481
-3.13417e+06
-2.59694e+06
-1.53355e+06
-1.50587e+06
-719397
-589641
-348630
-339278
-722077
-497585
287001
-972.272
-1.85907e+06
-1.51993e+06
-771391
-810204
1.21315e+06
987940
465722
510378
46950.5
-10624.3
-320979
-162697
-3.14694e+06
-2.61011e+06
-1.53632e+06
-1.50441e+06
-705522
-585779
-347933
-337402
-733162
-508193
291042
-2248.6
-1.88647e+06
-1.54635e+06
-783730
-834967
1.28499e+06
1.03904e+06
488858
529744
166348
80121.6
-281275
-121746
-3.0945e+06
-2.57084e+06
-1.52139e+06
-1.49724e+06
-627003
-527613
-324152
-320645
-622135
-421957
337924
34595.9
-1.77677e+06
-1.4597e+06
-744219
-799888
1.32627e+06
1.07434e+06
508014
542198
160047
73696.1
-281477
-123542
-3.07575e+06
-2.55707e+06
-1.5178e+06
-1.4812e+06
-599222
-505256
-312047
-302239
-563631
-373990
360315
65294.9
-1.76647e+06
-1.45396e+06
-737006
-785214
1.45612e+06
1.18674e+06
551522
608466
299480
191598
-232346
-64921.6
-3.03206e+06
-2.51905e+06
-1.51207e+06
-1.4611e+06
-573780
-479161
-317486
-282540
-428250
-258404
408456
131168
-1.71376e+06
-1.40257e+06
-725085
-752678
1.46964e+06
1.19358e+06
563757
603603
250469
149011
-254413
-87594.3
-3.13586e+06
-2.60722e+06
-1.55668e+06
-1.5121e+06
-661307
-557388
-355180
-336888
-456966
-284711
401740
111509
-1.7974e+06
-1.47983e+06
-764164
-802289
-625114
-432071
274521
18903.8
-16370.9
-5629.98
61002.8
29866.1
2.23559e+06
1.82862e+06
928310
987185
537794
459709
376327
322214
-400996
-347800
-268745
-234160
1.65003e+06
1.3286e+06
545227
649610
-607095
-416040
283968
19497.8
-33868.3
-17295.1
49373.7
12097.2
2.21507e+06
1.8194e+06
925697
967811
510967
447326
370049
310054
-415862
-350999
-267358
-244101
1.60947e+06
1.30109e+06
530092
624649
-543142
-358193
335564
55164.9
35793
41209.5
90272.8
47836.5
2.25268e+06
1.8533e+06
959832
994814
503027
444651
385059
325046
-355313
-298699
-223047
-199998
1.60091e+06
1.29605e+06
527454
630286
-490948
-313983
360875
91770.4
104981
101126
117776
86736.5
2.27347e+06
1.87099e+06
967491
1.00832e+06
497156
438796
383222
318619
-315327
-264865
-206159
-184917
1.66243e+06
1.3433e+06
555476
649323
-432435
-270081
388228
124661
172857
149675
130634
116528
2.3172e+06
1.90143e+06
983643
1.03894e+06
541353
470200
404734
345126
-199376
-176871
-161186
-124524
1.71951e+06
1.38407e+06
565746
679588
-418266
-256641
410698
123596
216909
185138
142466
116692
2.31596e+06
1.90208e+06
988182
1.0256e+06
562701
491624
419250
345606
-202305
-178277
-163220
-137570
1.75861e+06
1.41463e+06
568876
680715
-426218
-255699
416087
134454
223374
194970
148121
128730
2.29094e+06
1.88631e+06
993158
1.0323e+06
572990
501864
436708
352052
-236209
-204444
-167823
-146861
1.76019e+06
1.419e+06
574321
694925
-376126
-219528
440280
155490
257001
218661
164716
139472
2.28871e+06
1.8801e+06
1.0028e+06
1.02777e+06
611864
529777
451645
375626
-210896
-183918
-154081
-137546
1.7994e+06
1.44924e+06
597599
701115
-347626
-194047
464320
166855
341477
287365
206622
173895
2.28418e+06
1.87834e+06
1.01744e+06
1.02998e+06
588377
510948
437392
365887
-157983
-141791
-131620
-113947
1.84573e+06
1.48478e+06
616401
728932
-445745
-273019
433023
140139
301119
259061
198692
173231
2.1733e+06
1.79291e+06
983593
996574
485281
425627
391640
315373
-269236
-231822
-178574
-159966
1.80741e+06
1.45787e+06
615850
714970
-412259
-241732
448448
161418
356877
306329
211943
199322
2.15796e+06
1.78406e+06
986794
999879
525681
460632
410058
331584
-219012
-190304
-160923
-133670
1.83506e+06
1.48254e+06
633014
735368
-413726
-243561
469611
158507
398002
339905
242529
213083
2.09974e+06
1.73587e+06
984137
979694
547891
481006
438552
348601
-245688
-211293
-157176
-144744
1.90206e+06
1.53807e+06
679245
769380
-416150
-245011
485512
168756
398781
335735
254736
222390
2.19049e+06
1.80784e+06
1.02065e+06
1.00626e+06
640593
550343
479853
384158
-253023
-220191
-164342
-142122
1.99226e+06
1.61043e+06
723892
810541
-558173
-356900
437481
123710
232427
206267
197259
165325
2.19518e+06
1.81706e+06
1.01587e+06
1.02167e+06
595117
519628
465645
380938
-363721
-305138
-218134
-189824
1.96719e+06
1.5968e+06
707409
808997
-623347
-409262
406542
94474.4
204984
184270
190851
154866
2.24798e+06
1.85776e+06
1.02293e+06
1.03952e+06
575745
502448
437017
377594
-375491
-318108
-238536
-197535
2.02359e+06
1.63946e+06
705333
833663
-734919
-502426
371962
44287.5
131777
126333
174993
132326
2.33987e+06
1.92982e+06
1.04996e+06
1.06476e+06
522786
453811
410176
331089
-432906
-368331
-278655
-235977
2.10088e+06
1.69668e+06
730808
846904
-775917
-535797
364029
34930.4
79773.7
80402.3
151370
105145
2.45792e+06
2.02289e+06
1.09325e+06
1.11186e+06
603641
516086
435584
359391
-410862
-355369
-286100
-234257
2.18475e+06
1.76168e+06
755028
872106
-887783
-620537
321985
-4133.75
-48700.6
-17153.7
98197.3
60012.9
2.51046e+06
2.07115e+06
1.09415e+06
1.14111e+06
651952
563579
453179
388634
-520689
-443302
-353191
-285843
2.23422e+06
1.80693e+06
749871
902362
-912433
-639415
319303
-19457.5
-91183.5
-57214.1
82648.8
22464.8
2.57837e+06
2.12139e+06
1.12891e+06
1.1571e+06
716716
616220
485390
410224
-557631
-479720
-374791
-322011
2.23866e+06
1.8069e+06
739574
893403
-965257
-687026
303123
-42783.5
-139229
-98715.6
57687.9
917.825
2.60413e+06
2.14175e+06
1.13801e+06
1.17358e+06
698932
600250
474730
412132
-587618
-506028
-402880
-341348
2.1853e+06
1.75994e+06
706187
858027
-1.00598e+06
-717663
291777
-61949.6
-148490
-105548
52800.4
-5680.9
2.63073e+06
2.16236e+06
1.14409e+06
1.18289e+06
653167
562206
446169
393380
-594445
-512757
-415884
-346899
2.13911e+06
1.71853e+06
665875
835992
-1.09392e+06
-787742
271238
-90933.2
-167355
-119634
51583.4
-10120.8
2.6604e+06
2.18867e+06
1.1613e+06
1.1959e+06
566113
490413
407254
347674
-633032
-546629
-441657
-371812
2.09671e+06
1.68272e+06
647962
805881
-1.13778e+06
-820729
265495
-99153.3
-163922
-116454
50599.9
-11709
2.68715e+06
2.21166e+06
1.18097e+06
1.20677e+06
577124
499711
418438
344030
-635102
-548876
-448485
-379387
2.04869e+06
1.64522e+06
622171
781422
-1.15829e+06
-837847
277715
-104945
-141126
-98958.9
54619
-1721.81
2.76463e+06
2.27681e+06
1.21626e+06
1.25071e+06
610297
529853
436853
371059
-656418
-569635
-470106
-391836
2.07643e+06
1.66437e+06
623723
791182
-1.15516e+06
-826237
270984
-91123.4
-159137
-109983
31802.1
-14343
2.77897e+06
2.28841e+06
1.2092e+06
1.2544e+06
611169
530557
430880
365059
-696422
-599791
-496871
-422596
2.08874e+06
1.6784e+06
617813
779602
-1.20885e+06
-878177
252064
-119853
-241134
-183768
3679.08
-48726
2.73739e+06
2.2512e+06
1.20046e+06
1.23195e+06
562352
489020
426901
348332
-736241
-634181
-504428
-435542
2.07806e+06
1.66706e+06
624553
777715
-1.21637e+06
-880236
255111
-119932
-212718
-157312
20649.6
-33572.7
2.76563e+06
2.27662e+06
1.21141e+06
1.24758e+06
579391
508051
444618
368544
-655951
-565258
-457522
-394445
2.131e+06
1.71285e+06
649654
805746
-1.1631e+06
-837722
288157
-92066
-96656.5
-61872.6
83066
21703.9
2.89862e+06
2.38348e+06
1.27309e+06
1.29884e+06
671483
582653
496570
406782
-525820
-458424
-392990
-333518
2.33254e+06
1.87715e+06
757931
896735
-1.14738e+06
-824076
301964
-78775.2
-66837.9
-37617.4
88033.4
36361.6
2.94338e+06
2.41989e+06
1.29145e+06
1.33033e+06
718544
620014
521938
434383
-468388
-412943
-366752
-302120
2.39746e+06
1.92961e+06
784700
933157
-1.14718e+06
-823678
315978
-87055.5
-67426.2
-39756.4
84671.1
22174.2
2.96433e+06
2.4359e+06
1.29722e+06
1.32739e+06
739142
638556
538893
439854
-516593
-453054
-387647
-330960
2.46974e+06
1.98737e+06
811738
957908
-1.14803e+06
-815325
342761
-63943.7
-13558.8
13015
133965
60515.6
2.98933e+06
2.46147e+06
1.3302e+06
1.35446e+06
799333
693708
579867
471829
-540094
-464394
-374511
-324847
2.51489e+06
2.0317e+06
851538
993012
-1.19311e+06
-856685
317625
-70153.5
-32814.7
-6569.73
133396
72147.5
2.94979e+06
2.42937e+06
1.31903e+06
1.35235e+06
811822
700282
570065
493548
-575589
-496674
-396689
-330457
2.5364e+06
2.04805e+06
861492
1.01378e+06
-1.21679e+06
-875119
294095
-99744.5
19212.1
38248.1
158751
82234.4
2.93992e+06
2.42192e+06
1.31582e+06
1.33711e+06
795509
687193
542728
465910
-566819
-487547
-400094
-341810
2.59282e+06
2.09354e+06
871597
1.02537e+06
-1.35315e+06
-993018
240469
-151423
7835.45
30275.5
170085
99113.7
2.88107e+06
2.37399e+06
1.30282e+06
1.32293e+06
747285
640451
514238
440356
-648616
-560005
-433598
-372580
2.65298e+06
2.13904e+06
909804
1.05359e+06
-1.42126e+06
-1.04207e+06
214804
-183691
2078.89
30538.5
168463
88026.3
2.84525e+06
2.34949e+06
1.3024e+06
1.30684e+06
788099
676947
520571
444125
-677979
-578823
-445772
-389918
2.65279e+06
2.14535e+06
919175
1.05804e+06
-1.49338e+06
-1.0984e+06
196724
-207662
-19931.2
14936.2
167949
92611.2
2.7941e+06
2.31162e+06
1.28545e+06
1.30178e+06
781168
672023
510923
452616
-766331
-651368
-478978
-419876
2.71347e+06
2.19756e+06
944557
1.09604e+06
-536699
-407459
-21173.6
-122476
-1.67544e+06
-1.31441e+06
-347170
-535691
-1.05028e+06
-877423
-568853
-523451
-1.23826e+06
-1.04326e+06
-712192
-642650
-1.7056e+06
-1.43789e+06
-1.00067e+06
-899861
202763
165680
61243.2
83678.3
-468190
-360238
7621.2
-106477
-1.6549e+06
-1.30597e+06
-356686
-542284
-1.0579e+06
-890132
-579900
-539484
-1.19895e+06
-1.01988e+06
-709289
-641040
-1.60565e+06
-1.36268e+06
-967207
-874049
283462
222184
85272.8
98685.2
-444844
-335674
30361.8
-87824.1
-1.64437e+06
-1.29533e+06
-349129
-544759
-1.05961e+06
-885994
-564881
-536324
-1.14599e+06
-970115
-682055
-625497
-1.54942e+06
-1.31239e+06
-942683
-842529
313482
254468
101275
124576
-404139
-302741
48222.6
-66960.9
-1.6006e+06
-1.2622e+06
-337818
-525909
-1.04799e+06
-877697
-557777
-525787
-1.11111e+06
-945383
-676544
-600008
-1.503e+06
-1.27757e+06
-925983
-825479
358229
286383
100507
136897
-422771
-316603
40008.8
-70591.9
-1.6385e+06
-1.29288e+06
-364842
-541439
-1.15558e+06
-964084
-606502
-567088
-1.17863e+06
-1.0006e+06
-712305
-633858
-1.53883e+06
-1.30571e+06
-950710
-835805
299239
237857
53587.4
106510
-375675
-285191
75634.3
-64805.6
-1.61584e+06
-1.28291e+06
-352688
-556423
-1.17818e+06
-990278
-604380
-597536
-1.17e+06
-998469
-696579
-651840
-1.49764e+06
-1.27659e+06
-923804
-840948
323351
248189
59237.9
85265.1
-379016
-275999
76873.8
-39315.1
-1.59857e+06
-1.26361e+06
-342561
-525076
-1.17445e+06
-983785
-604721
-581165
-1.17027e+06
-993136
-703492
-625786
-1.49009e+06
-1.26837e+06
-922216
-813659
370436
287232
79292.8
118292
-412096
-304384
48681.5
-55331.8
-1.63235e+06
-1.29122e+06
-369771
-545481
-1.18718e+06
-993088
-614851
-588804
-1.2005e+06
-1.02175e+06
-734617
-648536
-1.51445e+06
-1.28776e+06
-941320
-834136
378156
296668
84002.2
122542
-488336
-369337
7382.9
-98053.8
-1.70693e+06
-1.35416e+06
-398668
-584381
-1.21657e+06
-1.01992e+06
-625771
-601502
-1.25198e+06
-1.06352e+06
-766185
-680011
-1.60616e+06
-1.36447e+06
-983591
-870908
342442
266950
70210
114865
-544416
-412520
-17173.5
-123304
-1.73681e+06
-1.37374e+06
-400357
-586360
-1.26545e+06
-1.05365e+06
-650106
-618981
-1.32212e+06
-1.11995e+06
-798155
-705243
-1.68611e+06
-1.42623e+06
-1.01236e+06
-905088
287875
227116
41835.3
94172.5
-542267
-411572
-17116.9
-123713
-1.70341e+06
-1.3478e+06
-383530
-573946
-1.28937e+06
-1.07579e+06
-652784
-633880
-1.36397e+06
-1.15465e+06
-818484
-729683
-1.71475e+06
-1.44997e+06
-1.02099e+06
-915363
273395
212995
36295.1
80855.5
-555309
-424402
-26697.5
-127109
-1.67895e+06
-1.32708e+06
-368514
-559875
-1.29508e+06
-1.08067e+06
-662273
-628006
-1.38998e+06
-1.17755e+06
-832629
-742817
-1.72698e+06
-1.45904e+06
-1.02059e+06
-919751
273420
212261
25880.1
83994.4
-603292
-460933
-50307.1
-154615
-1.76731e+06
-1.3947e+06
-390954
-585446
-1.38107e+06
-1.14711e+06
-706313
-663684
-1.46832e+06
-1.24041e+06
-874651
-777977
-1.81598e+06
-1.53061e+06
-1.05342e+06
-951104
198371
152016
-1407.14
47831.5
-588794
-457487
-47275
-164200
-1.83917e+06
-1.456e+06
-413761
-621375
-1.4067e+06
-1.17413e+06
-729630
-694945
-1.51312e+06
-1.28462e+06
-901493
-815757
-1.85553e+06
-1.56651e+06
-1.07023e+06
-982591
153476
112270
-6413.46
14951.1
-523014
-402080
-31974
-135076
-1.85475e+06
-1.46842e+06
-416255
-629574
-1.40607e+06
-1.17299e+06
-734366
-688353
-1.51863e+06
-1.28664e+06
-912629
-817268
-1.88461e+06
-1.59024e+06
-1.08086e+06
-987447
149398
113696
3775.24
37049.6
-504624
-384095
-25721
-127247
-1.88239e+06
-1.48625e+06
-407194
-629119
-1.4228e+06
-1.18751e+06
-755569
-711581
-1.54583e+06
-1.3087e+06
-927069
-831966
-1.93123e+06
-1.62583e+06
-1.09738e+06
-1.01028e+06
103020
79666.2
-7482.6
19074.2
-492122
-374825
-13781.5
-121315
-1.87547e+06
-1.47797e+06
-381088
-617036
-1.4643e+06
-1.22024e+06
-772316
-727261
-1.58342e+06
-1.33876e+06
-941057
-847782
-1.97191e+06
-1.65694e+06
-1.10221e+06
-1.02098e+06
47294.1
36915.2
-17372.2
3915.96
-491326
-377185
-12315.7
-111898
-1.88329e+06
-1.48434e+06
-364724
-603765
-1.47622e+06
-1.23745e+06
-792749
-733640
-1.6016e+06
-1.35648e+06
-947549
-855169
-1.99745e+06
-1.68034e+06
-1.1063e+06
-1.02527e+06
19475.1
10694.3
-25648.9
-4369.21
-569317
-442671
-46733.4
-147426
-1.97659e+06
-1.55763e+06
-398437
-628481
-1.55445e+06
-1.30476e+06
-836884
-781947
-1.64744e+06
-1.39799e+06
-979731
-877650
-2.07081e+06
-1.7426e+06
-1.15089e+06
-1.05549e+06
-16614.2
-24454.6
-36358
-25367.5
-540544
-416543
-33726.9
-150107
-1.9981e+06
-1.57164e+06
-414449
-651802
-1.51106e+06
-1.26744e+06
-823055
-777255
-1.6142e+06
-1.3715e+06
-970365
-885236
-2.04022e+06
-1.71584e+06
-1.15162e+06
-1.06712e+06
56514.1
41787.9
11718.2
-1934.64
-522906
-406243
-31253.4
-131004
-2.05426e+06
-1.62344e+06
-441377
-674724
-1.45415e+06
-1.22357e+06
-808022
-745399
-1.56346e+06
-1.33122e+06
-961732
-853562
-2.06348e+06
-1.74106e+06
-1.17915e+06
-1.06915e+06
109075
84053.8
41672.6
47282.1
-657932
-509846
-81067
-186323
-2.20653e+06
-1.7421e+06
-483975
-732336
-1.53674e+06
-1.28747e+06
-847515
-783477
-1.65203e+06
-1.39952e+06
-999367
-891588
-2.2442e+06
-1.88671e+06
-1.25949e+06
-1.15867e+06
21085.2
19217
7165.11
13426.5
-704896
-546089
-89876.8
-200656
-2.24777e+06
-1.77114e+06
-484335
-740207
-1.60949e+06
-1.34659e+06
-873949
-813188
-1.6845e+06
-1.42506e+06
-1.00686e+06
-905273
-2.33678e+06
-1.96019e+06
-1.29786e+06
-1.19525e+06
-7921.72
-2793.78
5671
4920.76
-757511
-591780
-99905.7
-221262
-2.3077e+06
-1.82103e+06
-490508
-760201
-1.64775e+06
-1.37956e+06
-889654
-834462
-1.70141e+06
-1.44059e+06
-1.00871e+06
-914443
-2.42522e+06
-2.03525e+06
-1.33465e+06
-1.24131e+06
-6995.41
-3008.03
12158.7
3394.11
-723376
-554336
-89710.6
-199159
-2.28181e+06
-1.79481e+06
-468966
-746101
-1.57468e+06
-1.31659e+06
-869537
-805605
-1.70269e+06
-1.4375e+06
-1.01583e+06
-908259
-2.39533e+06
-2.00607e+06
-1.312e+06
-1.22482e+06
63914.7
60170.5
47560
37251.8
-771635
-602354
-96376.5
-206438
-2.33392e+06
-1.84173e+06
-477769
-750682
-1.58628e+06
-1.33172e+06
-869746
-802331
-1.72239e+06
-1.45957e+06
-1.01759e+06
-915997
-2.39047e+06
-2.0043e+06
-1.29324e+06
-1.20695e+06
74753.9
68275.4
73619.7
63551.9
-747739
-579242
-87319.9
-204777
-2.29031e+06
-1.80583e+06
-446089
-747568
-1.50317e+06
-1.26383e+06
-832546
-777474
-1.64701e+06
-1.39499e+06
-991644
-890483
-2.31056e+06
-1.93906e+06
-1.25041e+06
-1.18007e+06
164339
143427
119392
99462.3
-760710
-584185
-90979.2
-204553
-2.28853e+06
-1.79701e+06
-439632
-727750
-1.48149e+06
-1.24203e+06
-842950
-768008
-1.67341e+06
-1.41423e+06
-1.0139e+06
-898484
-2.31842e+06
-1.94054e+06
-1.2592e+06
-1.17627e+06
183775
164496
114058
114503
-796657
-613739
-87679.8
-218434
-2.27408e+06
-1.78652e+06
-413185
-724918
-1.50636e+06
-1.26606e+06
-848376
-784620
-1.71985e+06
-1.4546e+06
-1.03051e+06
-922473
-2.34438e+06
-1.96211e+06
-1.25202e+06
-1.18509e+06
155247
139251
113662
99052.9
-869485
-673644
-131897
-233180
-2.33227e+06
-1.83343e+06
-449097
-733130
-1.5525e+06
-1.30553e+06
-898820
-804584
-1.82706e+06
-1.54321e+06
-1.09278e+06
-967257
-2.40027e+06
-2.00796e+06
-1.2887e+06
-1.20221e+06
123346
113819
75355.7
89574.2
-972428
-763469
-197008
-309148
-2.35081e+06
-1.84833e+06
-470676
-752962
-1.64535e+06
-1.38992e+06
-962829
-864684
-1.88608e+06
-1.60076e+06
-1.14199e+06
-1.01903e+06
-2.41887e+06
-2.02924e+06
-1.32008e+06
-1.22677e+06
144263
119068
65597.6
68401.3
-906779
-714667
-162933
-301566
-2.29604e+06
-1.80372e+06
-444027
-741490
-1.66135e+06
-1.40594e+06
-975817
-890301
-1.80263e+06
-1.53435e+06
-1.09975e+06
-1.00324e+06
-2.30881e+06
-1.94048e+06
-1.2818e+06
-1.20103e+06
246075
200588
120326
97714.4
-827239
-648205
-126564
-251965
-2.21478e+06
-1.73656e+06
-399225
-696456
-1.63478e+06
-1.38367e+06
-959482
-871849
-1.64729e+06
-1.40346e+06
-1.03161e+06
-918737
-2.21558e+06
-1.86615e+06
-1.2475e+06
-1.14834e+06
358140
295210
180867
171084
-791512
-617509
-122662
-240265
-2.14785e+06
-1.68121e+06
-370648
-664136
-1.67639e+06
-1.41933e+06
-990123
-892401
-1.60169e+06
-1.36759e+06
-1.02223e+06
-898598
-2.20933e+06
-1.86409e+06
-1.26902e+06
-1.15915e+06
425378
350620
191849
197143
-860137
-676611
-148303
-268913
-2.17651e+06
-1.70564e+06
-376058
-674153
-1.84206e+06
-1.55638e+06
-1.06564e+06
-968407
-1.67436e+06
-1.42879e+06
-1.05319e+06
-930839
-2.30022e+06
-1.94064e+06
-1.31783e+06
-1.20493e+06
376854
308789
165233
171038
-852616
-673903
-137517
-269734
-2.15283e+06
-1.68912e+06
-358316
-662918
-1.94598e+06
-1.64697e+06
-1.10918e+06
-1.02266e+06
-1.67019e+06
-1.42804e+06
-1.04463e+06
-937109
-2.32798e+06
-1.96813e+06
-1.33935e+06
-1.22587e+06
414844
334691
174853
176649
928719
780428
503360
466669
1.66283e+06
1.34292e+06
557472
652145
-944850
-793412
-531162
-492392
243491
238404
345443
239559
-866366
-680628
-159946
-278076
-792196
-694080
-634970
-514125
910495
765866
507534
472830
1.61509e+06
1.30298e+06
546934
648026
-963476
-811315
-538204
-492606
198998
199011
338429
233555
-905963
-715996
-173887
-293198
-846994
-742616
-667855
-523375
927532
784984
527838
475974
1.66099e+06
1.34301e+06
568831
656612
-929111
-778934
-514859
-476518
192939
197590
330850
228625
-885841
-693196
-143578
-275831
-1.01019e+06
-876028
-742867
-611611
988324
837864
561961
519410
1.61347e+06
1.30529e+06
552001
647764
-882586
-740611
-492102
-459638
148748
159988
313042
200419
-801983
-622665
-104838
-240498
-1.0736e+06
-926183
-774769
-639480
945833
795842
547231
512109
1.48737e+06
1.19579e+06
476928
597630
-841758
-709912
-489391
-430733
113341
131948
290860
199250
-839781
-655670
-133766
-238274
-1.21392e+06
-1.04663e+06
-841326
-688283
963357
817362
561784
503495
1.40198e+06
1.12958e+06
449901
541205
-889803
-748721
-516875
-470669
21446.5
56318.2
249733
149045
-934748
-730885
-179080
-299150
-1.25503e+06
-1.07873e+06
-866579
-734021
1.00098e+06
843069
591039
529680
1.42959e+06
1.14872e+06
466375
555739
-886482
-750530
-505912
-464827
-21042.8
18943.4
244464
124455
-886043
-694280
-153750
-271163
-1.27388e+06
-1.09831e+06
-867819
-751257
980276
830343
584641
525777
1.39577e+06
1.12294e+06
453210
548921
-946711
-799596
-540422
-490010
-54171.5
-5810.3
239741
119228
-903431
-707002
-168288
-283940
-1.27552e+06
-1.09597e+06
-873846
-741807
1.0061e+06
847694
598009
530056
1.43599e+06
1.15398e+06
473557
556171
-918921
-778694
-523871
-485541
-45610.5
-362.039
247637
118320
-884260
-691229
-144934
-269916
-1.31377e+06
-1.13199e+06
-883777
-768653
1.07253e+06
909802
623260
569057
1.48102e+06
1.19615e+06
487503
581156
-863754
-728101
-508478
-463400
-30327.8
17300.1
256976
129899
-776470
-598621
-108920
-223471
-1.26894e+06
-1.08697e+06
-870707
-741594
1.13737e+06
954262
662030
586270
1.54415e+06
1.23924e+06
503910
599732
-758277
-649539
-471203
-424664
37217.9
70336.6
304038
161357
-677965
-523900
-58556.2
-188329
-1.2146e+06
-1.0505e+06
-832056
-724378
1.28499e+06
1.07756e+06
710673
651890
1.61202e+06
1.29772e+06
529295
623392
-723139
-621502
-477484
-417985
81110.8
108278
325015
188686
-602208
-461818
-40369.4
-154757
-1.07064e+06
-930294
-777735
-662374
1.25822e+06
1.05453e+06
709051
649862
1.56439e+06
1.25758e+06
511349
613996
-753445
-646656
-484026
-417646
72391.5
102030
325102
200584
-629612
-486434
-56574.2
-158599
-1.03324e+06
-899196
-755870
-632672
1.23154e+06
1.03277e+06
700645
636653
1.48885e+06
1.19528e+06
475561
580252
-762733
-659301
-499801
-434750
35274
69518.5
313484
182662
-687837
-536982
-85342.1
-198273
-980553
-856108
-749288
-604648
1.26788e+06
1.06395e+06
712993
645132
1.54159e+06
1.2379e+06
485999
588738
-702203
-606620
-481982
-413498
75835.8
105480
319912
196420
-681852
-528214
-76226.8
-190059
-969933
-850220
-761588
-618841
1.35336e+06
1.14132e+06
772415
683026
1.56422e+06
1.26255e+06
508514
592531
-599846
-518918
-423179
-385902
104770
131679
345316
194258
-617893
-468962
-32185.4
-173548
-845286
-742751
-708544
-578339
1.32716e+06
1.11846e+06
755455
701021
1.52593e+06
1.22786e+06
463462
593887
-538869
-466517
-414213
-327184
31285.9
77909.7
317999
200208
-656684
-499970
-62142.7
-159677
-853891
-751975
-720575
-554278
1.35762e+06
1.14616e+06
763124
703271
1.48103e+06
1.19097e+06
440888
560937
-568099
-492403
-441934
-348109
-55177
4545.99
281280
161994
-726154
-558849
-105287
-201355
-800362
-708560
-706130
-545923
1.24177e+06
1.04758e+06
719210
657359
1.41182e+06
1.13121e+06
416010
527594
-730088
-625548
-480575
-420907
-192348
-109166
235604
82712.4
-888148
-697793
-166275
-276580
-943937
-829422
-759702
-619092
1.17371e+06
986724
677745
621046
1.39679e+06
1.11411e+06
406725
524192
-799544
-686803
-505594
-448610
-215185
-132619
228893
73894.8
-999034
-794247
-225888
-337553
-944169
-837436
-769314
-623076
1.08805e+06
918544
637863
575427
1.38911e+06
1.11056e+06
399788
509567
-845174
-718437
-507285
-465024
-242035
-150858
215873
60825.3
-1.10123e+06
-873819
-260468
-378385
-1.07454e+06
-942741
-829679
-686054
1.01496e+06
862240
607103
553388
1.36137e+06
1.09017e+06
391712
507495
-869686
-732081
-492176
-457488
-273992
-175700
201717
52153.4
-1.15148e+06
-912498
-279142
-397105
-1.13471e+06
-988272
-854262
-707549
941169
790663
549505
507761
1.33454e+06
1.05797e+06
342247
485510
-873807
-741257
-512347
-456437
-242601
-156781
188114
54904
-1.22115e+06
-978801
-332767
-439405
-1.19125e+06
-1.04281e+06
-897051
-737304
925804
779934
518659
480199
1.30151e+06
1.03491e+06
324266
452934
-939396
-792511
-550332
-501957
-270390
-177911
160044
28522.6
-1.356e+06
-1.0866e+06
-404850
-509587
-1.18581e+06
-1.0344e+06
-916101
-751160
961571
805890
527582
492486
1.35352e+06
1.07825e+06
353717
482530
-940057
-794224
-540792
-492920
-151650
-80786.9
212604
82660.1
-1.40878e+06
-1.13173e+06
-424594
-524760
-1.2199e+06
-1.06575e+06
-931332
-772069
995975
836223
535061
496587
1.38542e+06
1.10878e+06
376997
496777
-962799
-813213
-554739
-512768
-59963.4
-4920.05
268580
120207
-1.51061e+06
-1.21623e+06
-454892
-583374
-1.19035e+06
-1.04006e+06
-927969
-763905
1.03745e+06
865083
539716
518344
1.45874e+06
1.1654e+06
404044
536500
-938428
-795689
-541299
-491543
55143.7
89561.4
322417
187897
-1.5689e+06
-1.26124e+06
-461652
-583828
-1.24425e+06
-1.09144e+06
-966322
-786656
1.09117e+06
908105
544196
526239
1.50435e+06
1.20225e+06
416764
550755
-935137
-790958
-535986
-499452
132768
152954
355431
212947
-1.60365e+06
-1.28625e+06
-460303
-604950
-1.28193e+06
-1.12247e+06
-997377
-815141
1.16575e+06
972002
567513
549995
1.57218e+06
1.26175e+06
431560
572513
-859578
-721890
-507336
-463291
280876
285279
427760
288438
-1.67185e+06
-1.33277e+06
-476874
-616931
-1.31121e+06
-1.14026e+06
-1.00765e+06
-830619
1.21553e+06
1.00704e+06
566832
573229
1.57738e+06
1.26131e+06
432642
578068
-921564
-780355
-551243
-486890
285517
281827
422223
301508
-1.85551e+06
-1.48758e+06
-562081
-686710
-1.29401e+06
-1.1334e+06
-1.02037e+06
-823219
1.23947e+06
1.02049e+06
588631
579939
1.58575e+06
1.26229e+06
448577
579707
-968940
-822434
-562393
-511404
250728
250418
427662
286506
-1.91455e+06
-1.53904e+06
-589537
-716733
-1.30135e+06
-1.14241e+06
-1.01414e+06
-835899
1.29401e+06
1.06976e+06
618511
593620
1.61184e+06
1.28808e+06
466582
590063
-972232
-827026
-566402
-532657
243235
246088
428906
276105
-2.00745e+06
-1.61173e+06
-641687
-771060
-1.26131e+06
-1.10473e+06
-1.01082e+06
-822022
1.44547e+06
1.19423e+06
694161
673233
1.75165e+06
1.40187e+06
524747
654647
-801671
-686310
-496859
-446011
320814
309704
457398
319647
-1.97676e+06
-1.58628e+06
-627834
-747017
-1.17676e+06
-1.03963e+06
-980273
-783533
1.59303e+06
1.31789e+06
776859
737203
1.84736e+06
1.48059e+06
581230
696562
-725646
-625176
-456455
-424314
370153
347131
485966
333341
-1.95377e+06
-1.56928e+06
-614190
-756213
-1.0757e+06
-957440
-938032
-747128
1.7699e+06
1.47299e+06
877604
827429
1.95808e+06
1.58032e+06
636924
756940
-632607
-538713
-409663
-371843
431909
412371
536181
376602
-1.95729e+06
-1.56165e+06
-600766
-741824
-987588
-876323
-880646
-700669
1.89321e+06
1.57231e+06
936690
907343
2.01726e+06
1.62664e+06
669849
795537
-663137
-568586
-438150
-369745
417752
394477
525717
384709
-2.05491e+06
-1.64961e+06
-642688
-775093
-889050
-801436
-847814
-651234
1.21829e+06
941588
124642
320093
1.07134e+06
831304
138312
297867
1.68506e+06
1.39895e+06
833052
806266
2.90624e+06
2.45928e+06
1.74999e+06
1.5671e+06
-807814
-614570
-42982.2
-197327
-1.50407e+06
-1.25566e+06
-764047
-747993
1.24011e+06
961677
151954
334874
1.09592e+06
851982
151629
312384
1.72446e+06
1.43687e+06
856545
824879
2.95404e+06
2.50707e+06
1.77695e+06
1.58788e+06
-761415
-575021
-10834.3
-172662
-1.4284e+06
-1.18951e+06
-712608
-705808
1.20832e+06
937100
156116
343191
1.12755e+06
877144
170319
336948
1.69755e+06
1.41213e+06
866111
834453
2.97625e+06
2.52146e+06
1.82249e+06
1.61844e+06
-885987
-678922
-38755.1
-203444
-1.49539e+06
-1.24665e+06
-733955
-720525
1.21207e+06
942442
169448
345568
1.103e+06
859246
174435
320408
1.69418e+06
1.41173e+06
879190
831640
2.97401e+06
2.52524e+06
1.84018e+06
1.62835e+06
-923887
-709319
-52054.4
-227608
-1.51723e+06
-1.26435e+06
-733974
-732491
1.27044e+06
991746
200029
379709
1.15916e+06
909810
218618
361834
1.72441e+06
1.43894e+06
898485
849924
3.00317e+06
2.55184e+06
1.86646e+06
1.65313e+06
-996203
-767431
-80052.3
-250354
-1.44603e+06
-1.20185e+06
-705166
-691377
1.2594e+06
981273
178477
380269
1.21288e+06
947764
206698
396311
1.78536e+06
1.48728e+06
913730
893570
3.03761e+06
2.58121e+06
1.87229e+06
1.67461e+06
-975619
-747482
-72434.6
-240026
-1.47485e+06
-1.22893e+06
-734390
-699959
1.35866e+06
1.05884e+06
199221
384923
1.29974e+06
1.01733e+06
222133
385054
1.89074e+06
1.57275e+06
949834
899107
3.14008e+06
2.66094e+06
1.89137e+06
1.68235e+06
-846895
-642876
-21219.6
-213273
-1.43516e+06
-1.19813e+06
-739411
-720226
1.40624e+06
1.09726e+06
221667
420745
1.31233e+06
1.02448e+06
213942
409554
2.00022e+06
1.66478e+06
995682
969930
3.23322e+06
2.73993e+06
1.91333e+06
1.73658e+06
-733968
-548895
32446.3
-143203
-1.39088e+06
-1.16165e+06
-721089
-678389
1.49204e+06
1.15965e+06
242290
436912
1.4098e+06
1.09554e+06
235623
422484
2.09423e+06
1.73025e+06
1.0284e+06
985604
3.37835e+06
2.84469e+06
1.97223e+06
1.77173e+06
-672966
-508219
62335.7
-132689
-1.33566e+06
-1.12926e+06
-727033
-690346
1.5163e+06
1.18694e+06
267732
463074
1.35397e+06
1.057e+06
221511
403079
2.18193e+06
1.81109e+06
1.08965e+06
1.04343e+06
3.41392e+06
2.88363e+06
1.99893e+06
1.8066e+06
-635420
-469275
87742.8
-95584.6
-1.36594e+06
-1.14624e+06
-730253
-692571
1.57489e+06
1.23606e+06
300588
503033
1.32975e+06
1.03853e+06
221626
418992
2.27341e+06
1.8874e+06
1.1282e+06
1.10162e+06
3.47133e+06
2.93118e+06
2.02449e+06
1.85029e+06
-669390
-495854
76698.5
-96912.5
-1.33622e+06
-1.11991e+06
-717580
-656273
1.54024e+06
1.20667e+06
271591
485117
1.28119e+06
995007
158944
391371
2.28776e+06
1.89836e+06
1.11849e+06
1.10955e+06
3.45724e+06
2.91828e+06
1.99473e+06
1.83578e+06
-690244
-507769
68540.6
-105412
-1.46866e+06
-1.23221e+06
-799089
-727546
1.52732e+06
1.19186e+06
264604
470470
1.25594e+06
971950
157930
349295
2.23098e+06
1.85267e+06
1.10467e+06
1.07214e+06
3.49136e+06
2.94334e+06
2.02246e+06
1.83162e+06
-698976
-519822
84740.4
-108216
-1.51994e+06
-1.27509e+06
-807844
-774455
1.51684e+06
1.18244e+06
265304
464130
1.21639e+06
940152
144627
341962
2.23575e+06
1.85946e+06
1.10329e+06
1.07072e+06
3.59586e+06
3.0353e+06
2.07814e+06
1.88469e+06
-717183
-531667
82875.7
-114558
-1.45519e+06
-1.21968e+06
-765276
-732181
1.48835e+06
1.16402e+06
272118
462147
1.2472e+06
971570
191625
356137
2.23712e+06
1.86112e+06
1.1328e+06
1.07853e+06
3.69823e+06
3.11926e+06
2.17574e+06
1.94181e+06
-767174
-575142
98270.2
-126619
-1.45835e+06
-1.21909e+06
-743504
-733101
1.53299e+06
1.20006e+06
270277
480242
1.25807e+06
981234
186350
370762
2.28449e+06
1.89701e+06
1.1254e+06
1.09897e+06
3.82029e+06
3.22491e+06
2.22105e+06
2.02056e+06
-765349
-571663
62282
-122159
-1.34117e+06
-1.12272e+06
-715540
-669436
1.50985e+06
1.17933e+06
235596
473621
1.21443e+06
947317
156177
361745
2.23778e+06
1.85802e+06
1.07454e+06
1.07636e+06
3.82317e+06
3.22687e+06
2.21187e+06
2.03194e+06
-934312
-712358
-39065.5
-200647
-1.34623e+06
-1.12703e+06
-747954
-666500
1.40719e+06
1.09828e+06
199887
407184
1.17503e+06
916953
138751
331721
2.21239e+06
1.83839e+06
1.07354e+06
1.04967e+06
3.83731e+06
3.24446e+06
2.2371e+06
2.02121e+06
-1.00532e+06
-762921
-44043.6
-247810
-1.45312e+06
-1.21331e+06
-782214
-738423
1.3919e+06
1.08403e+06
185843
412840
1.23942e+06
967612
164896
365745
2.22653e+06
1.85354e+06
1.09161e+06
1.07643e+06
3.94145e+06
3.33126e+06
2.29054e+06
2.0871e+06
-982267
-740501
-24192.2
-208236
-1.48927e+06
-1.24114e+06
-790792
-740100
1.319e+06
1.01768e+06
163101
356535
1.22363e+06
948816
159501
348049
2.17297e+06
1.80875e+06
1.07596e+06
1.04378e+06
3.98958e+06
3.37091e+06
2.32515e+06
2.10245e+06
-1.02791e+06
-778314
-32482.4
-239970
-1.52149e+06
-1.26994e+06
-784085
-760686
1.23285e+06
954265
89130.8
345260
1.1946e+06
929550
122613
347433
2.08462e+06
1.73613e+06
1.02016e+06
1.02052e+06
4.01216e+06
3.39223e+06
2.33466e+06
2.13482e+06
-1.15301e+06
-882775
-105160
-278729
-1.61298e+06
-1.34073e+06
-849023
-782999
1.15003e+06
871212
25120
267605
1.17545e+06
903972
98077.1
310223
1.99885e+06
1.65547e+06
972524
956998
4.01975e+06
3.39126e+06
2.33498e+06
2.12609e+06
-1.24928e+06
-969895
-171529
-341137
-1.69724e+06
-1.42081e+06
-902614
-844207
1.08849e+06
821946
-33288.5
216303
1.10665e+06
849800
48197.1
266491
1.90149e+06
1.57722e+06
901622
898979
3.99744e+06
3.37412e+06
2.30766e+06
2.1066e+06
-1.45714e+06
-1.1408e+06
-290563
-458040
-1.76322e+06
-1.47245e+06
-956785
-890254
1.16661e+06
878299
-8592.76
235264
1.24585e+06
956386
92339
318941
2.01018e+06
1.66042e+06
944801
936349
4.173e+06
3.51552e+06
2.38801e+06
2.17073e+06
-1.43095e+06
-1.12115e+06
-256003
-459755
-1.71182e+06
-1.43862e+06
-940881
-885073
1.16879e+06
881940
-6637.61
247207
1.23408e+06
946754
99791.9
318156
2.00506e+06
1.65728e+06
955795
946185
4.18481e+06
3.52586e+06
2.40827e+06
2.20353e+06
-1.44787e+06
-1.13353e+06
-238545
-440503
-1.7726e+06
-1.4893e+06
-952324
-899293
1.18908e+06
899515
-948.23
253874
1.24952e+06
960762
105638
322887
2.04892e+06
1.69885e+06
978048
960237
4.22101e+06
3.56183e+06
2.42287e+06
2.2112e+06
-1.38701e+06
-1.07882e+06
-196283
-410703
-1.75081e+06
-1.46845e+06
-932503
-882333
1.18441e+06
901996
-6643.98
253412
1.27938e+06
990813
115391
341130
2.04751e+06
1.70013e+06
983171
969259
4.28649e+06
3.61821e+06
2.45992e+06
2.24865e+06
-1.44516e+06
-1.12213e+06
-205990
-424248
-1.80357e+06
-1.50917e+06
-962704
-909377
1.20753e+06
915525
945.402
261850
1.29472e+06
999766
122474
344414
2.11914e+06
1.75588e+06
1.01845e+06
1.00303e+06
4.31149e+06
3.63624e+06
2.47868e+06
2.26603e+06
-1.38233e+06
-1.07072e+06
-172878
-386650
-1.81501e+06
-1.51924e+06
-955759
-908808
1.29228e+06
984814
25337.1
290076
1.3394e+06
1.04007e+06
148569
358947
2.22637e+06
1.84655e+06
1.05626e+06
1.03492e+06
4.41056e+06
3.7207e+06
2.52423e+06
2.30125e+06
-1.37471e+06
-1.06284e+06
-165582
-392896
-1.74117e+06
-1.4557e+06
-920533
-874130
1.27007e+06
964791
10158.3
282738
1.37267e+06
1.06389e+06
152415
390312
2.26945e+06
1.88186e+06
1.08648e+06
1.07677e+06
4.45063e+06
3.75503e+06
2.55385e+06
2.33516e+06
-1.36718e+06
-1.05262e+06
-141168
-371787
-1.82022e+06
-1.52004e+06
-955190
-899332
1.31274e+06
997368
22352.4
281251
1.46927e+06
1.14039e+06
186404
401200
2.33585e+06
1.93875e+06
1.11759e+06
1.09641e+06
4.54624e+06
3.83242e+06
2.59949e+06
2.36982e+06
-1.24812e+06
-955919
-79172.6
-327528
-1.85733e+06
-1.55021e+06
-961947
-931066
1.37018e+06
1.038e+06
28223.5
314082
1.55566e+06
1.20608e+06
200856
455271
2.36133e+06
1.95711e+06
1.11049e+06
1.11788e+06
4.60156e+06
3.88154e+06
2.61674e+06
2.41239e+06
-1.14724e+06
-873559
-45153
-261042
-1.85003e+06
-1.54626e+06
-963319
-905520
1.35768e+06
1.02585e+06
21409.8
287499
1.60341e+06
1.2417e+06
221240
447592
2.33775e+06
1.93289e+06
1.11692e+06
1.09156e+06
4.67266e+06
3.93129e+06
2.67462e+06
2.42256e+06
-1.18491e+06
-913402
-36134.6
-302325
-1.92373e+06
-1.61278e+06
-1.00102e+06
-967868
1.49471e+06
1.14032e+06
68298
346314
1.74404e+06
1.36132e+06
280108
512107
2.41906e+06
2.00226e+06
1.146e+06
1.12827e+06
4.79302e+06
4.0398e+06
2.73271e+06
2.5017e+06
-1.02137e+06
-770918
22181.2
-212522
-1.87509e+06
-1.56882e+06
-988733
-941019
1.55872e+06
1.18452e+06
58209
386449
1.80392e+06
1.40676e+06
280303
557774
2.43089e+06
2.00643e+06
1.11931e+06
1.14302e+06
4.8174e+06
4.05576e+06
2.72238e+06
2.5244e+06
-1.06873e+06
-814889
-38195.1
-222045
-1.87603e+06
-1.57368e+06
-1.02632e+06
-926784
1.49586e+06
1.12861e+06
31206.7
335383
1.79306e+06
1.39286e+06
257631
541650
2.45458e+06
2.02348e+06
1.1346e+06
1.14095e+06
4.83082e+06
4.06667e+06
2.73986e+06
2.51521e+06
-1.12743e+06
-858390
-47250.3
-262886
-2.01304e+06
-1.69193e+06
-1.08796e+06
-1.01107e+06
1.40317e+06
1.13843e+06
511951
582714
-1.32041e+06
-1.09215e+06
-623966
-611795
1.35062e+06
1.14326e+06
807220
722025
3.53489e+06
2.92808e+06
1.68763e+06
1.66451e+06
-840560
-601938
221010
-54060.4
-471371
-432062
-506586
-367155
1.38306e+06
1.11739e+06
469253
572931
-1.27782e+06
-1.06244e+06
-643234
-601952
1.37255e+06
1.15977e+06
797305
740596
3.58666e+06
2.96887e+06
1.68795e+06
1.69253e+06
-873989
-630471
191991
-63736.5
-543009
-494427
-562566
-397419
1.41398e+06
1.13685e+06
461068
543916
-1.21986e+06
-1.02048e+06
-636072
-605310
1.35234e+06
1.13916e+06
779382
705690
3.66563e+06
3.03199e+06
1.71943e+06
1.70249e+06
-946542
-693286
143785
-120575
-560128
-512090
-589297
-442799
1.35263e+06
1.08315e+06
431976
532443
-1.28644e+06
-1.07734e+06
-654389
-621353
1.23333e+06
1.03972e+06
747113
667659
3.58099e+06
2.96004e+06
1.70291e+06
1.68314e+06
-1.08857e+06
-815767
81848.3
-177593
-596350
-545473
-607967
-450754
1.31725e+06
1.06299e+06
420748
496709
-1.27972e+06
-1.0618e+06
-634380
-641231
1.2048e+06
1.02466e+06
751189
646709
3.60395e+06
2.98641e+06
1.71851e+06
1.68278e+06
-1.16113e+06
-871241
62755
-228633
-630521
-566642
-612996
-488156
1.28876e+06
1.04052e+06
402134
495871
-1.34723e+06
-1.11439e+06
-665118
-643238
1.17477e+06
1.00322e+06
731660
647657
3.61e+06
2.99377e+06
1.71526e+06
1.69706e+06
-1.20979e+06
-905287
30647.4
-238067
-619638
-552170
-605529
-459989
1.25892e+06
1.01413e+06
391652
494214
-1.43169e+06
-1.18697e+06
-706142
-668668
1.17463e+06
1.00269e+06
734050
654579
3.62275e+06
3.00563e+06
1.72788e+06
1.71637e+06
-1.2566e+06
-944951
17350.3
-254090
-665229
-595334
-631185
-465909
1.24948e+06
1.00527e+06
379660
477025
-1.46893e+06
-1.22253e+06
-742664
-704921
1.22013e+06
1.03829e+06
750571
672523
3.68381e+06
3.05121e+06
1.741e+06
1.73878e+06
-1.24565e+06
-934703
32017.8
-251392
-763569
-678905
-684527
-521742
1.27365e+06
1.02438e+06
390549
499251
-1.49274e+06
-1.2431e+06
-751978
-699705
1.23888e+06
1.05653e+06
775360
699002
3.76204e+06
3.11943e+06
1.78724e+06
1.78729e+06
-1.30165e+06
-976400
21025.1
-249262
-852991
-752813
-732582
-552726
1.24162e+06
994657
382259
478497
-1.59699e+06
-1.33197e+06
-790089
-754663
1.17659e+06
1.00236e+06
759908
666442
3.7277e+06
3.08557e+06
1.77274e+06
1.76201e+06
-1.33217e+06
-1.00671e+06
15713.3
-278554
-889870
-788556
-767279
-591134
1.28686e+06
1.03343e+06
385382
489342
-1.58432e+06
-1.31854e+06
-795931
-769171
1.21269e+06
1.03443e+06
761951
676364
3.84169e+06
3.18109e+06
1.80229e+06
1.79423e+06
-1.24151e+06
-934663
50744.1
-246166
-870872
-773741
-777108
-607729
1.29668e+06
1.04139e+06
377552
492370
-1.6776e+06
-1.39366e+06
-846725
-802006
1.2596e+06
1.07159e+06
759795
686971
3.9268e+06
3.25127e+06
1.82506e+06
1.82804e+06
-1.22011e+06
-911444
50988.1
-230602
-810856
-722131
-757004
-574956
1.22631e+06
979561
332919
451247
-1.78185e+06
-1.48395e+06
-907854
-860946
1.18269e+06
1.00505e+06
712670
641837
3.92591e+06
3.25055e+06
1.82304e+06
1.83532e+06
-1.30658e+06
-985319
3859.39
-269784
-753641
-680907
-746693
-559516
1.15882e+06
923665
314249
430250
-1.80507e+06
-1.50469e+06
-920460
-870966
1.16534e+06
989779
710058
642419
3.99844e+06
3.31122e+06
1.86217e+06
1.87446e+06
-1.38807e+06
-1.05122e+06
-11781.1
-292948
-774881
-698329
-747434
-562703
1.13352e+06
907035
323762
404684
-1.847e+06
-1.53787e+06
-920866
-899803
1.12122e+06
956980
710690
612456
4.04117e+06
3.35187e+06
1.91115e+06
1.8935e+06
-1.51372e+06
-1.14815e+06
-54230.1
-352662
-738310
-665166
-717562
-559790
1.10174e+06
881354
328669
418178
-1.89922e+06
-1.58031e+06
-922282
-898782
1.0539e+06
902478
695778
604343
4.08028e+06
3.38218e+06
1.94199e+06
1.92564e+06
-1.59931e+06
-1.2223e+06
-75636.4
-380085
-603745
-554626
-650468
-483690
1.04983e+06
846188
330145
399058
-1.89683e+06
-1.5693e+06
-899023
-906987
1.0594e+06
913848
709761
603056
4.19434e+06
3.48131e+06
2.00163e+06
1.97031e+06
-1.62e+06
-1.23596e+06
-52002.8
-388344
-561827
-515726
-609679
-466830
981075
792673
303635
374974
-1.99729e+06
-1.6493e+06
-949557
-939383
1.04549e+06
899996
694499
594333
4.23288e+06
3.51357e+06
2.01137e+06
1.99239e+06
-1.68961e+06
-1.28618e+06
-83953.4
-407986
-526192
-479648
-587968
-433773
980830
786100
305445
366348
-2.02627e+06
-1.6772e+06
-961474
-956233
1.03702e+06
884957
675292
578138
4.20408e+06
3.48464e+06
2.00693e+06
1.9793e+06
-1.78579e+06
-1.3665e+06
-115961
-448864
-508795
-473945
-587504
-427905
1.01905e+06
816292
312164
390399
-2.00246e+06
-1.65913e+06
-953253
-935620
1.03418e+06
881751
669878
591647
4.22147e+06
3.49935e+06
2.02826e+06
2.0065e+06
-1.85336e+06
-1.41988e+06
-128248
-462746
-587404
-539542
-624508
-449972
1.02018e+06
816009
307186
378409
-2.09566e+06
-1.73509e+06
-988710
-972600
922065
789280
618202
533581
4.14859e+06
3.44558e+06
2.01661e+06
1.98205e+06
-2.07669e+06
-1.59832e+06
-226426
-553273
-735096
-661983
-699097
-527978
1.04923e+06
838550
307311
385937
-2.15124e+06
-1.78168e+06
-1.00993e+06
-1.00495e+06
805032
690621
553206
472799
4.06155e+06
3.37213e+06
1.9802e+06
1.9427e+06
-2.18323e+06
-1.69201e+06
-281643
-621035
-759911
-685525
-733278
-553062
1.11009e+06
891963
328582
402480
-2.14628e+06
-1.77464e+06
-1.00155e+06
-1.00943e+06
745849
643973
525163
444115
4.0633e+06
3.37507e+06
1.98263e+06
1.93924e+06
-2.18022e+06
-1.69149e+06
-276356
-629148
-801100
-718272
-756789
-589998
1.23367e+06
988829
378529
460662
-2.15662e+06
-1.784e+06
-1.00372e+06
-1.00167e+06
817239
696198
533955
461290
4.15193e+06
3.4452e+06
2.01962e+06
1.97715e+06
-2.10456e+06
-1.62912e+06
-242750
-590169
-694259
-630890
-704742
-529645
1.28928e+06
1.03347e+06
406661
496198
-2.14124e+06
-1.77189e+06
-997838
-992376
923946
783006
587278
508261
4.2064e+06
3.48811e+06
2.06316e+06
2.00792e+06
-2.05915e+06
-1.59359e+06
-207882
-560794
-614807
-572508
-679312
-497827
1.28506e+06
1.03576e+06
396813
482541
-2.12256e+06
-1.75142e+06
-993807
-1.00015e+06
1.00036e+06
853568
622117
539609
4.21482e+06
3.50032e+06
2.07166e+06
2.01029e+06
-2.06593e+06
-1.58971e+06
-192304
-565564
-692303
-631395
-721113
-541094
1.33134e+06
1.06441e+06
405172
497650
-2.08903e+06
-1.73058e+06
-982447
-973166
1.06643e+06
900459
647322
575958
4.26389e+06
3.53685e+06
2.09913e+06
2.04194e+06
-2.09142e+06
-1.61346e+06
-204554
-562513
-686148
-634438
-738688
-548899
1.39291e+06
1.11948e+06
439231
530313
-2.04017e+06
-1.68575e+06
-946743
-947431
1.16921e+06
988035
700681
618763
4.30983e+06
3.57927e+06
2.13356e+06
2.06771e+06
-2.00934e+06
-1.54226e+06
-162024
-528021
-544225
-515634
-691092
-493336
1.38077e+06
1.10748e+06
423045
543048
-2.04253e+06
-1.68967e+06
-947754
-933895
1.19085e+06
1.00142e+06
705902
649341
4.3464e+06
3.60606e+06
2.14497e+06
2.09862e+06
-2.04032e+06
-1.57607e+06
-174908
-515791
-580306
-550336
-726096
-499792
1.24061e+06
990473
370672
483141
-2.20708e+06
-1.82414e+06
-1.00354e+06
-996084
1.15641e+06
975148
686193
632443
4.31373e+06
3.582e+06
2.14058e+06
2.08574e+06
-2.1532e+06
-1.66658e+06
-210996
-569688
-624836
-586821
-740124
-519831
1.19018e+06
952032
355357
427821
-2.27101e+06
-1.8762e+06
-1.02969e+06
-1.05432e+06
1.14153e+06
964407
679861
597005
4.35808e+06
3.6255e+06
2.1605e+06
2.09373e+06
-2.20382e+06
-1.70102e+06
-225558
-605519
-568544
-542798
-721771
-527553
1.25876e+06
1.00634e+06
385147
471001
-2.18877e+06
-1.81253e+06
-1.00709e+06
-1.01128e+06
1.23051e+06
1.03463e+06
718776
652943
4.47673e+06
3.71967e+06
2.21269e+06
2.15881e+06
-2.18648e+06
-1.68554e+06
-194521
-575973
-512785
-499198
-700229
-487065
1.34505e+06
1.08207e+06
438512
509017
-2.13295e+06
-1.76287e+06
-973666
-980643
1.28582e+06
1.08704e+06
765133
683373
4.60708e+06
3.83503e+06
2.29769e+06
2.22343e+06
-2.1994e+06
-1.6841e+06
-169604
-566217
-431563
-428117
-656218
-455795
1.48432e+06
1.20225e+06
521725
583331
-2.03955e+06
-1.68439e+06
-918499
-935690
1.39204e+06
1.17879e+06
828880
741170
4.75378e+06
3.95938e+06
2.372e+06
2.30129e+06
-2.07366e+06
-1.57645e+06
-88969.6
-500019
-200003
-234841
-555492
-351281
1.57187e+06
1.27499e+06
567534
634563
-1.96015e+06
-1.61794e+06
-882725
-904314
1.45881e+06
1.23439e+06
863696
775427
4.89019e+06
4.07232e+06
2.43495e+06
2.36169e+06
-2.03611e+06
-1.54731e+06
-52973.6
-459750
-127485
-176302
-522042
-316326
1.60265e+06
1.29889e+06
587114
646112
-1.9723e+06
-1.62843e+06
-886921
-912581
1.50181e+06
1.26673e+06
878193
783264
4.96456e+06
4.13119e+06
2.4697e+06
2.38716e+06
-2.07838e+06
-1.58258e+06
-58350.5
-490226
-29152.6
-95202
-478211
-278032
1.13712e+06
913614
365272
428545
360326
301620
199581
167746
1.6345e+06
1.34658e+06
727923
730472
425622
429214
718718
462639
-851796
-694969
-303250
-370172
405297
364036
402835
289734
1.16216e+06
930724
375505
442179
413671
345142
236225
204298
1.62128e+06
1.33735e+06
736262
728756
478708
477247
760693
501715
-826784
-671558
-285369
-344463
421271
377520
421740
309851
1.10748e+06
890472
345227
428662
384194
322217
203637
202462
1.65331e+06
1.36333e+06
729697
751101
472992
473615
764446
512425
-807700
-656910
-292135
-331531
367034
339910
407643
306539
1.13791e+06
915384
345043
427755
419051
348440
204547
207081
1.74636e+06
1.43541e+06
746117
781059
574430
558066
800523
548213
-676461
-547541
-244114
-289661
401846
369827
420274
309173
1.14443e+06
916369
328087
442389
396610
329756
183622
203297
1.77579e+06
1.45676e+06
734725
791657
667615
635355
835969
600707
-579499
-470620
-218688
-230314
446010
406496
440805
347233
1.0833e+06
866676
293484
388248
380020
314955
169526
177611
1.79741e+06
1.47282e+06
735261
786513
756709
706827
875847
629141
-531397
-432453
-199163
-232273
398532
368164
426368
312458
1.10136e+06
876338
283763
403649
365897
302873
169790
173241
1.77203e+06
1.45084e+06
716962
771268
826315
764807
900736
667354
-503589
-413768
-205012
-209706
407103
370684
433809
321219
1.07292e+06
842760
257009
379129
434389
353615
192969
198100
1.73527e+06
1.41909e+06
701191
750701
880265
807510
921353
691847
-561436
-465200
-246922
-235696
419652
376453
436444
324503
982719
777446
229609
338931
423123
347576
191565
200130
1.75359e+06
1.435e+06
710447
762166
887611
812176
930590
693614
-693057
-573609
-294875
-301648
316704
300430
414567
289797
925714
736851
215115
310867
383223
320490
181166
179374
1.74205e+06
1.42682e+06
707682
754689
915063
840375
950152
696463
-708785
-578111
-289453
-317245
296724
292236
418585
272827
972668
770898
228166
332215
447594
373223
207374
205110
1.79752e+06
1.47027e+06
725451
773382
1.04225e+06
944650
1.00404e+06
756256
-658656
-538956
-267921
-277253
387844
366338
465966
320201
925512
737220
216944
313557
450431
375273
216276
213663
1.80317e+06
1.47772e+06
742810
787723
1.14056e+06
1.02583e+06
1.05572e+06
805862
-721663
-588443
-275573
-308542
363028
347539
467169
316404
956375
763400
227181
330707
447854
375317
225536
214888
1.79561e+06
1.47439e+06
734385
784418
1.15274e+06
1.03499e+06
1.06225e+06
828037
-704265
-572776
-286370
-303010
398361
376914
485118
348014
987577
780582
237545
335350
489729
405448
246431
231140
1.76994e+06
1.44978e+06
713775
764580
1.1212e+06
1.00831e+06
1.04198e+06
810243
-739676
-607065
-317772
-327714
403838
375497
480818
342937
1.03868e+06
825746
259762
361975
596972
494887
295066
285429
1.83232e+06
1.49966e+06
739946
789781
1.12103e+06
1.0073e+06
1.05381e+06
808624
-763141
-626857
-322453
-339547
334027
321579
452626
319445
971669
773064
238177
335813
553269
463265
288200
275133
1.78075e+06
1.45882e+06
727283
767215
1.08003e+06
976867
1.04519e+06
788042
-808368
-659919
-333512
-361362
275849
274533
422036
281510
943062
745200
221020
323250
577446
481332
300156
285751
1.78805e+06
1.46352e+06
731472
770915
1.09678e+06
988855
1.05401e+06
800087
-830086
-678101
-338228
-357774
233709
236733
403976
268148
908798
723570
212468
304658
593465
498396
321815
297877
1.77036e+06
1.45271e+06
735368
769995
1.08286e+06
980249
1.05968e+06
798529
-915260
-745359
-364181
-399596
134627
157785
353166
215618
918147
723814
225965
317292
569082
474315
319853
290364
1.80225e+06
1.47447e+06
750954
786143
1.13627e+06
1.01987e+06
1.09123e+06
825853
-897214
-739241
-368053
-393489
207189
209139
394059
243548
955259
748981
247027
322374
639954
528199
347363
309327
1.84665e+06
1.51004e+06
772318
799119
1.20996e+06
1.08147e+06
1.1254e+06
859307
-884744
-731860
-367571
-396868
318773
299038
450179
290995
942223
754136
263638
343758
620358
520116
340229
319389
1.93348e+06
1.5876e+06
815057
852169
1.21806e+06
1.09531e+06
1.15192e+06
878929
-934816
-766309
-368861
-404514
243742
250367
443717
287880
859162
686712
225522
314126
547943
461953
297566
286966
1.90231e+06
1.56173e+06
795033
840210
1.18743e+06
1.07416e+06
1.14194e+06
865881
-983783
-801518
-394387
-423712
245736
255244
431605
281344
804279
636040
192584
281443
500579
418060
258317
249939
1.94128e+06
1.58839e+06
789835
837180
1.24473e+06
1.11821e+06
1.15986e+06
885554
-987825
-810282
-414828
-433556
301032
296831
447921
301194
717194
569366
153696
241785
438625
365820
216926
218761
1.96009e+06
1.60482e+06
795760
850851
1.27575e+06
1.14471e+06
1.17923e+06
904486
-1.07467e+06
-881742
-451030
-476359
278190
276569
422223
284010
733924
577453
154815
243535
434602
359157
216411
209572
1.92764e+06
1.57484e+06
783055
838162
1.27251e+06
1.13595e+06
1.17964e+06
912265
-1.08685e+06
-896199
-458096
-485561
314640
296991
434062
300140
814084
638164
171621
269247
519190
426975
246629
243941
1.9024e+06
1.55512e+06
768588
822603
1.3038e+06
1.16558e+06
1.18444e+06
925180
-1.07703e+06
-888328
-454330
-481421
352457
326514
438980
315631
800716
631780
167814
267045
560195
462132
255727
266728
1.89283e+06
1.54977e+06
770666
822729
1.27882e+06
1.14573e+06
1.18527e+06
915854
-1.13299e+06
-931340
-459342
-496269
298760
286437
416210
296949
716825
567882
138447
234571
527773
438418
241743
255240
1.83056e+06
1.50065e+06
749592
804200
1.22671e+06
1.10748e+06
1.16437e+06
898344
-1.17314e+06
-954791
-463338
-502444
247298
248595
392226
267956
709699
560589
124106
222382
571652
474101
246765
261650
1.82549e+06
1.49641e+06
742390
789257
1.23335e+06
1.11117e+06
1.15221e+06
887745
-1.1667e+06
-949383
-451252
-496986
257057
254315
387183
266911
691628
545394
121395
218026
624292
513760
268422
290105
1.81067e+06
1.48377e+06
750091
798281
1.23459e+06
1.10873e+06
1.16181e+06
896452
-1.20391e+06
-979317
-443644
-501366
209562
212616
363988
245802
680680
532001
123762
210367
576814
474466
252586
257814
1.81884e+06
1.49132e+06
761639
794786
1.19724e+06
1.08077e+06
1.16186e+06
885062
-1.21775e+06
-988969
-462555
-502771
253460
247012
398940
260570
662583
518174
109889
203487
582761
480166
247297
261995
1.7753e+06
1.46218e+06
751207
790811
1.11043e+06
1.01733e+06
1.13174e+06
867500
-1.25991e+06
-1.0231e+06
-494883
-524279
277311
273742
422087
291586
702542
551231
119953
210022
603067
491511
227603
253786
1.89159e+06
1.55329e+06
795484
830112
1.07251e+06
983811
1.12253e+06
833673
-1.20576e+06
-984539
-478667
-522966
279956
278413
436996
295371
724925
567275
135245
230923
634910
516394
240606
273443
1.96237e+06
1.60767e+06
833846
875175
1.06139e+06
974319
1.13854e+06
846032
-1.1698e+06
-953759
-457072
-490905
379190
357996
491564
339713
701806
546457
132948
216252
596190
484168
233181
249199
2.02172e+06
1.65611e+06
869833
892974
1.02919e+06
948134
1.14573e+06
833986
-1.17561e+06
-960501
-453931
-498825
492164
453378
560890
401020
714051
559021
127971
220166
621900
504554
226386
260346
2.10898e+06
1.73094e+06
910474
941289
1.05225e+06
971487
1.16953e+06
851864
-1.18424e+06
-965621
-459335
-501429
580668
525498
588467
436300
