143814
170930
607524
76265
40213.9
84051.7
547026
-45817
671320
667519
1.47361e+06
651399
-883606
-786016
-930309
-1.03367e+06
-76926.9
-26462.1
435176
-182473
359692
334054
540676
412594
163791
181973
648638
96937.3
56395.3
98927.8
596648
-46053.9
703789
690193
1.5384e+06
647025
-846571
-767103
-885663
-1.01572e+06
-22474
31019.4
512370
-141139
354392
333492
530124
377304
134053
162754
580023
63221.7
49110
90057.1
609134
-66197.9
709628
699503
1.5752e+06
665316
-857063
-778462
-907760
-1.03082e+06
19101.8
55680.4
558038
-98575.6
381153
351747
548669
415352
162364
190705
613178
109085
43185.1
88322.6
612901
-64751.2
723171
716137
1.58601e+06
686360
-853461
-765611
-908571
-1.00424e+06
30119.2
77222.4
578900
-71652.5
396840
378975
567166
453161
174262
186185
607200
112989
54619.8
94549.4
638455
-61594.7
731412
708984
1.58413e+06
682229
-843829
-770828
-917625
-1.00862e+06
39330
74519.9
569179
-66477.9
408327
365115
553870
447060
145226
165457
543139
87991
35417.6
79076.5
621000
-86644.6
699178
679376
1.52741e+06
644299
-879350
-804492
-971054
-1.04527e+06
37060.2
71895.8
551489
-72530.1
363651
324003
450046
405050
152115
161067
545731
94335.1
29127.1
74014.3
607949
-84553
690460
683563
1.53783e+06
651593
-890122
-796617
-965103
-1.04618e+06
28724.1
72175.1
560328
-67940.2
345811
310500
437049
400942
154383
176838
579421
121598
36519.9
86925.3
619302
-60481.7
721298
721182
1.62203e+06
679376
-850717
-748863
-881408
-988487
72218.9
123199
631673
-11902.7
337684
319555
430385
395724
157253
172576
560801
79143.6
79693.8
117257
674246
-55625.3
748529
739298
1.69758e+06
673734
-787869
-705193
-802565
-967005
129669
159806
708556
5962.32
400546
358968
498495
431694
158743
180148
636175
91792.4
86099.4
123353
734221
-41241.3
742067
740414
1.75969e+06
667936
-761970
-670592
-692089
-926238
143343
185707
810914
31551.8
409145
380972
560458
460220
169136
194219
646457
117441
80395.2
126990
715327
-29144.8
748354
756287
1.78419e+06
683521
-725289
-629568
-630814
-874017
150446
197114
824742
52039.5
412882
386008
564807
470329
167659
198911
639109
108137
103583
147499
732146
-11733
751723
757229
1.81248e+06
668362
-698282
-603171
-587024
-857259
159412
205881
833576
45109.9
428700
397537
569437
478733
214534
234090
679387
162151
126936
176106
755402
32193.9
779381
791161
1.87911e+06
717925
-656784
-567596
-534081
-790142
190013
229128
855940
105806
473934
439001
653710
550592
238327
240507
722364
177730
167883
205996
846432
55760.3
845204
848192
2.00225e+06
748516
-606080
-532555
-480604
-765045
243983
272789
920750
133062
510233
469542
722242
544030
211000
231558
668147
159970
164668
211051
868959
53885.8
864944
865895
2.05703e+06
785855
-605863
-533368
-488421
-751013
249097
270942
916707
153130
541002
498562
771686
594209
220301
232222
654940
174487
147225
188096
847310
27205.2
857479
860976
2.04731e+06
772761
-619831
-545362
-530697
-758764
214820
241082
847578
121660
548490
510867
778215
609947
199740
205449
588111
154955
140459
189121
840425
26103.6
859167
867416
2.04536e+06
779428
-639082
-565922
-583449
-776615
171084
204502
764258
80497
563383
518022
769452
630187
171208
176772
516375
126108
145663
188334
849344
24919.2
857057
853402
2.02949e+06
764573
-651955
-587762
-630695
-794739
167293
186654
731701
67325.1
557286
501445
732223
612032
164717
169860
520982
107599
139084
189422
872147
11844
852286
861198
2.07468e+06
761912
-672941
-595912
-625050
-811362
137582
168885
729985
45312.8
552617
505260
764262
622936
144328
152847
526908
103143
129340
181060
899557
2523.66
871980
878568
2.12805e+06
774881
-677980
-600863
-626630
-816495
147563
187812
754066
60599.1
565779
522851
782502
633832
122615
147067
448525
77264.1
117211
179175
891153
-25161.7
874525
890771
2.123e+06
782414
-691478
-609370
-686757
-836589
161269
199863
728246
69254
625260
582803
825393
705854
141588
159698
499659
100396
128273
184928
946540
-16125.6
906378
915548
2.19362e+06
812865
-675218
-593977
-636559
-809897
175714
215150
781740
91392.1
685567
641670
929744
780664
121626
121994
460452
63602.8
122341
174503
964420
-36228.6
886983
883302
2.16677e+06
774009
-692854
-629821
-664610
-846444
155259
181033
757755
57679.4
697219
624441
909059
777793
65746.1
83128.9
368371
14092.6
93674
156379
947581
-67456.6
834496
840836
2.0985e+06
718791
-761348
-682995
-772233
-915539
114701
151807
688224
13693.8
672461
608480
839471
763675
49578.1
55659.9
340036
-6096.67
86858.9
138918
948032
-78324.1
825378
836147
2.10567e+06
724953
-767598
-693121
-763798
-920885
125762
148613
711528
23795.6
650312
582045
820544
743084
32755.3
63223.8
320544
-9077.84
61793.4
136115
909800
-97549.6
833661
850393
2.08959e+06
730284
-778163
-696524
-780357
-941050
138103
181147
728018
35788.1
620090
574640
750312
709829
28842.2
58660.9
283391
-5409.37
67839.1
136271
925610
-92628.2
855025
866572
2.0854e+06
775060
-779449
-699977
-777615
-936691
178150
205296
780882
80446.8
662417
605496
793073
768651
58298.8
87800.7
337602
23096.2
97410.3
167813
987631
-63645.3
890281
902306
2.11606e+06
817501
-756729
-666481
-720429
-906065
200177
235185
845538
101301
703315
651480
871514
811199
78042
87167.9
371647
37796.3
121579
177164
1.03302e+06
-43333.6
907159
898092
2.10199e+06
831275
-722215
-653676
-665654
-889230
221872
247811
882743
123578
728033
657211
905394
828409
57864.7
84254.6
311282
20459.4
114052
182592
1.00827e+06
-51896
890110
885699
2.0088e+06
828140
-754784
-677881
-725101
-919889
223303
250324
853550
119976
714230
647294
828737
821181
42818.1
56634.3
282790
19267.2
71632.7
139468
959271
-77373
848120
852458
1.95167e+06
809603
-823968
-732553
-798236
-967263
163449
192530
792549
87500.2
677207
614052
799311
814946
10208.5
31305.7
205359
-40621.9
31514.3
117451
881583
-147749
857329
873141
1.9463e+06
790634
-865834
-762929
-888038
-1.05184e+06
147036
198002
736859
40058.3
648036
596657
712140
745747
-34205.6
-19729.7
174405
-87951.4
35716.7
105796
970892
-156484
862088
862275
2.01139e+06
795067
-894883
-809057
-878702
-1.0833e+06
160435
184847
808444
44253.6
675208
604846
797306
780645
-99287
-77988.2
97465.5
-166124
-9427.15
66528.1
948494
-220499
834308
840046
2.00867e+06
749922
-965308
-864872
-948251
-1.16546e+06
103605
144259
783944
-25846.9
656749
598621
788614
759973
-115362
-84286.4
105263
-173655
4060.91
97044.7
1.0304e+06
-195857
842070
856848
2.05589e+06
765195
-970203
-861593
-916474
-1.16832e+06
88029.1
143780
811032
-36279.5
670392
610949
822967
779709
-114630
-91091.6
79171.2
-191194
62028.1
142000
1.11362e+06
-157662
871525
879177
2.09239e+06
778797
-975139
-876108
-943545
-1.19294e+06
121131
161644
847308
-28532.5
703054
632561
834861
798316
-314957
-264470
-39272
-426501
-96769.7
-81426.9
-54419.6
-121426
-90950.2
-44554.1
318030
-192486
-176032
-112195
357512
-327694
1.67607e+06
1.53867e+06
2.15207e+06
1.91077e+06
523138
508774
966099
539206
-253090
-210014
30404.9
-363830
-45915.3
-38791.9
32693.8
-69493
-46244.8
-13345.2
379590
-144310
-160943
-114249
378812
-312565
1.72756e+06
1.57236e+06
2.21152e+06
1.96455e+06
564555
527300
976626
587842
-266989
-217320
-23722
-361509
-49590.8
-40691.9
11951.5
-68517.2
-71544.4
-31745.6
326145
-169610
-200671
-139063
318598
-353307
1.71434e+06
1.56836e+06
2.16537e+06
1.95868e+06
552117
528226
951556
577803
-286109
-238820
-71054.3
-388125
-66951.7
-62953
-39472.1
-85707
-125222
-88190.4
250287
-231969
-235633
-177444
279661
-395126
1.69474e+06
1.53886e+06
2.12531e+06
1.92849e+06
519010
482071
886389
532721
-230730
-184629
20820.8
-319971
-38869.7
-31228
961.665
-50819.1
-110869
-66028.2
285785
-216861
-226457
-153939
324267
-389040
1.71764e+06
1.57737e+06
2.18708e+06
1.9603e+06
504338
488844
900000
514584
-196253
-143972
52968.7
-280852
-29477.9
-13717.2
3649.38
-32965.3
-103520
-55482.4
302724
-211296
-212317
-138281
374704
-381299
1.76152e+06
1.62006e+06
2.25699e+06
2.00626e+06
515967
498421
938273
519457
-190485
-169605
54809.3
-286223
-5127.23
-15759.3
39911.9
-21655.1
-125442
-100843
275176
-247765
-237975
-183614
352467
-419758
1.76183e+06
1.596e+06
2.2631e+06
1.997e+06
507935
467112
948946
509589
-189501
-157736
40892.7
-297524
-2192.74
-4253.25
67407.1
-35382.9
-147883
-116313
221010
-283396
-274276
-209094
300315
-466012
1.73606e+06
1.57728e+06
2.22431e+06
1.95053e+06
458464
416284
815266
451372
-240678
-209071
-20368.9
-345544
-24168.9
-27319.1
57492.7
-56109.6
-217750
-183102
144278
-355565
-337789
-271033
210180
-529090
1.68132e+06
1.52955e+06
2.17365e+06
1.89822e+06
375960
345805
715280
369517
-276190
-227273
-51799.8
-395730
-21102.9
-1702.01
73561
-45037
-262045
-203600
94442.6
-400085
-376093
-288922
158818
-566260
1.65949e+06
1.52716e+06
2.16759e+06
1.87098e+06
326328
311574
641868
311396
-254751
-215749
4519.12
-358385
29013.3
36306.4
162142
15944.6
-259061
-206723
111610
-389135
-368943
-290039
173441
-545258
1.67946e+06
1.54849e+06
2.24045e+06
1.90392e+06
294329
287655
628964
294219
-254162
-203648
1746.55
-357479
52210.6
74432.2
196863
49755.6
-240921
-175016
144919
-366478
-365251
-275246
159678
-532378
1.7199e+06
1.59832e+06
2.31758e+06
1.94407e+06
301406
303142
635746
301817
-276810
-230643
11872.3
-397123
65411.6
71409.3
236861
31671.3
-229574
-168940
183413
-362863
-356110
-270849
186693
-547190
1.73401e+06
1.60123e+06
2.37526e+06
1.93562e+06
327650
327502
706885
317830
-259152
-199006
38827.2
-371403
85745.9
106908
283522
68460
-190460
-131743
191707
-297224
-331772
-239353
206511
-495374
1.77087e+06
1.64393e+06
2.41587e+06
2.00127e+06
374376
368018
700918
401382
-284407
-239967
-4803.38
-406738
86400.7
86678.6
277394
53089.6
-216082
-173826
111508
-333896
-319338
-245907
184895
-493801
1.76395e+06
1.6225e+06
2.36535e+06
1.98113e+06
362171
341762
642262
374441
-326611
-271021
-43439.7
-473197
87172.8
102371
297130
49967
-247369
-199599
57755.8
-370177
-318355
-241638
196062
-502990
1.75224e+06
1.61384e+06
2.35405e+06
1.95861e+06
340333
310923
593029
334478
-362953
-318828
-72354.7
-506317
76731
76820.8
289171
34294.7
-274715
-230650
-6429.01
-388967
-335507
-257566
180837
-518971
1.7359e+06
1.59499e+06
2.33002e+06
1.94806e+06
284115
265441
497553
295567
-436407
-375472
-190332
-569924
25455.8
42560.8
224965
-924.896
-293978
-240353
-61868.3
-387164
-366771
-280297
137542
-535237
1.71862e+06
1.58201e+06
2.29873e+06
1.94396e+06
250203
231394
409498
276399
-450658
-378159
-198380
-591298
29943.1
45459.2
220719
-10835
-291144
-232891
-72861.7
-390940
-344734
-255950
183582
-527482
1.74033e+06
1.61044e+06
2.31561e+06
1.96244e+06
255143
250647
418087
272495
-400130
-323710
-116308
-539632
72469.3
88781.5
274221
52205
-236741
-191033
-31006.6
-318785
-295885
-217652
260336
-466218
1.79798e+06
1.65492e+06
2.3592e+06
2.04508e+06
296158
273490
430145
333249
-388614
-311996
-75336.6
-524727
78845.2
87395.6
262347
57986.3
-239305
-192497
-52253.1
-320652
-296580
-210656
268171
-467602
1.79389e+06
1.65122e+06
2.33159e+06
2.03804e+06
283249
271388
426392
313900
-358693
-287757
-13564.4
-497483
103270
101338
263156
99187.3
-232128
-201756
-74026.3
-303036
-265618
-188550
303041
-419918
1.81522e+06
1.65536e+06
2.33526e+06
2.07285e+06
292041
263015
433097
324945
-335868
-272073
20435.4
-487487
101954
91680.6
197120
86665.8
-242568
-206175
-140798
-320635
-246847
-164414
305889
-410893
1.80638e+06
1.65587e+06
2.26911e+06
2.05914e+06
257591
245095
376797
272516
-386884
-316545
-6651.75
-561692
45295.8
42781.4
122444
25373.8
-258913
-226813
-152389
-349357
-247933
-167243
348380
-424072
1.80209e+06
1.64655e+06
2.27372e+06
2.04816e+06
221491
204019
371217
214607
-382617
-311758
43023.9
-556263
88583.5
91615.6
199683
80012.7
-238900
-190420
-79725.6
-315266
-218431
-144579
394060
-398208
1.85785e+06
1.70359e+06
2.34234e+06
2.12433e+06
282662
278910
507747
297639
-396932
-311934
79303.4
-584888
92522.8
107468
273773
82283.2
-237937
-192431
-45609.1
-320298
-255351
-177518
375964
-435311
1.85894e+06
1.70372e+06
2.36967e+06
2.12849e+06
274943
259889
488999
291264
-384199
-298485
146333
-576428
165149
168496
401569
147329
-209567
-161456
35933.8
-299642
-229233
-149399
415781
-409206
1.90753e+06
1.75e+06
2.43487e+06
2.1753e+06
314159
306563
585452
323250
-383589
-289603
175603
-580472
197518
199740
448405
188381
-206659
-161169
44873
-290865
-208027
-128623
439385
-376023
1.93223e+06
1.76737e+06
2.44741e+06
2.21298e+06
345207
328443
622316
360424
-357665
-282927
220532
-557692
226797
217271
480874
213389
-200330
-153147
49253.5
-289751
-187013
-109334
464526
-357481
1.96267e+06
1.79811e+06
2.46938e+06
2.25042e+06
340649
331970
623880
353399
-381536
-298352
195212
-583808
203746
201646
448281
196254
-186028
-137441
80415.7
-274823
-176156
-97574.4
490372
-343943
2.00839e+06
1.83856e+06
2.52303e+06
2.30408e+06
341695
330196
637146
351223
-425133
-346738
146687
-631217
181316
172913
398253
168595
-205950
-164576
55556.7
-307863
-210240
-149540
439911
-408835
1.98721e+06
1.80734e+06
2.46586e+06
2.27411e+06
307456
290901
579992
301883
-438603
-343691
184119
-670221
198095
203631
496419
163101
-210090
-160187
111277
-329489
-242438
-163736
471524
-463312
1.98883e+06
1.82171e+06
2.51953e+06
2.25855e+06
274645
264086
562745
256358
-434792
-339584
208874
-647979
231538
228414
558176
212500
-198838
-148072
131953
-305974
-247621
-164886
485787
-452520
2.00255e+06
1.83369e+06
2.53928e+06
2.28724e+06
278533
275707
584050
271980
-416924
-317375
218852
-631924
279642
280347
583596
276336
-178879
-118730
148910
-270383
-244196
-149639
478015
-438779
2.03695e+06
1.87354e+06
2.56812e+06
2.33288e+06
286946
283959
571846
285610
-378367
-284627
272662
-570819
333381
322114
630126
348093
-127834
-76357.6
212933
-219945
-208043
-123788
528562
-400271
2.09861e+06
1.93077e+06
2.64423e+06
2.41196e+06
306317
312369
609726
311006
-372448
-270325
245359
-556171
355557
356382
637375
388043
-105076
-44706.8
260733
-191915
-207043
-109608
549102
-395994
2.13574e+06
1.97191e+06
2.69536e+06
2.4537e+06
334859
341566
673783
336766
-40624.7
-50766
-160349
-26293.1
111824
160428
870573
-28374.8
-597590
-589343
-1.23798e+06
-584602
380835
375271
895257
332984
-157520
-119669
93608.2
-249160
-788649
-707281
-754597
-957063
-73228.7
-73913.2
-181878
-61979.3
75144.9
126640
841217
-68486.1
-624269
-611472
-1.24288e+06
-613552
361728
369176
935505
313841
-175599
-130748
119756
-265599
-841403
-747608
-782457
-1.01569e+06
-112800
-112615
-262379
-98077.8
16612.1
72501.1
767354
-142357
-656239
-640918
-1.30833e+06
-652575
343677
350995
902772
286652
-214077
-164428
50223
-317296
-871419
-767250
-804306
-1.05638e+06
-79068
-88833.1
-253020
-59243.5
13214.4
68985.3
747647
-147315
-632284
-620577
-1.28814e+06
-628417
379904
390250
947966
329172
-175464
-124206
95464.4
-269732
-852384
-745332
-782346
-1.03164e+06
-86452.3
-92681.9
-269679
-66162.6
-11725.2
48969.3
722423
-173956
-625537
-616071
-1.26317e+06
-623549
422989
427236
1.03125e+06
368930
-137348
-93847.2
161116
-238319
-835179
-737839
-726123
-1.03546e+06
-108773
-120876
-308088
-101526
-42020.5
15666.7
699393
-223766
-659642
-651508
-1.29831e+06
-672972
409404
412344
1.03276e+06
340294
-169681
-128333
145333
-289226
-862583
-766427
-725147
-1.07767e+06
-110483
-107393
-308880
-84645.6
-51495.1
22520.6
702784
-212696
-656289
-628599
-1.28812e+06
-647500
397944
410497
1.04134e+06
337664
-157320
-104814
192501
-254985
-880943
-771138
-752584
-1.07867e+06
-75048.8
-80323.8
-274366
-50467.6
-25458
33741
706534
-187194
-618692
-598770
-1.24986e+06
-604532
405080
420252
1.05919e+06
348998
-122212
-81582.4
235401
-221035
-867831
-765396
-748113
-1.068e+06
-124570
-126513
-378739
-91858.1
-94371.9
-27937.1
596819
-259050
-645436
-633761
-1.31469e+06
-638717
357298
369536
969943
301546
-172922
-127229
140863
-273947
-896798
-793655
-798333
-1.10057e+06
-118031
-135628
-423782
-74947
-108556
-50722.9
540039
-273344
-651260
-645050
-1.32251e+06
-650185
359015
371371
946976
308501
-174662
-129733
119720
-271867
-891734
-787916
-801221
-1.08937e+06
-138403
-146085
-503970
-85166.1
-152816
-87488.2
441100
-310100
-675336
-656561
-1.36348e+06
-662394
345738
363962
915988
296095
-169530
-125777
98728.4
-260442
-893106
-792076
-822708
-1.09064e+06
-147499
-155104
-531967
-98664.7
-165694
-94098.2
421238
-324008
-665405
-640427
-1.3486e+06
-647689
353255
375711
936200
303311
-189717
-142254
83344.6
-288064
-895771
-788174
-821673
-1.08841e+06
-118237
-143907
-492372
-76917
-123947
-72244.4
502864
-291082
-680638
-678084
-1.37622e+06
-669200
380377
374634
975382
317133
-201135
-172383
82233
-309894
-921865
-840522
-864803
-1.12266e+06
-83956.9
-101540
-416416
-29693.5
-102018
-47058.7
556861
-267356
-698979
-693591
-1.43032e+06
-677419
382177
388018
995689
332230
-225240
-186653
64847.3
-334139
-948503
-849507
-902643
-1.14265e+06
-56807.5
-75581.2
-343220
-21277.6
-69673.4
-1943.84
669755
-246076
-712020
-702722
-1.4525e+06
-695333
381657
384833
993943
319501
-256706
-210194
51993.6
-384420
-954818
-854653
-877866
-1.16757e+06
-45544.7
-57442.5
-253439
-26238.6
-38424.9
38154.1
797763
-228549
-717228
-697335
-1.43438e+06
-710035
394136
415452
1.03906e+06
336443
-276295
-215279
88546
-415771
-974896
-852480
-858607
-1.18946e+06
-20260
-33808.9
-177850
-1112.28
1084.7
64838.9
897916
-199772
-718142
-707933
-1.43378e+06
-712630
435426
445232
1.10183e+06
376020
-281790
-229197
112949
-434697
-948188
-842800
-798436
-1.17677e+06
4932.07
-7225.22
-89419.3
12397.7
39009
100631
1.0031e+06
-168505
-741795
-740042
-1.47481e+06
-739306
454849
450356
1.14729e+06
384091
-321338
-268194
107299
-491778
-966148
-864284
-807500
-1.19482e+06
10830.8
15493.4
-47181.7
22693.9
17436.5
103131
1.0285e+06
-189908
-775524
-751233
-1.53329e+06
-765952
433273
445176
1.14141e+06
367064
-375688
-299733
84215
-547687
-1.01856e+06
-902663
-874510
-1.25726e+06
47077
46022
31808.5
60015
36178.4
119323
1.06952e+06
-168987
-754098
-735948
-1.51624e+06
-738632
450771
464440
1.19015e+06
385304
-381802
-302466
105597
-560839
-1.03589e+06
-917365
-876740
-1.28306e+06
62821.5
59732.1
62837
72678.6
40089.4
118264
1.09774e+06
-178771
-736750
-725793
-1.49151e+06
-725851
456568
468786
1.20842e+06
388749
-397722
-320533
106513
-589559
-1.04288e+06
-924425
-846246
-1.30563e+06
73863.7
66048.7
85072.7
79307.7
19720.5
103258
1.08585e+06
-204847
-745111
-728468
-1.49552e+06
-737608
465479
488078
1.24007e+06
401412
-427499
-339476
88787.2
-621395
-1.08182e+06
-949854
-858824
-1.35136e+06
90371.1
86023.8
110611
106087
21922.4
108830
1.10202e+06
-194452
-730699
-714184
-1.48032e+06
-710743
502094
518990
1.29207e+06
439733
-416467
-330598
117284
-610753
-1.08352e+06
-957352
-839520
-1.35912e+06
112443
112518
168831
121641
36886.9
123492
1.13753e+06
-181516
-710922
-694967
-1.461e+06
-684276
527866
543973
1.34517e+06
469517
-437157
-347783
112001
-637041
-1.09693e+06
-960640
-824822
-1.37324e+06
102540
90282
165013
108267
28738.9
115983
1.15205e+06
-204705
-727767
-715774
-1.49512e+06
-713129
530475
541785
1.36133e+06
457096
-448555
-351750
129290
-657680
-1.1441e+06
-999199
-859346
-1.42443e+06
96670.7
93353.7
172476
97550.3
35781.7
124869
1.17443e+06
-199908
-738681
-721560
-1.51217e+06
-719379
540551
560071
1.3991e+06
472207
-430510
-334672
173138
-643053
-1.15424e+06
-1.00788e+06
-875018
-1.43959e+06
102667
104069
200848
120048
55247.7
153219
1.25079e+06
-173479
-714771
-698197
-1.47547e+06
-690319
577705
597925
1.46299e+06
517939
-397571
-289936
248294
-596548
-1.12093e+06
-957910
-782998
-1.39004e+06
130214
121221
209941
146080
78619.7
168596
1.26928e+06
-152058
-696674
-687039
-1.46461e+06
-675333
632114
646380
1.51938e+06
579929
-347938
-248359
304727
-542256
-1.07354e+06
-919377
-745001
-1.33576e+06
114297
108122
175881
125161
65664.1
157636
1.24886e+06
-173617
-714297
-703117
-1.49159e+06
-697306
655997
667234
1.55217e+06
596178
-314045
-222314
341459
-516351
-1.04863e+06
-906623
-715938
-1.32939e+06
121950
115216
216099
119167
97289.4
189092
1.33156e+06
-150657
-709937
-701467
-1.47012e+06
-700753
695621
703412
1.63306e+06
635027
-298779
-209434
388507
-509325
-1.02647e+06
-886149
-660832
-1.30869e+06
168661
154919
286674
178338
154478
246795
1.42004e+06
-71400.8
-668451
-653602
-1.40655e+06
-644849
706487
704397
1.64974e+06
649677
-245014
-158630
475647
-436305
-998190
-860497
-636383
-1.2642e+06
234602
219877
366909
251312
237590
320589
1.49324e+06
28945.4
-599345
-587362
-1.32779e+06
-558361
722266
727184
1.64017e+06
680643
-176236
-93633.7
556181
-358274
-945192
-813512
-599388
-1.20058e+06
243463
222694
395908
258672
265084
342537
1.54614e+06
54899.1
-550258
-546403
-1.25573e+06
-511572
696334
697378
1.59864e+06
653546
-158735
-84285.7
590648
-342565
-897846
-770274
-522021
-1.14922e+06
195142
172306
331513
197132
234984
308613
1.49747e+06
14757.3
-565762
-564698
-1.25748e+06
-536248
650050
650364
1.51679e+06
603020
-202252
-128710
529627
-396942
-919119
-794848
-557800
-1.17634e+06
184865
171570
298801
208438
225366
307212
1.46119e+06
27906.7
-561009
-555336
-1.25326e+06
-513662
605517
613609
1.4383e+06
564710
-206691
-126680
510152
-381468
-912576
-789902
-569775
-1.15588e+06
192600
182144
315560
205817
268321
350501
1.50527e+06
78051.9
-535781
-529837
-1.23361e+06
-483569
591645
598207
1.40647e+06
549575
-204958
-121346
515437
-382652
-897025
-771313
-571164
-1.13037e+06
917813
849640
1.26332e+06
1.0181e+06
685831
681809
1.56542e+06
629653
-143953
-170099
-574070
-93354.4
-1.00932e+06
-963453
-1.71291e+06
-1.06562e+06
-1.25167e+06
-1.16763e+06
-1.77917e+06
-1.39174e+06
-791174
-815590
-2.00099e+06
-698778
892850
831085
1.24935e+06
979687
656745
668188
1.56175e+06
591582
-153352
-165328
-541636
-107697
-1.01902e+06
-964935
-1.70646e+06
-1.08233e+06
-1.2928e+06
-1.20459e+06
-1.83365e+06
-1.44464e+06
-852781
-870852
-2.0957e+06
-769503
852518
780193
1.19764e+06
930797
611622
609756
1.51354e+06
525725
-179784
-199835
-548938
-153398
-1.03692e+06
-991524
-1.73516e+06
-1.11068e+06
-1.36366e+06
-1.27753e+06
-1.93961e+06
-1.52506e+06
-915633
-933657
-2.19713e+06
-841952
860367
802565
1.20167e+06
978096
584924
602276
1.48094e+06
528462
-170952
-185408
-529517
-125203
-1.06751e+06
-1.01797e+06
-1.78638e+06
-1.11814e+06
-1.38285e+06
-1.28674e+06
-1.98196e+06
-1.52155e+06
-955158
-964155
-2.26843e+06
-868030
881222
826216
1.19607e+06
1.00099e+06
570063
594146
1.44571e+06
510951
-160714
-168072
-523396
-111140
-1.10806e+06
-1.0504e+06
-1.86591e+06
-1.16738e+06
-1.37971e+06
-1.28022e+06
-2.00189e+06
-1.51137e+06
-977938
-981530
-2.33012e+06
-879473
934432
882281
1.26893e+06
1.06607e+06
585351
611306
1.46254e+06
538038
-119116
-122733
-458550
-54708.1
-1.11594e+06
-1.05578e+06
-1.88289e+06
-1.16192e+06
-1.35728e+06
-1.25969e+06
-1.98204e+06
-1.48053e+06
-980743
-990098
-2.36715e+06
-882274
948911
874968
1.27538e+06
1.05939e+06
602193
609687
1.47196e+06
536748
-108006
-126945
-460932
-63055.5
-1.13466e+06
-1.0887e+06
-1.91823e+06
-1.2039e+06
-1.369e+06
-1.28055e+06
-2.02021e+06
-1.51082e+06
-995775
-1.00935e+06
-2.38263e+06
-909261
954499
889697
1.29792e+06
1.06906e+06
609946
626770
1.4914e+06
552768
-102559
-113557
-447931
-43784.1
-1.14828e+06
-1.09447e+06
-1.93129e+06
-1.2192e+06
-1.37675e+06
-1.27986e+06
-2.02785e+06
-1.50657e+06
-1.00289e+06
-1.0113e+06
-2.41005e+06
-901300
958046
888004
1.32072e+06
1.07238e+06
618438
626032
1.49955e+06
561766
-89444.1
-103356
-423444
-31685.5
-1.15029e+06
-1.0961e+06
-1.91595e+06
-1.22043e+06
-1.39309e+06
-1.29909e+06
-2.05908e+06
-1.52553e+06
-987084
-995464
-2.39987e+06
-882831
952079
875337
1.3113e+06
1.05741e+06
617871
620751
1.4752e+06
551845
-76745.8
-104034
-420023
-41172
-1.1743e+06
-1.13065e+06
-1.95389e+06
-1.26315e+06
-1.39241e+06
-1.29989e+06
-2.06479e+06
-1.54224e+06
-983117
-1.0023e+06
-2.41121e+06
-899014
940553
866898
1.31513e+06
1.03852e+06
608620
610705
1.48014e+06
537198
-85298.3
-117419
-432091
-47629.3
-1.22159e+06
-1.17613e+06
-2.01021e+06
-1.31894e+06
-1.37742e+06
-1.29088e+06
-2.01855e+06
-1.52918e+06
-985947
-1.01303e+06
-2.43113e+06
-894151
938915
879148
1.34722e+06
1.04628e+06
605937
617532
1.49335e+06
555128
-90156.1
-107735
-429916
-33989.2
-1.26049e+06
-1.19997e+06
-2.04908e+06
-1.34465e+06
-1.37331e+06
-1.27993e+06
-1.97752e+06
-1.51456e+06
-999524
-1.02083e+06
-2.46215e+06
-899438
934017
862899
1.32334e+06
1.04002e+06
616411
622995
1.50325e+06
554503
-123587
-150678
-501515
-77441.6
-1.31198e+06
-1.2464e+06
-2.12917e+06
-1.40261e+06
-1.40629e+06
-1.31174e+06
-2.02409e+06
-1.55421e+06
-1.03248e+06
-1.04994e+06
-2.48114e+06
-937105
943098
862831
1.30804e+06
1.04229e+06
659451
662215
1.55803e+06
602367
-157388
-180235
-561275
-109189
-1.31809e+06
-1.257e+06
-2.15866e+06
-1.41012e+06
-1.41225e+06
-1.31686e+06
-2.04572e+06
-1.55577e+06
-1.03287e+06
-1.05726e+06
-2.50514e+06
-929790
944810
881250
1.31353e+06
1.07451e+06
703390
710767
1.62419e+06
665697
-164078
-171765
-551163
-101254
-1.32203e+06
-1.24722e+06
-2.15765e+06
-1.39678e+06
-1.40979e+06
-1.30227e+06
-2.03479e+06
-1.53691e+06
-1.00006e+06
-1.00136e+06
-2.44103e+06
-876915
931676
843091
1.25465e+06
1.03683e+06
728336
719773
1.6427e+06
672524
-205635
-236480
-643961
-189768
-1.35363e+06
-1.30017e+06
-2.22089e+06
-1.46423e+06
-1.40997e+06
-1.32112e+06
-2.05758e+06
-1.57263e+06
-984189
-1.01528e+06
-2.43954e+06
-902171
873350
784279
1.17367e+06
971109
721512
708825
1.66123e+06
656761
-290263
-317867
-724823
-281263
-1.41113e+06
-1.35591e+06
-2.26814e+06
-1.53333e+06
-1.43472e+06
-1.34804e+06
-2.0554e+06
-1.59857e+06
-1.00482e+06
-1.03871e+06
-2.46345e+06
-914027
841029
785593
1.13768e+06
951924
726054
738988
1.69912e+06
675597
-346849
-340120
-789724
-324638
-1.45332e+06
-1.37003e+06
-2.29805e+06
-1.56368e+06
-1.4475e+06
-1.33508e+06
-2.04734e+06
-1.60082e+06
-1.0064e+06
-1.01885e+06
-2.47354e+06
-905611
839696
764082
1.11292e+06
942067
745109
733075
1.71464e+06
677357
-348416
-362585
-807163
-327156
-1.47347e+06
-1.40223e+06
-2.35404e+06
-1.59007e+06
-1.47123e+06
-1.38117e+06
-2.10876e+06
-1.64448e+06
-1.00247e+06
-1.02641e+06
-2.46638e+06
-898954
828120
757999
1.11539e+06
930295
732447
735872
1.73968e+06
667874
-365327
-372639
-826856
-338574
-1.48764e+06
-1.4137e+06
-2.36537e+06
-1.59827e+06
-1.52834e+06
-1.42374e+06
-2.15254e+06
-1.70009e+06
-1.02129e+06
-1.04396e+06
-2.51217e+06
-903097
816666
749845
1.13027e+06
921590
727208
725818
1.75526e+06
658729
-381689
-386142
-838235
-355638
-1.49983e+06
-1.42404e+06
-2.38705e+06
-1.60967e+06
-1.58339e+06
-1.47721e+06
-2.22312e+06
-1.76394e+06
-1.00849e+06
-1.02715e+06
-2.4998e+06
-886847
824532
766851
1.14751e+06
913131
734634
751283
1.78268e+06
650365
-393991
-395533
-860262
-394880
-1.52927e+06
-1.43748e+06
-2.42735e+06
-1.66275e+06
-1.61853e+06
-1.48816e+06
-2.23931e+06
-1.82465e+06
-995273
-1.00958e+06
-2.4954e+06
-895795
850503
775832
1.16984e+06
945905
757055
756624
1.83379e+06
669106
-399227
-414886
-883823
-390842
-1.53372e+06
-1.46297e+06
-2.44782e+06
-1.66937e+06
-1.60587e+06
-1.49429e+06
-2.19585e+06
-1.81701e+06
-966749
-1.00271e+06
-2.50697e+06
-845088
845191
787885
1.18444e+06
953675
738796
754257
1.85213e+06
663458
-432819
-434829
-931333
-407454
-1.58323e+06
-1.49995e+06
-2.50271e+06
-1.70682e+06
-1.65166e+06
-1.52661e+06
-2.20935e+06
-1.86163e+06
-976813
-1.01007e+06
-2.55259e+06
-840944
878275
802256
1.23928e+06
957068
773040
789292
1.94027e+06
681355
-445097
-442360
-943871
-435939
-1.59402e+06
-1.50694e+06
-2.49467e+06
-1.72483e+06
-1.65012e+06
-1.52077e+06
-2.16882e+06
-1.86577e+06
-971229
-1.00542e+06
-2.5145e+06
-841818
891442
823534
1.27997e+06
972396
812175
835379
2.02489e+06
727280
-447791
-434130
-931766
-429125
-1.59276e+06
-1.50585e+06
-2.49653e+06
-1.72181e+06
-1.6396e+06
-1.50043e+06
-2.14535e+06
-1.84524e+06
-966468
-994818
-2.53571e+06
-822191
994160
931327
1.46597e+06
1.09736e+06
947559
965188
2.23461e+06
880656
-353102
-338397
-772919
-322526
-1.49805e+06
-1.40048e+06
-2.34431e+06
-1.6018e+06
-1.53283e+06
-1.39292e+06
-1.97992e+06
-1.72042e+06
-846933
-868185
-2.34644e+06
-681804
1.05135e+06
957008
1.5631e+06
1.12358e+06
1.0133e+06
1.00051e+06
2.33557e+06
922775
-335451
-349116
-742250
-337066
-1.47494e+06
-1.41014e+06
-2.31499e+06
-1.61375e+06
-1.47841e+06
-1.36885e+06
-1.90375e+06
-1.69516e+06
-801408
-863895
-2.29407e+06
-674470
986874
895149
1.43329e+06
1.05849e+06
942085
939012
2.21119e+06
853780
-431238
-437218
-923207
-428624
-1.59948e+06
-1.52603e+06
-2.52785e+06
-1.74385e+06
-1.53756e+06
-1.4228e+06
-2.02011e+06
-1.74079e+06
-881346
-940348
-2.48644e+06
-730834
955663
881728
1.3734e+06
1.04621e+06
909184
918518
2.12359e+06
844168
-484720
-478838
-1.05588e+06
-456775
-1.68752e+06
-1.59943e+06
-2.69189e+06
-1.81505e+06
-1.5616e+06
-1.43729e+06
-2.10521e+06
-1.74532e+06
-923853
-977794
-2.64242e+06
-749608
943197
874545
1.33948e+06
1.04402e+06
937949
933918
2.11924e+06
877329
-494097
-500470
-1.08983e+06
-468563
-1.7042e+06
-1.61437e+06
-2.74994e+06
-1.81851e+06
-1.5733e+06
-1.46374e+06
-2.17264e+06
-1.75647e+06
-950457
-1.00281e+06
-2.71225e+06
-764996
921344
847473
1.28496e+06
1.02181e+06
931999
928725
2.10499e+06
876026
-529027
-529198
-1.12383e+06
-509833
-1.71675e+06
-1.63888e+06
-2.79468e+06
-1.83325e+06
-1.64786e+06
-1.53632e+06
-2.29707e+06
-1.84054e+06
-1.00796e+06
-1.06515e+06
-2.84154e+06
-822441
856379
791146
1.16764e+06
959182
891878
894828
2.01627e+06
838104
-590327
-579478
-1.19827e+06
-578073
-1.7675e+06
-1.67407e+06
-2.89214e+06
-1.88049e+06
-1.75102e+06
-1.62279e+06
-2.4624e+06
-1.94236e+06
-1.06979e+06
-1.11074e+06
-2.95742e+06
-880028
860296
793607
1.14556e+06
974627
891792
892843
1.97583e+06
847469
-597374
-590627
-1.20492e+06
-594951
-1.78432e+06
-1.69511e+06
-2.94867e+06
-1.89274e+06
-1.7925e+06
-1.66509e+06
-2.54981e+06
-1.99016e+06
-1.08485e+06
-1.13358e+06
-3.02252e+06
-899368
862795
787458
1.12651e+06
974653
893146
886409
1.97812e+06
845225
-612965
-607989
-1.19983e+06
-613486
-1.79919e+06
-1.71888e+06
-2.99409e+06
-1.9095e+06
-1.824e+06
-1.70369e+06
-2.59143e+06
-2.0213e+06
-1.09666e+06
-1.15464e+06
-3.07758e+06
-894831
882967
823683
1.15941e+06
1.00108e+06
905393
912074
1.99755e+06
858363
-624848
-603080
-1.19371e+06
-628276
-1.80835e+06
-1.7168e+06
-3.01953e+06
-1.91821e+06
-1.85907e+06
-1.72218e+06
-2.64306e+06
-2.06534e+06
-1.10009e+06
-1.1509e+06
-3.13106e+06
-898808
424070
341230
-36776.6
603909
190699
199626
625665
129511
-884780
-784412
-665909
-1.11489e+06
-679687
-645255
-1.01685e+06
-754791
272193
149233
-830609
555649
-1.09853e+06
-1.06276e+06
-2.00093e+06
-1.1431e+06
425336
341779
-20455.9
608965
136984
156381
581681
83266.8
-924930
-815572
-732164
-1.1453e+06
-712095
-671177
-1.0438e+06
-789275
233324
112692
-926519
527827
-1.13978e+06
-1.09749e+06
-2.00358e+06
-1.19024e+06
446617
362314
-7485.43
625253
175378
188315
593280
106198
-915669
-810472
-733640
-1.1458e+06
-712048
-669850
-1.05705e+06
-789829
265364
136652
-907328
559585
-1.18378e+06
-1.1331e+06
-2.07373e+06
-1.25138e+06
456815
377185
24921.3
642984
168846
196502
642227
101276
-922411
-805255
-721311
-1.15128e+06
-725830
-670605
-1.05522e+06
-811213
273947
164549
-890498
592125
-1.2031e+06
-1.13677e+06
-2.04141e+06
-1.27644e+06
495314
412168
65459
683554
214562
235287
745214
128949
-906563
-798568
-705073
-1.14172e+06
-731207
-679741
-1.04942e+06
-828963
331489
216496
-836398
659038
-1.19618e+06
-1.13165e+06
-1.99209e+06
-1.29386e+06
516966
427810
102747
707202
171501
201733
750404
88845.1
-932631
-818671
-730880
-1.15944e+06
-767100
-712761
-1.07267e+06
-856871
336656
202885
-889101
663437
-1.24205e+06
-1.17656e+06
-1.9994e+06
-1.33355e+06
526461
437457
113976
727563
167062
189874
736896
70949.7
-979095
-871151
-804937
-1.21361e+06
-795151
-738133
-1.10481e+06
-887268
319592
176477
-954139
652510
-1.26558e+06
-1.19035e+06
-2.04476e+06
-1.35071e+06
547362
467393
158197
750601
130929
175387
722624
45482.5
-1.00933e+06
-877920
-827273
-1.23676e+06
-775889
-706564
-1.03552e+06
-869131
305654
170624
-992730
641419
-1.25472e+06
-1.16966e+06
-1.99042e+06
-1.33753e+06
564726
469615
180205
758644
158644
189502
741161
50170.6
-1.00862e+06
-891964
-810147
-1.26515e+06
-773856
-712296
-1.01934e+06
-878804
299798
154968
-993653
626751
-1.27103e+06
-1.19299e+06
-2.02246e+06
-1.3672e+06
562111
461710
182670
748008
152427
189270
776585
46052.5
-1.04123e+06
-912831
-812017
-1.30497e+06
-779535
-714042
-1.00263e+06
-891072
273246
129587
-1.03815e+06
600502
-1.27893e+06
-1.20168e+06
-2.019e+06
-1.37741e+06
548631
446451
151099
744103
164119
192317
791568
49923.2
-1.07092e+06
-950726
-850140
-1.34299e+06
-797585
-734292
-1.03277e+06
-909901
236251
88951.2
-1.12062e+06
570504
-1.29274e+06
-1.21651e+06
-2.05233e+06
-1.39161e+06
572387
489525
192245
776890
156177
209229
831867
53647.5
-1.09002e+06
-940405
-847267
-1.34995e+06
-788326
-708788
-998487
-894149
211801
79741.1
-1.19151e+06
549969
-1.28795e+06
-1.19801e+06
-2.03392e+06
-1.37374e+06
621281
510419
250430
835577
188889
205975
880839
82706.7
-1.09545e+06
-988511
-877946
-1.35716e+06
-780695
-736994
-1.01304e+06
-881372
207529
52818
-1.22666e+06
558735
-1.25292e+06
-1.20348e+06
-2.04564e+06
-1.33152e+06
591706
505579
180335
811519
99615.8
152865
741677
758.018
-1.16939e+06
-1.02547e+06
-1.02581e+06
-1.42403e+06
-831802
-764884
-1.11699e+06
-938414
150739
23611
-1.37162e+06
510303
-1.32012e+06
-1.24947e+06
-2.18341e+06
-1.39541e+06
638071
514213
193732
856640
154979
170341
759106
44402.8
-1.16056e+06
-1.05264e+06
-1.05567e+06
-1.42624e+06
-814908
-775862
-1.13675e+06
-914909
190973
25899.9
-1.35828e+06
551093
-1.323e+06
-1.28015e+06
-2.27179e+06
-1.39545e+06
636480
540911
208644
862656
124261
173901
768612
13121.1
-1.21398e+06
-1.06684e+06
-1.10233e+06
-1.48359e+06
-839650
-766990
-1.15862e+06
-944920
169028
40677.7
-1.38184e+06
540285
-1.35568e+06
-1.28495e+06
-2.31992e+06
-1.42543e+06
713388
603733
314936
961012
181708
215547
882470
71208.5
-1.19203e+06
-1.06312e+06
-1.05564e+06
-1.4585e+06
-805577
-746365
-1.08675e+06
-906458
226278
86387.9
-1.29506e+06
613453
-1.33261e+06
-1.27715e+06
-2.29543e+06
-1.3965e+06
781217
673895
387359
1.02546e+06
174308
227882
897560
61641.3
-1.19262e+06
-1.04233e+06
-1.06519e+06
-1.45435e+06
-810026
-740657
-1.0931e+06
-911608
259607
117894
-1.30178e+06
641683
-1.34628e+06
-1.28037e+06
-2.34823e+06
-1.39706e+06
820526
704070
457080
1.05661e+06
225791
261672
983248
97191.8
-1.15e+06
-1.01592e+06
-972608
-1.42026e+06
-811887
-744683
-1.06791e+06
-925915
302359
144677
-1.20913e+06
676092
-1.32682e+06
-1.26496e+06
-2.32957e+06
-1.38859e+06
790772
677205
433179
1.02468e+06
162963
207987
908043
46137.3
-1.16088e+06
-1.01693e+06
-977641
-1.41492e+06
-836000
-766999
-1.08826e+06
-944185
259940
99193.6
-1.28785e+06
630565
-1.35242e+06
-1.28758e+06
-2.33539e+06
-1.40925e+06
794365
683029
464967
1.01713e+06
205445
249275
950615
73018
-1.11043e+06
-972911
-880092
-1.38493e+06
-821404
-747773
-1.05218e+06
-933836
290557
134470
-1.19537e+06
656267
-1.37267e+06
-1.3004e+06
-2.35874e+06
-1.44134e+06
769119
653032
432015
977035
189633
235138
946439
54224.5
-1.11359e+06
-969673
-854425
-1.39477e+06
-845654
-777175
-1.10521e+06
-966016
265614
107120
-1.24049e+06
626918
-1.39662e+06
-1.32812e+06
-2.39507e+06
-1.47221e+06
730286
619592
410292
921611
185235
228263
973668
22669.8
-1.10923e+06
-967660
-803240
-1.41149e+06
-910019
-835975
-1.19223e+06
-1.0465e+06
222981
70294.9
-1.28446e+06
572732
-1.44205e+06
-1.36718e+06
-2.44183e+06
-1.5381e+06
734343
627500
466511
937435
159636
210218
1.00874e+06
15735.2
-1.10039e+06
-951893
-741284
-1.38251e+06
-911010
-835865
-1.17449e+06
-1.02638e+06
201745
41972.4
-1.33388e+06
556629
-1.44452e+06
-1.37025e+06
-2.4159e+06
-1.51556e+06
691100
587334
411671
882667
152840
197283
1.00911e+06
-5989.19
-1.14225e+06
-1.00323e+06
-784184
-1.44948e+06
-966404
-893595
-1.27665e+06
-1.09359e+06
167236
14935.5
-1.35524e+06
517686
-1.47472e+06
-1.40638e+06
-2.46936e+06
-1.56446e+06
676519
583514
369639
880740
132735
190768
961579
-2126.27
-1.14489e+06
-984925
-798139
-1.43347e+06
-949108
-866507
-1.29024e+06
-1.05368e+06
183684
44181.4
-1.35721e+06
546595
-1.4871e+06
-1.40866e+06
-2.46607e+06
-1.56676e+06
659044
557194
323956
857750
172552
217526
975363
31605.6
-1.14086e+06
-995169
-770212
-1.44974e+06
-946477
-877316
-1.31307e+06
-1.05425e+06
224517
70455.4
-1.26625e+06
578746
-1.54169e+06
-1.46537e+06
-2.56419e+06
-1.63413e+06
640770
538842
283267
848443
179290
223780
991263
49844.7
-1.15398e+06
-997239
-758455
-1.46643e+06
-948269
-869948
-1.34443e+06
-1.04361e+06
237898
100152
-1.22717e+06
604795
-1.56969e+06
-1.49009e+06
-2.59925e+06
-1.65736e+06
596193
490530
187437
811092
169310
205839
967615
37787.1
-1.18071e+06
-1.03013e+06
-767599
-1.50285e+06
-983281
-911585
-1.42161e+06
-1.077e+06
248319
107585
-1.19298e+06
617291
-1.63224e+06
-1.55476e+06
-2.69249e+06
-1.72763e+06
594061
506911
137678
823530
145783
208683
920944
31658.6
-1.19196e+06
-1.0129e+06
-781282
-1.49565e+06
-985302
-899921
-1.45945e+06
-1.05899e+06
271444
136639
-1.20956e+06
647595
-1.66783e+06
-1.56761e+06
-2.76485e+06
-1.74083e+06
620211
514425
129977
859686
185872
218855
937482
65689.5
-1.20839e+06
-1.0604e+06
-821103
-1.51848e+06
-980294
-922638
-1.47569e+06
-1.06248e+06
263790
101894
-1.23995e+06
634449
-1.66698e+06
-1.58926e+06
-2.83355e+06
-1.74466e+06
673482
574971
162343
920403
205809
249650
949536
96646.6
-1.21104e+06
-1.04835e+06
-868476
-1.51583e+06
-939857
-882544
-1.43717e+06
-1.02803e+06
259395
102050
-1.29275e+06
618051
-1.64271e+06
-1.56458e+06
-2.82102e+06
-1.71968e+06
701323
581874
199913
959542
238566
267431
979280
129990
-1.20546e+06
-1.06087e+06
-841108
-1.51346e+06
-952837
-899881
-1.41604e+06
-1.03257e+06
255594
91703.3
-1.25426e+06
628104
-1.68035e+06
-1.60656e+06
-2.86883e+06
-1.75239e+06
725572
609284
199983
993361
264421
297425
1.02086e+06
161836
-1.22301e+06
-1.06937e+06
-872633
-1.53873e+06
-938563
-882203
-1.41378e+06
-1.02187e+06
255734
102343
-1.26683e+06
626182
-1.68139e+06
-1.60804e+06
-2.89274e+06
-1.75341e+06
772563
649469
228632
1.07178e+06
315208
336545
1.07796e+06
226676
-1.23223e+06
-1.08694e+06
-887328
-1.53527e+06
-942817
-889981
-1.42772e+06
-1.01126e+06
271918
113587
-1.24573e+06
658618
-1.68428e+06
-1.6168e+06
-2.92535e+06
-1.73935e+06
864847
740834
305061
1.16143e+06
365156
400166
1.15212e+06
281489
-1.21618e+06
-1.04939e+06
-884370
-1.51372e+06
-899219
-843274
-1.38637e+06
-969657
295329
134292
-1.26334e+06
668863
-1.65769e+06
-1.5829e+06
-2.93082e+06
-1.70596e+06
-511764
-526506
-1.50416e+06
-391562
-789350
-787041
-1.85585e+06
-705565
917093
826150
803056
1.13666e+06
1.87086e+06
1.6632e+06
1.63673e+06
2.28596e+06
836889
829399
1.69908e+06
822817
2674.28
37654.1
303609
-48392.3
-494367
-520677
-1.51096e+06
-367853
-783719
-793994
-1.88319e+06
-702517
920778
812782
787976
1.13715e+06
1.89382e+06
1.67443e+06
1.68163e+06
2.31042e+06
845236
827556
1.70644e+06
833416
20617.8
38890.2
292184
-28379
-454156
-493556
-1.48486e+06
-328551
-765276
-779266
-1.89269e+06
-688416
956798
842909
807387
1.17099e+06
1.9096e+06
1.68282e+06
1.67435e+06
2.33071e+06
898493
874203
1.76693e+06
886784
42908.7
58093.1
307607
-2761.25
-462343
-488732
-1.48807e+06
-340322
-779396
-781877
-1.92516e+06
-694027
984460
878555
863827
1.20704e+06
1.92466e+06
1.69845e+06
1.69825e+06
2.35465e+06
935712
904012
1.82188e+06
922965
59484.7
73720.1
340036
11745.8
-429345
-447856
-1.39678e+06
-279162
-773815
-778362
-1.89885e+06
-664610
1.03703e+06
937775
972736
1.2869e+06
1.96834e+06
1.75671e+06
1.77735e+06
2.41377e+06
957691
944726
1.89714e+06
964631
91670
122199
439608
63848.9
-385115
-433347
-1.38553e+06
-254575
-773535
-792812
-1.93104e+06
-689156
1.05385e+06
932511
940367
1.28536e+06
2.03281e+06
1.79939e+06
1.83475e+06
2.47291e+06
965187
936182
1.88148e+06
960817
121576
125468
404102
83077.3
-398812
-438891
-1.42057e+06
-242591
-801556
-815508
-1.98241e+06
-696746
1.05608e+06
936499
924901
1.31038e+06
2.02307e+06
1.79765e+06
1.80867e+06
2.47744e+06
954318
932590
1.85764e+06
975237
112533
123958
380697
90255.1
-356445
-409570
-1.42513e+06
-195635
-765698
-792278
-1.97304e+06
-666421
1.08854e+06
951835
890318
1.34839e+06
2.05601e+06
1.81536e+06
1.80621e+06
2.51079e+06
1.00394e+06
969340
1.86205e+06
1.0332e+06
177619
168206
413549
154987
-389711
-439494
-1.48544e+06
-240597
-822804
-846947
-2.06404e+06
-747937
1.06801e+06
934053
836208
1.31819e+06
1.97907e+06
1.74267e+06
1.65801e+06
2.42296e+06
993825
960748
1.82936e+06
1.01155e+06
120241
120999
343017
79599.7
-402434
-447148
-1.51345e+06
-257743
-856044
-867909
-2.11709e+06
-780718
1.07747e+06
940376
827536
1.3268e+06
1.95673e+06
1.71198e+06
1.61063e+06
2.39455e+06
1.03218e+06
987146
1.85707e+06
1.04949e+06
98045.3
93830.2
326329
40667.8
-431157
-488130
-1.55536e+06
-270588
-914464
-941839
-2.20095e+06
-823850
1.05132e+06
909486
783322
1.32812e+06
1.90493e+06
1.66585e+06
1.54211e+06
2.35775e+06
1.00416e+06
953203
1.80324e+06
1.04045e+06
34755
32700.2
272059
-15132.8
-418812
-463068
-1.5638e+06
-248114
-948365
-953269
-2.23686e+06
-860519
1.05673e+06
928323
733065
1.35033e+06
1.92209e+06
1.7021e+06
1.54482e+06
2.39664e+06
1.00101e+06
969443
1.7665e+06
1.05536e+06
51145.7
68987.5
276538
23501.4
-392858
-440547
-1.5381e+06
-249689
-944536
-954831
-2.22708e+06
-875320
1.08579e+06
941190
770908
1.35855e+06
1.98645e+06
1.74721e+06
1.61905e+06
2.45121e+06
1.04432e+06
1.00464e+06
1.82776e+06
1.07533e+06
93179.7
110044
342900
55322.6
-394840
-435756
-1.48131e+06
-256883
-950923
-947509
-2.16706e+06
-892699
1.04307e+06
907883
774662
1.30158e+06
2.00737e+06
1.76876e+06
1.69881e+06
2.46781e+06
1.04087e+06
1.00313e+06
1.91586e+06
1.05868e+06
111402
125140
410494
61624.4
-381124
-439072
-1.47151e+06
-237393
-932008
-936515
-2.15337e+06
-859718
1.04841e+06
909406
765169
1.32262e+06
2.03823e+06
1.78586e+06
1.68882e+06
2.52891e+06
1.06039e+06
1.01104e+06
1.94287e+06
1.08379e+06
134207
137783
430392
106830
-415681
-464607
-1.52241e+06
-269225
-931173
-932995
-2.1899e+06
-845314
1.05897e+06
920669
769669
1.32984e+06
2.0562e+06
1.79979e+06
1.66752e+06
2.5497e+06
1.07484e+06
1.02894e+06
1.98147e+06
1.09766e+06
118735
115779
384322
79666.9
-404962
-450305
-1.52165e+06
-267725
-904810
-916994
-2.20577e+06
-824517
1.09815e+06
957377
817587
1.37493e+06
2.10155e+06
1.84388e+06
1.69305e+06
2.60451e+06
1.10966e+06
1.06239e+06
2.02435e+06
1.12366e+06
109609
122327
376144
70354.3
-400575
-462180
-1.49667e+06
-266654
-909451
-926270
-2.16383e+06
-838376
1.07874e+06
932669
795571
1.35236e+06
2.15852e+06
1.89528e+06
1.76931e+06
2.67846e+06
1.09468e+06
1.05467e+06
2.05267e+06
1.11265e+06
137736
137852
400241
109312
-425963
-466645
-1.53429e+06
-274990
-935667
-939271
-2.2131e+06
-842825
1.0738e+06
940881
778404
1.35553e+06
2.19113e+06
1.93734e+06
1.772e+06
2.72409e+06
1.10495e+06
1.08538e+06
2.08954e+06
1.12786e+06
146929
168994
410695
137801
-431467
-478235
-1.52002e+06
-292132
-946397
-958224
-2.22997e+06
-869010
1.06694e+06
923227
788297
1.33284e+06
2.23159e+06
1.96212e+06
1.82881e+06
2.758e+06
1.11192e+06
1.07722e+06
2.13576e+06
1.11536e+06
178886
181862
459824
153897
-470828
-509243
-1.58406e+06
-328059
-973383
-971869
-2.2971e+06
-886664
1.04295e+06
914708
759467
1.31311e+06
2.22419e+06
1.96073e+06
1.76889e+06
2.77282e+06
1.09255e+06
1.07089e+06
2.1325e+06
1.09585e+06
146510
164684
414226
135113
-461202
-504955
-1.56093e+06
-317677
-943840
-952481
-2.28181e+06
-846346
1.1141e+06
972196
866782
1.38572e+06
2.29991e+06
2.01728e+06
1.84434e+06
2.85804e+06
1.16463e+06
1.12598e+06
2.25946e+06
1.16298e+06
196459
196091
490541
179595
-443524
-477670
-1.54421e+06
-297152
-943429
-954687
-2.32588e+06
-839109
1.16439e+06
1.03039e+06
934357
1.45575e+06
2.35533e+06
2.0819e+06
1.88794e+06
2.93265e+06
1.19467e+06
1.16665e+06
2.30538e+06
1.19821e+06
226418
244889
548905
215968
-481132
-544918
-1.62949e+06
-360043
-998520
-1.02208e+06
-2.42771e+06
-911636
1.13248e+06
982061
850046
1.4106e+06
2.37803e+06
2.08163e+06
1.85896e+06
2.95928e+06
1.15975e+06
1.12903e+06
2.24651e+06
1.16348e+06
234288
225849
508691
216889
-513055
-562460
-1.68402e+06
-382937
-1.01293e+06
-1.02972e+06
-2.45349e+06
-911222
1.13612e+06
988911
827404
1.42131e+06
2.40335e+06
2.09762e+06
1.85139e+06
2.98072e+06
1.18087e+06
1.14626e+06
2.27629e+06
1.18306e+06
244274
235267
507107
231080
-547370
-586883
-1.72742e+06
-413191
-1.0399e+06
-1.05331e+06
-2.49578e+06
-939948
1.09439e+06
950709
753074
1.3851e+06
2.38962e+06
2.09071e+06
1.83642e+06
2.97548e+06
1.16722e+06
1.13301e+06
2.24731e+06
1.1758e+06
253356
243830
499565
247245
-553041
-598479
-1.73722e+06
-410070
-1.01979e+06
-1.03608e+06
-2.47595e+06
-916256
1.1265e+06
979411
784265
1.42401e+06
2.40542e+06
2.10267e+06
1.83831e+06
2.9998e+06
1.22641e+06
1.18737e+06
2.35265e+06
1.24266e+06
263493
254394
546621
255142
-579963
-622905
-1.7794e+06
-437986
-1.03415e+06
-1.04442e+06
-2.51304e+06
-918767
1.14329e+06
999162
806834
1.45568e+06
2.4202e+06
2.11566e+06
1.84807e+06
3.03092e+06
1.26518e+06
1.22206e+06
2.39856e+06
1.29315e+06
269602
262238
567104
269334
-578877
-612630
-1.77556e+06
-444723
-1.03891e+06
-1.05294e+06
-2.53877e+06
-926308
1.18656e+06
1.03943e+06
847526
1.49856e+06
2.46073e+06
2.15424e+06
1.873e+06
3.06519e+06
1.29593e+06
1.25458e+06
2.4252e+06
1.31655e+06
282645
277713
593772
268920
-584820
-632121
-1.80544e+06
-456990
-1.07024e+06
-1.09132e+06
-2.5963e+06
-976441
1.17013e+06
1.00902e+06
774748
1.47325e+06
2.46957e+06
2.15246e+06
1.8606e+06
3.07273e+06
1.29343e+06
1.24502e+06
2.38794e+06
1.31589e+06
289443
273182
568471
274735
-604875
-638018
-1.82568e+06
-448659
-1.10199e+06
-1.11141e+06
-2.6349e+06
-978579
1.16422e+06
1.01218e+06
781258
1.49024e+06
2.47962e+06
2.17452e+06
1.88782e+06
3.1043e+06
1.29219e+06
1.24607e+06
2.40396e+06
1.32285e+06
291448
293294
610133
301264
-646235
-682956
-1.9119e+06
-512700
-1.13801e+06
-1.15262e+06
-2.73616e+06
-1.03435e+06
1.13039e+06
972550
724710
1.43323e+06
2.49661e+06
2.17737e+06
1.91435e+06
3.10297e+06
1.26159e+06
1.2106e+06
2.34583e+06
1.27739e+06
299502
283107
612135
278624
-658229
-691107
-1.93098e+06
-518958
-1.15242e+06
-1.16092e+06
-2.78302e+06
-1.04767e+06
1.13817e+06
990205
725086
1.44997e+06
2.4941e+06
2.18186e+06
1.90098e+06
3.11544e+06
1.27928e+06
1.23078e+06
2.37492e+06
1.29771e+06
283443
281410
628029
265200
-665086
-692827
-1.93069e+06
-552458
-1.15238e+06
-1.1591e+06
-2.80539e+06
-1.05459e+06
1.17776e+06
1.02006e+06
789464
1.46713e+06
2.52924e+06
2.20083e+06
1.94433e+06
3.1302e+06
1.31285e+06
1.25076e+06
2.41078e+06
1.31171e+06
295602
284604
680717
241631
-655301
-692770
-1.87414e+06
-519747
-1.16866e+06
-1.19306e+06
-2.8332e+06
-1.04754e+06
1.21187e+06
1.05222e+06
878623
1.53006e+06
2.55366e+06
2.23039e+06
1.99256e+06
3.17683e+06
1.30626e+06
1.24131e+06
2.40869e+06
1.32629e+06
293163
291316
755349
256535
-688786
-715097
-1.95079e+06
-533800
-1.22907e+06
-1.23653e+06
-2.94688e+06
-1.09658e+06
1.18654e+06
1.04243e+06
833006
1.52126e+06
2.59536e+06
2.29235e+06
2.0458e+06
3.25554e+06
1.26221e+06
1.22612e+06
2.33568e+06
1.31068e+06
290443
301929
733068
276900
261696
256329
625169
227328
-417675
-308003
320562
-645036
728931
681538
1.03646e+06
809202
850809
743869
590629
1.07521e+06
332370
334344
724197
317813
500527
455128
592698
584244
260370
267372
617973
234158
-377022
-260879
351493
-594750
797776
751804
1.1148e+06
893764
922679
817736
683982
1.15891e+06
365283
365134
758860
361226
551233
514050
644357
647053
217833
217720
517941
201762
-387755
-288706
290666
-599185
800534
740407
1.09142e+06
904526
930204
815416
638173
1.19079e+06
351001
348432
712396
358329
559639
505334
618581
665653
149273
147543
396305
115454
-446073
-342563
196849
-665218
744018
685232
989709
836785
895411
775266
529861
1.14861e+06
290558
281944
596225
284113
524722
471759
539783
624465
98096.2
107025
353150
37418
-480739
-369544
176410
-724498
709891
656741
955437
780579
876952
752000
498385
1.11258e+06
208295
200391
484459
161993
507665
456317
525629
583461
74633.7
90504
389488
41964.7
-470974
-360436
220491
-671781
752877
702703
1.07363e+06
858471
888350
770885
557262
1.15893e+06
196504
205420
544382
181464
503373
453316
564838
619645
85202.1
94634.9
396065
45742
-455259
-349912
228976
-672241
787136
730600
1.09534e+06
886895
908228
786818
543069
1.17731e+06
213143
235519
575544
201997
507976
458788
538216
622803
94059.3
101427
396261
62523.1
-428474
-326460
285463
-649521
834007
771822
1.15823e+06
942911
958239
829565
629576
1.23035e+06
243419
251401
615609
231075
526590
470914
547629
640676
98096.2
108481
355796
59702.4
-425057
-320433
281782
-667427
865940
800740
1.16348e+06
969826
999910
867805
624748
1.27876e+06
281909
297843
647399
276511
554510
499639
565371
657249
107251
113527
377275
73607
-417698
-310626
353132
-661614
872463
804728
1.17325e+06
980376
1.02305e+06
885343
629196
1.3132e+06
312702
326128
693706
313907
575284
515104
613401
679984
135233
144325
433275
116854
-399235
-278173
455805
-636082
897548
832517
1.20276e+06
1.02701e+06
1.06314e+06
923621
677448
1.36721e+06
336914
338892
720925
342803
603837
551715
673880
724121
167676
167267
429518
141090
-357605
-252941
466235
-600897
951728
870975
1.21989e+06
1.07717e+06
1.09479e+06
937839
665170
1.39699e+06
380534
377217
718756
392038
617874
549747
637888
731084
150247
143897
446746
92773.8
-375268
-274287
509826
-642341
936916
854372
1.25828e+06
1.04521e+06
1.09712e+06
941057
692617
1.39252e+06
380003
371889
761365
368383
608489
537186
644193
715719
120954
137022
470068
59379.3
-406294
-284349
515030
-674547
923372
860350
1.28894e+06
1.03519e+06
1.08264e+06
944574
709059
1.38298e+06
366187
365777
791851
347935
595823
543332
638195
715634
116475
133993
498686
56586.2
-419551
-302738
517176
-699652
926260
853267
1.30969e+06
1.03084e+06
1.12507e+06
974563
745696
1.43632e+06
374371
378325
841872
360497
627312
564350
681348
747445
115677
146327
530060
42471.7
-457530
-323364
521245
-746798
886700
824568
1.27859e+06
985390
1.12506e+06
982060
732738
1.44153e+06
372187
386742
857911
352826
637868
583619
710194
758727
130260
160119
614537
43948.1
-479730
-337039
563866
-792574
864935
803599
1.26461e+06
945361
1.133e+06
974677
724246
1.43784e+06
352008
356957
857068
306143
668231
606555
759909
779624
159615
186447
694341
83173.4
-436000
-306888
636067
-731938
888400
818626
1.33255e+06
977094
1.14521e+06
979656
714827
1.47106e+06
402894
410181
968289
375785
686273
616036
764242
819951
155218
187348
673331
93369.2
-425255
-273867
657563
-724277
843548
797467
1.25143e+06
927196
1.1522e+06
1.00866e+06
702901
1.48278e+06
417924
446382
1.00662e+06
404778
688909
634729
750788
827633
157698
184615
624319
99770.6
-385080
-245744
697373
-689506
846456
794356
1.23974e+06
927571
1.20288e+06
1.04653e+06
769465
1.52993e+06
456153
464554
1.02351e+06
439514
729544
662460
759489
867713
174257
191174
612357
127928
-350048
-217259
768759
-651373
847936
794309
1.25755e+06
930297
1.26874e+06
1.11209e+06
871007
1.61564e+06
496443
501489
1.09119e+06
490456
774445
702062
839189
921139
165861
172131
561993
123988
-339562
-207844
798960
-643123
818082
752845
1.19744e+06
887715
1.30367e+06
1.12959e+06
887519
1.64515e+06
500987
498349
1.07669e+06
499717
786533
699422
842177
925080
149701
156232
474746
104102
-334532
-202111
795153
-644758
753699
694053
1.05325e+06
822101
1.30813e+06
1.12397e+06
840300
1.64702e+06
474522
457014
964466
454289
785478
698006
795113
917786
132919
141737
469249
107214
-300163
-164419
860538
-584663
736696
687374
1.08617e+06
806751
1.31555e+06
1.14384e+06
889837
1.67035e+06
477170
469599
1.00384e+06
479406
764581
689167
805340
923812
129029
126751
411832
82322.1
-258018
-138290
884336
-550099
763379
706065
1.0921e+06
843273
1.33482e+06
1.15273e+06
891343
1.69402e+06
485852
474705
955098
484205
770443
675862
740469
924452
80307.5
84268.7
320280
36119.7
-278564
-158384
829758
-571486
751655
690824
1.02261e+06
846316
1.34622e+06
1.15843e+06
892837
1.71046e+06
457045
438367
876580
456519
730748
637557
634192
887581
33417.2
51072.9
270346
-10262.9
-291321
-158122
844209
-588360
752659
701260
1.02011e+06
848385
1.36016e+06
1.18692e+06
920048
1.72818e+06
435226
432759
883835
436168
698990
618987
612234
851234
27851.5
32014.3
275591
-35560.4
-279333
-156667
895208
-597187
763631
693281
1.02622e+06
847415
1.39968e+06
1.20429e+06
966947
1.75821e+06
442206
426994
900049
430476
703609
605401
624457
836706
-5731.1
-4963.89
260139
-75464.6
-286416
-164831
943220
-600814
735060
661248
971978
828223
1.40031e+06
1.20245e+06
994053
1.76091e+06
391106
365784
827932
368002
672476
575726
588534
811049
-73184.8
-36206
186940
-147106
-321712
-174455
868836
-638519
705609
657662
900170
793982
1.38605e+06
1.20771e+06
971818
1.73333e+06
322162
329616
726045
293534
588726
520571
453759
725098
-4625.19
30229.5
310678
-62698.5
-243286
-104830
1.01597e+06
-539499
788539
735197
1.05147e+06
899008
1.44068e+06
1.26282e+06
1.07169e+06
1.80823e+06
397026
400097
853465
382470
652947
576629
537128
817560
31761.8
69787.2
361252
-16287.5
-203053
-68899.1
1.06618e+06
-493252
822474
768672
1.09748e+06
941593
1.46553e+06
1.29167e+06
1.12037e+06
1.84061e+06
423459
426462
898593
410635
678813
601794
536474
859258
59051.2
83383.4
410029
809.637
-185789
-64677.6
1.1029e+06
-499487
857191
789997
1.15949e+06
960134
1.52429e+06
1.33682e+06
1.19021e+06
1.89945e+06
463516
454979
1.00436e+06
437608
718713
625188
596370
881968
72352.6
96465.6
459764
11764.1
-198450
-75959.5
1.13454e+06
-515577
860337
788133
1.19987e+06
956766
1.54432e+06
1.34806e+06
1.21246e+06
1.91813e+06
488208
483143
1.07558e+06
459435
731037
629615
633514
893925
106676
141252
506436
54889.9
-195111
-47233.3
1.17228e+06
-509239
864118
812399
1.20291e+06
969081
1.56185e+06
1.37302e+06
1.22377e+06
1.9406e+06
494741
495724
1.09341e+06
464600
738992
656490
621000
910867
154417
169341
535923
107802
-149377
-31740.6
1.1685e+06
-459492
912623
834671
1.21998e+06
1.01911e+06
1.58721e+06
1.37868e+06
1.203e+06
1.97207e+06
542630
525962
1.11134e+06
520633
758443
652943
579181
939713
399746
482648
1.86124e+06
155415
-422363
-380350
-395769
-534310
-43773.4
-79524.8
-489104
31083.7
-124970
-101825
-19936.2
-177999
725789
735804
1.67051e+06
666298
378591
458436
1.7761e+06
144207
410280
482610
1.91568e+06
175647
-440231
-387348
-375069
-531118
-44279
-80994.8
-479713
44603.6
-110254
-90108
2356.79
-142668
756814
751793
1.72452e+06
716151
401055
479556
1.85622e+06
184235
394237
470323
1.91757e+06
137937
-447844
-394612
-390874
-561822
-46300.6
-87499.5
-499138
31449.3
-100968
-92261.2
-28043.9
-138065
751416
737613
1.70198e+06
696438
432303
510534
1.91858e+06
197505
410243
505213
1.97495e+06
151306
-421806
-369928
-366505
-539795
-17580.1
-56119.5
-489395
71090.4
-90781.9
-76636.9
-63061.2
-119739
799658
796316
1.73072e+06
762999
497567
579135
2.03107e+06
252217
416168
514547
2.01444e+06
166359
-450583
-387528
-355593
-566050
-84245.4
-114955
-598564
347.897
-114324
-98026.9
-93266
-147208
771924
766890
1.65559e+06
737360
512993
598461
2.0922e+06
274756
446648
526802
2.07342e+06
162726
-426496
-371251
-284784
-557380
-80903.6
-121606
-568521
-11745
-98830.9
-97180.5
-70804.7
-136889
781390
762646
1.6728e+06
732107
541991
614397
2.17109e+06
285674
424358
525607
2.12437e+06
144666
-466125
-399949
-284243
-605743
-118556
-145159
-577486
-50664.9
-111219
-89579.8
-51369.9
-147490
754103
764986
1.67504e+06
711905
519512
615427
2.21058e+06
270274
436865
520512
2.14389e+06
140926
-470971
-407701
-285962
-603644
-115124
-151673
-573703
-54081.6
-114894
-108613
-72083.9
-147558
811212
795610
1.76084e+06
759390
543136
626368
2.26593e+06
290877
426053
527106
2.18356e+06
135459
-472988
-397958
-274915
-599041
-105633
-130246
-548656
-30309.4
-130907
-116456
-117610
-148697
822545
807773
1.82014e+06
765837
576382
669900
2.36191e+06
334795
436430
552867
2.24772e+06
141219
-453467
-378159
-264079
-585682
-69904.6
-92432.3
-502346
10038.8
-151076
-128943
-181635
-173730
854048
850079
1.88555e+06
805089
615577
716882
2.43754e+06
358847
481451
590317
2.32474e+06
205398
-412708
-342141
-185681
-529512
-62419.1
-90826.5
-511748
25251.5
-147396
-130643
-174009
-164777
877728
868099
1.91581e+06
839580
673460
768160
2.54692e+06
425767
507494
608731
2.36639e+06
199256
-372302
-302742
-114546
-490221
-46320.4
-78912.4
-479899
28483
-138106
-135405
-176876
-162594
894281
878570
1.94049e+06
831859
712525
797207
2.63254e+06
456027
529303
635135
2.44314e+06
218672
-337998
-282948
-87887
-466559
-13479.6
-47933.4
-430678
65965.3
-116592
-107841
-134609
-144278
908094
908255
1.97461e+06
858074
743977
828149
2.69391e+06
475593
510564
604518
2.42324e+06
204892
-339003
-288844
-93722.1
-451692
-18582.8
-65917.9
-439828
63608.5
-126122
-128111
-148430
-152070
934357
918921
2.02362e+06
892607
727452
804721
2.70764e+06
455503
478578
591154
2.36531e+06
175290
-340442
-286450
-139318
-444513
-27179.8
-65126.7
-478754
69449.2
-130813
-128054
-170520
-148367
931458
918838
2.01186e+06
883443
716474
807498
2.72511e+06
438580
482734
608166
2.41746e+06
162939
-305491
-248420
-91745
-416576
-4205.87
-31899.7
-410772
81532.9
-139843
-123114
-156221
-170052
965078
965243
2.1181e+06
904906
697082
802440
2.77623e+06
389885
545977
669381
2.54542e+06
250020
-252784
-194663
-5384.62
-342675
42324.6
7689.08
-345149
134667
-120132
-107882
-113588
-147632
1.01922e+06
1.01329e+06
2.21116e+06
970290
730962
844162
2.89292e+06
429114
580031
682825
2.56968e+06
252368
-214634
-175207
25574.6
-312296
48147.6
-2547
-362865
132831
-121702
-125703
-135888
-159927
1.02874e+06
1.00894e+06
2.20496e+06
963593
747170
839233
2.92796e+06
420233
562087
657939
2.62992e+06
217095
-276546
-243156
-7305.83
-408281
-7167.23
-54185.6
-412044
62588.8
-145505
-138468
-108897
-194998
968979
968711
2.17106e+06
901923
701523
802359
2.93113e+06
364187
516097
626390
2.59308e+06
166884
-353111
-297199
-83453.4
-484099
-67397.2
-103023
-492773
-1433.31
-181156
-167577
-147940
-231136
948395
951665
2.16e+06
876158
660769
774460
2.89834e+06
322488
519672
638201
2.63477e+06
173904
-379351
-318408
-97701.7
-511273
-76471.5
-104933
-511238
6846.91
-173584
-158794
-141592
-206737
954290
956846
2.19619e+06
879690
665470
779484
2.93906e+06
329445
528216
663465
2.70257e+06
176704
-409993
-337359
-124145
-551017
-77526.5
-97594.9
-522799
10287.7
-189744
-158526
-169792
-222038
961048
974574
2.23004e+06
886465
637453
769228
2.92537e+06
293471
594912
724007
2.81545e+06
258783
-389846
-315449
-70369.1
-523163
-56956.7
-86593.7
-527422
37599.7
-147327
-127517
-113720
-176304
1.00127e+06
1.00741e+06
2.28397e+06
938075
687388
817042
3.02749e+06
344106
631895
758575
2.88244e+06
280359
-371556
-298653
-21504.5
-506339
-43721.1
-74821.8
-508949
52596
-118727
-105220
-81550.6
-143972
1.02321e+06
1.02861e+06
2.32819e+06
947347
720541
842745
3.10042e+06
374274
604305
731576
2.92577e+06
227573
-421916
-358459
-71139.9
-585651
-73677
-107552
-520453
5033.89
-157276
-139205
-83090.7
-213137
1.00117e+06
1.01389e+06
2.33611e+06
921641
678339
801351
3.06559e+06
307867
582159
714384
2.91112e+06
200855
-450013
-375146
-119484
-610850
-72330
-101891
-512831
-2707.51
-186333
-157360
-104706
-249919
1.04164e+06
1.05049e+06
2.39503e+06
966372
660233
791533
3.06307e+06
283928
562194
704414
2.90288e+06
190979
-471398
-397381
-162990
-620868
-50800.7
-78145.9
-470106
39204.1
-182304
-153536
-81104.4
-237427
1.07739e+06
1.08183e+06
2.45489e+06
1.011e+06
665815
798285
3.11075e+06
289446
570791
719601
2.90251e+06
211852
-473331
-402319
-225043
-604453
-5212.08
-34221.1
-424217
103632
-198038
-162893
-133529
-240961
1.14895e+06
1.15504e+06
2.54024e+06
1.10216e+06
667298
803354
3.11529e+06
292679
631430
758644
2.96617e+06
282147
-466667
-403204
-247357
-594904
25322.9
-21503.1
-421435
127795
-209187
-190558
-171336
-259354
1.21588e+06
1.20312e+06
2.61353e+06
1.17366e+06
672225
803285
3.12221e+06
296480
664242
810346
3.008e+06
326613
-450785
-372704
-225240
-556578
44043.6
16869.4
-382317
166755
-200403
-161336
-146711
-234344
1.26133e+06
1.26419e+06
2.68592e+06
1.23171e+06
683470
826149
3.16274e+06
318291
715520
829191
3.05812e+06
369189
-457590
-407883
-289019
-587353
68225.9
14273
-418409
186276
-132319
-112810
-52646.9
-172695
1.29491e+06
1.2759e+06
2.6789e+06
1.26575e+06
729994
847207
3.17077e+06
365382
698376
818326
3.04082e+06
339417
-507488
-440945
-347095
-639898
55913.8
8449.22
-451990
167038
-126022
-104537
-7158.04
-185678
1.28881e+06
1.26887e+06
2.65976e+06
1.2501e+06
714185
835816
3.13376e+06
345536
666227
795470
3.03034e+06
306076
-562494
-488312
-404818
-701652
45698.2
5178.14
-471611
166272
-116960
-86346.9
44026.6
-168901
1.25847e+06
1.24365e+06
2.63895e+06
1.21413e+06
686869
809350
3.1092e+06
316954
666206
801088
3.05903e+06
315806
-577504
-502220
-419731
-711946
88905.9
41131
-426882
232625
-92117.6
-60538.9
103039
-136848
1.27752e+06
1.26524e+06
2.69088e+06
1.24783e+06
676498
802343
3.10868e+06
309598
690988
812295
3.05421e+06
336910
-596421
-528195
-460803
-746341
103038
35964.9
-480220
237418
-77032.2
-61025.4
123585
-144212
1.29443e+06
1.26119e+06
2.66026e+06
1.25754e+06
706748
825590
3.14387e+06
326753
669261
805494
3.01298e+06
324300
-637995
-550392
-510703
-766780
75581.2
27068
-532650
229356
-89056.6
-57450.3
117075
-144111
1.2577e+06
1.24831e+06
2.59629e+06
1.23065e+06
667611
790667
3.08589e+06
298226
