-517856
-438575
-317970
-287988
119526
95566.2
31974.7
45270.4
149346
152758
247451
167797
453026
371734
181363
201022
294247
238489
88245.5
117144
624643
535964
433007
368106
-527471
-448152
-332638
-290936
135039
108974
27502.2
46732.7
222596
210305
282828
196601
478035
391270
188736
203984
316254
257597
99603.1
123162
635166
548127
454620
380916
-649762
-551999
-386532
-358285
149873
117503
26920.3
39936.7
295833
269636
295268
223100
509286
415670
179228
208397
348410
281703
107654
125850
646590
558384
461082
383270
-574531
-493652
-370826
-326733
254621
199174
51533.2
84986.5
411569
363519
321891
267197
582261
470910
199101
232937
415409
334554
132419
161898
720264
618240
482717
413301
-687416
-586379
-420789
-370049
216457
170557
31929.4
73073.8
446351
388562
336499
276096
590064
475907
195843
231206
419228
336418
138567
159055
726741
626478
487509
424505
-777744
-655910
-450395
-404846
137365
109787
15576.9
42734.7
467988
408546
361262
288135
612639
498601
219942
244522
440974
359927
162465
179488
679613
588446
484258
409688
-805485
-680904
-454205
-419687
82962
58518
-6920.45
22080.1
457243
398857
360712
293000
603579
488674
226622
257899
416713
338514
159881
184530
640639
555707
478723
395840
-799668
-672177
-447703
-417209
99282
75470.9
-2802.97
14871.9
419945
368203
356643
278152
556841
452630
214232
237399
399888
329357
163617
175525
636166
556727
502191
403104
-925608
-775197
-496606
-462579
85205
63114.9
-6569.73
20141.2
336964
301411
319327
248077
488870
398058
178275
213934
365764
299786
149513
163063
626849
550227
502097
412513
-912129
-765662
-497685
-461921
126460
97142.3
-6134.15
30448
339131
305124
309137
239416
449115
362314
155788
187154
407233
333674
156964
179420
652132
572136
507867
415234
-1.00799e+06
-843362
-538667
-499654
90728.9
68440.2
-21402
17124
295009
270664
300078
223939
384101
310512
130890
159791
364260
296076
145043
155254
638401
564585
501956
418678
-1.02033e+06
-856143
-549870
-504919
66487.8
45692.5
-31800
5949.6
261316
240735
287346
214340
374209
304101
134438
154714
373246
304996
151563
167448
603791
531654
488816
403508
-1.00974e+06
-847764
-555657
-523963
99709.1
70150.6
-28968
-4504.27
236085
218666
267190
194115
345048
278573
121119
135402
359960
295620
141339
151554
591471
518104
483201
377669
-1.00409e+06
-843936
-551796
-519278
155711
114638
-4209.41
18600.4
225286
209120
270224
190839
382469
308825
138080
148542
367593
303976
149016
161912
645007
562092
517968
410526
-1.10831e+06
-930796
-594306
-561369
191382
141642
6180.82
37995
148258
143058
227942
166835
364316
291366
118975
145188
361851
294395
141695
152637
663892
578024
523055
425879
-1.13971e+06
-955748
-610635
-575585
203387
152576
-3477.55
39868.8
75362
85975
177035
113076
314584
250539
92120.5
114155
339285
277393
126994
141786
670431
584975
515771
416912
-1.26615e+06
-1.05759e+06
-677449
-622848
145537
106254
-33956
22070.9
10717.6
29050.8
142936
87522.1
242557
190925
60158.5
89492.1
281323
227765
93647.8
115253
658731
574835
503382
420666
-1.32209e+06
-1.10517e+06
-702986
-656150
129701
95677.9
-26838.2
5459.57
-39877.3
-11765.5
125010
55411
203188
162982
58148.9
66550.1
297885
244078
105263
115679
609649
535170
493638
393372
-1.29169e+06
-1.08063e+06
-684859
-662559
129111
95752.9
-24709.8
9690.9
-29460.2
-729.734
122726
58764.1
291341
241044
98349.4
112677
328404
268747
123314
135404
630950
557943
512136
406453
-1.21768e+06
-1.02112e+06
-661242
-621061
134833
100309
-29357.7
10470.1
-2071.82
20836.3
146265
72511.7
377603
310232
146846
151833
367395
301007
143316
153387
654368
577612
535187
426588
-1.24412e+06
-1.04395e+06
-685695
-642456
121952
85661.7
-53426.9
6099.5
3162.89
24975
135553
83350.9
449329
368502
161349
190207
389290
313702
134753
158901
669569
587027
522719
437991
-1.18021e+06
-990795
-653987
-611418
93470.3
63183.5
-72015.3
-13326.1
-23142.9
7342.6
129839
68645.9
488054
400657
185136
206202
374264
303224
135108
152147
662390
583676
516411
422238
-1.13081e+06
-953197
-642505
-590964
135331
95477.8
-65486.6
-1050.05
36209.5
52789.8
153805
88930.7
586503
478914
222968
244074
421436
338824
152715
162567
724000
633357
524955
447167
-1.0084e+06
-855919
-604858
-547088
200087
144678
-57010.5
16908.3
147717
141906
192291
134976
733449
599986
283451
303770
562637
455503
204331
225655
762584
659473
530153
457673
-899832
-766882
-556550
-508573
220854
155375
-50083.7
11545.6
170425
158596
207940
150854
771867
628245
304129
329066
629411
509222
226968
255570
837152
716212
555956
476163
-868853
-739667
-547172
-480020
234978
168412
-50053.3
23450.5
130007
128622
209338
143007
774137
628938
292288
330010
646320
523731
226141
268183
909489
774530
581553
515075
-969255
-821136
-585745
-530946
186272
128622
-69044
-1868.88
28780
47109.6
170993
104074
699107
565644
239368
287901
581861
467191
192093
227787
887792
756721
556826
498037
-931700
-793172
-570978
-511143
199632
138808
-67274.8
8037.68
7482.6
31336.9
166233
93103.3
716448
576575
238050
281339
593106
474738
189121
228736
956995
812041
569163
513422
-951352
-805551
-590117
-516715
169486
118039
-78790.1
-2419.01
1435.43
28247.5
175616
96614.1
716465
576815
231258
279849
610822
487839
188835
228369
1.03684e+06
877870
589345
546642
-931120
-792722
-579639
-510967
120583
75630
-85925.5
-25021.7
-21102.9
9856.36
178770
87070.3
702697
565903
233463
274614
609165
488204
188402
230072
1.08138e+06
908618
604040
557762
-899076
-766580
-562875
-510689
115714
69457.7
-93205.9
-28140.7
-8930.05
19831.5
175160
94364.1
704078
566412
232598
274254
583080
466010
162618
220168
1.09951e+06
922376
602935
562218
-849114
-723382
-555400
-478596
104855
64648.7
-107440
-34202
-8304.97
21283.9
175669
93338.1
708513
571899
235155
274799
550050
438292
134101
193840
1.1009e+06
926038
607215
563768
-849989
-725609
-567465
-496494
132603
83387.7
-111472
-31925.2
27816.2
48432.6
166814
104734
727780
585607
217117
279026
555240
435804
106199
178660
1.14068e+06
955881
602347
575609
-785396
-674181
-534713
-459283
112955
65541.7
-123065
-35665.1
-3448.56
23048.9
147170
81788.9
689418
553122
198960
262076
483535
375851
63968.4
149334
1.16623e+06
976940
607188
578116
-814752
-696512
-545119
-466222
21997.4
-5108.85
-152628
-71104.5
9177.54
33018.4
159096
87699.6
658534
524344
189575
240068
426301
323679
33598.2
104310
1.18029e+06
990080
607844
589099
-748289
-642475
-520639
-440768
28026.9
-633.568
-153645
-72432.5
49197.7
65139.4
175944
104318
718020
573951
216236
262917
479488
367809
43863.2
124398
1.19061e+06
994149
604967
589026
-639172
-542227
-382277
-337481
274153
234463
172068
154322
-326896
-312078
-446066
-311819
154670
141327
170003
113940
160655
131366
62443.2
70384
319026
306565
403240
292618
-665366
-561852
-408291
-361066
383019
321775
215740
191119
-245211
-246462
-427239
-281964
247016
221953
201335
155590
187604
155165
69119
81791.7
383450
361472
436050
324526
-669996
-572934
-423596
-376314
436794
363990
238995
217942
-257262
-263009
-442416
-297109
360704
309791
247037
204982
193224
156205
70962.4
72904.1
468880
430484
481283
356594
-628131
-540299
-426146
-366730
553981
460420
265154
264855
-164455
-184576
-426584
-260783
506128
429065
292056
257102
264637
213502
96340.5
106553
547708
494109
508512
395634
-643231
-555159
-437244
-374153
639372
528240
311747
290441
-111781
-147007
-410778
-255791
566844
480280
314682
294267
265210
213491
99471.5
111914
600950
539103
539088
422315
-644755
-552496
-436713
-376613
630920
524348
325689
305982
-62396.5
-104126
-376864
-223256
499607
424471
298195
272593
215776
178129
91575.3
96989.6
578794
523584
540726
422595
-651818
-560132
-437020
-366566
577927
483142
306780
296752
-80161.9
-119798
-377074
-214412
428329
366459
296378
244203
146204
117085
61608.8
72614.9
532521
479578
522918
399240
-699365
-592869
-456248
-392229
607648
510896
322591
297839
-61942.6
-101917
-384947
-219235
441757
383842
306870
258760
150131
123047
58216.8
67262.8
571433
515547
543482
413112
-727501
-621660
-467924
-403539
556168
469550
316214
288996
-117018
-154260
-412548
-248251
472074
405456
332767
285649
86976.3
69476.8
38850.6
42409.4
565173
510336
551405
422751
-735742
-629836
-490599
-415837
620462
522640
324060
316031
-37233.4
-85103.8
-404774
-219333
482347
416639
330820
282419
99135
81680
38595.3
45384.2
589767
530577
535597
422344
-782862
-667764
-505376
-440179
603847
509227
323772
302346
-4484.47
-62564.1
-396574
-223292
477144
415987
335053
289890
53304.5
42459.6
20828.5
28106.8
606210
538473
536048
417281
-784194
-668437
-504502
-437406
543134
456962
302295
290295
65897.4
-6203.45
-365861
-178115
378747
332394
306427
256123
15884.4
11815
-39.598
13373.5
591468
522906
515948
411051
-800929
-685007
-515560
-455671
482078
406504
274371
254899
5400.17
-54380
-392952
-211922
353516
307676
299699
226440
3940
319.612
-17188.4
-9990.71
584037
519165
501491
397505
-822542
-700862
-528619
-460877
476222
403952
283455
248660
-8572.26
-63578.8
-403623
-220322
427481
371691
333785
261654
7568.16
3698.88
-13308.5
-5885.25
565975
506136
501513
397043
-836778
-720649
-540618
-477364
456218
384701
286923
253337
-88567.2
-137428
-435764
-256566
457280
391703
348666
288654
4616.7
-1214.81
-12402.7
-8007.28
521096
467867
489927
386574
-857662
-734130
-563363
-491919
440900
377683
268122
244518
-143367
-174894
-468854
-278273
454858
393299
334338
270874
-2536.39
-4403.15
-20110.8
-13054.6
454020
413824
446821
343597
-923985
-791277
-596187
-517879
397085
340788
246861
223237
-228722
-252548
-523303
-321231
418862
363601
309366
267121
-54245.7
-45631.7
-44924.6
-28265.2
428941
390425
429208
330885
-928562
-792068
-597396
-529317
355171
304950
234228
206575
-259865
-276036
-527840
-339065
335490
292857
277199
219830
-98996.4
-82205.4
-59652.2
-50326.9
407287
371802
414640
313769
-959404
-816384
-606748
-530387
253606
221319
192159
162987
-306043
-313219
-540503
-363637
317396
285039
285698
217553
-132097
-110429
-71517.5
-71080.5
383989
352234
419363
297790
-999574
-847157
-622265
-550699
274087
235711
188233
158651
-307220
-315612
-552955
-360616
341835
308497
302314
239902
-117486
-96329.9
-71262.2
-62722.5
420296
385206
447524
326444
-1.03837e+06
-886207
-646495
-567393
246902
211139
161871
142769
-390966
-390425
-598334
-413399
387615
341299
328035
268619
-125432
-107595
-81603.7
-70930.6
431705
393467
457751
342816
-1.07217e+06
-909109
-653686
-581832
228647
197224
136811
134757
-425115
-411876
-613687
-418568
389719
351045
346134
270821
-142031
-118135
-86114.3
-77340.5
409765
379066
460124
330013
-1.05793e+06
-897313
-633467
-576016
231294
194280
125990
115543
-410046
-406284
-622825
-431426
452040
404219
374526
308890
-78036.3
-69263.9
-67023.1
-55466.2
502648
453896
506618
371171
-980029
-833205
-606238
-539559
276042
226148
131289
132821
-338549
-349750
-600882
-396369
420271
373997
362094
298116
-7377.95
-13570.1
-55109.8
-28091.2
601412
533554
544692
419374
-944131
-805134
-591249
-526073
299997
246171
137092
136807
-310080
-325747
-589131
-391714
405934
359257
369318
277504
35789.5
17838.9
-37618.1
-22672.7
631992
560648
557356
431227
-920879
-782715
-582745
-507751
360190
299996
174358
167192
-304691
-317181
-590846
-381640
493290
435564
401324
323850
94953.8
70475.2
-17657.2
11359
669334
593885
573675
459421
-940995
-802436
-581249
-517676
345854
288413
188581
172065
-415131
-410896
-628148
-434967
548010
479160
430492
353150
69937.8
47784.9
-25931.7
-5882.42
648306
575813
571272
444443
-930217
-791104
-574383
-513186
370399
310522
196405
187983
-394857
-393225
-623418
-423210
605716
526833
452673
371224
115019
84678.9
-3588.57
15329.4
657652
582693
571750
447213
-855503
-729106
-535000
-483743
439332
370141
239909
215453
-344860
-351822
-605476
-410191
702301
609956
489872
420323
138595
107065
9882.52
35001.8
693158
611945
585159
465123
-825898
-701073
-507944
-461487
399936
337268
238513
213828
-309383
-323185
-585060
-380819
662098
572131
480102
404850
126667
97343.9
14280.7
30559
670761
591855
571067
451194
-838892
-714290
-505706
-448367
369008
309829
220125
202001
-382634
-382309
-608261
-411252
642373
557258
486177
395508
98314.7
70653.4
-3602
16155.3
649331
574136
552744
442185
-894700
-755543
-525897
-474942
383733
323823
212050
198715
-385411
-383567
-624336
-417264
665740
583929
511097
415164
80266.5
58264.9
-23139.4
10046.6
586467
525223
525341
416243
-867723
-737930
-519488
-467547
414311
346265
212621
208042
-396314
-397641
-641244
-437753
770684
667643
562955
466869
69028.5
45657.9
-39116.4
-7435.23
554949
495956
510581
399039
-932331
-785339
-532339
-482422
393136
328187
187325
197373
-384490
-385018
-644152
-427124
786686
686920
586081
481512
51504.2
31843.1
-43313.8
-12247.8
472096
428724
472426
360572
-941528
-794204
-509036
-485538
412779
342163
200036
191767
-366568
-374156
-629741
-430387
845418
737899
628048
522577
-5106.73
-14713.5
-59007.4
-34895
432464
396142
457922
341596
-891153
-748408
-476157
-452298
436012
359288
200871
207099
-276593
-300296
-597808
-383148
829713
724425
632653
522335
16629
2882.87
-54519.3
-27108.4
402675
370529
436927
327546
-597546
-433863
118001
-64093.6
-1.03024e+06
-857565
-517949
-504048
-1.07744e+06
-874285
-390812
-438414
-125789
-107177
-86779
-64919.5
1.11233e+06
927400
544598
530671
-436720
-341591
-85506.9
-131354
-602188
-435676
119850
-64346
-1.04122e+06
-865127
-512104
-508128
-1.07633e+06
-872423
-388809
-440634
-70189.5
-61783.5
-68135.4
-55592
1.20969e+06
1.00479e+06
590378
577183
-401154
-312089
-84144.3
-128068
-548408
-394204
146929
-42849.3
-1.07802e+06
-898291
-535501
-527755
-1.0532e+06
-853829
-377601
-432041
10514
904.39
-48166
-25464.3
1.25395e+06
1.04304e+06
616932
598994
-365984
-291150
-89985.7
-121547
-519518
-370561
160296
-30582.4
-1.03652e+06
-866672
-525588
-509263
-1.00364e+06
-812401
-350149
-406675
78459.9
56519
-40372.3
1962.93
1.36601e+06
1.1353e+06
663791
642995
-283700
-222140
-81844.1
-100136
-555944
-399949
155220
-31851.6
-1.10001e+06
-916378
-555634
-531978
-1.01192e+06
-817482
-326974
-404256
123421
90313.1
-16228.1
9557.26
1.45323e+06
1.2043e+06
713762
684183
-299730
-237654
-89893.8
-112317
-650097
-472567
124500
-67361.8
-1.18017e+06
-977736
-572985
-559698
-968782
-777455
-290339
-371457
169143
132537
26983.2
40015.9
1.51312e+06
1.25818e+06
749302
720895
-288109
-228627
-83282.3
-108816
-683392
-497658
123389
-84183.9
-1.19305e+06
-988746
-568258
-564707
-959451
-769517
-282693
-354270
131198
98590.5
10265.8
48380.2
1.51025e+06
1.26051e+06
761005
734812
-290860
-233289
-68715.9
-102842
-686673
-497418
140623
-74274.5
-1.16239e+06
-962163
-557694
-555985
-942833
-752817
-275489
-351492
104610
81181.5
2646.7
25481.3
1.52991e+06
1.27933e+06
786415
748996
-262621
-205156
-37195.9
-83865
-687656
-497175
153325
-55292.9
-1.22393e+06
-1.01525e+06
-603756
-578042
-949519
-760196
-272938
-349606
99648.3
75002.8
-2286.78
25982.6
1.46267e+06
1.22663e+06
778689
738461
-252851
-196494
-19543
-66108.1
-719333
-521343
145742
-74173.4
-1.17206e+06
-976748
-605422
-570782
-896627
-716801
-260767
-324105
134470
105203
-8535.49
36587.8
1.44235e+06
1.21019e+06
772340
729731
-176905
-129823
6771.25
-31866.5
-747939
-543202
150927
-78891.9
-1.22409e+06
-1.01895e+06
-643758
-601127
-943754
-756036
-266453
-347544
125943
96759.1
-2708.93
21341.9
1.35975e+06
1.14289e+06
760820
697218
-180778
-131781
24625
-31607.7
-801242
-585760
140199
-92505.1
-1.17028e+06
-979488
-632710
-585779
-946710
-756572
-263916
-341520
114169
87251.3
4063.74
33621.5
1.30941e+06
1.10425e+06
742522
686299
-154427
-110678
45392.7
-9180.37
-800092
-584229
138997
-103141
-1.17527e+06
-986624
-634574
-605257
-979763
-781250
-287037
-360091
74518.4
53911.9
-30496.1
10057.9
1.30365e+06
1.10213e+06
744697
676919
-161654
-116238
40251.3
-11511.7
-784029
-569583
158246
-85670.2
-1.18226e+06
-991065
-622868
-603650
-1.0135e+06
-808227
-299144
-378905
44086
28379.7
-48284.1
-13209.5
1.3344e+06
1.12774e+06
769104
695955
-174910
-124676
39187.2
-16399.2
-756283
-548980
180635
-61589.7
-1.23617e+06
-1.03779e+06
-652455
-614617
-1.04342e+06
-837168
-315561
-388574
61694.4
37671.1
-57332.2
-10477.2
1.33309e+06
1.12491e+06
783335
707595
-229921
-176565
273.65
-34072.6
-824534
-600749
150906
-96539.9
-1.27278e+06
-1.06418e+06
-672642
-638665
-1.10019e+06
-881132
-338155
-417221
24110.9
7737.87
-103991
-40364.5
1.26889e+06
1.07637e+06
757591
678439
-301715
-232444
-47517.6
-86696.9
-891294
-656143
128703
-113996
-1.37818e+06
-1.15077e+06
-726586
-676154
-1.16763e+06
-937007
-368155
-440763
-5471.59
-22488.1
-129661
-67546.4
1.23655e+06
1.04588e+06
743224
668024
-376585
-296940
-88600.5
-120579
-969541
-716815
103146
-153016
-1.39703e+06
-1.1664e+06
-723889
-694989
-1.20501e+06
-965558
-383530
-459675
-15121.5
-28459.6
-130142
-72567.5
1.22256e+06
1.03741e+06
735892
657855
-411715
-326451
-105564
-145368
-990898
-730483
110785
-158803
-1.40599e+06
-1.1736e+06
-719128
-699498
-1.18886e+06
-954280
-375021
-462993
-80474.4
-86325.7
-158249
-99795.4
1.23549e+06
1.05359e+06
737942
662993
-425943
-339322
-107422
-153317
-970608
-712330
132732
-141438
-1.40361e+06
-1.16988e+06
-709588
-694505
-1.1429e+06
-917477
-354713
-441778
-146322
-141015
-186579
-136185
1.29225e+06
1.09397e+06
756198
688446
-430581
-340219
-97474.7
-150327
-889356
-647672
167622
-91554.8
-1.47767e+06
-1.23534e+06
-763794
-721464
-1.08683e+06
-872421
-338701
-421231
-184957
-175030
-216489
-152813
1.30789e+06
1.1087e+06
758609
690332
-433268
-344294
-101121
-143473
-927919
-673513
169816
-107632
-1.54738e+06
-1.28943e+06
-784348
-756712
-1.03803e+06
-831256
-310170
-388036
-277306
-248462
-261308
-193688
1.33167e+06
1.12874e+06
773037
706489
-497356
-391958
-114616
-164093
-836105
-599990
218926
-65481.6
-1.57237e+06
-1.31073e+06
-804861
-769244
-971642
-779476
-276726
-366215
-267992
-244023
-255971
-206711
1.37796e+06
1.162e+06
792476
720137
-508415
-402482
-114593
-176638
-776716
-552422
243540
-35687
-1.49679e+06
-1.25338e+06
-784447
-743406
-858721
-685425
-227922
-315158
-227741
-211807
-236216
-182613
1.48642e+06
1.25203e+06
824801
762835
-439153
-347083
-91160.2
-145653
-698561
-485364
284878
-1445.33
-1.42925e+06
-1.19716e+06
-760425
-729159
-830279
-662204
-222757
-299356
-218576
-200777
-233729
-170440
1.52141e+06
1.27829e+06
840923
782600
-404327
-318755
-66687.9
-125019
-616247
-416357
321468
45130.4
-1.38065e+06
-1.15665e+06
-748795
-700608
-871213
-696490
-251028
-317968
-213980
-195145
-232944
-168688
1.48146e+06
1.24399e+06
822125
773562
-422513
-328735
-65092
-126286
-567059
-376416
342923
65556.6
-1.42355e+06
-1.1946e+06
-785033
-731774
-975682
-783860
-304157
-367231
-269488
-242660
-257419
-190835
1.33239e+06
1.12116e+06
761425
704402
-498139
-393602
-94731.1
-152775
-528611
-344985
365329
80396.6
-1.38128e+06
-1.16284e+06
-775609
-720466
-1.01321e+06
-817047
-326922
-393405
-288976
-258277
-272657
-204390
1.28494e+06
1.08195e+06
741237
673803
-528055
-415270
-107493
-171044
-451122
-279920
405249
121529
-1.36239e+06
-1.14575e+06
-786786
-711416
-1.04499e+06
-841771
-339572
-409725
-248313
-223379
-242890
-194990
1.27844e+06
1.07707e+06
745707
672063
-535312
-419221
-99074.9
-173316
-420869
-255162
418970
135321
-1.3105e+06
-1.10691e+06
-771560
-699689
-1.07214e+06
-865816
-359549
-422668
-242613
-216070
-218678
-176647
1.19355e+06
1.00652e+06
702049
642635
-511624
-401635
-81733.8
-162253
-384825
-224349
432167
146980
-1.28745e+06
-1.09005e+06
-754735
-693132
-1.08552e+06
-877190
-372548
-431163
-297143
-265897
-254238
-188588
1.16613e+06
985755
673625
609950
-573737
-452611
-105932
-171835
-348125
-188213
451621
173075
-1.28465e+06
-1.08219e+06
-742145
-686689
-1.08844e+06
-879053
-381952
-439475
-350381
-310054
-292763
-227000
1.19809e+06
1.00973e+06
675524
619493
-690515
-543608
-149112
-223002
-217750
-85152.6
499008
225276
-1.25882e+06
-1.06377e+06
-744287
-675569
-1.06294e+06
-862158
-387470
-434237
-332141
-299743
-314832
-231893
1.23628e+06
1.03997e+06
678460
629408
-756714
-603163
-188020
-252672
-237846
-98925.7
502462
225605
-1.2462e+06
-1.05303e+06
-732174
-664839
-1.0934e+06
-886882
-402493
-444267
-388411
-346119
-355136
-263068
1.21287e+06
1.01992e+06
660259
620446
-870139
-692382
-232513
-306220
-210676
-77516.6
523985
238948
-1.27477e+06
-1.07295e+06
-734456
-670414
-1.11099e+06
-903563
-402914
-458932
-423148
-377370
-362261
-293290
1.22831e+06
1.02569e+06
667920
613496
-987162
-786401
-265915
-351694
-161427
-38088.3
538170
258798
-1.22367e+06
-1.03135e+06
-708264
-645424
-1.06526e+06
-868069
-390492
-439916
-394059
-353503
-348760
-273585
1.26132e+06
1.05277e+06
667866
628041
-1.02013e+06
-814389
-284914
-366663
-70893.8
-23029.8
187158
82724.4
-553951
-481550
-422250
-354939
50889.8
63368.8
161486
99641.2
11711.1
18216.5
65328.9
44812.2
-1.09491e+06
-883088
-361789
-436762
-319659
-259113
-99451
-117866
-17577.3
22141.6
214603
114345
-503554
-439214
-389630
-326472
47704.3
61359.9
150714
97840.2
26228.7
29719
68515.8
41153.6
-1.1461e+06
-921376
-367057
-449435
-330097
-261643
-89727.6
-122185
40950.7
69711.5
246154
138342
-464991
-405730
-368743
-310209
79653.5
81828.5
152367
100405
6612.16
13836
69210.9
34775.5
-1.15752e+06
-930480
-360154
-452611
-333165
-266534
-86662.3
-122412
152358
157193
284315
173887
-336543
-306869
-327951
-256897
93870.5
94599.6
149542
97652.2
107050
94224.1
107859
70676.7
-1.08791e+06
-878167
-329614
-425295
-219372
-174870
-38794.7
-77020.9
207300
205267
302928
216790
-309761
-281247
-317210
-237058
74330.4
75490
139002
97925.8
72804.4
71098.9
119121
76327.2
-1.0935e+06
-875161
-323848
-407052
-199181
-149676
-4254.66
-54281.1
199211
199687
292015
204534
-321516
-287029
-305780
-238078
2554.78
19791.9
108685
61322.4
10636.3
24897.9
103267
61427.8
-1.15134e+06
-918134
-329546
-423347
-248899
-185216
6288.3
-47380.4
199995
195562
300573
196527
-326924
-295424
-299448
-230078
-11591.6
6676.5
109297
54819.9
-45566
-25547.1
84499.3
41352.3
-1.14515e+06
-915289
-312258
-418126
-331302
-259032
-27674.7
-73757.6
245179
236431
338652
224721
-338347
-303643
-303053
-235606
-28611.7
-3538.36
111647
57466.6
-72185
-41853.7
90347
31510.1
-1.13114e+06
-900356
-299699
-409686
-410857
-317371
-60613.2
-116673
201909
203382
340853
232321
-408956
-360625
-339661
-263465
-30984
-7837.57
117718
60679.7
-193785
-137807
64635.2
499.217
-1.16329e+06
-925946
-315218
-411978
-484978
-380139
-95057.8
-146691
205296
206086
336697
217093
-412211
-367478
-354829
-278571
-519.016
21327.8
133534
68918.2
-205557
-146463
66605.2
-13139.5
-1.1044e+06
-882283
-306195
-400425
-447490
-351959
-96865.9
-141673
179894
188513
333904
222390
-458170
-403568
-383768
-301314
-20193.6
5948.18
141322
71767.8
-306495
-225338
47338.7
-35408.4
-1.12826e+06
-900740
-324445
-407998
-484961
-380814
-111289
-159130
148307
158948
312417
200716
-446889
-398448
-391595
-299790
-14096.2
12274
151766
82331.3
-395990
-300250
7242.19
-69756.1
-1.09064e+06
-873866
-314646
-396694
-491470
-390951
-119166
-154527
195956
197495
325066
206752
-477525
-424444
-422112
-327744
35283.9
51978
165315
90745.1
-396811
-302377
-7843.94
-89922.1
-1.07351e+06
-859382
-320805
-407337
-553004
-443871
-153419
-199864
241578
234515
349513
237330
-497556
-443292
-437131
-342968
60449.1
72840.5
169933
109934
-374231
-284623
-4003.64
-78645.8
-1.07872e+06
-865854
-321558
-412114
-581870
-465636
-166531
-219132
223216
217482
344843
242581
-586032
-516534
-480187
-375071
117385
113988
181867
130959
-429423
-330492
-28469.5
-98491.5
-1.11571e+06
-897426
-342467
-417010
-590798
-476870
-184285
-219275
187356
187806
314380
199711
-635525
-560546
-525728
-418211
98361.4
99957.3
165878
106489
-434661
-335180
-39347
-119517
-1.13072e+06
-912349
-363434
-444091
-574312
-462784
-191911
-228928
185290
185333
304951
212987
-708802
-624064
-575142
-449964
97690.3
96819.9
159330
111403
-492096
-381635
-59836.1
-132800
-1.19161e+06
-960753
-401195
-461483
-589594
-475186
-202556
-229095
142854
151368
277851
179062
-786549
-686666
-614560
-497257
150904
142823
184501
130253
-552570
-432699
-93828.1
-164894
-1.18835e+06
-957385
-399568
-471514
-567860
-457312
-186834
-222816
133568
145592
275436
170284
-735690
-646079
-596360
-491378
139962
134205
176804
121331
-533704
-416463
-93769.4
-167633
-1.14786e+06
-926251
-375957
-461866
-563639
-455404
-187967
-225525
143632
154878
295399
184505
-692278
-610539
-565956
-460733
93729.1
97256.9
157570
106293
-448884
-346899
-57163.2
-134544
-1.1383e+06
-916533
-363520
-447630
-576598
-463996
-194957
-232265
128232
143077
294098
199013
-713809
-626031
-575272
-458728
103721
101061
152489
107017
-424935
-325895
-48782.6
-110159
-1.13886e+06
-918032
-373607
-440747
-597599
-485939
-226919
-244779
97277.4
120509
296139
173849
-720434
-629724
-561002
-464019
43820.8
55856.5
140450
80784.8
-365795
-276520
-11100.2
-93329.6
-1.13212e+06
-913100
-355546
-442633
-571027
-462949
-222897
-242281
167963
178641
336314
216352
-627525
-554168
-524642
-422730
30858.1
44893.5
141341
81914.1
-298152
-217761
36652.9
-51834.5
-1.07816e+06
-866005
-331613
-408836
-491334
-398530
-199387
-214943
249359
243693
359449
246198
-502396
-453045
-475239
-366783
71221.2
78565.9
152328
98363.5
-210077
-148583
65101.2
-9502.81
-960687
-770786
-282976
-362884
-390036
-321518
-167157
-170768
267929
255801
371549
257572
-433645
-395441
-447024
-337516
78300.1
81494.1
160250
99576.2
-164967
-115229
78602.7
5907.88
-887655
-710952
-258250
-332769
-391133
-326768
-181948
-183030
243721
238674
370319
260132
-449257
-408266
-458160
-334981
67348.4
76716.8
158031
106431
-145822
-96019.4
82341.2
18626.6
-883623
-708078
-266649
-328740
-416455
-343532
-205673
-196185
140168
154495
337534
218993
-577061
-511267
-520162
-397424
40210.3
51972.3
154174
94429.2
-213218
-152884
62762.1
-11423.3
-927994
-744811
-296553
-351287
-489737
-406877
-251680
-233988
92500.9
117780
317578
191635
-574169
-514741
-531777
-406675
1552.1
23212.9
148751
75624.4
-202455
-143262
72196.3
-10364.1
-941426
-761385
-312796
-368397
-466480
-391842
-253614
-237067
80213.5
107592
318355
195865
-596458
-531784
-549870
-416668
31802.8
48764.2
172913
97534.1
-211345
-146771
85786.9
-1975.66
-940949
-757617
-330251
-368002
-438484
-364567
-242992
-227228
39692
72672.9
298096
167129
-609720
-545883
-561028
-429350
9671.81
33045.2
169530
88770.2
-222554
-156333
84133
-5837.17
-948071
-768457
-344073
-385335
-445952
-374578
-245261
-227396
10601.7
49170.1
282811
150952
-635937
-568764
-574966
-450119
11294.6
33812.4
164190
93301.3
-245220
-178537
60106.9
-12776
-904985
-735637
-330234
-378678
-451411
-385469
-259491
-227812
-65743.3
-9372.7
263632
128150
-650807
-580258
-582172
-456366
-31731.4
-1092.48
145446
77542.7
-296721
-220388
33698.6
-42513.4
-917766
-742391
-330875
-378635
-493946
-414471
-284560
-255608
-101724
-39465
253155
120076
-650714
-579309
-592306
-460007
22944.2
40106.4
157503
92327.6
-358133
-271038
3617.56
-65706.5
-886388
-717827
-326992
-365083
-487071
-414979
-305010
-257967
-202788
-119758
226409
72121.4
-623483
-560763
-575089
-455619
-30782.5
-1103.79
144642
67369.6
-403049
-307536
-1811.61
-95064.1
-878164
-715738
-313193
-366166
-460572
-394357
-296759
-261664
-285360
-184807
206530
57073.4
-633295
-564196
-571062
-447046
-57751.5
-22838.1
152379
68715.2
-477382
-363961
-9111.78
-109995
-898462
-724579
-313308
-355769
-433565
-366892
-268774
-241219
-320522
-213951
187856
33201.5
-605717
-543188
-556953
-434980
-34817.9
-430.628
158884
79887.5
-531278
-407064
-32457.6
-126283
-854213
-689284
-295905
-341921
-387696
-332713
-255413
-212662
606701
553245
613691
463819
-834076
-699321
-439773
-415997
-1.64484e+06
-1.34657e+06
-664202
-713266
-2.36778e+06
-1.92902e+06
-905447
-997803
-1.81121e+06
-1.41225e+06
-267544
-537072
-1.14412e+06
-889863
-154554
-330354
582983
533427
590175
448850
-812384
-679998
-449289
-411597
-1.65349e+06
-1.35063e+06
-669446
-711184
-2.33283e+06
-1.89406e+06
-886177
-983818
-1.73734e+06
-1.34366e+06
-227638
-504323
-1.17823e+06
-920599
-193503
-357057
603453
547287
604320
457299
-768189
-649345
-428979
-395459
-1.72594e+06
-1.411e+06
-696476
-739196
-2.32923e+06
-1.89328e+06
-883941
-968101
-1.67661e+06
-1.29696e+06
-180724
-464864
-1.16041e+06
-904206
-176456
-344538
607426
550606
593050
456275
-716169
-604453
-417045
-380173
-1.77246e+06
-1.44816e+06
-722296
-765582
-2.39678e+06
-1.95045e+06
-916922
-1.00261e+06
-1.59947e+06
-1.23476e+06
-144515
-425447
-1.09909e+06
-852530
-153978
-316787
634795
571095
591667
456787
-630529
-536297
-385633
-348737
-1.78388e+06
-1.45679e+06
-723143
-771092
-2.39853e+06
-1.94806e+06
-920575
-1.01528e+06
-1.49038e+06
-1.14031e+06
-88683.9
-387237
-1.0773e+06
-835746
-142449
-311293
631120
568961
595916
462833
-630721
-534501
-380771
-339882
-1.88846e+06
-1.54451e+06
-754154
-814516
-2.3257e+06
-1.89152e+06
-871584
-976596
-1.33565e+06
-1.01173e+06
-12242.1
-301826
-1.05427e+06
-819201
-129950
-300182
641546
575131
609582
459310
-663897
-565106
-398471
-363980
-1.92482e+06
-1.57519e+06
-769208
-831620
-2.33011e+06
-1.89376e+06
-862054
-969992
-1.3459e+06
-1.02295e+06
-4288.6
-298699
-1.10032e+06
-854253
-139872
-316102
640015
576494
615614
465877
-674112
-572749
-409561
-364366
-1.94951e+06
-1.59367e+06
-786448
-839942
-2.33764e+06
-1.89468e+06
-850467
-962843
-1.38231e+06
-1.04527e+06
6749.33
-304965
-1.21745e+06
-947134
-179154
-357438
701442
627627
647240
497085
-701369
-596779
-424430
-382091
-1.96468e+06
-1.60694e+06
-802826
-853449
-2.36781e+06
-1.91752e+06
-864331
-964833
-1.42026e+06
-1.07474e+06
5987.07
-304064
-1.22866e+06
-952740
-169388
-355564
780004
690035
685275
528300
-663041
-567464
-418661
-374521
-1.91438e+06
-1.56925e+06
-803718
-844081
-2.38494e+06
-1.93583e+06
-875569
-980615
-1.41087e+06
-1.07044e+06
8799.24
-302596
-1.20473e+06
-931128
-155485
-340650
846881
747450
712952
563720
-634210
-543576
-414060
-359700
-1.90824e+06
-1.56622e+06
-815651
-845441
-2.4002e+06
-1.94651e+06
-887835
-989179
-1.41918e+06
-1.07317e+06
14865.5
-303464
-1.1835e+06
-912288
-134023
-326303
895594
789155
732623
588982
-666206
-571149
-444805
-381786
-1.92283e+06
-1.58157e+06
-831136
-864845
-2.35861e+06
-1.91682e+06
-869118
-980223
-1.38826e+06
-1.04874e+06
25815.1
-289930
-1.17371e+06
-907311
-126306
-325220
903540
796202
735800
597104
-718439
-614598
-476210
-408615
-1.91965e+06
-1.57899e+06
-828723
-866137
-2.3717e+06
-1.92761e+06
-868746
-984114
-1.47703e+06
-1.12173e+06
-8268.91
-320087
-1.16932e+06
-902504
-118158
-316598
900976
791300
731218
589412
-721310
-616903
-492872
-413649
-1.8618e+06
-1.53035e+06
-809642
-835496
-2.36617e+06
-1.91977e+06
-871167
-975722
-1.53009e+06
-1.16269e+06
-26095.8
-346543
-1.14385e+06
-883296
-113582
-307962
913890
802205
750540
597563
-776861
-664273
-515665
-441923
-1.88106e+06
-1.54686e+06
-812884
-847941
-2.40547e+06
-1.95635e+06
-902882
-994907
-1.66052e+06
-1.26912e+06
-81441.7
-389885
-1.10628e+06
-849234
-93290
-287297
910559
801952
752512
603182
-798564
-684061
-529262
-457554
-1.87222e+06
-1.53861e+06
-821672
-844411
-2.48668e+06
-2.02498e+06
-944956
-1.03549e+06
-1.76416e+06
-1.35728e+06
-129851
-439955
-1.05695e+06
-807487
-76990.5
-258544
917984
808375
748593
607117
-787151
-673280
-531837
-449226
-1.85874e+06
-1.531e+06
-824107
-843779
-2.52013e+06
-2.05271e+06
-971491
-1.06281e+06
-1.84766e+06
-1.42256e+06
-163230
-480602
-998824
-761050
-55465.5
-239715
913150
807042
743084
604617
-860391
-734539
-574381
-492472
-1.89679e+06
-1.56035e+06
-841996
-866882
-2.50608e+06
-2.04444e+06
-968178
-1.0652e+06
-1.92042e+06
-1.48413e+06
-203187
-516923
-968353
-736893
-47866.9
-228728
992720
872661
783154
635553
-860674
-737676
-570849
-489293
-1.89729e+06
-1.56213e+06
-834083
-859482
-2.43626e+06
-1.98258e+06
-932352
-1.03135e+06
-1.87164e+06
-1.44241e+06
-179593
-500567
-929671
-709072
-20490.5
-211480
1.03725e+06
906652
814881
655829
-901969
-771520
-578765
-506764
-1.9438e+06
-1.60058e+06
-838564
-874325
-2.36458e+06
-1.92224e+06
-876376
-994319
-1.82421e+06
-1.4011e+06
-135195
-479650
-960672
-736641
-31896.2
-224290
1.10115e+06
962142
861252
701444
-944442
-802414
-572260
-510062
-2.01516e+06
-1.65431e+06
-856226
-889955
-2.32462e+06
-1.88586e+06
-845254
-951217
-1.83043e+06
-1.40156e+06
-120731
-452239
-951791
-723732
-17159.4
-207542
1.07222e+06
940913
855399
696488
-1.01595e+06
-860542
-600636
-543159
-2.08094e+06
-1.70686e+06
-876646
-919095
-2.37584e+06
-1.9305e+06
-861018
-974144
-1.85239e+06
-1.42345e+06
-144663
-467039
-958919
-729417
-27225.7
-213689
1.07263e+06
942981
853264
694918
-1.05267e+06
-888421
-607838
-552762
-2.13833e+06
-1.7515e+06
-886372
-936710
-2.36399e+06
-1.91572e+06
-850692
-972493
-1.87559e+06
-1.441e+06
-151063
-486821
-994131
-759747
-38207.8
-228014
1.10587e+06
976826
888761
719953
-1.14689e+06
-959267
-633453
-579176
-2.20516e+06
-1.80497e+06
-897431
-962440
-2.28135e+06
-1.84582e+06
-793939
-923648
-1.84113e+06
-1.40955e+06
-130291
-462183
-986444
-752884
-22189.7
-225767
1.08592e+06
957500
893391
713760
-1.16686e+06
-979863
-644674
-597543
-2.21161e+06
-1.80822e+06
-897379
-956776
-2.31472e+06
-1.87435e+06
-813190
-933817
-1.86075e+06
-1.42966e+06
-135501
-471308
-1.10455e+06
-846510
-67967.8
-267808
1.04633e+06
924515
883665
697261
-1.15613e+06
-969793
-638534
-591613
-2.22311e+06
-1.81706e+06
-903435
-960643
-2.35645e+06
-1.90628e+06
-830368
-954477
-1.90603e+06
-1.4609e+06
-132324
-486405
-1.2757e+06
-987062
-146543
-345245
1.10808e+06
975718
914423
732368
-1.13533e+06
-953376
-632815
-577592
-2.23543e+06
-1.82661e+06
-921290
-963018
-2.41406e+06
-1.95425e+06
-866786
-970111
-1.95581e+06
-1.50072e+06
-146248
-491735
-1.31957e+06
-1.02011e+06
-167794
-360860
1.1191e+06
987296
926400
739625
-1.13066e+06
-948720
-636206
-582447
-2.25932e+06
-1.84679e+06
-940491
-983581
-2.53495e+06
-2.05534e+06
-924920
-1.03478e+06
-2.04959e+06
-1.57797e+06
-188484
-533146
-1.37931e+06
-1.06835e+06
-192096
-386848
1.10362e+06
974629
920290
735241
-1.15273e+06
-967695
-642425
-589926
-2.29016e+06
-1.87453e+06
-958158
-1.00031e+06
-2.6337e+06
-2.13761e+06
-973178
-1.08686e+06
-2.13385e+06
-1.64745e+06
-213593
-576885
-1.46954e+06
-1.14431e+06
-226497
-431489
1.12967e+06
997204
952393
751331
-1.17417e+06
-986987
-647299
-601240
-2.29726e+06
-1.88273e+06
-959336
-1.01328e+06
-2.64779e+06
-2.15334e+06
-977289
-1.09961e+06
-2.14889e+06
-1.65885e+06
-213176
-576152
-1.54586e+06
-1.20833e+06
-251516
-464201
1.16832e+06
1.03261e+06
971811
772824
-1.15093e+06
-967238
-640201
-593693
-2.29177e+06
-1.87864e+06
-956633
-1.01203e+06
-2.60007e+06
-2.11414e+06
-962333
-1.08169e+06
-2.12021e+06
-1.63745e+06
-191075
-563640
-1.58311e+06
-1.23797e+06
-267503
-480306
1.17502e+06
1.03799e+06
984734
780914
-1.10809e+06
-931364
-622199
-573038
-2.30116e+06
-1.88501e+06
-957865
-1.00833e+06
-2.5341e+06
-2.05687e+06
-929419
-1.04845e+06
-2.0798e+06
-1.59746e+06
-149380
-534040
-1.70105e+06
-1.33571e+06
-317289
-527516
1.17668e+06
1.04541e+06
1.00658e+06
792843
-1.10836e+06
-929354
-613708
-566530
-2.36314e+06
-1.93178e+06
-978600
-1.0292e+06
-2.58045e+06
-2.09399e+06
-962372
-1.05777e+06
-2.14805e+06
-1.65134e+06
-160561
-545652
-1.82758e+06
-1.43159e+06
-349311
-573538
1.13598e+06
1.00759e+06
1.00169e+06
783452
-1.11952e+06
-942817
-621333
-576387
-2.42972e+06
-1.99049e+06
-1.0107e+06
-1.06208e+06
-2.71198e+06
-2.21016e+06
-1.02469e+06
-1.12356e+06
-2.23842e+06
-1.73052e+06
-193439
-581364
-1.94957e+06
-1.5324e+06
-385416
-615708
1.08764e+06
972698
978640
772155
-1.13501e+06
-953500
-631929
-579422
-2.48569e+06
-2.03585e+06
-1.03777e+06
-1.08394e+06
-2.8168e+06
-2.29242e+06
-1.08014e+06
-1.17778e+06
-2.31689e+06
-1.78884e+06
-217311
-612234
-2.07406e+06
-1.63213e+06
-425238
-660822
1.08574e+06
972150
987156
771585
-1.12752e+06
-947485
-634109
-579858
-2.5249e+06
-2.07039e+06
-1.05184e+06
-1.11283e+06
-2.78727e+06
-2.27443e+06
-1.06818e+06
-1.17684e+06
-2.25731e+06
-1.74215e+06
-192512
-590209
-2.14452e+06
-1.6922e+06
-448147
-696970
-554727
-506116
-572823
-429096
93920.8
168568
643128
376286
1.07428e+06
858513
303082
387154
-1.29586e+06
-1.06592e+06
-560084
-572273
1.47125e+06
1.20835e+06
628697
657844
-1.21474e+06
-951636
-204459
-369578
-604432
-548363
-603048
-455365
11870.9
99548.6
572694
323207
1.06959e+06
857544
300077
389761
-1.35631e+06
-1.11169e+06
-580514
-597605
1.3637e+06
1.12395e+06
594953
618503
-1.32233e+06
-1.03602e+06
-255199
-415065
-621999
-563969
-602958
-458892
-13875.6
75067.2
566330
312280
1.13487e+06
903050
323345
416624
-1.37035e+06
-1.12458e+06
-576372
-603259
1.29904e+06
1.06967e+06
574796
592273
-1.31414e+06
-1.02965e+06
-238656
-409841
-615236
-555210
-602734
-456435
-81231
19351.4
535815
275827
1.15222e+06
919528
320467
421917
-1.37671e+06
-1.12567e+06
-573394
-600256
1.26514e+06
1.0446e+06
572498
578622
-1.31361e+06
-1.02802e+06
-245746
-406847
-615326
-554465
-599658
-456623
-111874
-6578.21
513474
258399
1.19473e+06
954504
343189
428412
-1.39156e+06
-1.1378e+06
-572153
-605459
1.23049e+06
1.02002e+06
569847
572070
-1.31395e+06
-1.02888e+06
-246823
-415200
-657477
-589046
-594151
-466145
-182379
-65463.2
480504
226897
1.2004e+06
960355
352563
445543
-1.45643e+06
-1.18939e+06
-575771
-621672
1.13481e+06
940388
548477
536338
-1.36299e+06
-1.0683e+06
-252339
-426382
-667947
-598273
-595126
-470001
-168229
-52183.1
494231
222412
1.19363e+06
956836
358376
438294
-1.52408e+06
-1.24783e+06
-601102
-656762
1.14642e+06
949236
551789
536340
-1.39266e+06
-1.09299e+06
-255167
-440511
-706973
-627365
-609399
-482477
-182699
-60980.9
493829
226075
1.16185e+06
934771
363204
438345
-1.55928e+06
-1.27256e+06
-608146
-669821
1.18769e+06
986768
584422
564602
-1.45555e+06
-1.1403e+06
-265955
-457726
-679909
-605948
-599706
-468150
-116541
-3388.46
537182
264216
1.19266e+06
959436
377072
456650
-1.56506e+06
-1.27653e+06
-610573
-673383
1.23491e+06
1.02441e+06
597929
584436
-1.40534e+06
-1.09615e+06
-241570
-430655
-630478
-565137
-574707
-452319
-84772.9
20211.2
565568
277968
1.23262e+06
994223
402560
476063
-1.46617e+06
-1.19652e+06
-572421
-634123
1.3332e+06
1.10423e+06
639291
624077
-1.33629e+06
-1.04062e+06
-208930
-403127
-590303
-530013
-558135
-428031
-19731.8
77253.5
598537
317070
1.26309e+06
1.02203e+06
425501
491939
-1.41074e+06
-1.15046e+06
-556195
-603442
1.41243e+06
1.17086e+06
671794
663387
-1.24454e+06
-963110
-165826
-358746
-581603
-524173
-551120
-425699
10508.3
101507
608709
329637
1.28974e+06
1.04405e+06
443903
513043
-1.38484e+06
-1.13093e+06
-541217
-599867
1.43681e+06
1.18872e+06
681296
669157
-1.1991e+06
-927126
-148343
-338004
-587693
-529313
-558692
-426439
66768.6
145936
622187
360058
1.33824e+06
1.08265e+06
462968
529561
-1.36472e+06
-1.11575e+06
-539533
-584486
1.46472e+06
1.21211e+06
685462
681951
-1.18336e+06
-920144
-141566
-333074
-536714
-490387
-551609
-414869
41729.2
125172
600189
345082
1.42437e+06
1.1525e+06
496683
570252
-1.33017e+06
-1.0882e+06
-523507
-572499
1.54975e+06
1.28074e+06
726232
720080
-1.19832e+06
-930712
-145914
-337426
-508765
-471635
-548883
-407957
53328.6
136302
622568
349527
1.46661e+06
1.186e+06
506117
594151
-1.30912e+06
-1.06884e+06
-508630
-562226
1.57544e+06
1.30094e+06
731518
728140
-1.16757e+06
-902956
-127948
-318950
-509340
-468387
-557441
-407684
39322.2
123826
630893
349942
1.44517e+06
1.16845e+06
490074
580438
-1.2754e+06
-1.03875e+06
-497679
-541738
1.63022e+06
1.34704e+06
746727
755290
-1.17395e+06
-908878
-134844
-318503
-494583
-459098
-565928
-409215
60292.2
143270
635154
366340
1.46987e+06
1.18747e+06
483247
580392
-1.24229e+06
-1.01309e+06
-493282
-526458
1.67742e+06
1.38495e+06
757639
771723
-1.13453e+06
-876494
-123836
-308673
-508418
-471106
-583040
-420799
57225.4
140415
631608
357600
1.50416e+06
1.21372e+06
481241
586182
-1.26718e+06
-1.03307e+06
-504256
-544198
1.65633e+06
1.36574e+06
738492
754489
-1.11954e+06
-866062
-125889
-304616
-493436
-460104
-579463
-418403
173786
234816
685055
414182
1.5278e+06
1.22804e+06
483078
588398
-1.31943e+06
-1.08178e+06
-532604
-562812
1.67071e+06
1.37461e+06
726578
754976
-1.10138e+06
-853166
-122870
-298656
-495088
-465410
-583133
-429631
209412
261996
705761
425931
1.49787e+06
1.20106e+06
464220
570438
-1.43253e+06
-1.17524e+06
-579874
-617981
1.6475e+06
1.35204e+06
716117
737977
-1.16923e+06
-910944
-144309
-331904
-463220
-438625
-572738
-405678
309740
350274
778387
488595
1.49322e+06
1.1921e+06
441460
570680
-1.55181e+06
-1.2723e+06
-633865
-667102
1.63023e+06
1.3393e+06
698955
733319
-1.17015e+06
-908788
-135042
-323922
-492717
-461124
-592384
-421494
265105
315232
776424
479604
1.41348e+06
1.12711e+06
392765
525891
-1.63839e+06
-1.34334e+06
-682053
-712298
1.56641e+06
1.28587e+06
664761
702786
-1.19747e+06
-931759
-161453
-339297
-549989
-509226
-630259
-452131
300700
346709
794338
496618
1.35137e+06
1.07452e+06
357283
481839
-1.74463e+06
-1.43258e+06
-736307
-762190
1.48113e+06
1.21484e+06
615920
660330
-1.21721e+06
-950900
-181437
-356460
-559626
-517077
-626064
-455618
343830
388728
834886
531423
1.3314e+06
1.05855e+06
334736
477040
-1.86624e+06
-1.53239e+06
-783558
-818671
1.42039e+06
1.16379e+06
587993
624878
-1.2949e+06
-1.0104e+06
-212364
-382333
-597160
-548964
-648439
-475622
282182
337572
822742
506571
1.33609e+06
1.062e+06
332583
463640
-1.89009e+06
-1.55232e+06
-800880
-831069
1.44669e+06
1.18445e+06
598185
634664
-1.35514e+06
-1.06292e+06
-232063
-412252
-654695
-598715
-689943
-506501
186123
259303
786195
463907
1.31271e+06
1.04365e+06
325118
460633
-1.95449e+06
-1.60411e+06
-822070
-855893
1.46834e+06
1.20318e+06
618920
648954
-1.47413e+06
-1.15888e+06
-269637
-459453
-582189
-541618
-679617
-480474
214378
286889
822162
494513
1.37712e+06
1.09228e+06
332684
487506
-1.98077e+06
-1.62499e+06
-846294
-870926
1.56625e+06
1.28342e+06
648966
689570
-1.44684e+06
-1.13327e+06
-250406
-441889
-563514
-524765
-680544
-482332
168579
252181
823212
482822
1.37995e+06
1.09802e+06
331245
482803
-1.97493e+06
-1.61877e+06
-849536
-877202
1.64307e+06
1.34727e+06
682476
722232
-1.43638e+06
-1.12189e+06
-237782
-434480
-588653
-550326
-708280
-500910
133820
224329
814727
471349
1.37923e+06
1.09435e+06
331825
473342
-2.0017e+06
-1.64383e+06
-863064
-885259
1.6684e+06
1.36629e+06
693311
733860
-1.4532e+06
-1.13762e+06
-237046
-441981
-564234
-532088
-689235
-493381
86307.3
188158
820962
458308
1.40923e+06
1.12082e+06
351877
496262
-2.02647e+06
-1.66416e+06
-855809
-899486
1.71931e+06
1.40854e+06
725114
757929
-1.48305e+06
-1.15971e+06
-228782
-442971
-566818
-534360
-704959
-496151
150888
242338
843895
489347
1.39611e+06
1.10798e+06
341038
485864
-2.03594e+06
-1.67183e+06
-854116
-896577
1.77489e+06
1.45436e+06
745409
779643
-1.49926e+06
-1.17339e+06
-233258
-447019
-617415
-578022
-741667
-527487
133815
228366
836273
480662
1.32596e+06
1.05273e+06
314787
465321
-2.0723e+06
-1.69809e+06
-849440
-902781
1.77745e+06
1.4586e+06
760635
792508
-1.60697e+06
-1.25857e+06
-271579
-483588
-692434
-639068
-783092
-555513
156028
254117
874214
504617
1.25859e+06
996046
281546
437911
-2.10472e+06
-1.72128e+06
-852443
-912316
1.78161e+06
1.46506e+06
771840
794155
-1.67122e+06
-1.3061e+06
-290100
-505082
-778798
-713869
-827417
-609666
93166.3
198424
868164
484882
1.12256e+06
883053
228588
375270
-2.15069e+06
-1.75909e+06
-859713
-925327
1.78145e+06
1.46259e+06
785437
804064
-1.75871e+06
-1.38213e+06
-324833
-545956
-881483
-797477
-883704
-650728
43585.4
163262
850471
478659
1.0196e+06
798428
183369
329486
-2.21072e+06
-1.80708e+06
-881651
-940550
1.73958e+06
1.43214e+06
773553
797344
-1.8408e+06
-1.4491e+06
-363273
-580426
-883958
-802903
-885153
-662843
27247.7
150462
858419
468972
982140
767099
164151
309035
-2.23774e+06
-1.82882e+06
-877018
-956387
1.7593e+06
1.44659e+06
790470
801174
-1.90841e+06
-1.50511e+06
-384535
-609498
-1.01705e+06
-817019
-316369
-387431
1.04625e+06
876351
577101
536514
-679011
-562366
-328417
-316135
109911
94974.3
98968.8
71341.4
-1.09678e+06
-893385
-402533
-451226
-272711
-190912
120051
5493.51
-975691
-784970
-322261
-378368
1.00587e+06
850915
563799
519800
-677021
-558959
-334276
-324853
61345.8
60989.4
78464.8
56518.3
-1.08234e+06
-879388
-403959
-445267
-300638
-209758
88520.6
-8225.77
-976312
-789188
-321350
-380102
1.0526e+06
882860
586090
547542
-705210
-586399
-351788
-328365
73269
64356.6
95431.8
62208.4
-1.13494e+06
-924366
-420065
-464844
-287100
-206346
89099
-7867.27
-975980
-788437
-329083
-380991
1.10144e+06
926044
597238
560426
-753040
-625116
-379167
-357401
66142.1
61330.2
93349.4
61502
-1.16756e+06
-948234
-433334
-476722
-273078
-193749
94836.5
-5795.45
-950231
-767157
-321159
-377562
1.2052e+06
1.00993e+06
640702
591904
-787212
-650794
-396459
-376561
121308
108518
128957
77114.9
-1.18778e+06
-964755
-437777
-487297
-213461
-146410
122885
7977.58
-943968
-762403
-319683
-373936
1.27306e+06
1.06765e+06
680284
640859
-878454
-730327
-432037
-421496
99686.5
96741.4
145436
95213.3
-1.22782e+06
-996043
-428054
-494734
-127302
-73937.9
157166
58730.2
-947290
-764201
-317644
-384600
1.25936e+06
1.0542e+06
678783
636388
-909361
-754991
-449885
-448232
113111
108969
156587
100899
-1.23822e+06
-1.00271e+06
-433622
-506262
-114949
-63485.5
163914
59344.6
-968980
-779210
-324706
-383910
1.23353e+06
1.0373e+06
675039
625205
-885899
-733753
-436787
-432125
124070
121514
168279
117190
-1.22478e+06
-988423
-436573
-496890
-146532
-85545.1
164116
51853.6
-977987
-786874
-322855
-387793
1.2882e+06
1.08148e+06
700633
657954
-900726
-744976
-441889
-433311
176221
163604
193749
139348
-1.18958e+06
-963502
-429270
-493121
-148539
-86023.1
168580
64722.2
-911034
-733789
-296235
-364098
1.33332e+06
1.11441e+06
703245
666947
-879955
-730768
-440786
-432663
257936
227983
222903
171911
-1.06939e+06
-865476
-386730
-443006
-141810
-81755.7
176229
63378.7
-853591
-685518
-268431
-333718
1.40922e+06
1.17555e+06
723047
690733
-836785
-693289
-430496
-411183
337743
294826
258770
209451
-987699
-800054
-359044
-408649
-132937
-72074
189766
69816.2
-800791
-642587
-253861
-317099
1.41475e+06
1.18228e+06
720994
698404
-865173
-722124
-451418
-437734
329433
290584
253964
212655
-896819
-727467
-318778
-375122
-98626.5
-43200.7
200634
89886.7
-772453
-620147
-248024
-296575
1.44569e+06
1.20313e+06
735153
704136
-839815
-700922
-442388
-422229
315790
274608
256774
198685
-835411
-677395
-291609
-338831
-114593
-59382.8
184684
77629
-747376
-601394
-250913
-289939
1.48032e+06
1.23488e+06
758762
720652
-763858
-637956
-408070
-384363
325333
285786
264721
213625
-783707
-633324
-269155
-311573
-158202
-93386.2
152425
54282.5
-805791
-649412
-267472
-313808
1.49174e+06
1.24498e+06
773541
739433
-790969
-661049
-414379
-393745
315223
276695
264831
212517
-781883
-631164
-263919
-312633
-219168
-145925
119066
27264.6
-844467
-681309
-280477
-327646
1.49615e+06
1.24824e+06
766833
735353
-804840
-671735
-427513
-397934
287157
252270
248175
197409
-757564
-608444
-252826
-293392
-270625
-189466
101455
-1390.88
-850564
-684580
-282482
-325932
1.59013e+06
1.3246e+06
797643
767697
-764858
-637795
-417501
-383184
297458
260456
252521
199360
-732390
-589096
-238178
-283304
-295491
-209702
89822.4
-12952.1
-890216
-716103
-308901
-351284
1.64051e+06
1.36895e+06
819604
795994
-807267
-676253
-441276
-412235
241704
218802
229868
180084
-727916
-582186
-224852
-276677
-302190
-215811
76331.5
-20791.8
-835554
-674533
-287702
-332621
1.7105e+06
1.42338e+06
844862
831351
-787194
-660965
-439289
-400937
276769
245418
226805
187611
-737073
-591148
-229536
-279277
-194951
-127411
118293
26278.9
-809447
-656037
-275221
-324646
1.72174e+06
1.43399e+06
859635
825588
-779638
-656899
-432812
-405176
288842
253890
225386
184480
-738273
-593050
-234310
-284978
-144651
-86482
148316
44226
-839082
-677355
-274676
-323633
1.79687e+06
1.49403e+06
895782
874332
-805837
-678293
-442394
-403111
323457
279871
237311
203672
-810117
-650853
-263817
-308817
-62242.4
-17389.2
193580
94043.8
-888666
-718485
-294673
-345013
1.77946e+06
1.48067e+06
881988
865126
-890276
-749907
-482270
-447135
272884
237502
202142
175920
-869761
-701043
-284929
-336937
-58087.4
-13537.6
203194
100800
-910845
-734062
-299017
-354269
1.80295e+06
1.49892e+06
887522
860187
-924563
-773165
-503170
-464790
248291
214420
183673
151918
-944695
-761097
-316589
-367429
-21403.4
17458.5
225697
109597
-932535
-748763
-309984
-361829
1.83559e+06
1.53141e+06
905765
893974
-973335
-815127
-523703
-489002
196519
177527
159243
139984
-980479
-788172
-321490
-384141
83993
108655
270736
173327
-965141
-776517
-320329
-378945
1.80074e+06
1.49626e+06
894939
866451
-980031
-820213
-535264
-494157
177435
155185
146604
115022
-1.01788e+06
-821117
-347213
-397834
61903
86491.9
267603
156167
-1.00926e+06
-812860
-341583
-393757
1.76461e+06
1.46935e+06
890970
848087
-966493
-808880
-533082
-490914
170472
152466
141604
110616
-1.1021e+06
-889791
-394495
-440285
6182.23
43564.1
254278
137007
-1.0548e+06
-849827
-361099
-412685
1.83056e+06
1.52177e+06
920632
891418
-975671
-818499
-548837
-489057
243390
209343
166483
146904
-1.16964e+06
-946448
-437442
-472507
-7949.29
32949.8
254153
143315
-1.09797e+06
-883477
-373845
-434467
1.82659e+06
1.52115e+06
918367
887573
-1.001e+06
-840753
-566950
-515047
213751
186803
153702
135809
-1.24301e+06
-1.00682e+06
-475450
-510393
-76395.8
-20984.1
237466
113227
-1.14335e+06
-922426
-391718
-449345
1.83469e+06
1.52543e+06
927213
885075
-1.01245e+06
-849316
-579664
-520906
167557
145948
138724
106691
-1.33748e+06
-1.08743e+06
-521653
-558660
-123918
-60179
228830
93411.6
-1.17353e+06
-946855
-403697
-470983
1.82548e+06
1.52157e+06
936011
892200
-1.02707e+06
-865869
-586910
-541564
131259
119908
131109
100049
-1.37571e+06
-1.11893e+06
-524363
-579735
-106589
-44928.9
245203
108385
-1.13123e+06
-911149
-390083
-450389
1.90646e+06
1.58621e+06
961094
928003
-934628
-788599
-555420
-495184
149744
132479
128575
101224
-1.36851e+06
-1.11236e+06
-520552
-573403
-44401.4
6328.61
269599
133568
-1.10629e+06
-890416
-374976
-435307
1.89973e+06
1.58582e+06
965721
929419
-874547
-738163
-523813
-468730
116356
107905
106412
92062.5
-1.37991e+06
-1.11848e+06
-518816
-570182
-16378.7
32298.5
286474
150069
-1.16558e+06
-934362
-385072
-452538
1.91559e+06
1.59794e+06
968943
945832
-890142
-747852
-526640
-462116
70244.7
67791.7
78532
71518.9
-1.4512e+06
-1.17529e+06
-545975
-600305
-20380.9
30789.6
288340
159810
-1.23212e+06
-992653
-398991
-476868
1.87815e+06
1.56211e+06
942814
917890
-953650
-806179
-553261
-495593
-35849.6
-25047.8
25513.1
15663.1
-1.5202e+06
-1.23475e+06
-568556
-625637
-88491.6
-29204.2
269537
126640
-1.27937e+06
-1.02636e+06
-413219
-483661
1.89276e+06
1.57487e+06
940308
918382
-992610
-832890
-567993
-506848
-120666
-94346.4
-17453.5
-27000.2
-1.59567e+06
-1.29463e+06
-601405
-653430
-126896
-56977.3
259069
116358
-1.3003e+06
-1.04387e+06
-421843
-500782
1.94053e+06
1.61342e+06
956175
936385
-1.00885e+06
-849944
-575859
-523692
-161602
-127536
-37309.1
-48470.8
-1.60687e+06
-1.30404e+06
-590788
-663282
-67083.9
-8915.2
281378
140206
-1.09036e+06
-885637
-394625
-445320
-2.09681e+06
-1.71203e+06
-821873
-887534
1.00522e+06
780530
135644
286303
405838
352742
301704
255973
1.87811e+06
1.51926e+06
642045
746018
208272
196386
242001
175749
-1.14121e+06
-925147
-422428
-473865
-2.11802e+06
-1.72623e+06
-838702
-904837
1.02746e+06
801284
133769
300647
342585
301675
272851
230723
1.89858e+06
1.53555e+06
641999
747880
217032
203459
230856
171147
-1.15115e+06
-937689
-419269
-473474
-2.15778e+06
-1.76299e+06
-855769
-917430
1.00126e+06
773315
119275
282449
279656
247948
251227
200760
1.96011e+06
1.57928e+06
665514
776547
242033
221169
242531
194098
-1.16544e+06
-947752
-420197
-481220
-2.21042e+06
-1.80507e+06
-878894
-938288
958438
738883
89574.9
259942
237594
216746
243309
181099
1.97388e+06
1.59117e+06
669882
779805
166688
159714
213765
159173
-1.16879e+06
-945716
-413536
-479829
-2.24341e+06
-1.82994e+06
-896778
-962879
972665
748109
88629.5
253988
236299
216310
249597
187211
2.02668e+06
1.63778e+06
690182
797607
145822
145375
201685
140831
-1.16033e+06
-939642
-402022
-469720
-2.25171e+06
-1.8402e+06
-894734
-964890
886544
678698
60777.9
227920
177049
170068
242294
171572
2.0779e+06
1.68066e+06
709569
824890
177769
169076
232263
163533
-1.16765e+06
-943468
-390075
-470582
-2.25458e+06
-1.8419e+06
-894741
-975051
874196
666408
48386.6
206202
183386
173834
245259
166005
2.12875e+06
1.71984e+06
738754
845401
179776
173897
240478
162425
-1.20365e+06
-969254
-393315
-470239
-2.24746e+06
-1.8303e+06
-886001
-965373
935241
716660
67395.8
234794
211048
198457
270229
181964
2.14757e+06
1.73588e+06
761594
863466
185401
180167
243063
167346
-1.16352e+06
-936916
-373033
-458287
-2.21951e+06
-1.81002e+06
-872943
-953404
957882
733806
66354.2
239604
242871
227566
279138
205631
2.22672e+06
1.80275e+06
807458
906205
219278
209544
258655
193351
-1.08692e+06
-872994
-326364
-418162
-2.15295e+06
-1.75647e+06
-843101
-925036
1.01584e+06
777453
81308.8
255068
322405
290458
312292
229009
2.28811e+06
1.85534e+06
844840
937831
212751
199954
253565
186165
-1.05178e+06
-841556
-306533
-394508
-2.09708e+06
-1.70819e+06
-820510
-899439
1.08125e+06
830553
100350
282255
411581
365367
344239
272659
2.33539e+06
1.89716e+06
877605
970798
211411
201656
245464
182964
-985548
-788087
-282759
-364885
-2.02386e+06
-1.65148e+06
-791057
-872440
1.07142e+06
821446
84736.1
274951
477088
418244
365412
296972
2.36652e+06
1.92592e+06
900335
989015
237763
219175
257851
189616
-974146
-781062
-283478
-368426
-2.00506e+06
-1.63566e+06
-785339
-853398
1.09436e+06
843733
84135.8
279408
497700
429953
367635
305226
2.3498e+06
1.91449e+06
906476
988599
320803
290599
294008
221776
-930304
-745725
-276583
-348501
-1.97268e+06
-1.60787e+06
-774647
-840278
1.17496e+06
909315
112208
317401
552919
475705
394780
326992
2.39888e+06
1.95193e+06
928721
1.00982e+06
410829
363172
321450
265992
-918497
-740235
-284649
-355260
-2.01188e+06
-1.64335e+06
-800642
-862841
1.15456e+06
892471
101770
307650
543659
469379
389772
322933
2.42969e+06
1.97715e+06
938610
1.03065e+06
487520
424818
358554
301255
-900248
-726881
-279644
-345161
-2.01724e+06
-1.64758e+06
-810055
-864383
1.12726e+06
867892
86829.9
290028
549696
473339
389950
326235
2.39483e+06
1.9496e+06
927695
1.01354e+06
473142
413440
353879
301791
-894004
-721063
-293131
-349004
-2.00025e+06
-1.63359e+06
-817673
-865747
1.15506e+06
889670
87998.7
300408
590101
506235
395258
340835
2.38612e+06
1.94392e+06
919628
1.01356e+06
520333
452302
361223
313616
-849302
-688152
-303503
-343504
-2.00061e+06
-1.63675e+06
-829651
-873071
1.10542e+06
848609
62069.1
271315
611068
523359
398788
342044
2.39194e+06
1.94983e+06
916007
1.00686e+06
583575
502278
392482
336829
-814177
-661705
-288643
-331313
-1.91467e+06
-1.56684e+06
-794290
-839281
1.1285e+06
866803
57986.3
277648
646688
550582
406661
362407
2.45888e+06
2.00477e+06
940471
1.03288e+06
675696
581754
441951
386613
-855507
-697475
-304839
-349596
-1.84347e+06
-1.50887e+06
-755421
-810145
1.14612e+06
879012
67124.9
283896
623043
528478
398175
348937
2.49811e+06
2.03437e+06
952724
1.04577e+06
741455
633273
479242
413105
-869791
-708365
-312132
-350879
-1.79181e+06
-1.4649e+06
-729700
-772333
1.11924e+06
857596
63736.5
278679
618995
526517
398582
348153
2.54911e+06
2.0732e+06
963459
1.07827e+06
824514
704207
531085
473046
-906784
-738830
-334061
-368199
-1.80869e+06
-1.48038e+06
-732207
-778932
1.02042e+06
776406
29121.5
236466
573693
492144
384878
332721
2.49087e+06
2.02558e+06
932261
1.04358e+06
773179
661657
523301
454095
-982102
-801032
-371351
-406221
-1.80821e+06
-1.47624e+06
-739932
-782875
1.00287e+06
763817
21330.6
228339
538458
459938
362971
312651
2.4366e+06
1.98111e+06
900793
1.012e+06
786743
678506
528227
457911
-969648
-790056
-368717
-399722
-1.7218e+06
-1.40557e+06
-698143
-742101
918619
700279
-7706.05
205765
540518
465512
369640
317717
2.46846e+06
2.00864e+06
909299
1.02376e+06
862545
742111
582228
503893
-1.04649e+06
-853281
-396922
-434973
-1.80388e+06
-1.4757e+06
-738108
-773973
909494
684441
-18792.8
181213
545969
466716
373149
315358
2.49463e+06
2.02704e+06
919100
1.024e+06
813830
702550
555710
479934
-1.17029e+06
-952329
-439858
-485647
-1.92146e+06
-1.57149e+06
-795760
-831668
979026
741186
3696.05
207726
543421
463429
372048
315021
2.51647e+06
2.04446e+06
924599
1.03338e+06
775628
670799
524767
455133
-1.1522e+06
-938384
-435615
-474249
-1.99235e+06
-1.63252e+06
-840999
-861913
1.03018e+06
780919
19463.8
232354
616227
524232
397132
345103
2.64891e+06
2.1488e+06
966973
1.09399e+06
787480
678867
523630
469735
-1.17859e+06
-956962
-443070
-482377
-2.0918e+06
-1.71367e+06
-884915
-914156
1.01253e+06
768516
12807.8
224835
664183
566885
423107
366833
2.6621e+06
2.162e+06
971749
1.09631e+06
685712
593640
487853
418953
-1.24708e+06
-1.01498e+06
-467883
-518584
-2.20977e+06
-1.81157e+06
-942228
-971093
1.00327e+06
758731
6304.56
215769
668581
566366
423626
370572
2.66425e+06
2.16212e+06
970283
1.09488e+06
601981
526418
443157
378726
-1.24635e+06
-1.01232e+06
-458595
-507523
-2.26181e+06
-1.85729e+06
-960397
-1.00034e+06
1.00545e+06
760413
17281.7
217308
707236
600489
448387
389631
2.69448e+06
2.18852e+06
985692
1.11002e+06
621428
538796
456049
377497
-1.28903e+06
-1.05015e+06
-487760
-535908
-2.25804e+06
-1.85222e+06
-963548
-999354
1.10886e+06
846995
51725.6
255933
746523
631729
465150
404626
2.74139e+06
2.22519e+06
1.0041e+06
1.12262e+06
711407
614988
482571
417153
-1.35396e+06
-1.1026e+06
-522319
-562918
-2.27734e+06
-1.86658e+06
-968369
-1.00674e+06
1.23572e+06
952599
101489
319459
709961
603708
461190
400223
2.76194e+06
2.2419e+06
1.01106e+06
1.13403e+06
756970
650275
494362
434279
-1.44545e+06
-1.18019e+06
-565479
-605367
-2.36059e+06
-1.93394e+06
-1.00356e+06
-1.03765e+06
1.26621e+06
976884
107697
334179
661007
569415
453165
380970
2.77969e+06
2.25331e+06
1.01918e+06
1.14601e+06
756646
653820
493102
447213
-1.55864e+06
-1.2762e+06
-614390
-657611
-2.46658e+06
-2.02688e+06
-1.04691e+06
-1.08397e+06
1.23889e+06
949540
98200.2
316435
622994
535660
448844
369936
2.7005e+06
2.1868e+06
990956
1.11371e+06
645952
556196
452693
395576
-1.67094e+06
-1.36688e+06
-667435
-709865
-2.5837e+06
-2.11839e+06
-1.10341e+06
-1.13254e+06
1.23816e+06
951177
86107.2
318779
546252
474416
421799
348162
2.62797e+06
2.13068e+06
962823
1.08247e+06
570028
498435
411636
362598
-1.6558e+06
-1.35626e+06
-669057
-710183
-2.59883e+06
-2.13496e+06
-1.11305e+06
-1.14902e+06
1.2569e+06
964748
94835.7
319211
553575
480785
440506
349922
2.67235e+06
2.16813e+06
978979
1.10002e+06
601015
519981
426308
367828
