-18521.2
-15440.4
-10411.4
-9323.91
1143.39
-652.66
6098.09
314.663
-17054.7
-9487.25
-19684.4
-4656.3
-7059.05
-4637.91
-84.1457
-896.611
-5617.26
-2452.95
1887.98
-1122.18
-4086.37
-1791.81
1182.99
2574.58
-42572.1
-33996.3
-40943.6
-19605.2
13364.3
5533.11
11037.2
1124.3
3676.96
1069.15
-191.626
1062.07
32626.6
18681.1
32118.9
11100.2
-28165.5
-22923.7
-24829.3
-13326.8
19597.5
7412.6
21167.2
6911.97
-48391.6
-27575.8
-47468.8
-15166.7
4662.66
3062.48
4827.42
2289.61
7132.59
5943.94
1653.22
1783.32
45433.7
27637.3
47147.1
17584.3
-13101.3
-5179.56
-15588.2
-3197.54
28675.3
12908.2
32017.1
10977.8
-33502.7
-16472.8
-39460.1
-12744.9
26321.3
18147.9
23960.3
9583.42
8695.29
6673.67
3729.99
376.888
97286.6
63602.1
92363
39161
-233.345
2892.07
-2181.42
948.937
39244.4
16085.3
35596.5
10827.2
-41300.7
-17343.2
-44135.5
-14421.4
28166.2
20942.4
25431.1
10416.4
2916.82
11117.1
-4868.43
1918.38
145361
90074.1
136279
50322
-9953.94
-2605.69
-10893.7
-3458.46
35877.2
16408.4
39361.1
11496.1
-63781.7
-32949.8
-65929.2
-23515.5
22462.7
16344.8
19518.3
5978.59
14596.1
19166.8
10627.8
8848.03
175377
108872
160853
57941
-46175.5
-26863
-42079.2
-17476.9
55838.1
28370.5
56937.7
19674.5
-78046.9
-38173.2
-73962
-25659.5
50565.2
34426.9
43073.4
19714.1
-1616.45
7141.07
-11505.3
-238.295
168730
96632.5
154398
51453.3
-58859.6
-33876.8
-49967
-19786.3
57863.3
21668.6
55089.3
15091.8
-90770.6
-34518.1
-93296.4
-23193.8
108269
83857.9
90960.1
43405
7514.42
16472.8
4654.18
6702.67
182355
117464
162074
62292.6
-85357
-46283
-79432.1
-23191
61616.6
31892.6
59595
19356.3
-82155.2
-30445.9
-80789.1
-20148.3
107390
81343.4
89666.8
42308.3
-24631.4
-11494
-25810.8
-11125.6
139990
88080.8
124080
45739.9
-60522
-31788.7
-56908
-17145.9
18995.7
-5422.8
24328
-12.0208
-54486.8
-10189.4
-59193.3
-8703.78
155665
117581
130739
62709.8
-37311.9
-18034.1
-34779.8
-13952.6
161890
114292
143232
61019.8
-37343.7
-16630.4
-34226.1
-6479.22
7584.43
-7172.18
9250.37
-2118.49
-35908.3
-3744.13
-43977.1
-7152.39
178604
134850
146959
67493.3
-53892.1
-25199.2
-56613.1
-18362.9
158581
105678
133686
52468.7
-50317.7
-33303.3
-48179.4
-18319
-21660.8
-25964.3
-17121.2
-12451.4
-28681
3490.28
-43739.5
-6443.86
207539
158805
165445
75995.6
-50107
-21434.5
-47567.8
-13768.1
145559
102706
118266
47601.7
-94894.4
-59660.7
-88468.3
-32765.2
-24791.9
-25748.6
-20880.9
-12450
-26126.2
7730.8
-32258.2
-6190.01
251787
187450
209980
91205.5
-79763.1
-42951.8
-81600.8
-27145.8
129031
91187.1
111102
41707.3
-69891.1
-33651.2
-62106.6
-20931.8
-37099.1
-32924.3
-34139.1
-17500.2
-45114.1
-152.735
-51553
-6392.25
256718
196031
212074
95283.3
-85949.5
-42038.2
-83005.9
-23720.6
114827
82030.8
100661
39203.4
-57217
-20909.9
-53534.3
-11417.7
-32125.3
-22641.6
-26800.1
-11525.8
1604.43
29629.9
-8177.69
8240.62
291503
215984
247910
108042
-78090
-41117.6
-74887.6
-25923.9
101090
67697
88856.5
32321.1
6002.63
16180
5528.16
6954.4
-40672.1
-35500.3
-32344.5
-18329.6
29062.1
45251.3
9867.68
18624.5
326066
238325
269999
119835
-86872.3
-47511.2
-88017.1
-28886.7
97726.4
68885.6
80037.4
34631.3
31517.2
31672.7
21779.6
17192.6
-53344.1
-40778.1
-54829.8
-22396.9
69886.2
71096.8
47226.2
27901.7
362795
261224
308912
129951
-90881.6
-43772
-94375.4
-30351.9
123510
82858.8
105881
38922.7
64358
52661.8
53786.1
24132.8
-49424.6
-31967.6
-49753.4
-20772.7
80402.3
78528.5
54654.4
34681.5
369325
265936
312139
135184
-89140
-38788.3
-88885.4
-22300
129087
84779.3
111336
43508.3
80182.4
68211.1
65398.9
35787.4
-20702
-8555.28
-24399.4
-3904.64
76715.4
74511.4
54771.1
29738.1
390942
272822
338481
135644
-105799
-48366.1
-107431
-33414.3
82191.3
52627.1
71925.5
26481.1
123553
91102.2
104405
43929.7
-33456.8
-17754.7
-33097.5
-12336.9
55385.6
65273
33125.1
25950.1
402301
286069
346402
142389
-104075
-44970.6
-98632.2
-27409.6
67765.6
44823.5
56514.8
23642.8
136032
101120
108964
50304.3
-59059
-33619.4
-51396.8
-20494.1
66434.1
78872.1
42484.4
32384.1
389860
279918
335553
139325
-112067
-59392
-102311
-37693
33757.3
24438.3
27459.1
12268.3
181622
141927
145427
69515
-108136
-75169.7
-91655.9
-41401.8
94432
99110.2
66300.5
42689.5
424810
307012
364745
153300
-136262
-75808.9
-123587
-44746.4
44576.7
38746.6
36985.9
20303.2
229757
177973
188991
86894.2
-138794
-90188.6
-121336
-49578.8
117004
108343
84515.5
46971.7
425760
304206
363820
150693
-146170
-85533.1
-133696
-48957.2
37059.5
24193
29598.8
11335.6
257012
192791
210254
92454.2
-173798
-123054
-149212
-64041.2
116480
109095
83393.3
47661.1
415216
299684
351337
146742
-143058
-83977.4
-125460
-43182.3
13826.8
10006.3
10597.4
4886.11
265509
203627
216896
98143.6
-190333
-132687
-161679
-65680.3
125977
115929
97587.1
50070.2
430665
312401
370757
154509
-108413
-63996.7
-98181.1
-32555.9
50005.2
39904.2
44455.8
19859.8
281170
219901
234803
103526
-163398
-108378
-143369
-53392.2
86324.3
84776.4
56799.1
34547.1
427801
308849
368393
152306
-63860.9
-47179.6
-52365.5
-19975.1
81434
55588.5
74145.8
28567.1
242905
186859
198107
86752.8
-134549
-93954
-113249
-44682.8
85747.3
90546.4
50151.5
35921
385896
282727
323642
135847
-56912.9
-47854.9
-47779.9
-24110.2
80794.7
52105.3
69796.4
24671
256393
206853
196777
91711
-135752
-102847
-113982
-51954.7
56691.6
67832
25139.1
23306.9
336702
251766
278404
119566
-63177.9
-55722.8
-49640.3
-26295.2
95091
67448.8
80781.3
35274
228130
193345
172282
84848.6
-150463
-111029
-130760
-54201.9
46027.7
69605.5
16413.4
22812
292651
230742
239358
106811
-34333.6
-35880
-22745.5
-15624.2
137672
93700.8
120230
45913.2
204240
183366
149113
75586.9
-115972
-86110.8
-96667.9
-42611.7
18467.5
46460.5
-7054.1
11525.8
248390
201064
201155
92452.1
-3631.7
-24403.7
17474.7
-2806.51
150311
98293.5
137162
51181.1
148730
149149
105487
61690.8
-81595.9
-67877.3
-60101.2
-28111.7
-19593.2
30251.4
-35750.6
3156.52
233073
194493
185529
90271.4
-18593.4
-32398.2
-16998.8
-12157.3
126160
80194.4
121976
44060.5
154009
164286
113693
68916
-55022.8
-49992.4
-43879.5
-18383.4
-48470.8
5779.89
-66587.5
-9107.54
215535
182539
167890
81616.4
-13111.9
-25554.8
-8051.12
-9379.06
127654
73626.1
123854
42850.7
150444
154525
107143
66248.8
-31531.3
-36912.4
-23958.9
-14703.6
-34720.4
21913.2
-56924.9
-1391.59
207874
179252
159593
80335.8
-14690.1
-24986.3
-11345.5
-12237.2
124201
66504.1
123937
39066.2
211443
197428
159217
86964.2
-9842.22
-20214.1
-4925
-6373.86
-26236.5
25158.2
-53160.3
-1229.66
218793
190695
165293
85477.2
-22957.6
-26078.8
-20142.6
-15300.4
140568
79765.9
133939
49021.6
238502
213975
183316
96667.9
2770.44
-9927.07
-4964.6
-4058.09
-30619.8
24592.5
-51966
-1547.86
200084
176862
150745
77140.4
-28538.1
-20296.8
-30851.8
-12703.2
158350
80611.6
155901
47243.9
259401
221898
205504
99573.4
13115.4
5232.59
12022.2
3303.6
-47501.3
7766.86
-69395.5
-11514.5
171844
158947
122827
65635.8
-11780.4
-6801.66
-10854.8
-3623.22
157140
75849.9
156284
46023.5
257448
219139
204002
98473.8
42291.3
23492.2
36349.5
13743.3
-9430.68
-6495.48
-15670.2
-3666.35
5275.72
2868.73
4836.61
5017.63
3131.78
3353.81
-4418.71
1650.39
-13907.4
-13465.4
-10776.3
-6663.77
-5.65685
-3892.62
2430.33
-1043.69
-14528.2
-9114.61
-19995.6
-4103.34
-18407.4
-7559.68
-14492.9
-3914.54
19777.1
10418.5
27138.8
6234.56
12182
10946
16450.8
4804.79
-36594.9
-33566.4
-18990.8
-17369.4
721.249
-2250.01
7776.76
1526.64
-9971.62
-6620.64
-11149.7
-1646.14
-25916.2
-14309
-19004.9
-7526.44
13654.2
-4299.92
26952.1
621.547
17469.1
11641.8
20202
5234.71
-41262.5
-33452.5
-26004.6
-15863.2
-17611.9
-18758.1
-11878
-7866.56
11580.3
15866.1
995.606
7593.62
-34540
-17976.1
-36500.9
-10686.5
-17932.2
-26377.9
-4887.52
-10394.5
2699.73
3097.83
7590.08
2698.32
-51262.4
-42474.5
-35216
-20180.1
-51646.4
-40170.7
-40682
-17914.6
20096.7
28869
364.16
9965.26
-27548.9
-14022.6
-29827.9
-8784.39
-8534.07
-21786
-454.67
-7657.97
39797.4
29031
31328.4
14520.4
-25104.4
-26182
-14849.2
-12301.5
-38705.6
-32976.6
-30017.4
-15611.5
68843.9
70435.6
41956.9
32839.5
-45896.2
-19451.1
-44300.9
-12073.1
-8527
-26267.6
6933.89
-7316.43
52770.7
40048.4
42775
19534.5
-29338.6
-30160.2
-14782.1
-10804.6
-74666.2
-55599.1
-64074.5
-26372.3
84278.6
84251.8
56516.9
37882.5
-36024.3
-10226.2
-35522.2
-6756.41
-19182.4
-30902
1154
-8670.54
62513.9
46587.7
54353.9
23552.3
-39830.6
-46132.4
-26505.9
-19135
-60545.3
-49587.3
-41092.1
-22938.5
89746.7
85958
64326.2
37372.7
-18862.1
-131.522
-22082.9
98.9949
-12605.6
-35288.9
7083.09
-10653.3
66142.8
39320.1
61489.3
21872.2
-33482.2
-46324.7
-17794.3
-17378.6
-65420.1
-57890.8
-51208
-26157.3
100965
87567.4
71865.4
40360.2
8039.1
14597.5
8026.37
10040.9
-26556.1
-52597.4
-555.079
-18510.6
57953.8
31553.2
53201.3
18261
-9012.78
-24258.7
-601.041
-6564.78
-103020
-87777.4
-83210.9
-40735
121432
107292
85847
48925.4
27640.1
27428.7
19061.5
12916.7
-55616.1
-71744.5
-29154.7
-30032.9
51005.7
27037.6
51051
16019.5
-9300.58
-22564.5
-3283.8
-6890.05
-160808
-122251
-134521
-61289.2
127998
120644
84549.5
50666.3
45771.7
39665.9
40116.3
22554.6
-64969
-77315.8
-37650.6
-29233.2
60628
34867.4
55778
23552.3
38475.8
14690.9
37821.7
13709.4
-174520
-131791
-144169
-64039.8
172350
160696
122783
75170.4
63471.3
51290.7
59729.3
28096.9
-53806.6
-72010.3
-21059.8
-25817.9
70320.4
40054.8
68534.9
25000.5
54813.5
26269.7
56134.4
19163.3
-242191
-177043
-205589
-88066.6
203529
183007
154676
83863.6
91579.5
63361
81712.6
28913.6
-43370.4
-67811.5
-17677.7
-22251.9
85607.3
52053
76530.2
27795
55161.4
18201.6
52952.4
12960.6
-236896
-172565
-197411
-85542.2
213475
186041
172448
82496
77405.6
59694.7
62668
28679.5
-29472.9
-51636.5
-12363.8
-15953
72880.1
44172.3
60299.9
22611.9
34844.8
10156.2
34702
8536.9
-250469
-181719
-216349
-90166.7
210309
179391
162980
79842.3
88642.2
66060
81875.9
35358.9
-32773
-58230.2
-11993.2
-19917.8
49625.5
32551
38700.7
16886.4
34288.3
17703.8
32538.9
13632.3
-280266
-200820
-243275
-98659.1
200794
176746
151705
78812
102333
68279.6
91718.1
34968.6
-49585.9
-70326
-26044.9
-25352.6
34674.4
23472.4
31196.1
12533.5
20323.7
3860.1
21547
6031.62
-308467
-222782
-261692
-110017
188624
165218
146265
71832.1
83307.1
52738.1
81902.8
28669.6
-56265.9
-73189.1
-34873.8
-27034.1
24089
21215.3
16594.4
10742.4
18819.6
5091.88
20225.4
5465.23
-342815
-247383
-290917
-122387
176852
161176
135098
73978.2
54639.6
32826
56339.4
16551.2
-53786.1
-71345
-31258.4
-26841.1
17983.8
18085
8257.59
6870.96
-9559.38
-13312
-6996.82
-4696.6
-398499
-283943
-343483
-141993
180191
161860
140363
72338.4
67162.4
37519.8
65358.6
19762.2
-28804.7
-51434.9
-12027.2
-15407.1
54643.1
48028.1
39151.8
22706.6
8267.49
-2140.41
12059.7
2399.21
-358229
-254201
-306027
-127423
217401
189288
174862
88951.2
81690.6
51118.2
82221
29798.9
18705.8
-9869.8
27070.2
4666.2
84830.2
70841.5
72832
35471.3
28852.8
11170.2
34841.3
10752.3
-339751
-239228
-294376
-117561
266761
217937
220502
108100
75389.6
33833.6
83853.7
20576.1
24610.1
-12915.3
32338.8
-1731.7
88794.2
68484.7
75060.1
32167
65931.3
37820.3
65630.1
24537.3
-337549
-241075
-292803
-120128
298074
234340
242397
111800
57009.8
15086.1
64370.8
13792.1
6968.54
-20018.2
13451.3
-4285.77
84507.7
61263.7
77481.2
32990.8
75318.9
37492.9
76467.9
25334.9
-341196
-246884
-291146
-121306
323458
253009
267205
122226
42841.5
392.444
62453.8
7543.42
15597.4
-8690.34
20134.2
1183.7
89072.8
61630
82013.1
33942.5
104732
57570.5
106186
35998.1
-343440
-250094
-287899
-123491
388382
298825
331200
151288
11308.8
-26521.5
33596.1
-7526.44
41088.6
9821.71
37973.8
7373.71
87187
58298.1
75323.1
28860.6
107691
55705.9
108349
35428.9
-382461
-273419
-330046
-137340
424779
314435
363769
157287
5731.81
-19190.9
18064.5
-3019.35
42784.9
21689.1
44485.5
15047.2
59969.7
43255.8
50977.4
20881.6
71982.8
22215.2
69191.1
15674.4
-381024
-272635
-326869
-137051
441802
324054
378998
159685
18328.2
-15003.4
30073.3
-1021.06
54732.9
23669.7
52861.2
12230.1
37034
17404
30746.4
5449.67
48132.8
2902.67
50444.3
4433.56
-387132
-279084
-333785
-140631
447594
316176
384080
157045
44093.1
827.315
60812.6
11175.8
50358
20865.3
51037.6
11559.1
-11845.5
-12185.6
-14659.7
-10233.2
38586.8
7706.05
35330.6
5520.38
-402752
-290708
-346193
-145211
472589
337385
406495
169807
72465.7
17324.8
83865
19205.7
28299.8
6641.15
30844
3293.7
-51822.4
-32889
-47011.3
-19178.2
10284.2
-868.327
5159.05
-209.304
-409430
-291136
-352211
-146836
497201
356343
425098
175974
74898.9
15890.1
88226.4
18927.8
-7131.88
-11550.6
-6344.87
-6008.99
-78391.3
-46408.8
-77359.6
-25610
13044.7
5458.16
6584.58
1625.64
-420840
-301493
-360890
-151655
522475
379368
448874
191451
97504.4
31460.6
109276
26604.2
39974.9
20429
40240
12239.3
-68544.1
-42644.2
-65145
-25227.4
2691.25
433.456
-5118.75
-2618.42
-457843
-325877
-397441
-165349
568196
403269
496029
203852
99489.9
25236.6
103769
24926.9
51068
28765.8
49991.7
21571.7
-73947.8
-42068.6
-67834.9
-22232.9
-15349.2
-6289.01
-16390
-3691.1
-466814
-328473
-406713
-164345
583925
408597
510147
206619
94941.1
22574.4
105622
23253.9
130622
80584.7
123534
46318.3
-61065
-40087.3
-48419.8
-21737.9
-3341.79
209.304
607.405
-1360.47
-462292
-325897
-397196
-162289
602824
417622
528350
212551
84487.9
12294.5
96266.2
16986.1
170476
98217.8
157292
52815.2
-71292.6
-52704.2
-58383
-28079.2
4438.51
5996.27
3074.5
-94.0452
-475239
-339041
-409616
-169556
618128
425910
539641
214055
84944
15585.3
97126.8
21709.6
188362
116253
173771
63697.6
-68621.9
-51623.7
-48224.7
-22780.2
-3430.17
3419.57
-1771.3
1516.74
-491593
-346607
-421677
-170686
622847
433238
543274
219257
89321
14498.5
99201.4
20944.5
221066
135712
198718
74568.7
-54522.9
-51101.9
-37282.9
-19834.3
7201.88
4628.72
7549.78
2112.13
-476735
-344356
-405905
-168972
659702
457991
577174
234475
104274
25612.8
111309
24830.1
279817
177127
249887
95851.2
-41409.6
-47149.9
-26175
-19368.4
6841.26
4730.54
5253.1
2103.64
-506008
-365461
-437634
-182630
686573
471437
603176
239898
-35709.6
-29741.6
-23749.6
-12856.6
-12694.7
-15109.5
-5399.47
-5301.18
12119.8
4480.94
16767.6
7064.7
-14662.6
-19990.6
-5637.06
-5803.93
-2990.35
-2232.34
-4733.37
485.782
31882.7
19434.8
39214
13583.5
-22199.6
-19214.9
-14946.1
-8194.66
-2460.73
-7786.66
-2003.94
-3396.23
55448.5
31645.1
52829.4
18917.2
-16211.8
-19772.1
-6894.29
-7460.68
4348.71
4950.45
-2027.28
-264.458
48245.2
21918.2
52534.5
14124.5
-52502.7
-48481.4
-39159.6
-21008.8
-30709.6
-31476.9
-14976.5
-14708.5
64312.1
33381.8
62921.9
21534.9
-49983.3
-52883.1
-36587.1
-25473.5
-24477.2
-14674.6
-25086.7
-10096.1
60202.4
27820.4
63374.4
19611.6
-54504.5
-50800.7
-32244.1
-20405
-45531.3
-42726.2
-28012.7
-19826.6
103063
58979.8
103445
37286.4
-56876.1
-55742.6
-33314.6
-21306.5
-30479.8
-15540.8
-32606.1
-11247.9
104986
56150.6
111808
38118
-43393.7
-48320.1
-19417.2
-17445.7
-29256.5
-33372.6
-10192.9
-12617.6
168037
96262
164025
58450.9
-27327.6
-41081.5
-3205.32
-10484.3
-32922.9
-12515.1
-34210.5
-9499.98
177147
96600.7
179872
62341.4
-48461.6
-56528.9
-30072.5
-22549.6
-55717.2
-60333.9
-41258.3
-29303.9
193365
107323
179880
61525.4
-32461.2
-54271.9
-16156
-21568.2
-57279.2
-31526.4
-61082.7
-21610.6
210291
103544
209411
62502.6
-91155.3
-90227.5
-65010.7
-41021.4
-91121.3
-78401.9
-73414.7
-35707.5
183687
102211
173093
59186.3
-58640.4
-66322.4
-36596.3
-25808
-74983.7
-34122.1
-75001.4
-20752.2
203593
95159.6
203769
61098.3
-129551
-110609
-100889
-51485.9
-107176
-87665
-97087.9
-44049.2
176591
92370.8
169716
53973.5
-71205.7
-70836.5
-53545.7
-30451.6
-90371.1
-44507.4
-94352.8
-27981.6
165377
68233
168431
45008.1
-161601
-133821
-130841
-62926.8
-116847
-81447.4
-95909.8
-40056.2
173284
96369.5
159518
57333.6
-65580.6
-65793.5
-48067
-29605.1
-90892.2
-38013.4
-90233.2
-25142.6
161156
72388.6
160865
47397.4
-205031
-166742
-162023
-79256.8
-131018
-98055.9
-107256
-48805.9
163413
85059.3
157430
50493.8
-65940.5
-63810
-43736.7
-25085.3
-111396
-58793.8
-107545
-36138.1
160031
69836
161085
47910
-258720
-205270
-208580
-97798.5
-148343
-110587
-119261
-53001.2
145731
69091.4
144055
43550.7
-45900.4
-53779.7
-21361
-17454.9
-158311
-88765.9
-147733
-51336
175694
81171.6
175309
55718.6
-287103
-221590
-240147
-106190
-161768
-121150
-138536
-60218.6
134198
64462
127868
41766.7
-42403.1
-54746.3
-24352.1
-22001.6
-192622
-110180
-184504
-63171.5
169259
74971
167861
49467.8
-294466
-223871
-245114
-108221
-155334
-111151
-148005
-52972.9
132580
64876.3
137195
39445.2
-78623.9
-75148.5
-53883.7
-29167.4
-174392
-90851.2
-166025
-48735.9
147483
61523.2
150573
42783.5
-288009
-217140
-239456
-104645
-118114
-80862.6
-116608
-42555.8
126581
54187.7
131779
36006.6
-65777.2
-73880.6
-42239.7
-28355.7
-112711
-52533.8
-114106
-30672.2
133677
50725.7
141729
36645.8
-269707
-205022
-227408
-97647.2
-94830.1
-53060.6
-90779.1
-29291.2
129351
61778.5
133370
42596.1
-69950.5
-75294.1
-48595.2
-30539.9
-68608.4
-26935.1
-66974.3
-15659.6
125656
46905.2
129727
34967.1
-283898
-212913
-240936
-102977
-97821.9
-51604.7
-106336
-29815.9
120560
48793.9
127515
33564.2
-78197.5
-74406
-54818.5
-28048.1
-53465.8
-18857.8
-58201.3
-10447.5
110241
40730.1
109549
33026.1
-286681
-210506
-245609
-102988
-60589.2
-16985.4
-71282
-12544.8
122292
48285.5
128042
33800.4
-42688.7
-52100.3
-19243.9
-15383.1
-19847.1
4461.84
-24793.3
1350.57
157348
77142.5
151411
52494.9
-280931
-204700
-238373
-99531.6
-35298.8
4007.88
-50095
-4797.01
96172.2
27216.5
106251
24414.3
-52143.5
-67305.3
-24851.3
-25570.4
10982.8
20679.3
5987.07
8928.64
159814
79497.2
159550
51462.5
-314464
-229366
-272628
-117481
-16312.2
12032.8
-31580.8
-772.868
59962.7
-2298.1
72859.6
7518.67
-48096
-68026.5
-25874.5
-26386.4
33029.7
33097.5
20554.2
13729.9
162219
76688.6
166910
48779.1
-347140
-245780
-301434
-126158
8276.68
34356.9
-15433.3
9200.87
35264.1
-15841.3
54985.3
801.859
-63561.1
-73608.4
-39067.6
-31184.1
38236.1
41374.2
25001.2
16280.4
135562
57651.8
142753
38328.7
-369722
-257925
-325671
-129150
29930.4
45399.8
20850.5
18553.1
13171.3
-30954.3
33311.8
-2412.65
-59737.8
-73200.4
-39955.8
-29702
50437.9
44814.3
40128.3
21139.7
132201
54602.8
137353
40101.4
-391164
-271004
-340084
-140380
37982.2
44415.5
29000.6
18143.7
8509.32
-35201.9
32002.2
-7667.16
-28685.9
-46707.9
-4029.09
-15135.6
37515.6
36196.8
27268.9
14157
141282
62099.5
150866
45787.3
-442840
-308590
-382690
-158492
53026.6
46094.2
51702.2
22891.2
3046.92
-45650.1
30073.3
-10717.6
-19689.4
-49315.7
10122.2
-12916.7
5667.46
11963.5
3174.91
2699.73
178545
80082
188739
58585.9
-463262
-317267
-406560
-162187
70225.6
52964.4
58318.6
24333.7
-14227.7
-53478.5
9553.72
-14788.4
-2018.79
-40539.8
15362.6
-13111.2
-2344.06
10756.5
-9921.42
695.086
185136
79023.4
195504
54685.5
-488310
-333018
-426007
-173037
87743.5
68640.3
71232.5
35194.1
-26474.1
-60113.3
-5576.24
-19602.4
-26313.6
-46937.7
-441.942
-15505.4
-6327.9
15103.8
-12400.5
4811.86
180855
67408.5
187598
48354.1
-514458
-346976
-450617
-179250
127655
91674.3
102574
45807.8
-52734.6
-82504.5
-21671.4
-30658
-30858.1
-53190
-5396.64
-18080.7
11018.8
25388.7
-155.563
9340.88
137222
37083.5
152559
32404.6
-518155
-343741
-457561
-176578
158523
123196
133186
59331.2
-64572.3
-80579.1
-45535.6
-31193.3
-15477.9
-39969.2
-1907.77
-14186
49081.7
56013.5
30173
24096.8
123333
35752
133131
30515.2
-521002
-344166
-457854
-179681
170686
133061
140698
63010.3
-104125
-101123
-84334.5
-46042.6
2344.77
-15871
17955.6
-2757.01
61109.6
68260.6
38301.9
28142.1
105075
29073.4
112245
26054.8
-540959
-356823
-481818
-187945
196339
154183
160633
72635.4
-124036
-109400
-108395
-52709.2
29120.8
808.223
39831.3
6026.67
77838.3
83881.2
50166.4
34325.1
114082
41216.5
114592
31601.3
-557633
-364894
-497839
-191188
225168
173308
186512
83655.7
-154926
-121910
-135719
-56638.5
35799.4
2199.1
44274.1
5284.21
76984.8
83340.3
49786
34105.9
99646.2
32362.9
105961
26001
-569089
-370319
-511341
-192842
233598
175315
198780
85027.5
-128040
-94699.3
-106227
-45010.9
7624.73
-17216.6
17806.4
-3411.08
93346.6
90241.7
69029.2
39743.6
92593.5
28355.7
106265
27339.6
-565175
-366880
-511042
-193760
249196
188878
201805
91307.3
-132229
-102678
-111878
-50102.8
-16796.6
-29626.4
-6418.41
-11030.2
107584
100659
77091.6
44313
91745.7
21365.2
102453
22008
-553063
-352966
-501399
-185339
290082
224020
254067
108819
-112716
-77998.8
-94960.9
-36842.4
-17435.1
-28500.6
-8196.78
-13071.6
132078
113720
110851
51431.4
108877
36746.2
118457
31522.8
-563503
-356620
-512212
-189522
257971
192986
222249
92039.8
-113499
-80947.5
-98402.4
-40579.4
-52550.8
-46636.5
-38975
-21689.1
109442
92034.9
84958.9
40488.2
107844
38353.5
115430
33070.7
-578711
-363243
-527632
-194718
249228
186468
217991
89922.8
-121555
-85237.5
-108518
-44504.6
-57707
-48287.6
-43357
-22302.1
82983.2
76827.2
62034.5
32222.9
155675
70815.3
160131
51070.1
-591012
-370701
-538615
-197945
226904
167823
194321
79438.5
-146686
-99500.5
-131601
-51638.6
-92971.8
-75334.4
-77008.2
-38452.5
62737.3
58617
45681.2
23303.4
158756
66444
168197
47362
679.53
1661.7
6045.76
2590.84
-13891.1
-10075.6
-10079.8
-6192.13
21027.9
17395.5
19255.9
9987.18
-38039.5
-34634.8
-28263.8
-17576.6
-12949.2
-10747.3
-5209.96
-4468.21
-32599.7
-30724.5
-19508.4
-14808.2
23087
9271.58
22795
8815.5
-8334.67
-6308.1
-3075.91
-1609.38
44184.3
32322.6
41501.5
19555.7
-63910.4
-51759.5
-54872.2
-26497.4
3679.78
-5219.16
9164.1
1004.09
-50537.6
-45066
-35332
-20781.9
49045.6
20736.6
49486.9
12179.9
7126.93
-2776.81
17912.4
-76.3675
67293.9
37478.1
61475.9
20191.4
-85169.6
-66634.2
-82262
-36059.6
28799
6562.66
37174.7
6544.98
-63930.9
-56867.6
-52836.4
-25904.1
29521
9994.25
36613.3
11163.1
-589.02
-13622.4
11092.4
-1638.37
70445.5
47839.3
69321.2
27881.2
-119932
-82273.3
-100894
-41797.1
6487.7
-14110.3
19002.1
-290.621
-90406.4
-75398.8
-67722.4
-35638.2
48532.3
17079.5
49911.1
14609.5
10643.4
-10586.1
19521.1
-668.923
90050.8
55147.3
81967.1
31657.9
-128908
-90728.9
-114862
-44578.8
-1749.38
-24458.8
11986.9
-6608.62
-82710.3
-70667.5
-62311
-29241.7
71984.2
33536
69190.4
20955.1
12479.7
-6829.24
21054.1
463.155
125277
77749.2
113893
43807.4
-132049
-90758.6
-124530
-48173.1
7328.45
-14681.7
17607.7
-2318.6
-102431
-89745.3
-80285.6
-40854.5
93096.3
54691.9
85347.1
34638.3
23415.1
2603.57
23447
7875.05
154587
98691.6
136728
53515.3
-114792
-73947.1
-97633.8
-34166.7
11781.8
-9912.93
20431.9
3764.64
-86641.1
-74975.9
-60089.2
-30187.8
134936
80346.4
113510
43163.9
78865.7
40446.5
67995.4
25969.9
172842
110464
147775
56129.4
-57964.4
-41279.5
-52516.1
-18909.4
42471
4366.38
45683.3
8774.49
-28437.7
-41560.9
-10010.5
-14764.4
148102
98654.8
121330
51567.2
120700
75007.8
112296
44163.1
168956
115999
139633
58306.6
-23698
-18105.5
-26479.7
-6596.6
37893.1
7301.58
47550.8
11827.8
7610.59
-18300.6
20495.5
214.253
176022
121489
150417
62307.4
174933
104936
158874
60604.7
185349
133515
155450
65558.7
10686.5
3155.11
14321
3844.54
53608.6
8335.37
59484.7
12629.6
49723
1829.29
65645.7
10144.9
188951
137173
153594
67001.2
218944
138249
194291
74602.6
181547
134415
148432
63455.1
38454.6
24803.9
33854.9
16000.4
45551.8
6065.56
54742.1
9228.45
94750.2
35637.5
103699
28948.2
218021
160609
180232
79832.4
251695
162627
224877
88101.3
182641
140459
148173
67173.7
80325.9
51176.1
72837.7
30972.7
41071.6
4095.56
51941.2
10413.6
115972
42804
126722
33537.4
254503
182665
227571
93524.8
271460
170467
248085
90605.1
196180
148458
163030
69984.5
102702
46266.7
102011
28507
31897.6
-7416.84
46476.7
6362.55
142810
46581.4
153866
40404.8
274681
189698
248897
99109.5
284278
181668
266066
99093.9
184553
147493
156547
70140.8
88187.5
41075.8
96915.3
25347.7
31234.3
-8453.46
48803.8
6111.52
178585
70946.9
188123
52637.7
292631
197029
270264
105238
328226
204329
317674
113838
182863
146093
154658
68715.2
69863.6
22798.5
76109.4
17265.4
2273.35
-29332.9
32122.4
-4992.88
192499
77057
200338
56847.1
304702
190951
280523
102687
350922
202781
332156
115261
189278
147233
157270
69766
51409.5
7509.47
64807
11087.4
-11491.9
-48468.6
14422.1
-11012.5
199980
77551.2
209231
57605.2
310796
194472
287944
106442
364032
206460
348173
118000
184632
144430
153497
67759.9
45568.1
-515.481
60954
11042.2
-35088.1
-67350.5
-2049.2
-22551.8
254269
116291
256073
81420.5
330051
201650
311210
111511
378659
216067
363755
123444
181369
141775
150719
66200
34446.7
-13821.1
49020.2
2544.17
-60646.4
-86996.1
-24422.1
-32251.1
263884
110193
269281
77881.4
330919
199662
307234
111239
373963
207471
347677
118275
194804
155258
155358
73013.7
33538.8
-10294.1
48116.5
6745.8
-67405.7
-89514.8
-37817.5
-33208.6
266914
114893
268294
79137.3
334053
201475
305554
109989
361434
201871
337025
113304
192555
157621
153338
70977.3
59655.1
7108.54
70759.5
13659.2
-79845.1
-99439.7
-47943.3
-40418.2
270794
118394
271911
77883.6
338223
208169
310142
113910
367860
210208
353348
119079
195050
161059
154298
72707.5
87456.4
24608.7
91513.1
23435.6
-94915.7
-104639
-54201.1
-41775.9
261914
112338
265604
77794.5
356054
218806
323539
118451
364427
201983
338148
115419
205580
174299
160071
78790.8
111282
42031.1
118812
31870.7
-94719.8
-109701
-63660.8
-43802.4
272830
119160
274407
79314
352865
219584
320220
119057
343397
187016
323779
106188
196269
168114
150480
74407.4
116621
41767.4
124812
34646.8
-124169
-129570
-83003
-56282.9
276400
123418
279459
84007.8
368379
229641
336551
123443
342786
194698
321893
109065
213066
184024
164660
82452.2
147635
63884.3
148381
45295.1
-135853
-134405
-94808.2
-58845.4
286754
125815
290203
84673.2
389402
247556
361312
134225
339300
195630
319429
109866
238011
202370
187595
91461.4
158949
65263.1
160009
43854.8
-140593
-132688
-104538
-54911.8
299818
129903
302566
87797.9
406914
254170
373985
138430
348167
204542
326914
115366
228329
198764
180871
89176.8
133896
54391.4
132862
34571.9
-118097
-118269
-85081.9
-47451.1
311399
137672
313272
91645.3
408602
248405
381423
134367
359630
205590
347093
117587
208734
182296
166425
81087.5
85093.2
25824.2
90344.9
18012.1
-104358
-111673
-60734.1
-42961
304660
132315
308471
90303.9
396383
241818
366097
132817
376782
212874
356946
122628
209045
183955
161024
81791.7
65966
19867.6
67992.6
16680.6
-100761
-115329
-65774.4
-43557.1
306309
133408
307086
89219.2
397485
240175
367531
131968
389507
218207
370182
125609
195399
173921
151820
76570.5
55913.1
13973.8
58662.3
12521.4
-95223.2
-112567
-55498
-42418.6
342710
162378
337656
106121
401434
239593
376261
131131
396478
221570
379557
127188
189621
167058
148913
73022.2
21121.3
-8934.29
25846.2
-2520.13
-82101.5
-105614
-43069.2
-39045
339215
151642
341437
100968
413649
249331
380114
137042
391056
212442
363782
122429
179636
164573
134643
70695.8
15103.8
-11785.3
23316.8
787.717
-73705.3
-99523.2
-39928.2
-33615.1
373865
178229
370071
114492
438652
266285
398788
143237
392632
212982
368299
121792
173590
162972
130200
68767.5
28873.3
-5172.49
36933.6
2390.02
-38909.3
-79246.9
-6282.64
-24236.1
437562
219768
428000
133734
430153
265246
381759
141325
385346
213780
363840
124383
162186
159354
113001
67558.4
9969.5
-19752.3
11246.5
-3548.26
-42623
-80275
-8848.73
-22664.9
475689
243769
454330
149354
442160
282407
396679
148249
382781
205154
360219
118390
174416
171610
124917
70634.3
791.96
-22778.7
14264.5
-6876.61
-30524.4
-79857.8
4424.37
-24079.8
521211
272565
506261
161968
459818
302050
403665
155708
379861
209160
356485
119274
169808
172273
118795
70239.7
7961.32
-13572.9
17550.4
892.369
-16131.2
-62098.8
15748
-15236.7
594098
330027
565067
193837
458166
300262
406557
156308
375834
209201
353382
120384
154486
163171
106779
66799.7
15827.2
-15313.1
24616.5
152.028
-4703.67
-60129.5
30076.1
-11029.5
630614
342141
602584
201127
-22186.9
-23977.3
-17696.8
-10122.2
35722.3
22247.7
29666
10696.4
8749.03
-375.474
13473.2
2126.98
5234
2783.88
6448.81
3731.4
39596.6
31995.2
36691.8
18474.6
-2405.58
514.774
-5108.85
-1132.08
-74312
-60681.8
-63292.4
-31684.7
60806.2
32151.4
62452.4
18128.8
-45633.8
-46403.9
-32972.4
-22370
12508
1395.12
10448.9
144.957
72104.4
51449.1
64005.9
25142.6
-46423.7
-33941.1
-43967.2
-22096.4
-132417
-100394
-111284
-51943.4
61692.2
32922.9
52675.9
17848.8
-74519.9
-63756.3
-59979.6
-28784.9
-21336.9
-18133
-23786.4
-10867.5
74346.6
49492.5
65284.3
25734.4
-80354.2
-45827.6
-82896.2
-26610.5
-204737
-146430
-173777
-71720.4
103419
58464.3
96832.6
34489.1
-101911
-90076.9
-75116
-40781.7
-42982.2
-24889.5
-35011
-13147.9
132925
99799.6
112535
52861.2
-90838.5
-47195.1
-95866.7
-31027.8
-230980
-171263
-198411
-85477.2
116552
62673.7
108696
34746.5
-146696
-122638
-121402
-57300.4
-62982
-45034.2
-62808.8
-23298.5
172644
119703
151887
60529
-107616
-52381.1
-114854
-34729.5
-296665
-216131
-250485
-111811
132677
74608.3
125478
44700.5
-172815
-137181
-137213
-62884.4
-58274.8
-35232.3
-56433.5
-21617
196321
141224
168436
71456.7
-140574
-68768.3
-143972
-43935.4
-354008
-251027
-310712
-124473
154557
84313.3
143750
45782.3
-174129
-143067
-144103
-66591.8
-68051.2
-34727.4
-59613.3
-18023.4
232170
164165
202747
82555.4
-139846
-59947.8
-140065
-41340.3
-349461
-245957
-310175
-125185
115427
51413
119355
31083
-222223
-175647
-187634
-84101.9
-40100
-23889.6
-37801.2
-9997.78
239766
168064
207151
82078.8
-159129
-78341.8
-150696
-50584.3
-353605
-243370
-314256
-124151
83640.1
34709
84075.7
23392.5
-243098
-179918
-205925
-86854.6
-23526.9
-12524.3
-24220.5
-4801.96
249103
177921
216456
89418.6
-167915
-78475.4
-164283
-48139.1
-376026
-255732
-330465
-130038
90100.3
36837.4
90168.1
24186.6
-256511
-192617
-218161
-96174.3
-11955.1
-6959.34
-7403.41
-4488.01
295122
214792
252298
107571
-146315
-64660
-152714
-45829.7
-354567
-242305
-318069
-122176
71494.2
21877.9
73793.7
16078.9
-286275
-204939
-250162
-101948
-26176.4
-15820.1
-26198.3
-4398.2
334172
237475
288026
119032
-136667
-52858.4
-141839
-39420.5
-372967
-258683
-330777
-135583
39204.1
-1348.45
52168.9
6845.5
-318670
-227816
-275792
-113806
18262.4
11232.4
12484.7
7510.89
344217
244031
296112
119297
-158598
-67838.4
-158907
-45055.4
-397809
-267281
-352738
-134934
53345.5
8110.51
64165.7
13329.7
-305392
-214917
-259237
-105059
55573.6
35421.1
52393.1
23048.1
386752
273906
342517
142056
-140745
-52297.6
-140610
-35358.2
-411927
-277474
-365600
-144284
2854.59
-36194
27809.8
-10151.9
-361035
-256564
-316403
-132123
78891.9
42270.8
72155.3
24071.3
415104
287385
363355
144398
-175102
-83314.9
-174578
-55415.3
-439110
-295772
-384034
-153520
-34455.9
-59837.5
-4881.16
-18180.4
-392003
-270778
-331686
-134355
65377
33084.1
61913.6
19164
416695
283196
370886
146124
-207568
-100650
-201365
-60964.6
-477760
-319907
-418580
-161321
-28582.7
-60099.1
-4898.13
-17861.5
-389200
-271944
-334756
-135621
57287
29431.9
60535.4
19406.5
468339
321069
415410
168948
-193408
-86028.7
-198425
-56770.8
-460595
-313714
-404952
-160960
-40257.7
-68286.7
-10036.7
-24765.7
-392653
-270243
-342058
-136719
60320.5
25023.8
56021.2
16604.3
524749
350382
467552
182016
-188443
-77481.2
-191282
-52934
-504415
-345895
-439710
-181517
-62889.4
-88815.4
-20586
-29116.5
-406909
-282059
-345002
-142833
66412.9
28200.8
66390.3
16499.6
550256
367171
491595
190504
-205241
-91047.1
-206936
-59548.3
-569765
-383914
-503505
-198192
-60688.1
-92823.3
-31755.5
-35081
-427947
-301254
-371382
-150230
23363.5
400.93
26561.1
1023.18
554906
356310
498616
186230
-202761
-88976.7
-207974
-60242
-559894
-370913
-497877
-190982
-81168.8
-105526
-43141.3
-37687.4
-436588
-303213
-379416
-151009
13715
2198.39
17028.5
5520.38
542753
354918
482843
185138
-238319
-111894
-237941
-72091
-531304
-351595
-469542
-181134
-69574.4
-93322.5
-36594.2
-32541.8
-416398
-285946
-360791
-140859
33318.2
14412.3
33501.3
9558.67
547820
352992
491238
184787
-235066
-105218
-233738
-67375.3
-538816
-360576
-478099
-186362
-54175.7
-88117.5
-25597.3
-32960.4
-404232
-288559
-353525
-147423
17039.9
632.861
17192.6
-405.172
551858
356138
496471
188520
-225828
-96022.3
-236341
-67986.9
-506096
-335346
-445694
-171625
-63438.8
-85803.9
-33070.7
-31411.8
-401695
-272048
-351173
-138526
-11423.3
-12556.1
-4436.39
-5323.1
559359
357974
503636
189656
-218072
-87486.1
-225010
-62348.4
-510550
-344053
-450631
-177903
-60478.8
-85905
-28560.7
-28241.1
-397636
-269411
-343366
-131581
5618.67
-91.9239
8350.93
3470.48
571835
366219
513620
193081
-237685
-97927.2
-241884
-66603.8
-529612
-356419
-475920
-186141
-72401.4
-97925.1
-43067.8
-41302.1
-384607
-270701
-337192
-139674
20687.1
5969.4
17290.9
4080.01
592913
376638
530062
198865
-241948
-101220
-246319
-71470.8
-504661
-325427
-451818
-171304
-139503
-136786
-90459.5
-56302
-411553
-280028
-357857
-142144
56257.4
35860.2
52650.5
20662.4
609957
391613
549496
206973
-283608
-130339
-272675
-83179.1
-486969
-312342
-437119
-165394
-163376
-154708
-117810
-65462.5
-419136
-279620
-365658
-142833
65845.1
41543.2
59127.6
22167.1
629312
401864
566298
212470
-287451
-134673
-281037
-83713
-489990
-317028
-440510
-165674
-198588
-183638
-155257
-82167.2
-427277
-294282
-375375
-150578
73040.6
46461.9
66005.6
25240.9
621389
393363
558473
209038
-308370
-152116
-307683
-96790.2
-445066
-284732
-401649
-152648
-238262
-201510
-184044
-92828.3
-425494
-284172
-372705
-147467
94840
59295.1
84620.2
31213.8
645690
411398
581291
217136
-315899
-150899
-308434
-96007.4
-452963
-286635
-404890
-153891
-266494
-219299
-207763
-96948.6
-442901
-292222
-384790
-148982
110041
75130.8
99681.6
38984.9
661974
421638
596824
222995
-336823
-164117
-325490
-97736.3
-480607
-305796
-434216
-160119
-248184
-216948
-194626
-98938.4
-444936
-306889
-393163
-157640
98115.3
61521.8
87445.8
30338.4
670181
421875
609159
224837
-329979
-164846
-320681
-100912
-444452
-276776
-405088
-144191
-294852
-252418
-227980
-115133
-481173
-322934
-431387
-165434
108363
73933
91575.3
38635.6
670006
424649
603356
224820
-360163
-185433
-344544
-110681
-422296
-263576
-383246
-141616
-326862
-269276
-256612
-122197
-481726
-318016
-423449
-164172
108566
76508.2
93140.1
36208.8
650593
412062
588444
218388
-364572
-190128
-347827
-111820
-435622
-273917
-390114
-143770
-322112
-275340
-254602
-125193
-502840
-343067
-445348
-178394
99417.8
68930.2
86527.9
32534.7
671111
426552
609556
228618
-360554
-187952
-350334
-112213
-411824
-259687
-368345
-135475
-349519
-289485
-276192
-134082
-525393
-345047
-464766
-179291
67451.6
49808.6
58544.9
22963.3
675347
427691
611590
228152
-367225
-191308
-349276
-114146
-411089
-262240
-371575
-140062
-372355
-310008
-286422
-139301
-547493
-363205
-483126
-187726
72442.4
54509.4
60306.3
25079.7
698631
441797
634758
235173
-391135
-207090
-371253
-119724
-22684.7
-14263.1
-27539.7
-9639.99
-3580.08
-5833.63
-89.8026
-1912.02
30730.9
25746.5
24092.5
14171.1
-36910.3
-29876.7
-31159.4
-16185
-6848.33
-11218.2
-333.754
-4188.9
2056.97
7917.47
-520.431
1747.97
-68800.1
-43800.3
-71243.1
-31098.6
-17418.2
-14502.8
-15911.3
-10357.7
59393.4
40732.2
46401.1
19663.9
-97748.3
-73170.7
-76929
-38061.4
-16638.2
-18530.4
-7475.53
-7119.15
-21517.3
-10195.1
-19548
-7814.24
-104547
-53084.6
-106642
-34030.2
-62337.1
-43150.5
-55497.3
-24246.7
83224.3
58617
73526.4
30168
-126865
-94247.4
-107462
-46182.6
-22669.8
-26827.6
-15044.4
-12139.6
-9484.42
-1280.57
-7377.25
-927.724
-117925
-61103.9
-122890
-42151.3
-107932
-79284.3
-92141
-43931.1
90407.1
62991.9
76416.3
31560.3
-139553
-106125
-116870
-53626.3
-42453.3
-40154.5
-31735.7
-19719.1
3990.91
7375.12
3669.18
3220.87
-150236
-69317.7
-153408
-47180.3
-163359
-106461
-144487
-57134.2
87339.7
64947.8
73759.7
32006.5
-159681
-117729
-134439
-59088.7
-68229.4
-54225.9
-56370.6
-26307.2
11491.2
13379.9
9502.1
5225.52
-182800
-88694.5
-177665
-58479.1
-197736
-128749
-178514
-71801.7
78833.9
57598.1
64943.5
26638.1
-159634
-118851
-129711
-56577
-65873.4
-47325.2
-55145.1
-24171
4374.16
7522.2
5267.95
3011.57
-181734
-82550.5
-179614
-50968.3
-202894
-123485
-189752
-65282.9
85482.1
71162.5
68822.7
34199.9
-156156
-123717
-130599
-58641.8
-58839.8
-46706.5
-48170.2
-21353.2
21317.1
18722.1
18491.5
9419.37
-139902
-56772.9
-141851
-39546.4
-165090
-94051.6
-160140
-54235.1
107677
82535.6
91052
41157.9
-148653
-117115
-119213
-54471.3
-46790.7
-33674.5
-37734.8
-14238.3
32330.3
21751.3
32131.6
11534.3
-115791
-40206.8
-120784
-27730.6
-166481
-91814.3
-161386
-53168.8
110103
81376
100411
41877.7
-138250
-114097
-114217
-51775.8
-49061.2
-39413.4
-39585.3
-19411.5
32014.3
17599.2
35380.8
10347.8
-86359.7
-28597.5
-89355.7
-24722.6
-183266
-105121
-172091
-62006.9
104749
70362.1
96756.2
36761.8
-140977
-116206
-112703
-54056.9
-78186.2
-58663.7
-64295.1
-28743.9
29634.1
12469.1
32854.3
7731.51
-97995.8
-32126.7
-99926.2
-24484.3
-205349
-110241
-197711
-63900.5
78195.4
51735.5
73490.3
27848.7
-150006
-123167
-121366
-56865.5
-93599.7
-68614.1
-78923
-32740.5
6465.78
-371.938
11209.1
474.469
-74251.2
-19668.2
-76676.5
-19082
-191157
-100311
-189419
-63039.3
62112.3
35602.8
57213.4
15385.9
-136774
-112897
-109150
-50567.3
-97120.4
-69733.5
-85818
-36681.2
9848.58
-2631.14
9700.09
33.234
-72063.4
-22279.5
-72289.6
-17786.6
-201472
-101427
-193749
-59599.2
46266.7
31947.8
40660.8
17564.5
-132426
-108740
-105231
-50809.9
-94286.3
-65237.7
-84002.9
-32859.3
11418.4
6374.57
9411.59
3501.59
-39498.3
-3797.87
-44687
-7236.53
-163835
-80211.4
-165010
-47577.7
84115.3
53525.9
71964.4
29273.5
-133342
-107039
-107258
-48291.9
-75570.6
-53695.6
-69210.9
-25258.6
30244.4
15109.5
24032.4
8879.14
-16744.3
9126.63
-20275.6
1050.76
-150006
-69744.1
-148230
-43502.6
86177.9
55169.9
80601
30541.4
-117588
-94972.2
-95378.8
-43308.9
-66785.5
-46104.1
-60082.2
-24540.1
30751.4
16012.4
28656.9
8613.97
17135.3
24269.3
10825.1
9357.14
-133250
-59549
-136418
-37877.6
92597
57545.8
83039.1
32110.4
-86909.1
-72004
-69237.8
-31112
-50206
-29719.7
-48588.8
-14256.7
48422.7
30648.1
40467
17756.2
27885.5
30626.2
24683.7
14691.6
-127278
-53368.9
-128053
-34808.7
85756.5
53523
79551.6
31059
-58926.7
-54008.8
-42623.7
-22488.1
-39079
-21795.2
-36273.2
-10270.7
54149.5
35958.5
48276.3
19335.1
43320.2
30821.4
40226.6
15776.3
-110810
-49006
-117110
-32309.8
77465
40940.8
71685.8
22005.2
-33088.4
-39612.1
-19329.5
-13134.5
-26580.1
-16962.1
-29120.8
-9738.27
54285.3
28821.7
43460.9
16569.6
16629
8272.44
9386.14
1110.16
-124447
-58088.8
-120953
-39348.4
37951.8
18558.7
33280.7
9283.6
-27031.3
-43832.1
-11921.8
-18127.4
-57538.7
-37973.8
-48933.2
-19169
28388.9
17467
29102.4
7872.93
-20015.4
-16040.7
-14850.7
-13037.6
-136949
-68048.4
-127604
-43936.8
3029.25
-8094.96
8922.27
-3795.75
-52745.2
-62706.9
-25853.2
-25393.6
-69570.1
-49187.1
-54161.6
-22274.6
-22753.3
-26781.7
-3592.1
-12150.2
-42398.1
-23272.3
-43540.1
-15311
-170516
-88531.9
-161159
-54113.5
-34176.6
-30201.2
-26936.5
-15313.8
-62399.3
-71468.7
-38196.5
-29549.3
-61434.1
-46531.2
-52963.7
-21448.7
-59221.6
-53569
-38555
-23221.4
-32813.3
-14989.2
-34763.5
-14446.2
-194478
-112481
-178629
-67920.4
-55218.7
-40646.6
-46876.2
-21810.7
-54896.2
-63491.1
-34489.8
-26542.7
-59944.3
-43748
-51269.5
-22241.3
-65762.3
-61567.8
-44274.8
-29211.3
-69897.5
-32062.3
-71369
-22505.1
-258061
-147830
-237676
-85426.3
-100401
-66656.1
-90214.8
-35409.1
-82102.2
-81877.3
-59038.5
-36712.3
-85237.5
-58882.2
-73347.5
-28934.8
-126898
-100927
-98306.9
-49321.4
-67614.3
-29446
-61729
-20664.5
-267699
-153151
-246185
-89067.2
-120905
-80997
-105622
-43222.6
-70069.3
-70674.6
-47807.5
-28996.3
-68274
-44117.1
-57646.9
-19753.7
-147254
-117527
-114491
-55008
-101205
-54563.9
-92737.8
-29791.1
-293296
-171377
-271778
-92399.8
-117499
-75386.1
-104230
-38597.4
-88638.7
-82530.7
-62139.8
-34061.3
-59955.6
-48632
-46079.3
-21896.3
-133658
-104791
-109004
-45554.6
-112385
-62088.9
-106204
-36565.2
-276853
-157212
-263310
-87355.3
-95676.5
-62161.1
-88313.4
-33008.5
-94009.8
-82764
-65636.5
-33672.4
-66682.3
-50475.4
-55524.1
-23460.4
-97419.5
-81995.4
-81546.4
-34547.8
-124969
-68134.7
-119983
-39776.9
-281024
-163152
-267340
-91991.1
-99318.8
-65307
-86742.2
-35479.8
-69753.3
-67924.7
-51146.4
-26464.2
-96754.8
-71924.1
-85354.2
-38050.1
-59603.4
-54566
-47948.2
-22367.9
-146249
-87781.7
-136774
-51592.6
-304862
-179669
-283920
-99887.3
-124621
-85767.1
-110719
-45704.6
-62359
-65914.4
-40408.3
-26575.2
-150561
-106319
-132759
-55506.5
-38393.1
-40080.2
-30129.8
-14317.5
-154465
-87342.5
-144416
-50693.2
-302060
-174207
-284523
-97346
-136351
-93102.6
-119586
-49083.8
-29852.6
-43642.6
-11276.9
-14328.8
-169681
-114964
-152101
-60264.6
11009.7
-4423.66
15787.6
2920.35
-165174
-94656.8
-155423
-52900.1
-307959
-178243
-295670
-99516.8
-161753
-111873
-146636
-60378.4
5349.26
-19361.3
20643.3
1523.11
-188495
-121684
-173528
-64581.5
40117
12160.8
36290.8
13283
-163431
-94043.1
-152197
-50911
-295090
-169603
-271876
-91370.2
-177708
-113537
-162748
-59765.4
19277.1
-22445
36224.4
-603.869
-215885
-149363
-185831
-75665.4
47057.2
22787.9
49072.5
15094.6
-155862
-92606.2
-144381
-52842.1
-270099
-155603
-255256
-88245.5
-179836
-117165
-163658
-64177.7
11879.4
-30378.7
34636.2
-3865.75
-242450
-168472
-206993
-84512
44371
14806.1
49537.8
11590.2
-127141
-62769.9
-124891
-36068.8
-277237
-156148
-262648
-88198.8
-183699
-112398
-169930
-62816.5
29852.6
-14466
43179.5
4348
-262716
-182477
-231937
-94611.6
78258.3
44433.2
76929
28056.6
-81736.6
-33972.9
-88349.5
-26611.3
-265227
-153866
-250712
-89620.1
-186222
-110375
-177715
-64937.9
61734.7
6854.69
69779.4
12412.6
-288019
-197961
-255812
-104138
127997
74980.9
116728
41270.3
-73333.3
-20150.4
-80514
-18519.1
-275412
-150273
-260587
-86326.4
-203515
-115415
-194378
-67504.7
72960
16654.5
81436.8
17938.6
-321007
-214864
-284564
-112134
151646
93810.4
142334
51548.1
-37654.1
5767.16
-42277.2
-3600.59
-257496
-140409
-244462
-82267.6
-204395
-113749
-193802
-66280.7
111011
43646.9
119955
35015.2
-321601
-210479
-287285
-109469
180576
106922
171937
62576.8
10879.5
1198.55
4224.96
3437.25
-980.757
-1251.58
-13136.6
1426.94
25605
26889.9
11854.6
14514.1
14752.4
9791.31
16112.8
8627.41
12191.9
6293.96
5862.62
3473.31
13982.3
14026.9
708.521
10547.2
6860.35
-3549.68
4170.52
-2783.88
21951.4
11295.3
12162.2
5208.55
30196.3
29658.9
16196.3
10668.1
15021.1
2286.08
14918.5
3985.96
3254.81
5012.68
2351.13
2289.61
7936.57
1592.4
2160.21
-344.361
-9186.02
-3427.35
-8633.77
-1741.6
1703.42
6252.95
-1646.14
3952.02
9381.19
29581.1
-4982.98
7624.03
10978.5
994.899
13473.9
1536.54
7299.46
7491.8
3592.81
4541.04
-34332.9
-10873.9
-34248
-7437.35
-11241.6
-11137.6
-17370.8
-9169.05
19795.5
6499.73
10628.5
2551.24
-31551.1
4935.61
-48587.4
-7580.89
-29204.9
-33639.9
-24363.4
-16463.6
4092.03
70.0036
5996.97
1387.34
-59952.8
-36549.6
-63939.4
-21347.6
4458.31
13135.2
2358.91
7524.32
18529.7
21095.8
12747
10878.8
-59739.2
-610.94
-70614.5
-10548.6
-39512.4
-29868.9
-30271.9
-14853.5
10984.9
6593.06
10713.4
5756.56
-56693.7
-19181
-53334.2
-10146.3
47651.9
37352.2
41055.3
20037.3
46935.6
41693.8
38780.6
22860.1
-65804.1
-6208.4
-76856.9
-14923.5
-48471.5
-38716.2
-36251.2
-19398.8
50245.6
32972.4
45577.3
20634.8
-22160
-4562.96
-15917
-857.721
71324.4
45071.7
67975.6
27399.7
40471.3
25478.5
39688.5
11474.2
-70455.4
-12329.8
-78987.4
-14879.6
-75130.8
-64196.8
-57465.2
-31063.2
49983.3
22555.3
49889.9
10030.3
-10529.5
-8046.17
-5436.94
-3271.08
91223.8
50778
87080.9
29374.6
-2294.56
-4776.51
3160.06
-2604.27
-78260.5
-19920.6
-83255.5
-18831
-101014
-78718
-85976.4
-37851.4
7188.45
1879.49
12633.2
963.787
-28799
-28118.8
-22418.1
-14088.4
96117.7
55256.9
95687.1
33318.2
-30570.3
-24472.3
-22256.9
-11363.9
-85311.7
-23458.3
-94192.3
-22060.3
-90680.8
-72332.8
-80833.6
-35435.9
4008.59
94.0452
-1344.92
-828.729
-56745.3
-40517.2
-45376.5
-22574.4
124010
69708.7
116386
40085.2
-32799.9
-29400.1
-20924
-12296.6
-87614.8
-19480.1
-95647.5
-19767.2
-96700.4
-72580.3
-82387.8
-36723.6
19629.3
19490
19193.7
9300.58
-67219
-48520.3
-57993.4
-24680.1
156268
92700.3
146071
54048.4
-40517.9
-37605.4
-30975.5
-16423.3
-88333.2
-24746.6
-96031.5
-22518.5
-115252
-87439.4
-100622
-46271.7
21652.3
13800.6
16821.4
6377.4
-69573.7
-48550
-55163.5
-24028.9
182087
109644
169725
61914.3
-50198.9
-41934.3
-37231.3
-18688.1
-112364
-43048
-118023
-31795.8
-160393
-113392
-147877
-61214.2
11093.8
11435.3
2302.34
3847.37
-81516
-62420.6
-61273.6
-31036.3
188211
111835
176139
62034.5
-63169.4
-50254.1
-53812.2
-24335.8
-82416.1
-16166.6
-84840.1
-17412.5
-183567
-114507
-156317
-59008.8
-20241.6
-6433.26
-23927.1
-8370.02
-71276.4
-48883.7
-57871
-20330
186968
108603
174178
58944.4
-74661.3
-55549.6
-64896.1
-28403.8
-33845.7
10028.9
-40819.9
-1340.67
-174036
-109080
-156872
-54866.5
-45961.2
-15530.9
-47665.4
-12242.8
-37751
-33521.8
-31817
-15603.7
158205
87971.2
154026
48257.2
-71358.4
-50706.6
-63701.8
-24471.6
-1400.78
20552.8
-8686.1
3693.93
-132845
-90805.9
-116726
-46203.1
-34332.2
-11926.1
-42036.8
-8524.17
-19195.8
-17911
-7572.41
-7213.9
110852
52144.9
107875
29089
-69109.8
-51934.9
-57331.5
-25515.2
9395.33
24829.3
3889.09
8176.98
-156363
-107501
-132005
-53238.8
-33268.7
-12643.1
-31652.9
-9557.96
-22034.9
-26092.9
-11832
-9940.51
65531.1
26746.3
65616
16852.5
-91518.7
-68404.8
-78994.4
-34530.1
379.009
9377.65
-4711.45
-773.575
-184989
-136904
-157024
-71573.3
-74522
-50565.2
-72397.1
-30396.4
-36840.3
-37026.2
-20617.1
-16134.8
45114.1
15028.1
49895.6
9817.47
-97157.2
-68722.3
-84725.5
-33403
-36119
-16999.6
-32881.9
-12865.8
-232969
-168542
-201371
-86844
-109477
-63433.1
-107921
-35665.8
-44970.6
-48538.6
-22212.3
-20060.6
44909.8
15939.6
45592.1
16162.3
-102269
-70014.2
-94222.7
-37101.2
-11936.7
8331.13
-17567.4
3492.4
-241606
-160814
-207663
-79096.3
-131883
-76920.5
-124526
-45556.8
-35586.6
-35904.1
-28471.7
-11018.8
82527.8
38830.8
81974.9
25375.2
-90119.3
-59501.6
-81191.4
-32048.2
36208.8
34933.2
27403.9
15780.5
-207803
-140446
-184313
-69535.5
-155105
-85673.8
-142249
-47881.7
-9736.86
-25305.2
-1582.5
-9191.68
76046.5
34052.1
81098.8
23878.3
-99693.6
-65710.7
-88961.1
-35146
36326.2
34188.6
26329.8
12933
-170411
-118003
-148550
-59409
-168069
-104329
-155911
-57665.3
-17992.3
-21637.5
-7682.72
-8773.07
56049.5
16862.4
56712.8
12628.9
-105351
-71178.1
-95971.4
-38654.7
16916.8
24901.5
4679.63
7163.7
-197707
-135378
-175469
-69874.9
-207974
-132334
-183807
-69742.6
-37579.2
-36097.8
-32389
-16924.6
58373.1
28557.9
57943.2
20995.4
-109031
-65235.6
-102355
-34767
7237.95
25497.6
-4749.64
7397.04
-206588
-138072
-181811
-72573.9
-228452
-148939
-207689
-78527.7
-31011.6
-22203.9
-20865.3
-7598.57
90982
48546.4
90564.8
31798.6
-91120.6
-52103.2
-84030.4
-28075.7
-11054.9
10014.8
-19860.5
-1213.4
-219048
-147884
-193545
-77318.6
-226588
-144615
-205439
-75569.2
-16779.6
-24033.9
-297.692
-7083.8
93546.7
42034.7
96018
29733.1
-81126.4
-44664.4
-81755
-23835.9
11843.3
37065.8
5572.71
13385.5
-235076
-148865
-199838
-76276.3
-242285
-160841
-215488
-83881.2
-8302.14
-11334.9
-5825.85
1101.67
113869
50790.8
115274
34190.7
-30460.7
-10587.5
-36649.3
-8239.92
43330.8
48530.2
35213.2
21867.3
-193980
-127637
-170958
-62670.2
-262727
-173818
-231800
-89236.2
28108.9
3558.87
29119.4
6228.2
105673
41461.9
115080
29359.8
3108.44
15538
-4328.91
6129.91
59187.7
54478.3
49805.8
21407
-128867
-90435.4
-108469
-46044.7
-252975
-172453
-224342
-87935.8
34275.6
17787.3
37772.2
12184.9
89984.3
29007.6
93618.1
21834.8
59097.9
51043.9
42197.3
22712.3
53936.7
55232.1
40858.8
23775.8
-112733
-76748
-98693
-38722.6
-260224
-179284
-225625
-89907.9
54391.4
30229.5
46648.5
18273.8
95507.5
35954.3
103076
28186
91145.4
78248.4
71363.3
36503.7
73716.6
63536.4
62236.7
28119.5
-83302.1
-62818
-65598.3
-32478.8
-250737
-181219
-214345
-90027.4
84993.5
54110.6
83741.2
31721.5
107581
40100.7
115718
29967.9
125617
103351
100751
49667.9
60787.8
47618
56050.2
19045.9
-102830
-79257.5
-82891.3
-41731.3
-255903
-186858
-218781
-91517.3
105401
60065.2
107878
35955.7
129589
59995.9
131883
41893.2
130945
104910
104727
48437.5
86199.9
67250.1
75525.4
37889.6
-131344
-95536.5
-113083
-46717.8
-248045
-178664
-216334
-87928.7
154693
89290.6
149861
53137.7
149551
69382
147657
43552.8
116319
97273.9
88246.2
41495.9
133251
90479.3
116279
47103.9
-139637
-95465.8
-130254
-49413.3
-245065
-170330
-214342
-84976.6
171967
92743.4
160389
51442
140050
68416.8
143260
43728.9
111275
100743
86899.9
45242.1
148964
102761
134166
54551.2
-122795
-81629.1
-114700
-42093.4
-217505
-150265
-190951
-71187.3
174890
101202
170918
56720.6
127047
61465.3
121500
36849.5
108807
95120
81309.5
40223.1
157399
107868
137240
55781.5
-161498
-103556
-151732
-57538
-196837
-136127
-172535
-67284.7
168387
93187.5
158748
52599.6
125717
69630.2
120240
42842.9
103800
99704.2
76492.7
43347.8
154963
106184
137615
54947.9
-199002
-125587
-183109
-70186
-192986
-136666
-171045
-67917.6
171730
98689.5
168840
57582.5
134760
76209.1
126757
43050.8
116561
108878
87434.5
46756
120493
79285.1
105966
40439.4
-244968
-152863
-233230
-86298.8
-195359
-133223
-177485
-66285.6
181326
94854.8
180625
55057.5
-15865.4
-16781.8
-12653
-10767.8
7380.78
1255.82
6518.82
2233.04
-29043.7
-22224.4
-27086.4
-14394.6
11798.8
7865.15
8559.53
4736.91
-11276.9
-9682.41
-9033.29
-5494.93
-4599.02
-9194.51
3245.62
-3035.61
2845.4
3627.46
8854.39
3568.06
60212.3
38859.8
57275.6
23562.2
-53747.9
-35251.4
-38243.9
-17207.4
43271.4
31860.1
39202
19148.5
5977.88
2715.29
9058.74
3988.08
17557.5
6394.37
22713
7289.56
51515.6
32933.5
44369.5
18703.7
120869
81846.9
103305
46868.5
-30813.6
-23161.3
-29583.2
-8693.17
99953.8
71561.3
85259.4
39522.3
41645.8
23915.8
35230.9
14491.4
46353.7
22587.1
45483.2
16156.7
79606.8
48659.6
71987.7
29442.5
192389
128035
173429
68507.3
-51877.6
-37703.6
-50407.5
-19915.7
123411
87464.2
108020
44050.6
44853.9
21730.8
41767.4
14308.3
54749.9
23432.8
58378.7
16380.8
127496
82882.1
115739
47639.2
232438
146286
208835
77666.5
-43583.9
-24760.1
-37179
-12637.4
152356
106400
134395
54205.4
48966.4
24900.1
43030.3
15590.3
45452.8
7612.71
51670.4
9076.42
164701
94891.6
156844
50428.7
249080
149081
230785
79466.8
-42984.3
-28325.3
-33538.8
-17088.6
172103
113192
150740
57725.4
60532.6
26489.6
62593.1
14907.9
29731
-8869.24
43231.8
3343.91
134100
69100.6
125742
34298.2
242945
147529
221350
80743.1
-54140.3
-41524.8
-44457.9
-23338.8
182133
124377
157436
63117.1
39354.7
9952.53
42816.7
6037.98
34166
-8722.16
49921.7
4769.44
98750.3
59153
94275
28958.9
288254
183070
262330
101552
-45965.5
-35702.5
-28198.7
-16217.5
182873
130006
157100
67485.6
36933.6
14994.2
40059
8945.61
46842.3
2705.39
58802.3
11515.9
86286.1
52905
73202.5
23140.1
349472
225466
310785
121500
-16547.7
-26908.9
-7711
-9955.36
204178
143431
171914
71557.8
39605.1
15431.2
34432.6
7134
63868.7
13024.9
71474.4
16534.3
69592
47005.6
60494.4
23256.7
402225
258078
361835
137560
-15373.2
-26657.2
-10004.1
-10014.8
201347
147253
167966
71750.1
40359.5
19646.3
37698.7
11220.4
71641.9
15808.8
82480.5
19418.6
61323.1
46914.4
50655
20274.2
434813
278614
390104
148877
10251.6
-7335.53
19731.8
1435.43
211345
161565
173879
78062.5
37407.4
20262.9
32856.4
9211.48
71952.4
9673.22
83908.1
16829.8
41636.6
31001.7
37739.7
10978.5
465960
289427
423672
155764
37638.6
7096.52
51283.6
9461.8
219772
165522
182750
80580.5
37631.5
18420.1
39139.8
8003.74
65633.7
-1.41421
83695.3
13496.5
15073.4
10404.4
5096.83
1743.73
480532
301910
436110
161985
34132
-2498.21
40327.7
5063.59
231539
172155
194116
83653.6
23731.2
8698.12
21425.3
4739.03
81695.6
10517.5
96296.6
18698
-30603.6
-10710.5
-38350.6
-13915.2
475189
295639
434132
158165
11260.7
-18934.2
28108.9
-3067.43
217855
165681
181679
79812.6
8634.48
683.065
6441.04
-2635.39
99747.3
24632.1
111564
26504.5
-86139.7
-38388.8
-90641.2
-27184.7
462779
289060
423749
156794
-6718.22
-35745.7
9211.48
-6744.38
211771
164250
176672
79787.1
-24088.3
-16006.8
-22045.5
-9618.77
128162
43366.9
137614
36959.1
-78661.4
-23746.8
-85261.5
-18963.9
479361
299945
442261
161783
8314.87
-21011.7
17444.3
337.29
231672
179117
193544
86288.9
-13064.5
-5908.58
-11246.5
-3856.56
149861
55065.9
158939
43253.7
-68533.5
-16426.8
-72891.4
-16395
474817
289176
437949
155899
41745.5
-257.387
58415.5
12314.3
238163
182879
198323
87883.5
-11427.6
-8008.69
-8338.2
-5552.2
179724
72894.9
184930
52547.9
-85619.3
-31865.1
-93907.3
-27259
454956
271323
419394
148406
58225.3
4607.51
74073
12404.1
222956
172106
182127
81926.1
-19599.6
-15822.2
-20071.9
-11531.5
196241
81975.6
197700
57618.6
-95298.9
-37079.3
-99062.8
-28546.6
479967
293439
440032
161774
61114.5
4912.98
71099.6
12428.1
225069
177011
186832
85607.3
-36051.1
-20453.8
-32210.1
-12167.9
203341
85280.6
210792
58673.6
-61565
-6844.09
-66714.8
-11216.1
559222
346361
511338
189920
98622.3
31046.9
111109
29023.9
239749
179464
207729
90579
8633.77
10378.9
7624.03
5827.27
229477
96813.5
236966
67436.1
-27128.9
11103.7
-41744.8
-3146.63
632199
396009
571804
215321
152906
61172.5
150626
45712.3
264833
191841
232048
97526.3
45796.5
30041.4
37386.9
13813.3
247281
101494
253792
70121
22966.1
48537.9
-516.895
19690.1
704497
442594
637083
238306
187998
86518.8
173405
55937.8
262195
181536
230913
91446.6
67662.3
45174.2
54239.3
23542.4
231994
84828.8
238739
61599.6
80683
88370.7
59803.6
42598.9
756642
477122
683508
256780
244117
132533
232172
82119.8
259003
179251
230071
92734.2
92203.9
65712.1
77627.6
35301.6
214795
70396
229375
57109.5
142994
117863
123694
55896.1
818214
515455
744962
276552
318680
183467
307405
107173
263674
180443
233156
94831.5
147019
99435.5
135611
52159
226894
82312.2
243209
66185.9
130032
102070
102929
46425.8
820994
516007
745339
276484
304090
161697
289279
94465.2
263793
177766
234338
91304.5
144033
92812
129694
47162.6
242988
78758.3
260512
62598
129027
114268
96006
48618.5
864332
553596
783654
295965
306766
168014
293890
98315.4
244210
168031
211691
83630.2
164626
114829
140616
55259.7
255441
92836.8
263723
67679.3
112545
105041
76618.6
40996.6
916369
589009
820632
312227
321892
175098
302087
101875
214731
150487
184497
72286.1
163559
114395
137508
51722.7
244223
83712.3
250854
59838.9
135201
131633
97749
61989.9
986041
636339
887131
340214
323809
176906
302015
106588
189215
138798
165271
69626.7
182672
132970
155131
67470
238475
84396.7
248235
65513.4
159869
149589
122004
67400.7
1.03036e+06
666037
925158
353092
347506
197774
328002
116807
155005
112623
131614
52907.9
188459
138274
158503
66857.7
226918
73312.1
238341
57909.9
171054
151655
135297
67059.9
1.06236e+06
682346
963911
361013
365710
209304
349497
119394
111955
86045
95953
41182.6
203087
148472
177123
71593.1
216043
68001
235793
57805.3
151863
133295
108016
54368
1.05575e+06
673484
949743
357118
350651
194151
324409
110024
98845.7
78870.7
74383.4
35827
181029
131158
147996
61994.2
216848
71384.6
224705
59367.3
111622
111974
75345.1
40116.3
1.07972e+06
687121
977241
363649
342944
189906
323013
108334
77934.5
62687.1
59708.8
27167
159011
119381
126257
50931.5
243669
89040.3
249808
68183.5
63019.5
82913.2
30443.8
27025.6
1.09207e+06
698037
984459
370414
342239
186492
318519
108439
64662.1
57414.2
50038.4
25173
109356
91836.9
80792.6
37454.7
274080
113128
279271
81695.6
41464.7
75494.3
13627.4
26975.4
1.11879e+06
712455
1.02126e+06
379265
343018
192960
316048
111231
44022.3
42483
35147.4
16256.4
89854.2
86624.8
66564.2
37235.5
287504
119582
292010
83715.1
44214
76694.9
19494.9
24790.5
1.11391e+06
700533
1.01476e+06
369876
355347
205178
330536
115780
22486.7
30272.7
9495.74
7105.01
69075.8
71420.6
48369.6
25491.9
302252
131378
304145
89127.3
21438.8
55819
-7463.51
11793.1
1.08438e+06
675668
982818
359627
357440
208029
332025
114826
-17745.6
8161.43
-35028.7
-4114.65
38157.6
51379.1
14531
13395.4
305619
135879
299044
90252.3
