-2.1619e+06
-1.7912e+06
-1.03711e+06
-1.02164e+06
-351682
-364233
-680838
-434334
-3.23346e+06
-2.72491e+06
-1.8471e+06
-1.69914e+06
-1.14108e+06
-954738
-611874
-580421
-1.17036e+06
-1.01398e+06
-847382
-708484
-1.54493e+06
-1.27157e+06
-673623
-700350
-2.24384e+06
-1.85955e+06
-1.06303e+06
-1.04573e+06
-339108
-358128
-693494
-431029
-3.31333e+06
-2.79477e+06
-1.88191e+06
-1.73362e+06
-1.17255e+06
-979987
-604579
-581233
-1.20929e+06
-1.05055e+06
-859222
-741610
-1.51978e+06
-1.25228e+06
-659921
-695466
-2.36096e+06
-1.95662e+06
-1.13075e+06
-1.10101e+06
-383538
-398034
-740733
-461017
-3.43887e+06
-2.89876e+06
-1.94894e+06
-1.79047e+06
-1.30357e+06
-1.08498e+06
-644335
-626190
-1.28913e+06
-1.11375e+06
-892411
-759749
-1.57683e+06
-1.2958e+06
-681903
-704417
-2.45457e+06
-2.03681e+06
-1.1742e+06
-1.15773e+06
-386302
-405689
-771162
-483374
-3.46951e+06
-2.92673e+06
-1.9686e+06
-1.82222e+06
-1.35663e+06
-1.12707e+06
-661060
-652339
-1.28924e+06
-1.11657e+06
-895407
-776145
-1.54865e+06
-1.27644e+06
-669544
-707694
-2.47508e+06
-2.05027e+06
-1.18997e+06
-1.16684e+06
-369239
-391232
-791578
-488052
-3.43522e+06
-2.89789e+06
-1.96625e+06
-1.80947e+06
-1.34982e+06
-1.12107e+06
-647679
-647541
-1.24147e+06
-1.0776e+06
-883073
-756501
-1.53612e+06
-1.26554e+06
-656548
-692637
-2.51279e+06
-2.08311e+06
-1.20186e+06
-1.18126e+06
-310447
-349210
-789744
-479603
-3.44046e+06
-2.90512e+06
-1.98044e+06
-1.81001e+06
-1.38972e+06
-1.14711e+06
-649881
-648218
-1.23262e+06
-1.07091e+06
-886466
-751637
-1.51483e+06
-1.24693e+06
-647831
-676684
-2.55826e+06
-2.11964e+06
-1.22871e+06
-1.20973e+06
-323747
-368433
-808205
-501233
-3.39255e+06
-2.86491e+06
-1.98213e+06
-1.79156e+06
-1.47178e+06
-1.2194e+06
-692919
-676715
-1.206e+06
-1.04803e+06
-905193
-727699
-1.58235e+06
-1.30059e+06
-692523
-696682
-2.61806e+06
-2.16801e+06
-1.23278e+06
-1.24614e+06
-340811
-382140
-795893
-519622
-3.35906e+06
-2.84722e+06
-1.98583e+06
-1.80352e+06
-1.58838e+06
-1.31365e+06
-735212
-740444
-1.25119e+06
-1.08962e+06
-914873
-775319
-1.59696e+06
-1.31392e+06
-705828
-731928
-2.6299e+06
-2.17831e+06
-1.23877e+06
-1.23818e+06
-335249
-376208
-785836
-503190
-3.33521e+06
-2.82886e+06
-2.00436e+06
-1.79467e+06
-1.7318e+06
-1.43008e+06
-799356
-793134
-1.33033e+06
-1.1511e+06
-941610
-788339
-1.62918e+06
-1.33687e+06
-711376
-728874
-2.65945e+06
-2.20045e+06
-1.24269e+06
-1.2587e+06
-345040
-382942
-781205
-507655
-3.26908e+06
-2.77984e+06
-1.99899e+06
-1.79205e+06
-1.8514e+06
-1.5298e+06
-851434
-857268
-1.34787e+06
-1.16623e+06
-948169
-807157
-1.62899e+06
-1.33754e+06
-710209
-736948
-2.63895e+06
-2.18226e+06
-1.2332e+06
-1.23824e+06
-310591
-353792
-768282
-486286
-3.15549e+06
-2.68801e+06
-1.99264e+06
-1.74956e+06
-1.94348e+06
-1.60767e+06
-897816
-895255
-1.33035e+06
-1.15319e+06
-948671
-796359
-1.69503e+06
-1.39508e+06
-733439
-755211
-2.68768e+06
-2.22381e+06
-1.24537e+06
-1.26018e+06
-303175
-346387
-750906
-482746
-3.07922e+06
-2.63622e+06
-1.99119e+06
-1.74326e+06
-2.09549e+06
-1.73052e+06
-953181
-960763
-1.36598e+06
-1.18314e+06
-961578
-815075
-1.76727e+06
-1.4548e+06
-769529
-794719
-2.70313e+06
-2.23097e+06
-1.2458e+06
-1.25394e+06
-270275
-312963
-749096
-461915
-3.14067e+06
-2.68288e+06
-2.04139e+06
-1.77275e+06
-2.08288e+06
-1.71802e+06
-943434
-954915
-1.42541e+06
-1.22649e+06
-990709
-837541
-1.82628e+06
-1.50107e+06
-797672
-821254
-2.73988e+06
-2.26469e+06
-1.26014e+06
-1.26535e+06
-257880
-309284
-755549
-463793
-3.32333e+06
-2.84013e+06
-2.12828e+06
-1.85546e+06
-2.02763e+06
-1.67493e+06
-908581
-932579
-1.42137e+06
-1.22793e+06
-975009
-849389
-1.82273e+06
-1.50239e+06
-793267
-829158
-2.80267e+06
-2.31744e+06
-1.30535e+06
-1.29726e+06
-255567
-306893
-772936
-465937
-3.55482e+06
-3.02985e+06
-2.23967e+06
-1.96254e+06
-2.00901e+06
-1.65571e+06
-893542
-909349
-1.41642e+06
-1.21696e+06
-958994
-821647
-1.8789e+06
-1.54221e+06
-806692
-835495
-2.85579e+06
-2.36397e+06
-1.33346e+06
-1.33421e+06
-241859
-300976
-783814
-471201
-3.70638e+06
-3.15728e+06
-2.31363e+06
-2.04261e+06
-1.96138e+06
-1.61834e+06
-868650
-893844
-1.3514e+06
-1.1667e+06
-924477
-798145
-1.86491e+06
-1.53462e+06
-794450
-836821
-2.87923e+06
-2.38176e+06
-1.35555e+06
-1.35001e+06
-258899
-314030
-814657
-487467
-3.85616e+06
-3.27911e+06
-2.3964e+06
-2.11561e+06
-1.90084e+06
-1.56626e+06
-840572
-861639
-1.30816e+06
-1.12803e+06
-907908
-772614
-1.90033e+06
-1.5619e+06
-799898
-844154
-2.87911e+06
-2.38476e+06
-1.35736e+06
-1.35501e+06
-215314
-285439
-814534
-491651
-3.99329e+06
-3.39906e+06
-2.46975e+06
-2.18717e+06
-1.85878e+06
-1.53283e+06
-819232
-843553
-1.27949e+06
-1.10838e+06
-896791
-769990
-1.87211e+06
-1.53969e+06
-786298
-832325
-2.90756e+06
-2.40684e+06
-1.37456e+06
-1.36566e+06
-207742
-276890
-825773
-479641
-4.05669e+06
-3.44695e+06
-2.50565e+06
-2.22122e+06
-1.83467e+06
-1.51441e+06
-823085
-833699
-1.18799e+06
-1.03233e+06
-873435
-721086
-1.91512e+06
-1.57818e+06
-796916
-839352
-2.9087e+06
-2.40549e+06
-1.37553e+06
-1.36926e+06
-203440
-272957
-836661
-486378
-4.14255e+06
-3.51878e+06
-2.5359e+06
-2.25833e+06
-1.87136e+06
-1.54231e+06
-839696
-858252
-1.14017e+06
-990543
-833489
-712692
-1.90898e+06
-1.56806e+06
-785092
-843270
-2.85057e+06
-2.36188e+06
-1.38377e+06
-1.35292e+06
-185856
-259779
-859755
-485284
-4.23562e+06
-3.594e+06
-2.58025e+06
-2.29914e+06
-1.93003e+06
-1.5922e+06
-880271
-883430
-1.0761e+06
-935844
-805074
-664121
-1.89183e+06
-1.55018e+06
-770010
-822239
-2.82965e+06
-2.3505e+06
-1.39051e+06
-1.36625e+06
-169781
-255677
-879659
-501047
-4.25843e+06
-3.61536e+06
-2.58957e+06
-2.32055e+06
-1.9419e+06
-1.60569e+06
-900726
-908706
-948140
-835220
-754288
-622542
-1.83863e+06
-1.51149e+06
-740492
-806547
-2.79184e+06
-2.32025e+06
-1.39825e+06
-1.35238e+06
-189984
-272894
-919240
-515218
-4.28502e+06
-3.63608e+06
-2.6095e+06
-2.32734e+06
-1.93711e+06
-1.60609e+06
-912424
-910482
-819975
-730506
-706338
-563979
-1.85259e+06
-1.52356e+06
-740704
-801284
-2.79517e+06
-2.32734e+06
-1.40889e+06
-1.36709e+06
-193389
-281629
-938566
-543340
-4.32912e+06
-3.6755e+06
-2.63125e+06
-2.35345e+06
-2.0217e+06
-1.67318e+06
-956871
-946530
-765705
-684621
-684082
-538934
-1.88697e+06
-1.55033e+06
-753854
-814067
-2.7699e+06
-2.30758e+06
-1.39529e+06
-1.34391e+06
-128746
-234458
-922893
-523371
-4.25012e+06
-3.60161e+06
-2.59482e+06
-2.32636e+06
-1.97432e+06
-1.63264e+06
-947259
-944342
-734528
-656600
-689157
-520561
-1.88071e+06
-1.53804e+06
-751349
-820732
-2.87814e+06
-2.39234e+06
-1.42368e+06
-1.38185e+06
-128297
-236061
-926900
-526533
-4.28375e+06
-3.62889e+06
-2.60265e+06
-2.3235e+06
-1.94934e+06
-1.61583e+06
-953044
-929881
-781501
-699942
-722952
-548795
-1.86909e+06
-1.52792e+06
-752629
-805827
-2.96501e+06
-2.46722e+06
-1.46889e+06
-1.41977e+06
-167241
-272008
-962691
-549841
-4.3445e+06
-3.68343e+06
-2.63131e+06
-2.35826e+06
-2.02085e+06
-1.68014e+06
-1.01122e+06
-973668
-902323
-802062
-787166
-606706
-1.91737e+06
-1.57045e+06
-781294
-832842
-3.06375e+06
-2.548e+06
-1.50812e+06
-1.4724e+06
-202987
-303430
-996443
-581767
-4.35315e+06
-3.68621e+06
-2.62805e+06
-2.36311e+06
-2.0258e+06
-1.68765e+06
-1.04465e+06
-1.00092e+06
-957307
-848292
-828515
-646367
-1.90899e+06
-1.56484e+06
-782099
-840397
-3.12157e+06
-2.59111e+06
-1.52022e+06
-1.49235e+06
-206569
-304873
-1.00992e+06
-586682
-4.32045e+06
-3.65664e+06
-2.59765e+06
-2.34481e+06
-1.97652e+06
-1.6494e+06
-1.03988e+06
-993539
-961747
-853657
-841736
-658595
-1.93184e+06
-1.58372e+06
-778280
-847663
-3.19778e+06
-2.6555e+06
-1.54331e+06
-1.5102e+06
-182878
-289867
-1.00294e+06
-577802
-4.27027e+06
-3.61497e+06
-2.56962e+06
-2.30492e+06
-1.96963e+06
-1.64365e+06
-1.05104e+06
-985790
-987268
-875434
-862965
-668316
-1.93137e+06
-1.58083e+06
-776214
-833886
-3.25601e+06
-2.69899e+06
-1.56315e+06
-1.53392e+06
-223491
-319817
-1.01024e+06
-589964
-4.21296e+06
-3.56422e+06
-2.54259e+06
-2.27301e+06
-1.83391e+06
-1.53961e+06
-1.00841e+06
-946742
-961104
-857620
-877777
-669315
-1.93178e+06
-1.57745e+06
-773890
-832254
-3.26171e+06
-2.70929e+06
-1.57445e+06
-1.54925e+06
-256468
-349386
-1.0168e+06
-606092
-4.19477e+06
-3.55767e+06
-2.5293e+06
-2.27075e+06
-1.73623e+06
-1.46564e+06
-976607
-914447
-936884
-849174
-878685
-686309
-1.84069e+06
-1.50667e+06
-729436
-806687
-3.24171e+06
-2.69341e+06
-1.5834e+06
-1.5423e+06
-263498
-351497
-1.0141e+06
-600237
-4.20066e+06
-3.55861e+06
-2.53216e+06
-2.26303e+06
-1.6691e+06
-1.40888e+06
-959224
-882186
-908191
-822413
-882218
-662722
-1.76072e+06
-1.43359e+06
-677317
-749063
-3.28756e+06
-2.73599e+06
-1.61719e+06
-1.57675e+06
-343784
-420154
-1.04382e+06
-634437
-4.1806e+06
-3.54466e+06
-2.52153e+06
-2.26383e+06
-1.60207e+06
-1.35919e+06
-943737
-867619
-876821
-803777
-884835
-669807
-1.69344e+06
-1.3813e+06
-639126
-720956
-3.28017e+06
-2.72578e+06
-1.62156e+06
-1.57684e+06
-371674
-434941
-1.04466e+06
-638433
-4.10685e+06
-3.47751e+06
-2.49399e+06
-2.22367e+06
-1.45239e+06
-1.23561e+06
-892964
-806518
-777635
-719484
-863240
-630293
-1.66563e+06
-1.3543e+06
-605941
-692678
-3.31179e+06
-2.75886e+06
-1.64678e+06
-1.59772e+06
-406359
-467496
-1.05061e+06
-654036
-4.06121e+06
-3.44992e+06
-2.48156e+06
-2.21265e+06
-1.41051e+06
-1.20429e+06
-890579
-788184
-765394
-718440
-875621
-642641
-1.62676e+06
-1.3255e+06
-586748
-674611
5424.22
14540.2
19694.3
12103.5
-636677
-503623
-166233
-211874
1.22542e+06
973644
281609
416661
5.11526e+06
4.17228e+06
1.97108e+06
2.16014e+06
-548636
-492948
-503787
-389907
1.36477e+06
1.12521e+06
616686
617434
-38242.5
-27647.2
10190.1
16.2635
-688695
-551546
-192609
-239422
1.17541e+06
923006
240381
400601
5.17232e+06
4.21841e+06
1.98817e+06
2.18724e+06
-604372
-541771
-528739
-416446
1.421e+06
1.16848e+06
646286
657487
-90550
-68567.4
-14321
-21430.3
-766814
-613055
-226774
-273042
1.03326e+06
807459
162495
321726
5.23049e+06
4.26506e+06
1.9947e+06
2.20486e+06
-650362
-578758
-552038
-438683
1.43811e+06
1.1816e+06
650356
659177
-120975
-93447
-16584.5
-38065
-833066
-668951
-248449
-304761
929638
715381
97913.8
263165
5.30143e+06
4.31859e+06
2.01424e+06
2.22264e+06
-698398
-619204
-569753
-462040
1.47795e+06
1.21589e+06
678363
681908
-139148
-101794
-17131.8
-34395.1
-866719
-692436
-259120
-312550
884146
681045
54835.4
230978
5.41762e+06
4.41389e+06
2.05151e+06
2.27079e+06
-715565
-630622
-571112
-466204
1.54987e+06
1.2773e+06
719970
714200
-151761
-119920
-24057.9
-44307.3
-870192
-700157
-258720
-316426
858289
653231
26551.9
207874
5.53169e+06
4.50613e+06
2.08638e+06
2.31589e+06
-749815
-661851
-588934
-475285
1.63845e+06
1.35213e+06
771368
766776
-221431
-169792
-51939.8
-64621.8
-975812
-783046
-296309
-360673
856620
648291
18547.4
193769
5.61825e+06
4.56996e+06
2.11885e+06
2.3437e+06
-834254
-726194
-642392
-514411
1.6064e+06
1.33128e+06
761859
762424
-293300
-233315
-75052.3
-100519
-1.02214e+06
-816982
-297958
-396745
906316
692103
51780.7
211135
5.74271e+06
4.67394e+06
2.17352e+06
2.39293e+06
-846746
-739562
-678197
-537566
1.5723e+06
1.30533e+06
761009
752243
-363360
-289632
-108578
-125079
-1.00745e+06
-801281
-272991
-369954
959710
740860
81370.3
250375
5.91589e+06
4.81452e+06
2.23334e+06
2.47021e+06
-871904
-763880
-718309
-558066
1.52495e+06
1.26621e+06
741960
738666
-439164
-351694
-130401
-168296
-1.05462e+06
-838049
-267691
-382874
1.00155e+06
770317
111299
261820
6.06133e+06
4.93008e+06
2.29523e+06
2.52168e+06
-909981
-800378
-760673
-599561
1.47997e+06
1.23037e+06
737166
714625
-498186
-395123
-158014
-181222
-1.1071e+06
-878468
-270989
-386070
1.05693e+06
819996
128714
302192
6.2248e+06
5.06486e+06
2.35358e+06
2.5971e+06
-977814
-856849
-810196
-632555
1.46528e+06
1.22138e+06
737184
720690
-549179
-446358
-183769
-216282
-1.13241e+06
-899753
-261281
-392635
1.1248e+06
871168
161113
324513
6.40597e+06
5.21135e+06
2.42057e+06
2.67024e+06
-1.00845e+06
-891948
-853916
-665305
1.45381e+06
1.21015e+06
745900
718664
-556463
-447711
-202769
-213570
-1.23649e+06
-981033
-307056
-407122
1.11477e+06
864544
153898
325420
6.47259e+06
5.26481e+06
2.46546e+06
2.71325e+06
-1.04561e+06
-925198
-882517
-694964
1.43999e+06
1.20404e+06
739055
708704
-509226
-418440
-202280
-222934
-1.26322e+06
-1.00226e+06
-320382
-456833
1.16963e+06
906382
175185
329712
6.57012e+06
5.34952e+06
2.53784e+06
2.74496e+06
-1.04142e+06
-922141
-890178
-715344
1.42806e+06
1.19335e+06
740917
692963
-406948
-337699
-193503
-187714
-1.23819e+06
-980556
-305234
-433652
1.24421e+06
969006
201296
363350
6.78764e+06
5.53049e+06
2.64162e+06
2.85458e+06
-964665
-861353
-869620
-686334
1.4603e+06
1.21664e+06
745561
703497
-332555
-281033
-186089
-175732
-1.2601e+06
-998107
-309745
-444883
1.31361e+06
1.02159e+06
226068
386114
6.94876e+06
5.66234e+06
2.73399e+06
2.93197e+06
-943947
-845642
-868704
-681238
1.46675e+06
1.22316e+06
746203
707075
-244507
-209464
-188425
-141252
-1.27809e+06
-1.01504e+06
-324911
-440665
1.4055e+06
1.09753e+06
241654
432454
7.14759e+06
5.82661e+06
2.82554e+06
3.03672e+06
-938354
-842517
-876305
-674227
1.51512e+06
1.26163e+06
760547
729777
-185270
-172608
-182982
-149792
-1.31027e+06
-1.04404e+06
-326341
-464353
1.49185e+06
1.16487e+06
284215
454562
7.31579e+06
5.97023e+06
2.93057e+06
3.11468e+06
-959389
-863212
-887092
-694795
1.51344e+06
1.26215e+06
781055
728321
-53417.7
-59785.9
-148811
-91787.4
-1.32344e+06
-1.05114e+06
-332973
-456134
1.56497e+06
1.23396e+06
311780
498447
7.39818e+06
6.05003e+06
2.96814e+06
3.19296e+06
-891445
-807455
-854668
-667964
1.68305e+06
1.40283e+06
857764
806155
-12246.4
-37534.6
-152898
-74340.3
-1.34023e+06
-1.06985e+06
-353721
-475424
1.57307e+06
1.2365e+06
307319
509432
7.38861e+06
6.04204e+06
2.95399e+06
3.19472e+06
-832024
-764220
-852264
-635480
1.81622e+06
1.50793e+06
903550
879740
-25807.3
-51357.2
-173023
-96291.7
-1.37153e+06
-1.09533e+06
-369785
-494931
1.5128e+06
1.1901e+06
284214
476135
7.35399e+06
6.01427e+06
2.9293e+06
3.16988e+06
-816540
-754259
-852882
-648899
1.87282e+06
1.55056e+06
926351
889612
-23932.7
-48027.4
-183033
-100865
-1.417e+06
-1.13233e+06
-388197
-514914
1.46434e+06
1.14752e+06
265047
455674
7.30883e+06
5.97366e+06
2.90702e+06
3.146e+06
-796616
-736271
-852257
-637095
1.95637e+06
1.62355e+06
962189
933827
30850.4
-2113.54
-179730
-86576
-1.3964e+06
-1.11554e+06
-385876
-506300
1.45124e+06
1.1383e+06
253986
449407
7.30895e+06
5.97283e+06
2.89136e+06
3.14125e+06
-750879
-700178
-832475
-624358
2.08864e+06
1.73067e+06
1.01943e+06
985589
58470
12216.7
-192726
-86105.1
-1.38546e+06
-1.10871e+06
-381459
-501870
1.43481e+06
1.12432e+06
249812
441671
7.28709e+06
5.95468e+06
2.87611e+06
3.12507e+06
-722078
-675856
-829688
-604419
2.1913e+06
1.81888e+06
1.0692e+06
1.04179e+06
73822.7
27336.7
-188868
-92448.6
-1.4432e+06
-1.15536e+06
-406564
-522722
1.4862e+06
1.16629e+06
275012
468863
7.34071e+06
5.99564e+06
2.8952e+06
3.13899e+06
-763740
-703446
-836493
-621123
2.24789e+06
1.86817e+06
1.08622e+06
1.06527e+06
89478.7
34670.9
-172516
-80774.9
-1.48262e+06
-1.18635e+06
-422182
-555882
1.57901e+06
1.2398e+06
316319
503783
7.37683e+06
6.02444e+06
2.91307e+06
3.15651e+06
-786289
-722378
-838851
-622410
2.2102e+06
1.83095e+06
1.05958e+06
1.0525e+06
69192.5
21129.8
-169038
-82679.9
-1.4976e+06
-1.19579e+06
-411677
-550210
1.61711e+06
1.27655e+06
351044
530262
7.41378e+06
6.05728e+06
2.92476e+06
3.17429e+06
-838384
-761458
-837241
-637527
2.12193e+06
1.75813e+06
1.01602e+06
1.00576e+06
53476.4
13207.3
-158841
-82271.2
-1.53781e+06
-1.2251e+06
-409807
-557566
1.65498e+06
1.30837e+06
380213
556592
7.43367e+06
6.071e+06
2.93742e+06
3.18158e+06
-892791
-800628
-838322
-646047
2.02681e+06
1.68121e+06
974983
967311
86747.9
42819.6
-135081
-63276.2
-1.58251e+06
-1.26241e+06
-414756
-564498
1.67511e+06
1.3257e+06
395957
573435
7.48841e+06
6.1163e+06
2.95566e+06
3.20579e+06
-969781
-861186
-840928
-666693
2.00047e+06
1.66057e+06
957559
948975
125577
74036.9
-114633
-39938.1
-1.58055e+06
-1.2589e+06
-402943
-560767
1.76275e+06
1.39829e+06
445093
612255
7.57596e+06
6.19012e+06
2.9957e+06
3.23824e+06
-980712
-868024
-833011
-661021
1.98693e+06
1.64822e+06
953462
942215
131153
88120.4
-96323.5
-30459.3
-1.66001e+06
-1.31593e+06
-426685
-581711
1.74558e+06
1.38993e+06
434917
608688
7.58849e+06
6.19802e+06
3.01559e+06
3.25006e+06
-1.01561e+06
-892575
-846147
-665865
2.03917e+06
1.69405e+06
977298
962099
174284
122245
-44367.4
-6468.61
-1.69744e+06
-1.35191e+06
-444398
-612846
1.78241e+06
1.41091e+06
441635
612264
7.6287e+06
6.23317e+06
3.0383e+06
3.26397e+06
-1.03799e+06
-911685
-858574
-684916
2.06469e+06
1.71498e+06
994273
983714
239701
183624
9138.65
47884.6
-1.70997e+06
-1.35671e+06
-438287
-608753
1.77162e+06
1.40999e+06
438934
615993
7.72596e+06
6.31701e+06
3.07185e+06
3.31397e+06
-1.02746e+06
-900837
-854519
-673502
2.07637e+06
1.72755e+06
1.00001e+06
991772
248035
193870
50353.8
62372.5
-1.78399e+06
-1.41647e+06
-453217
-635765
1.73637e+06
1.37529e+06
425151
593000
7.76199e+06
6.34112e+06
3.09975e+06
3.32106e+06
-1.0829e+06
-947037
-875138
-700256
2.06269e+06
1.71639e+06
1.01096e+06
989181
300340
244253
96583
108228
-1.77041e+06
-1.40249e+06
-437948
-618503
1.77541e+06
1.41107e+06
430233
614329
7.8638e+06
6.42573e+06
3.14465e+06
3.37637e+06
-1.09625e+06
-955291
-873739
-699241
2.11071e+06
1.7582e+06
1.04295e+06
1.01879e+06
325261
262008
128465
125553
-1.796e+06
-1.42691e+06
-442625
-630103
1.80966e+06
1.43333e+06
438246
617333
7.92598e+06
6.47908e+06
3.17822e+06
3.40284e+06
-1.13318e+06
-989720
-893750
-718367
2.14291e+06
1.78625e+06
1.07114e+06
1.04031e+06
-596763
-500678
-340263
-304452
555463
484931
439885
364441
-1.19876e+06
-989204
-535383
-531932
-1.11583e+06
-918098
-468170
-486878
-144400
-103144
40061.8
-11127.7
97587.1
101483
189090
125840
-653056
-544126
-361245
-334899
580164
508024
457334
370232
-1.22642e+06
-1.01674e+06
-580160
-570748
-1.19369e+06
-984902
-511647
-534908
-105430
-72092.4
52858.4
8015.76
71196.5
81842
169764
108286
-731406
-609281
-384438
-363601
575908
507788
472577
382507
-1.29213e+06
-1.07283e+06
-615819
-603834
-1.29026e+06
-1.0622e+06
-544055
-572341
-157856
-115443
35079.6
-14984.3
-43661
-12908.2
125163
63173.6
-808485
-667541
-414689
-392217
559752
497206
475724
379677
-1.34648e+06
-1.11744e+06
-658886
-635084
-1.37584e+06
-1.13362e+06
-585159
-614415
-138707
-99852.7
35412.6
-15293.3
-100650
-58158.1
94877.5
30774.7
-899866
-744864
-440460
-429939
550477
489341
472615
383016
-1.39228e+06
-1.16008e+06
-709755
-671762
-1.44646e+06
-1.19109e+06
-632407
-646839
-116907
-83682.6
30845.4
-8570.84
-152967
-104054
67635.5
4994.3
-973710
-801521
-459525
-451404
530619
473529
466905
374964
-1.46371e+06
-1.22474e+06
-776164
-717579
-1.51487e+06
-1.25268e+06
-684827
-690552
-71759.3
-46328.9
42695.8
7952.83
-181295
-126363
43250.2
1710.49
-974221
-810252
-458528
-453233
497938
446875
452304
357263
-1.52603e+06
-1.27555e+06
-806751
-761398
-1.48062e+06
-1.21777e+06
-676249
-680900
-122081
-90198.5
7201.88
-8700.24
-237526
-179370
19437
-41548.2
-925888
-770956
-437495
-444674
469433
423209
454489
339963
-1.57249e+06
-1.31551e+06
-827277
-785071
-1.4075e+06
-1.15814e+06
-636381
-647784
-183658
-140880
-17720.8
-41845.2
-228735
-171670
22640.1
-40476.9
-848476
-709420
-411722
-414268
489535
441445
464107
354807
-1.5682e+06
-1.31226e+06
-830450
-788429
-1.30865e+06
-1.07559e+06
-590122
-604610
-244175
-190149
-40791.6
-67914.1
-260922
-198018
14953.2
-55201
-783663
-655334
-398663
-385280
467375
423343
456497
346433
-1.56761e+06
-1.31171e+06
-833558
-784833
-1.20478e+06
-990628
-547646
-555434
-297643
-235362
-71471.5
-94054.4
-271947
-205301
6537.2
-56837.2
-737949
-622950
-390038
-373860
487769
441010
457778
355591
-1.59041e+06
-1.33141e+06
-840928
-797054
-1.15135e+06
-946455
-530542
-527405
-389052
-311657
-125959
-138770
-302335
-233474
-10422.8
-74276.6
-745102
-625233
-389781
-378873
429953
392384
433195
325379
-1.64017e+06
-1.37209e+06
-863735
-822504
-1.0974e+06
-903592
-508915
-517976
-489623
-396799
-174016
-197624
-376802
-292092
-39718.9
-99837.8
-773765
-643185
-414791
-378376
387438
352970
424501
302659
-1.69169e+06
-1.41374e+06
-867684
-836209
-1.09389e+06
-907871
-498990
-514862
-463984
-378823
-172095
-194534
-364431
-279070
-25172.3
-97981
-730828
-611951
-429183
-383658
353476
325304
411309
289472
-1.69206e+06
-1.41218e+06
-862602
-837169
-1.15981e+06
-962374
-543919
-545280
-427551
-349331
-172421
-185186
-221263
-157229
30634
-39815.8
-687197
-579743
-442275
-378917
358855
330266
420759
292529
-1.66145e+06
-1.38432e+06
-836618
-815761
-1.1954e+06
-993256
-568906
-573290
-411339
-338320
-169762
-180701
-87699.6
-46691.7
96818.5
25638.3
-628249
-537709
-452273
-374735
347020
320391
419707
288779
-1.64403e+06
-1.37004e+06
-814660
-802479
-1.22921e+06
-1.02588e+06
-599953
-596346
-350843
-291627
-158734
-166776
79876.9
90571.9
173479
97668.4
-622385
-537756
-470476
-377936
368717
340343
433777
301867
-1.62323e+06
-1.35042e+06
-795692
-782135
-1.25946e+06
-1.05103e+06
-625931
-614643
-328988
-274368
-153531
-158499
195434
183522
229280
159925
-566380
-494669
-458328
-375030
341825
318015
415655
292428
-1.5843e+06
-1.31854e+06
-768903
-764156
-1.31903e+06
-1.10186e+06
-671823
-650703
-257593
-217361
-143159
-134019
337774
301961
288898
222560
-536266
-478123
-456140
-360010
336435
319696
418232
293908
-1.6555e+06
-1.37605e+06
-788940
-786178
-1.30339e+06
-1.08836e+06
-664779
-648381
-223371
-187570
-135241
-119444
371532
325082
298040
245097
-511276
-455783
-459774
-360840
335883
320105
423181
299142
-1.69019e+06
-1.40113e+06
-812252
-805857
-1.29215e+06
-1.07988e+06
-661787
-642340
-163703
-139850
-116030
-96687.7
419667
366662
307676
257563
-473582
-428569
-459493
-355761
353202
336554
438172
308224
-1.66869e+06
-1.38392e+06
-796905
-796624
-1.24864e+06
-1.04346e+06
-643604
-627012
-143553
-123724
-101817
-86805.8
444636
386562
319825
268141
-434824
-398598
-471427
-342914
344745
329387
439103
312962
-1.68814e+06
-1.39908e+06
-802403
-795971
-1.20866e+06
-1.01424e+06
-633948
-607578
-78451.4
-70955.3
-84310.5
-59775.3
505195
436467
338443
293680
-470362
-434709
-494528
-370095
314640
305445
433348
301294
-1.74321e+06
-1.44603e+06
-819864
-821155
-1.20416e+06
-1.00928e+06
-641757
-609505
-60831.7
-57080.5
-81098.8
-54735
514942
440641
337786
298341
-490137
-445400
-497940
-381116
284290
282626
429233
287341
-1.80019e+06
-1.49149e+06
-844510
-846823
-1.17845e+06
-989833
-635502
-608826
21157.3
9643.52
-49617
-25743.6
547750
469339
350074
309581
-537610
-490622
-510802
-392951
337940
322283
453359
315538
-1.79578e+06
-1.49109e+06
-845248
-849292
-1.13741e+06
-956235
-627171
-580736
60418.7
42076.4
-40134.7
-7150.97
550691
465533
353831
309349
-645058
-569974
-543846
-435337
329526
316408
443359
314766
-1.87347e+06
-1.55234e+06
-876754
-879167
-1.24494e+06
-1.04087e+06
-673388
-621641
51905.9
37055.9
-47357.1
-4360.02
481139
419493
332719
286706
-725608
-638945
-567174
-465738
342045
325492
442533
316521
-1.9131e+06
-1.58658e+06
-885218
-897123
-1.32124e+06
-1.1054e+06
-700674
-656264
-27.5772
-8146.58
-66150.5
-28345.8
433379
377565
329703
272115
-847360
-733693
-611814
-511219
311313
300081
424949
302074
-1.95699e+06
-1.61862e+06
-894001
-908589
-1.40693e+06
-1.17422e+06
-738542
-692500
-20901.4
-23321.8
-82996
-41485.2
385716
345657
325901
262651
-971005
-836283
-635349
-559431
337570
321271
432824
307615
-1.95859e+06
-1.62028e+06
-877038
-908761
-1.47969e+06
-1.2315e+06
-763262
-722549
-52946.7
-49802.9
-95950.1
-55605.5
336791
303712
332135
249682
-1.09513e+06
-930737
-668706
-590107
322731
310141
415052
301677
-2.0025e+06
-1.65216e+06
-895689
-912000
-1.55401e+06
-1.29409e+06
-808180
-755346
-37850.7
-37091.3
-96134.7
-52311.8
275516
260402
313328
246031
-1.24627e+06
-1.0589e+06
-709053
-649482
308970
300752
422035
283527
-2.05041e+06
-1.68699e+06
-887354
-932260
-1.60991e+06
-1.33662e+06
-799235
-788409
-89919.2
-82904
-92398.4
-80760.1
172353
166023
288385
195019
-1.26948e+06
-1.07076e+06
-709519
-667277
344759
328471
435283
311613
-2.06646e+06
-1.69711e+06
-883935
-921054
-1.62462e+06
-1.34355e+06
-780698
-774994
-93455.5
-80085.5
-74253.3
-64389.9
156862
159446
288970
186846
-1.18358e+06
-1.00167e+06
-679732
-626895
428040
396201
458928
336456
-2.02188e+06
-1.65887e+06
-858249
-901068
-1.549e+06
-1.28045e+06
-738970
-739141
-43156.8
-37801.9
-39025.2
-38535.9
215176
206636
316043
214126
-1.17078e+06
-992561
-676152
-619814
477700
435083
471649
358780
-1.9973e+06
-1.6372e+06
-828917
-878995
-1.50037e+06
-1.23976e+06
-698942
-709275
-11184.3
-10585.4
-8062.43
-14579.1
255118
239114
340858
236174
-1.22312e+06
-1.03771e+06
-689223
-639362
528138
477624
498387
378268
-1.97828e+06
-1.61846e+06
-792892
-861188
-1.49438e+06
-1.22935e+06
-663331
-688759
-66159.7
-52900.8
-2844.69
-25093.1
247347
231423
342564
235821
-1.30199e+06
-1.10023e+06
-709488
-670352
527926
477871
495418
375831
-1.96714e+06
-1.60591e+06
-776141
-845089
-1.48788e+06
-1.22246e+06
-642830
-677483
-84812.5
-64788.7
8730.65
-27403.2
209718
201953
331158
223625
104766
80834.3
2317.19
27401.8
-4.22262e+06
-3.48067e+06
-1.92145e+06
-1.93287e+06
-1.00046e+06
-843677
-562062
-498416
428088
409418
555888
396558
-89585.5
-53674.4
85845.6
20706.9
280429
155335
-379624
-148347
93244
71422
21501
29742.3
-4.31588e+06
-3.56958e+06
-1.96471e+06
-1.98619e+06
-1.16321e+06
-980536
-626699
-578181
376653
363566
556704
374480
23856.4
41716.5
146257
65333.8
367019
226853
-340509
-105649
27974.6
20740.1
2431.74
17032.1
-4.4221e+06
-3.65416e+06
-2.0197e+06
-2.02849e+06
-1.30468e+06
-1.09739e+06
-694773
-637818
295807
304533
545203
356986
166428
161201
213975
138860
480737
320884
-304330
-57111.6
18243.4
13070.9
10316
6699.84
-4.49123e+06
-3.71378e+06
-2.05149e+06
-2.07508e+06
-1.4252e+06
-1.19643e+06
-750161
-699296
238851
260417
545553
344996
337343
304137
301829
216097
615068
424526
-246916
-7172.18
48890.1
39370.3
38647.6
21645.2
-4.49555e+06
-3.71307e+06
-2.06562e+06
-2.07317e+06
-1.52417e+06
-1.27834e+06
-796735
-748547
213440
241488
543108
339160
473690
411772
364863
286919
771319
554398
-184260
61537.4
78639.5
69591.3
67225.3
51970.2
-4.52487e+06
-3.74752e+06
-2.08954e+06
-2.10677e+06
-1.66612e+06
-1.39654e+06
-857515
-815988
167297
205391
547369
324913
560093
486526
412250
324983
950907
704500
-102168
136557
73690.4
62050.7
64126.8
44627.6
-4.52849e+06
-3.73763e+06
-2.08236e+06
-2.10147e+06
-1.72889e+06
-1.44367e+06
-886880
-846978
142334
189643
533224
320581
506961
441360
395283
329607
1.03249e+06
772904
-49643.1
179114
83230.7
67769.8
54555.4
54773.2
-4.56533e+06
-3.7728e+06
-2.0902e+06
-2.10406e+06
-1.73614e+06
-1.45259e+06
-898385
-845974
175498
213350
527202
330766
478531
421059
373080
311511
1.04817e+06
787360
-46710.8
201571
47082.7
35800.1
22206
28888.1
-4.61771e+06
-3.81287e+06
-2.10469e+06
-2.12515e+06
-1.76301e+06
-1.4761e+06
-921593
-866982
137317
181358
501589
307017
439127
390977
355764
294685
1.06431e+06
798576
-39143.3
199719
7497.45
-817.415
-12189.8
-3737.06
-4.65586e+06
-3.84298e+06
-2.1037e+06
-2.14206e+06
-1.79807e+06
-1.50733e+06
-946986
-889849
137956
180374
484454
299700
383359
342760
332977
266675
1.08621e+06
815457
-27202.4
208713
7467.75
-557.907
-26817
-14286.4
-4.63693e+06
-3.82168e+06
-2.08124e+06
-2.12024e+06
-1.8634e+06
-1.55947e+06
-976206
-922211
113354
157800
451324
279188
281894
257516
284024
228136
1.15106e+06
871216
11680
238534
8157.89
-2373.05
-48477.8
-16359.6
-4.65087e+06
-3.83711e+06
-2.08556e+06
-2.12755e+06
-1.91506e+06
-1.60552e+06
-1.0068e+06
-948982
116516
156331
434558
269356
172120
165370
230631
172738
1.24553e+06
951092
50700.3
288986
66162.6
40432.4
-36874.9
-13737.7
-4.72483e+06
-3.89037e+06
-2.11154e+06
-2.15587e+06
-1.86181e+06
-1.55814e+06
-987014
-938960
164209
192578
451153
270825
64570.9
78658.6
197469
125490
1.29754e+06
987619
58525.1
305450
123280
89434.9
-8307.09
13662.7
-4.84314e+06
-3.98909e+06
-2.14859e+06
-2.20379e+06
-1.76869e+06
-1.48201e+06
-943620
-889898
237490
252211
491011
310694
27756.1
51840.8
183008
110580
1.27139e+06
966418
24967.9
288407
141547
105435
-10868.2
28463.2
-4.95946e+06
-4.08174e+06
-2.19626e+06
-2.24401e+06
-1.70436e+06
-1.42973e+06
-934535
-861780
228892
249179
497599
316148
-43529.5
-3595.64
160375
83938.5
1.23321e+06
932084
-13747.6
260813
142239
100651
-19948.2
16025.2
-5.10687e+06
-4.20317e+06
-2.24525e+06
-2.31289e+06
-1.64898e+06
-1.38969e+06
-922133
-849399
244566
263343
513705
329424
-148806
-89958.8
125932
43006.9
1.17566e+06
877312
-61364.8
218768
179738
131059
-15994.8
20885.8
-5.20387e+06
-4.2765e+06
-2.27338e+06
-2.34228e+06
-1.58082e+06
-1.33161e+06
-898852
-827065
287865
298521
534762
345050
-256650
-178601
88350.2
-728.32
1.18994e+06
888063
-76106.6
208818
205258
153466
-16762.7
40193.4
-5.30228e+06
-4.36077e+06
-2.30664e+06
-2.38436e+06
-1.49089e+06
-1.25736e+06
-857588
-783337
333786
339798
564188
380779
-360285
-261893
54104.3
-35740.7
1.19729e+06
893307
-95725.3
212252
175238
119305
-40054.8
8212.34
-5.32958e+06
-4.37636e+06
-2.31905e+06
-2.39691e+06
-1.47511e+06
-1.25015e+06
-848846
-781745
382628
376942
587278
389136
-473489
-359868
-2159.5
-89977.9
1.12091e+06
827052
-137080
167881
183467
131956
-40614.1
10604.5
-5.28367e+06
-4.34579e+06
-2.32308e+06
-2.38763e+06
-1.39899e+06
-1.18204e+06
-805939
-747647
532502
501090
645141
458895
-458241
-342815
-13450.6
-95907
975110
713967
-203505
107979
168706
119122
-47888.1
9542.41
-5.26169e+06
-4.32725e+06
-2.3267e+06
-2.37897e+06
-1.3103e+06
-1.10866e+06
-759395
-700817
601049
560219
685276
492851
-452391
-335468
-9986.47
-90157.5
856989
615822
-252359
53573.2
170292
116436
-53419.8
-5333
-5.21319e+06
-4.2912e+06
-2.31806e+06
-2.37841e+06
-1.19916e+06
-1.01837e+06
-706461
-654715
746035
678865
748463
558102
-434781
-323134
-924.896
-88693.8
752189
526346
-294538
1534.42
173001
116142
-56078.5
-8927.22
-5.15882e+06
-4.24468e+06
-2.30731e+06
-2.34779e+06
-1.17754e+06
-1.00207e+06
-691312
-637601
849003
760199
789615
600425
-524077
-400204
-43486.4
-119435
666930
457890
-324546
-32590.6
146379
95712.6
-89860.5
-10441.1
-5.11413e+06
-4.21879e+06
-2.31836e+06
-2.35092e+06
-1.15776e+06
-985074
-682833
-625096
971790
864925
839990
662391
-601958
-467598
-93596.9
-163127
589866
395659
-361314
-60356.5
173875
111913
-75305.5
-14973
-5.13647e+06
-4.23557e+06
-2.33016e+06
-2.35359e+06
-1.1666e+06
-988140
-663811
-612951
1.0207e+06
900491
867170
673089
-671339
-523576
-94330.2
-194937
652541
445258
-327114
-56708.5
220567
152239
-76836.3
16774.7
-5.28438e+06
-4.36383e+06
-2.41012e+06
-2.41113e+06
-1.1343e+06
-957824
-646603
-586834
1.02066e+06
903108
878311
691434
-660848
-508188
-88529.1
-176166
673765
465987
-330472
-31102.8
222598
150636
-109049
651.245
-5.47389e+06
-4.51871e+06
-2.50429e+06
-2.50848e+06
-1.12329e+06
-948761
-652405
-587453
928634
831083
856040
655022
-665459
-509873
-85175.3
-181683
714162
494110
-335851
-34798.1
227027
146094
-138654
-18512.8
-5.64453e+06
-4.66281e+06
-2.59055e+06
-2.59174e+06
-1.09403e+06
-928655
-645360
-580401
887565
798829
843760
649203
-678347
-520233
-79149.3
-177535
760157
526638
-334705
-21114.9
257096
168353
-153894
-26713.1
-5.78234e+06
-4.77185e+06
-2.66138e+06
-2.6574e+06
-1.12135e+06
-950839
-658937
-591884
867147
782165
837351
633068
-757851
-585902
-103394
-207181
840645
592933
-312335
2869.44
305241
207199
-164803
-7761.2
-5.87909e+06
-4.85983e+06
-2.7201e+06
-2.71582e+06
-1.06828e+06
-905478
-628603
-567984
883277
800993
856144
660622
-748915
-576474
-92684.7
-197602
968377
700415
-265323
59423.8
348850
236811
-157039
-18964.6
-5.87201e+06
-4.84951e+06
-2.72849e+06
-2.72482e+06
-1.02833e+06
-869590
-632897
-559708
907317
813005
856357
654514
-765818
-595498
-99912.1
-217393
979844
699253
-260509
74833.1
368553
254995
-106943
-2595.79
-5.91485e+06
-4.888e+06
-2.72399e+06
-2.74573e+06
-1.01643e+06
-863493
-622919
-565910
956609
851643
891614
665558
-692064
-533218
-67187.9
-195212
833511
579637
-322420
4959.65
355398
249790
-83814.1
21035.7
-5.96211e+06
-4.92105e+06
-2.72229e+06
-2.74184e+06
-1.00991e+06
-859005
-635977
-556431
983387
878442
918293
698078
-600855
-457597
-24209.9
-146447
733152
497562
-367633
-35539.2
389117
279836
-41010.8
40658.6
-5.97128e+06
-4.92691e+06
-2.70235e+06
-2.7439e+06
-928771
-795922
-619900
-539930
1.06399e+06
945265
965135
738025
-460710
-341281
41036.9
-84673.2
609118
391293
-419311
-92564.5
454042
336917
5646.95
79099.1
-5.96961e+06
-4.91845e+06
-2.68014e+06
-2.7229e+06
-869089
-748658
-614382
-519228
1.14076e+06
1.00834e+06
991303
772873
-368536
-269483
75083.4
-42806.8
559086
353087
-445658
-123089
502930
382171
45713.7
121743
-5.97801e+06
-4.92948e+06
-2.67553e+06
-2.7284e+06
-846526
-733426
-617613
-522623
1.19683e+06
1.05415e+06
1.02128e+06
801237
-306595
-217887
94475.8
-17903.9
489647
295390
-475582
-150897
-1.08442e+06
-877172
-366041
-433612
1.91795e+06
1.63333e+06
1.2002e+06
1.04937e+06
2.68122e+06
2.13998e+06
746651
985660
-470068
-367657
-71501.2
-139202
-2.34946e+06
-1.94237e+06
-1.08591e+06
-1.09243e+06
2.08077e+06
1.65773e+06
551409
726175
-1.19053e+06
-963307
-401429
-468272
2.00864e+06
1.70677e+06
1.23565e+06
1.08415e+06
2.66127e+06
2.11984e+06
718075
965170
-431727
-337194
-48463
-131352
-2.41308e+06
-1.99702e+06
-1.1033e+06
-1.11471e+06
2.15728e+06
1.72309e+06
590835
764079
-1.2553e+06
-1.01463e+06
-421401
-496921
2.03657e+06
1.72827e+06
1.25003e+06
1.10489e+06
2.64533e+06
2.10443e+06
698196
947103
-437786
-340812
-38186.6
-122718
-2.58084e+06
-2.13306e+06
-1.1723e+06
-1.18459e+06
2.2862e+06
1.82317e+06
619968
810721
-1.31958e+06
-1.0654e+06
-441336
-520844
2.1392e+06
1.81385e+06
1.28427e+06
1.14853e+06
2.65621e+06
2.11218e+06
700889
949263
-305248
-227727
21732.2
-65878.3
-2.66479e+06
-2.19617e+06
-1.19602e+06
-1.21723e+06
2.3899e+06
1.90881e+06
660535
856905
-1.45037e+06
-1.17382e+06
-496554
-571053
2.22436e+06
1.88087e+06
1.31027e+06
1.17388e+06
2.66897e+06
2.12255e+06
689612
939413
-197816
-140866
77733
-21891.3
-2.748e+06
-2.26824e+06
-1.2217e+06
-1.24716e+06
2.46279e+06
1.97015e+06
691022
884466
-1.53528e+06
-1.24207e+06
-539306
-614518
2.30844e+06
1.94669e+06
1.32401e+06
1.21003e+06
2.67835e+06
2.12766e+06
671418
943406
-97440.7
-56590.5
118709
33150.6
-2.8177e+06
-2.32376e+06
-1.25655e+06
-1.28092e+06
2.57389e+06
2.05905e+06
712193
940135
-1.5235e+06
-1.23001e+06
-525464
-613657
2.31998e+06
1.95851e+06
1.32215e+06
1.22182e+06
2.83015e+06
2.25283e+06
726889
993849
-60989.4
-26158.7
122959
60826
-2.87794e+06
-2.36653e+06
-1.27094e+06
-1.30159e+06
2.60178e+06
2.07552e+06
706120
946868
-1.50463e+06
-1.2128e+06
-502703
-603386
2.27496e+06
1.92115e+06
1.31317e+06
1.20124e+06
3.01381e+06
2.40304e+06
802158
1.06842e+06
-65256.8
-31561.7
120113
46473.2
-2.91375e+06
-2.3963e+06
-1.27174e+06
-1.31694e+06
2.5575e+06
2.03844e+06
681693
924572
-1.41717e+06
-1.13719e+06
-454624
-559423
2.19371e+06
1.85722e+06
1.29413e+06
1.17431e+06
3.21499e+06
2.56731e+06
888929
1.15577e+06
-54227.3
-22903.2
123693
52922
-3.00588e+06
-2.47073e+06
-1.30901e+06
-1.35394e+06
2.56595e+06
2.03999e+06
651890
911097
-1.31837e+06
-1.05838e+06
-398778
-509638
2.16324e+06
1.83391e+06
1.29537e+06
1.16849e+06
3.44243e+06
2.75117e+06
993407
1.26078e+06
11617.8
30793.1
145705
77963.5
-3.03519e+06
-2.49267e+06
-1.30616e+06
-1.36451e+06
2.55845e+06
2.03185e+06
642553
901020
-1.26888e+06
-1.01694e+06
-373427
-474400
2.17073e+06
1.8412e+06
1.31215e+06
1.17312e+06
3.65733e+06
2.92708e+06
1.07176e+06
1.35852e+06
35901.9
46604.7
154803
90636.2
-3.06407e+06
-2.51647e+06
-1.29827e+06
-1.3601e+06
2.49803e+06
1.9811e+06
611670
876304
-1.2066e+06
-964448
-334276
-455916
2.18059e+06
1.84855e+06
1.32711e+06
1.18325e+06
3.832e+06
3.06972e+06
1.139e+06
1.42444e+06
61377.6
69035.5
165293
96008.8
-3.08955e+06
-2.53381e+06
-1.29049e+06
-1.37111e+06
2.4441e+06
1.93533e+06
579231
848450
-1.24024e+06
-987513
-354343
-448092
2.2226e+06
1.88509e+06
1.34759e+06
1.19363e+06
3.96549e+06
3.18876e+06
1.18655e+06
1.48421e+06
93251.8
97726.4
172354
118940
-3.11511e+06
-2.55e+06
-1.29875e+06
-1.35986e+06
2.41786e+06
1.91543e+06
583828
823390
-1.37646e+06
-1.10353e+06
-422612
-514924
2.32044e+06
1.96197e+06
1.39921e+06
1.23188e+06
4.11407e+06
3.30849e+06
1.24543e+06
1.54027e+06
86749.3
89137.2
173236
105964
-3.20981e+06
-2.63277e+06
-1.335e+06
-1.40358e+06
2.4268e+06
1.92356e+06
604681
831395
-1.44242e+06
-1.1543e+06
-451826
-554511
2.43788e+06
2.06486e+06
1.47559e+06
1.29611e+06
4.30379e+06
3.46572e+06
1.33069e+06
1.61851e+06
95255.8
99708.4
189335
110246
-3.3545e+06
-2.74604e+06
-1.38652e+06
-1.46449e+06
2.55511e+06
2.03151e+06
662179
886490
-1.58321e+06
-1.27105e+06
-507784
-604583
2.51484e+06
2.13065e+06
1.52765e+06
1.34918e+06
4.42089e+06
3.55998e+06
1.39067e+06
1.6889e+06
157869
154511
230205
151853
-3.47822e+06
-2.84351e+06
-1.42906e+06
-1.50888e+06
2.624e+06
2.09055e+06
719709
935299
-1.71089e+06
-1.37898e+06
-579572
-666678
2.64371e+06
2.23463e+06
1.58793e+06
1.39909e+06
4.59394e+06
3.70238e+06
1.45528e+06
1.75354e+06
195013
182470
256269
166273
-3.57559e+06
-2.92831e+06
-1.4675e+06
-1.55289e+06
2.69704e+06
2.15262e+06
760819
970052
-1.78908e+06
-1.44364e+06
-632376
-721057
2.81113e+06
2.37456e+06
1.6546e+06
1.47927e+06
4.80241e+06
3.87446e+06
1.52848e+06
1.84027e+06
257272
239165
285130
198773
-3.64056e+06
-2.97941e+06
-1.49952e+06
-1.58964e+06
2.80115e+06
2.23952e+06
794693
1.02543e+06
-1.75255e+06
-1.41749e+06
-624797
-715337
2.92839e+06
2.47935e+06
1.70351e+06
1.55063e+06
4.8875e+06
3.93495e+06
1.55271e+06
1.89723e+06
213049
201837
255244
200364
-3.59914e+06
-2.94847e+06
-1.49248e+06
-1.57258e+06
2.90323e+06
2.32119e+06
830351
1.07723e+06
-1.75033e+06
-1.41709e+06
-623693
-715923
2.99843e+06
2.53493e+06
1.74093e+06
1.57586e+06
4.81298e+06
3.87117e+06
1.51792e+06
1.858e+06
98250.4
103482
201895
132247
-3.55646e+06
-2.91786e+06
-1.49313e+06
-1.56169e+06
2.90373e+06
2.32144e+06
837750
1.07779e+06
-1.70305e+06
-1.37809e+06
-622562
-697769
3.06401e+06
2.58979e+06
1.7625e+06
1.61587e+06
4.77114e+06
3.83621e+06
1.48847e+06
1.83433e+06
-33667.5
-5110.97
132092
76237.4
-3.56759e+06
-2.93161e+06
-1.54058e+06
-1.57893e+06
2.96273e+06
2.36654e+06
838050
1.09812e+06
-1.73322e+06
-1.40793e+06
-644856
-719806
3.04401e+06
2.57206e+06
1.74508e+06
1.60341e+06
4.6189e+06
3.7112e+06
1.43065e+06
1.77105e+06
-162850
-111243
62099.5
7078.85
-3.62294e+06
-2.98233e+06
-1.59231e+06
-1.63031e+06
2.93769e+06
2.34781e+06
827170
1.08456e+06
-1.73084e+06
-1.40481e+06
-654589
-730734
3.13424e+06
2.64631e+06
1.78599e+06
1.61789e+06
4.56152e+06
3.66511e+06
1.4074e+06
1.72923e+06
-247765
-184788
28102.5
-43246.7
-3.60656e+06
-2.97145e+06
-1.60695e+06
-1.63665e+06
2.95641e+06
2.3637e+06
839888
1.08185e+06
-1.65831e+06
-1.35006e+06
-638643
-707610
3.28327e+06
2.76337e+06
1.84038e+06
1.6949e+06
4.54409e+06
3.64907e+06
1.39591e+06
1.7319e+06
-297640
-225566
3734.94
-60096.3
-3.56859e+06
-2.94532e+06
-1.6153e+06
-1.63253e+06
2.99224e+06
2.38972e+06
845075
1.1079e+06
-1.61029e+06
-1.31133e+06
-616021
-671697
3.29246e+06
2.77062e+06
1.84684e+06
1.71041e+06
4.44789e+06
3.5768e+06
1.33652e+06
1.69922e+06
-422829
-324426
-55766.7
-104271
-3.63104e+06
-2.99605e+06
-1.64785e+06
-1.66468e+06
2.95862e+06
2.3654e+06
810697
1.09002e+06
-1.64336e+06
-1.33837e+06
-617903
-687127
3.32247e+06
2.79414e+06
1.86805e+06
1.7138e+06
4.40024e+06
3.53292e+06
1.28511e+06
1.64832e+06
-537798
-421136
-106965
-169481
-3.63648e+06
-3.00516e+06
-1.66049e+06
-1.68015e+06
2.95259e+06
2.35849e+06
802881
1.07138e+06
-1.59439e+06
-1.29485e+06
-582808
-661088
3.35312e+06
2.82314e+06
1.8973e+06
1.7405e+06
4.40321e+06
3.53183e+06
1.26451e+06
1.63311e+06
-668973
-527234
-156663
-225056
-3.6709e+06
-3.03246e+06
-1.68723e+06
-1.69857e+06
3.04353e+06
2.42957e+06
816082
1.10013e+06
-1.59825e+06
-1.2944e+06
-569360
-648906
3.38531e+06
2.85158e+06
1.92617e+06
1.76004e+06
4.31962e+06
3.46017e+06
1.21092e+06
1.59757e+06
-741701
-584784
-195171
-257750
-3.73347e+06
-3.08289e+06
-1.73122e+06
-1.72899e+06
3.07901e+06
2.4585e+06
817009
1.11098e+06
-1.62319e+06
-1.31742e+06
-570092
-653028
3.45425e+06
2.90659e+06
1.96972e+06
1.7992e+06
4.29317e+06
3.43425e+06
1.17524e+06
1.55983e+06
-843225
-674521
-232448
-299891
-3.80448e+06
-3.15087e+06
-1.77367e+06
-1.7637e+06
3.0843e+06
2.45798e+06
813187
1.10488e+06
-1.66172e+06
-1.34372e+06
-573102
-665938
3.47912e+06
2.93178e+06
1.99502e+06
1.82255e+06
4.24273e+06
3.39096e+06
1.14081e+06
1.53443e+06
-952463
-758233
-270200
-347263
-3.88837e+06
-3.21599e+06
-1.81924e+06
-1.81245e+06
3.07749e+06
2.45388e+06
803529
1.10497e+06
-1.64824e+06
-1.33151e+06
-559070
-653264
3.42938e+06
2.89179e+06
1.98222e+06
1.81386e+06
4.25689e+06
3.39474e+06
1.13977e+06
1.52256e+06
-1.01592e+06
-810444
-304084
-376790
-3.90858e+06
-3.23086e+06
-1.83081e+06
-1.81874e+06
3.10241e+06
2.46442e+06
807761
1.09061e+06
-1.64869e+06
-1.32956e+06
-549822
-643957
3.38369e+06
2.85229e+06
1.9644e+06
1.78939e+06
4.33332e+06
3.45686e+06
1.17472e+06
1.54754e+06
-1.02468e+06
-820845
-311056
-397466
-3.90134e+06
-3.2293e+06
-1.83917e+06
-1.81688e+06
3.21528e+06
2.55694e+06
846628
1.13541e+06
-1.64511e+06
-1.32326e+06
-520449
-642776
3.24726e+06
2.74197e+06
1.93504e+06
1.73989e+06
4.40992e+06
3.52197e+06
1.23857e+06
1.5863e+06
-1.06868e+06
-856787
-308782
-412354
-4.00688e+06
-3.31684e+06
-1.88033e+06
-1.87154e+06
3.34345e+06
2.65852e+06
885553
1.17903e+06
-1.64445e+06
-1.32138e+06
-495355
-622540
3.15051e+06
2.66758e+06
1.90503e+06
1.7081e+06
4.49229e+06
3.5924e+06
1.29175e+06
1.64444e+06
-1.06967e+06
-853129
-305097
-402770
-4.05662e+06
-3.35485e+06
-1.8932e+06
-1.8872e+06
3.46787e+06
2.75876e+06
940584
1.23432e+06
-1.64854e+06
-1.32204e+06
-487299
-607330
3.11806e+06
2.64003e+06
1.90199e+06
1.69443e+06
4.57056e+06
3.65647e+06
1.33321e+06
1.67893e+06
-1.05653e+06
-845437
-289576
-398673
-4.08376e+06
-3.37985e+06
-1.90372e+06
-1.88939e+06
3.58174e+06
2.8537e+06
982565
1.28876e+06
-1.66167e+06
-1.32662e+06
-470098
-617888
3.07161e+06
2.60489e+06
1.89467e+06
1.68042e+06
4.62477e+06
3.70836e+06
1.37988e+06
1.71539e+06
-1.05707e+06
-839473
-271522
-388748
-4.14737e+06
-3.4271e+06
-1.92484e+06
-1.92413e+06
3.67195e+06
2.9304e+06
1.01118e+06
1.3315e+06
815407
680276
425403
422916
3.55575e+06
2.97727e+06
1.85534e+06
1.7807e+06
-1.76214e+06
-1.3696e+06
-279127
-499023
-533529
-324888
509151
174858
-2.70754e+06
-2.25221e+06
-1.33024e+06
-1.29508e+06
1.01189e+06
805429
214255
349536
638872
533528
359125
337825
3.64527e+06
3.04978e+06
1.89688e+06
1.8039e+06
-1.88358e+06
-1.47323e+06
-320519
-568769
-586276
-369796
498669
152323
-2.74163e+06
-2.2812e+06
-1.33709e+06
-1.30855e+06
1.00405e+06
793645
211785
330920
436747
367076
283343
254334
3.72833e+06
3.11749e+06
1.92358e+06
1.85199e+06
-2.03861e+06
-1.59728e+06
-380085
-630121
-657005
-428557
466823
120701
-2.71666e+06
-2.25455e+06
-1.32122e+06
-1.30468e+06
944924
743007
176671
305213
296049
260286
228766
196715
3.82488e+06
3.19222e+06
1.94532e+06
1.88137e+06
-2.05429e+06
-1.60661e+06
-397689
-639751
-632627
-404162
479443
128855
-2.62195e+06
-2.17743e+06
-1.25277e+06
-1.25006e+06
969492
766523
179586
311106
158239
144565
192235
128778
3.92167e+06
3.27111e+06
1.98565e+06
1.91401e+06
-2.12608e+06
-1.67138e+06
-406396
-675412
-640043
-408985
504194
124476
-2.59493e+06
-2.15126e+06
-1.22143e+06
-1.22715e+06
971049
762747
189682
306209
51531.1
58397.8
160426
96030.1
4.03755e+06
3.36532e+06
2.03427e+06
1.96669e+06
-2.15011e+06
-1.68643e+06
-399416
-680332
-598060
-371828
535355
161691
-2.55669e+06
-2.11508e+06
-1.18215e+06
-1.20117e+06
1.00084e+06
789017
203030
321288
40810
53765.6
157089
94333.7
4.05898e+06
3.38113e+06
2.02801e+06
1.97621e+06
-2.17131e+06
-1.70355e+06
-389525
-676043
-609636
-380160
541256
172020
-2.61088e+06
-2.16183e+06
-1.19653e+06
-1.21138e+06
1.0324e+06
815958
215257
340782
25467.9
41804.2
158797
88886.9
4.01959e+06
3.34801e+06
2.01495e+06
1.95503e+06
-2.2384e+06
-1.75756e+06
-378627
-694826
-698451
-451495
524991
148477
-2.76063e+06
-2.28329e+06
-1.25594e+06
-1.26917e+06
1.0277e+06
809854
224619
339747
65751
74251.9
181400
109053
4.05706e+06
3.37799e+06
2.01253e+06
1.97171e+06
-2.23524e+06
-1.7473e+06
-349242
-677949
-698353
-449402
532927
150202
-2.78279e+06
-2.29868e+06
-1.27017e+06
-1.29347e+06
1.09081e+06
861684
240609
366545
72141.9
85354.9
187147
116278
3.99636e+06
3.32491e+06
1.96555e+06
1.9354e+06
-2.22464e+06
-1.73021e+06
-319059
-653951
-715965
-458627
534257
145796
-2.84071e+06
-2.34504e+06
-1.27183e+06
-1.30466e+06
1.09515e+06
867384
241236
367722
94749.5
103156
206562
119886
3.93132e+06
3.27052e+06
1.93737e+06
1.89165e+06
-2.23875e+06
-1.74187e+06
-281328
-651849
-766894
-497095
544190
125013
-2.97115e+06
-2.44956e+06
-1.32203e+06
-1.35697e+06
1.07729e+06
850358
245503
355549
129690
132592
217111
148879
3.94916e+06
3.2833e+06
1.93451e+06
1.9022e+06
-2.19842e+06
-1.70135e+06
-243159
-607512
-756309
-484549
559543
155132
-3.09034e+06
-2.54515e+06
-1.36983e+06
-1.40098e+06
1.12308e+06
889837
260166
383648
115327
117781
211707
136942
3.9968e+06
3.31817e+06
1.95727e+06
1.90688e+06
-2.23934e+06
-1.72986e+06
-258141
-617557
-845546
-555058
555106
112178
-3.21176e+06
-2.64419e+06
-1.42371e+06
-1.45307e+06
1.17413e+06
930592
275151
401831
88702.3
92923
190815
126339
4.04613e+06
3.35715e+06
1.98871e+06
1.93754e+06
-2.27333e+06
-1.76165e+06
-274206
-637170
-919873
-615269
545885
100857
-3.32941e+06
-2.74362e+06
-1.5035e+06
-1.50977e+06
1.23152e+06
972291
283592
422863
50350.2
57852.6
171879
98563.6
4.09394e+06
3.40073e+06
2.01828e+06
1.965e+06
-2.30248e+06
-1.78336e+06
-280465
-654655
-1.0031e+06
-679236
539955
66385.3
-3.37251e+06
-2.78026e+06
-1.53933e+06
-1.55738e+06
1.26852e+06
1.00185e+06
285356
425996
62272.8
72029.4
179221
105852
4.13449e+06
3.43391e+06
2.05461e+06
1.98967e+06
-2.24147e+06
-1.73149e+06
-247104
-620600
-1.00926e+06
-676553
569984
87471.9
-3.43767e+06
-2.83767e+06
-1.56408e+06
-1.57647e+06
1.34549e+06
1.06474e+06
321671
459489
80169.6
86081.1
186889
108010
4.16946e+06
3.46382e+06
2.07957e+06
2.01547e+06
-2.24517e+06
-1.73829e+06
-245400
-614945
-1.05378e+06
-710263
583743
82747
-3.55229e+06
-2.93177e+06
-1.63948e+06
-1.63226e+06
1.38386e+06
1.0936e+06
329288
480316
118957
115673
191907
124969
4.22231e+06
3.50958e+06
2.10899e+06
2.04115e+06
-2.23168e+06
-1.72391e+06
-240570
-616532
-1.0487e+06
-700441
601230
96410.5
-3.67024e+06
-3.03027e+06
-1.7087e+06
-1.70163e+06
1.41333e+06
1.12005e+06
332220
483624
177777
163112
218371
152233
4.33499e+06
3.60708e+06
2.1765e+06
2.09623e+06
-2.28747e+06
-1.76882e+06
-276598
-625412
-1.0427e+06
-696580
623665
110659
-3.7352e+06
-3.09004e+06
-1.74179e+06
-1.73472e+06
1.4097e+06
1.11629e+06
328754
486879
220684
199089
237717
171859
4.46599e+06
3.71765e+06
2.24359e+06
2.16201e+06
-2.3781e+06
-1.84695e+06
-325073
-679456
-1.0712e+06
-718095
630215
114034
-3.88764e+06
-3.21317e+06
-1.81548e+06
-1.79548e+06
1.37598e+06
1.08586e+06
308494
468733
353667
307823
298629
226401
4.64828e+06
3.8694e+06
2.32452e+06
2.24868e+06
-2.4294e+06
-1.8879e+06
-359090
-712196
-1.03593e+06
-685883
657860
128496
-3.91048e+06
-3.22983e+06
-1.83269e+06
-1.8277e+06
1.37466e+06
1.08451e+06
290002
459466
472229
404645
359699
277669
4.82325e+06
4.008e+06
2.40893e+06
2.3199e+06
-2.41705e+06
-1.8823e+06
-363199
-718602
-983347
-641438
700917
157822
-3.93184e+06
-3.25208e+06
-1.82236e+06
-1.83077e+06
1.37941e+06
1.08457e+06
286122
447695
593758
505238
412549
339460
4.99463e+06
4.15255e+06
2.48522e+06
2.41156e+06
-2.43407e+06
-1.89966e+06
-375657
-720654
-939518
-600861
745801
188680
-4.03879e+06
-3.33705e+06
-1.87554e+06
-1.86242e+06
1.35673e+06
1.063e+06
271117
446434
687643
581792
462664
381053
5.13815e+06
4.27052e+06
2.55699e+06
2.47472e+06
-2.45274e+06
-1.91516e+06
-379178
-740162
-863073
-536143
801771
236166
-4.1749e+06
-3.44785e+06
-1.92242e+06
-1.93314e+06
1.33116e+06
1.04187e+06
264329
423896
766714
654575
498309
431711
5.17095e+06
4.3038e+06
2.58545e+06
2.51141e+06
-2.4526e+06
-1.91224e+06
-380195
-726174
-881814
-548723
799533
252113
-4.22632e+06
-3.49353e+06
-1.94087e+06
-1.95274e+06
1.29533e+06
1.01985e+06
259273
420736
871715
741188
538851
470983
5.16314e+06
4.30277e+06
2.60278e+06
2.51123e+06
-2.43928e+06
-1.90051e+06
-358176
-727689
-901750
-565832
791195
241700
-4.28364e+06
-3.54064e+06
-1.9748e+06
-1.98094e+06
1.2879e+06
1.01458e+06
267815
413597
1.00905e+06
849742
585518
529934
5.16752e+06
4.30965e+06
2.6273e+06
2.53163e+06
-2.45126e+06
-1.907e+06
-344504
-720884
-926859
-587158
774259
226626
-4.34202e+06
-3.58968e+06
-2.00583e+06
-2.01798e+06
1.26679e+06
998739
267379
412257
1.08721e+06
914110
612042
562145
5.18059e+06
4.32023e+06
2.64506e+06
2.54342e+06
-2.41057e+06
-1.8694e+06
-319711
-691771
-917434
-578545
773242
226967
-4.36039e+06
-3.60325e+06
-2.00358e+06
-2.01765e+06
1.2347e+06
975474
262009
406641
1.19598e+06
1.00376e+06
656143
598820
5.17891e+06
4.32146e+06
2.65732e+06
2.55407e+06
-2.39781e+06
-1.86152e+06
-292143
-679653
-943997
-600794
769958
216111
-4.42412e+06
-3.65489e+06
-2.0344e+06
-2.04623e+06
1.20684e+06
951305
262941
396220
1.3013e+06
1.08798e+06
697355
650960
5.15078e+06
4.3006e+06
2.66906e+06
2.5469e+06
-2.40235e+06
-1.85867e+06
-264045
-670493
-959105
-611625
771772
212342
-4.5274e+06
-3.73908e+06
-2.07132e+06
-2.092e+06
1.17289e+06
926289
267305
386314
1.33732e+06
1.12099e+06
717511
677154
5.23261e+06
4.37054e+06
2.71192e+06
2.59447e+06
-2.48881e+06
-1.92741e+06
-305297
-688631
-1.00881e+06
-647165
753993
195642
-4.51804e+06
-3.73217e+06
-2.07211e+06
-2.09367e+06
1.2113e+06
962438
285805
415538
1.30271e+06
1.0928e+06
721069
669251
5.30084e+06
4.42426e+06
2.75631e+06
2.62722e+06
-2.57231e+06
-2.00181e+06
-347903
-733133
-1.05931e+06
-689906
736042
182805
-4.49487e+06
-3.71615e+06
-2.07966e+06
-2.08348e+06
1.267e+06
1.00324e+06
301073
437220
1.26075e+06
1.05857e+06
722431
656025
5.39927e+06
4.5078e+06
2.80506e+06
2.68275e+06
-2.67494e+06
-2.08523e+06
-394087
-785589
-1.11517e+06
-737290
714208
149296
-4.38781e+06
-3.62779e+06
-2.04738e+06
-2.05853e+06
1.32093e+06
1.04519e+06
311769
451709
1.24531e+06
1.0547e+06
737859
663987
5.43469e+06
4.53818e+06
2.8283e+06
2.70158e+06
-2.69351e+06
-2.0997e+06
-413739
-801658
-1.13948e+06
-752595
707334
142527
-4.2824e+06
-3.54301e+06
-1.99528e+06
-2.00355e+06
1.38206e+06
1.09575e+06
333383
474262
1.27635e+06
1.08234e+06
778858
673078
5.51978e+06
4.60852e+06
2.8796e+06
2.73408e+06
-2.73183e+06
-2.13439e+06
-424628
-820880
-1.1596e+06
-766731
718075
130633
-4.2224e+06
-3.49296e+06
-1.98593e+06
-1.98547e+06
1.44608e+06
1.14531e+06
354787
499496
1.32551e+06
1.12319e+06
810669
718661
5.65073e+06
4.71636e+06
2.93296e+06
2.80338e+06
-2.72607e+06
-2.12755e+06
-430308
-815719
-1.1409e+06
-749236
727030
158076
-4.16593e+06
-3.44712e+06
-1.9852e+06
-1.96158e+06
1.52466e+06
1.20981e+06
369906
530186
390640
338854
309406
241065
-94946.8
-158229
-568338
-318921
271221
219273
82246.4
94485.7
-4.12347e+06
-3.2643e+06
-938570
-1.39115e+06
-1.67815e+06
-1.43453e+06
-1.08872e+06
-955303
2.10126e+06
1.6986e+06
765579
854227
500258
431076
353721
289454
-40494.6
-112834
-562676
-308427
341794
277812
105577
122524
-4.12548e+06
-3.26344e+06
-933954
-1.39328e+06
-1.59286e+06
-1.36266e+06
-1.06866e+06
-926839
2.20608e+06
1.79091e+06
798788
905031
595752
505770
396701
332494
36688.2
-56426.4
-546782
-274514
377999
303002
115209
137771
-4.09619e+06
-3.24214e+06
-901053
-1.3674e+06
-1.54591e+06
-1.32874e+06
-1.05634e+06
-907287
2.38693e+06
1.93343e+06
871004
976304
643146
542625
410719
349947
20270.6
-74070.1
-570679
-294678
348828
276755
84955.3
115710
-4.13974e+06
-3.2744e+06
-919189
-1.38731e+06
-1.4966e+06
-1.29022e+06
-1.06442e+06
-897133
2.54228e+06
2.05666e+06
921612
1.02965e+06
744775
627812
452039
395922
75411.5
-29046.5
-571041
-283430
401502
318619
95202.7
134669
-4.16812e+06
-3.29885e+06
-921416
-1.39426e+06
-1.43557e+06
-1.24524e+06
-1.0635e+06
-875382
2.69637e+06
2.18516e+06
965545
1.1023e+06
816061
687248
493377
431828
61829.4
-44300.9
-588314
-288668
431612
341343
104450
145774
-4.24873e+06
-3.3595e+06
-929613
-1.41149e+06
-1.44741e+06
-1.25419e+06
-1.083e+06
-888762
2.76224e+06
2.23838e+06
990484
1.12966e+06
815446
691748
509665
433206
-9850.7
-102361
-631389
-342130
443809
353185
135801
151693
-4.38843e+06
-3.47013e+06
-963157
-1.45879e+06
-1.41735e+06
-1.23355e+06
-1.05755e+06
-887896
2.79186e+06
2.26015e+06
1.00854e+06
1.13611e+06
870901
739803
537004
473140
-102340
-175898
-674557
-377640
506045
407837
184553
199271
-4.50941e+06
-3.56719e+06
-1.00084e+06
-1.49892e+06
-1.43723e+06
-1.24568e+06
-1.04969e+06
-876836
2.74967e+06
2.23062e+06
985640
1.13438e+06
851141
722395
546468
468003
-189628
-251292
-707612
-416429
488001
394324
205517
205279
-4.64843e+06
-3.68282e+06
-1.03077e+06
-1.5481e+06
-1.53158e+06
-1.31999e+06
-1.05818e+06
-905867
2.77817e+06
2.24829e+06
994469
1.13243e+06
860695
731076
554522
477567
-263315
-310620
-741405
-450481
516141
423136
230229
226201
-4.71163e+06
-3.72653e+06
-1.05338e+06
-1.57448e+06
-1.51133e+06
-1.29632e+06
-1.03377e+06
-884109
2.86217e+06
2.31851e+06
1.02443e+06
1.16541e+06
918001
782916
582267
505453
-301136
-336278
-762399
-485547
599827
495540
289961
269959
-4.83084e+06
-3.82321e+06
-1.07935e+06
-1.61995e+06
-1.51798e+06
-1.30013e+06
-1.02133e+06
-881156
2.87572e+06
2.33429e+06
1.0241e+06
1.166e+06
983715
834576
602956
537546
-312110
-352563
-782849
-479205
702838
580724
337881
329633
-4.93582e+06
-3.906e+06
-1.11175e+06
-1.64714e+06
-1.52786e+06
-1.30609e+06
-1.02753e+06
-875514
2.91595e+06
2.36308e+06
1.02316e+06
1.18626e+06
947720
800342
569538
519859
-370330
-404395
-828931
-526333
719244
595872
345917
337235
-5.09335e+06
-4.03095e+06
-1.16695e+06
-1.72328e+06
-1.60713e+06
-1.38017e+06
-1.0712e+06
-922665
2.89924e+06
2.34535e+06
1.01426e+06
1.17594e+06
896925
754423
519039
491811
-394109
-427078
-871710
-554272
773124
638210
363249
361726
-5.22414e+06
-4.13766e+06
-1.21313e+06
-1.77464e+06
-1.66837e+06
-1.43507e+06
-1.12201e+06
-964337
2.77368e+06
2.24556e+06
951896
1.13039e+06
742947
623979
440621
409718
-459113
-487535
-924604
-591800
736505
607309
347102
347955
-5.39224e+06
-4.27571e+06
-1.25997e+06
-1.83834e+06
-1.81872e+06
-1.56009e+06
-1.20169e+06
-1.03675e+06
2.62426e+06
2.12019e+06
896012
1.05498e+06
677472
569296
394563
369950
-546812
-563698
-990582
-645839
737739
608204
337923
343914
-5.50449e+06
-4.36118e+06
-1.28862e+06
-1.88043e+06
-1.91679e+06
-1.6402e+06
-1.26595e+06
-1.08786e+06
2.55493e+06
2.06507e+06
872927
1.02619e+06
596749
499852
341996
330457
-575344
-588895
-1.03649e+06
-687782
753381
619488
343242
349068
-5.66111e+06
-4.48957e+06
-1.33133e+06
-1.93471e+06
-2.0425e+06
-1.75215e+06
-1.34011e+06
-1.15298e+06
2.47789e+06
2.0039e+06
832082
992929
487187
408548
283405
269631
-602038
-619593
-1.07483e+06
-708420
768899
631459
347337
352605
-5.8188e+06
-4.6125e+06
-1.36998e+06
-1.99015e+06
-2.1852e+06
-1.86895e+06
-1.41508e+06
-1.23039e+06
2.36685e+06
1.90989e+06
789403
937428
446921
378154
265401
232570
-629088
-643471
-1.09962e+06
-729577
789905
648676
353030
361102
-5.89045e+06
-4.66578e+06
-1.39336e+06
-2.0063e+06
-2.19883e+06
-1.8841e+06
-1.43269e+06
-1.25849e+06
2.3092e+06
1.8632e+06
790381
907427
486680
413141
283936
253943
-651687
-661426
-1.12193e+06
-751384
831714
682530
372618
381850
-5.94618e+06
-4.71098e+06
-1.41827e+06
-2.03348e+06
-2.14911e+06
-1.84348e+06
-1.42522e+06
-1.24347e+06
2.28551e+06
1.85258e+06
793840
911161
466041
393125
273701
242881
-652908
-669044
-1.14706e+06
-759921
794868
651789
355154
366317
-6.05421e+06
-4.80337e+06
-1.46002e+06
-2.07917e+06
-2.1644e+06
-1.85902e+06
-1.45187e+06
-1.25897e+06
2.30493e+06
1.86315e+06
802576
910971
506130
425986
298082
261996
-690047
-701747
-1.17511e+06
-781929
817345
671566
366083
372852
-6.08468e+06
-4.82406e+06
-1.46993e+06
-2.09371e+06
-2.1219e+06
-1.82381e+06
-1.44193e+06
-1.24629e+06
2.36985e+06
1.91845e+06
848885
947261
540270
457395
317217
284063
-744069
-747896
-1.21651e+06
-813670
846606
695016
383002
393075
-6.18148e+06
-4.90581e+06
-1.50572e+06
-2.12431e+06
-2.12066e+06
-1.82577e+06
-1.45548e+06
-1.24466e+06
2.37153e+06
1.92491e+06
859901
969846
536034
454085
323248
290567
-806740
-801733
-1.26144e+06
-846987
842712
692960
381380
394018
-6.34218e+06
-5.03303e+06
-1.56384e+06
-2.18795e+06
-2.17607e+06
-1.86889e+06
-1.49418e+06
-1.26868e+06
2.33489e+06
1.89725e+06
857923
958384
592879
501375
350840
303935
-705483
-719006
-1.21866e+06
-828921
758892
628134
342223
349692
-6.37815e+06
-5.06107e+06
-1.56709e+06
-2.21514e+06
-2.17826e+06
-1.87145e+06
-1.49581e+06
-1.27677e+06
2.45857e+06
1.98813e+06
920773
994276
711226
598632
395891
363440
-627338
-650898
-1.17534e+06
-780156
723261
593312
305658
331207
-6.38812e+06
-5.07065e+06
-1.56526e+06
-2.20921e+06
-2.20662e+06
-1.89814e+06
-1.52793e+06
-1.29064e+06
2.53437e+06
2.05485e+06
944548
1.05094e+06
843008
706052
450819
415137
-468516
-519219
-1.10224e+06
-710744
683789
558130
258202
294537
-6.3713e+06
-5.05767e+06
-1.54717e+06
-2.20346e+06
-2.222e+06
-1.91031e+06
-1.54891e+06
-1.31053e+06
2.77163e+06
2.2473e+06
1.03006e+06
1.1291e+06
899750
747664
482823
444004
-377988
-448346
-1.0432e+06
-659508
595756
480729
206999
244356
-6.35772e+06
-5.04228e+06
-1.52024e+06
-2.18902e+06
-2.24081e+06
-1.92963e+06
-1.55621e+06
-1.32221e+06
2.95353e+06
2.39065e+06
1.12932e+06
1.20985e+06
971425
807752
496371
485945
-305897
-384503
-1.02084e+06
-621547
551107
441652
161170
219149
-6.3658e+06
-5.04876e+06
-1.51625e+06
-2.17965e+06
-2.28323e+06
-1.96826e+06
-1.6069e+06
-1.33562e+06
3.06733e+06
2.4918e+06
1.15858e+06
1.27963e+06
1.01895e+06
846601
512435
493536
-216251
-312792
-991760
-589290
532702
420612
119665
188416
-6.38573e+06
-5.06358e+06
-1.51989e+06
-2.18786e+06
-2.36516e+06
-2.03824e+06
-1.66987e+06
-1.39951e+06
3.1758e+06
2.57796e+06
1.18814e+06
1.31259e+06
968594
812107
493919
482593
-216299
-315124
-994010
-589995
468532
371221
80941.1
155829
-6.46624e+06
-5.12184e+06
-1.53718e+06
-2.20417e+06
-2.46778e+06
-2.13282e+06
-1.7175e+06
-1.45641e+06
3.17612e+06
2.57982e+06
1.19514e+06
1.32386e+06
921764
773088
473406
459378
-259804
-349198
-1.00744e+06
-615609
426473
332699
54357.4
127752
-6.54706e+06
-5.18786e+06
-1.55384e+06
-2.23526e+06
-2.59849e+06
-2.24417e+06
-1.77898e+06
-1.52478e+06
3.078e+06
2.50139e+06
1.15818e+06
1.2798e+06
896447
754715
478489
451985
-204243
-301665
-974524
-585480
394026
308953
36029.9
113827
-6.60557e+06
-5.23375e+06
-1.55788e+06
-2.24766e+06
-2.69741e+06
-2.31939e+06
-1.81317e+06
-1.56419e+06
3.09956e+06
2.52289e+06
1.18544e+06
1.28839e+06
868182
731790
478527
451210
-233703
-326546
-970354
-585501
334551
257513
10736.7
89281.4
-6.65065e+06
-5.26519e+06
-1.55081e+06
-2.25631e+06
-2.77178e+06
-2.37816e+06
-1.82215e+06
-1.58883e+06
3.10691e+06
2.53101e+06
1.21911e+06
1.31048e+06
858137
725648
476966
442773
-222487
-311427
-959212
-597026
310174
238159
-1791.1
66478.6
-6.74204e+06
-5.33782e+06
-1.55435e+06
-2.28202e+06
-2.88015e+06
-2.46841e+06
-1.86263e+06
-1.63305e+06
3.09736e+06
2.52806e+06
1.22523e+06
1.30396e+06
844759
713023
475142
441660
-166633
-267868
-930069
-553942
313889
238057
-7660.79
68359.5
-6.82023e+06
-5.39554e+06
-1.55822e+06
-2.29643e+06
-2.99566e+06
-2.5603e+06
-1.9077e+06
-1.67891e+06
3.09726e+06
2.52759e+06
1.24142e+06
1.31519e+06
1.64146e+06
1.29154e+06
302328
519073
720687
601970
416912
362696
452869
398618
380513
291464
1.57924e+06
1.35008e+06
1.05649e+06
881061
1.04375e+06
823178
238146
335734
840919
711796
515735
462519
1.65329e+06
1.29539e+06
274215
518177
711503
596894
414473
368891
548129
478054
424478
344725
1.60264e+06
1.37309e+06
1.09489e+06
922723
1.02707e+06
812121
245453
350841
746730
631241
460381
432038
1.66899e+06
1.30696e+06
242482
503514
794159
663345
448425
400177
614964
534713
450768
373135
1.64351e+06
1.41414e+06
1.13766e+06
944658
1.02385e+06
811571
245765
342595
661502
561469
402373
373588
1.65799e+06
1.28814e+06
211592
482981
833347
694905
461885
421356
759886
650703
513261
433592
1.69185e+06
1.45687e+06
1.1816e+06
985334
1.06655e+06
849055
281003
371544
614854
519800
379058
344053
1.66464e+06
1.29161e+06
175988
469542
809943
673047
439069
415115
867546
740680
554210
485024
1.73317e+06
1.49327e+06
1.21728e+06
1.01585e+06
1.09744e+06
874882
296624
392201
569261
484041
349311
324616
1.69331e+06
1.30561e+06
148983
453986
794388
659142
416875
397681
999039
846041
595944
532900
1.83992e+06
1.58289e+06
1.26289e+06
1.06395e+06
1.13527e+06
903405
298748
406733
542144
455376
316163
301025
1.68763e+06
1.29479e+06
124478
438767
839370
697321
432759
410070
1.05214e+06
887726
603473
559729
1.93013e+06
1.65587e+06
1.31149e+06
1.11221e+06
1.08503e+06
857628
279514
372947
510960
429375
295244
277554
1.70036e+06
1.30037e+06
110813
427373
864695
722460
448681
427722
1.06419e+06
897749
603157
555026
1.99576e+06
1.71215e+06
1.34563e+06
1.15553e+06
1.02677e+06
811582
248873
353220
469790
394574
285198
265746
1.68684e+06
1.28896e+06
81611.4
419839
907664
755969
475117
454492
982246
828157
561323
526408
2.0243e+06
1.7385e+06
1.37111e+06
1.17386e+06
966052
758164
204681
314690
442832
377478
273337
253577
1.63216e+06
1.2387e+06
40966.9
382131
958767
798473
488983
471478
963565
810880
535621
503220
2.03476e+06
1.74759e+06
1.37329e+06
1.17723e+06
937217
733652
182994
291969
470314
398604
294299
261094
1.57619e+06
1.18982e+06
6366.08
351376
931497
773772
475422
472844
930165
781724
516778
487933
2.07526e+06
1.78239e+06
1.39517e+06
1.20043e+06
855743
665309
136270
259164
472411
404331
315446
268343
1.50672e+06
1.13156e+06
-16037.9
311867
852518
711849
454501
434139
882740
742113
502322
459980
2.11231e+06
1.81408e+06
1.41644e+06
1.21815e+06
763996
588731
87332.6
212551
478554
408693
344691
281757
1.48815e+06
1.12693e+06
-22807
309981
807659
676285
436772
410272
859694
727882
492955
454436
2.08533e+06
1.79238e+06
1.42608e+06
1.21538e+06
745252
574180
82662.9
193294
438165
384578
324350
274346
1.53023e+06
1.15871e+06
890.247
328039
759118
638416
413898
393628
830776
706027
490152
444873
2.08403e+06
1.79247e+06
1.43139e+06
1.22731e+06
777589
602799
91765.5
217820
465399
403722
330123
283304
1.50989e+06
1.14651e+06
-3495.94
329808
676771
569633
384341
358873
701216
601177
447745
399619
1.99736e+06
1.72543e+06
1.40997e+06
1.19585e+06
787020
609402
81110.8
207921
500634
433712
326722
292563
1.43966e+06
1.08538e+06
-28544.5
300170
630616
532643
360438
333959
623035
538214
413185
364251
1.94374e+06
1.68262e+06
1.38802e+06
1.17467e+06
804479
620809
83315.6
210335
501850
429215
319612
283866
1.43816e+06
1.08556e+06
-19606.7
300473
565007
477356
325657
311760
577308
501807
404633
345613
1.92513e+06
1.6681e+06
1.38675e+06
1.17381e+06
858850
668556
99333.7
234214
510720
437422
321542
285703
1.45985e+06
1.10155e+06
6596.6
306606
461705
392450
281851
260214
524228
457309
397569
324564
1.89799e+06
1.6458e+06
1.37706e+06
1.15729e+06
914496
711348
110432
255331
540056
457685
338282
293842
1.42609e+06
1.07596e+06
-10480
308207
451541
381250
279543
242159
510195
443534
400167
325343
1.87426e+06
1.62537e+06
1.3818e+06
1.14004e+06
947727
736530
129712
267148
492419
420041
322127
276170
1.4252e+06
1.07017e+06
-27215.1
293642
490652
414111
300795
259288
526873
458962
419282
332358
1.89553e+06
1.64528e+06
1.40898e+06
1.16306e+06
975862
761132
141502
287237
496972
421475
331613
276884
1.40164e+06
1.05115e+06
-62248.7
279681
559181
469168
332315
293451
447706
393909
395509
312236
1.82712e+06
1.59259e+06
1.39895e+06
1.14381e+06
957250
742324
116902
268237
568900
484097
350658
307333
1.37994e+06
1.02474e+06
-85428.4
250391
627593
525204
349694
318101
456667
402066
399252
309412
1.81096e+06
1.58188e+06
1.39401e+06
1.14034e+06
1.02159e+06
793532
132248
285959
629039
528026
372420
325423
1.41708e+06
1.05794e+06
-79608.9
256333
675773
562284
368034
337101
499607
440640
433019
327583
1.85166e+06
1.6179e+06
1.42926e+06
1.1601e+06
1.10352e+06
863473
164788
317627
702349
591753
415132
351124
1.48755e+06
1.10837e+06
-51672.5
277314
741317
615723
399575
364294
557521
486537
472533
361666
1.93331e+06
1.68445e+06
1.47259e+06
1.1997e+06
1.21018e+06
946501
199387
361886
857874
714773
490404
424945
1.55748e+06
1.17377e+06
-34337.1
312533
786460
660000
447334
389996
622006
543459
486672
390037
2.00436e+06
1.74021e+06
1.50486e+06
1.23897e+06
1.18435e+06
920268
189478
346689
959265
804485
539197
494050
1.66348e+06
1.25993e+06
10186.6
348481
841318
712454
505943
424760
733340
636608
531140
424100
2.04531e+06
1.77445e+06
1.53233e+06
1.26282e+06
1.12844e+06
877481
169069
324773
1.03697e+06
868796
578430
526206
1.72793e+06
1.31317e+06
31242.1
388112
903815
766433
572559
480505
779659
671013
549433
454759
2.01758e+06
1.75523e+06
1.54766e+06
1.26832e+06
1.07771e+06
834147
140415
300178
1.13105e+06
946609
613620
573022
1.77075e+06
1.34227e+06
34095.3
394801
994393
847516
624848
535925
873035
746501
565905
482336
2.0238e+06
1.76477e+06
1.54298e+06
1.2697e+06
1.03057e+06
794897
101314
273462
1.24778e+06
1.04061e+06
658395
620493
1.83188e+06
1.3908e+06
52627.8
419268
1.03893e+06
883061
666024
567205
979535
832775
605435
519902
2.06001e+06
1.79159e+06
1.56512e+06
1.28756e+06
980102
751554
70580.6
238523
1.33927e+06
1.11592e+06
700116
657469
1.89816e+06
1.44515e+06
89144.2
442416
1.07321e+06
918117
702972
597981
1.07049e+06
907347
647106
563590
2.0889e+06
1.81811e+06
1.5824e+06
1.30421e+06
962124
734588
50837.4
230482
1.42936e+06
1.18906e+06
741765
702366
1.99122e+06
1.52726e+06
118187
497916
1.14666e+06
979605
723536
645980
1.11609e+06
943635
663984
606968
2.10931e+06
1.8362e+06
1.58065e+06
1.31433e+06
1.08716e+06
840932
106670
292710
1.41837e+06
1.19068e+06
740078
713290
2.09848e+06
1.6101e+06
154923
521885
1.17979e+06
1.00542e+06
725026
645423
1.07949e+06
914474
664639
581271
2.17034e+06
1.88233e+06
1.58968e+06
1.32894e+06
1.17954e+06
919817
155544
339873
1.39331e+06
1.16781e+06
742765
696957
2.21544e+06
1.70863e+06
198115
581532
1.27583e+06
1.08224e+06
762416
688986
1.03552e+06
881912
666927
581568
2.21657e+06
1.9217e+06
1.60367e+06
1.34848e+06
1.2929e+06
1.01395e+06
206375
392171
1.44029e+06
1.21028e+06
771084
724791
2.2428e+06
1.72642e+06
209742
589875
1.27885e+06
1.08463e+06
747442
688715
956909
820817
648246
556955
2.20701e+06
1.91206e+06
1.57529e+06
1.33833e+06
1.33463e+06
1.04867e+06
227661
417173
1.38003e+06
1.16165e+06
762438
710487
2.37847e+06
1.83794e+06
261453
639305
1.29214e+06
1.09038e+06
734176
683221
924452
793632
650425
541348
2.24764e+06
1.94051e+06
1.56915e+06
1.33796e+06
1.45059e+06
1.14537e+06
276606
462843
1.40987e+06
1.18931e+06
796476
716759
2.50452e+06
1.93907e+06
318820
694059
1.27208e+06
1.07516e+06
712503
672405
881112
760901
652266
535387
2.28626e+06
1.96992e+06
1.558e+06
1.34425e+06
1.55125e+06
1.22759e+06
311625
511228
1.49613e+06
1.26032e+06
843531
770151
