-28850
-15996.9
146239
-88675.4
-443171
-322791
437087
-726496
462026
433286
839916
474008
-609036
-509803
-235713
-806221
-284509
-250402
-71988.4
-386247
-779014
-774854
-1.6054e+06
-747459
-28682.4
-7619.08
141871
-74430.8
-486823
-354248
418385
-774642
452384
427210
811923
462205
-615760
-524183
-284392
-803888
-307827
-275687
-120724
-424170
-807664
-810484
-1.71272e+06
-783964
-27738.4
330.926
155656
-69604.8
-498367
-351968
461578
-799724
457578
430447
816047
472742
-651759
-558807
-358960
-842721
-336318
-306116
-174327
-458901
-874189
-871443
-1.82446e+06
-853749
5989.19
26658.6
211986
-38533.1
-495692
-351376
524285
-805759
463407
440708
854169
465480
-619058
-527729
-322052
-796025
-344611
-306241
-164639
-464858
-907739
-898617
-1.86542e+06
-896650
17039.2
31184.8
218116
-28630
-515689
-367942
541810
-842082
473470
447612
873849
479848
-616241
-519740
-342366
-789422
-345784
-298524
-160319
-455668
-924003
-907366
-1.88529e+06
-898957
32002.9
56845.7
226568
-992.071
-540392
-382777
531949
-871767
465140
444919
850063
476386
-610161
-520781
-350959
-779609
-347959
-305991
-160963
-470689
-942627
-931122
-1.93136e+06
-926024
48284.1
46596.9
227559
16226.7
-529824
-388794
547870
-871116
461889
424717
840951
455734
-593287
-507858
-335100
-771043
-383791
-318549
-183101
-495146
-960305
-936222
-1.95673e+06
-933578
53027.4
58506.7
220971
29892.2
-539945
-398281
522437
-874043
425050
405234
854025
402538
-553737
-467561
-279497
-717846
-366991
-308638
-170237
-478670
-930912
-910611
-1.9193e+06
-905916
15515.3
22367.2
161826
-15550.7
-562720
-417865
489870
-912967
389648
367633
846801
344741
-537523
-456402
-253681
-714863
-395321
-342776
-218971
-533711
-970060
-958919
-1.98553e+06
-970451
23235.5
31622.5
180988
-178.191
-556504
-411706
506704
-891339
331731
329170
851834
269070
-488881
-400120
-148169
-651673
-399908
-334966
-185641
-525983
-1.0001e+06
-971050
-1.99228e+06
-996586
45728.6
46686
188455
29965.1
-551345
-409205
486718
-884487
315234
317313
889241
242610
-416188
-328864
-53375.2
-568380
-362777
-286458
-127892
-473238
-951168
-915780
-1.90445e+06
-930521
56810.4
67311.6
202646
44698.3
-547050
-404534
484531
-880798
276342
291185
888958
189534
-342251
-260328
64075.2
-491325
-319357
-252786
-63812.1
-439568
-907847
-881783
-1.81542e+06
-901184
77795.9
71809.5
208318
49126.2
-535484
-386488
535314
-860487
337434
355462
995625
267558
-359446
-288128
37773.6
-507219
-294162
-251388
-67798.8
-387895
-885651
-867625
-1.78688e+06
-856215
72689.9
75683.1
222930
46100.5
-537642
-389750
571755
-873163
406560
423437
1.10723e+06
337965
-379016
-312233
-12588.6
-531442
-301865
-269447
-107133
-413803
-887788
-883386
-1.84056e+06
-870777
70782.8
76735.2
236379
47750.9
-542524
-386818
586387
-879137
475597
481478
1.19604e+06
417358
-436219
-365754
-107272
-592156
-344857
-315495
-218831
-454875
-921321
-919435
-1.92405e+06
-902632
79579.9
78801.4
254295
52173.2
-553992
-404244
588698
-896633
534748
539921
1.31113e+06
467568
-467095
-394850
-162258
-622846
-380248
-346324
-289405
-485035
-950020
-945547
-1.98757e+06
-934627
74647.8
73592.1
244263
49431.7
-568232
-408414
595209
-911805
598178
602589
1.41189e+06
546126
-501094
-418237
-210134
-652133
-407495
-357797
-335679
-495377
-958697
-940731
-2.00598e+06
-919227
68321.4
77530
232920
48301.8
-583133
-416933
589202
-928464
656208
659798
1.49748e+06
610085
-516390
-434349
-244907
-669812
-403520
-363071
-347479
-499488
-947341
-939366
-2.01443e+06
-914167
42590.5
28442
192158
-11560.5
-601679
-446841
562771
-981961
675464
666110
1.49891e+06
621118
-539346
-462108
-266043
-712902
-485345
-440996
-468804
-583029
-967319
-969894
-2.07816e+06
-929432
18328.2
25255
198684
-28413.7
-621963
-454626
580301
-999116
695952
693871
1.53013e+06
653538
-526557
-445250
-236315
-691084
-524807
-485446
-560946
-629546
-954565
-963120
-2.10469e+06
-912675
-24822.3
-7126.93
173518
-77073.9
-655866
-474263
569971
-1.04686e+06
698489
687048
1.50314e+06
653133
-568691
-483596
-294431
-746863
-618291
-566093
-727196
-733473
-1.0003e+06
-1.00506e+06
-2.2173e+06
-960813
-43089.7
-23820.3
180983
-101445
-666081
-481590
603537
-1.05664e+06
697270
693581
1.53105e+06
647890
-566266
-470333
-233477
-743810
-671402
-613639
-792635
-780367
-1.04246e+06
-1.03857e+06
-2.2714e+06
-1.00639e+06
-46353.7
-40609.1
180548
-116969
-660168
-479525
641465
-1.06565e+06
717245
703760
1.543e+06
670790
-530219
-436653
-163327
-712467
-703009
-638307
-846396
-808521
-1.03747e+06
-1.03763e+06
-2.28044e+06
-991811
-62192.2
-33667.5
189168
-127150
-656918
-463446
689593
-1.06132e+06
727547
719578
1.54434e+06
693170
-516732
-420556
-109623
-704705
-724385
-662696
-893749
-841038
-1.03258e+06
-1.0389e+06
-2.29129e+06
-991063
-78385.6
-50790.1
160954
-132050
-671878
-489846
711210
-1.09115e+06
725908
712310
1.5434e+06
715665
-544859
-464783
-123503
-743594
-734302
-671147
-890243
-853242
-1.05442e+06
-1.06215e+06
-2.33103e+06
-991572
-53948
-22742
143906
-94743.1
-698177
-507273
660001
-1.11741e+06
696801
691842
1.448e+06
688455
-588138
-501134
-201420
-795946
-742895
-675030
-901828
-866444
-1.06535e+06
-1.07183e+06
-2.4144e+06
-1.00236e+06
-41725.7
-4755.29
152032
-65702.2
-715067
-516692
690297
-1.14321e+06
709034
697449
1.44594e+06
716979
-648358
-551239
-232400
-862661
-747195
-681151
-874291
-885875
-1.1016e+06
-1.10758e+06
-2.48368e+06
-1.03093e+06
13282.3
38084.1
214609
-15443.2
-694634
-497916
758448
-1.13382e+06
712776
698250
1.43191e+06
708629
-640642
-540541
-175375
-870240
-726955
-654340
-799202
-868959
-1.1117e+06
-1.11696e+06
-2.49384e+06
-1.05874e+06
31368.7
46662
211225
15340.7
-707658
-513074
752811
-1.14877e+06
690802
668272
1.3746e+06
694025
-659778
-554820
-160000
-897798
-705822
-628824
-736908
-847087
-1.13398e+06
-1.13907e+06
-2.52528e+06
-1.07305e+06
63154.5
86635.4
206336
59734.3
-717534
-513611
731353
-1.15714e+06
655099
637460
1.26159e+06
670765
-687608
-578058
-165549
-938411
-685088
-612911
-682840
-839317
-1.16157e+06
-1.16987e+06
-2.58327e+06
-1.10762e+06
73875.7
75567.1
205254
60745.4
-718588
-522784
711430
-1.14991e+06
616723
596279
1.17188e+06
645171
-767692
-651274
-226706
-1.01852e+06
-719373
-650689
-692060
-861975
-1.23098e+06
-1.21959e+06
-2.66983e+06
-1.13891e+06
95643.3
99938.2
247241
74508.5
-704555
-513369
696596
-1.14018e+06
609965
589010
1.13816e+06
625888
-792884
-681264
-276839
-1.06459e+06
-720806
-655418
-688449
-888252
-1.22644e+06
-1.23132e+06
-2.72539e+06
-1.15385e+06
61278.6
71738.1
244651
30942.3
-712481
-516732
698613
-1.14587e+06
563356
539025
1.07111e+06
579577
-879294
-760020
-366661
-1.15704e+06
-780750
-713572
-740033
-965198
-1.31455e+06
-1.32071e+06
-2.87238e+06
-1.24533e+06
54367.3
65048.9
256519
12930.2
-689860
-499898
700060
-1.11903e+06
520320
502940
998968
523475
-940447
-808145
-441143
-1.23437e+06
-827875
-749035
-775085
-1.02194e+06
-1.38678e+06
-1.38479e+06
-3.01157e+06
-1.32776e+06
52832.9
66450.4
288522
12612.7
-695568
-505373
685273
-1.11907e+06
494678
484801
977726
509481
-968712
-826702
-430490
-1.26662e+06
-841468
-743272
-740357
-1.02668e+06
-1.41786e+06
-1.40096e+06
-3.05144e+06
-1.33366e+06
70277.9
89797.6
326128
23784.2
-662862
-474878
708078
-1.08139e+06
490509
485978
946269
511427
-996826
-852994
-439859
-1.30797e+06
-819376
-725509
-677328
-1.0231e+06
-1.41698e+06
-1.4085e+06
-3.0784e+06
-1.34009e+06
-597326
-525800
-546528
-705110
1.43085e+06
1.3318e+06
1.99766e+06
1.60262e+06
-726305
-616082
-318472
-961100
-2.31163e+06
-2.11974e+06
-2.8419e+06
-2.67131e+06
376614
421039
1.42998e+06
243799
-207342
-189763
-286626
-225300
-560924
-491158
-530131
-665573
1.45421e+06
1.3555e+06
2.01331e+06
1.62812e+06
-703378
-594449
-267847
-941340
-2.37525e+06
-2.17271e+06
-2.90982e+06
-2.74048e+06
411637
451510
1.45335e+06
273704
-222487
-212870
-366099
-237642
-587792
-521656
-601145
-679656
1.48521e+06
1.37577e+06
2.04822e+06
1.6573e+06
-686751
-576984
-203552
-929174
-2.42063e+06
-2.20785e+06
-2.94958e+06
-2.78993e+06
421904
457798
1.45344e+06
292502
-243296
-225040
-395688
-253117
-610007
-546776
-659600
-718669
1.48328e+06
1.38042e+06
2.0458e+06
1.6491e+06
-672273
-559790
-150028
-928831
-2.46969e+06
-2.25225e+06
-3.0134e+06
-2.84695e+06
412550
451489
1.43415e+06
268004
-281887
-275374
-483375
-305978
-609385
-548586
-664658
-702881
1.50464e+06
1.4025e+06
2.08484e+06
1.68151e+06
-653975
-542197
-86530.8
-916017
-2.49603e+06
-2.28512e+06
-3.03157e+06
-2.88792e+06
435373
471610
1.47478e+06
304522
-318115
-307947
-550084
-334091
-614019
-543873
-705839
-695169
1.53843e+06
1.43303e+06
2.11264e+06
1.72125e+06
-639613
-527297
-49672.8
-896773
-2.53856e+06
-2.31368e+06
-3.0682e+06
-2.93048e+06
457187
490784
1.48933e+06
325225
-350805
-343423
-651474
-364716
-595979
-547889
-736300
-689945
1.58181e+06
1.46469e+06
2.19999e+06
1.78765e+06
-684073
-575932
-80914.2
-950899
-2.59219e+06
-2.38371e+06
-3.14235e+06
-3.01196e+06
446768
476224
1.50434e+06
305215
-381289
-374482
-703621
-395478
-570420
-509808
-691639
-653681
1.59353e+06
1.47618e+06
2.18522e+06
1.8025e+06
-741160
-626561
-185448
-1.00569e+06
-2.68685e+06
-2.46193e+06
-3.26296e+06
-3.11256e+06
437990
484627
1.53236e+06
288244
-399443
-387112
-772739
-398169
-583847
-528234
-706559
-668789
1.63087e+06
1.50251e+06
2.21829e+06
1.83892e+06
-767323
-643237
-202647
-1.03416e+06
-2.75898e+06
-2.51803e+06
-3.34361e+06
-3.18867e+06
426956
477982
1.58625e+06
267699
-406504
-385573
-758293
-406837
-581558
-525588
-700453
-673188
1.63267e+06
1.50975e+06
2.19611e+06
1.85388e+06
-797853
-669484
-256835
-1.06473e+06
-2.83341e+06
-2.59117e+06
-3.44987e+06
-3.2713e+06
427798
486516
1.6452e+06
248198
-389257
-377024
-754155
-387596
-561305
-515535
-679996
-644886
1.6616e+06
1.533e+06
2.18825e+06
1.90546e+06
-827623
-711005
-323068
-1.09994e+06
-2.90265e+06
-2.67101e+06
-3.54749e+06
-3.35994e+06
446312
500226
1.73181e+06
261436
-380503
-377847
-774425
-371293
-550899
-486772
-671090
-621374
1.69799e+06
1.566e+06
2.17782e+06
1.95845e+06
-851757
-721581
-387074
-1.1072e+06
-2.99763e+06
-2.74273e+06
-3.67118e+06
-3.45869e+06
456416
526128
1.80637e+06
261016
-360366
-348254
-777023
-337669
-542444
-505813
-673411
-644286
1.73341e+06
1.58968e+06
2.21071e+06
1.98572e+06
-857708
-743401
-421267
-1.13845e+06
-3.04485e+06
-2.79406e+06
-3.76041e+06
-3.50986e+06
461995
530418
1.87132e+06
263905
-339520
-336380
-723704
-319781
-551901
-497736
-627202
-657048
1.74449e+06
1.6063e+06
2.22125e+06
2.00248e+06
-893043
-773298
-487086
-1.16733e+06
-3.10595e+06
-2.85267e+06
-3.8883e+06
-3.55946e+06
484053
554909
1.90332e+06
291471
-336231
-336871
-756749
-305593
-591848
-539577
-620664
-730284
1.78154e+06
1.62571e+06
2.29918e+06
2.00871e+06
-913671
-795639
-481868
-1.21656e+06
-3.14426e+06
-2.89301e+06
-3.97074e+06
-3.61511e+06
481581
550689
1.93472e+06
268192
-336250
-335197
-712645
-330161
-642071
-575647
-601742
-795835
1.78559e+06
1.65256e+06
2.35524e+06
2.02672e+06
-940511
-808484
-465065
-1.24393e+06
-3.20761e+06
-2.9499e+06
-4.06878e+06
-3.66305e+06
467258
545640
1.96349e+06
248913
-334857
-334774
-680084
-322142
-654304
-586665
-569431
-819497
1.83969e+06
1.70336e+06
2.42484e+06
2.09184e+06
-962169
-838050
-502463
-1.27817e+06
-3.26659e+06
-3.01699e+06
-4.22818e+06
-3.72524e+06
493907
565946
2.01058e+06
275861
-316010
-318006
-687658
-293659
-672579
-589366
-539412
-846227
1.90057e+06
1.75837e+06
2.50992e+06
2.15808e+06
-985546
-856251
-531346
-1.29616e+06
-3.32168e+06
-3.06858e+06
-4.3671e+06
-3.76415e+06
511643
586789
2.04536e+06
295204
-291304
-298793
-693272
-256734
-694829
-608101
-533437
-879931
1.93695e+06
1.78731e+06
2.5862e+06
2.18083e+06
-1.01897e+06
-867487
-532923
-1.32163e+06
-3.35497e+06
-3.08313e+06
-4.40722e+06
-3.8097e+06
511782
587273
2.05127e+06
284567
-337911
-342549
-768307
-322241
-686053
-590313
-479412
-877036
1.94286e+06
1.79554e+06
2.59891e+06
2.18717e+06
-1.00668e+06
-860084
-531785
-1.30421e+06
-3.36035e+06
-3.08357e+06
-4.3829e+06
-3.80664e+06
520762
592411
2.05534e+06
291649
-384959
-391921
-876293
-368912
-715457
-622116
-477776
-913979
1.98316e+06
1.82373e+06
2.6866e+06
2.21775e+06
-1.00519e+06
-862790
-513437
-1.30412e+06
-3.34909e+06
-3.06825e+06
-4.33881e+06
-3.79521e+06
508972
579294
2.07318e+06
277907
-429483
-428976
-887852
-422870
-742285
-644307
-482715
-965739
1.99295e+06
1.8448e+06
2.71857e+06
2.22424e+06
-1.003e+06
-855176
-518406
-1.30502e+06
-3.33873e+06
-3.05498e+06
-4.32961e+06
-3.77917e+06
493826
565953
2.06686e+06
238227
-465876
-469310
-941677
-474520
-757125
-659303
-441251
-995802
2.01985e+06
1.86967e+06
2.77772e+06
2.24981e+06
-991376
-847557
-497208
-1.29786e+06
-3.30823e+06
-3.03327e+06
-4.27068e+06
-3.76405e+06
480236
551353
2.0869e+06
213799
-519087
-520648
-1.00558e+06
-540669
-798824
-687806
-441813
-1.0515e+06
2.04712e+06
1.89639e+06
2.83728e+06
2.27759e+06
-983654
-840229
-480966
-1.27917e+06
-3.29352e+06
-3.00965e+06
-4.20718e+06
-3.74024e+06
451534
524089
2.08059e+06
173944
-582903
-585289
-1.09646e+06
-611461
-796491
-683252
-422715
-1.04545e+06
2.10364e+06
1.95155e+06
2.9374e+06
2.34979e+06
-1.00058e+06
-839694
-481417
-1.29427e+06
-3.28141e+06
-3.00299e+06
-4.17899e+06
-3.75394e+06
451767
548745
2.09215e+06
205621
-588881
-562989
-1.04636e+06
-607715
-805878
-687790
-410193
-1.06181e+06
2.10471e+06
1.95407e+06
2.93968e+06
2.35105e+06
-1.01776e+06
-862960
-514902
-1.31457e+06
-3.31869e+06
-3.03499e+06
-4.19268e+06
-3.78933e+06
466288
559374
2.09663e+06
221812
-585624
-561292
-1.02947e+06
-608965
-820276
-711258
-435504
-1.07533e+06
2.1678e+06
2.00068e+06
3.01026e+06
2.41045e+06
-1.02193e+06
-876218
-519394
-1.3312e+06
-3.32249e+06
-3.0376e+06
-4.2039e+06
-3.79537e+06
487133
569318
2.10443e+06
248491
-536012
-512815
-906111
-561612
-853239
-743171
-502204
-1.11595e+06
2.18131e+06
2.0237e+06
3.02595e+06
2.43541e+06
-1.06524e+06
-910951
-587844
-1.37416e+06
-3.34083e+06
-3.05518e+06
-4.2429e+06
-3.80186e+06
489221
568059
2.06736e+06
250130
-514899
-496895
-875668
-543289
-874463
-764236
-538176
-1.13234e+06
2.21171e+06
2.05265e+06
3.054e+06
2.47539e+06
-1.09004e+06
-928746
-632161
-1.39306e+06
-3.35792e+06
-3.0709e+06
-4.27061e+06
-3.83026e+06
494138
571411
2.0476e+06
269501
-494521
-474012
-839356
-518199
-906399
-791477
-592046
-1.16619e+06
2.23749e+06
2.07153e+06
3.08299e+06
2.50261e+06
-1.10984e+06
-954940
-693150
-1.40683e+06
-3.38528e+06
-3.09135e+06
-4.29497e+06
-3.85145e+06
501854
574661
2.02377e+06
284229
-475201
-458525
-820216
-493216
-943627
-822857
-655149
-1.17285e+06
2.27332e+06
2.10406e+06
3.15726e+06
2.55207e+06
-1.10723e+06
-954055
-668264
-1.41951e+06
-3.38426e+06
-3.12011e+06
-4.31099e+06
-3.88011e+06
485862
568677
2.02147e+06
273756
-498416
-471352
-834825
-523022
-947216
-825299
-682982
-1.17976e+06
2.28976e+06
2.12084e+06
3.19208e+06
2.55827e+06
-1.12058e+06
-968342
-659226
-1.44613e+06
-3.43749e+06
-3.16021e+06
-4.36247e+06
-3.93526e+06
493627
580521
2.0568e+06
275386
-521470
-493696
-881636
-542836
-993567
-880746
-792008
-1.21236e+06
2.32613e+06
2.13575e+06
3.25647e+06
2.5935e+06
-1.13739e+06
-992892
-644023
-1.47086e+06
-3.46779e+06
-3.19203e+06
-4.40801e+06
-3.96377e+06
501366
584741
2.09265e+06
284270
-522311
-494365
-874337
-534911
-1.04596e+06
-931166
-942217
-1.26237e+06
2.31839e+06
2.14401e+06
3.21802e+06
2.58938e+06
-1.16467e+06
-1.00657e+06
-685718
-1.50252e+06
-3.51994e+06
-3.23312e+06
-4.5084e+06
-4.00919e+06
505828
593635
2.08224e+06
290418
-540809
-514361
-952341
-552093
-1.08095e+06
-966464
-1.03725e+06
-1.28047e+06
2.35702e+06
2.18393e+06
3.27602e+06
2.64394e+06
-1.16978e+06
-1.00709e+06
-666706
-1.50884e+06
-3.53532e+06
-3.25659e+06
-4.54515e+06
-4.03124e+06
529532
618381
2.13362e+06
319906
-543457
-516856
-968540
-549925
-1.10585e+06
-982994
-1.13139e+06
-1.28673e+06
2.41443e+06
2.23915e+06
3.36243e+06
2.71226e+06
-1.16324e+06
-994003
-630698
-1.49508e+06
-3.55603e+06
-3.26488e+06
-4.55944e+06
-4.04144e+06
573247
667732
2.21003e+06
368652
-530700
-499839
-965921
-522901
863893
830257
1.50111e+06
910172
-211847
-176672
-44814.3
-298852
1.20235e+06
1.12561e+06
1.72707e+06
1.32856e+06
-73830.4
-101386
-420845
-30929.6
-718836
-696305
-1.23852e+06
-778606
-143297
-149418
-330104
-133693
877870
846015
1.51261e+06
924659
-230913
-187194
-48484.2
-316964
1.22168e+06
1.15042e+06
1.83183e+06
1.33415e+06
-55908.1
-77226
-348772
-16112.8
-766920
-731779
-1.29103e+06
-823452
-173981
-170590
-362261
-174291
908156
863713
1.54818e+06
951317
-237596
-199328
-63054.8
-328125
1.26763e+06
1.19164e+06
1.95548e+06
1.36715e+06
-20903.5
-48308.8
-293084
14218.5
-793988
-762691
-1.31989e+06
-862753
-158523
-160348
-336117
-155216
949464
910515
1.6109e+06
1.00365e+06
-231749
-182665
-52789.8
-311826
1.29506e+06
1.23264e+06
2.06306e+06
1.39078e+06
22889.8
5305.42
-188848
62542.9
-787328
-745696
-1.26879e+06
-855026
-132546
-121552
-273090
-131602
987417
949525
1.65527e+06
1.05334e+06
-230127
-184900
-43972.8
-320482
1.34564e+06
1.28494e+06
2.21192e+06
1.42706e+06
55698.1
28943.3
-114013
80495.6
-816601
-780358
-1.30061e+06
-904711
-112934
-107523
-217633
-118242
1.02862e+06
980767
1.71296e+06
1.09063e+06
-237230
-188821
-25190
-331601
1.36438e+06
1.30553e+06
2.3212e+06
1.42454e+06
57268.6
35738.6
-57221.9
74678.3
-869996
-826594
-1.34416e+06
-962655
-126523
-119469
-204916
-144730
1.0279e+06
975563
1.71068e+06
1.0799e+06
-244118
-194238
-15550.7
-342294
1.39733e+06
1.34765e+06
2.40296e+06
1.47447e+06
6289.71
4454.07
-118204
33582.6
-900112
-832593
-1.36014e+06
-988563
-133239
-123885
-192652
-143741
1.0505e+06
995563
1.7681e+06
1.1013e+06
-211727
-163112
61775.7
-305778
1.45662e+06
1.39583e+06
2.49574e+06
1.53828e+06
14012
11483.4
-92083.7
50925.8
-847737
-780818
-1.25073e+06
-922829
-103073
-98198
-159057
-114206
1.01515e+06
956931
1.70942e+06
1.04425e+06
-238364
-187009
12494.6
-336565
1.4662e+06
1.40256e+06
2.48921e+06
1.54599e+06
-47992.8
-50389.8
-216684
-23474.5
-834902
-771760
-1.23641e+06
-921541
-119539
-120468
-188105
-137045
986591
938300
1.72248e+06
1.01725e+06
-239168
-186473
10487.1
-327229
1.46405e+06
1.39713e+06
2.49288e+06
1.5423e+06
-93274.5
-90532.3
-267760
-65379.1
-793366
-729060
-1.14369e+06
-866636
-125480
-116253
-173089
-146655
987336
947776
1.74068e+06
1.01531e+06
-214162
-164316
45639.5
-305710
1.4955e+06
1.43365e+06
2.53812e+06
1.58389e+06
-118959
-116412
-306714
-102497
-755631
-692750
-1.09157e+06
-832993
-104215
-96282.5
-134857
-123539
981119
930851
1.75963e+06
991469
-199314
-144535
86372.4
-289048
1.53036e+06
1.4629e+06
2.58328e+06
1.62069e+06
-160592
-152703
-357576
-140054
-719555
-656346
-1.01729e+06
-792179
-100037
-100602
-120525
-127080
959738
916994
1.77478e+06
968871
-174726
-142349
86798.1
-273027
1.56327e+06
1.47458e+06
2.59016e+06
1.6579e+06
-112058
-131182
-319126
-99197.2
-713939
-667059
-1.00983e+06
-799048
-154086
-160927
-196933
-175801
933064
901844
1.76425e+06
935434
-168155
-136246
91225.3
-265948
1.54017e+06
1.45282e+06
2.53217e+06
1.63481e+06
-88273.1
-103151
-260934
-76132.8
-752630
-698928
-1.06095e+06
-841602
-245466
-238848
-345876
-278879
919778
879698
1.79223e+06
890145
-168313
-135523
87001.7
-260605
1.57415e+06
1.47894e+06
2.56608e+06
1.67517e+06
-52939
-72238.7
-217542
-38895.1
-769594
-713855
-1.07623e+06
-867555
-291568
-292290
-423093
-333113
893710
872960
1.84373e+06
855741
-152511
-120712
107469
-246504
1.57962e+06
1.48703e+06
2.55277e+06
1.68566e+06
-26918.1
-37607.5
-125577
-18353.7
-773976
-713891
-1.0341e+06
-879400
-377850
-357551
-537127
-425482
893279
881694
1.88855e+06
853136
-155812
-133580
97698.8
-258817
1.56057e+06
1.46529e+06
2.49854e+06
1.66861e+06
-13134.5
-32196
-84993.5
-20086.1
-812832
-752809
-1.06816e+06
-932590
-440817
-423831
-629161
-495866
906857
891307
1.95812e+06
855622
-168371
-141253
88990.8
-270239
1.56197e+06
1.46514e+06
2.47247e+06
1.68095e+06
-25628.4
-45380
-74153.6
-32485.2
-866420
-801543
-1.13119e+06
-994494
-513789
-496682
-746127
-571392
894755
894508
1.99854e+06
837168
-188695
-136832
67188.6
-268334
1.59424e+06
1.49979e+06
2.52164e+06
1.72372e+06
-39613.5
-44888.6
-98013.5
-31113.4
-907059
-825189
-1.17193e+06
-1.02452e+06
-562569
-526618
-806387
-628759
908965
903356
2.02758e+06
850084
-163553
-121815
95510.3
-239303
1.61157e+06
1.51154e+06
2.55011e+06
1.73549e+06
-33457.5
-43525.3
-87764.7
-29494.1
-940326
-862559
-1.23459e+06
-1.06015e+06
-593969
-552912
-849251
-663187
910908
902772
2.04949e+06
830526
-159499
-117824
88295.7
-230368
1.67208e+06
1.57006e+06
2.65103e+06
1.80257e+06
-19830.1
-29606.6
-86906.3
-12081.6
-951965
-871718
-1.23523e+06
-1.08302e+06
-595437
-559664
-842192
-679016
919860
917101
2.12729e+06
840283
-147422
-111572
78264
-209561
1.69795e+06
1.59185e+06
2.67562e+06
1.83415e+06
-22652.2
-33647.7
-77646
-14806.8
-945307
-867152
-1.20684e+06
-1.07392e+06
-614595
-566166
-833259
-698719
928763
937585
2.15429e+06
851398
-142235
-102886
67965
-200883
1.72174e+06
1.61611e+06
2.70016e+06
1.86489e+06
-49652.3
-59281
-123802
-48044.4
-983195
-896944
-1.25893e+06
-1.11723e+06
-621794
-573269
-831794
-711521
954560
946708
2.21223e+06
863691
-124379
-89217.1
81542.8
-173756
1.76204e+06
1.64741e+06
2.75154e+06
1.90702e+06
-77868
-91493.3
-181485
-71711.9
-1.00653e+06
-922943
-1.29841e+06
-1.1426e+06
-632271
-589825
-832057
-729937
968057
971765
2.2554e+06
903164
-115828
-89647.7
71305.4
-189897
1.78738e+06
1.6796e+06
2.77486e+06
1.93722e+06
-86024.5
-85527.4
-221703
-72061.3
-1.02477e+06
-939814
-1.33349e+06
-1.17235e+06
-637812
-587099
-819616
-720336
1.00087e+06
999307
2.25735e+06
944823
-125258
-93156.4
103885
-202655
1.80338e+06
1.69216e+06
2.78672e+06
1.95313e+06
-66481.5
-60751.8
-181170
-47243.9
-1.05881e+06
-963451
-1.3677e+06
-1.19957e+06
-652761
-595856
-864401
-730460
1.0496e+06
1.04844e+06
2.31084e+06
1.00446e+06
-115133
-77143.9
129920
-185698
1.85106e+06
1.73608e+06
2.83527e+06
2.01396e+06
-18507.1
-12020.1
-140552
16692.7
-1.05433e+06
-957228
-1.35084e+06
-1.19855e+06
-603801
-548134
-823473
-666276
1.13326e+06
1.12245e+06
2.41108e+06
1.10035e+06
-93707.2
-57448.9
157908
-159286
1.88528e+06
1.76579e+06
2.86544e+06
2.05082e+06
54496.7
56243.3
-36372.9
97735.6
-1.00457e+06
-910498
-1.25934e+06
-1.14069e+06
-560934
-506640
-788411
-613079
1.18161e+06
1.16756e+06
2.44874e+06
1.16445e+06
-88727.1
-53506.1
194768
-171500
1.9094e+06
1.78599e+06
2.89035e+06
2.07848e+06
79240.5
72061.3
8617.51
109917
-1.02048e+06
-928421
-1.27509e+06
-1.17292e+06
-529660
-488020
-764822
-581070
1.24303e+06
1.21726e+06
2.51727e+06
1.22373e+06
-94669.6
-53762.7
238308
-186075
1.92862e+06
1.80007e+06
2.91087e+06
2.09519e+06
90574.7
87616.2
49433.8
120330
-1.04242e+06
-943784
-1.27943e+06
-1.19638e+06
-513446
-476495
-753130
-568531
1.27112e+06
1.239e+06
2.54834e+06
1.26916e+06
-118871
-74937.1
212331
-213133
1.94211e+06
1.81265e+06
2.88971e+06
2.12926e+06
89456.1
75755.2
-2026.57
145069
-1.04456e+06
-948787
-1.31614e+06
-1.17865e+06
-507667
-473817
-751974
-553153
1.31748e+06
1.27539e+06
2.59167e+06
1.31855e+06
-101727
-64512.9
241455
-196171
1.94582e+06
1.81124e+06
2.86728e+06
2.134e+06
114208
94305.4
-28183.9
183375
-1.01227e+06
-927088
-1.32787e+06
-1.12892e+06
-480594
-451968
-732085
-519221
1.32746e+06
1.29143e+06
2.59795e+06
1.3325e+06
-156447
-109638
175020
-248163
1.95801e+06
1.8235e+06
2.84482e+06
2.16869e+06
85676.6
66163.3
-141600
175618
-1.0255e+06
-938601
-1.40558e+06
-1.12505e+06
-462635
-430674
-730048
-494131
1.3335e+06
1.29016e+06
2.60154e+06
1.33912e+06
-187039
-149231
110000
-288512
1.94165e+06
1.79588e+06
2.75593e+06
2.14944e+06
67986.9
36527.7
-229750
156889
-1.01516e+06
-944608
-1.44523e+06
-1.10972e+06
-470213
-442206
-749846
-502566
1.35837e+06
1.31928e+06
2.61239e+06
1.38511e+06
-202823
-163004
93163.4
-305908
1.9251e+06
1.77818e+06
2.69927e+06
2.14324e+06
41704.5
4427.2
-326835
143928
-1.03688e+06
-967274
-1.53724e+06
-1.11909e+06
-458436
-435026
-756048
-483828
1.4174e+06
1.36944e+06
2.6707e+06
1.44496e+06
-204054
-159825
101722
-303929
1.93226e+06
1.78287e+06
2.66856e+06
2.16033e+06
33214.9
-607.405
-410804
157537
-1.03842e+06
-968948
-1.59847e+06
-1.1018e+06
-438060
-417868
-755174
-460336
-1.7499e+06
-1.59491e+06
-2.17347e+06
-2.015e+06
1.08679e+06
1.02908e+06
1.75428e+06
1.15919e+06
-469213
-435765
-806667
-505208
-285646
-296491
-989046
-175841
-5948.89
-18992.2
-71188
-10.6066
-326527
-295083
-332550
-405088
-1.76803e+06
-1.61471e+06
-2.21695e+06
-2.03056e+06
1.12482e+06
1.06783e+06
1.83024e+06
1.19988e+06
-393452
-364441
-670628
-416545
-240111
-266799
-939234
-127513
-48004.1
-54416.1
-120705
-43584.6
-395079
-360979
-446189
-469348
-1.80877e+06
-1.65708e+06
-2.32356e+06
-2.06803e+06
1.1342e+06
1.06724e+06
1.86202e+06
1.19808e+06
-353317
-327543
-611563
-385102
-200086
-242956
-928049
-80610.2
-111221
-129355
-245425
-114840
-420594
-379099
-509965
-494493
-1.81328e+06
-1.66574e+06
-2.36214e+06
-2.06086e+06
1.14873e+06
1.08317e+06
1.91165e+06
1.20621e+06
-290583
-274414
-499053
-312616
-187248
-230464
-951680
-52988.5
-205353
-207097
-387072
-209313
-459643
-420665
-578324
-526960
-1.83421e+06
-1.67701e+06
-2.42127e+06
-2.07032e+06
1.17051e+06
1.11493e+06
1.95865e+06
1.24182e+06
-222866
-199581
-407021
-227439
-163760
-194064
-957108
-5592.51
-238653
-237230
-454194
-238197
-530015
-484219
-689065
-612268
-1.83984e+06
-1.68562e+06
-2.45847e+06
-2.07795e+06
1.21794e+06
1.16889e+06
2.03679e+06
1.29788e+06
-124756
-106587
-255150
-130789
-113624
-157106
-936215
60217.2
-278208
-273450
-511406
-275515
-581221
-531735
-776256
-659221
-1.84342e+06
-1.7089e+06
-2.45405e+06
-2.10374e+06
1.23698e+06
1.17269e+06
2.03315e+06
1.31039e+06
-105551
-96396.3
-203630
-112437
-83760.3
-145466
-909674
64361.6
-290698
-277423
-527565
-300761
-595316
-557714
-795117
-679461
-1.86145e+06
-1.71994e+06
-2.45021e+06
-2.12487e+06
1.25553e+06
1.19283e+06
2.0458e+06
1.34115e+06
-63520.8
-57559.9
-145109
-63626.2
-100744
-155099
-894757
37850
-255416
-240370
-462993
-256144
-646889
-604478
-893622
-729110
-1.89316e+06
-1.73612e+06
-2.45569e+06
-2.15264e+06
1.2381e+06
1.17004e+06
2.01352e+06
1.32778e+06
-91892.8
-77413.3
-161255
-95073.3
-95272.7
-152316
-851070
39511.7
-243443
-230778
-438379
-242252
-636468
-589712
-870899
-709928
-1.87451e+06
-1.72297e+06
-2.41221e+06
-2.14527e+06
1.23278e+06
1.16151e+06
1.97749e+06
1.31526e+06
-87455.7
-82372.3
-142330
-105619
-94538.8
-143099
-809396
29283.4
-227743
-206265
-410545
-227606
-629191
-588782
-879601
-705733
-1.88665e+06
-1.73981e+06
-2.38747e+06
-2.17734e+06
1.23029e+06
1.1546e+06
1.96033e+06
1.31738e+06
-83990.9
-78541.2
-119741
-100354
-101019
-148029
-775589
10355.6
-173640
-160896
-315346
-175625
-670332
-638691
-955025
-759176
-1.91772e+06
-1.75647e+06
-2.37047e+06
-2.22145e+06
1.23716e+06
1.17183e+06
1.95529e+06
1.34184e+06
-72842.6
-62248
-96094.4
-92227.2
-121738
-164128
-762483
-18147.9
-129127
-110654
-206894
-127277
-713689
-675981
-1.03861e+06
-793695
-1.94995e+06
-1.79086e+06
-2.36526e+06
-2.25601e+06
1.2796e+06
1.19878e+06
1.98294e+06
1.3909e+06
-111294
-108411
-133799
-136791
-143483
-176943
-740737
-42273.7
-86464.3
-77499.6
-121678
-88881.9
-728376
-686917
-1.0146e+06
-822637
-1.9923e+06
-1.83118e+06
-2.4008e+06
-2.31697e+06
1.3078e+06
1.22641e+06
1.99684e+06
1.42588e+06
-163654
-162738
-231899
-198554
-181604
-222983
-810276
-95016.8
-60367.8
-51866.3
-85538
-62821.5
-766261
-720940
-1.04557e+06
-873569
-2.0476e+06
-1.86599e+06
-2.46639e+06
-2.36003e+06
1.31955e+06
1.24132e+06
2.01847e+06
1.44919e+06
-232056
-207300
-299924
-261248
-207802
-243376
-832004
-112231
-32622.4
-29052.9
-35801.5
-29921.2
-741818
-679397
-942984
-847040
-2.07251e+06
-1.89458e+06
-2.51776e+06
-2.38769e+06
1.36604e+06
1.27686e+06
2.04769e+06
1.49961e+06
-260710
-250263
-365341
-297993
-241181
-278956
-926915
-149349
-27606.9
-18723.5
-52658.9
-22383.5
-713115
-652826
-878514
-821363
-2.09981e+06
-1.9201e+06
-2.53444e+06
-2.42346e+06
1.40186e+06
1.30698e+06
2.07353e+06
1.55143e+06
-321946
-303343
-446255
-362450
-261984
-294905
-962302
-163306
21133.3
22676.2
7018.03
38475.1
-700183
-646269
-823313
-824455
-2.14604e+06
-1.9592e+06
-2.58114e+06
-2.48469e+06
1.44874e+06
1.36113e+06
2.11672e+06
1.6137e+06
-359434
-335026
-512995
-407350
-278679
-314255
-1.00841e+06
-181873
67305.3
63817.1
54151.7
92710.2
-700722
-641620
-789840
-832779
-2.17759e+06
-1.99962e+06
-2.61259e+06
-2.52558e+06
1.4491e+06
1.32543e+06
2.07097e+06
1.5957e+06
-410188
-389100
-596036
-446537
-320145
-359214
-1.08056e+06
-234596
66439.8
58972
50072.4
79186.1
-685797
-623813
-756514
-806062
-2.2081e+06
-2.02187e+06
-2.63858e+06
-2.56633e+06
1.40558e+06
1.30214e+06
2.04462e+06
1.53716e+06
-414840
-395886
-637914
-447893
-397567
-431222
-1.1915e+06
-329857
82777.5
88568.7
113977
96402.7
-685249
-617067
-776754
-796314
-2.24076e+06
-2.04581e+06
-2.68709e+06
-2.58624e+06
1.35529e+06
1.24412e+06
2.01254e+06
1.47762e+06
-475582
-453353
-763394
-503052
-437844
-479552
-1.26223e+06
-369256
87690.4
78806.3
105000
103026
-603255
-538788
-673793
-698951
-2.24537e+06
-2.04433e+06
-2.68843e+06
-2.59602e+06
1.30356e+06
1.21092e+06
1.97551e+06
1.4051e+06
-517537
-492311
-830213
-553034
-515571
-540185
-1.37401e+06
-457084
54984.6
69453.4
81129.2
60987.3
-530575
-465995
-577572
-614230
-2.24939e+06
-2.05795e+06
-2.67561e+06
-2.61103e+06
1.2756e+06
1.18199e+06
1.98701e+06
1.36954e+06
-550543
-528397
-895587
-583663
-583986
-606244
-1.4631e+06
-536101
89663.3
94480.1
162747
91853.9
-485396
-438398
-537694
-572041
-2.28596e+06
-2.08407e+06
-2.69563e+06
-2.65925e+06
1.24374e+06
1.1666e+06
1.99374e+06
1.33432e+06
-590567
-563547
-970725
-624459
-662176
-687750
-1.58062e+06
-622376
103771
116254
228317
104585
-441949
-394134
-493427
-512429
-2.28989e+06
-2.10061e+06
-2.68782e+06
-2.69315e+06
1.27801e+06
1.21676e+06
2.07485e+06
1.36016e+06
-593404
-568771
-1.01105e+06
-642897
-679163
-680340
-1.55425e+06
-622010
146694
153715
317299
142046
-426520
-393341
-452345
-515082
-2.34892e+06
-2.14245e+06
-2.69078e+06
-2.76916e+06
1.33262e+06
1.27334e+06
2.1968e+06
1.42038e+06
-617259
-587069
-1.04552e+06
-658316
-710109
-720789
-1.61983e+06
-666364
142908
156157
334874
143967
-502346
-461896
-559428
-593156
-2.35401e+06
-2.12985e+06
-2.66159e+06
-2.76011e+06
1.41493e+06
1.35087e+06
2.34887e+06
1.50545e+06
-615913
-580692
-1.05514e+06
-653193
-668790
-678716
-1.5702e+06
-604131
196372
202876
385206
212879
-468033
-413436
-483621
-547370
-2.36251e+06
-2.13803e+06
-2.63421e+06
-2.78647e+06
1.47692e+06
1.40773e+06
2.46664e+06
1.55853e+06
-624119
-593649
-1.05293e+06
-668678
-649356
-662932
-1.57936e+06
-583774
180808
189445
340497
194357
-451805
-406286
-452882
-533460
-2.40173e+06
-2.1804e+06
-2.6286e+06
-2.8567e+06
1.52748e+06
1.45572e+06
2.56167e+06
1.61162e+06
-662064
-634310
-1.12366e+06
-712552
-662736
-677340
-1.62212e+06
-594630
184482
183776
326212
198240
-496955
-460483
-520975
-603644
-2.46735e+06
-2.23317e+06
-2.65876e+06
-2.93963e+06
1.59009e+06
1.52106e+06
2.65597e+06
1.69045e+06
-694047
-662720
-1.19637e+06
-737711
-677481
-702645
-1.68975e+06
-603521
176460
177504
276752
207208
-554890
-510792
-615875
-651376
-2.51065e+06
-2.26647e+06
-2.72202e+06
-2.95798e+06
1.60588e+06
1.53079e+06
2.64128e+06
1.73107e+06
-718027
-691024
-1.23065e+06
-751912
-690812
-709241
-1.72016e+06
-599400
192831
169017
256171
213272
-522429
-475992
-579760
-607758
-2.53588e+06
-2.30108e+06
-2.81614e+06
-2.98585e+06
1.62547e+06
1.54204e+06
2.6161e+06
1.75473e+06
-731852
-706808
-1.24824e+06
-774223
-720719
-749370
-1.79445e+06
-648539
156564
137554
218688
165452
-504550
-462949
-557033
-596906
-2.6023e+06
-2.36115e+06
-2.98565e+06
-3.0399e+06
1.59313e+06
1.50684e+06
2.5185e+06
1.72282e+06
-810102
-774581
-1.36181e+06
-864461
-736554
-765018
-1.83624e+06
-660397
118863
97134.6
143504
121736
-406787
-362900
-408880
-488798
-2.62974e+06
-2.39568e+06
-3.08354e+06
-3.05669e+06
1.57808e+06
1.48904e+06
2.46022e+06
1.71414e+06
-844959
-808876
-1.37589e+06
-903591
-783102
-807784
-1.9209e+06
-708126
37736.2
28235.5
37104.7
35988.9
-346952
-311621
-334877
-412930
-2.67321e+06
-2.43727e+06
-3.20026e+06
-3.08871e+06
1.57534e+06
1.49321e+06
2.42983e+06
1.7322e+06
-858862
-812374
-1.38215e+06
-911478
-812474
-828828
-1.97904e+06
-724736
16154.6
7194.81
9062.99
15497
-306764
-272270
-298042
-362679
-2.72474e+06
-2.49072e+06
-3.33664e+06
-3.14231e+06
1.59344e+06
1.50828e+06
2.40061e+06
1.75938e+06
-873867
-824699
-1.39065e+06
-937790
-836529
-861550
-2.05644e+06
-754706
-23451.2
-33630
-50013
-34663.8
-243727
-221288
-250963
-292206
690857
611890
564631
865574
-641408
-619781
-990871
-704642
-1.44957e+06
-1.23225e+06
-604767
-1.92108e+06
-518090
-468545
-416962
-646393
446322
381148
260138
568590
-547402
-524062
-830517
-593932
714144
636683
606072
893088
-711891
-679878
-1.05706e+06
-782747
-1.47752e+06
-1.25049e+06
-609676
-1.95715e+06
-586269
-526408
-505998
-720855
428545
369269
225870
561548
-575398
-550377
-869286
-623271
750747
667842
638348
928735
-721612
-685167
-1.06537e+06
-808092
-1.44836e+06
-1.22375e+06
-535596
-1.94362e+06
-593826
-541367
-529260
-736225
470816
411576
290866
610416
-601028
-572073
-892084
-677952
774291
699751
672220
961986
-733655
-691892
-1.0576e+06
-822434
-1.44236e+06
-1.21707e+06
-483534
-1.95026e+06
-639740
-587193
-594112
-788868
523596
469481
354465
677970
-625709
-592577
-875214
-709963
840750
749833
773390
1.03546e+06
-781919
-738497
-1.11054e+06
-877884
-1.46836e+06
-1.23909e+06
-469067
-1.98662e+06
-733101
-671733
-728951
-892141
578386
506601
391266
742181
-636137
-604781
-880904
-725744
885928
796091
831168
1.08073e+06
-842889
-793164
-1.17382e+06
-944482
-1.51027e+06
-1.26702e+06
-483505
-2.03218e+06
-813072
-736433
-836434
-966242
599695
523572
382901
770553
-671865
-632489
-931197
-745201
892195
787885
815443
1.08636e+06
-872133
-807217
-1.21759e+06
-968132
-1.57943e+06
-1.34031e+06
-581437
-2.11563e+06
-838023
-754985
-881213
-1.0017e+06
620453
531995
380653
788818
-681798
-625849
-962099
-755133
858674
757616
755563
1.05018e+06
-874015
-802484
-1.23054e+06
-962497
-1.68837e+06
-1.43829e+06
-728169
-2.23956e+06
-847600
-758501
-870882
-1.01965e+06
611319
521495
339687
785843
-658584
-604711
-918901
-736043
830894
722761
699570
1.01999e+06
-833632
-767235
-1.19454e+06
-919705
-1.76048e+06
-1.50541e+06
-810923
-2.33256e+06
-835070
-748457
-837451
-1.01416e+06
618672
531638
355040
806035
-627080
-565338
-836059
-711764
784186
685130
636603
975909
-787907
-722974
-1.1311e+06
-866501
-1.84287e+06
-1.58109e+06
-891155
-2.42736e+06
-836498
-749207
-808875
-1.01554e+06
625797
534007
352189
813965
-580096
-526071
-726061
-668254
765662
666556
603978
958490
-764423
-701318
-1.11601e+06
-831551
-1.93775e+06
-1.66943e+06
-1.01044e+06
-2.53281e+06
-860490
-769941
-830716
-1.04765e+06
642341
547352
334428
837992
-536283
-482174
-648269
-626617
750227
657881
580786
932198
-748571
-689372
-1.1046e+06
-811706
-2.04635e+06
-1.75768e+06
-1.13716e+06
-2.66098e+06
-877912
-772400
-827208
-1.06376e+06
648898
552426
311147
850613
-509378
-453391
-590241
-586033
794814
708556
674663
987651
-776106
-742510
-1.13981e+06
-862582
-2.08718e+06
-1.7952e+06
-1.14961e+06
-2.6989e+06
-887336
-789709
-831709
-1.0744e+06
643802
553361
310141
847066
-489763
-458695
-590272
-564087
839452
755165
749322
1.03154e+06
-855161
-800902
-1.2525e+06
-933808
-2.16626e+06
-1.86899e+06
-1.2649e+06
-2.78903e+06
-915234
-813193
-874524
-1.10759e+06
646788
564529
317362
859335
-523300
-487192
-668306
-588321
893013
790339
842504
1.06971e+06
-894099
-849173
-1.34194e+06
-988931
-2.24943e+06
-1.95767e+06
-1.36418e+06
-2.90183e+06
-903138
-815805
-864411
-1.09968e+06
686570
592905
378621
902619
-537316
-510789
-716184
-618371
925050
846004
936030
1.1173e+06
-943292
-883065
-1.41162e+06
-1.03262e+06
-2.35302e+06
-2.0413e+06
-1.46613e+06
-3.01777e+06
-926825
-833895
-896903
-1.12078e+06
723179
648430
433209
957819
-562217
-528821
-744929
-637505
1.0017e+06
901255
1.05941e+06
1.20034e+06
-987098
-937131
-1.49756e+06
-1.07317e+06
-2.43456e+06
-2.12301e+06
-1.56069e+06
-3.10814e+06
-974433
-883515
-985218
-1.17253e+06
795432
697253
507302
1.03936e+06
-589587
-564529
-814511
-667094
1.0734e+06
983595
1.16804e+06
1.26243e+06
-1.04095e+06
-977775
-1.59915e+06
-1.13123e+06
-2.53398e+06
-2.20036e+06
-1.70086e+06
-3.22746e+06
-1.01635e+06
-906551
-1.05546e+06
-1.20964e+06
851403
753428
556733
1.09478e+06
-618060
-580238
-894062
-673897
1.08707e+06
970766
1.21822e+06
1.26997e+06
-1.10828e+06
-1.05002e+06
-1.70516e+06
-1.19958e+06
-2.57277e+06
-2.22203e+06
-1.70229e+06
-3.25608e+06
-1.01938e+06
-911837
-1.0455e+06
-1.21589e+06
829144
713216
532017
1.04568e+06
-644908
-603537
-974038
-697185
1.0354e+06
927150
1.13674e+06
1.22123e+06
-1.1913e+06
-1.11915e+06
-1.84893e+06
-1.27171e+06
-2.57202e+06
-2.21442e+06
-1.72701e+06
-3.242e+06
-1.00553e+06
-890882
-1.02718e+06
-1.19392e+06
754991
648732
425328
969180
-660734
-615654
-1.03023e+06
-703692
990584
878989
1.08401e+06
1.16081e+06
-1.24695e+06
-1.17382e+06
-1.94775e+06
-1.34496e+06
-2.54885e+06
-2.19477e+06
-1.6902e+06
-3.22908e+06
-954393
-849026
-947643
-1.14479e+06
706057
611180
404829
909761
-676353
-629614
-1.04466e+06
-735306
926901
831802
1.02e+06
1.08609e+06
-1.29067e+06
-1.21091e+06
-2.01128e+06
-1.39379e+06
-2.52315e+06
-2.17224e+06
-1.648e+06
-3.20454e+06
-919042
-815597
-893195
-1.10165e+06
669647
578541
382326
856074
-680835
-635039
-1.03466e+06
-742758
922788
830937
1.07277e+06
1.07657e+06
-1.33173e+06
-1.24356e+06
-2.0394e+06
-1.43886e+06
-2.4966e+06
-2.14577e+06
-1.58669e+06
-3.17721e+06
-907422
-804217
-866590
-1.09905e+06
650963
566163
404215
827524
-672739
-623605
-1.01174e+06
-736946
917996
821092
1.08503e+06
1.05604e+06
-1.3731e+06
-1.29534e+06
-2.10255e+06
-1.48084e+06
-2.49429e+06
-2.14547e+06
-1.58855e+06
-3.16566e+06
-884072
-775335
-813388
-1.05987e+06
636495
544586
400891
807506
-666758
-624443
-1.01896e+06
-710729
884471
812615
1.05044e+06
1.03115e+06
-1.41197e+06
-1.33273e+06
-2.17658e+06
-1.54159e+06
-2.45787e+06
-2.09935e+06
-1.50976e+06
-3.12685e+06
-844488
-732955
-752662
-1.02251e+06
621120
542852
403645
788778
-669384
-615344
-1.02423e+06
-717860
908511
832915
1.05842e+06
1.06082e+06
-1.42706e+06
-1.33896e+06
-2.20626e+06
-1.54642e+06
-2.40111e+06
-2.04754e+06
-1.38822e+06
-3.08124e+06
-777716
-673012
-642781
-955568
644828
563620
448636
813980
-640775
-586641
-958060
-693146
911867
828596
1.04084e+06
1.06735e+06
-1.43144e+06
-1.33947e+06
-2.23331e+06
-1.54596e+06
-2.3674e+06
-2.01794e+06
-1.26941e+06
-3.06101e+06
-711459
-613518
-541898
-876739
655081
575912
498166
828697
-644512
-589762
-919870
-710603
909024
826175
1.00895e+06
1.08112e+06
-1.4178e+06
-1.33664e+06
-2.23144e+06
-1.52381e+06
-2.32929e+06
-1.97879e+06
-1.15492e+06
-3.02248e+06
-648559
-556850
-460609
-796465
684621
611601
547625
874247
-643246
-587573
-874179
-706442
910492
817957
972531
1.07898e+06
-1.45402e+06
-1.37792e+06
-2.33511e+06
-1.56594e+06
-2.32399e+06
-1.96943e+06
-1.11062e+06
-3.03613e+06
-632981
-548827
-469306
-790924
710082
621145
548757
889871
-637855
-584581
-851622
-722827
917310
836348
959201
1.09839e+06
-1.4916e+06
-1.39856e+06
-2.40969e+06
-1.58122e+06
-2.31978e+06
-1.94919e+06
-1.05712e+06
-3.02586e+06
-607907
-507715
-429791
-746380
738282
658927
574511
929600
-638460
-566252
-821831
-701436
959974
874077
993920
1.15099e+06
-1.45206e+06
-1.37787e+06
-2.38503e+06
-1.55235e+06
-2.31087e+06
-1.95781e+06
-1.01563e+06
-3.03141e+06
-572636
-491014
-364547
-726144
758426
676748
598797
933155
-605252
-566267
-795291
-699158
977941
884742
987251
1.16771e+06
-1.42034e+06
-1.33904e+06
-2.33248e+06
-1.51131e+06
-2.32843e+06
-1.97909e+06
-1.03263e+06
-3.05251e+06
-560415
-479608
-320032
-719968
748994
664784
599845
916856
-639158
-596609
-830638
-738640
981209
875613
966592
1.18237e+06
-1.35766e+06
-1.28635e+06
-2.26028e+06
-1.43835e+06
-2.34526e+06
-2.00304e+06
-1.06982e+06
-3.05541e+06
-542217
-469283
-288333
-689507
763148
686018
648925
951105
-663521
-620093
-845079
-770782
955069
855336
903982
1.16134e+06
-1.31318e+06
-1.24157e+06
-2.21259e+06
-1.38301e+06
-2.39625e+06
-2.05715e+06
-1.18512e+06
-3.10661e+06
-553957
-485067
-329036
-696783
791060
710586
666981
983251
-699795
-657855
-874972
-814525
976301
866839
895334
1.19626e+06
-1.2675e+06
-1.20659e+06
-2.18232e+06
-1.32424e+06
-2.45063e+06
-2.11199e+06
-1.30754e+06
-3.16742e+06
-579784
-511801
-403943
-728193
816358
723113
655600
1.01343e+06
-739769
-700518
-956843
-863984
994330
890196
892561
1.20355e+06
-1.22189e+06
-1.16014e+06
-2.12428e+06
-1.27582e+06
-2.50246e+06
-2.14882e+06
-1.38555e+06
-3.22206e+06
-587164
-506000
-405552
-730830
830276
739209
661979
1.02362e+06
-783757
-726042
-1.00954e+06
-896988
315558
309405
562894
334563
-1.75304e+06
-1.67722e+06
-2.98644e+06
-1.8479e+06
651453
571299
343257
855169
168264
17826.9
-1.49184e+06
551051
1.33136e+06
1.19734e+06
1.38654e+06
1.58209e+06
-1.03786e+06
-929852
-1.07505e+06
-1.24043e+06
402412
400560
715161
429152
-1.8318e+06
-1.7398e+06
-3.0963e+06
-1.93267e+06
694189
621603
423680
897053
166149
19928.4
-1.48758e+06
548209
1.32689e+06
1.19236e+06
1.35294e+06
1.57806e+06
-1.07497e+06
-955247
-1.08991e+06
-1.28617e+06
493409
478437
860594
528021
-1.86817e+06
-1.7806e+06
-3.15607e+06
-1.98904e+06
771460
676343
530691
976271
185402
31807.8
-1.47237e+06
575091
1.34532e+06
1.19603e+06
1.35784e+06
1.60712e+06
-1.07158e+06
-950820
-1.04593e+06
-1.28782e+06
562292
547417
972567
602364
-1.94011e+06
-1.84462e+06
-3.22153e+06
-2.06854e+06
812780
726356
606906
1.03346e+06
183996
26806.4
-1.49213e+06
569753
1.34339e+06
1.19104e+06
1.32916e+06
1.60614e+06
-1.08324e+06
-957772
-1.03109e+06
-1.30416e+06
648464
634452
1.10544e+06
696968
-1.99069e+06
-1.89005e+06
-3.25903e+06
-2.13189e+06
854282
763935
659911
1.07545e+06
187516
36732.8
-1.4891e+06
575697
1.31689e+06
1.16918e+06
1.25995e+06
1.58538e+06
-1.0812e+06
-955286
-1.01252e+06
-1.309e+06
732230
708970
1.21955e+06
799434
-2.03603e+06
-1.91814e+06
-3.26453e+06
-2.18162e+06
903711
823340
756332
1.13382e+06
201084
44694.1
-1.46609e+06
600478
1.28895e+06
1.1471e+06
1.20164e+06
1.55637e+06
-1.09059e+06
-956817
-995932
-1.31747e+06
777825
738032
1.27008e+06
835051
-2.04373e+06
-1.92489e+06
-3.25942e+06
-2.18751e+06
950178
832519
769834
1.18429e+06
201321
51680.3
-1.4915e+06
609351
1.34175e+06
1.2005e+06
1.2734e+06
1.63972e+06
-1.10415e+06
-981229
-1.01915e+06
-1.33989e+06
802164
765042
1.31476e+06
863235
-2.03656e+06
-1.91311e+06
-3.26432e+06
-2.1759e+06
976577
858889
743758
1.23476e+06
237043
83413.9
-1.46733e+06
653896
1.41842e+06
1.26387e+06
1.35314e+06
1.72736e+06
-1.12903e+06
-1.00137e+06
-1.06772e+06
-1.36095e+06
789266
748063
1.29226e+06
839945
-2.03838e+06
-1.92008e+06
-3.28455e+06
-2.1976e+06
996525
860936
685822
1.2581e+06
240417
79208.7
-1.52516e+06
663796
1.48398e+06
1.31877e+06
1.43082e+06
1.79866e+06
-1.16253e+06
-1.03051e+06
-1.12388e+06
-1.40516e+06
776476
738751
1.27869e+06
829221
-2.05213e+06
-1.92814e+06
-3.28138e+06
-2.21138e+06
1.00459e+06
869650
633493
1.29037e+06
237949
70507.7
-1.58214e+06
665665
1.54484e+06
1.37238e+06
1.49594e+06
1.87052e+06
-1.19283e+06
-1.0604e+06
-1.1676e+06
-1.4397e+06
773525
735671
1.28178e+06
821368
-2.03359e+06
-1.90935e+06
-3.20409e+06
-2.197e+06
1.00748e+06
859341
566769
1.30089e+06
244810
76893.6
-1.57964e+06
675305
1.58565e+06
1.40612e+06
1.52912e+06
1.91467e+06
-1.20398e+06
-1.07251e+06
-1.16465e+06
-1.45604e+06
773877
738271
1.26745e+06
837923
-2.01379e+06
-1.88774e+06
-3.14514e+06
-2.17523e+06
1.01827e+06
874688
519038
1.33946e+06
272473
97932.9
-1.56605e+06
725057
1.61189e+06
1.43458e+06
1.53526e+06
1.95838e+06
-1.22126e+06
-1.08692e+06
-1.19692e+06
-1.46483e+06
807434
760766
1.30915e+06
853032
-2.04373e+06
-1.9319e+06
-3.19662e+06
-2.22339e+06
1.03856e+06
883502
518520
1.34472e+06
306684
123554
-1.57218e+06
765784
1.69219e+06
1.52097e+06
1.63892e+06
2.04406e+06
-1.25065e+06
-1.11701e+06
-1.23415e+06
-1.52057e+06
820179
774577
1.38666e+06
854450
-2.10671e+06
-1.98474e+06
-3.29585e+06
-2.27829e+06
1.03553e+06
879910
554001
1.3311e+06
322477
126545
-1.57559e+06
784688
1.76485e+06
1.57872e+06
1.78473e+06
2.10099e+06
-1.30471e+06
-1.16626e+06
-1.26233e+06
-1.59016e+06
825196
782102
1.4357e+06
863507
-2.13723e+06
-2.01115e+06
-3.37039e+06
-2.29877e+06
1.05015e+06
891935
593107
1.35392e+06
344169
139370
-1.59721e+06
831978
1.83186e+06
1.63972e+06
1.9334e+06
2.17233e+06
-1.3398e+06
-1.19176e+06
-1.263e+06
-1.61651e+06
836528
796352
1.46896e+06
863724
-2.15295e+06
-2.02583e+06
-3.43565e+06
-2.30806e+06
1.06209e+06
909137
612674
1.37114e+06
361329
155537
-1.65125e+06
861743
1.89898e+06
1.71067e+06
2.0651e+06
2.24131e+06
-1.36328e+06
-1.21165e+06
-1.29133e+06
-1.64744e+06
842830
811952
1.50544e+06
871569
-2.16207e+06
-2.04354e+06
-3.48389e+06
-2.31271e+06
1.05207e+06
894839
581866
1.35756e+06
370607
157710
-1.70411e+06
887094
1.9448e+06
1.7527e+06
2.15136e+06
2.28456e+06
-1.38973e+06
-1.24001e+06
-1.33169e+06
-1.68355e+06
865036
820737
1.53842e+06
890260
-2.18444e+06
-2.06827e+06
-3.53719e+06
-2.34e+06
1.04966e+06
900320
581151
1.35038e+06
395961
169261
-1.73361e+06
916894
1.99135e+06
1.80265e+06
2.24048e+06
2.32359e+06
-1.42084e+06
-1.26572e+06
-1.36623e+06
-1.72376e+06
829177
793655
1.49941e+06
847674
-2.26631e+06
-2.15267e+06
-3.69352e+06
-2.42518e+06
1.04577e+06
901399
598494
1.34538e+06
352194
139608
-1.81956e+06
884253
2.03799e+06
1.86853e+06
2.33457e+06
2.39968e+06
-1.45657e+06
-1.2917e+06
-1.39635e+06
-1.76199e+06
815206
779925
1.48952e+06
827921
-2.36388e+06
-2.24688e+06
-3.87908e+06
-2.52289e+06
1.07489e+06
928181
659107
1.36877e+06
346429
125396
-1.87588e+06
884092
2.11035e+06
1.91832e+06
2.41714e+06
2.46458e+06
-1.46744e+06
-1.30272e+06
-1.4067e+06
-1.77563e+06
765566
737380
1.42731e+06
782693
-2.44922e+06
-2.3233e+06
-4.04555e+06
-2.60846e+06
1.10426e+06
957169
729216
1.40194e+06
324674
101866
-1.96024e+06
879833
2.16003e+06
1.96718e+06
2.49774e+06
2.53158e+06
-1.48059e+06
-1.30445e+06
-1.40087e+06
-1.77932e+06
732580
694426
1.37302e+06
735896
-2.52257e+06
-2.4072e+06
-4.19263e+06
-2.68814e+06
1.14135e+06
988045
802858
1.43784e+06
314369
77532.8
-2.04685e+06
866520
2.22385e+06
2.0148e+06
2.57419e+06
2.59523e+06
-1.46807e+06
-1.3014e+06
-1.38846e+06
-1.77181e+06
666236
647972
1.292e+06
664067
-2.63327e+06
-2.50637e+06
-4.36911e+06
-2.80469e+06
1.1247e+06
979643
795114
1.41366e+06
268567
46266
-2.13825e+06
830309
2.22924e+06
2.02856e+06
2.58409e+06
2.60078e+06
-1.48143e+06
-1.30728e+06
-1.39308e+06
-1.79165e+06
631380
609426
1.23084e+06
630142
-2.72503e+06
-2.59343e+06
-4.5091e+06
-2.90251e+06
1.13021e+06
992793
829397
1.41649e+06
254971
15698.5
-2.20575e+06
820331
2.23899e+06
2.03837e+06
2.58395e+06
2.61115e+06
-1.48543e+06
-1.314e+06
-1.39115e+06
-1.79884e+06
627066
601548
1.21093e+06
615674
-2.74411e+06
-2.60066e+06
-4.56185e+06
-2.8952e+06
1.14727e+06
1.00572e+06
848513
1.44131e+06
245432
14725.5
-2.24274e+06
808261
2.2895e+06
2.08308e+06
2.64598e+06
2.67056e+06
-1.46375e+06
-1.29849e+06
-1.37118e+06
-1.76744e+06
611019
590433
1.21303e+06
592923
-2.73629e+06
-2.59458e+06
-4.58569e+06
-2.87879e+06
1.18045e+06
1.03763e+06
886298
1.48112e+06
278508
47249.6
-2.18403e+06
839935
2.33468e+06
2.11824e+06
2.71913e+06
2.71109e+06
-1.43898e+06
-1.27609e+06
-1.3527e+06
-1.73498e+06
555116
540336
1.16979e+06
525492
-2.72371e+06
-2.58966e+06
-4.61421e+06
-2.85817e+06
1.20058e+06
1.04534e+06
902048
1.51366e+06
291950
57479.3
-2.14951e+06
858324
2.38258e+06
2.15998e+06
2.82372e+06
2.77015e+06
-1.43402e+06
-1.27551e+06
-1.33942e+06
-1.72264e+06
505653
492512
1.13383e+06
460278
-2.73045e+06
-2.59847e+06
-4.64761e+06
-2.85414e+06
1.20699e+06
1.05339e+06
888743
1.53727e+06
295288
60976.6
-2.13538e+06
856945
2.41874e+06
2.19355e+06
2.8745e+06
2.80918e+06
-1.43774e+06
-1.27723e+06
-1.35119e+06
-1.72162e+06
471572
474406
1.12273e+06
416405
-2.7238e+06
-2.59479e+06
-4.67072e+06
-2.8447e+06
1.22288e+06
1.06387e+06
847779
1.55456e+06
317779
87576.6
-2.09313e+06
880962
2.44728e+06
2.22414e+06
2.90398e+06
2.83739e+06
-1.41145e+06
-1.25236e+06
-1.33723e+06
-1.69298e+06
440145
440674
1.09103e+06
387043
-2.7155e+06
-2.58225e+06
-4.66861e+06
-2.82773e+06
1.23671e+06
1.08447e+06
847868
1.58111e+06
342680
109533
-2.04963e+06
906726
2.46145e+06
2.23645e+06
2.92647e+06
2.85087e+06
-1.39541e+06
-1.23816e+06
-1.33727e+06
-1.67081e+06
416826
425842
1.0614e+06
378316
-2.75918e+06
-2.64437e+06
-4.78711e+06
-2.893e+06
1.25759e+06
1.08774e+06
869620
1.58454e+06
348721
121903
-2.02719e+06
927441
2.45308e+06
2.23109e+06
2.92967e+06
2.83984e+06
-1.42452e+06
-1.2771e+06
-1.38682e+06
-1.7276e+06
421016
429326
1.05217e+06
391027
-2.84288e+06
-2.71051e+06
-4.93955e+06
-2.96833e+06
1.27559e+06
1.10796e+06
927487
1.59981e+06
367302
129384
-2.00701e+06
945347
2.42954e+06
2.20223e+06
2.91948e+06
2.80438e+06
-1.48384e+06
-1.33132e+06
-1.44175e+06
-1.79605e+06
429017
436216
1.03988e+06
404999
-2.8892e+06
-2.75466e+06
-5.05676e+06
-3.02934e+06
1.31428e+06
1.1445e+06
981770
1.64237e+06
376246
140144
-2.01908e+06
967662
2.41496e+06
2.18724e+06
2.91919e+06
2.78327e+06
-1.52929e+06
-1.36257e+06
-1.47892e+06
-1.84647e+06
440458
440386
1.02668e+06
411826
-2.93048e+06
-2.79477e+06
-5.13108e+06
-3.07148e+06
1.34438e+06
1.17201e+06
1.0283e+06
1.66941e+06
389362
141646
-2.04752e+06
975045
2.40388e+06
2.17874e+06
2.91226e+06
2.76519e+06
-1.55996e+06
-1.39356e+06
-1.5108e+06
-1.89064e+06
437842
443980
1.00422e+06
419323
-2.97101e+06
-2.83744e+06
-5.18563e+06
-3.10928e+06
1.34018e+06
1.16444e+06
1.02631e+06
1.66381e+06
377339
132563
-2.08444e+06
967521
2.34932e+06
2.12456e+06
2.84621e+06
2.69786e+06
-1.60614e+06
-1.43896e+06
-1.55517e+06
-1.94762e+06
443244
434711
964523
442211
-3.0087e+06
-2.87224e+06
-5.24783e+06
-3.1434e+06
1.36426e+06
1.19472e+06
1.07764e+06
1.69303e+06
393408
137121
-2.08716e+06
997667
2.29596e+06
2.08219e+06
2.77686e+06
2.6421e+06
-1.64744e+06
-1.47467e+06
-1.60262e+06
-1.99209e+06
476890
460375
943319
458263
664122
749968
2.54611e+06
391404
73013
83916.6
307349
36474
1.70519e+06
1.52441e+06
1.68155e+06
2.03728e+06
80339.4
83027.1
139424
79415.9
-598344
-566463
-1.07395e+06
-617264
467586
448026
925834
451025
640755
732647
2.53327e+06
365201
73137.5
83430.8
316502
41839.5
1.75016e+06
1.56371e+06
1.76846e+06
2.08987e+06
93272.3
86373.8
183708
86092.4
-593775
-574724
-1.05101e+06
-622169
425397
409838
863279
417325
635982
736602
2.54638e+06
353096
43433.3
63702.5
288312
10413.6
1.74057e+06
1.56512e+06
1.73427e+06
2.10835e+06
76410
72418.3
186488
69211.6
-656859
-631280
-1.1342e+06
-680237
384171
361614
772795
372482
639775
730088
2.56622e+06
356603
36578.6
53817.2
275268
4125.97
1.74181e+06
1.54474e+06
1.66128e+06
2.11713e+06
69169.9
65500
169888
75560
-714439
-700385
-1.24414e+06
-745004
347253
332502
707856
327515
615938
711363
2.55764e+06
311140
38631.4
54552.6
276325
-382.545
1.73426e+06
1.53857e+06
1.62397e+06
2.09232e+06
24429.8
16771.2
90015.4
2611.35
-812080
-781444
-1.36697e+06
-872215
324890
308495
686776
303657
599364
704524
2.59139e+06
308587
40391.4
53984.1
292602
1103.79
1.74183e+06
1.5484e+06
1.6449e+06
2.12184e+06
-11516.6
-2013.84
69626.7
-25880.8
-873536
-834094
-1.42583e+06
-927516
326205
309192
690527
305249
639821
743555
2.68195e+06
356491
29005.5
33371.2
237661
-10953.1
1.80183e+06
1.59951e+06
1.70322e+06
2.17383e+06
-10789
1936.77
63089.5
-15671.6
-870008
-810730
-1.41431e+06
-909006
325481
308272
691409
309245
663007
772501
2.74764e+06
379569
11407.8
16663
176614
-16622
1.88072e+06
1.67255e+06
1.85719e+06
2.25583e+06
-13532.6
-6962.88
40040.6
-15077.6
-841428
-794533
-1.34823e+06
-899738
327807
312905
663976
310527
720141
822483
2.81585e+06
423577
-5987.78
316.077
90889.4
-33140.7
1.93911e+06
1.73388e+06
1.90089e+06
2.33957e+06
14673.9
15200
23263.8
20006.2
-833420
-789947
-1.34154e+06
-899783
333255
320471
664049
312501
758941
862217
2.89797e+06
455828
-14159.1
-9692.31
41608.3
-41046.8
1.9849e+06
1.76614e+06
1.9195e+06
2.38605e+06
43366.2
43732.4
14506.3
63738.6
-843162
-804116
-1.34458e+06
-927101
347997
330068
677943
342129
799217
908094
3.01699e+06
501931
-26279.6
-24329.4
-11079.7
-34786.8
2.03023e+06
1.8102e+06
1.98575e+06
2.43526e+06
32750.4
24366.2
-42880.4
61793.4
-878135
-818119
-1.3275e+06
-963277
358704
331338
686989
342697
830752
929143
3.09863e+06
534777
-34963.6
-45663.5
-75485.8
-39725.3
2.09662e+06
1.86639e+06
2.08505e+06
2.51897e+06
9516.95
-1877.37
-119669
44578.8
-889084
-839660
-1.32659e+06
-977361
344893
346101
719468
319310
842962
941910
3.15303e+06
518549
-70666.8
-73878.5
-136187
-84904.4
2.14811e+06
1.92391e+06
2.16946e+06
2.55465e+06
20815.8
17111.3
-88516.3
40957.7
-884608
-799786
-1.29425e+06
-953082
390206
390589
845920
354108
840859
947597
3.22104e+06
505672
-89270.1
-90183.7
-149544
-105406
2.2048e+06
1.97453e+06
2.28597e+06
2.61584e+06
60121.8
53582.4
9867.68
73566
-824682
-755718
-1.19246e+06
-901777
455715
460404
992223
430547
874090
982736
3.33322e+06
528554
-93946.2
-87237.2
-150329
-103327
2.25918e+06
2.03328e+06
2.35018e+06
2.71131e+06
126984
120159
158008
149683
-766063
-703037
-1.08821e+06
-823492
531172
533223
1.12023e+06
505767
906153
1.01831e+06
3.43057e+06
552250
-81100.2
-75557.2
-140279
-91588
2.31325e+06
2.07031e+06
2.34979e+06
2.77674e+06
209720
203252
286474
248267
-709392
-651910
-1.02948e+06
-765277
581873
581426
1.21329e+06
556876
923184
1.04729e+06
3.53229e+06
557085
-78488.1
-72626.2
-143123
-84024.8
2.36181e+06
2.11526e+06
2.38185e+06
2.82522e+06
246579
234626
329018
278681
-682310
-613170
-970971
-735699
623735
620056
1.31635e+06
586856
936164
1.05289e+06
3.62246e+06
558712
-75321.7
-78451.4
-135992
-89994.9
2.40302e+06
2.14802e+06
2.43222e+06
2.87848e+06
276065
264600
385232
308675
-649676
-598292
-927211
-709443
633512
626698
1.36371e+06
611325
946919
1.07278e+06
3.67189e+06
563219
-118545
-113113
-187750
-127307
2.42441e+06
2.17737e+06
2.4677e+06
2.89534e+06
281923
262133
424879
310375
-592671
-541992
-864797
-634750
613043
603311
1.32828e+06
591339
958029
1.08828e+06
3.70351e+06
568755
-145595
-136363
-243244
-150518
2.45674e+06
2.205e+06
2.55106e+06
2.92377e+06
261158
237916
403034
286871
-551658
-522911
-848769
-597262
631639
627703
1.3481e+06
619363
1.00959e+06
1.13897e+06
3.80996e+06
599610
-135783
-119553
-237314
-138905
2.50953e+06
2.2701e+06
2.64027e+06
2.99632e+06
274550
256969
452872
300102
-530971
-503283
-826947
-571182
655755
638810
1.36311e+06
643647
1.04808e+06
1.17453e+06
3.92489e+06
640347
-112151
-103581
-207570
-114787
2.56794e+06
2.31054e+06
2.70604e+06
3.06147e+06
292831
268341
481973
323403
-525042
-514550
-837315
-565978
656748
639234
1.32184e+06
649140
1.07988e+06
1.20392e+06
3.9944e+06
665937
-110476
-108529
-243401
-105652
2.60567e+06
2.33794e+06
2.72351e+06
3.09231e+06
269058
235567
401320
286885
-539913
-521425
-896003
-578698
643070
623427
1.3005e+06
643920
1.0859e+06
1.22404e+06
4.0474e+06
683208
-118011
-114293
-271912
-103693
2.62238e+06
2.36496e+06
2.76445e+06
3.1302e+06
221364
204045
328396
256531
-561274
-540309
-954225
-584107
605750
588146
1.22173e+06
586878
1.08341e+06
1.20384e+06
4.02583e+06
685790
-101565
-109909
-261339
-98479.5
2.64786e+06
2.37279e+06
2.76099e+06
3.13746e+06
214185
196662
284718
236633
-569991
-553912
-1.00675e+06
-600314
543337
530830
1.12958e+06
523504
1.00858e+06
1.13257e+06
3.88473e+06
610053
-117100
-120191
-262648
-115944
2.6251e+06
2.35138e+06
2.7498e+06
3.11155e+06
182401
163460
261301
196021
-615607
-607003
-1.08255e+06
-660501
493238
492911
1.05756e+06
469875
959448
1.08512e+06
3.78504e+06
543139
-111462
-103727
-207474
-125144
2.60241e+06
2.3439e+06
2.72008e+06
3.09936e+06
179342
173511
300331
187257
-695840
-676385
-1.18861e+06
-750906
461491
462568
1.00885e+06
436134
900411
1.03206e+06
3.70976e+06
476229
-80281.4
-65064.4
-109689
-101028
2.59858e+06
2.33322e+06
2.68924e+06
3.09113e+06
201733
200398
359866
211039
-768651
-755314
-1.28548e+06
-851501
458127
448530
992045
435243
866942
996890
3.67995e+06
446810
-41157.9
-34454.5
-11426.8
-59988.8
2.60593e+06
2.33626e+06
2.69472e+06
3.10107e+06
197010
183728
371118
196651
-851582
-821051
-1.36192e+06
-934794
428324
424286
956943
387589
806573
942174
3.58415e+06
372211
-11156
-6933.18
53573.2
-44012.4
2.60358e+06
2.32988e+06
2.68212e+06
3.09517e+06
171505
169940
347853
156441
-930777
-901382
-1.49014e+06
-1.0338e+06
445291
447140
996078
430750
801839
940139
3.60015e+06
385914
-5624.33
-1601.6
87523.6
-25612.1
2.63935e+06
2.3662e+06
2.70815e+06
3.13522e+06
201697
187368
404125
192385
-946517
-890754
-1.49664e+06
-999706
458786
462277
1.02252e+06
442410
796309
941569
3.57021e+06
386474
-17095.7
-7629.68
71755.8
-39234.5
2.65758e+06
2.38474e+06
2.73357e+06
3.15385e+06
208700
199097
405923
201428
-915355
-867568
-1.47762e+06
-971164
496438
496846
1.05508e+06
479415
818066
946125
3.56533e+06
394188
4441.34
13609
98329.6
-22529.1
2.6817e+06
2.41569e+06
2.72955e+06
3.20113e+06
277371
262487
487800
280625
-885963
-853376
-1.45712e+06
-937804
539247
536446
1.12254e+06
525603
802264
929006
3.54666e+06
373970
35171.5
43837.1
164742
3828.98
2.71053e+06
2.42509e+06
2.72277e+06
3.23192e+06
339435
311000
557269
349280
-883649
-859870
-1.4709e+06
-942424
555037
551721
1.14077e+06
551835
780360
919069
3.53892e+06
356210
35291
47582.6
182383
10714.8
2.72641e+06
2.44205e+06
2.71743e+06
3.25441e+06
322471
294516
501198
337938
-926511
-881503
-1.52637e+06
-977272
575699
570753
1.17254e+06
573189
762102
901340
3.5175e+06
343143
50549.6
58896.3
208798
24897.9
2.74179e+06
2.45576e+06
2.72278e+06
3.28812e+06
320283
299010
471235
350588
-941470
-903283
-1.58047e+06
-989107
-277462
-152189
903811
-590320
466862
409366
387316
569246
-737282
-658746
-668900
-900736
-677191
-750822
-2.4151e+06
-435389
-517396
-525810
-1.36696e+06
-424529
339232
300629
264555
416624
-301887
-174035
910958
-627636
505033
441756
448993
608528
-818652
-732169
-796614
-989481
-692220
-775106
-2.51259e+06
-433695
-532869
-547005
-1.44056e+06
-428474
376580
336274
335925
454622
-313021
-174778
954682
-653040
524587
460343
465491
619647
-855676
-768371
-865187
-1.04217e+06
-719881
-814063
-2.63081e+06
-459714
-515712
-531844
-1.45051e+06
-420628
416739
381715
412051
494992
-283659
-133730
1.06032e+06
-633737
560954
498801
518029
672379
-888910
-793305
-893359
-1.0832e+06
-733385
-816454
-2.71666e+06
-456321
-460509
-476016
-1.39727e+06
-347332
502777
467666
554652
579714
-278647
-124548
1.13922e+06
-633513
578077
509560
545146
686352
-936791
-837109
-942779
-1.12465e+06
-746557
-840323
-2.79365e+06
-449485
-458620
-482927
-1.43271e+06
-334027
550047
514785
650736
638230
-271603
-125890
1.19338e+06
-654136
590431
524658
569018
698768
-1.00083e+06
-901001
-1.03823e+06
-1.20791e+06
-760986
-869153
-2.90637e+06
-471692
-484491
-516725
-1.52567e+06
-356772
599696
546884
722630
678411
-295702
-143927
1.20781e+06
-690099
595097
538059
585686
707601
-1.0269e+06
-920286
-1.04586e+06
-1.23385e+06
-813277
-905088
-2.98757e+06
-515447
-479121
-511388
-1.52737e+06
-346659
579522
529972
695127
673801
-299093
-143548
1.21918e+06
-697813
629244
563912
649387
738736
-1.03701e+06
-923105
-1.04517e+06
-1.24927e+06
-818866
-917589
-3.03152e+06
-514863
-451673
-494352
-1.49266e+06
-317188
590102
538502
693651
690833
-300858
-136288
1.25767e+06
-687429
618702
561115
628827
741597
-1.02033e+06
-905272
-997559
-1.23417e+06
-871564
-967752
-3.14147e+06
-559980
-419666
-458748
-1.42917e+06
-281165
585295
535537
667647
709926
-287445
-128930
1.28312e+06
-678993
618494
553469
596609
752071
-1.02285e+06
-907630
-972036
-1.24186e+06
-909793
-1.00486e+06
-3.24402e+06
-597981
-382786
-429692
-1.38593e+06
-241973
602038
541865
647453
720057
-278771
-111133
1.31107e+06
-674291
620179
554293
589769
742425
-1.00639e+06
-886603
-924190
-1.22549e+06
-937007
-1.03265e+06
-3.30499e+06
-618764
-367981
-414536
-1.36279e+06
-231855
598871
553199
633297
727083
-258405
-98067.9
1.37065e+06
-663644
618444
556376
604937
741774
-1.00451e+06
-882363
-883195
-1.23315e+06
-950651
-1.05674e+06
-3.36586e+06
-641106
-365193
-415446
-1.35922e+06
-224890
618466
550022
638855
743659
-276204
-122589
1.32991e+06
-676740
645519
585743
657556
776369
-983573
-866274
-854986
-1.19277e+06
-955856
-1.05793e+06
-3.4116e+06
-629017
-379389
-420780
-1.40186e+06
-229199
604663
533870
594946
722539
-314445
-154136
1.23561e+06
-705244
682333
617296
726331
813912
-964340
-852701
-855821
-1.1653e+06
-931965
-1.04316e+06
-3.42417e+06
-596539
-378205
-429358
-1.43478e+06
-224497
590587
523434
580711
708556
-341184
-171607
1.18117e+06
-725219
711436
650772
773827
851983
-943671
-831703
-840836
-1.1331e+06
-927226
-1.03788e+06
-3.44998e+06
-585276
-397192
-447587
-1.45826e+06
-249339
556230
503901
555489
674571
-342793
-174403
1.16734e+06
-732537
751048
686908
822486
899108
-923076
-813629
-829090
-1.11185e+06
-904287
-1.01353e+06
-3.44335e+06
-556252
-400732
-450638
-1.46001e+06
-260304
555748
500386
578772
656916
-322948
-152625
1.18974e+06
-693210
785996
715727
867937
932863
-893312
-782619
-801429
-1.06947e+06
-892611
-1.00854e+06
-3.45856e+06
-527229
-418643
-465172
-1.48778e+06
-273926
568819
522567
629850
677384
-307425
-154764
1.19222e+06
-696874
810429
739110
907468
958857
-865493
-769161
-782041
-1.04579e+06
-871368
-998588
-3.47482e+06
-514197
-436423
-490598
-1.54198e+06
-294376
578291
517841
651527
671418
-337832
-194693
1.1598e+06
-741953
802245
727329
904025
933937
-886021
-799067
-830334
-1.08066e+06
-884282
-1.00978e+06
-3.49023e+06
-511945
-490657
-528470
-1.62308e+06
-345060
544599
476549
602597
630227
-380644
-220327
1.12007e+06
-786857
800560
734532
934098
932163
-915896
-817339
-883315
-1.10384e+06
-877807
-1.00316e+06
-3.51971e+06
-491962
-514155
-553050
-1.66326e+06
-370930
529024
473725
586015
623223
-385740
-227281
1.14373e+06
-793156
785805
712956
912190
913757
-902774
-812596
-884121
-1.0884e+06
-884389
-1.02337e+06
-3.56761e+06
-496996
-524371
-571033
-1.66682e+06
-390211
502331
439628
537219
593280
-397750
-233441
1.16645e+06
-823124
766891
703231
884149
904182
-921659
-829960
-913176
-1.11395e+06
-900620
-1.02558e+06
-3.61399e+06
-506650
-543281
-581019
-1.68317e+06
-413549
479679
424751
515467
560869
-397293
-215349
1.22295e+06
-817899
776373
714186
910498
907998
-919619
-818516
-904544
-1.10174e+06
-879071
-1.00698e+06
-3.6072e+06
-466360
-555147
-585002
-1.6823e+06
-424107
478188
439242
548986
566771
-367603
-201581
1.30978e+06
-808947
787170
723488
953430
912891
-914949
-824060
-889950
-1.1016e+06
-851963
-996912
-3.60998e+06
-449658
-564580
-605112
-1.68667e+06
-443721
498849
441053
590009
574575
-432223
-254413
1.26937e+06
-893569
792226
718663
947332
917866
-956503
-861569
-917352
-1.15985e+06
-900640
-1.03129e+06
-3.6519e+06
-505124
-587436
-610785
-1.68814e+06
-456314
440556
388761
496215
500632
-494208
-299740
1.19917e+06
-952010
789792
715141
923967
928959
-992740
-889608
-944180
-1.20173e+06
-900695
-1.02238e+06
-3.64606e+06
-495333
-543563
-571752
-1.6433e+06
-400440
410026
366904
463731
473708
-530512
-336060
1.15311e+06
-987453
782464
692820
843267
930111
-1.02614e+06
-929215
-973511
-1.24502e+06
-910082
-1.04157e+06
-3.70124e+06
-500838
-496409
-541914
-1.58831e+06
-364704
390414
342800
429123
452010
-573754
-370835
1.09514e+06
-1.02705e+06
750255
665921
724234
931214
-1.10055e+06
-997566
-1.05863e+06
-1.32721e+06
-921937
-1.04166e+06
-3.75713e+06
-492158
-470232
-507108
-1.55006e+06
-323249
368607
326398
394771
435590
-576978
-375441
1.09556e+06
-1.04002e+06
735330
637811
626893
907808
-1.15312e+06
-1.03961e+06
-1.1155e+06
-1.39465e+06
-911511
-1.04518e+06
-3.78077e+06
-478334
-440781
-481686
-1.49661e+06
-298767
347711
308760
363451
405187
-593673
-387221
1.11378e+06
-1.06801e+06
708211
621823
565311
896824
-1.20105e+06
-1.07671e+06
-1.14041e+06
-1.44722e+06
-891468
-1.02528e+06
-3.76695e+06
-458628
-421792
-463180
-1.4609e+06
-274507
324633
287660
353768
382702
-632556
-443176
1.0608e+06
-1.13209e+06
708109
627464
566667
878097
-1.21158e+06
-1.08551e+06
-1.17566e+06
-1.45249e+06
-883566
-1.03276e+06
-3.74876e+06
-458919
-459202
-492119
-1.55207e+06
-306533
331582
287949
349983
388367
-712855
-501209
954959
-1.21169e+06
720818
644209
630886
884416
-1.20199e+06
-1.06758e+06
-1.19759e+06
-1.42653e+06
-891011
-1.03332e+06
-3.73465e+06
-469403
-493771
-527845
-1.65374e+06
-334580
331141
294839
325787
400465
-774589
-562005
887708
-1.28382e+06
706512
629561
631877
860497
-1.16726e+06
-1.04201e+06
-1.17861e+06
-1.39174e+06
-918928
-1.06234e+06
-3.75111e+06
-517577
-546899
-586032
-1.75373e+06
-404165
310645
269033
271924
375069
-837825
-617617
830619
-1.35771e+06
693967
623571
636381
859050
-1.15513e+06
-1.03312e+06
-1.16619e+06
-1.37184e+06
-945516
-1.07072e+06
-3.73594e+06
-547650
-592589
-622180
-1.81973e+06
-444919
290542
252303
243906
351856
-883376
-656005
775405
-1.4079e+06
688978
609242
635275
831912
-1.1342e+06
-1.01674e+06
-1.16565e+06
-1.34462e+06
-954728
-1.08847e+06
-3.71897e+06
-564178
-626362
-661392
-1.88421e+06
-482564
292970
256259
247650
359857
-908854
-676049
756859
-1.4396e+06
692026
632259
675380
848317
-1.12013e+06
-996217
-1.16777e+06
-1.3121e+06
-950832
-1.07426e+06
-3.69987e+06
-565904
-662623
-691858
-1.97003e+06
-509216
311000
270939
251434
387182
