-14160.5
-13761
-16719.5
-19907.2
-16026.6
-16180
-21194.8
-23341.6
-25318.7
-22652.2
-23661.2
-33867.6
-5396.64
-7059.05
-762.261
-11336.3
-11936.7
-14638.5
-5751.61
-22280.9
-16670
-17756.9
-18742.6
-26015.2
-12801.5
-16772.6
-14268.7
-20806.6
-36567.3
-36539
-48604.4
-44417.6
-37055.9
-31059.7
-27150.8
-45735.7
1943.84
9498.57
20630.5
2444.47
-21773.9
-12650.8
3598.47
-21971.9
-25215.4
-16258.5
-17157.2
-23080.7
-25103.7
-22935.7
-4364.26
-39248.7
-50785.1
-48028.8
-54824.8
-61193
-40901.2
-34781.9
-7706.05
-62827.1
31146.6
31456.4
75794.8
28736.1
-2778.22
-2187.79
31568.1
-13782.9
-3208.85
-4424.37
13580.7
-13016.4
-37278.7
-31401.9
-5319.56
-52497
-74939.2
-70282.9
-87848.1
-90820.1
-65132.3
-49270.5
-8860.76
-88287.2
32534
33000.7
93488
23654.8
-14667.5
-8043.34
38678.7
-28999.2
-22207.4
-15511.1
3066.02
-32968.1
-25874.5
-21078.1
15581.1
-40266.9
-84579.2
-79885.4
-106182
-101668
-50623.2
-39086.7
12704.6
-71586.8
47479.4
50307.8
119803
45571.6
-10176.7
-4724.89
42008.5
-22399
-14023.3
-11414.8
14170.4
-24985.6
-24613.7
-16482.7
15647.6
-35195.5
-99618.6
-89625.1
-120997
-113607
-39960.7
-26805.7
31489.6
-64274.6
53841.9
54859.5
121649
51393.2
-4765.9
1644.73
53182.2
-21927.4
-10932.6
-6177.28
31811.3
-29098.2
-29617.9
-21507.4
11187.1
-43888
-101931
-93843.7
-120102
-120033
-57783.4
-49327.1
14241.1
-87753.4
42912.2
39744.4
114779
31409
-20279.8
-18394
42230.5
-46959.7
-19959.5
-16998.8
37092.7
-40590.8
-21508.8
-19147.7
18637.2
-32808.3
-97995.1
-89903.7
-117553
-110358
-76351.3
-67406.4
-17615.4
-104128
39070.5
42430.6
120922
31425.9
-27219.4
-12907.5
44733
-39965
-28505.6
-13992.9
39180.8
-39839.8
-16269.1
-9033.29
30972
-29803.8
-85964.4
-76772.7
-102548
-95820
-87911.1
-75116
-26757.6
-122871
49538.5
53272
153078
37182.5
-6524.47
-248.902
72580.3
-26243.6
-6246.58
569.928
60325.4
-22317
-14306.2
-7007.43
43101
-25764.1
-73880.6
-68053.4
-88862.8
-82807.9
-113792
-97952
-53770.5
-149352
46173.4
48105.2
166024
28205.8
-16463.6
-7589.38
73868.6
-40719.5
-10702.8
-2411.94
57863.3
-26533.5
-14815.3
-7196.93
47097.6
-28658.3
-71475.1
-66525.3
-91768.3
-82315
-132552
-120618
-93196
-170213
51148.6
54950
187881
31483.9
-15999
-7235.12
77542
-41558.8
-24453.2
-17155.1
48273.5
-47543
-16219.6
-4352.24
39923.2
-27992.9
-83314.9
-74039
-113095
-90755.7
-152673
-132166
-122022
-189973
49634.7
56947.6
195478
28108.9
-22551
-12080.9
73790.1
-53199.2
-35805.1
-26102.1
50491
-67615.7
-13531.2
-8048.29
44427.5
-28979.4
-86051.4
-79538.9
-116463
-99695.7
-164205
-144948
-115789
-210755
53393.6
57430.5
201021
27800.6
-16201.2
-9545.23
102602
-51951.1
-43197.9
-33476.6
62584.6
-81379.5
-18080.7
-16156
38018.3
-36034.2
-100285
-92025.7
-127563
-114610
-173256
-150433
-100193
-225087
61215.6
69555.3
213891
44343.4
-7206.13
10247.4
144101
-31682.6
-49017.3
-27198.9
79142.9
-78012.3
-28743.9
-22561.7
42316.8
-51039.7
-104604
-97396.9
-124738
-119811
-171418
-148524
-68253.5
-233658
74778.7
77250
227683
55285.9
19014.8
24777
165544
-10300.4
-28019.1
-18764.5
101661
-66138.5
-36947
-27002.3
45092.2
-60942
-120488
-111696
-144924
-142432
-188640
-156594
-48784.7
-258293
70712.1
74090.6
224286
48828.6
18741.2
27596.3
178256
-15322.3
-36908.1
-19386
103816
-76038
-37760.2
-26819.9
46633.7
-60584.9
-142901
-132313
-177465
-167633
-183979
-153520
-24663.2
-255722
70111.8
73482.5
220040
50414.6
15903.5
23572.8
171203
-18809.7
-34107.3
-20141.9
107854
-74628
-39469.3
-27258.3
42003.6
-60117.5
-151959
-137951
-180801
-174290
-175426
-143547
3433
-251477
73541.9
77877.9
223025
54195.5
31343.9
40126.9
200369
-4456.89
-30257.1
-17018.6
126851
-77979.7
-47485.8
-36278.8
21631.8
-70128
-162572
-150989
-199657
-191045
-188493
-153991
4420.12
-267170
54421.8
57810.9
198973
31286.6
19718.4
28094.1
190381
-21307.2
-38232.6
-24687.2
130760
-87354.6
-49247.9
-48491.3
5738.88
-77573.1
-175741
-164450
-213966
-207033
-184703
-149142
22635.2
-266468
48970.7
57716.2
193734
30106.5
25412
42079.2
209436
-301.227
-31690.4
-11872.3
152064
-73587.9
-81919
-67974.9
-25552
-110809
-194402
-177258
-228531
-224525
-186183
-146201
43325.1
-273725
49846.8
59477.6
212059
24883.8
35073.9
44350.4
212317
3749.08
-21378
-5407.25
164825
-68836.1
-83915.9
-70433.5
-32370.6
-106128
-202281
-187880
-249859
-233196
-183516
-139436
69290.1
-268141
36860.8
46447.7
202279
10413.6
28363.5
40185.6
201636
-2178.6
-20687.8
-907.925
164620
-61319.6
-95405.7
-82228.7
-51892.4
-122133
-225498
-210337
-285169
-264037
-172884
-134950
84756.6
-260881
31846
42774.3
200271
4299.92
29591
40310.7
191506
-1904.24
-17915.3
-4502.15
162188
-64652.9
-104231
-86401.4
-77468.5
-123640
-243371
-221361
-306726
-275534
-161721
-120806
101717
-247520
32267.4
44791.7
198017
4397.5
39264.9
50316.3
199950
8640.84
-19222
-2884.29
173070
-70891.7
-98460.4
-83203.1
-81492.6
-124770
-254740
-231148
-322365
-292567
-172861
-127206
96654.4
-258553
13983.7
24675.2
176483
-18830.3
23376.2
30622.7
191465
-11942.3
-31904.7
-13737.7
175431
-82065.4
-87813.5
-83119.7
-68114.2
-113960
-263094
-246079
-346377
-299897
-175133
-136324
87068.9
-263628
-1119.35
11443.1
149509
-30815.7
7949.29
21300.2
175952
-23444.1
-38272.2
-19977.2
164398
-86207.6
-106834
-95997.5
-83143.7
-142145
-278962
-257192
-363437
-320584
-187194
-145973
79396.1
-285879
-8055.36
1489.17
143295
-45866.5
7207.54
16469.9
176101
-31462.7
-37329.6
-22862.9
163553
-94432.7
-114759
-94963
-71844.2
-145629
-290306
-263814
-368515
-330997
-198261
-145325
90883.7
-291857
-34438.9
-17704.5
123671
-76025.3
-11374.5
4758.83
167616
-52866.1
-52592.5
-26674.2
159550
-105602
-90059.9
-71269.3
-27396.9
-119719
-278797
-254946
-352948
-319387
-165286
-115659
138781
-252253
-28116
-9239.06
140133
-64941.4
-3457.05
12998.7
185875
-43383.8
-33883.8
-11305.2
191232
-84705
-67254.3
-51859.2
-2994.6
-97343.9
-282673
-257056
-368876
-320801
-140113
-97010.1
165989
-231867
-28548
-12621.9
124553
-67558.4
-11647.5
2779.64
172747
-57623.5
-22611.2
-4890.35
208911
-82079.5
-61589
-49233.7
-676.701
-88913.7
-264763
-242578
-347877
-301195
-141651
-100676
160682
-236930
-45711.6
-30845.4
85064.2
-84620.9
-29382.4
-17989.5
145247
-80723.3
-22511.5
-84.8528
211867
-80086.9
-54572.4
-45278.9
5240.37
-75320.3
-247356
-226439
-314906
-278017
-131399
-90599.5
176860
-219918
-44880.1
-24763.6
76528
-73104.2
-30821.4
-11184.3
152799
-68426
-7713.83
21837.6
240599
-50586.4
-68486.1
-58824.2
-22780.2
-95524.5
-242831
-224501
-322594
-275623
-132359
-95589.5
171769
-230981
-46041.1
-33521.8
62460.9
-83373.5
-30268.4
-19968.7
132812
-77183.5
11501.1
27806.3
239185
-39373.1
-75799.7
-61516.9
-30193.5
-98927.1
-230977
-211814
-305272
-261109
-146971
-101674
169485
-244129
-67010.4
-49914
33828.7
-102448
-56245.4
-39367.5
104964
-106222
9190.97
32234.9
235117
-36276.7
-83815.5
-69881.9
-34798.1
-111774
-225549
-207804
-292285
-259625
-144432
-102538
173511
-241185
-77308.7
-60015.7
16304.5
-110793
-69875.6
-53132.7
91392.8
-122940
5070.66
23953.9
230163
-43883
-90517.4
-75882.5
-54704.6
-117183
-225243
-205674
-296598
-256023
-141466
-98652
170389
-239859
-89282.1
-72407.7
-17441.5
-126257
-79677.5
-60418.7
78728.6
-136706
5881.01
23504.9
230873
-49054.8
14323.9
18280.8
24249.5
19935.5
14245.4
10547.2
17078
19949.6
6436.09
5332.29
5517.55
15745.9
776.403
2998.84
-4405.28
4156.37
10802.5
8087.89
20970.7
12835.4
20439.6
19328.8
10878.1
30262.8
18477.4
18787.1
33757.3
16701.2
11354.7
8968.24
8741.25
6249.41
7560.39
2604.98
-5046.62
5043.09
-4821.05
-3032.07
-24591.8
620.133
502.753
3173.5
11122.1
-6696.3
31029.3
25091.7
15658.2
37012.8
-822.365
2242.24
7370.88
-2336.99
5005.61
4727.72
5546.55
3341.79
-14598.9
-12730
-18237
-20186.5
-12251.3
-11721
-49633.2
-5719.08
-13877
-8609.73
-6267.09
-16636.8
23464.6
18791.4
1134.2
29056.4
12324.9
11638.3
25573.2
11112.9
4413.76
-1132.79
9680.29
-2555.48
-29072
-31007.3
-23019.2
-40413.3
-22981
-23588.4
-66606.6
-18500.7
-12165.1
-12728.6
-8080.82
-20399.3
32237
26194.1
17830.4
41159.3
15778.4
15580.4
28328.1
14755.9
-1475.02
-2950.76
8919.44
-10219.1
-60153.6
-57480.7
-59366.6
-75531.7
-36643.7
-36683.3
-93680.3
-31943.5
-13944.1
-12621.1
-6285.47
-23634.3
26971.9
20014.7
-11.3137
38273.6
12867.2
10230.4
39514.5
4273.75
-6610.03
-11661.6
8343.15
-18174.1
-80058.6
-80288.4
-80496.3
-100475
-51822.4
-52672.4
-124969
-50087.2
-20683.6
-19975.1
2286.08
-35906.2
38053
28581.3
10350.6
51244
20228.2
27718.6
60911.6
14217.8
-16432.5
-12468.4
7842.52
-26463.5
-92817
-83792.9
-104076
-110840
-56362.1
-53960.7
-141008
-52642.7
-32984.4
-26744.2
1663.82
-50397.6
53207.7
49773.2
26418.9
66893.7
32891.1
35328.5
93305.6
26348.9
-17916.7
-9855.65
12016.6
-23874.8
-81198.5
-69734.2
-95319.4
-90872.4
-55698.1
-54088.7
-148550
-41563.7
-48213.4
-39484.1
-12719.4
-69293.6
75927.7
68237.2
66267.2
92807.1
28205.1
29853.3
93175.5
17126.8
-1554.93
4275.87
24581.2
1037.33
-59294.4
-53129.2
-76298.9
-65222.8
-52306.8
-57603.7
-170210
-37261.7
-62738.8
-55944.2
-29970
-86531.5
88799.2
76544.3
90525.2
99668.8
36190.4
40088.7
113537
30351.1
9024.1
14219.2
32582.1
6775.5
-56988.6
-53947.3
-79945.5
-67518.1
-57596.7
-60664.1
-186818
-40950.7
-79968.1
-70530.4
-56536
-104799
90426.9
81596.6
103330
103868
38642.7
41271
115474
29786.9
24747.3
31327.7
70597.5
20891.5
-69459.1
-65748.2
-94115.9
-84727.7
-68896.2
-72402.8
-212899
-50744.1
-90028.8
-80290.6
-59339
-119057
90064.9
80717.7
102269
102987
42000.7
41900.3
128949
26066.8
37080.7
40395.6
87201.1
30917.5
-74191.1
-73781.6
-110694
-91723.1
-80256.6
-85195.1
-252284
-63344
-108399
-99736
-79012.1
-144806
114300
100919
133785
126382
47355.6
50016.5
141764
33380.4
46941.3
43506.2
106416
42679.6
-74695.9
-72321.5
-112762
-78849.5
-63338.4
-69428.7
-237075
-39063.4
-112094
-96663.6
-74147.9
-142580
128160
119399
149481
151476
39054.2
39798.1
143098
22324.1
43938.9
45882.7
109394
38910
-63848.9
-61504.1
-102987
-68657.2
-48298.9
-55085.7
-216467
-14149.9
-118657
-100488
-74064.5
-150364
139910
127087
177503
163226
14641.4
13003
96914.6
-4566.5
55504.3
53623.4
121562
57226.9
-59037.1
-60599.1
-99905
-62056.4
-28794.1
-41922.2
-216432
12264.1
-124914
-109443
-93436.4
-153565
134222
120924
167918
156216
-10405.1
-10791.2
48785.4
-28326
41774.5
37564.3
86403.5
35998.8
-82600.7
-88194.6
-148729
-91366.7
-36631
-50973.2
-250202
3024.3
-138725
-125054
-131122
-169950
117590
107730
139002
138051
-33681.6
-28675.3
2218.9
-48861.1
30825.6
35199.1
80394.5
22940.7
-116702
-113406
-201581
-126157
-38896.5
-50184.1
-271378
6913.38
-148487
-129052
-143650
-178979
108084
102535
117227
134212
-46229.2
-43068.5
-17823.3
-64006.6
43293.3
44315.8
99899.3
37099.8
-116608
-117217
-208464
-124023
-23934.9
-37610.3
-274490
27382.7
-151863
-134942
-141541
-187528
132676
122556
150248
158782
-49793
-39691.3
-32493.7
-60300.7
48370.3
48385.9
107060
48982
-122954
-116231
-227355
-116064
-12913.9
-29707
-278200
43026
-147920
-128968
-134818
-173464
150046
137516
147557
188963
-43605.9
-40493.9
-26626.8
-61033.9
55531.2
54496
112704
50884.1
-105592
-104994
-220721
-102687
1185.82
-20989.8
-270836
61647
-142594
-127339
-137568
-175903
171073
147848
158174
206783
-61845
-56898.8
-47026.8
-83763.2
60951.2
60027.7
122025
60045.4
-101500
-97633.1
-205025
-98108.9
6847.62
-16348.3
-264975
63322.1
-148623
-131125
-142079
-180925
170207
146961
160507
201883
-67271.3
-63065.4
-53138.4
-81518.8
44941.6
40035.7
94951.7
40752.7
-107340
-107650
-209814
-105677
-2265.57
-25684.9
-264606
54032.9
-159396
-146198
-169276
-186601
161091
140065
144521
200873
-83874.2
-78920.9
-97879.8
-98483.7
30269.1
29398.7
66305.4
25129.9
-129185
-127064
-245820
-131309
-23454.7
-44363.2
-299682
29665.3
-169697
-157399
-203128
-197544
149014
127129
100168
192675
-97488.8
-91962.1
-114512
-112711
24982.1
24484.3
58075.4
22109.8
-138393
-135842
-256552
-139200
-35330.6
-54516.5
-318202
17127.5
-181888
-166659
-216114
-207931
161467
138512
102696
213713
-105205
-94656.1
-127325
-123968
11571.1
8832.47
36921.6
7501.7
-145651
-142428
-283530
-142392
-39331.4
-58218.9
-337001
14576.3
-190195
-171275
-226225
-218449
163342
140694
80704.2
215408
-102850
-93458.3
-123409
-118848
772.868
3400.48
17574.4
-2132.63
-145833
-143550
-306345
-141302
-39302.4
-60920.1
-350365
23094.8
-191973
-173987
-235311
-221445
168055
139883
82484
218512
-97716.5
-84509.9
-116800
-109955
14447.6
15400.1
30533.6
18406
-131752
-126770
-296437
-117483
-33914.3
-55662
-357867
29115.8
-179066
-157850
-214508
-202798
162401
138292
79405.3
211257
-78189
-65921.4
-85979.9
-80982.1
18829.5
17005.2
32038.3
20393.7
-117350
-118798
-287676
-101762
-32322.6
-54025.8
-348483
32234.9
-159024
-140035
-185781
-177270
156411
134922
86351.2
206185
-64013
-59732.1
-81377.4
-71394.5
32564.4
32748.2
65836.6
29599.5
-120627
-122124
-288869
-110898
-32629.4
-55133.8
-350322
30635.4
-133328
-119561
-143321
-156124
153245
130723
81226.1
201970
-59327.7
-52155.5
-72243
-64517.8
39336.4
39790.3
75953.2
39803.7
-119925
-122136
-299383
-104282
-40064.7
-60797
-375974
25994
-125612
-111792
-128256
-148074
156000
132713
82501
205738
-41638
-33589
-41946.3
-51226.4
41862.1
43186.5
96498.9
41820.4
-125713
-127603
-307154
-110937
-29064.9
-53713.2
-365565
34777.6
-121163
-106244
-111987
-151563
170835
149410
93688.1
221405
-28234.8
-22338.9
-19535.9
-28907.9
39312.3
41119.7
92584.3
37331
-125005
-126677
-317796
-108186
-30390.7
-53550.6
-372990
43761.4
-127827
-109398
-112038
-155390
183651
158519
103840
239462
-10055.8
-3366.54
-8466.9
-2587.3
52732.5
57714.1
104464
62437.5
-110993
-107310
-300231
-84558
-18953.3
-44050.6
-375600
59843.9
-114609
-96011.7
-102148
-135525
197812
172451
112383
256465
19863.3
25227.4
25545.6
32152.9
48362.6
48315.9
86099.4
53434.6
-111510
-115488
-312090
-88053.9
-23797
-48119.3
-384478
54816.3
-114110
-96872.9
-108673
-137168
201747
175405
120772
262431
48306
45963.4
51198.1
60262.5
62180.8
60466.1
96230.9
66243.2
-119486
-127749
-333371
-103077
-16916.8
-46731.3
-388350
59563.1
-94827.3
-81658.1
-83901
-117410
210580
179590
119363
270994
55964
55449.9
59216
68899.8
52735.3
54829.1
83906.7
59587.9
-146360
-149492
-374509
-126981
-32352.3
-57231.1
-418576
45546.9
-106876
-91848.2
-100470
-133067
212605
184354
116656
275898
3678.37
-1219.76
4385.48
369.11
4508.51
1598.06
-907.925
480.833
-27595.5
-30014.6
-48302.5
-36228.6
-12455
-11911.9
-18571.5
-17455.6
1083.29
167.584
-642.76
1789.69
-603.869
-4704.38
-9918.59
-2917.52
-2957.12
2369.51
5275.02
-1317.34
1888.68
708.521
4390.43
-1294.71
-48586.7
-44006.8
-65396.1
-58564.7
-26768.9
-24847
-24813.1
-36111.2
-2732.26
-4830.25
-11378.1
-1778.37
-13268.2
-10046.6
-18955.4
-17921.6
6939.55
10564.2
33509.8
6609.33
7220.27
5702.11
21660.8
2627.61
-60775.8
-56394.6
-72977.7
-74517
-28446.2
-26381.4
-7582.31
-39979.1
-11114.3
-14547.3
-21536.4
-9490.79
-22751.9
-20280.5
-14787.7
-31665.7
10649
13364.3
49889.2
6445.99
7014.5
5663.93
24549.3
1712.61
-75578.4
-68017.3
-92728.6
-90615
-40930.2
-34532.3
-20520.2
-54307.2
-22822.6
-22348.8
-48064.9
-19918.5
-26840.4
-20231.7
-14037.5
-34192.9
13178.3
15315.2
59488.2
9138.65
14412.3
9956.77
32596.2
9329.57
-92864.3
-86090.3
-115135
-108462
-39625.6
-35811.4
-14957.4
-54988.9
-19557.2
-20863.2
-44852.5
-17638.1
-23478.1
-19450.4
-5451.79
-27758.2
12088
18970.3
66300.5
6986.21
16873
16195.6
46973.1
10590.3
-109596
-99983.5
-134431
-128462
-58540
-53798.1
-33301.9
-79464
-28058
-28932
-51988.6
-30873.7
-31700.3
-27355.8
-24539.4
-40804.3
14533.2
12604.2
64176.3
2295.27
14128
21622.6
53941.6
6694.18
-114386
-101247
-126899
-134807
-64824
-51880.4
-41004.4
-83239.2
-39226
-34227.5
-58746.4
-46616
-34996.1
-33702.1
-24061.4
-45044.1
7706.76
12432.4
58054.2
4036.87
20254.4
21953.5
76140.6
12103.5
-112757
-99060
-118925
-133111
-55806.3
-46997.9
-30766.2
-69678.3
-35976.2
-34124.3
-46838.8
-39639
-35408.4
-28069.3
-19292
-44969.9
8243.45
8383.46
49445.1
6613.57
23416.5
27239.2
84410.2
13544.6
-109629
-94875.3
-112105
-130049
-45814.2
-36556
-19830.8
-54658.6
-34179.4
-32543.9
-42212.9
-39124.9
-35075.3
-29411.4
-16358.2
-41698.8
-12027.2
-10209.9
17983.1
-17976.8
8531.95
11442.4
69964
-4767.31
-112240
-99040.9
-114940
-135928
-57358.4
-50530.6
-49621.9
-69648.6
-57844.9
-54587.9
-78254.1
-66459.6
-47959.5
-40317.1
-33613
-59005.2
-11840.5
-12320.6
11513.1
-20382.4
11655.9
14806.1
70135.8
-2278.3
-109761
-95260.7
-106665
-132560
-39378.1
-34166.7
-29373.2
-52158.3
-57236.1
-52511.9
-67863.9
-71716.2
-44925.3
-38347.1
-26271.8
-53789.6
-18393.3
-10032.4
15552.1
-22273.2
8991.57
15347
87980.3
-7218.85
-118748
-102210
-116020
-140156
-43714
-36180.5
-29293.3
-53288.3
-67390.1
-59993.8
-53170.9
-85796.1
-40134
-30868
-7667.16
-51172.6
-13490.9
-18067.3
19982.1
-26917.4
9502.1
19499.9
102002
-4615.99
-105070
-94002.1
-95872.4
-127943
-46476
-39978.4
-32502.2
-54855.9
-74550.3
-64443.6
-60651.4
-89425.7
-33395.9
-29564.1
-3026.42
-42968.8
-41558.8
-32229.2
-22457
-46865.6
1873.83
9029.75
94533.8
-19089.1
-108494
-94741
-101195
-130728
-67599.4
-59247.1
-58186.4
-81883
-90085.4
-80264.4
-94190.9
-105392
-36778
-27190.4
-21591.5
-40232.3
-46878.4
-44971.3
-43293.3
-48639.8
4760.24
12795.1
100333
-14440.5
-101257
-89471.6
-94857.7
-120292
-79746.1
-72906.2
-77526.5
-88492.3
-98999.9
-92974.6
-118415
-114331
-24446.1
-22504.4
-26947.8
-17693.9
-67103.7
-60839.5
-79652.8
-71122.2
-2095.86
8010.81
91117.8
-21260.6
-87290.2
-75531
-85025.3
-101591
-98733.3
-88296.4
-113574
-110149
-113774
-102728
-151290
-123643
-17814.8
-14703.6
-50761.8
-2710.34
-77407
-75903.7
-109601
-85124.3
2520.84
10943.2
92216.6
-13988.7
-83670.5
-76356.9
-85600.2
-100401
-96521.5
-86753.5
-108931
-109512
-106719
-97155.1
-149713
-114437
-6728.83
-9384.01
-57836.4
11647.5
-97672
-90332.2
-148014
-99595.3
-6689.94
-683.065
85967.2
-30392.9
-79355.1
-73397
-84598.3
-94349.3
-113266
-106086
-128219
-132323
-126632
-122320
-195731
-138439
-7181.38
-13407.5
-88053.2
13435
-91221.7
-91143.9
-154377
-96776.8
-8773.07
5830.8
92733.5
-25927.5
-86041.5
-75688.7
-88663.4
-99036
-118522
-103915
-136243
-130091
-135707
-125881
-217082
-142976
-3743.42
-16146.1
-101630
13598.4
-105358
-98443.4
-182673
-104385
-1322.29
7200.47
96442.3
-21176.4
-87442.2
-77601.4
-96303.7
-100074
-120210
-110941
-152558
-134773
-135967
-128406
-235529
-140434
-9188.85
-15170.3
-112141
12774.6
-114638
-113271
-204969
-112830
-67.8823
9885.35
101251
-19191.6
-80680.9
-71990.5
-89746.7
-91245.1
-130009
-121528
-171478
-141336
-135956
-131610
-242384
-140008
-7838.28
-18948.3
-116127
17398.4
-142285
-136968
-244891
-145518
-4406.69
4548.11
93249
-25315.1
-75907.9
-68306.5
-89771.4
-85477.2
-147398
-138430
-213362
-158308
-140812
-133444
-261314
-139823
-10196.5
-18734.1
-130992
16333.5
-149834
-144103
-260651
-155298
1428.36
13007.9
101910
-18514.2
-86308
-76275.6
-105368
-97407.5
-149097
-137714
-215763
-162345
-138573
-131748
-267258
-138084
-11480.6
-22622.5
-140582
15183.7
-159781
-149084
-267504
-162239
10006.3
19416.4
121505
-9872.62
-87845.3
-80423.5
-107683
-100215
-154101
-147335
-226599
-167980
-145172
-141967
-285585
-143963
-16438.8
-26283.9
-156665
12471.9
-146158
-142682
-253388
-159647
8594.88
16843.3
112680
-13143
-91139.7
-83523.5
-110715
-106645
-161029
-152165
-246352
-180605
-147343
-143364
-298240
-146055
-10673.8
-25013.9
-160462
11692
-151013
-138928
-245667
-158200
-4195.97
2174.35
99744.5
-30088.8
-98362.8
-85751.5
-110185
-115080
-176881
-164202
-253965
-199164
-153562
-151887
-312533
-151110
-11347.6
-18144.4
-145568
15498.4
-135602
-124903
-215163
-145249
-9521.9
-1576.14
97295.1
-37491.5
-89596.8
-77565.4
-93928.5
-105916
-169576
-155436
-226647
-193442
-154113
-151531
-305866
-153794
5528.16
-3061.77
-115570
32599.7
-119537
-108439
-164333
-131554
-11927.5
-3147.33
100747
-40875
-71446.8
-58839.1
-64406.1
-85465.2
-165812
-151719
-213019
-190719
-152275
-150267
-303149
-151538
32497.2
22821.9
-70136.5
62022.5
-107921
-98933.4
-141104
-122098
-12189.1
-2964.9
98755.2
-40815.6
-66340.1
-55269.6
-53923.3
-78680.5
-154214
-141471
-186388
-180722
-147811
-144616
-294927
-148493
43484.9
31971.1
-49737.9
74550.3
-102003
-89610.2
-117968
-117141
-14384.7
-3418.86
104441
-44571.8
-70096.9
-59015.1
-59621.1
-84912.9
-170433
-157002
-198654
-202224
-161831
-158714
-309682
-167154
45339
34137
-49595.1
73924.5
-91127.7
-81858.2
-87620.4
-115449
-13664.8
4992.17
126118
-36206.7
-56558.6
-47660.4
-30086
-67131.3
-163081
-141089
-166463
-189550
-161220
-149461
-286469
-161545
48776.9
36107
-32519.8
69964.7
-89130.8
-77093
-82363.8
-104529
-11838.4
-1958.69
115566
-42943.3
-50960.5
-45001.7
-29047.2
-67516.7
-152372
-133756
-155115
-178943
-145200
-140025
-276470
-142649
55411
44076.8
-17551.8
82144.6
-78783
-68889.9
-83565.9
-94335.8
-8503.67
5303.3
117369
-36669.1
-40508.7
-32603.3
-12666.4
-55502.2
-131977
-111005
-132708
-153832
-131679
-124485
-262995
-127365
62287.6
48915.5
-24147.7
90626.3
-86361.8
-77064
-87312.1
-101885
-22616.1
-11496.1
97409.6
-56350.8
-21444.4
-17614.7
9473.82
-34912.7
-124778
-109348
-129091
-146440
-126446
-122993
-262403
-120675
61091.9
48504.7
-32624.5
92788.7
-87640.9
-80424.2
-92267.5
-108557
-25204.8
-9152.08
87841
-52349.2
-17696.8
-11115
19720.5
-26694
-101110
-85970
-92027.1
-120334
-104675
-100215
-223956
-99904.3
62925.4
47985.7
-27300
91315.8
-88705.1
-77886.4
-81800.9
-106565
-32087.1
-17848.1
85202.1
-64015.8
-16425.4
-12571.7
11163.8
-25927.5
-99953.1
-88152.2
-90297.5
-121172
-98846.5
-97437.2
-211486
-94265.1
65253.9
50385.6
-19458.2
94958.1
-1934.64
-1110.86
-16647.4
3810.6
-1492.7
-2354.67
-12867.9
460.327
-1526.64
-2485.48
-8320.53
-3407.55
-840.043
-4369.21
-11022.4
-2868.73
3138.85
-196.576
-5360.58
4980.15
16439.5
16286.8
11783.2
23360
16327.8
18374.2
4230.62
28094.8
-3689.68
-5295.52
-22592.8
-1840.6
1000.56
-927.724
-1501.19
-683.772
3211.68
4442.04
2221.73
6066.98
5757.97
7310.78
-10523.9
21448.7
27972.4
23607.5
17732.1
38232.6
30831.3
28874
21254.9
41824.7
-9598.97
-10977.8
-22893.3
-11255.7
-8444.98
-8164.96
-235.467
-15885.2
26326.3
25479.2
42690.9
27835.3
9700.8
6075.46
-28746
18882.6
37459.7
32582.1
24666.7
48298.2
34689.2
30708.9
15504.7
46528.3
-11223.9
-9024.8
-18171.9
-12520.7
-8240.62
-6565.49
9939.8
-17522.1
44423.3
45299.4
71274.2
50317
10748
9430.68
-32588.4
30001.1
48064.2
35942.9
21836.9
62188.6
31990.2
28905.8
12265.5
43269.3
-21633.9
-21891.3
-40287.4
-25285.4
-19509.1
-15993.3
2445.18
-31173.5
45813.4
44012.4
74121.1
48985.5
12744.9
6067.68
-50616.8
31249.9
40388.5
27047.5
-7534.22
54389.2
37772.9
35698.3
23553.7
52967.2
-25943
-20382.4
-42200.1
-26089.4
-17505.8
-12964.1
18315.5
-29277
55677.6
58647.4
97621
60295.7
21459.3
19178.2
-45412.5
43587.5
37360
30165.9
-23483
64115.5
27891.8
24485
13037.6
38724.7
-14285
-11336.3
-24087.6
-10514
-23810.4
-16740
19525.3
-35736.5
50848
45726.5
94912.8
49689.1
29161.8
16264.9
-26815.6
41810.5
50326.2
46969.6
-7208.95
80605.2
23927.8
18133.8
-2257.08
32814
-8538.31
-9019.15
-28751.7
-5376.13
-27952.6
-25263.5
2940.86
-44385.1
38318.1
33432
75490
34399.3
19636.4
12485.4
-34750.1
31530.6
62644.7
53841.2
7122.69
89509.1
9406.64
2408.41
-30689.1
18451.2
-14079.2
-12014.5
-33586.2
-10039.5
-45985.3
-38104.6
-19375.4
-58003.3
29121.5
25051.4
62365.4
25547.1
9360.68
-479.418
-49736.5
16872.3
69725.7
62987
24007
99337.9
-10771.4
-16882.9
-59677.7
-8396.19
-3652.91
-2771.86
-17281
-1335.72
-48753.6
-43709.8
-28866.2
-67622
9552.31
8892.57
30762.7
4466.79
-444.063
-4514.88
-45119.8
5755.14
73527.8
60106.2
23975.2
97456.3
-20566.9
-23743.9
-65560.1
-17444.3
4862.07
5347.85
-12179.9
11138.3
-53996.1
-44455.8
-26538.4
-70775.7
-8331.84
-7785.25
13543.2
-17202.5
1968.59
-4760.24
-29310.3
5455.33
80998.4
70934.8
32959.7
110299
-33967.3
-40524.3
-84046.7
-37033.3
20674.4
18973.8
5451.09
26750.6
-48603.7
-44978.4
-19287.8
-65433.5
-25190
-25626.3
-10825.1
-38186.6
7073.19
2778.22
-10022.5
2997.43
84263.1
72028.7
25976.3
116630
-58337.7
-56990
-118860
-56903.7
24458.1
22411.7
23012.1
30783.2
-59157.3
-50054
-38458.1
-73958.4
-45488.2
-41318.4
-37055.2
-57437.6
4321.84
2122.73
15737.4
1440.38
73889.1
64145.2
8838.83
104415
-58824.2
-52728.2
-126107
-49982.5
29856.2
29332.9
35594.3
37431.4
-59149.5
-52831.5
-54172.9
-70815.3
-49031.5
-39994
-45295.1
-57063.5
-3954.85
354.968
15518.9
-7805.75
63852.4
56402.4
-205.768
91129.8
-46463.3
-47138.6
-125493
-36063.2
31806.4
31122.6
39588.1
39227.5
-64431.6
-58135.5
-68863
-73331.2
-42169.7
-35829.1
-33587.6
-49770.4
2230.92
6627
36457
-1716.86
65674.7
56844.3
15487.8
91781
-55995.8
-58983.3
-146921
-51170.5
46829.6
45412.5
70705.7
51043.9
-60216.5
-58918.3
-84246.1
-72351.9
-37350.1
-31080.2
-39272
-46300.6
11945.2
15767.8
60968.2
3991.62
55339.6
42627.2
5822.32
70955.3
-63612
-63972
-151754
-58620.6
59358.8
57256.6
97209.5
62386.6
-67914.1
-65146.5
-95648.9
-80087.6
-34597.3
-28441.2
-30952.2
-41385.5
26326.3
32152.9
98101.9
19076.3
47299.1
38948.1
5544.42
64507.9
-77517.3
-78961.9
-167828
-73881.3
76534.4
73520.7
133200
81229.6
-68959.2
-69164.9
-105281
-71704.9
-26860.2
-24500.5
-28110.3
-33017.6
45350.3
48055.7
134312
34840.6
32128.1
24963
-13091.4
48608.6
-96230.2
-91247.9
-195702
-90285.5
74969.6
70577
128256
81721
-79731.9
-74385.5
-134724
-82382.9
-36911
-35929.5
-47839.3
-39586
45960.5
42138.6
144125
30890
31044.8
29202.8
-7725.14
49928.8
-87462.7
-76932.5
-186634
-77264.9
73069.6
67925.4
107921
81395.8
-68550.5
-61751.6
-126530
-67134.1
-32436.4
-29506.9
-52684.4
-31974
40534.2
44588.7
135485
26055.5
42796.2
41762.4
25192.1
55227.9
-71878.1
-70696.5
-175222
-61657.6
55950.5
49149.6
76011.9
62711.2
-57754.4
-56493.6
-127646
-54000.3
-22129.6
-22049
-43651.1
-17799.3
37456.9
36648.6
123901
22276
60232.1
58382.3
72340.6
72316.5
-95246.6
-93855.7
-204736
-94439.8
36754.7
34756.4
54043.5
41488.1
-66958.1
-65692.3
-149239
-63624.8
-29722.5
-31483.9
-75527.5
-26068.9
22318.4
27778
113771
5655.44
63968.4
57963.7
90751.5
68136.1
-102983
-98454.7
-203326
-100470
32699.4
27860.7
40178.5
35295.2
-71434
-71105.2
-157233
-67195.7
-37563.6
-37269.5
-87224.4
-32509.9
22857.2
26703.9
126846
4456.19
68394.2
65294.2
113173
72927.5
-117272
-112554
-216427
-122120
22725.7
21009.6
25821.4
27266
-71851.2
-70375.5
-160664
-67279.1
-39433.2
-41425.1
-103813
-31853.7
26203.3
30177.9
136965
173.948
70276.5
70272.3
126021
73964.1
-111369
-110329
-209822
-111142
30490.4
27488.1
38819.5
35037.1
-49863.8
-53347
-130055
-41965.4
-46752.5
-48590.3
-117655
-41449.9
45602
49953.6
191024
23757.4
79888.2
82542.7
140730
89209.3
-119809
-118824
-234683
-120040
21550.5
15452.4
29433.3
15595.9
-47172.5
-52644.8
-129542
-40363.1
-45551.1
-43533
-108220
-42620.2
45580.1
52789.1
198713
21834.8
77863.8
75268.7
140600
83308.5
-118990
-122284
-246806
-117955
14627.9
15826.5
45817.7
10282
-40194.1
-44379.4
-126710
-29908.5
-21513.7
-22012.2
-62458
-15075.5
62981.3
71685.8
224983
43013.3
86039.3
87393.4
156848
93444.9
-137899
-142675
-279997
-143031
16731.6
15935.4
60108.3
5031.77
-34431.2
-44733
-133256
-24465.2
-14835.8
-17199
-63148.2
-11063.4
74717.9
79350.8
239154
54041.3
90572.6
81878
150953
94530.3
-154784
-153868
-300840
-157755
13544.6
17402.6
67418.4
3253.4
-38246
-44267
-136047
-26502.4
-12945
-12269
-48055
-6325.78
88242.7
95718.9
265449
71663.2
84208.6
79850
138351
90615.7
-185789
-190357
-358515
-195050
7226.63
9317.55
57220.5
-5644.83
-34624.9
-45016.5
-148594
-18122.4
-15892.9
-19468.1
-63474.9
-12047
99039.5
100893
265939
80286.3
69417.4
65179.7
101353
81108
-210872
-201564
-403462
-209283
15624.2
18919.3
61142.8
9442.7
-52702.8
-57860.4
-199439
-33294.1
-25359.7
-30247.2
-91242.2
-19529.6
101616
103211
266293
86705.4
77619.1
74917.3
100254
89358.5
-184387
-172304
-369289
-174179
35107.1
38436.2
82953.5
29736
-52391
-56963.1
-207085
-27073.7
-19259.5
-18872
-82619.8
-8080.82
106534
111043
268693
97772.4
85845.6
83326.2
128472
94962.3
-151566
-147051
-340878
-135612
46080.7
48474.3
101557
45641.6
-59067.5
-65542.4
-227783
-36083
4398.2
-1477.85
-52748.8
18704.4
113004
114739
267358
104720
112422
110884
194275
122920
-141128
-141227
-347847
-124273
62991.2
64087.9
119250
64246.3
-70776.4
-77803.7
-259541
-44558.3
12288.1
6198.5
-61020.5
29255.1
111784
112071
249659
107204
130606
121564
226978
132865
-139963
-139432
-351221
-120550
68999.5
66562.8
115781
71119.4
-95957.9
-104681
-307290
-74247.6
2547.71
-5490.68
-82997.4
19480.8
104008
103512
223808
100877
128913
124540
233997
131109
-130483
-130948
-340060
-107091
80226.2
80393.1
132233
89616.6
-115368
-117732
-332773
-86537.8
1403.61
-5539.47
-92696
24728.2
103134
102297
212015
103844
127307
125902
244665
135968
-8101.32
-6648.93
-8012.93
-11260.7
8331.13
9292.09
13291.5
11851.1
-5004.9
-6760.65
-9438.46
-9826.66
10798.9
8271.74
12814.2
7865.15
5348.56
7421.79
20109.4
2312.95
-6246.58
-1867.47
2779.64
-7226.63
-5627.16
-6139.1
6804.49
-13353
1287.64
-901.561
602.455
5655.44
-18396.8
-19009.9
-24298.3
-18896.7
1887.27
4354.36
7704.64
6105.87
4389.01
6392.95
25005.4
-2846.1
-3552.5
-4883.99
-2225.97
1330.07
-6808.73
-4490.84
8163.55
-15421.3
13220.1
12794.4
12924.5
17826.9
-22481.8
-26449.3
-38189.4
-30454.4
17418.9
13068
17911.7
17549
12234.4
17580.1
61644.9
3486.74
-25857.5
-24644.8
-49558.3
-25471.4
-3738.47
1883.03
30385.8
-10631.4
9842.93
6697.72
-2708.93
17409.7
-38885.2
-34722.5
-52260.8
-46809.8
10282.7
11416.2
-6105.16
18337.4
28227.7
31669.2
89753.8
22397.6
-25143.3
-23010
-45097.1
-18486.6
-15347
-14199.4
23085.6
-27582.8
-5244.61
-13388.4
-40120.5
5319.56
-59301.5
-58420.5
-80575.5
-66308.2
11520.9
9202.29
-20390.1
26776.7
31966.2
31242.8
90183
23270.9
-40845.3
-46895.3
-69494.5
-37837.3
-8371.44
-1676.55
49711
-25435.3
-35537.1
-36709.4
-93957.5
-29311.7
-79875.5
-79426.5
-108662
-100056
-1894.34
-9659.08
-64556
5629.28
23394.6
27732.7
77571.7
16602.9
-42296.3
-42879.7
-96019.4
-40628.2
-7323.5
-1623.52
55729.2
-20092.4
-20090.3
-20441
-70772.2
-14646.3
-95484.9
-88809.1
-127670
-104299
-5088.34
-12374.4
-62589.6
4888.23
33929.1
35827.7
105520
25083.9
-49481.2
-48892.9
-99178.1
-51100.5
-7223.8
-799.738
48948.1
-19408
-13918.7
-15137.7
-55726.4
-7152.39
-102805
-98048.8
-165821
-105210
-14079.2
-18016.4
-70909.4
-2307.29
37290.7
42718.4
112984
28936.9
-53674.4
-54355.3
-104867
-54496.7
-4563.67
2134.05
44612.8
-12620.4
1443.2
2345.47
-23261
7380.07
-102771
-98301.3
-185454
-102195
-10488.5
-14801.2
-68474.1
2341.23
40430.2
45989.5
134714
30801.6
-74638.7
-71176.7
-125873
-78683.3
8052.53
11710.4
54086.6
2110.71
18728.4
17512.9
7177.13
25994
-102154
-98215.7
-208022
-97216.6
-9910.81
-12665.7
-74562.3
3430.17
60437.8
63660.8
163902
54183.5
-72033.7
-67540
-111580
-74692.4
11508.9
18917.2
53765.6
9032.58
37751.7
36146.6
32543.9
51818.9
-103599
-103088
-236431
-93594.1
-2535.68
-5528.16
-65215.8
12119.8
80941.1
85548.6
195789
72676.4
-78942.1
-75627.9
-109671
-90013.3
38195.8
40064.7
88765.9
39476.4
47673.1
44141.8
36166.4
58961.4
-107197
-109915
-254604
-97911
-3213.09
-10865.4
-72745
9261.68
97915.9
99709.8
217968
95734.5
-70995.6
-65769.4
-100534
-80588.3
23325.3
22896.8
69102.7
18080
53695.6
48920.5
45808.5
68318.5
-120724
-121264
-272564
-104845
-4786.41
-12964.8
-67371.7
6875.2
96148.1
95638.3
216460
87714.5
-68812.1
-61355.7
-85967.2
-79297.8
9166.23
14929.1
58817.8
3477.55
58707.5
54981.8
45409.7
81743
-121967
-120891
-297896
-94267.2
-10091.1
-10667.4
-72093.8
10304.7
91136.2
96202.6
218884
80811.7
-58086
-51840.8
-74802.7
-59816.3
2474.87
7392.09
49296.7
-7848.18
83966.1
76484.9
60333.9
108357
-117463
-121875
-322821
-91826.3
9661.2
1344.92
-54756.9
27297.2
101229
105956
252487
88364.3
-59987.4
-56461.1
-96562.5
-65305.6
13055.3
24002.7
89082.7
-1332.9
95460.1
88743.3
73614.1
123358
-112839
-115407
-324463
-89386.8
18811.9
15726.1
-46005.1
37189.6
113894
119314
284579
99085.5
-42933.4
-37873.3
-72478.4
-39863.9
2931.66
9777.87
87232.2
-15213.4
96868
82397
53854
132080
-120026
-129158
-345836
-92502.3
23239.8
16158.8
-38582.6
41462.6
112458
115631
282512
96363.8
-50153.7
-53277.7
-96468.5
-47436.3
4841.56
8030.61
99159
-19658.3
86089.5
68638.1
20597.3
112733
-134460
-147749
-375341
-111937
14908.6
-735.391
-61577.7
28199.4
110651
112267
277307
95165.3
-45932.9
-49879.3
-112598
-46283
-27428.7
-16593.7
60898.9
-52237.5
78891.2
68438.7
7261.28
108727
-158475
-160638
-408742
-141618
-5164
-12139.6
-74606.1
1007.63
92562.4
94550.8
248205
72303.8
-61869.7
-59332.6
-136101
-64018.6
-35812.8
-25264.2
46804.1
-58481.3
81216.2
69618.9
8607.61
120210
-156884
-157348
-397743
-132814
-19641.3
-18548.1
-71599.5
-9936.97
69065.9
72037.2
210122
48740.2
-59262.6
-56623
-132852
-53325.8
-48358.3
-38611.6
22944.2
-75735.4
94678.8
81223.2
22155.8
128802
-153524
-156852
-391683
-137337
-11846.2
-15547.2
-49508.1
-9151.38
53450.2
56693.7
200645
27342.4
-77279
-75153.4
-159850
-78303.6
-55326.9
-46583.5
20163.1
-84896.7
93598.3
76568.4
21712.4
129284
-154291
-152552
-369768
-138881
-13395.4
-12443
-38043.1
-10845.6
39354
43497.7
182371
14540.9
-82328.4
-77754.9
-161680
-78496.6
-76984.1
-63172.2
-15960.1
-98394.6
87656.5
70589.1
-10888
138831
-156716
-156834
-373827
-136180
-5191.58
-2793.78
-25188.6
2452.25
23752.4
30885.7
139270
4962.48
-91363.1
-88970.3
-186248
-84082.1
-70373.4
-58100.1
-10040.2
-95670.1
73986.7
57075.5
-54473.4
116344
-162720
-164878
-379367
-156633
-14601
-18149.3
-46712.2
-16258.5
4891.76
12797.2
99545.8
-15216.9
-85370.4
-85304.7
-204314
-81631.9
-71825.8
-61410.8
-23503.5
-97323.3
99108.8
76784.7
-20994.7
139408
-176808
-176927
-384552
-168060
-9258.15
-12942.2
-19676
-10545.1
413.657
4760.24
98444.1
-19898.7
-99697.1
-100799
-222179
-98104
-64274.6
-47890.9
-10444.7
-84627.2
109689
90825
-136.472
154523
-190978
-182830
-398962
-176903
-13717.2
-9484.42
-6341.33
-15824.3
-10973.6
999.142
85564.9
-33470.9
-103231
-98908
-225305
-94999.8
-58066.9
-46195.3
-8041.93
-77841.1
124190
102199
18836.6
169613
-195417
-191728
-406353
-185811
1994.75
3133.9
31107
-1161.07
-9545.94
1483.51
107328
-32128.1
-121789
-120243
-257095
-117027
-51905.9
-36508.6
-951.059
-69229.3
132933
112348
25961.4
185572
-209895
-202556
-415715
-209292
7054.8
10867.5
43578.3
1382.39
-10946
-291.328
106147
-37135.8
-138167
-132226
-276740
-133547
-43178.1
-31870
8406.79
-64976.7
157468
131747
44638.9
211611
-223936
-214842
-424898
-227532
25459.4
27650.7
82578.1
13404.6
-14892.4
-6212.64
98905.9
-50793.6
-148585
-144294
-289608
-150345
-35737.2
-29606.6
21211.1
-58173.7
154501
126569
29697.8
206347
-247342
-243256
-454511
-255599
9679.58
9770.09
67635.5
-2572.45
-43366.9
-33628.6
58019.5
-72434.6
-147335
-147319
-302088
-148645
-42339.4
-35271.9
16310.8
-60338.8
162667
135906
54235.1
215933
-266965
-254722
-474392
-270127
-2617
3566.65
62864.6
-14604.6
-44803
-32685.3
57198.6
-73013
-159373
-155982
-306363
-160214
-36828.2
-27234.9
15555.6
-54322.8
164708
141282
68719.5
217490
-260770
-242120
-474474
-256019
-7190.57
9526.85
63257.8
-13242
-48735.2
-33237.6
43100.3
-79174.7
-165674
-162565
-329503
-162782
-24820.2
-17541.2
31877.1
-38567.7
186218
161680
109988
240430
-227140
-217468
-439221
-218591
20572.6
28854.9
97093.5
16865.9
-35462.1
-20584.6
79932.1
-62780.5
-174723
-174374
-355530
-171024
-7962.73
1326.53
58009.6
-25520.9
196628
173852
133824
247209
-221513
-212655
-437524
-215934
27425.1
37204.4
103223
22637.3
-17887.7
-4705.09
100691
-46812.6
-172732
-170584
-359236
-166142
10335.8
19986.4
92967.6
-9057.33
219147
194915
170283
272327
-220774
-212281
-434441
-221845
38943.2
47741
123831
28195.2
-4720.64
4910.15
119731
-44472.1
-176408
-177265
-369432
-175504
34194.3
36158.6
138331
18653.5
221084
192030
174104
270284
-229855
-226389
-436600
-229683
32216.5
33554.3
117631
21580.2
-14213.6
-3305.72
119872
-44704.7
-177514
-180761
-386297
-172303
-18310.5
-14734.7
-15968.6
-31087.9
2069.7
-2725.9
-13797.1
3470.48
-2457.9
-3911.01
1606.55
-10572
-735.391
984.293
-5418.56
-4390.43
10297.6
8152.23
19380.4
6105.16
-13463.3
-13111.9
-22993.7
-15970
-5011.97
-165.463
37615.3
-17069.6
-14159.8
-16043.5
-44757
-5490.68
2469.92
5168.95
27535.4
-4698.72
12565.3
10036
25261.4
9961.01
21832.6
22505.1
40902.6
16256.4
-12911.8
-14143.5
-16144.7
-16901.3
3568.77
6453.76
76806.6
-19683
-29613.6
-39000.5
-92056.8
-28404.5
-4438.51
-5965.15
39228.2
-20274.9
4467.5
6424.77
24060
-2624.78
22935
22761.8
44470.7
25607.2
-34786.8
-32582.1
-36185.5
-44048.5
3611.9
13910.9
109595
-19258.8
-39303.1
-43010.5
-102530
-38410
-16300.2
-11180.8
41440
-35348.3
11879.4
15328
49562.5
5543.72
22029.9
20406.4
29744.4
25612.1
-32929.3
-27264.6
-23096.9
-40682
11539.3
25495.4
147931
-13635.1
-37589.8
-36016.5
-94777.8
-28842.9
-13915.2
-3239.96
55304.2
-31865.8
25253.6
28717
72651.7
24985.6
34975.6
32269.5
39955.8
40522.2
-31670.6
-24375.4
-18620.9
-38210.6
9325.32
20056.4
153277
-18104.1
-35168
-40340.4
-112583
-15504
-4006.47
3766.05
81299.6
-12902.6
25962.8
25903.4
64027.8
25172.3
41111.9
40678.4
52708.4
52265.8
-36701
-30281.1
-28531.8
-40289.5
1467.25
17621.8
138848
-28258.1
-28713.5
-33837.9
-128706
-11756.4
18181.8
28092.6
94801.8
7821.31
38533.1
41452.7
66436.9
38611.6
62509.7
61012
86053.5
70396
-34042.2
-29031
-40951.4
-36808.4
13764.5
27452.7
167865
-12932.3
-40678.4
-46949.8
-140770
-21513
46504.3
52465.2
143603
37815.4
55139.5
50114.1
100245
54715.9
75089.8
73372.9
122165
76913.4
-29016.8
-29518.2
-31212.4
-32263.9
33948.9
47290.6
192332
7435.93
-46522.7
-54530
-170625
-31269.7
69877.7
77456.5
173782
65682.4
71716.9
73184.1
119861
75275.8
89304.1
92741.3
144989
101874
-34489.1
-30218.2
-51106.8
-36326.9
35622.6
49330.6
210559
6105.16
-65084.2
-68188.4
-176480
-58492.6
90031.7
96385.7
224232
81788.2
77934.5
77690.5
150648
75791.2
90846.3
88126.7
151412
96394.2
-33626.5
-27927.9
-37477.4
-38657.5
38433.4
52077.7
228130
8177.69
-66996.2
-68377.2
-156416
-56060.1
117474
121495
269944
113458
95083.2
92676.2
190993
96725.8
97855.1
94972.2
175113
100161
-29533
-25954.4
-22973.9
-32001.5
25956.5
33858.4
201331
-8465.48
-72458.6
-79380.5
-181379
-59183.4
132616
128808
286208
129502
91913.3
84052.4
172707
89522.5
96650.9
92744.8
187933
93820.3
-36331.1
-36024.3
-46806.9
-39382.3
2042.12
19538.1
174839
-33680.2
-70959.6
-72661.6
-187545
-57739.5
130985
130218
288297
127254
99483.6
102653
193350
107410
102642
100995
220965
101660
-48756.4
-46309.8
-68537.7
-52492.8
11182.9
22880.6
197628
-28421.4
-67345.6
-72543.5
-192062
-58236.6
138200
135159
299296
127002
128759
122255
234896
127495
94098.9
90972.1
217408
78657.1
-48994.7
-51445.6
-76035.9
-62311
8420.93
27488.1
218195
-31872.8
-70445.5
-71005.5
-190375
-60367.8
136803
140054
321417
132482
140187
146278
280718
150441
88296.4
95788.2
231890
88464.7
-67911.2
-59505.9
-82880
-74168.4
13578.6
32019.2
223765
-23189.6
-63545.6
-64112.7
-182700
-46920.8
137631
137701
310474
133374
170863
167106
316969
180558
82102.2
80678.8
202778
74903.1
-62127.8
-57943.9
-91483.4
-63550.5
7302.29
19399.5
206442
-31001
-52673.8
-58270.5
-179203
-37423.6
131308
127541
287263
122778
180186
169091
319482
189798
66771.4
60983.7
175064
52825.8
-68979
-69562.3
-122439
-74751.1
-14212.1
1109.45
167789
-60679.7
-46719.3
-52658.2
-184597
-32298.5
126105
127310
284459
118945
181763
176559
319976
187039
41853.7
45780.2
156548
22455.6
-84595.4
-79167
-147573
-93572.9
-34645.4
-19666.8
140096
-84232.7
-31009.5
-43312.4
-174732
-7667.87
132653
126362
296339
118411
199134
190720
346076
205757
47644.9
47820.9
179517
24825.1
-84063
-86387.9
-147744
-92331.9
-37490.8
-17208.9
144518
-82926.7
-38650.5
-46976.6
-202826
-8579.33
119558
120685
287994
103692
209440
200285
364258
217565
44913.3
50890.5
190389
15414.2
-96779.6
-94783.4
-159408
-107904
-32956.8
-17983.8
142655
-79262.4
-43764.3
-58118.5
-240971
-14158.4
105722
104248
271598
89166.9
211600
204454
365783
222207
45289.5
52782
194377
27502.9
-120040
-117550
-191822
-135222
-41384.1
-22889.8
114700
-80714.1
-47111
-60251.9
-264311
-11707.6
83348.1
86107.9
238950
65467.5
217573
208799
364752
231260
30030.8
32801.3
150422
7584.43
-135289
-128212
-213205
-146925
-48135.6
-30933.8
85376.1
-86530.8
-50454.2
-63313.6
-291224
-10132.1
68757.6
74099.8
205599
50003.1
220337
209141
353043
240712
12226.6
16552.7
121072
-15847.7
-148582
-139683
-243885
-162077
-44733
-27551
81320.1
-78343.2
-30600.8
-46868.5
-280738
18874.8
82472.7
89266.6
238415
71849.1
240754
229687
372329
263796
15606.6
27779.4
151849
-9109.66
-137167
-126731
-222379
-146594
-57876.7
-43546.5
56974.4
-96743.5
-23780
-45932.2
-283401
22512.2
83359.4
86046.4
238482
64428
241399
224628
373070
257256
19693.6
29371.1
169136
-9845.75
-141436
-134442
-223052
-154463
-57110.9
-41698.8
64679.8
-87638.8
-21848.9
-37656.3
-274685
28878.2
94791.2
104086
264915
78979.6
246146
230648
388935
262638
21766.2
34931.8
183204
-12138.9
-134709
-123071
-201340
-146961
-54800.1
-43720.4
52088.3
-89031.1
-8442.15
-33755.2
-265811
38675.9
106695
110327
291303
90538
243335
226020
387390
258360
17215.9
32727.7
190095
-11640.4
-132071
-124638
-195686
-145207
-57967.2
-43185.1
45681.2
-90076.2
-5201.48
-28622.3
-257772
42888.1
113920
117872
303751
98618.8
239389
225242
390154
254188
22746.2
33668.9
191345
-7083.09
-123074
-114631
-176159
-135129
-55896.8
-41260.4
48733.8
-82859.5
6087.48
-11007.5
-232482
55370.7
133584
142715
329977
120456
251707
237979
412668
267118
24466.6
38755.8
201230
-8079.4
-112062
-98712.1
-152625
-123208
-70765.1
-59302.9
7668.57
-100235
20850.5
515.481
-210001
77641
152555
160097
368853
144767
246787
234607
411276
262008
24211.3
42321
218238
-11288.3
-103941
-90097.4
-134519
-112650
-88512.8
-67317.3
-22220.8
-121323
38153.4
14795.5
-209382
99206.4
172437
174316
390090
161499
255075
248150
421484
273774
40747.7
57936.1
250879
9742.52
-94902.2
-87090.8
-135832
-101311
-65934.9
-52136.4
18210.8
-96118.4
36556.7
6605.08
-225259
101538
173690
168931
388802
157379
269243
250283
438113
283424
44849
53629.1
244928
6651.75
-96136.8
-97146.6
-150648
-107603
-58535.7
-37867
39395
-89468.1
31156.5
3167.13
-251174
93039
169034
173873
401899
156774
269548
266955
453512
293007
42174.7
65010.7
246545
21612.7
-114268
-103436
-172956
-119857
-29105.2
-10947.4
85138.5
-55659.9
38306.1
15207.7
-234057
103144
170202
173882
407100
156065
295011
283084
486982
316135
51948.3
62422.7
229518
28590.4
-101937
-94353.5
-165406
-104967
-14709.2
-738.927
101883
-33978.6
50285.2
20773.4
-221657
121221
171470
169398
394897
158774
304745
286429
488414
333409
41657.1
44382.3
195672
18975.9
-106919
-107313
-193522
-109040
-11250.8
-426.385
98916.5
-36891.9
50647.2
14943.3
-248104
123732
175020
173825
403869
162385
307831
290327
487853
328595
25305.2
30427.5
167197
-3902.52
-118168
-116391
-221269
-122896
-1636.25
-2988.94
-2557.61
-997.728
2400.63
-863.377
594.677
4722.06
-10796.8
-8943.49
-6176.58
-10492.1
2284.66
885.298
7797.97
1439.67
-9888.18
-13809.1
-8745.5
-16879.3
-688.722
-4235.57
-5472.3
-3723.62
-2302.34
-6062.03
-12851.7
2938.03
-3124
-10565.6
-24837.8
1165.31
-15092.5
-11984.8
-18567.9
-13366.4
2086.67
-1528.06
-1489.17
6606.5
-20590.9
-23066.5
-20154
-22218.7
-13696
-22355.9
-39161.7
-14336.6
205.768
1234.61
-24887.3
7621.2
-11763.4
-17358.8
-48203.5
-8094.25
-21901.2
-18675.4
-41320.5
-21210.4
19369.8
18860
14548
21445.8
-36184.8
-36066
-55150.1
-40686.2
-14922.1
-16119.2
-63311.5
-6776.2
-12322
-14306.9
-46053.9
-5326.64
-33129.4
-38366.2
-73589.3
-32651.4
-50524.2
-44734.4
-73920.2
-52463.8
16399.2
15374.6
24419.9
18094.9
-67465.8
-64768.9
-102258
-70754.5
-23276.5
-26689.7
-89656.2
-12367.3
-20009
-19875.4
-59018
-17287.3
-47577.7
-45374.3
-86704
-57277.1
-58945.8
-52556.4
-86232.4
-65974.5
26940.8
29389.5
37169.8
25045.7
-79661.2
-73096.5
-119579
-91279.7
-32878.3
-35305.1
-115638
-29835
-18471.8
-22913.8
-73409.7
-15576.1
-63154.5
-63754.2
-105502
-73634.6
-64021.4
-61579.1
-104729
-69648.6
34214.8
30218.2
51229.9
28364.9
-94082.7
-94017.6
-147159
-111420
-45689
-54945
-141891
-47915
-34303.2
-38407.9
-89373.3
-27110.5
-83258.3
-77849.6
-125282
-87059.7
-66141.4
-62564.1
-106543
-65114.6
34023.9
28492.9
66934
33342.2
-108649
-104054
-156993
-121108
-61434.1
-65538.2
-157957
-52199.3
-30888.5
-32947.6
-90825.7
-28480.8
-83105.6
-80967.3
-136511
-96645.9
-54726.5
-52736.7
-104582
-58185
35236.5
29315.2
62813.7
30798.7
-97126.1
-91275.5
-136570
-113387
-73206.8
-81412
-184795
-72711.8
-21202.6
-26966.9
-64875.6
-18858.5
-88516.3
-85884.5
-118155
-99145.6
-45941.4
-47606.7
-85127.2
-47378.3
58822.8
51807.6
117050
51789.9
-95325.1
-92115.5
-111506
-114553
-83058.2
-88642.9
-187071
-76959.4
-37516.3
-38727.5
-86330
-34670.2
-92481.8
-85576.9
-117379
-107649
-59733.6
-55937.8
-106833
-59187.7
60838.8
56235.5
126058
55734.2
-98883.9
-89096.2
-112965
-115142
-83474.7
-86868.8
-195026
-75398.1
-44059.1
-44641.8
-98295.6
-34665.9
-90195
-78003.8
-107009
-100089
-53875.9
-50367.2
-105923
-45145.9
74221.5
74309.1
144443
77275.5
-83440.7
-72378
-87162.9
-92086.5
-80682.3
-78319.9
-195554
-63414
-46697.3
-51332.4
-125145
-36444.3
-96884.9
-87642.3
-113441
-110282
-43311
-45276.8
-118853
-30825.6
94381.8
88174.8
176205
92562.4
-85345
-79738.3
-102506
-98171.9
-81985.5
-86494
-205185
-73037.8
-73368.7
-80155.5
-181103
-73441.5
-111975
-106845
-145097
-126412
-52724
-58719.6
-147626
-43103.8
95247.3
88633
187156
90931.1
-106491
-102004
-134591
-127077
-80865.4
-86179.3
-214550
-75835.1
-87697.5
-89512.6
-180373
-90449.6
-129999
-123582
-171897
-147545
-55104.8
-57465.9
-149260
-45177.8
98092
94229.8
202783
96883.5
-121211
-111021
-129297
-141245
-89054.4
-91845.4
-208377
-85665.3
-96113.5
-93254.7
-172649
-107137
-154518
-142165
-194218
-175176
-55761.7
-58988.3
-147228
-51006.4
112278
114744
244165
102791
-143742
-129589
-150151
-174310
-88708
-82921
-188512
-85852
-113265
-111152
-183986
-129851
-176412
-164679
-206875
-205753
-76348.4
-79116.8
-171227
-72642.5
134253
133185
299994
123855
-164906
-149570
-158989
-200330
-75127.3
-73741.3
-151978
-78564.5
-133088
-125770
-190963
-149318
-191657
-171014
-211888
-225123
-84378.3
-83741.2
-176212
-79225
156307
157012
338995
146706
-171491
-150192
-145728
-211325
-74940.6
-68750.6
-127793
-79686.7
-143284
-138884
-214127
-164566
-215723
-198115
-250423
-254954
-84853.5
-86899.2
-194860
-78865.7
163501
158980
357269
145473
-184646
-167310
-168436
-231669
-84734
-83642.2
-140337
-100162
-170098
-157538
-247836
-183660
-227497
-205358
-266192
-259358
-95653.2
-94208.5
-217920
-87142.4
151740
150694
346991
139379
-209893
-186982
-195328
-255840
-81498.3
-72153.2
-119056
-85174.5
-167912
-155356
-242898
-183542
-233224
-215077
-276482
-267990
-92402.6
-91242.9
-213382
-86764.1
147360
148509
349893
135268
-223659
-199045
-201953
-272847
-80776.3
-75835.1
-112793
-86594.4
-174652
-161785
-248907
-193861
-258378
-239873
-311216
-295508
-98656.2
-100464
-222196
-96566.7
147273
146858
359329
124941
-258782
-234462
-252450
-316067
-88381.3
-80224.1
-123885
-92763.9
-183599
-169323
-265694
-199422
-269430
-247757
-324061
-307814
-115842
-113489
-250173
-111886
143867
146484
362375
124548
-278908
-247269
-282898
-330005
-71074.8
-62477.1
-105700
-68770.4
-182489
-166795
-264126
-201815
-274435
-250063
-330587
-319110
-117608
-116502
-251260
-114785
152476
156354
374762
130623
-277263
-245802
-284739
-332393
-62940.3
-56516.9
-109879
-64773.8
-167598
-157028
-253880
-184188
-282654
-259432
-332678
-328133
-106817
-106721
-246846
-97725
167065
166977
406690
143538
-271248
-243419
-279147
-327215
-45451.4
-45153.7
-83057.5
-49413.3
-178624
-167746
-272759
-193257
-281880
-255787
-339314
-320353
-111086
-112752
-241403
-106383
171016
173292
420169
153434
-270577
-244522
-266236
-329793
-43480
-43127.1
-85726.1
-43211.3
-176209
-161868
-274386
-188173
-272626
-247944
-340579
-312396
-120954
-116862
-249754
-121439
168590
174107
410534
150882
-278074
-244243
-262252
-338659
-59365.1
-61619.4
-119802
-66329.4
-170388
-160231
-283007
-183146
-269607
-249866
-345761
-303588
-135224
-134248
-269146
-138957
186552
188976
435146
166166
-282241
-252602
-263547
-348616
-61924.2
-61686.6
-134134
-59198.3
-175988
-164902
-286326
-187960
-256831
-235541
-331881
-287730
-152457
-148615
-279705
-159624
204615
206781
471731
187062
-280586
-247960
-242584
-347323
-31141.7
-32106.2
-95027.4
-22012.2
-176805
-171919
-286500
-191367
-247765
-233101
-328304
-277998
-172007
-169227
-294927
-181054
213903
213354
482772
200893
-289709
-262264
-248047
-360711
-31338.3
-40781
-118951
-18522.7
-196624
-189198
-319938
-208895
-267136
-247538
-354271
-294681
-192750
-185825
-323061
-200084
214952
213418
489236
200179
-324851
-291235
-286503
-397349
-55993.7
-64076.6
-159263
-47037.5
-220784
-205576
-356299
-232665
-272885
-245404
-371814
-297884
-208287
-197881
-347942
-217918
222255
220386
498746
209330
-337168
-293888
-296935
-411214
-61232.6
-56473.8
-173413
-45670.6
-212945
-198225
-344437
-227248
-258916
-240698
-363390
-288043
-204622
-193740
-341161
-217236
232972
228990
510694
222034
-326965
-287233
-269485
-405430
-55594.1
-57813.8
-162108
-44330.6
-196902
-185281
-306529
-210442
-259698
-238533
-351817
-281183
-202594
-194663
-325071
-216677
252419
248127
553560
235940
-323177
-282064
-236486
-405818
-42684.5
-39721
-127254
-23315.4
-191823
-179412
-291451
-208960
-240577
-219432
-321790
-265495
-208618
-200368
-325001
-227094
275750
268785
597110
260260
-300049
-256935
-180131
-384858
-1245.22
-1768.47
-60300.7
15881.6
-190504
-176024
-284412
-205178
-228668
-206373
-307793
-251953
-216720
-203817
-327645
-233238
293232
289311
617792
283186
-285712
-244742
-153626
-371092
12379.3
11431.8
-44456.5
32279.4
-194646
-180389
-294501
-207545
-231666
-207058
-310143
-252791
-222531
-206219
-341651
-234872
308437
303463
646379
297789
-295293
-249319
-162240
-378651
14419.3
14293.5
-41490.9
33301.9
-9779.99
-11134.8
-16608.5
-12955.6
12362.3
18748.9
28716.3
20930.4
2913.28
1459.47
-9329.57
5074.2
17547.6
23104.7
24613
25044.3
7527.15
15904.2
6826.41
12585.1
199.404
2431.03
1112.28
-3673.42
-27770.2
-27484.5
-38004.2
-30063.4
27119
28797.6
54916
34791.1
5111.67
6829.94
-8896.82
9951.82
43472.2
47559.3
63957.8
51911.5
24026.1
31056.8
40103.6
26805.7
-2654.48
-99.7021
11025.2
-11892.1
-49320
-49749.9
-77353.2
-56764.4
18127.4
13769.5
29794.7
21950.7
13845.2
10777.7
-9609.58
23539.6
60299.9
62619.3
87204.7
72762.7
36153.7
39266.3
55986.6
44631.9
-16150.3
-12315
7456.44
-31131.1
-67486.3
-66260.1
-98224.2
-78416
16273.4
14339.4
19058.6
20494.1
25131.3
15271.4
-9432.8
39121.4
80402.3
77255
112149
95197.8
53165.9
50064.6
70908
60237
-22205.3
-18200.2
456.791
-35945.1
-91955
-90287.6
-130337
-102813
13729.2
5564.22
12763.3
15202.8
22887.6
10714.1
-29612.2
38887.3
90579
82959.9
123896
109808
58293.2
54645.2
80463.8
67977
-29282
-25533.6
-5021.17
-45084.4
-112296
-106808
-159599
-130222
8791.46
5924.14
1853.33
13195.3
20204.2
8758.22
-48088.2
39331.4
105690
100816
130262
127596
57903.6
56496.4
72479.9
68542
-41239.9
-33741
-18892.5
-60654.2
-127860
-124082
-178958
-142153
13478.2
12968.3
12230.1
23496.5
7322.8
-4975.91
-81349.8
25433.9
122361
110225
133981
143982
60975.9
57741.6
75999.8
71743.8
-42454.7
-37949.7
-14246.8
-61273.6
-145900
-141606
-215315
-155488
28912.2
24946
27939.2
43407.9
1064.9
-6489.83
-96401.3
25331.4
132311
120659
139202
157833
64473.3
60566.5
81424.8
75805.4
-41746.2
-33669.6
-8560.23
-60032
-161231
-156293
-248700
-180163
25353.3
14428.5
10086.9
29482.8
7189.86
-3894.04
-85694.3
26320.6
139737
128174
148729
164745
55332.5
49386.5
71867.5
61347.2
-43942.4
-34498.3
-7759.08
-66934
-180350
-167569
-259778
-203312
19491.4
17640.9
581.242
25940.9
-2068.29
-12961.3
-99246.7
16547
141996
130713
156265
167318
52325.2
51023.4
72990.4
57786.2
-41456.3
-29699.2
-1999.7
-60257.5
-187350
-175429
-262800
-214796
34013.3
24234.7
14722.7
37813.9
-6657.41
-17138.1
-110403
8559.53
144385
130391
158248
170192
52506.9
48919.8
86534.3
53025.9
-31532.7
-19450.4
10407.9
-49029.4
-194271
-180349
-255343
-225740
36739.9
30068.3
19926.3
44438.1
-18447
-28800.5
-115454
-4638.62
152391
139516
163991
179353
42806.8
41986.6
82062.6
41066.6
-21742.1
-12512.3
22160.7
-39633.3
-195660
-181613
-252673
-225522
34405.7
31263.3
23188.9
43944.6
-29722.5
-36761.1
-131306
-17622.5
161034
142947
168624
187306
47191.6
45650.8
81457.3
48390.1
-13791.4
-9717.06
36312.1
-31138.9
-197608
-178827
-254814
-219782
40129.7
37990
34014
51555.2
-29093.2
-30528.6
-128194
-9925.66
160481
145503
168294
189447
45945.7
45078.8
72177.2
47396
-16683.5
-8713.68
31656.5
-28788.4
-181775
-164637
-236211
-201709
45624.7
38726.1
43334.3
52930.5
-5340.07
-10014
-86288.9
12108.5
179734
166236
206687
211233
47725.5
47316.1
81924
49276.9
-24482.9
-16906.9
18121
-36473.3
-186873
-172053
-242525
-215290
43994.1
40039.2
44781.8
49153.1
-10938.2
-15298.3
-87081.6
1226.83
176760
159953
208106
204270
41191.1
41092.1
74580
44243.7
-30310.8
-24265.1
-1608.67
-45300.1
-193011
-175250
-245780
-217148
47230.5
42125.2
56988.6
49973.4
-10000.6
-12404.8
-77765.5
3992.32
173194
155614
206846
200272
35971.9
34657.4
67088.9
38166.1
-38285.6
-29487.1
-9120.97
-50111.2
-188329
-171803
-235304
-217505
48302.5
44620.6
68694
50285.2
-7273.3
-10813.1
-60761.7
692.965
173209
159191
218048
196912
24866.1
25308.8
47718.4
25561.2
-47103.2
-39843.3
-30559.7
-62091
-200220
-187453
-250665
-233754
51253.9
54422.5
81854.7
63870.1
-9239.06
-14502.8
-64094.3
-1663.82
179826
166512
223792
207280
23269.5
25642.5
33574.8
28413
-42768.6
-34902.1
-16691.3
-56595.4
-212558
-193034
-263617
-241630
72646
73399.1
109331
88378.4
-4413.76
-3949.9
-57418.5
9990
197210
186592
244764
230770
33606.7
35001.8
46674.7
39615.7
-34021.7
-21554.7
3283.8
-44311.6
-217535
-200949
-268652
-256111
67566.9
60869.2
91054.8
74002.3
19956.7
13786.5
-17959.8
29571.2
222428
208681
294160
251188
33089.8
32409.5
57212.7
30529.3
-44054.9
-34623.5
-8797.12
-61613.7
-238562
-219228
-292439
-277023
62091.8
58903.4
76401.5
72979.1
12884.9
7253.5
-28971.6
24021.8
218386
202551
290170
249114
20714.7
22896.8
39100.2
24444.7
-50981
-42849.3
-33214.2
-63187.1
-262522
-239564
-330406
-304013
58207.6
52352.8
55275.2
68858.1
10910
6791.05
-41441.4
22717.2
217445
200748
278365
250959
11841.2
12383.6
9738.98
16445.2
-59605.6
-49096.5
-56417.9
-68274.7
-276337
-256195
-345876
-323200
54220.2
48202.8
38347.1
68716.6
10512.6
2148.9
-37385.4
19200.1
215856
199289
273149
247105
-8665.59
-7234.41
-29027.4
-6157.49
-65419.4
-59713
-85159
-75098.3
-283992
-260961
-358270
-319944
65801.9
64817.7
59517.9
92840.3
-7455.73
-12892
-67390.8
6991.16
218005
202624
267501
252546
-6381.64
-5116.62
-25899.9
-1066.32
-62074.8
-57554.2
-86809.4
-65714.3
-279616
-254919
-366016
-305233
94650.5
89750.9
93457.6
128187
-10820.9
-14155.6
-88656.3
10660.3
235435
220483
287132
273724
2384.36
5703.52
-8309.21
8826.81
-55536.9
-52006.3
-86148.2
-53921.8
-278455
-263440
-386884
-312676
112417
96991.7
100016
140849
-8827.52
-17156.5
-95682.9
7790.9
249138
230617
303982
285867
2991.77
3827.57
1004.09
4937.73
-56437.7
-58918.3
-104334
-61366.3
-298725
-278631
-419063
-335754
118666
106529
99576.9
148746
-23372.7
-28290.6
-123515
-2580.23
247526
225963
300485
282686
-6079.7
-6537.91
-8797.12
-4948.33
-69342.4
-68214.6
-133102
-71561.3
-309213
-288859
-443685
-344724
138702
121808
116046
173265
-30929.6
-36686.1
-152042
-10041.6
237796
217717
279658
272643
-17900.4
-16892.1
-23748.9
-18700.9
-70900.9
-71360.5
-153271
-69894
-314178
-296531
-451583
-351395
155503
136723
131558
194618
-44155.3
-52744.5
-176347
-23472.4
242323
221848
287775
278604
-28806.1
-27756.8
-34127.8
-32800.6
-77621.2
-80330.9
-172258
-77194.1
-334213
-313832
-487617
-370809
151824
133029
121615
190111
-46423.7
-56428.5
-187912
-30805.8
236627
209711
275096
267281
-24323.1
-24194.4
-42886.7
-27541.8
-77829.1
-78109.1
-164409
-78604.1
-346492
-322130
-513084
-378673
147926
126008
110263
185153
-48429
-52259.4
-186550
-30278.3
225221
202292
252324
258614
-15106.6
-14961.7
-37166.9
-16699
-77486.9
-76562.7
-152517
-80767.9
-343518
-320114
-523300
-371367
133302
111946
75210
171787
-21025.1
-26005.3
-145402
6612.86
226256
207196
249726
268686
2532.86
3225.11
-14537.4
8324.77
-75354.2
-69347.4
-136518
-74388.3
-350718
-330623
-538100
-382419
125461
104002
64375.7
159451
-12367.3
-24992
-133517
8560.23
217162
189252
234123
253109
4522.65
-1224.71
-11968.5
7457.86
-70600.4
-69609
-132219
-71249.5
-369454
-342596
-569139
-400029
111320
93135.9
47454.6
143613
-11093.8
-16619.1
-120777
9349.37
185742
164410
192499
221245
-1244.51
-3518.56
-26078.8
4256.08
-65182.5
-58263.5
-118893
-59983.9
-373277
-352131
-582141
-403810
108357
89473.8
42836.5
142717
2183.55
-8941.37
-89111
22620.3
172389
150701
174105
204478
-1001.26
-5581.9
-37162.7
6862.47
-53319.4
-52119.4
-113650
-49162.3
