-616263
-439467
160937
-50864.3
-2.72053e+06
-2.22228e+06
-1.07567e+06
-1.16674e+06
-2.4948e+06
-1.95314e+06
-423532
-763597
-670286
-516488
-59153
-172947
-1.82675e+06
-1.46589e+06
-546666
-670754
-111183
-44132.7
246077
124463
-590950
-419456
181620
-24360.5
-2.82343e+06
-2.30702e+06
-1.12735e+06
-1.20778e+06
-2.52361e+06
-1.97427e+06
-418012
-778733
-577281
-443309
-13205.2
-150188
-1.84199e+06
-1.47807e+06
-541048
-696813
-112887
-45456.4
250849
97965.4
-675546
-484965
173185
-53833.5
-2.96957e+06
-2.42804e+06
-1.1781e+06
-1.27302e+06
-2.59508e+06
-2.02972e+06
-425337
-791747
-503956
-377857
40180.6
-97003.7
-1.82394e+06
-1.46046e+06
-524062
-668463
-98697.3
-34195.7
261822
125888
-706449
-504945
174238
-52687.9
-3.11075e+06
-2.5394e+06
-1.23914e+06
-1.32713e+06
-2.63619e+06
-2.06058e+06
-435968
-806394
-464274
-343619
68468.4
-70509.9
-1.84574e+06
-1.47794e+06
-528939
-681343
-88966.1
-22437.9
262453
121132
-731533
-524590
169032
-60411.7
-3.24624e+06
-2.65152e+06
-1.29559e+06
-1.39597e+06
-2.67995e+06
-2.09627e+06
-464153
-821628
-406393
-295027
91668.6
-42245.4
-1.87467e+06
-1.49929e+06
-552752
-686985
-53529.4
6697.72
270695
143912
-710502
-505267
184341
-45650.8
-3.379e+06
-2.76124e+06
-1.36735e+06
-1.44888e+06
-2.73292e+06
-2.14025e+06
-484058
-847902
-326719
-230078
135316
-8961.87
-1.91331e+06
-1.53758e+06
-568168
-718181
-38127.2
15065.6
273868
141377
-753613
-540516
183870
-68143.2
-3.44997e+06
-2.82078e+06
-1.38972e+06
-1.49187e+06
-2.84086e+06
-2.23124e+06
-543975
-886605
-345653
-238923
135750
3836.05
-2.00609e+06
-1.61141e+06
-613081
-752859
-114048
-50751.2
253321
124985
-703320
-498698
208771
-32604.7
-3.39723e+06
-2.77725e+06
-1.37014e+06
-1.46399e+06
-2.97794e+06
-2.34298e+06
-610467
-955776
-342692
-235125
162533
5804.64
-2.01575e+06
-1.61743e+06
-603588
-776765
-166921
-90419.2
244356
83152.2
-684349
-482887
222311
-28554.4
-3.34132e+06
-2.73172e+06
-1.34656e+06
-1.44191e+06
-3.10964e+06
-2.45287e+06
-669699
-1.01643e+06
-347436
-234245
187378
21997.4
-1.96785e+06
-1.57733e+06
-572989
-738294
-121302
-54725.8
265370
115424
-652919
-455218
239566
-7636.05
-3.30056e+06
-2.69808e+06
-1.32915e+06
-1.4189e+06
-3.24051e+06
-2.56069e+06
-738810
-1.07754e+06
-365080
-244880
201376
30302.4
-1.96238e+06
-1.57171e+06
-565234
-734125
-112088
-45162.2
270217
117295
-630432
-437404
246351
3942.12
-3.29474e+06
-2.69289e+06
-1.33017e+06
-1.41765e+06
-3.42308e+06
-2.7118e+06
-837770
-1.16163e+06
-395973
-267356
206041
28333.1
-1.99253e+06
-1.59497e+06
-582540
-739340
-100385
-35338.4
284864
132810
-589848
-401948
276730
16087.4
-3.23753e+06
-2.64735e+06
-1.30534e+06
-1.4013e+06
-3.60398e+06
-2.86545e+06
-925747
-1.26289e+06
-352046
-227482
257422
52722.6
-1.99132e+06
-1.5978e+06
-571989
-749503
-123973
-54078.8
291335
121564
-547761
-370272
295499
37382.6
-3.27868e+06
-2.67943e+06
-1.32564e+06
-1.42559e+06
-3.7032e+06
-2.94799e+06
-955396
-1.30595e+06
-324884
-201828
264607
79889.6
-2.01149e+06
-1.60531e+06
-577970
-722687
-145687
-65464.7
287130
139511
-542838
-368802
294192
55021.4
-3.33985e+06
-2.73155e+06
-1.36288e+06
-1.44328e+06
-3.74592e+06
-2.97503e+06
-938314
-1.31223e+06
-280516
-168051
273430
83687.5
-1.9633e+06
-1.56461e+06
-554620
-718057
-132356
-53757.8
301179
126612
-627219
-434647
276573
15621.4
-3.42776e+06
-2.80503e+06
-1.3962e+06
-1.4904e+06
-3.82262e+06
-3.033e+06
-925174
-1.32162e+06
-234816
-131375
287579
105548
-1.87522e+06
-1.49384e+06
-523784
-670657
-75275.8
-6674.38
330662
170546
-670019
-467301
266458
6240.22
-3.5078e+06
-2.86813e+06
-1.43513e+06
-1.52175e+06
-3.87632e+06
-3.07054e+06
-918110
-1.32914e+06
-210443
-111065
289116
112000
-1.83854e+06
-1.46392e+06
-517328
-664860
-38200
25624.8
346714
177611
-735803
-520007
245602
-18973.8
-3.6318e+06
-2.96883e+06
-1.48031e+06
-1.57682e+06
-3.97518e+06
-3.14788e+06
-931635
-1.35109e+06
-193744
-97704.5
283553
119447
-1.83933e+06
-1.46206e+06
-527435
-658901
620.133
60830.3
365245
208770
-750496
-532049
237938
-25303.8
-3.7487e+06
-3.06779e+06
-1.54141e+06
-1.62946e+06
-4.05825e+06
-3.21289e+06
-942733
-1.37353e+06
-178205
-89876.8
282487
114274
-1.86315e+06
-1.49079e+06
-542906
-683787
9771.51
60809.1
363454
203543
-766751
-543613
245780
-41612.5
-3.78683e+06
-3.0991e+06
-1.55388e+06
-1.65394e+06
-4.09161e+06
-3.24214e+06
-939881
-1.38756e+06
-231182
-135481
256952
91184.2
-1.90073e+06
-1.52359e+06
-570895
-708860
42968.1
88980.9
379212
224656
-787102
-562552
226153
-23285.7
-3.86177e+06
-3.16076e+06
-1.59203e+06
-1.67167e+06
-4.07033e+06
-3.21904e+06
-913628
-1.36681e+06
-266666
-166260
253588
66393.1
-1.8503e+06
-1.48409e+06
-554822
-704916
81715.4
124460
405950
230483
-926229
-675377
163077
-102379
-4.00146e+06
-3.27653e+06
-1.65071e+06
-1.74147e+06
-4.09616e+06
-3.23909e+06
-904725
-1.37074e+06
-338641
-222170
232710
47484.3
-1.81859e+06
-1.45977e+06
-560248
-685273
130137
163158
417520
266056
-1.04082e+06
-770986
106268
-148963
-4.14744e+06
-3.39416e+06
-1.72054e+06
-1.79981e+06
-4.10665e+06
-3.24524e+06
-907763
-1.36764e+06
-426394
-293612
196499
11879.4
-1.83956e+06
-1.48008e+06
-591230
-711474
155146
182568
417370
263427
-1.14802e+06
-859242
56047.4
-203355
-4.29704e+06
-3.51659e+06
-1.77477e+06
-1.87294e+06
-4.13584e+06
-3.2688e+06
-915753
-1.37725e+06
-489487
-345287
167902
-14816.7
-1.86059e+06
-1.49757e+06
-625492
-727747
183928
207037
429353
283256
-1.20516e+06
-903576
34268.5
-228757
-4.41511e+06
-3.61203e+06
-1.826e+06
-1.91691e+06
-4.15609e+06
-3.28166e+06
-915555
-1.37894e+06
-524487
-371125
173561
-29377.5
-1.86931e+06
-1.51165e+06
-638061
-745159
197520
217746
442243
286581
-1.1358e+06
-847828
62842.7
-229310
-4.46369e+06
-3.65767e+06
-1.85294e+06
-1.9673e+06
-4.13937e+06
-3.27465e+06
-916627
-1.39403e+06
-597898
-432840
130506
-43087.6
-1.94497e+06
-1.57937e+06
-680319
-768655
201586
219550
439268
296281
-1.08127e+06
-800546
105517
-182304
-4.51232e+06
-3.69657e+06
-1.87665e+06
-1.97861e+06
-4.11226e+06
-3.25018e+06
-898678
-1.37719e+06
-679043
-501972
92453.5
-95568.3
-2.02375e+06
-1.64113e+06
-700167
-818243
188578
210374
439539
277845
-1.10736e+06
-819658
112074
-186835
-4.60311e+06
-3.77175e+06
-1.90623e+06
-2.01997e+06
-4.13833e+06
-3.27158e+06
-898212
-1.38269e+06
-827317
-620260
39946.6
-146211
-2.09885e+06
-1.69976e+06
-713453
-829612
133572
166476
420693
272575
-1.11112e+06
-818927
131265
-182644
-4.7033e+06
-3.85071e+06
-1.94067e+06
-2.05824e+06
-4.09929e+06
-3.2378e+06
-876442
-1.3703e+06
-983820
-747995
-19937.6
-218779
-2.18628e+06
-1.77013e+06
-734663
-867136
115032
151710
415829
248757
-1.03777e+06
-756849
170491
-141475
-4.74895e+06
-3.88733e+06
-1.96015e+06
-2.07951e+06
-4.00902e+06
-3.16646e+06
-847122
-1.33437e+06
-1.06667e+06
-816003
-66341.5
-257115
-2.24555e+06
-1.81774e+06
-759927
-888371
168721
196127
438539
279994
-968073
-695539
212657
-96773.9
-4.76519e+06
-3.90066e+06
-1.97304e+06
-2.08278e+06
-3.94755e+06
-3.11245e+06
-833217
-1.29954e+06
-1.12693e+06
-867707
-92894
-283548
-2.29739e+06
-1.86174e+06
-777680
-907668
206299
227246
452391
299593
-959284
-694048
226001
-87096.5
-4.70678e+06
-3.85413e+06
-1.94393e+06
-2.05977e+06
-3.93957e+06
-3.10748e+06
-841981
-1.29829e+06
-1.2292e+06
-953154
-165282
-337820
-2.43012e+06
-1.96398e+06
-846528
-953150
197747
218750
454465
295537
-1.02735e+06
-748890
197511
-111765
-4.68871e+06
-3.83633e+06
-1.92873e+06
-2.04483e+06
-3.93785e+06
-3.10361e+06
-843636
-1.30737e+06
-1.29485e+06
-1.01053e+06
-204529
-401071
-2.52387e+06
-2.04075e+06
-886475
-1.01654e+06
214844
232102
455742
278466
-1.09702e+06
-808388
165507
-148893
-4.64404e+06
-3.80261e+06
-1.9088e+06
-2.02636e+06
-3.92994e+06
-3.10048e+06
-839621
-1.30312e+06
-1.34113e+06
-1.04953e+06
-242268
-415526
-2.58239e+06
-2.09078e+06
-921653
-1.03575e+06
321154
314118
479791
326884
-1.18854e+06
-880004
135895
-184631
-4.62909e+06
-3.78459e+06
-1.88729e+06
-2.01126e+06
-3.92526e+06
-3.0936e+06
-840077
-1.30352e+06
-1.41745e+06
-1.11421e+06
-284294
-462699
-2.67459e+06
-2.16612e+06
-962553
-1.08579e+06
369582
354579
490693
332974
-1.21907e+06
-904226
121912
-194285
-4.55769e+06
-3.72414e+06
-1.85005e+06
-1.97509e+06
-3.91958e+06
-3.09052e+06
-853885
-1.29864e+06
-1.46478e+06
-1.15499e+06
-336102
-484686
-2.76179e+06
-2.23583e+06
-1.02002e+06
-1.11913e+06
479995
446271
525758
389914
-1.28296e+06
-957529
97418.1
-215197
-4.52435e+06
-3.69783e+06
-1.83391e+06
-1.94981e+06
-3.96403e+06
-3.13109e+06
-883088
-1.325e+06
-1.54076e+06
-1.22421e+06
-373714
-535986
-2.87528e+06
-2.33897e+06
-1.07062e+06
-1.18386e+06
497194
452993
525579
386965
110919
93042.5
49964.9
43712.6
564688
481583
355282
321417
-1.22854e+06
-1.05088e+06
-756195
-665675
-959515
-939014
-1.38767e+06
-959277
-1.40122e+06
-1.13408e+06
-488688
-558996
207711
130586
-177918
-51410.9
146705
126347
70514.1
66131.5
525930
454542
357117
299096
-1.31323e+06
-1.1161e+06
-780960
-707185
-1.00569e+06
-980475
-1.41906e+06
-981998
-1.42932e+06
-1.15406e+06
-480439
-575564
253067
166312
-172498
-39448.1
131178
110958
78416.7
60945.5
515882
445364
366641
309254
-1.42327e+06
-1.20443e+06
-799330
-737434
-1.09072e+06
-1.05026e+06
-1.46507e+06
-1.02405e+06
-1.44953e+06
-1.17149e+06
-482243
-570559
220100
137455
-188560
-51216.5
188824
164554
106309
87781.7
546011
474088
391649
323287
-1.52778e+06
-1.28514e+06
-825154
-771645
-1.15527e+06
-1.10557e+06
-1.50792e+06
-1.05878e+06
-1.43917e+06
-1.15982e+06
-467726
-570643
295947
200802
-164206
-30440.2
229346
195135
126630
114552
577876
500851
409567
347525
-1.63589e+06
-1.37242e+06
-859356
-811693
-1.19997e+06
-1.14407e+06
-1.54934e+06
-1.09035e+06
-1.39881e+06
-1.12587e+06
-451307
-541727
330548
225537
-162591
-17570.9
228036
196279
125543
117998
584540
505954
411270
352110
-1.74688e+06
-1.46311e+06
-905887
-849338
-1.27545e+06
-1.2097e+06
-1.60105e+06
-1.13363e+06
-1.40647e+06
-1.1331e+06
-447992
-544230
415376
292514
-148108
14191.6
234257
196973
148656
115997
605098
523560
447249
351000
-1.77642e+06
-1.48227e+06
-910872
-886198
-1.29757e+06
-1.22981e+06
-1.62815e+06
-1.16905e+06
-1.49105e+06
-1.19995e+06
-467321
-569535
440721
314856
-119143
19198.7
262103
226155
163523
150918
649503
562398
477523
384687
-1.72473e+06
-1.43616e+06
-900894
-854905
-1.30318e+06
-1.23748e+06
-1.66306e+06
-1.16505e+06
-1.64085e+06
-1.31806e+06
-527032
-625805
512869
378473
-90989.8
67356.9
254391
219345
181586
140125
771584
659778
527106
431985
-1.66528e+06
-1.39002e+06
-884335
-839330
-1.34579e+06
-1.27508e+06
-1.71127e+06
-1.20664e+06
-1.78053e+06
-1.43329e+06
-580105
-688930
525206
389803
-73539.1
72540
287580
252537
206220
171265
882133
752893
581148
487443
-1.62914e+06
-1.35915e+06
-881641
-817560
-1.37068e+06
-1.30049e+06
-1.75249e+06
-1.23049e+06
-1.93309e+06
-1.55525e+06
-636398
-751292
589428
444890
-38596.7
108227
277866
242232
215232
176362
997849
848790
639044
542366
-1.63513e+06
-1.36627e+06
-894484
-825911
-1.41568e+06
-1.34129e+06
-1.80162e+06
-1.26545e+06
-2.04104e+06
-1.64358e+06
-671606
-791933
615072
463991
-23876.9
122217
258427
232121
214917
173707
1.10266e+06
938384
689199
590204
-1.62407e+06
-1.35748e+06
-902988
-829148
-1.46448e+06
-1.38563e+06
-1.85565e+06
-1.308e+06
-2.1922e+06
-1.76596e+06
-730704
-851896
690217
528468
8202.44
157485
191802
174542
186974
150525
1.13916e+06
969635
716761
632021
-1.62567e+06
-1.36794e+06
-905503
-830502
-1.3602e+06
-1.30538e+06
-1.82505e+06
-1.29584e+06
-2.26539e+06
-1.82908e+06
-751908
-901446
674340
507244
12324.2
136583
56789.2
66450.4
112068
103685
1.07104e+06
919766
700644
604363
-1.66225e+06
-1.39203e+06
-932202
-842664
-1.26436e+06
-1.23072e+06
-1.80844e+06
-1.24059e+06
-2.34276e+06
-1.8884e+06
-784577
-922941
676549
510204
6994.7
154205
-105253
-71656.8
29125.7
10010.5
1.11479e+06
952858
711093
621939
-1.68291e+06
-1.41271e+06
-955845
-860321
-1.17518e+06
-1.16189e+06
-1.81091e+06
-1.2285e+06
-2.39583e+06
-1.93685e+06
-820576
-959161
631791
470551
-15644
123517
-242901
-185806
-46348
-53235.9
1.11876e+06
954195
717495
625537
-1.72221e+06
-1.44809e+06
-988546
-880837
-1.07757e+06
-1.09044e+06
-1.80523e+06
-1.1992e+06
-2.44323e+06
-1.97592e+06
-846669
-981225
629029
468007
-18973.1
124632
-422508
-334602
-137097
-139910
1.11431e+06
952136
716744
626115
-1.80449e+06
-1.51563e+06
-1.04019e+06
-924616
-997412
-1.02467e+06
-1.80918e+06
-1.18467e+06
-2.47981e+06
-2.00678e+06
-863399
-1.00109e+06
608240
450341
-33458.2
103944
-555770
-446135
-203884
-209770
1.15842e+06
990357
746123
640542
-1.80519e+06
-1.51878e+06
-1.05523e+06
-937800
-848399
-906609
-1.77306e+06
-1.14414e+06
-2.49795e+06
-2.01824e+06
-866231
-1.00519e+06
694942
524115
2740.04
147547
-654619
-537936
-266745
-269883
1.17725e+06
1.00389e+06
749245
668015
-1.81892e+06
-1.54178e+06
-1.07061e+06
-965395
-788723
-864162
-1.76053e+06
-1.12432e+06
-2.49212e+06
-2.02014e+06
-883378
-999237
719938
537581
-23571.4
153614
-732848
-597787
-313946
-316203
1.10168e+06
945522
727208
625946
-1.82226e+06
-1.5414e+06
-1.07135e+06
-977157
-812342
-883753
-1.77196e+06
-1.13543e+06
-2.56166e+06
-2.07533e+06
-919015
-1.046e+06
724907
541982
-53149
134717
-828064
-676867
-348253
-360366
1.08216e+06
930839
722578
626055
-1.8268e+06
-1.54314e+06
-1.06186e+06
-969400
-866974
-924338
-1.78601e+06
-1.15567e+06
-2.62942e+06
-2.13109e+06
-952119
-1.07176e+06
683093
506457
-82415.4
113431
-878870
-717562
-369518
-382908
1.07489e+06
923118
729897
622935
-1.82436e+06
-1.54068e+06
-1.05278e+06
-962907
-896075
-949480
-1.793e+06
-1.1604e+06
-2.65946e+06
-2.15752e+06
-966491
-1.09367e+06
709203
524304
-84223.5
111857
-991313
-815170
-426182
-428305
1.05953e+06
911081
715932
622611
-1.84867e+06
-1.56146e+06
-1.05972e+06
-968292
-973630
-1.01468e+06
-1.8224e+06
-1.1945e+06
-2.67307e+06
-2.17111e+06
-985316
-1.09698e+06
687726
500089
-117134
91523
-1.11159e+06
-914050
-484198
-488030
1.056e+06
906585
715246
613027
-1.84024e+06
-1.55287e+06
-1.05398e+06
-961486
-1.01288e+06
-1.04419e+06
-1.83357e+06
-1.21115e+06
-2.69983e+06
-2.19442e+06
-1.0018e+06
-1.11282e+06
733712
536402
-120231
103363
-1.14698e+06
-946045
-496969
-512988
1.06321e+06
916662
721937
623380
-1.82098e+06
-1.53992e+06
-1.0571e+06
-966998
-1.01612e+06
-1.0454e+06
-1.84663e+06
-1.22325e+06
-2.66412e+06
-2.16667e+06
-974543
-1.10528e+06
687535
494506
-143055
68262
-1.09548e+06
-906316
-482567
-494106
1.03968e+06
898930
727850
611105
-1.80778e+06
-1.53044e+06
-1.0652e+06
-975889
-1.01795e+06
-1.05444e+06
-1.85938e+06
-1.22366e+06
-2.60766e+06
-2.11928e+06
-944111
-1.07759e+06
649480
463462
-158020
54398.4
-1.03545e+06
-857663
-447476
-475435
1.13208e+06
974132
768018
656153
-1.71862e+06
-1.46083e+06
-1.0344e+06
-942431
-1.02762e+06
-1.06087e+06
-1.8663e+06
-1.23598e+06
-2.49946e+06
-2.03192e+06
-885504
-1.03095e+06
603958
427277
-156571
37761.6
-948255
-781996
-410659
-426307
1.2249e+06
1.05121e+06
814144
700425
-1.64625e+06
-1.40087e+06
-1.01365e+06
-909732
-1.01353e+06
-1.0504e+06
-1.86977e+06
-1.22544e+06
-2.3745e+06
-1.92387e+06
-824069
-964907
611933
438768
-136040
55754.7
-905778
-749745
-399744
-406202
1.30872e+06
1.12152e+06
855051
743258
-1.60585e+06
-1.36889e+06
-1.00149e+06
-894327
-1.02633e+06
-1.06076e+06
-1.8824e+06
-1.23886e+06
-2.23736e+06
-1.81203e+06
-753517
-899422
571996
405156
-144229
39261.4
-875155
-726480
-392461
-403975
1.36796e+06
1.17015e+06
884006
760831
-1.55008e+06
-1.3254e+06
-994487
-879865
-1.02738e+06
-1.06428e+06
-1.89683e+06
-1.25221e+06
-2.15683e+06
-1.74359e+06
-718152
-857548
571654
406048
-144715
44133.4
-789867
-648769
-353621
-376704
1.40363e+06
1.19977e+06
914474
797827
-1.56329e+06
-1.3337e+06
-996113
-871310
-958683
-1.00639e+06
-1.87414e+06
-1.22293e+06
-2.13458e+06
-1.71878e+06
-698610
-845601
608290
444641
-136082
53482.7
-640242
-529905
-305017
-308813
1.37124e+06
1.173e+06
915679
777459
-1.60936e+06
-1.37307e+06
-1.01958e+06
-903256
-951515
-1.00857e+06
-1.8787e+06
-1.21715e+06
-2.16906e+06
-1.7488e+06
-705837
-856490
649377
473184
-124362
68199.7
-482113
-403122
-244029
-258819
1.44357e+06
1.23329e+06
948270
810424
-1.58635e+06
-1.35363e+06
-1.00582e+06
-896100
-956335
-1.01055e+06
-1.89576e+06
-1.23141e+06
-2.15073e+06
-1.73419e+06
-698549
-855518
658689
482605
-119633
69768.1
-309777
-258325
-177436
-175261
1.5031e+06
1.28218e+06
988217
844680
-1.6049e+06
-1.36659e+06
-1.0103e+06
-890472
-932730
-993873
-1.89881e+06
-1.2204e+06
-2.15353e+06
-1.73386e+06
-689816
-846446
736339
546951
-86941.6
106439
-173233
-149646
-129657
-114025
1.58361e+06
1.35015e+06
1.01429e+06
888170
-1.63683e+06
-1.39158e+06
-1.03386e+06
-899494
-898115
-965284
-1.90459e+06
-1.21264e+06
-2.10374e+06
-1.69237e+06
-669193
-822089
796624
594739
-72084.6
131324
-57395.2
-54229.4
-83828.9
-75811.7
1.60594e+06
1.36636e+06
1.03459e+06
887883
-1.68718e+06
-1.43812e+06
-1.05813e+06
-935915
-866836
-942161
-1.89657e+06
-1.21739e+06
-2.12335e+06
-1.70832e+06
-668252
-829137
877087
659325
-41897.5
157587
-440151
-343398
-72764.8
-126734
1.08024e+06
873346
343099
428102
-146463
-88732
169209
69062.4
11721.7
37894.6
218647
129015
513530
421238
242572
253273
777953
635540
305104
347455
-441525
-344308
-55729.9
-131100
1.10842e+06
896926
353582
428081
-301783
-209511
112717
-15386.6
-47747.4
-2145.36
210323
101326
510939
422036
232683
240667
728012
596944
300653
304743
-390428
-300839
-21763.3
-98697.3
1.20443e+06
975960
394496
470186
-345501
-244176
103438
-26176.4
-4137.28
35252.1
245599
131743
523490
434827
246584
252265
749527
617487
326683
335124
-371742
-283445
4090.61
-84194.5
1.247e+06
1.01199e+06
413761
497816
-452742
-331437
71712.6
-64073.8
-41676.2
6969.24
245580
131141
477919
395534
224402
236925
714745
592173
325707
325894
-307786
-228696
45983.2
-49107.9
1.26064e+06
1.02142e+06
421291
505943
-622536
-472848
9262.39
-130155
-111425
-49565.4
231626
111266
417127
344688
195066
207935
693129
573905
322694
325440
-234967
-166864
93728.4
-11144
1.28048e+06
1.03877e+06
437404
505507
-798712
-615244
-51282.2
-206562
-238963
-151146
191487
57430.5
378432
313375
171672
184446
657062
544918
316704
305330
-235964
-163505
80663.2
9075.72
1.27323e+06
1.03206e+06
446609
507276
-827862
-633899
-50463.4
-214527
-248115
-159378
186531
41884.8
309055
253346
157777
141995
602936
498383
294567
300219
-272701
-198874
59784.5
-19676.7
1.30854e+06
1.05864e+06
461831
527471
-843339
-647748
-47369.8
-213594
-216537
-134632
181105
55712.2
320386
266997
167903
159514
607805
504509
301798
285426
-309258
-231221
27948.4
-38996.2
1.3299e+06
1.0757e+06
470797
528894
-875057
-675166
-59893.4
-230208
-200291
-126078
172207
47255.2
332369
278782
186463
164083
627414
520255
313486
303255
-370061
-284352
-10731.1
-76286.2
1.33334e+06
1.07988e+06
472250
539761
-879284
-677782
-63458.6
-232461
-196523
-125119
148998
43531.6
285556
239822
175635
156800
615211
510929
311517
297084
-416779
-321274
-38676.6
-102260
1.3111e+06
1.06076e+06
462824
528784
-873116
-671539
-56998.5
-229324
-211330
-139881
136498
25837.7
206728
177042
164217
127010
587648
487021
305146
290131
-415765
-323125
-32787.1
-110899
1.29757e+06
1.05122e+06
470763
521564
-886836
-681770
-53156
-227442
-238996
-161116
114788
11325
158105
142519
161555
118966
608965
507113
329636
302487
-443667
-341821
-46321.9
-99080.5
1.33517e+06
1.0809e+06
488902
546706
-805001
-609330
-16144
-180345
-216781
-150218
112850
18427.2
126564
112545
142015
100628
633677
525860
331376
327245
-630341
-496313
-124555
-183983
1.34558e+06
1.09345e+06
499930
557547
-777877
-584586
-1192.18
-163178
-311667
-223631
91311.5
-18511.3
49754.9
52860.5
105169
64297.9
617676
513222
306737
299676
-792472
-631136
-204975
-254818
1.38317e+06
1.12432e+06
514185
572385
-704787
-525110
21796.6
-133576
-370823
-271861
70767.2
-35326.3
23268.8
29516.1
87372.2
52760.1
667531
549401
296890
314875
-972553
-782526
-290210
-346380
1.3927e+06
1.13225e+06
520288
581539
-643927
-477233
44846.1
-108536
-464754
-348512
36242.8
-73288.8
-53327.9
-34694.9
45497.4
14258.8
689413
562086
275876
304320
-1.05769e+06
-847382
-331507
-389851
1.42776e+06
1.16074e+06
530236
596805
-573727
-418043
67651.7
-78976.8
-502633
-377288
27261.8
-90314.5
-69210.9
-47576.3
33060.8
1274.21
737215
597601
270346
309727
-1.14645e+06
-924588
-376796
-432059
1.40008e+06
1.13981e+06
523892
588572
-525073
-379495
81674.4
-62451.7
-619787
-468654
-11444.5
-130301
-164449
-125640
-23129.5
-37926.4
740352
598478
246208
298026
-1.18458e+06
-954519
-405138
-459873
1.4198e+06
1.15656e+06
536813
585187
-510060
-372550
104739
-58448.7
-616733
-469621
-10543.7
-140763
-213200
-170280
-43479.3
-71890.8
727862
584336
227614
294936
-1.27302e+06
-1.032e+06
-438853
-500418
1.46064e+06
1.18791e+06
551559
608928
-527850
-384952
104933
-55397.6
-627073
-476823
-18532.6
-137996
-228333
-180621
-63059.8
-81395.8
680835
547943
206551
262170
-1.36012e+06
-1.10458e+06
-486521
-538378
1.49794e+06
1.21842e+06
565692
618797
-495657
-358401
112579
-45187
-631048
-482821
-28905.8
-145619
-209524
-166676
-62208.4
-76324.4
680452
545624
197394
264843
-1.48707e+06
-1.21143e+06
-545867
-602466
1.52624e+06
1.24168e+06
577663
635668
-483516
-350037
123950
-38241
-665701
-512163
-52545.1
-163735
-248828
-201861
-87706.7
-98005.7
651955
520413
175178
245266
-1.52797e+06
-1.2391e+06
-559299
-625961
1.55695e+06
1.26795e+06
597978
648102
-465581
-333409
141481
-30052.7
-699899
-538552
-64463.4
-184523
-271900
-219605
-101379
-114522
628011
500258
161157
229191
-1.51908e+06
-1.23476e+06
-548882
-618255
1.59418e+06
1.29974e+06
618820
671157
-468841
-334195
149582
-21400.6
-745904
-576110
-92202.5
-199389
-299586
-245386
-131250
-126385
618701
491922
152348
222500
-1.45935e+06
-1.17705e+06
-514782
-592959
1.61714e+06
1.32154e+06
615031
685288
-456596
-323041
154915
-16281.8
-729081
-561367
-87797.2
-204454
-321771
-264618
-144817
-148102
639914
509657
160605
226123
-1.42529e+06
-1.15012e+06
-472544
-569041
1.57697e+06
1.28418e+06
599185
663306
-453668
-319548
176103
-14731.9
-749581
-573611
-73102.8
-204772
-333054
-272588
-152165
-148630
675614
541484
198009
239552
-1.36594e+06
-1.0979e+06
-435924
-526983
1.55218e+06
1.26649e+06
586701
652851
-415678
-285944
196613
12065.4
-725652
-552295
-50494.5
-183028
-325118
-264101
-139153
-143676
762007
613931
238972
290970
-1.32484e+06
-1.06229e+06
-391375
-504736
1.52273e+06
1.24184e+06
579057
644007
-364748
-244613
229592
34267.1
-732952
-555637
-36310.6
-177938
-359523
-292169
-148280
-150354
851436
688630
288847
330451
-1.17856e+06
-937144
-309734
-429355
1.51232e+06
1.23318e+06
571056
637979
-277266
-172184
263767
75941.1
-685005
-515112
-1075.51
-151691
-351984
-285458
-137906
-150837
981408
793604
350549
388911
-1.06068e+06
-837520
-233342
-367271
1.45709e+06
1.18731e+06
553088
608534
-255938
-153473
282632
88811.2
-746629
-560875
-13580.7
-166283
-385199
-310459
-155085
-160587
1.0548e+06
858992
395251
428410
-959611
-744848
-166488
-305619
1.49081e+06
1.21415e+06
575849
622291
-128747
-42987.8
341513
153109
-615381
-455734
58331.4
-125204
-294219
-236479
-102395
-143278
1.10618e+06
902373
431000
460612
-940417
-733150
-150696
-277747
1.50375e+06
1.21971e+06
569333
637755
-56098.3
13630.9
376635
195371
-494661
-357879
109672
-48812.3
-168961
-134465
-55148
-64900.4
1.14641e+06
937667
453189
488804
-953028
-744581
-173086
-291293
1.43913e+06
1.16485e+06
530483
592790
-22803.5
40269.7
383956
204070
-441073
-317062
121040
-38871.8
-99872.5
-78418.1
-32691
-46707.9
1.16564e+06
952455
448848
493520
-969025
-760032
-181833
-307123
1.40509e+06
1.13672e+06
504256
575834
77440.2
123172
420313
243142
-342852
-236532
150914
-3146.63
-9381.89
-5870.4
-1758.57
-11058.4
1.1975e+06
975720
454728
498791
-923829
-717636
-156474
-284379
1.42167e+06
1.1497e+06
501646
573725
207651
229988
469082
296942
-169490
-94199.4
221638
67814.4
120646
102381
63464.2
45935.8
1.21361e+06
989040
461517
506370
-860440
-666513
-112474
-253080
1.40253e+06
1.13314e+06
492850
572788
282640
290755
497800
333679
-70941.2
-9801.21
259800
123257
227344
193947
109153
105266
1.24635e+06
1.0178e+06
481718
524950
-186176
-154640
-98228.4
-91626.2
-711416
-459389
521638
126457
-696453
-542849
-98042.5
-206976
1.9441e+06
1.58644e+06
736597
811414
619748
513745
278751
287312
-2.53724e+06
-2.08367e+06
-1.12885e+06
-1.14996e+06
-86829.9
-80642.7
-54242.2
-59832.5
-751548
-489064
515463
120272
-689728
-535663
-69664.9
-184685
2.0484e+06
1.66921e+06
790509
850667
679738
555984
282819
301838
-2.53627e+06
-2.08899e+06
-1.14585e+06
-1.15472e+06
-28652
-27805.6
-17833.9
-22984.5
-799139
-525697
519471
103369
-725853
-559618
-55703
-189757
2.16762e+06
1.7697e+06
857761
909679
727015
593234
277130
304892
-2.58718e+06
-2.13015e+06
-1.1914e+06
-1.18085e+06
25961.4
16703.3
8246.99
854.892
-823573
-543145
522092
105811
-751721
-578978
-42414.4
-186403
2.29443e+06
1.87544e+06
920901
975831
797493
644478
272049
322016
-2.59585e+06
-2.1447e+06
-1.2219e+06
-1.20537e+06
97787.2
78097.8
30852.5
37012.8
-867557
-576081
502377
96703.9
-788399
-603582
-39255
-188724
2.34025e+06
1.91522e+06
944376
1.00571e+06
826236
664926
253655
321944
-2.5979e+06
-2.14515e+06
-1.25222e+06
-1.22007e+06
190453
148857
66714.8
66612.3
-950600
-646723
473388
56024.1
-802727
-614957
-18043.2
-184762
2.45291e+06
2.00551e+06
1.0032e+06
1.04744e+06
885600
710474
270503
323257
-2.5826e+06
-2.14043e+06
-1.28027e+06
-1.23131e+06
163305
132324
55042.6
71905
-896763
-605092
504956
70167.6
-812392
-618658
-6763.48
-185085
2.43704e+06
1.99545e+06
996423
1.07442e+06
938246
758342
294453
363857
-2.52643e+06
-2.10862e+06
-1.26088e+06
-1.23503e+06
111260
88741.9
27728.5
46429.3
-837045
-553136
530991
104855
-825421
-626779
-15052.9
-180797
2.36302e+06
1.93677e+06
960365
1.0325e+06
913535
742011
295524
352377
-2.52501e+06
-2.10641e+06
-1.26456e+06
-1.22776e+06
25300.3
22208.8
-898.026
14802.6
-807746
-528024
558460
115657
-893939
-683491
-35583.7
-213526
2.30583e+06
1.89001e+06
943520
1.00867e+06
912030
743072
302548
358256
-2.52952e+06
-2.1088e+06
-1.27093e+06
-1.23007e+06
-76552.8
-60940.6
-36310.6
-26043.4
-726946
-459163
597429
161767
-946072
-723131
-51746.1
-232352
2.21862e+06
1.82009e+06
906787
975838
900468
734469
305834
360197
-2.52457e+06
-2.1078e+06
-1.27128e+06
-1.23173e+06
-155618
-125482
-69054.6
-55139.5
-649748
-398013
625316
198524
-979255
-750456
-52818.8
-239960
2.09854e+06
1.72038e+06
860316
924488
864798
704990
307963
357066
-2.4569e+06
-2.05237e+06
-1.25607e+06
-1.21095e+06
-259993
-212777
-113420
-104463
-637640
-385148
632250
206849
-1.01544e+06
-777789
-63152.4
-242014
2.00763e+06
1.64568e+06
821282
883261
839257
688786
321222
349444
-2.45547e+06
-2.05123e+06
-1.27586e+06
-1.20719e+06
-348140
-285969
-158531
-157643
-601872
-352349
667028
220318
-1.03495e+06
-789225
-75660.4
-258728
1.94869e+06
1.59469e+06
793015
851965
865807
703890
351533
371083
-2.53896e+06
-2.12603e+06
-1.31835e+06
-1.26045e+06
-340594
-288387
-166995
-169205
-550746
-308393
704779
264024
-1.0095e+06
-775581
-88186.8
-250036
2.01798e+06
1.64636e+06
809870
862303
888381
723345
374611
378661
-2.65453e+06
-2.2205e+06
-1.35967e+06
-1.31211e+06
-364905
-305788
-180824
-177072
-527284
-287327
742411
277629
-1.085e+06
-837892
-131296
-290304
2.07333e+06
1.69259e+06
835138
887724
932450
760385
408255
404223
-2.75776e+06
-2.30168e+06
-1.39956e+06
-1.34653e+06
-428849
-356673
-209179
-205217
-467276
-228994
792921
325913
-1.14255e+06
-884309
-166215
-323816
2.12754e+06
1.73937e+06
855067
914017
974475
800437
443762
436532
-2.89523e+06
-2.41441e+06
-1.44463e+06
-1.403e+06
-495783
-411930
-242293
-233069
-399708
-172519
841449
367577
-1.1882e+06
-921680
-197311
-348833
2.12069e+06
1.73116e+06
842248
911361
1.00289e+06
822731
476624
457966
-2.99333e+06
-2.49325e+06
-1.48756e+06
-1.44684e+06
-542774
-455235
-266461
-265364
-352097
-129648
878848
399444
-1.1684e+06
-912912
-209524
-347419
2.18908e+06
1.78191e+06
863635
929432
1.06817e+06
881834
523385
499125
-3.10909e+06
-2.58988e+06
-1.53971e+06
-1.49317e+06
-617960
-517226
-292507
-295622
-392410
-169358
866144
396630
-1.19248e+06
-935165
-217300
-380622
2.16787e+06
1.76294e+06
831584
934594
1.03066e+06
859541
518060
507817
-3.14378e+06
-2.61823e+06
-1.54046e+06
-1.52058e+06
-630242
-527777
-293461
-312553
-495202
-249683
814434
345980
-1.12393e+06
-877829
-200779
-353983
2.18369e+06
1.77406e+06
820042
908745
976889
820522
506106
475302
-3.16224e+06
-2.62509e+06
-1.51335e+06
-1.512e+06
-615663
-511107
-288866
-296062
-558152
-303140
784186
311890
-1.07084e+06
-835575
-197666
-336490
2.23279e+06
1.81266e+06
822970
929058
987495
828658
508430
480412
-3.15094e+06
-2.61103e+06
-1.49074e+06
-1.48833e+06
-680845
-567126
-314012
-326429
-638783
-369028
742092
276139
-1.05404e+06
-826779
-210530
-344541
2.23979e+06
1.81481e+06
799891
918828
970769
815356
495646
473907
-3.16506e+06
-2.62253e+06
-1.47407e+06
-1.48628e+06
-702651
-585204
-326867
-330286
-685189
-409442
708495
253265
-1.03155e+06
-809510
-208840
-333733
2.21791e+06
1.79317e+06
766783
899272
936169
784278
492681
467498
-3.11676e+06
-2.57995e+06
-1.43843e+06
-1.46004e+06
-785824
-652526
-354589
-370048
-842053
-538733
634504
178635
-1.01251e+06
-793402
-203688
-330874
2.2285e+06
1.79725e+06
749356
889417
876703
741616
485755
444610
-3.1289e+06
-2.58322e+06
-1.43094e+06
-1.4433e+06
-781282
-642899
-371635
-354336
-844236
-546457
641705
156058
-872771
-678338
-149171
-269759
2.22479e+06
1.7948e+06
739821
882554
978016
821699
540954
487316
-3.11847e+06
-2.57795e+06
-1.43638e+06
-1.45681e+06
-886014
-737243
-421082
-407474
-920247
-603277
636312
145421
-851734
-664574
-145378
-247952
2.29671e+06
1.85131e+06
777604
900862
1.00658e+06
843011
556839
508917
-3.17877e+06
-2.63041e+06
-1.46865e+06
-1.46838e+06
-1.04437e+06
-863563
-487525
-472864
-1.00799e+06
-672991
640731
117491
-903437
-707769
-165867
-276211
2.37389e+06
1.91641e+06
825654
947788
1.03068e+06
861388
572571
512736
-3.29755e+06
-2.7275e+06
-1.5266e+06
-1.52568e+06
-1.22163e+06
-1.0079e+06
-566513
-549524
-1.0776e+06
-721359
640383
114571
-932484
-729414
-189155
-287738
2.4135e+06
1.95322e+06
850370
974606
1.08624e+06
910837
591761
545555
-3.39152e+06
-2.80675e+06
-1.57637e+06
-1.57074e+06
-1.3562e+06
-1.11699e+06
-628781
-613390
-1.12841e+06
-759727
646644
101001
-941977
-735294
-188600
-296747
2.4265e+06
1.96456e+06
858522
980643
1.12882e+06
944161
624327
561137
-3.43003e+06
-2.83762e+06
-1.60558e+06
-1.60754e+06
-1.50932e+06
-1.24644e+06
-701460
-688752
-1.23864e+06
-845198
614006
76564.1
-901213
-702325
-182581
-277523
2.49742e+06
2.01985e+06
885794
1.01124e+06
1.17994e+06
991675
643568
592562
-3.4759e+06
-2.87613e+06
-1.65201e+06
-1.62235e+06
-1.56615e+06
-1.29481e+06
-725828
-730329
-1.26617e+06
-865643
606341
51375.6
-1.02213e+06
-806691
-226566
-336399
2.42857e+06
1.96692e+06
845029
989435
1.13511e+06
949840
625044
590216
-3.48972e+06
-2.89907e+06
-1.66121e+06
-1.65723e+06
-1.38556e+06
-1.1497e+06
-655993
-666136
-1.17955e+06
-790289
650002
85453.1
-1.03002e+06
-815451
-237649
-343317
2.49242e+06
2.02017e+06
865171
998433
1.14701e+06
959741
618698
580375
-3.50996e+06
-2.91165e+06
-1.6415e+06
-1.65199e+06
-1.22021e+06
-1.01333e+06
-584949
-586325
-1.0641e+06
-698912
707534
142026
-1.09942e+06
-873372
-268662
-373674
2.58257e+06
2.09137e+06
894524
1.03992e+06
1.17398e+06
978318
610799
585243
-3.50646e+06
-2.90542e+06
-1.6243e+06
-1.63527e+06
-1.07598e+06
-893554
-530556
-526384
-931273
-584361
765136
202720
-1.18279e+06
-941720
-318227
-417431
2.65265e+06
2.14954e+06
910520
1.06319e+06
1.20601e+06
1.00183e+06
597748
585373
-3.51919e+06
-2.91394e+06
-1.60306e+06
-1.6314e+06
-982586
-818468
-502187
-481159
-818992
-494292
813164
257070
-1.2836e+06
-1.02401e+06
-371413
-465721
2.61483e+06
2.11641e+06
878959
1.04672e+06
1.16673e+06
964830
562789
558788
-3.53502e+06
-2.92249e+06
-1.59597e+06
-1.63332e+06
-866912
-727958
-462288
-446247
-777104
-459565
828905
277672
-1.36436e+06
-1.09539e+06
-409069
-508840
2.64997e+06
2.1385e+06
883192
1.04489e+06
1.14147e+06
942283
541610
536101
-3.55307e+06
-2.93646e+06
-1.59622e+06
-1.62498e+06
471505
421819
410356
314398
1.98979e+06
1.57599e+06
467337
682876
-1.97424e+06
-1.69741e+06
-1.352e+06
-1.15319e+06
649251
548110
367063
336807
-492341
-334181
249737
23829.5
-1.71238e+06
-1.46532e+06
-1.12267e+06
-976476
530505
474203
456907
348055
1.96928e+06
1.55689e+06
436796
671701
-2.07631e+06
-1.77806e+06
-1.3954e+06
-1.18325e+06
662560
560704
361633
345082
-439900
-288844
283246
50314.9
-1.68694e+06
-1.44467e+06
-1.13356e+06
-957517
553959
493438
478440
370052
1.99029e+06
1.57186e+06
439058
673825
-2.15019e+06
-1.84042e+06
-1.42227e+06
-1.22197e+06
716448
600101
384921
366992
-443022
-289031
317026
65664.8
-1.80552e+06
-1.54903e+06
-1.2082e+06
-1.02492e+06
600562
535272
508646
397854
1.95621e+06
1.54076e+06
407644
651391
-2.17252e+06
-1.86142e+06
-1.43139e+06
-1.23684e+06
758666
631629
380638
373997
-359574
-214284
366999
116064
-1.80605e+06
-1.55142e+06
-1.22836e+06
-1.04183e+06
599023
534018
528491
417615
1.88531e+06
1.48017e+06
355923
616665
-2.26812e+06
-1.93673e+06
-1.47806e+06
-1.26631e+06
778311
647520
366325
371630
-326111
-187805
393764
140120
-1.8355e+06
-1.57629e+06
-1.25823e+06
-1.0485e+06
572423
517513
536687
412476
1.79633e+06
1.40586e+06
304095
566916
-2.36632e+06
-2.01912e+06
-1.52123e+06
-1.31668e+06
791132
652253
349847
372035
-340921
-193899
403098
143371
-1.92527e+06
-1.65379e+06
-1.31737e+06
-1.10304e+06
594078
531542
546806
421629
1.79223e+06
1.40088e+06
310925
540336
-2.42349e+06
-2.07521e+06
-1.57016e+06
-1.3652e+06
775497
634376
336707
348299
-289888
-152657
436390
173531
-2.01106e+06
-1.72977e+06
-1.3533e+06
-1.16832e+06
653377
580599
572594
440320
1.83613e+06
1.43854e+06
337026
567844
-2.44183e+06
-2.09179e+06
-1.61368e+06
-1.38514e+06
747871
614792
324025
342000
-229817
-101611
470280
198254
-2.05311e+06
-1.76319e+06
-1.36601e+06
-1.17407e+06
708895
621772
576636
465638
1.921e+06
1.51014e+06
388047
612178
-2.43609e+06
-2.09589e+06
-1.65237e+06
-1.4026e+06
743682
607410
319479
339001
-228642
-100535
489345
210889
-2.20569e+06
-1.88925e+06
-1.42979e+06
-1.24303e+06
791332
689771
587099
489245
1.9871e+06
1.56623e+06
421016
648044
-2.3961e+06
-2.07081e+06
-1.67906e+06
-1.41686e+06
727292
594372
301860
323928
-135155
-19935.5
532217
257122
-2.23484e+06
-1.90987e+06
-1.44176e+06
-1.26133e+06
826868
714068
595886
499053
2.052e+06
1.61886e+06
447158
676557
-2.4291e+06
-2.10161e+06
-1.73738e+06
-1.4421e+06
721408
590365
294285
316228
-30417.6
65420.1
584277
299244
-2.27031e+06
-1.93822e+06
-1.4424e+06
-1.26878e+06
868161
747056
598782
514710
2.10538e+06
1.66243e+06
465445
703150
-2.48945e+06
-2.15791e+06
-1.79632e+06
-1.48979e+06
705341
574690
279386
315130
52129.3
133280
623748
342339
-2.30981e+06
-1.9697e+06
-1.45149e+06
-1.27973e+06
871669
747346
613333
509771
2.11132e+06
1.66792e+06
464049
691347
-2.51083e+06
-2.17613e+06
-1.82483e+06
-1.5221e+06
694491
564822
274182
291045
89501.3
165269
646313
357070
-2.27727e+06
-1.93905e+06
-1.42516e+06
-1.26972e+06
815957
707569
620816
496315
2.15729e+06
1.70714e+06
462809
709878
-2.53382e+06
-2.19369e+06
-1.86436e+06
-1.53788e+06
693178
569023
272262
300429
107830
183976
675488
367319
-2.20862e+06
-1.87872e+06
-1.40204e+06
-1.2242e+06
786627
681664
620052
494596
2.29041e+06
1.80958e+06
495340
752568
-2.52966e+06
-2.20172e+06
-1.89944e+06
-1.55934e+06
741860
603064
292973
316857
135037
207162
716586
394054
-2.18307e+06
-1.86574e+06
-1.41476e+06
-1.22824e+06
822222
717959
657068
517741
2.38707e+06
1.88336e+06
521588
783595
-2.46897e+06
-2.15815e+06
-1.89737e+06
-1.55209e+06
836288
678943
321864
346967
208851
275631
767096
444489
-2.02731e+06
-1.73934e+06
-1.36556e+06
-1.17568e+06
734887
644265
642112
511899
2.41467e+06
1.90521e+06
499941
802168
-2.50291e+06
-2.18737e+06
-1.95389e+06
-1.56242e+06
867305
706323
323868
367346
208092
272319
783529
458765
-2.00199e+06
-1.71972e+06
-1.37073e+06
-1.15099e+06
613402
551678
606483
462741
2.40226e+06
1.89264e+06
464112
779890
-2.59182e+06
-2.26675e+06
-2.02599e+06
-1.63153e+06
885058
718773
318818
371808
182836
259353
786347
457878
-2.01927e+06
-1.73536e+06
-1.40054e+06
-1.17251e+06
578446
530270
583807
447180
2.42842e+06
1.90943e+06
461196
763409
-2.58887e+06
-2.26639e+06
-2.03395e+06
-1.66907e+06
882215
717409
332026
364416
149193
232903
757674
452269
-2.03346e+06
-1.75662e+06
-1.41496e+06
-1.21348e+06
567362
516939
580026
437220
2.44742e+06
1.91781e+06
451480
768097
-2.61171e+06
-2.28368e+06
-2.03267e+06
-1.66284e+06
826277
674140
327748
355588
46440.7
142059
705364
396197
-2.01475e+06
-1.74466e+06
-1.41148e+06
-1.19804e+06
465846
430738
529671
392086
2.43074e+06
1.90094e+06
435151
751032
-2.67073e+06
-2.33254e+06
-2.04595e+06
-1.68952e+06
752632
612864
325978
334398
-175333
-40280.3
618286
301439
-2.12541e+06
-1.83779e+06
-1.46663e+06
-1.2555e+06
428447
405430
512870
379798
2.38792e+06
1.86891e+06
417812
738533
-2.65558e+06
-2.31679e+06
-2.01065e+06
-1.67053e+06
689431
569300
323790
321337
-312149
-145453
566994
247702
-2.11788e+06
-1.82759e+06
-1.46e+06
-1.2536e+06
344799
330413
479145
344681
2.35239e+06
1.83493e+06
385574
712346
-2.6655e+06
-2.32029e+06
-2.00483e+06
-1.66203e+06
664569
552204
333259
311189
-447331
-261648
510595
178566
-2.13643e+06
-1.84508e+06
-1.46749e+06
-1.26102e+06
289383
286843
441822
309223
2.3535e+06
1.83387e+06
355867
699262
-2.66474e+06
-2.31989e+06
-2.00282e+06
-1.65986e+06
667062
555073
337804
328751
-549386
-344752
459894
129916
-2.14708e+06
-1.85401e+06
-1.48426e+06
-1.2674e+06
330413
313230
453261
305655
2.39593e+06
1.87292e+06
372500
714052
-2.75348e+06
-2.39518e+06
-2.01936e+06
-1.68943e+06
662267
554884
358299
332339
-604822
-390873
443178
112994
-2.23026e+06
-1.91956e+06
-1.51123e+06
-1.30496e+06
380525
357924
482315
332330
2.42281e+06
1.89854e+06
376586
729288
-2.93277e+06
-2.53758e+06
-2.08675e+06
-1.75327e+06
628191
534964
365023
332554
-671733
-444799
418018
78167.1
-2.2856e+06
-1.96132e+06
-1.53637e+06
-1.31843e+06
449627
410122
502503
358383
2.52242e+06
1.97681e+06
412443
765808
-3.04059e+06
-2.62882e+06
-2.13159e+06
-1.80998e+06
652075
553257
402526
353833
-730995
-494444
401693
54440.9
-2.40757e+06
-2.06914e+06
-1.60289e+06
-1.38661e+06
537205
482291
540522
391147
2.58305e+06
2.02295e+06
434835
789224
-3.13963e+06
-2.70862e+06
-2.15634e+06
-1.84672e+06
629375
538570
409523
355207
-797578
-544880
385793
32954.7
-2.46696e+06
-2.11596e+06
-1.63463e+06
-1.41845e+06
595057
532093
570260
422061
2.67925e+06
2.1067e+06
462101
820353
-3.2612e+06
-2.80216e+06
-2.19872e+06
-1.89772e+06
656437
567532
440575
366462
-864072
-599001
371821
3029.95
-2.50863e+06
-2.14651e+06
-1.64899e+06
-1.44193e+06
650999
579017
598320
455344
2.74446e+06
2.15518e+06
481219
856183
-3.34718e+06
-2.87473e+06
-2.2301e+06
-1.92597e+06
686635
593031
471693
402912
-922833
-641717
362630
-6686.4
-2.53937e+06
-2.17432e+06
-1.66748e+06
-1.44435e+06
710919
628750
618552
481516
2.77076e+06
2.16711e+06
506943
856432
-3.40592e+06
-2.92287e+06
-2.25853e+06
-1.96658e+06
641141
548402
473263
378437
-921383
-645310
368379
424.971
-2.59824e+06
-2.22202e+06
-1.69945e+06
-1.47104e+06
773807
683903
650822
504046
2.7852e+06
2.18348e+06
521795
871685
-3.39868e+06
-2.91213e+06
-2.26914e+06
-1.96341e+06
608837
528481
461103
371474
-961558
-674785
350604
-18635.1
-2.64837e+06
-2.26095e+06
-1.7452e+06
-1.49117e+06
888741
777644
695304
557886
2.91624e+06
2.29488e+06
600575
935152
-3.25467e+06
-2.79914e+06
-2.22479e+06
-1.91675e+06
691239
592312
503856
403465
-970460
-681008
370593
-19630.7
-2.72403e+06
-2.32878e+06
-1.80175e+06
-1.54282e+06
1.01114e+06
875533
746289
606715
2.96262e+06
2.33203e+06
644078
968159
-3.16575e+06
-2.73564e+06
-2.20051e+06
-1.88893e+06
728141
620296
522890
418748
-922143
-639945
400611
5157.64
-2.71847e+06
-2.33039e+06
-1.82264e+06
-1.56296e+06
1.10345e+06
952591
784290
654939
3.03614e+06
2.39781e+06
677886
1.00956e+06
-3.10095e+06
-2.67571e+06
-2.19045e+06
-1.86047e+06
786781
675499
545056
445478
-887749
-609081
417770
27879.1
-2.73218e+06
-2.33829e+06
-1.8499e+06
-1.56946e+06
1.17896e+06
1.01472e+06
821289
687432
3.08299e+06
2.43759e+06
706066
1.03891e+06
-2.99462e+06
-2.59241e+06
-2.15455e+06
-1.82204e+06
862121
734097
575608
483573
-883143
-602920
437181
32699.4
-2.77576e+06
-2.37918e+06
-1.88703e+06
-1.59916e+06
441971
333369
33852.7
91797.3
1.8631e+06
1.4268e+06
95575.4
460891
2.445e+06
2.05267e+06
1.3753e+06
1.25304e+06
3.81926e+06
3.147e+06
1.71781e+06
1.73619e+06
-952183
-700816
122238
-141142
-1.07186e+06
-913244
-643504
-586225
471079
363812
76912
127570
1.8425e+06
1.40451e+06
69126.8
442779
2.45814e+06
2.06875e+06
1.40266e+06
1.27245e+06
3.86607e+06
3.18759e+06
1.74169e+06
1.77057e+06
-920816
-671723
142877
-120977
-1.09269e+06
-928373
-654612
-590054
513443
404123
133145
158299
1.80636e+06
1.36777e+06
36381.4
419593
2.4738e+06
2.07977e+06
1.44153e+06
1.2945e+06
3.84244e+06
3.1668e+06
1.75078e+06
1.76065e+06
-896008
-652637
152524
-109563
-1.16033e+06
-988452
-668596
-621014
552675
442120
181608
203027
1.72068e+06
1.29914e+06
-19335.8
370543
2.45545e+06
2.07262e+06
1.43697e+06
1.29465e+06
3.87744e+06
3.19906e+06
1.76037e+06
1.77645e+06
-758532
-542784
188022
-66828
-1.16433e+06
-986939
-674740
-621679
625982
508538
241180
239443
1.70444e+06
1.28197e+06
-40800.1
346027
2.52566e+06
2.13158e+06
1.48309e+06
1.32066e+06
3.96991e+06
3.27631e+06
1.80222e+06
1.81637e+06
-665075
-465800
224896
-21670
-1.14419e+06
-970236
-666597
-616155
703551
574659
288636
300153
1.70617e+06
1.27789e+06
-68020.1
344860
2.60877e+06
2.20048e+06
1.51526e+06
1.38124e+06
4.07122e+06
3.35762e+06
1.83457e+06
1.86263e+06
-551278
-373767
263008
24660.3
-1.13648e+06
-965240
-670896
-606917
731959
598105
306951
311444
1.65698e+06
1.24137e+06
-89287.1
307187
2.71941e+06
2.29301e+06
1.57242e+06
1.41385e+06
4.15661e+06
3.42985e+06
1.87381e+06
1.89224e+06
-506325
-337931
294545
38184.5
-1.12025e+06
-948704
-672036
-609960
774423
636201
323838
339579
1.65631e+06
1.23753e+06
-84987.9
313253
2.90338e+06
2.44833e+06
1.65899e+06
1.50992e+06
4.26825e+06
3.52385e+06
1.93173e+06
1.95912e+06
-482845
-312255
334058
68875.7
-1.07403e+06
-911238
-656815
-583229
795216
650038
325233
339533
1.57071e+06
1.16368e+06
-125854
273858
3.0412e+06
2.55588e+06
1.72077e+06
1.56952e+06
4.29862e+06
3.54611e+06
1.95089e+06
1.96826e+06
-503285
-328141
332168
65781.4
-1.13094e+06
-964047
-688024
-617697
820110
669844
337897
352988
1.47057e+06
1.08662e+06
-157024
231464
3.19586e+06
2.68347e+06
1.78453e+06
1.63259e+06
4.35524e+06
3.59488e+06
1.97829e+06
1.99338e+06
-397072
-241937
385370
109561
-1.11973e+06
-952771
-683821
-617257
849536
697238
343759
365866
1.43344e+06
1.05511e+06
-161882
223482
3.37443e+06
2.83166e+06
1.85759e+06
1.7225e+06
4.46597e+06
3.68805e+06
2.03212e+06
2.05301e+06
-385365
-228109
415842
140925
-1.09544e+06
-933025
-675379
-598193
846571
692182
333805
366428
1.40796e+06
1.03494e+06
-177361
212896
3.51963e+06
2.95156e+06
1.90889e+06
1.78705e+06
4.57172e+06
3.77435e+06
2.07515e+06
2.09762e+06
-352438
-196890
451411
159870
-1.0868e+06
-926261
-678567
-600094
822633
664542
327736
344781
1.40302e+06
1.03709e+06
-183979
203121
3.53191e+06
2.95917e+06
1.92332e+06
1.79514e+06
4.68334e+06
3.86252e+06
2.14103e+06
2.15007e+06
-374043
-217366
461155
172266
-1.13157e+06
-962891
-708426
-616455
788388
640723
312438
344063
1.46415e+06
1.08613e+06
-168356
225728
3.51807e+06
2.95415e+06
1.92238e+06
1.79807e+06
4.81263e+06
3.97386e+06
2.20632e+06
2.221e+06
-514405
-325840
425749
129360
-1.20435e+06
-1.0209e+06
-752064
-650791
761436
620704
311347
324641
1.51582e+06
1.12703e+06
-151906
242702
3.53491e+06
2.96471e+06
1.93853e+06
1.80497e+06
4.9385e+06
4.07765e+06
2.28131e+06
2.28019e+06
-606575
-398721
397529
89799.7
-1.28622e+06
-1.09058e+06
-788147
-698205
788049
643014
321464
341457
1.6073e+06
1.20128e+06
-125201
275639
3.60088e+06
3.01995e+06
1.95218e+06
1.82805e+06
5.13679e+06
4.24201e+06
2.36322e+06
2.36748e+06
-596332
-388994
410118
94751.6
-1.2552e+06
-1.06533e+06
-792914
-694136
761046
621656
304163
335744
1.66858e+06
1.24977e+06
-108167
306556
3.60821e+06
3.02542e+06
1.95301e+06
1.83925e+06
5.26932e+06
4.35028e+06
2.42209e+06
2.44575e+06
-728211
-495550
377415
64204.6
-1.2946e+06
-1.0984e+06
-817532
-709714
716675
586035
280461
308687
1.7125e+06
1.28776e+06
-96814.9
317219
3.59523e+06
3.01667e+06
1.9474e+06
1.83082e+06
5.37352e+06
4.44024e+06
2.47197e+06
2.48078e+06
-840031
-581177
355315
14488.6
-1.34814e+06
-1.14107e+06
-841831
-740212
734313
593854
275661
297992
1.79664e+06
1.35021e+06
-83484.6
346620
3.57023e+06
2.99384e+06
1.95002e+06
1.816e+06
5.49256e+06
4.53479e+06
2.5206e+06
2.52594e+06
-845432
-583145
363267
12554.7
-1.35469e+06
-1.15253e+06
-846942
-749334
739929
600502
267956
302669
1.851e+06
1.39013e+06
-85082.6
355999
3.50041e+06
2.94193e+06
1.93882e+06
1.79519e+06
5.59162e+06
4.61685e+06
2.5649e+06
2.5768e+06
-883704
-608204
380093
10017.6
-1.39134e+06
-1.18207e+06
-855671
-765306
773379
626086
256310
303828
1.88214e+06
1.40981e+06
-106088
360755
3.43498e+06
2.8864e+06
1.92382e+06
1.7767e+06
5.65512e+06
4.66861e+06
2.59028e+06
2.60415e+06
-915787
-631638
373316
7693.32
-1.47798e+06
-1.25356e+06
-887705
-798848
814840
655075
251596
309747
1.92273e+06
1.43836e+06
-126300
350654
3.39186e+06
2.85394e+06
1.90021e+06
1.75517e+06
5.76078e+06
4.75413e+06
2.62146e+06
2.64133e+06
-838613
-568520
404992
36744.1
-1.50962e+06
-1.27634e+06
-905225
-814618
830921
668383
237403
301753
1.96351e+06
1.46693e+06
-140023
351180
3.36434e+06
2.83102e+06
1.89437e+06
1.74044e+06
5.86778e+06
4.84041e+06
2.65809e+06
2.68791e+06
-860989
-585228
420123
38361.2
-1.53281e+06
-1.29676e+06
-907941
-830663
872269
696849
234079
312265
2.01574e+06
1.50343e+06
-146362
355869
3.36339e+06
2.8291e+06
1.89434e+06
1.74495e+06
6.01052e+06
4.95561e+06
2.7047e+06
2.7373e+06
-830150
-557915
459395
57416.4
-1.52345e+06
-1.28832e+06
-899750
-822430
903576
716592
229457
325044
2.09174e+06
1.56746e+06
-121214
383778
3.38318e+06
2.84361e+06
1.90258e+06
1.74662e+06
6.06045e+06
4.99656e+06
2.72322e+06
2.77525e+06
-833825
-565128
467567
73121.9
-1.48527e+06
-1.2578e+06
-877588
-796735
876581
691705
193755
310481
2.17867e+06
1.63774e+06
-78616.8
416548
3.44323e+06
2.89515e+06
1.92767e+06
1.76944e+06
6.05895e+06
4.99576e+06
2.7258e+06
2.77609e+06
-880081
-600486
461707
57760
-1.43981e+06
-1.22056e+06
-854265
-781302
835015
656074
149105
270444
2.30953e+06
1.74566e+06
-29491.3
480021
3.5418e+06
2.97508e+06
1.97001e+06
1.81356e+06
6.02496e+06
4.96977e+06
2.71715e+06
2.76155e+06
-915320
-625304
458323
46516.3
-1.39206e+06
-1.18001e+06
-832107
-758670
795546
620310
120818
249326
2.36581e+06
1.79187e+06
-8893.28
506970
3.59363e+06
3.01688e+06
1.98539e+06
1.83666e+06
6.00189e+06
4.95105e+06
2.70735e+06
2.75328e+06
-865379
-584953
482261
69645.8
-1.34481e+06
-1.14058e+06
-804875
-728756
780052
609052
96037.1
224279
2.44983e+06
1.86048e+06
33158.4
530492
3.71183e+06
3.11718e+06
2.03783e+06
1.87352e+06
6.03259e+06
4.9777e+06
2.72691e+06
2.76337e+06
-881064
-594842
493489
67513.1
-1.2791e+06
-1.08499e+06
-767980
-708813
765935
592304
66859.8
214679
2.55575e+06
1.94635e+06
77978.3
589397
3.84502e+06
3.22553e+06
2.08875e+06
1.94984e+06
6.0724e+06
5.01065e+06
2.74504e+06
2.7878e+06
-860048
-574559
519589
86813.6
-1.19619e+06
-1.01602e+06
-729618
-659463
785930
601515
81547.1
185500
2.63468e+06
2.00814e+06
98276.5
613477
3.84955e+06
3.23064e+06
2.10768e+06
1.95658e+06
6.08825e+06
5.02211e+06
2.76772e+06
2.78679e+06
-879743
-588623
504335
83952
-1.16565e+06
-992750
-726608
-642861
879253
680649
121425
241825
2.70438e+06
2.06121e+06
108733
645847
3.80731e+06
3.20185e+06
2.10135e+06
1.95519e+06
6.11609e+06
5.04783e+06
2.78225e+06
2.81604e+06
-956317
-647720
464122
61385.4
-1.20376e+06
-1.02279e+06
-759310
-654837
972003
757349
170411
276260
2.74809e+06
2.09119e+06
111744
650572
3.77352e+06
3.17163e+06
2.11156e+06
1.94443e+06
6.10712e+06
5.03954e+06
2.79597e+06
2.80748e+06
-1.02951e+06
-712973
418157
12030.7
-1.27768e+06
-1.08927e+06
-795502
-702380
1.09158e+06
854273
226402
336172
2.78993e+06
2.12558e+06
123230
657777
3.73106e+06
3.13851e+06
2.09775e+06
1.9264e+06
6.14121e+06
5.06773e+06
2.81513e+06
2.82283e+06
-992359
-687719
410012
8693.17
-1.28575e+06
-1.09677e+06
-810635
-714855
1.18717e+06
934172
257692
382519
2.84534e+06
2.16798e+06
124038
687028
3.72224e+06
3.13225e+06
2.09473e+06
1.93908e+06
6.18869e+06
5.1084e+06
2.83409e+06
2.86008e+06
-1.09481e+06
-772446
350848
-18868.4
-1.33186e+06
-1.13602e+06
-849520
-728062
1.28295e+06
1.0111e+06
289075
416515
2.86598e+06
2.18253e+06
108571
681029
3.70453e+06
3.11834e+06
2.08929e+06
1.92429e+06
6.24474e+06
5.15427e+06
2.85956e+06
2.8693e+06
-1.18659e+06
-847679
305370
-82503.1
-1.40408e+06
-1.19635e+06
-889315
-778430
729294
582867
228441
284240
-2.71984e+06
-2.23188e+06
-1.13118e+06
-1.18859e+06
-177429
-155860
-123655
-110449
4.13674e+06
3.51264e+06
2.53988e+06
2.25937e+06
-1.98533e+06
-1.58101e+06
-516784
-691734
-640274
-586550
-681176
-498621
723658
577104
203682
277078
-2.82365e+06
-2.31894e+06
-1.18859e+06
-1.22755e+06
-204444
-178718
-148789
-127402
4.1658e+06
3.54068e+06
2.54975e+06
2.28122e+06
-2.06773e+06
-1.64687e+06
-568211
-732927
-683937
-620224
-721110
-519382
737746
587225
191260
268601
-2.88443e+06
-2.37085e+06
-1.22987e+06
-1.27026e+06
-236259
-206451
-170043
-147227
4.27683e+06
3.63093e+06
2.59158e+06
2.31504e+06
-2.11076e+06
-1.68623e+06
-595233
-758749
-707573
-644195
-766384
-547936
691163
544290
164742
242277
-2.99415e+06
-2.46056e+06
-1.271e+06
-1.31947e+06
-338207
-291069
-206491
-187203
4.25837e+06
3.61221e+06
2.59847e+06
2.31725e+06
-2.249e+06
-1.80116e+06
-660401
-821516
-803695
-730443
-834946
-605522
713100
566562
156825
236773
-3.09031e+06
-2.53519e+06
-1.3144e+06
-1.37477e+06
-371042
-315438
-230396
-210619
4.3434e+06
3.69436e+06
2.64266e+06
2.34233e+06
-2.34644e+06
-1.87642e+06
-710936
-883832
-875347
-784524
-889463
-664540
759991
600913
161693
251789
-3.14786e+06
-2.58602e+06
-1.34358e+06
-1.39257e+06
-397333
-339288
-247154
-225112
4.47103e+06
3.79645e+06
2.70987e+06
2.41479e+06
-2.43487e+06
-1.95106e+06
-748173
-914674
-899092
-811743
-915799
-680615
823657
651657
190596
280744
-3.23515e+06
-2.65315e+06
-1.35387e+06
-1.44031e+06
-281584
-242987
-202293
-176654
4.57235e+06
3.87898e+06
2.77512e+06
2.4783e+06
-2.38005e+06
-1.90711e+06
-728007
-907009
-886001
-810909
-914676
-691303
876833
694986
199845
304937
-3.24295e+06
-2.65772e+06
-1.34403e+06
-1.42293e+06
-143336
-130824
-160288
-117457
4.65853e+06
3.95567e+06
2.82815e+06
2.53922e+06
-2.27229e+06
-1.81638e+06
-681541
-855672
-887578
-809813
-913916
-675430
958377
764441
235754
338010
-3.22609e+06
-2.64012e+06
-1.32246e+06
-1.41213e+06
-5615.84
-16475.6
-99835.7
-57750.1
4.79849e+06
4.0752e+06
2.91427e+06
2.60102e+06
-2.12687e+06
-1.69515e+06
-601606
-781750
-915686
-831691
-931095
-691022
964196
764132
239198
341056
-3.2552e+06
-2.66304e+06
-1.31914e+06
-1.4112e+06
58436
31896.9
-73710.9
-28862.7
4.82245e+06
4.09398e+06
2.94448e+06
2.62969e+06
-2.03389e+06
-1.62057e+06
-563665
-737288
-938190
-853109
-953832
-708981
995915
789835
232576
365656
-3.30622e+06
-2.70286e+06
-1.3348e+06
-1.4212e+06
172729
124657
-51336.7
22357.3
4.92669e+06
4.18694e+06
3.00564e+06
2.68675e+06
-1.97007e+06
-1.5676e+06
-543542
-704198
-1.00409e+06
-906736
-988246
-731562
969448
767654
215970
333593
-3.35233e+06
-2.74165e+06
-1.35314e+06
-1.44507e+06
219666
160824
-45433.7
26254.2
5.018e+06
4.26394e+06
3.06821e+06
2.73535e+06
-1.9567e+06
-1.55561e+06
-530340
-701347
-1.06307e+06
-958165
-1.0178e+06
-770975
887180
695871
186540
296933
-3.48318e+06
-2.85044e+06
-1.39684e+06
-1.49896e+06
212425
151719
-53487
22732.8
5.07165e+06
4.30936e+06
3.12243e+06
2.77749e+06
-2.03399e+06
-1.62528e+06
-552992
-728705
-1.0769e+06
-972657
-1.01382e+06
-790552
764706
598521
143349
250327
-3.6527e+06
-2.99055e+06
-1.46684e+06
-1.56385e+06
194895
134075
-72738.7
8028.49
5.12933e+06
4.36457e+06
3.16916e+06
2.821e+06
-2.16383e+06
-1.73013e+06
-595731
-783508
-1.10018e+06
-986783
-998702
-788358
684170
539146
141220
223439
-3.7737e+06
-3.08548e+06
-1.5052e+06
-1.6182e+06
194893
137341
-64261.2
8061.72
5.24347e+06
4.46308e+06
3.25307e+06
2.87791e+06
-2.24094e+06
-1.78762e+06
-596917
-803501
-1.0798e+06
-962114
-961005
-763156
581365
455723
113645
188081
-3.93018e+06
-3.21031e+06
-1.55411e+06
-1.67135e+06
145471
96431
-83811.2
-11073.3
5.34011e+06
4.5445e+06
3.31816e+06
2.94177e+06
-2.34276e+06
-1.86629e+06
-619067
-834192
-1.05039e+06
-935081
-936170
-733162
506605
398455
95235.3
163679
-4.11229e+06
-3.35744e+06
-1.62099e+06
-1.75364e+06
139839
90441.8
-91977.6
-16487.6
5.47536e+06
4.66652e+06
3.40611e+06
3.00645e+06
-2.451e+06
-1.9517e+06
-639155
-881033
-1.09079e+06
-965614
-933940
-753250
425695
336116
85065.7
137019
-4.24295e+06
-3.46344e+06
-1.67405e+06
-1.80588e+06
128042
82503.8
-96320.7
-25294.6
5.61559e+06
4.78475e+06
3.49795e+06
3.08955e+06
-2.53774e+06
-2.01624e+06
-649030
-895374
-1.08089e+06
-954779
-908926
-737790
384344
301609
78779.5
118440
-4.30626e+06
-3.51871e+06
-1.6961e+06
-1.83932e+06
110519
69175.5
-105531
-37610.3
5.64536e+06
4.8041e+06
3.5214e+06
3.11467e+06
-2.62375e+06
-2.08286e+06
-681765
-924715
-976254
-873047
-857257
-680720
393267
308596
74079.3
122928
-4.39005e+06
-3.58646e+06
-1.72948e+06
-1.86453e+06
122535
77383.6
-108877
-37826
5.63784e+06
4.80323e+06
3.52775e+06
3.12089e+06
-2.69765e+06
-2.14251e+06
-721997
-962433
-906500
-811100
-823544
-641342
392900
309363
77241.5
123310
-4.49886e+06
-3.67685e+06
-1.7782e+06
-1.91227e+06
116744
73611.9
-104851
-36246.3
5.65693e+06
4.81973e+06
3.55599e+06
3.13263e+06
-2.79813e+06
-2.22641e+06
-761248
-1.00406e+06
-908144
-813620
-831214
-636593
421702
330444
80682.3
129219
-4.56549e+06
-3.7297e+06
-1.79625e+06
-1.94569e+06
119073
74106.2
-106574
-40180.6
5.67214e+06
4.83204e+06
3.57227e+06
3.14568e+06
-2.8338e+06
-2.25823e+06
-783742
-1.028e+06
-806772
-733775
-799451
-605764
458121
361880
92711.6
142824
-4.64721e+06
-3.79249e+06
-1.818e+06
-1.9745e+06
147667
96479.8
-101676
-29031
5.72323e+06
4.88175e+06
3.61391e+06
3.17015e+06
-2.8978e+06
-2.30732e+06
-809060
-1.05945e+06
-733006
-668572
-765423
-574664
505745
398899
112815
161030
-4.74384e+06
-3.87281e+06
-1.85197e+06
-2.00383e+06
153876
100768
-97832.5
-26869.4
5.76733e+06
4.91814e+06
3.66323e+06
3.20925e+06
-2.96452e+06
-2.36282e+06
-827394
-1.08216e+06
-673193
-624157
-735051
-546003
509643
400607
100420
163554
-4.77635e+06
-3.8937e+06
-1.87863e+06
-2.0382e+06
105911
63518
-99921.3
-30811.5
5.78982e+06
4.93265e+06
3.68187e+06
3.22485e+06
-2.99177e+06
-2.38771e+06
-839632
-1.08646e+06
-633149
-588181
-747022
-530879
504939
394918
78737
148521
-4.71437e+06
-3.84544e+06
-1.8662e+06
-2.01765e+06
9572.1
-15464.4
-134025
-68953.5
5.84071e+06
4.97769e+06
3.70324e+06
3.25303e+06
-3.07786e+06
-2.45601e+06
-866734
-1.12714e+06
-635888
-589557
-762792
-534963
497784
385462
49047.8
134944
-4.68026e+06
-3.82202e+06
-1.88548e+06
-2.01098e+06
-155676
-151289
-193323
-137160
5.8819e+06
5.00947e+06
3.71952e+06
3.26294e+06
-3.16222e+06
-2.52708e+06
-898139
-1.15766e+06
-715439
-657758
-842340
-583284
513734
393771
41705.9
125619
-4.58996e+06
-3.75267e+06
-1.86796e+06
-1.9899e+06
-227162
-205067
-210789
-165551
5.99122e+06
5.09785e+06
3.76294e+06
3.30751e+06
-3.15837e+06
-2.52214e+06
-897385
-1.15889e+06
-630791
-598236
-844691
-580945
487744
370846
13372.8
121535
-4.61129e+06
-3.77455e+06
-1.8956e+06
-1.99015e+06
-363828
-321985
-264865
-203172
6.04449e+06
5.14234e+06
3.782e+06
3.34468e+06
-3.29711e+06
-2.63984e+06
-951687
-1.20452e+06
-693465
-652390
-897372
-598041
442828
333698
-9829.49
85644.8
-4.65369e+06
-3.81104e+06
-1.9267e+06
-2.02989e+06
-533576
-456505
-328022
-290450
6.06608e+06
5.16115e+06
3.80051e+06
3.34546e+06
-3.46227e+06
-2.77069e+06
-1.00003e+06
-1.28289e+06
-782911
-730260
-949502
-669848
449428
338013
7157.33
88022.8
-4.66501e+06
-3.82076e+06
-1.92083e+06
-2.04997e+06
-587665
-494326
-339593
-307195
6.18721e+06
5.26648e+06
3.85665e+06
3.41899e+06
-3.48948e+06
-2.78818e+06
-996422
-1.28565e+06
-763105
-722557
-933314
-684230
443697
334577
13717.9
94438.4
-4.66059e+06
-3.81706e+06
-1.91217e+06
-2.03384e+06
-645873
-544775
-357072
-327527
6.27057e+06
5.3377e+06
3.90279e+06
3.47015e+06
-3.53822e+06
-2.82491e+06
-991184
-1.29421e+06
-751234
-709577
-908467
-665177
536342
412404
55578.6
135413
-4.59508e+06
-3.76378e+06
-1.89796e+06
-2.01114e+06
-647505
-543621
-350348
-327550
6.38903e+06
5.43642e+06
3.96676e+06
3.51931e+06
-3.47808e+06
-2.77123e+06
-946360
-1.25631e+06
-646807
-620893
-871168
-617755
584127
450742
80663.9
157653
-4.53075e+06
-3.71354e+06
-1.8653e+06
-1.98571e+06
-655303
-547463
-344304
-327026
6.51794e+06
5.54323e+06
4.03325e+06
3.58132e+06
-3.37165e+06
-2.68352e+06
-885983
-1.20969e+06
-501860
-505820
-811513
-559071
597398
460978
87656.5
173936
-4.52093e+06
-3.70264e+06
-1.86035e+06
-1.97326e+06
-694517
-583633
-355885
-335145
6.69676e+06
5.69598e+06
4.12583e+06
3.66519e+06
-3.35903e+06
-2.6707e+06
-858457
-1.18808e+06
-474663
-482112
-794141
-540851
614532
474986
97126.1
178725
-4.47024e+06
-3.66475e+06
-1.85523e+06
-1.95546e+06
-718727
-601882
-366646
-350712
6.8503e+06
5.82098e+06
4.20699e+06
3.74548e+06
-3.33472e+06
-2.64795e+06
-828478
-1.16437e+06
-388893
-413768
-762023
-505074
-2.01922e+06
-1.70373e+06
-1.17373e+06
-1.05268e+06
543782
417502
85730.3
160249
982782
798328
323304
394023
1.97692e+06
1.57725e+06
529733
698394
-1.06317e+06
-905112
-642605
-597088
837699
662353
192260
281834
-2.17483e+06
-1.83564e+06
-1.24211e+06
-1.12373e+06
563428
436481
92839.6
179710
1.01425e+06
820058
317131
395808
2.15057e+06
1.7195e+06
598541
769497
-967801
-825109
-601865
-548327
790891
625483
188001
274010
-2.35833e+06
-1.98394e+06
-1.31763e+06
-1.2051e+06
569053
439352
79811.1
176794
1.00341e+06
809714
299815
393142
2.26477e+06
1.81208e+06
642018
826503
-964232
-823411
-595798
-537204
679752
539959
163681
234837
-2.49826e+06
-2.09477e+06
-1.38139e+06
-1.26664e+06
554373
425581
67598
159396
1.00944e+06
811985
272392
378617
2.39998e+06
1.92112e+06
685380
877254
-869589
-745626
-567947
-505997
648572
517765
154907
224570
-2.70702e+06
-2.27491e+06
-1.47232e+06
-1.35e+06
502355
384252
44627.6
149785
981777
782030
234071
361716
2.47118e+06
1.97342e+06
696801
922163
-871717
-751647
-582155
-493459
579399
456406
130720
213063
-2.90443e+06
-2.43166e+06
-1.55663e+06
-1.45344e+06
422399
322096
14880.4
113334
917204
726972
185774
315409
2.49993e+06
2.00101e+06
696557
911683
-917554
-786565
-605640
-527254
481726
381601
98767.3
159173
-3.02274e+06
-2.53073e+06
-1.61077e+06
-1.5012e+06
403202
304566
982.878
96999.5
847219
666113
149196
275461
2.5665e+06
2.05416e+06
707672
937694
-944978
-806660
-609168
-536040
427570
339384
82645.9
131646
-3.13655e+06
-2.63067e+06
-1.65823e+06
-1.56285e+06
438482
333767
12533.5
105629
808621
630833
133608
246315
2.62532e+06
2.09834e+06
723069
944560
-967677
-823656
-607302
-541678
465935
367388
108619
143918
-3.2277e+06
-2.69992e+06
-1.6921e+06
-1.60249e+06
485651
372710
22708
124626
773828
605872
130671
243742
2.68127e+06
2.146e+06
741072
972251
-1.06608e+06
-902302
-635837
-572728
479108
384187
123768
155479
-3.32788e+06
-2.77904e+06
-1.72492e+06
-1.64176e+06
443874
336440
-1062.78
104454
682036
532774
98454
210680
2.66506e+06
2.12975e+06
732725
965955
-1.11086e+06
-937976
-649642
-590754
512188
411732
127238
171898
-3.37732e+06
-2.82086e+06
-1.72656e+06
-1.67365e+06
473890
365115
18773
103317
675812
528132
106279
192180
2.69776e+06
2.15412e+06
735116
973125
-1.1773e+06
-990642
-661554
-614873
587528
469064
165564
194576
-3.36155e+06
-2.80432e+06
-1.70968e+06
-1.65341e+06
510555
395474
48603
135436
678516
529250
113556
210501
2.72586e+06
2.17715e+06
745230
976338
-1.21678e+06
-1.0201e+06
-660147
-626560
734292
590913
224263
257598
-3.3472e+06
-2.78803e+06
-1.70166e+06
-1.63303e+06
498242
386511
54112.1
135157
669537
526358
117317
205957
2.81458e+06
2.25043e+06
781701
1.03238e+06
-1.20668e+06
-1.00724e+06
-651817
-611473
733512
592443
224746
281185
-3.31863e+06
-2.77332e+06
-1.69359e+06
-1.63897e+06
500639
390841
66676.6
136081
718152
562787
147389
217220
2.86872e+06
2.29153e+06
808537
1.04301e+06
-1.21119e+06
-1.01234e+06
-659458
-618815
704966
563232
209611
256837
-3.27841e+06
-2.7353e+06
-1.67284e+06
-1.61613e+06
521563
411155
89425.7
156073
781124
620668
195951
261856
2.93906e+06
2.35463e+06
853686
1.08905e+06
-1.29421e+06
-1.07957e+06
-695024
-650084
630220
504665
172669
222744
-3.27288e+06
-2.72915e+06
-1.6596e+06
-1.60643e+06
494670
390081
88291.5
155088
773894
616828
208427
276216
2.94209e+06
2.35677e+06
866688
1.09754e+06
-1.32712e+06
-1.10821e+06
-714789
-667786
572097
456901
144167
198304
-3.21657e+06
-2.6895e+06
-1.63559e+06
-1.58408e+06
482483
382325
95969.9
147938
824008
655636
240099
289986
2.97914e+06
2.38262e+06
880038
1.11754e+06
-1.37055e+06
-1.14691e+06
-745580
-687784
558812
440368
138089
189095
-3.14464e+06
-2.6278e+06
-1.60622e+06
-1.55883e+06
467119
371759
110043
153359
896861
717278
281867
328250
2.98084e+06
2.38737e+06
892068
1.11252e+06
-1.41995e+06
-1.18866e+06
-773986
-724987
576332
455387
142126
187528
-3.15756e+06
-2.63166e+06
-1.61036e+06
-1.53562e+06
457861
356878
107769
147025
954033
768930
304053
370141
3.04075e+06
2.44042e+06
922621
1.14723e+06
-1.40646e+06
-1.18407e+06
-770442
-725009
586665
467657
154772
203701
-3.26001e+06
-2.72232e+06
-1.6517e+06
-1.58614e+06
478390
374409
107720
155249
1.00387e+06
806322
321951
387007
3.14741e+06
2.52534e+06
965397
1.18353e+06
-1.40033e+06
-1.18021e+06
-775276
-722884
609931
483187
162407
214565
-3.36692e+06
-2.80456e+06
-1.69111e+06
-1.62936e+06
488393
380257
98845.7
154001
1.05445e+06
851942
355286
418505
3.22559e+06
2.59296e+06
1.01046e+06
1.23017e+06
-1.50714e+06
-1.26871e+06
-813902
-763648
570625
451684
135572
193044
-3.45173e+06
-2.86896e+06
-1.7291e+06
-1.66242e+06
436489
338365
63317.9
127691
1.05264e+06
851453
354005
424846
3.24719e+06
2.61211e+06
1.02176e+06
1.24911e+06
-1.54837e+06
-1.2997e+06
-848163
-786617
543949
431390
105583
178068
-3.52203e+06
-2.9341e+06
-1.75584e+06
-1.70364e+06
433628
337065
55276.7
114162
1.11906e+06
904547
377999
438032
3.32344e+06
2.67037e+06
1.04358e+06
1.27656e+06
-1.58606e+06
-1.33511e+06
-877995
-810366
563814
441434
104797
178680
-3.53423e+06
-2.94295e+06
-1.78021e+06
-1.71289e+06
444543
345287
42605.3
125523
1.20095e+06
969389
396961
477920
3.37293e+06
2.71227e+06
1.05047e+06
1.29199e+06
-1.62206e+06
-1.36613e+06
-914918
-838466
631599
496564
99057.9
195895
-3.55791e+06
-2.961e+06
-1.80792e+06
-1.72767e+06
566773
439642
87739.9
162743
1.14841e+06
924884
363944
451164
3.41243e+06
2.74115e+06
1.05504e+06
1.29527e+06
-1.62381e+06
-1.36811e+06
-912427
-853643
685157
533315
100218
206830
-3.5799e+06
-2.98388e+06
-1.83522e+06
-1.75325e+06
735273
581162
147835
235666
1.11342e+06
893743
328918
422093
3.4777e+06
2.79472e+06
1.07663e+06
1.31279e+06
-1.61173e+06
-1.35648e+06
-897341
-839804
703450
545892
90827.2
212580
-3.59703e+06
-2.99961e+06
-1.85535e+06
-1.76559e+06
935849
740061
218060
319553
1.09993e+06
879652
309379
412371
3.59629e+06
2.8921e+06
1.13039e+06
1.36982e+06
-1.6565e+06
-1.39338e+06
-906498
-848106
697229
538481
72136.9
198312
-3.68367e+06
-3.06907e+06
-1.90342e+06
-1.80349e+06
1.03027e+06
815419
242444
356836
991559
787957
249085
361448
3.56838e+06
2.86929e+06
1.11965e+06
1.36344e+06
-1.74378e+06
-1.46234e+06
-934249
-878878
673742
518012
37794.9
178373
-3.69433e+06
-3.07856e+06
-1.91275e+06
-1.83181e+06
1.16111e+06
928276
290231
398751
970303
772828
224888
323732
3.61527e+06
2.90817e+06
1.13011e+06
1.37453e+06
-1.8146e+06
-1.51831e+06
-954729
-908644
680027
521910
27490.2
165334
-3.66878e+06
-3.05854e+06
-1.91962e+06
-1.8123e+06
1.27619e+06
1.02127e+06
327694
462790
976226
770931
204055
331729
3.63467e+06
2.92495e+06
1.13193e+06
1.39076e+06
-1.85332e+06
-1.54771e+06
-971463
-918121
708845
544548
16876.5
177439
-3.71255e+06
-3.10314e+06
-1.9493e+06
-1.84358e+06
1.25079e+06
990569
305292
434376
1.01015e+06
797246
210406
322096
3.56865e+06
2.86982e+06
1.09511e+06
1.36445e+06
-1.80128e+06
-1.50658e+06
-968125
-912149
748123
572246
44735.8
178513
-3.78815e+06
-3.17069e+06
-1.99888e+06
-1.89097e+06
1.17296e+06
929101
265608
402888
1.06392e+06
841385
242422
347369
3.48363e+06
2.79736e+06
1.04973e+06
1.31537e+06
-1.75128e+06
-1.46846e+06
-964866
-898458
797017
612782
67521.6
210583
-3.79836e+06
-3.18158e+06
-2.02767e+06
-1.91e+06
1.16196e+06
914344
241318
381749
1.18802e+06
944560
297727
406139
3.45296e+06
2.77041e+06
1.02518e+06
1.2952e+06
-1.7387e+06
-1.46326e+06
-981579
-902524
850731
653971
83167.1
222080
-3.81228e+06
-3.19285e+06
-2.04223e+06
-1.92089e+06
1.08366e+06
850437
209463
346918
1.25046e+06
995761
343026
444318
3.33115e+06
2.66952e+06
977394
1.24556e+06
-1.71842e+06
-1.44717e+06
-982424
-899092
932167
722576
127010
263518
-3.83287e+06
-3.21401e+06
-2.06851e+06
-1.94721e+06
1.00429e+06
789462
176277
307008
1.33372e+06
1.06733e+06
387664
475699
3.20338e+06
2.56069e+06
911454
1.18935e+06
-1.72366e+06
-1.45473e+06
-1.00722e+06
-911592
1.01557e+06
790490
156642
306169
-3.82998e+06
-3.21563e+06
-2.09838e+06
-1.95027e+06
928232
725933
143631
285087
1.43232e+06
1.14717e+06
430978
536379
3.06441e+06
2.44773e+06
847024
1.12222e+06
-1.74979e+06
-1.47937e+06
-1.03893e+06
-932274
1.08599e+06
846487
168091
328225
