-88498.7
-52105.3
157951
-169930
-345625
-214912
721150
-637267
880993
835947
1.4524e+06
952702
-968677
-821225
-638331
-1.20712e+06
-472486
-389873
-38342.2
-633705
-901134
-857192
-1.49526e+06
-915159
-86719.6
-62530.9
204900
-164641
-359629
-221242
778720
-665303
948131
892753
1.59412e+06
979368
-916936
-809386
-631229
-1.16891e+06
-422089
-351721
35807.9
-631425
-874043
-832078
-1.48049e+06
-953000
-109718
-53361.1
179359
-177474
-389805
-232652
774305
-706714
940975
891136
1.60108e+06
990730
-988117
-867815
-719775
-1.25105e+06
-436364
-367489
44262.1
-655880
-904667
-874125
-1.49043e+06
-975153
-30105.8
6963.59
269461
-95096
-369774
-223828
804342
-687701
953686
911328
1.62454e+06
1.00977e+06
-979711
-845355
-711785
-1.21406e+06
-465856
-380175
41942.7
-668206
-945289
-893772
-1.53551e+06
-1.00452e+06
5492.81
18763.8
308089
-69371.4
-357440
-215371
870960
-691205
1.00298e+06
926980
1.65415e+06
1.05104e+06
-971033
-852858
-730156
-1.21983e+06
-465907
-390872
7930.91
-668045
-981648
-938144
-1.60943e+06
-1.05054e+06
-26550.4
3993.74
247804
-93138.7
-404855
-252726
841714
-753598
950994
890103
1.558e+06
996933
-1.01315e+06
-894640
-807544
-1.25924e+06
-496618
-429890
-52043.1
-723881
-1.04487e+06
-1.00761e+06
-1.71459e+06
-1.14195e+06
-22706.6
-12029.3
241367
-95839.8
-398486
-255342
874640
-751960
970889
905094
1.57332e+06
1.02926e+06
-1.00531e+06
-872321
-793538
-1.24188e+06
-536374
-429027
-72040
-709546
-1.07214e+06
-1.00701e+06
-1.72427e+06
-1.122e+06
-48999.7
-26771.1
237794
-86769.1
-432786
-289399
828367
-767839
978987
926576
1.69449e+06
1.01122e+06
-946618
-824769
-701942
-1.17322e+06
-481868
-386335
-28.2843
-684204
-1.03158e+06
-962610
-1.67097e+06
-1.11234e+06
-67995.4
-32526.9
198145
-143490
-432636
-275752
826582
-803881
941467
892884
1.68867e+06
941660
-903439
-785511
-640803
-1.15866e+06
-473810
-384134
39111.5
-711902
-1.01116e+06
-966196
-1.60347e+06
-1.12134e+06
-42550.9
-14837.9
286582
-112754
-401631
-258071
901844
-762855
863796
824487
1.65538e+06
852496
-840770
-714582
-487281
-1.07401e+06
-483350
-378104
106502
-704667
-1.04449e+06
-975445
-1.56041e+06
-1.14721e+06
-40921.7
-28677.4
255577
-107148
-410170
-267705
868949
-761947
854507
819480
1.67462e+06
840739
-793043
-672529
-431759
-1.01874e+06
-463146
-354453
130258
-660914
-1.07434e+06
-986471
-1.58916e+06
-1.16521e+06
-78426.6
-40211.7
203010
-140105
-435371
-287017
825112
-792409
793586
766159
1.62165e+06
753957
-770967
-653089
-403945
-1.00188e+06
-467658
-371333
75425.7
-693532
-1.05348e+06
-984361
-1.55601e+06
-1.17599e+06
-22183.4
5291.99
253059
-105267
-410563
-253721
859319
-749446
856742
845980
1.73783e+06
853283
-785053
-666015
-446730
-990565
-474952
-386103
18843
-639161
-1.0118e+06
-938328
-1.4811e+06
-1.07426e+06
-16271.9
-11039.4
320713
-95033.7
-386660
-245677
954843
-746733
1.03149e+06
1.00353e+06
2.03066e+06
1.00439e+06
-777362
-673115
-466603
-1.00699e+06
-396825
-317757
92317
-608792
-956529
-901191
-1.44066e+06
-1.09253e+06
-59213.1
-12877.8
272010
-127433
-438559
-268409
925088
-792002
1.09361e+06
1.06327e+06
2.15413e+06
1.09159e+06
-832463
-722278
-527420
-1.06272e+06
-393810
-328100
112515
-598782
-967523
-916051
-1.41652e+06
-1.07196e+06
-11398.6
12931.6
315548
-84277.2
-456879
-302630
878594
-826257
1.14513e+06
1.11499e+06
2.23847e+06
1.13708e+06
-885869
-768809
-611367
-1.11599e+06
-465579
-388578
13392.6
-668506
-994857
-933975
-1.4836e+06
-1.0945e+06
-11095.9
2958.53
287133
-92810.6
-473597
-311523
860227
-846248
1.21112e+06
1.17508e+06
2.29159e+06
1.22582e+06
-931605
-810658
-672314
-1.16663e+06
-524851
-432950
-100884
-715772
-1.03698e+06
-971239
-1.58312e+06
-1.12843e+06
-60239.8
-36803.5
225878
-136337
-518578
-355157
842826
-902551
1.26432e+06
1.21693e+06
2.35307e+06
1.2718e+06
-973861
-857740
-754344
-1.22201e+06
-511948
-446877
-116743
-727283
-1.04291e+06
-1.00061e+06
-1.6186e+06
-1.16208e+06
-83144.4
-62154.7
230313
-208270
-537741
-363829
860639
-947288
1.29888e+06
1.26243e+06
2.43051e+06
1.31889e+06
-1.00156e+06
-868101
-756155
-1.24548e+06
-601148
-509801
-203194
-779157
-1.05744e+06
-999122
-1.62104e+06
-1.12708e+06
-165743
-141766
188534
-256746
-581816
-400675
859468
-990012
1.38415e+06
1.33439e+06
2.56827e+06
1.39625e+06
-978011
-855198
-714475
-1.22241e+06
-609922
-519873
-248477
-818593
-1.0216e+06
-965308
-1.61724e+06
-1.12849e+06
-214013
-145226
107899
-309844
-606675
-401990
844939
-1.02498e+06
1.40178e+06
1.35563e+06
2.5723e+06
1.42916e+06
-1.02892e+06
-898450
-793450
-1.29831e+06
-649449
-554216
-334863
-866603
-1.00807e+06
-960540
-1.62332e+06
-1.09732e+06
-148456
-105005
221630
-251310
-561689
-371930
935245
-981685
1.44047e+06
1.38712e+06
2.63679e+06
1.46766e+06
-1.02259e+06
-875978
-705328
-1.27848e+06
-679798
-576377
-347659
-879323
-1.03361e+06
-974670
-1.65005e+06
-1.11433e+06
-165539
-148707
195374
-301707
-576405
-392204
950660
-1.02323e+06
1.43771e+06
1.36887e+06
2.59716e+06
1.45993e+06
-1.00774e+06
-878903
-668018
-1.28316e+06
-728459
-640752
-434277
-938533
-1.09981e+06
-1.05019e+06
-1.77576e+06
-1.18773e+06
-255650
-202883
105379
-377947
-626183
-428594
937898
-1.07827e+06
1.41452e+06
1.35076e+06
2.53102e+06
1.44166e+06
-1.06926e+06
-926890
-750325
-1.35184e+06
-811346
-721945
-614685
-1.03995e+06
-1.13281e+06
-1.0938e+06
-1.87669e+06
-1.23614e+06
-270884
-220555
73573
-396643
-628451
-435306
980582
-1.08938e+06
1.41779e+06
1.35283e+06
2.56139e+06
1.46311e+06
-1.09085e+06
-955666
-757224
-1.37415e+06
-822314
-716738
-593902
-1.02776e+06
-1.15312e+06
-1.10587e+06
-1.88748e+06
-1.22087e+06
-276134
-206393
48575.4
-369552
-667715
-452376
935663
-1.11778e+06
1.41512e+06
1.37204e+06
2.56746e+06
1.46466e+06
-1.10981e+06
-971536
-786218
-1.4152e+06
-797017
-686058
-546135
-1.02855e+06
-1.13366e+06
-1.07809e+06
-1.90348e+06
-1.22508e+06
-257574
-179370
10934.7
-328905
-677841
-457094
930892
-1.13371e+06
1.42995e+06
1.37441e+06
2.52926e+06
1.50466e+06
-1.17532e+06
-1.02973e+06
-812355
-1.48899e+06
-776106
-672133
-461345
-1.02275e+06
-1.14858e+06
-1.10083e+06
-1.92498e+06
-1.21607e+06
-170947
-108046
106001
-240056
-626836
-417951
1.00964e+06
-1.08618e+06
1.45625e+06
1.40312e+06
2.53981e+06
1.53886e+06
-1.16061e+06
-996574
-729901
-1.46985e+06
-742915
-623069
-346977
-977562
-1.15357e+06
-1.09045e+06
-1.91028e+06
-1.22175e+06
-123430
-99704.9
142044
-184520
-598283
-403916
1.07178e+06
-1.0602e+06
1.50202e+06
1.41574e+06
2.54655e+06
1.58336e+06
-1.12452e+06
-976017
-641702
-1.46161e+06
-687011
-569775
-242968
-916494
-1.17966e+06
-1.12567e+06
-1.96566e+06
-1.26086e+06
-127545
-74585.6
61826.6
-175477
-640294
-424213
1.02083e+06
-1.10978e+06
1.47361e+06
1.40745e+06
2.436e+06
1.581e+06
-1.18064e+06
-1.0233e+06
-689367
-1.52837e+06
-657386
-552584
-218007
-904026
-1.20244e+06
-1.15613e+06
-2.03443e+06
-1.28666e+06
-124208
-96220.3
46861.4
-182401
-674919
-467406
966578
-1.13587e+06
1.46785e+06
1.39048e+06
2.3894e+06
1.597e+06
-1.28028e+06
-1.1062e+06
-779967
-1.60871e+06
-716834
-608754
-268842
-927369
-1.26217e+06
-1.19874e+06
-2.1104e+06
-1.28315e+06
-182289
-140457
-34082.5
-253301
-731762
-501619
836066
-1.20472e+06
1.47521e+06
1.40715e+06
2.40037e+06
1.56022e+06
-1.34492e+06
-1.16789e+06
-891812
-1.73564e+06
-720451
-607436
-260855
-996612
-1.28472e+06
-1.21857e+06
-2.22756e+06
-1.37451e+06
-215849
-163183
-12125.5
-296452
-707045
-489038
922163
-1.18249e+06
1.44408e+06
1.36568e+06
2.40453e+06
1.54118e+06
-1.43489e+06
-1.26344e+06
-922152
-1.8338e+06
-740163
-629611
-167137
-1.03398e+06
-1.34351e+06
-1.29539e+06
-2.25305e+06
-1.41649e+06
-228817
-183124
15779.8
-335589
-701232
-491510
929481
-1.18911e+06
1.37494e+06
1.30791e+06
2.30468e+06
1.4587e+06
-1.5465e+06
-1.34001e+06
-1.01725e+06
-1.95532e+06
-826152
-696537
-200799
-1.13752e+06
-1.45543e+06
-1.38773e+06
-2.4208e+06
-1.54052e+06
-214972
-165005
107240
-318994
-687554
-469236
989579
-1.16485e+06
1.38312e+06
1.31106e+06
2.32307e+06
1.4768e+06
-1.53103e+06
-1.3305e+06
-939966
-1.95532e+06
-824546
-675324
-131867
-1.12711e+06
-1.52354e+06
-1.44255e+06
-2.50492e+06
-1.6026e+06
-204928
-154079
116760
-330503
-619855
-411553
1.07593e+06
-1.1095e+06
1.37025e+06
1.30022e+06
2.25566e+06
1.45346e+06
-1.58516e+06
-1.38398e+06
-1.01336e+06
-2.03181e+06
-790927
-668108
-96011
-1.13202e+06
-1.5311e+06
-1.46703e+06
-2.54324e+06
-1.64096e+06
311882
303321
630493
327033
1.55209e+06
1.41572e+06
1.77187e+06
1.8273e+06
-850910
-785847
-1.15624e+06
-973180
-2.63799e+06
-2.43236e+06
-3.34332e+06
-3.03864e+06
392990
420949
1.26275e+06
302442
-395225
-410526
-1.09875e+06
-318717
386943
370824
721933
389510
1.6031e+06
1.45307e+06
1.80501e+06
1.87239e+06
-826800
-778092
-1.10214e+06
-947034
-2.71994e+06
-2.50279e+06
-3.42936e+06
-3.12587e+06
459328
474537
1.34183e+06
355057
-334648
-374501
-1.12154e+06
-236291
360319
347042
652993
383007
1.61514e+06
1.46716e+06
1.83239e+06
1.89598e+06
-867761
-807821
-1.13775e+06
-996280
-2.8046e+06
-2.57716e+06
-3.53864e+06
-3.21691e+06
457012
482965
1.34643e+06
371985
-400975
-419286
-1.19203e+06
-313122
313254
300065
544187
337274
1.60763e+06
1.44329e+06
1.78063e+06
1.87913e+06
-879482
-816154
-1.12042e+06
-1.00305e+06
-2.90354e+06
-2.65427e+06
-3.66816e+06
-3.32391e+06
424021
431378
1.2741e+06
313286
-466442
-496446
-1.30963e+06
-390672
364236
349596
603849
406398
1.60786e+06
1.46521e+06
1.80336e+06
1.88654e+06
-852963
-777750
-1.06401e+06
-988066
-2.92024e+06
-2.67334e+06
-3.65457e+06
-3.34622e+06
429041
453787
1.32183e+06
326458
-519732
-546568
-1.42261e+06
-443162
404816
403447
637157
449693
1.64215e+06
1.50586e+06
1.85683e+06
1.92513e+06
-816748
-733982
-977575
-943761
-2.9265e+06
-2.66692e+06
-3.60829e+06
-3.35786e+06
466951
495351
1.3675e+06
363222
-583867
-611721
-1.52915e+06
-524884
435810
390549
652264
474561
1.71285e+06
1.54832e+06
1.97591e+06
2.01781e+06
-859610
-811397
-1.00155e+06
-1.02321e+06
-3.01561e+06
-2.7862e+06
-3.7259e+06
-3.49271e+06
458661
476253
1.39508e+06
353852
-607371
-638277
-1.5288e+06
-540579
488877
465901
736353
512538
1.70192e+06
1.5446e+06
1.93176e+06
2.00107e+06
-970100
-908706
-1.19643e+06
-1.13301e+06
-3.14375e+06
-2.89003e+06
-3.89724e+06
-3.63845e+06
458607
481486
1.41706e+06
318137
-574442
-601558
-1.58953e+06
-483162
468212
427446
696299
502916
1.72826e+06
1.55891e+06
1.96725e+06
2.03435e+06
-1.08861e+06
-1.0237e+06
-1.37202e+06
-1.26368e+06
-3.25535e+06
-2.99598e+06
-4.04852e+06
-3.75396e+06
406821
438256
1.4195e+06
264932
-650600
-676215
-1.70038e+06
-569341
451010
436440
666578
492552
1.72858e+06
1.55534e+06
1.91187e+06
2.02699e+06
-1.15536e+06
-1.04935e+06
-1.46921e+06
-1.31054e+06
-3.37176e+06
-3.07584e+06
-4.20723e+06
-3.88238e+06
380771
434749
1.43794e+06
226230
-661875
-668951
-1.72561e+06
-572928
535458
496627
769247
601305
1.7119e+06
1.54956e+06
1.88644e+06
2.05066e+06
-1.18571e+06
-1.08443e+06
-1.52597e+06
-1.33116e+06
-3.42978e+06
-3.15337e+06
-4.2474e+06
-3.9488e+06
406349
458590
1.55164e+06
246502
-633025
-655321
-1.7337e+06
-519764
593783
575616
845188
673034
1.74446e+06
1.58507e+06
1.84543e+06
2.11073e+06
-1.15018e+06
-1.03337e+06
-1.52113e+06
-1.26215e+06
-3.50349e+06
-3.2049e+06
-4.31605e+06
-4.02993e+06
455117
520190
1.66859e+06
291346
-595336
-613808
-1.69269e+06
-479015
616572
567498
913825
661675
1.82336e+06
1.64463e+06
1.92639e+06
2.17823e+06
-1.10301e+06
-1.03001e+06
-1.48215e+06
-1.26907e+06
-3.56709e+06
-3.2797e+06
-4.41707e+06
-4.11888e+06
476468
536850
1.79159e+06
303149
-530327
-555466
-1.51613e+06
-426605
677290
646980
1.06156e+06
714318
1.86796e+06
1.69946e+06
1.96032e+06
2.23805e+06
-1.11897e+06
-1.03882e+06
-1.54943e+06
-1.25641e+06
-3.64401e+06
-3.32853e+06
-4.56776e+06
-4.16169e+06
552287
619154
1.91385e+06
388712
-427695
-461690
-1.44983e+06
-273606
658704
610485
1.05607e+06
686947
1.91728e+06
1.72455e+06
2.03444e+06
2.28544e+06
-1.17491e+06
-1.11309e+06
-1.6694e+06
-1.32784e+06
-3.67582e+06
-3.39166e+06
-4.70716e+06
-4.19992e+06
548752
599734
1.91066e+06
372777
-455340
-501559
-1.50238e+06
-328936
617844
594069
1.04675e+06
627672
1.94872e+06
1.74154e+06
2.05419e+06
2.29387e+06
-1.20719e+06
-1.12959e+06
-1.70504e+06
-1.36478e+06
-3.74718e+06
-3.44847e+06
-4.84706e+06
-4.28697e+06
517565
575673
1.87573e+06
325686
-468430
-514819
-1.51669e+06
-354723
622404
572768
1.09494e+06
620745
1.90794e+06
1.7213e+06
2.0233e+06
2.28007e+06
-1.27171e+06
-1.19966e+06
-1.79371e+06
-1.44067e+06
-3.84348e+06
-3.55789e+06
-5.00751e+06
-4.37081e+06
501743
552381
1.86915e+06
312517
-496296
-551303
-1.61135e+06
-354760
569306
550443
1.0696e+06
573869
1.91701e+06
1.73683e+06
2.01266e+06
2.30905e+06
-1.32979e+06
-1.23449e+06
-1.86319e+06
-1.47603e+06
-3.96016e+06
-3.65333e+06
-5.23009e+06
-4.45796e+06
469850
532358
1.80634e+06
296053
-557774
-609090
-1.74375e+06
-404198
548862
535554
1.09183e+06
538223
1.97643e+06
1.78044e+06
2.07765e+06
2.34755e+06
-1.34214e+06
-1.24009e+06
-1.86391e+06
-1.5103e+06
-4.01345e+06
-3.69923e+06
-5.32857e+06
-4.55615e+06
479964
545097
1.81949e+06
291785
-560702
-599561
-1.74382e+06
-432182
630810
627679
1.26193e+06
601164
2.01092e+06
1.82145e+06
2.10804e+06
2.38762e+06
-1.31783e+06
-1.22404e+06
-1.84101e+06
-1.46817e+06
-4.01743e+06
-3.68999e+06
-5.2861e+06
-4.54365e+06
548638
611506
1.90968e+06
365188
-499059
-554278
-1.74729e+06
-336440
633545
626095
1.32006e+06
607774
2.06744e+06
1.86549e+06
2.21542e+06
2.45214e+06
-1.34736e+06
-1.25177e+06
-1.899e+06
-1.49707e+06
-4.02819e+06
-3.70016e+06
-5.3008e+06
-4.55714e+06
552092
613760
1.95141e+06
365550
-571580
-615336
-1.80767e+06
-433489
630671
622118
1.33874e+06
601447
2.10419e+06
1.88343e+06
2.24463e+06
2.48108e+06
-1.34456e+06
-1.25392e+06
-1.92131e+06
-1.47398e+06
-4.02442e+06
-3.68111e+06
-5.30406e+06
-4.52655e+06
542453
588845
1.95166e+06
348082
-591978
-650442
-1.8355e+06
-453653
643764
617471
1.35458e+06
586569
2.07596e+06
1.86748e+06
2.21361e+06
2.44192e+06
-1.35088e+06
-1.25288e+06
-1.97524e+06
-1.48879e+06
-3.98355e+06
-3.6549e+06
-5.26946e+06
-4.49923e+06
500838
545968
1.87964e+06
269084
-682731
-744742
-2.04117e+06
-562437
580950
572454
1.33326e+06
496436
2.05038e+06
1.85154e+06
2.22339e+06
2.40621e+06
-1.34547e+06
-1.24303e+06
-1.94632e+06
-1.47949e+06
-3.97138e+06
-3.63574e+06
-5.17076e+06
-4.49365e+06
421727
473603
1.80914e+06
167269
-824987
-886488
-2.22767e+06
-736597
568155
561850
1.36046e+06
498862
2.15534e+06
1.94823e+06
2.37198e+06
2.54334e+06
-1.31677e+06
-1.21208e+06
-1.86316e+06
-1.45856e+06
-3.95838e+06
-3.63759e+06
-5.13946e+06
-4.51632e+06
425755
503918
1.82739e+06
224200
-799356
-820035
-2.08669e+06
-692564
567300
583284
1.40866e+06
474295
2.13956e+06
1.94508e+06
2.35501e+06
2.52572e+06
-1.36655e+06
-1.25959e+06
-1.93162e+06
-1.50239e+06
-4.04309e+06
-3.70048e+06
-5.18328e+06
-4.60077e+06
434345
514358
1.83986e+06
225611
-751787
-781339
-2.02685e+06
-633914
577539
584602
1.47488e+06
488332
2.24278e+06
2.03249e+06
2.52743e+06
2.63444e+06
-1.37571e+06
-1.27198e+06
-1.9142e+06
-1.5303e+06
-4.0245e+06
-3.68685e+06
-5.15419e+06
-4.58642e+06
456831
528743
1.89203e+06
244338
-728948
-752192
-1.91448e+06
-628419
557797
573127
1.45004e+06
468440
2.29578e+06
2.069e+06
2.57073e+06
2.68193e+06
-1.40382e+06
-1.30401e+06
-1.96393e+06
-1.55475e+06
-4.02551e+06
-3.66984e+06
-5.15448e+06
-4.57056e+06
454347
522727
1.8559e+06
254342
-688886
-714294
-1.8464e+06
-574797
579038
570369
1.44223e+06
492835
2.28525e+06
2.06774e+06
2.58271e+06
2.67863e+06
-1.46934e+06
-1.35442e+06
-2.08321e+06
-1.61935e+06
-4.00083e+06
-3.66057e+06
-5.11335e+06
-4.55342e+06
471224
532027
1.82744e+06
279331
-674812
-709177
-1.868e+06
-558319
571741
577404
1.41755e+06
490824
2.28143e+06
2.06966e+06
2.58232e+06
2.67995e+06
-1.4844e+06
-1.36816e+06
-2.16289e+06
-1.61201e+06
-4.04379e+06
-3.69021e+06
-5.12718e+06
-4.59572e+06
509199
569328
1.83589e+06
333490
-702482
-732059
-1.89534e+06
-590931
520578
516055
1.34016e+06
460681
2.29221e+06
2.07105e+06
2.5783e+06
2.69291e+06
-1.49404e+06
-1.40176e+06
-2.18348e+06
-1.66439e+06
-4.09061e+06
-3.77983e+06
-5.2247e+06
-4.70026e+06
460165
523712
1.77536e+06
291819
-726001
-752888
-1.9042e+06
-628396
499466
515928
1.35426e+06
406520
2.31087e+06
2.10363e+06
2.66513e+06
2.69325e+06
-1.5482e+06
-1.44429e+06
-2.17998e+06
-1.74243e+06
-4.16973e+06
-3.82987e+06
-5.26457e+06
-4.79598e+06
456013
531450
1.83398e+06
254170
-727415
-747774
-1.91849e+06
-623268
471838
483064
1.30423e+06
405100
2.38595e+06
2.16738e+06
2.79355e+06
2.79562e+06
-1.56759e+06
-1.46197e+06
-2.17807e+06
-1.75186e+06
-4.20879e+06
-3.86922e+06
-5.32499e+06
-4.81539e+06
469887
544252
1.89536e+06
279905
-747327
-759189
-1.92016e+06
-638742
451643
472885
1.20408e+06
402653
2.43502e+06
2.19449e+06
2.78855e+06
2.84986e+06
-1.55087e+06
-1.43347e+06
-2.16529e+06
-1.70977e+06
-4.25651e+06
-3.89255e+06
-5.42751e+06
-4.85634e+06
493493
574878
1.90432e+06
315592
-754115
-760771
-1.97296e+06
-624385
474576
480369
1.1646e+06
460959
2.45165e+06
2.22536e+06
2.79161e+06
2.88724e+06
-1.52915e+06
-1.40599e+06
-2.15228e+06
-1.68791e+06
-4.2414e+06
-3.89179e+06
-5.39435e+06
-4.82902e+06
538176
618509
1.96284e+06
372930
-739611
-754259
-2.00761e+06
-602714
481871
503381
1.06671e+06
492711
2.50138e+06
2.28526e+06
2.85417e+06
2.94754e+06
-1.49122e+06
-1.34973e+06
-2.08795e+06
-1.63118e+06
-4.25938e+06
-3.88443e+06
-5.38241e+06
-4.83687e+06
586310
670886
2.00863e+06
430474
-739269
-746577
-2.00198e+06
-604841
398919
404703
872875
388940
1.19907e+06
1.10595e+06
1.57452e+06
1.34755e+06
1.54388e+06
1.46879e+06
2.49487e+06
1.64249e+06
1.03305e+06
1.00075e+06
2.0755e+06
995335
-896637
-740946
47212.1
-1.31074e+06
-640545
-539166
-218991
-857624
412707
410789
913175
388346
1.19375e+06
1.09593e+06
1.60512e+06
1.33815e+06
1.51638e+06
1.44275e+06
2.55509e+06
1.59612e+06
1.04798e+06
1.01813e+06
2.17502e+06
1.0066e+06
-986479
-801070
4579.22
-1.39997e+06
-679745
-570002
-209731
-904706
412509
411658
905645
389590
1.15999e+06
1.07965e+06
1.5552e+06
1.31136e+06
1.54459e+06
1.48375e+06
2.64673e+06
1.6156e+06
1.05481e+06
1.04346e+06
2.21679e+06
1.00829e+06
-1.05705e+06
-866803
-85489.2
-1.48713e+06
-687557
-565530
-227340
-916427
440955
438225
926078
428119
1.22075e+06
1.13426e+06
1.60581e+06
1.38311e+06
1.60499e+06
1.54358e+06
2.76821e+06
1.6792e+06
1.15111e+06
1.1453e+06
2.41839e+06
1.10461e+06
-1.02388e+06
-822815
13138
-1.45578e+06
-628394
-501723
-126001
-852895
482954
475326
962279
473170
1.25079e+06
1.15568e+06
1.6366e+06
1.40723e+06
1.65325e+06
1.58424e+06
2.92436e+06
1.6995e+06
1.23872e+06
1.2125e+06
2.58816e+06
1.17376e+06
-1.02487e+06
-832050
72181.5
-1.48371e+06
-563242
-454967
5769.99
-807360
502657
492248
1.00679e+06
487610
1.25257e+06
1.15902e+06
1.67663e+06
1.392e+06
1.68428e+06
1.6245e+06
3.06357e+06
1.71737e+06
1.25557e+06
1.23202e+06
2.67416e+06
1.17851e+06
-1.07642e+06
-874442
53977.7
-1.55659e+06
-585643
-484108
18480.9
-849744
509804
507505
1.02298e+06
500841
1.31188e+06
1.22171e+06
1.81682e+06
1.46879e+06
1.75712e+06
1.70919e+06
3.20393e+06
1.818e+06
1.2436e+06
1.23752e+06
2.69778e+06
1.1869e+06
-1.08362e+06
-863751
102864
-1.55874e+06
-607801
-489765
11039.4
-853181
533096
508777
1.05514e+06
505222
1.36284e+06
1.26213e+06
1.87734e+06
1.52506e+06
1.82892e+06
1.75981e+06
3.27236e+06
1.89805e+06
1.26384e+06
1.24486e+06
2.7177e+06
1.20436e+06
-1.05185e+06
-825926
206444
-1.5248e+06
-620028
-512245
-6228.2
-874767
475068
455903
959923
446976
1.33706e+06
1.24414e+06
1.82569e+06
1.51258e+06
1.85834e+06
1.78293e+06
3.28256e+06
1.93236e+06
1.15782e+06
1.15624e+06
2.54884e+06
1.10374e+06
-1.07328e+06
-847400
179484
-1.54634e+06
-660588
-546367
-97883.4
-914875
456053
440867
924477
433615
1.38216e+06
1.28008e+06
1.84076e+06
1.57273e+06
1.84716e+06
1.76944e+06
3.25702e+06
1.91843e+06
1.14828e+06
1.15168e+06
2.51963e+06
1.09467e+06
-1.01265e+06
-786342
284008
-1.47629e+06
-642463
-522176
-81478.5
-890991
441000
428116
840017
424465
1.40089e+06
1.30436e+06
1.8311e+06
1.59839e+06
1.86065e+06
1.7875e+06
3.24783e+06
1.95201e+06
1.12608e+06
1.12205e+06
2.45613e+06
1.06651e+06
-963733
-737688
366802
-1.43042e+06
-621977
-515981
-65687.4
-872731
426402
422055
873031
390108
1.46139e+06
1.35748e+06
1.91553e+06
1.65881e+06
1.88473e+06
1.80904e+06
3.26494e+06
1.98093e+06
1.07229e+06
1.08541e+06
2.3968e+06
1.01529e+06
-933008
-695680
451100
-1.39826e+06
-650694
-544710
-86482
-915423
425395
406759
907487
395490
1.54197e+06
1.40439e+06
2.02765e+06
1.72629e+06
1.9006e+06
1.80034e+06
3.26016e+06
1.9887e+06
1.13984e+06
1.10613e+06
2.47925e+06
1.06431e+06
-940087
-735516
470133
-1.4448e+06
-740700
-647175
-187655
-1.00994e+06
421758
410012
936653
379691
1.55463e+06
1.41857e+06
2.04656e+06
1.75028e+06
1.88507e+06
1.78333e+06
3.22548e+06
1.97347e+06
1.14793e+06
1.12125e+06
2.51898e+06
1.07476e+06
-981444
-755368
459054
-1.47866e+06
-823932
-711341
-296210
-1.1038e+06
366609
346496
933324
271769
1.5655e+06
1.44184e+06
2.07121e+06
1.76529e+06
1.90948e+06
1.80764e+06
3.26047e+06
1.99798e+06
1.17648e+06
1.16259e+06
2.59533e+06
1.10477e+06
-1.01232e+06
-778123
458624
-1.53371e+06
-898444
-781427
-380104
-1.204e+06
249942
263564
882376
128829
1.61624e+06
1.4914e+06
2.16722e+06
1.81604e+06
1.90762e+06
1.81063e+06
3.27904e+06
1.98606e+06
1.23698e+06
1.24452e+06
2.79145e+06
1.15169e+06
-1.00895e+06
-759246
561955
-1.53547e+06
-990481
-837404
-462849
-1.30398e+06
219715
234833
884927
88255.4
1.63956e+06
1.50274e+06
2.20451e+06
1.83402e+06
1.9121e+06
1.81038e+06
3.28601e+06
1.99199e+06
1.29288e+06
1.27802e+06
2.90576e+06
1.18801e+06
-1.01181e+06
-769089
609139
-1.56399e+06
-999691
-867332
-460236
-1.33365e+06
191581
233314
953924
51451.9
1.66421e+06
1.51545e+06
2.25135e+06
1.84727e+06
1.9245e+06
1.82046e+06
3.29777e+06
2.01129e+06
1.32071e+06
1.2998e+06
3.01918e+06
1.20143e+06
-1.05831e+06
-817461
613517
-1.63295e+06
-1.11339e+06
-976025
-582141
-1.46795e+06
180363
237158
992767
44273.4
1.65769e+06
1.53879e+06
2.28259e+06
1.86415e+06
1.95469e+06
1.86173e+06
3.3905e+06
2.04959e+06
1.30423e+06
1.29797e+06
3.04846e+06
1.19375e+06
-1.1503e+06
-884364
535302
-1.7324e+06
-1.21085e+06
-1.0422e+06
-677397
-1.57088e+06
210958
249883
1.05994e+06
53160.3
1.69288e+06
1.56855e+06
2.32787e+06
1.90163e+06
1.98288e+06
1.8839e+06
3.44527e+06
2.0613e+06
1.29535e+06
1.28768e+06
3.04695e+06
1.17069e+06
-1.19732e+06
-927356
494364
-1.78924e+06
-1.25091e+06
-1.08326e+06
-701207
-1.62678e+06
184727
225836
1.05068e+06
17145.9
1.69608e+06
1.56586e+06
2.32126e+06
1.91437e+06
2.05793e+06
1.95747e+06
3.5939e+06
2.14809e+06
1.29396e+06
1.29216e+06
3.04635e+06
1.18023e+06
-1.24207e+06
-969845
458106
-1.84819e+06
-1.28075e+06
-1.10213e+06
-719888
-1.66947e+06
142875
199571
1.03137e+06
-24386.7
1.70229e+06
1.57203e+06
2.29262e+06
1.93153e+06
2.05557e+06
1.961e+06
3.59536e+06
2.15023e+06
1.30626e+06
1.31764e+06
3.12302e+06
1.1912e+06
-1.26042e+06
-978517
475886
-1.86666e+06
-1.30734e+06
-1.10945e+06
-715077
-1.69758e+06
165469
219885
1.023e+06
7068.24
1.71978e+06
1.59377e+06
2.29289e+06
1.96336e+06
2.12223e+06
2.02019e+06
3.67981e+06
2.22596e+06
1.32848e+06
1.33247e+06
3.14511e+06
1.20974e+06
-1.27886e+06
-997530
473185
-1.89972e+06
-1.27933e+06
-1.10015e+06
-662751
-1.68503e+06
170546
229790
1.09549e+06
-5939.7
1.76166e+06
1.62666e+06
2.32836e+06
2.0142e+06
2.16237e+06
2.05325e+06
3.73563e+06
2.2675e+06
1.32697e+06
1.3228e+06
3.13731e+06
1.21291e+06
-1.3185e+06
-1.02883e+06
451309
-1.93562e+06
-1.32969e+06
-1.13935e+06
-689248
-1.74726e+06
167183
240928
1.11342e+06
25987.6
1.79777e+06
1.65542e+06
2.38118e+06
2.01899e+06
2.18695e+06
2.08861e+06
3.77833e+06
2.28682e+06
1.32405e+06
1.33995e+06
3.15335e+06
1.20221e+06
-1.38951e+06
-1.09575e+06
359247
-2.0455e+06
-1.36669e+06
-1.16066e+06
-687500
-1.77029e+06
240131
288980
1.17377e+06
91406.3
1.82351e+06
1.68598e+06
2.45883e+06
2.04676e+06
2.20881e+06
2.10637e+06
3.80179e+06
2.31535e+06
1.36638e+06
1.3737e+06
3.23641e+06
1.24154e+06
-1.42817e+06
-1.12055e+06
361349
-2.08894e+06
-1.36469e+06
-1.16547e+06
-680859
-1.77833e+06
284401
345985
1.25364e+06
160558
1.85648e+06
1.72597e+06
2.53921e+06
2.09455e+06
2.28917e+06
2.18518e+06
3.90706e+06
2.40938e+06
1.40749e+06
1.44336e+06
3.3111e+06
1.3144e+06
-1.45173e+06
-1.1283e+06
371661
-2.10472e+06
-1.30916e+06
-1.08436e+06
-589535
-1.69106e+06
351361
397541
1.30247e+06
236343
1.91535e+06
1.77366e+06
2.58925e+06
2.16374e+06
2.33721e+06
2.22587e+06
3.96167e+06
2.46092e+06
1.54272e+06
1.56458e+06
3.51821e+06
1.45373e+06
-1.38547e+06
-1.06748e+06
491057
-2.03629e+06
-1.22695e+06
-1.01009e+06
-512030
-1.59244e+06
405070
441209
1.30353e+06
298161
1.92468e+06
1.78487e+06
2.60155e+06
2.16481e+06
2.37156e+06
2.25279e+06
3.99938e+06
2.49531e+06
1.59627e+06
1.59573e+06
3.5868e+06
1.48254e+06
-1.38391e+06
-1.07079e+06
522396
-2.06061e+06
-1.14378e+06
-957307
-426832
-1.52877e+06
454531
485446
1.39966e+06
345597
1.98673e+06
1.8447e+06
2.73652e+06
2.21942e+06
2.41249e+06
2.28279e+06
4.05939e+06
2.53367e+06
1.63206e+06
1.63671e+06
3.693e+06
1.52671e+06
-1.39263e+06
-1.07008e+06
569744
-2.07689e+06
-1.13982e+06
-956913
-407033
-1.53026e+06
510647
546933
1.46178e+06
447123
2.08034e+06
1.92454e+06
2.8787e+06
2.32657e+06
2.45099e+06
2.32605e+06
4.10465e+06
2.5951e+06
1.68324e+06
1.67179e+06
3.7334e+06
1.60791e+06
-1.37921e+06
-1.06639e+06
582602
-2.04508e+06
-1.11918e+06
-932985
-367096
-1.4895e+06
622458
623575
1.54306e+06
550635
2.14221e+06
1.98042e+06
2.92556e+06
2.40358e+06
2.50279e+06
2.37192e+06
4.12981e+06
2.66296e+06
1.75109e+06
1.72982e+06
3.73488e+06
1.69724e+06
-1.3261e+06
-1.0165e+06
610788
-1.97843e+06
-1.08293e+06
-909076
-343020
-1.45192e+06
646870
649319
1.57933e+06
592018
2.12979e+06
1.96402e+06
2.9054e+06
2.39438e+06
2.57852e+06
2.43605e+06
4.19142e+06
2.7567e+06
1.73601e+06
1.71517e+06
3.6517e+06
1.70236e+06
-1.3395e+06
-1.03705e+06
546362
-1.97238e+06
-1.05138e+06
-871645
-317904
-1.40515e+06
606797
601686
1.48562e+06
547377
2.0832e+06
1.91466e+06
2.81067e+06
2.34578e+06
2.55576e+06
2.4062e+06
4.12447e+06
2.73256e+06
1.72183e+06
1.69293e+06
3.59809e+06
1.68249e+06
-1.34677e+06
-1.05451e+06
490726
-1.97776e+06
-1.05076e+06
-875647
-332142
-1.40335e+06
628609
629087
1.41765e+06
604542
2.0466e+06
1.88436e+06
2.72544e+06
2.33132e+06
2.55888e+06
2.40949e+06
4.07531e+06
2.76452e+06
1.69165e+06
1.66133e+06
3.4819e+06
1.67297e+06
-1.36192e+06
-1.06386e+06
409944
-1.97031e+06
-1.02003e+06
-853766
-325337
-1.36523e+06
650830
650838
1.45154e+06
624910
2.0518e+06
1.88303e+06
2.70485e+06
2.33265e+06
2.55725e+06
2.39345e+06
3.99107e+06
2.76758e+06
1.66681e+06
1.6283e+06
3.37875e+06
1.66188e+06
-1.38422e+06
-1.089e+06
323880
-1.98267e+06
-1.02794e+06
-858340
-349339
-1.37077e+06
-2.05053e+06
-1.93573e+06
-3.29165e+06
-2.20729e+06
362647
258498
-348618
565528
-751154
-650151
-566350
-965308
-1.75231e+06
-1.59871e+06
-2.25719e+06
-1.9799e+06
-548548
-488297
-444411
-679443
629690
421402
-979179
1.07921e+06
-2.10267e+06
-1.98984e+06
-3.37775e+06
-2.27108e+06
351466
273020
-294049
556749
-758225
-645020
-502196
-977660
-1.71728e+06
-1.57174e+06
-2.19178e+06
-1.95237e+06
-639377
-572406
-578826
-796119
608276
407644
-1.02744e+06
1.06608e+06
-2.15864e+06
-2.04243e+06
-3.48685e+06
-2.31725e+06
308712
208333
-335440
485300
-803729
-694390
-528938
-1.05059e+06
-1.72994e+06
-1.59633e+06
-2.23451e+06
-1.96875e+06
-784558
-729799
-779608
-963972
610807
416115
-1.03447e+06
1.05861e+06
-2.18572e+06
-2.06866e+06
-3.57138e+06
-2.32774e+06
331548
248938
-300908
536546
-759433
-648770
-443186
-961490
-1.73926e+06
-1.58517e+06
-2.2717e+06
-1.95216e+06
-904084
-808978
-909373
-1.07232e+06
543061
335075
-1.14792e+06
1.00459e+06
-2.24486e+06
-2.12959e+06
-3.70414e+06
-2.39364e+06
370914
287914
-248192
577866
-679315
-562588
-331596
-885394
-1.70948e+06
-1.55455e+06
-2.23374e+06
-1.92103e+06
-885889
-796225
-881312
-1.05844e+06
441345
246729
-1.38443e+06
911671
-2.26353e+06
-2.12496e+06
-3.74305e+06
-2.39702e+06
427435
354289
-147514
660153
-562484
-441809
-114498
-772319
-1.66431e+06
-1.51338e+06
-2.19039e+06
-1.84999e+06
-911684
-823208
-894880
-1.07361e+06
382748
186215
-1.55128e+06
846456
-2.23966e+06
-2.13434e+06
-3.7155e+06
-2.39547e+06
469344
370165
-152860
688081
-550488
-447146
-76353.4
-769055
-1.63373e+06
-1.51192e+06
-2.15969e+06
-1.85782e+06
-950875
-847813
-978582
-1.1382e+06
399804
195690
-1.49883e+06
878358
-2.24065e+06
-2.13227e+06
-3.71209e+06
-2.39397e+06
464917
381439
-165423
701036
-532005
-416806
-29410
-734296
-1.65115e+06
-1.51498e+06
-2.12991e+06
-1.87893e+06
-914957
-813764
-931910
-1.08269e+06
407339
203508
-1.52275e+06
895835
-2.21568e+06
-2.09477e+06
-3.66528e+06
-2.34745e+06
428623
326324
-251280
662320
-544322
-430048
-19462.4
-758208
-1.63136e+06
-1.49372e+06
-2.05185e+06
-1.86172e+06
-902059
-802906
-912629
-1.07116e+06
485293
280045
-1.42238e+06
988497
-2.19867e+06
-2.10736e+06
-3.65591e+06
-2.36225e+06
410818
300880
-343948
637127
-529272
-435264
-107.48
-766071
-1.6327e+06
-1.48751e+06
-2.00185e+06
-1.89905e+06
-892674
-785208
-871863
-1.07354e+06
504091
268319
-1.45418e+06
993761
-2.27027e+06
-2.17268e+06
-3.71506e+06
-2.45567e+06
404485
289685
-363956
632834
-498044
-402810
85574.1
-730034
-1.64034e+06
-1.49994e+06
-1.95353e+06
-1.91877e+06
-797659
-700056
-705775
-978176
413632
179319
-1.67609e+06
921263
-2.32179e+06
-2.19583e+06
-3.72032e+06
-2.50669e+06
407087
311495
-357459
679194
-450141
-334481
201180
-676905
-1.67679e+06
-1.526e+06
-1.95598e+06
-1.95063e+06
-734415
-639917
-555118
-902734
344477
117168
-1.87386e+06
872978
-2.35953e+06
-2.23704e+06
-3.76042e+06
-2.53668e+06
461127
343801
-351565
726045
-478672
-386380
143647
-711259
-1.73693e+06
-1.57648e+06
-2.02365e+06
-2.01576e+06
-739605
-640480
-557395
-915399
345871
117142
-1.85646e+06
867839
-2.36759e+06
-2.2625e+06
-3.79974e+06
-2.56391e+06
484872
368239
-378738
764158
-525986
-429197
54170
-767400
-1.78791e+06
-1.63937e+06
-2.125e+06
-2.0823e+06
-699750
-608502
-523234
-863546
383685
141303
-1.80787e+06
906693
-2.37045e+06
-2.23271e+06
-3.81031e+06
-2.51837e+06
490305
372015
-398576
794608
-564902
-439045
57179.5
-794327
-1.82541e+06
-1.66028e+06
-2.15945e+06
-2.10015e+06
-649280
-561134
-459979
-795751
479797
262854
-1.63217e+06
1.02757e+06
-2.39485e+06
-2.29496e+06
-3.87903e+06
-2.58633e+06
530525
383538
-430724
829754
-611328
-530703
-52359.8
-884520
-1.8854e+06
-1.73451e+06
-2.2779e+06
-2.21333e+06
-643213
-552431
-466792
-813703
523304
267216
-1.5789e+06
1.04034e+06
-2.52077e+06
-2.41468e+06
-4.01033e+06
-2.74006e+06
518060
365198
-484900
827226
-725285
-626457
-186034
-993822
-1.94866e+06
-1.79438e+06
-2.30267e+06
-2.28238e+06
-577590
-507813
-364717
-744033
462205
207454
-1.69002e+06
977678
-2.61514e+06
-2.45967e+06
-4.08998e+06
-2.83542e+06
549131
425848
-463245
898129
-765559
-628236
-248356
-1.03802e+06
-1.99886e+06
-1.81349e+06
-2.35989e+06
-2.3117e+06
-537118
-454998
-295639
-678366
420746
188984
-1.76781e+06
937781
-2.62287e+06
-2.47506e+06
-4.08766e+06
-2.83813e+06
572131
396628
-498861
896327
-794058
-669180
-296196
-1.04751e+06
-2.02577e+06
-1.86148e+06
-2.43455e+06
-2.34837e+06
-556940
-479837
-348870
-721287
480988
254440
-1.6501e+06
1.02711e+06
-2.61638e+06
-2.48669e+06
-4.09272e+06
-2.84199e+06
487129
346550
-580065
808488
-798785
-680952
-323450
-1.05355e+06
-2.11954e+06
-1.94826e+06
-2.55867e+06
-2.45457e+06
-557568
-471332
-318619
-704659
549903
314861
-1.58168e+06
1.12172e+06
-2.61572e+06
-2.46262e+06
-4.09821e+06
-2.80415e+06
412786
258136
-677504
727037
-858809
-732772
-394778
-1.12056e+06
-2.17098e+06
-1.99405e+06
-2.62192e+06
-2.50695e+06
-584602
-508362
-362587
-738840
674733
444835
-1.4092e+06
1.26384e+06
-2.60284e+06
-2.46802e+06
-4.1002e+06
-2.82291e+06
388493
256855
-713997
673082
-886061
-758813
-428756
-1.15493e+06
-2.26524e+06
-2.0669e+06
-2.74202e+06
-2.65473e+06
-619957
-502628
-346584
-803444
758884
506897
-1.33657e+06
1.3525e+06
-2.64872e+06
-2.52823e+06
-4.18453e+06
-2.8798e+06
379467
230387
-682542
664266
-865784
-743758
-422870
-1.11972e+06
-2.33345e+06
-2.15337e+06
-2.82111e+06
-2.72791e+06
-506503
-421074
-151887
-693585
765245
495673
-1.47635e+06
1.38771e+06
-2.71917e+06
-2.56047e+06
-4.24995e+06
-2.93487e+06
316063
190763
-724448
618284
-860430
-734104
-418126
-1.11118e+06
-2.45941e+06
-2.26261e+06
-3.00499e+06
-2.84251e+06
-497150
-402556
-55951.9
-666288
769949
499690
-1.57357e+06
1.41638e+06
-2.71754e+06
-2.58199e+06
-4.25644e+06
-2.96678e+06
348558
230667
-666646
615674
-873939
-755238
-471162
-1.15403e+06
-2.48385e+06
-2.26542e+06
-2.99571e+06
-2.85951e+06
-491660
-388702
-40947.1
-678303
808497
527292
-1.49253e+06
1.45503e+06
-2.75225e+06
-2.60747e+06
-4.256e+06
-3.01486e+06
392699
298277
-530924
685448
-895684
-761268
-492460
-1.16336e+06
-2.50067e+06
-2.30002e+06
-3.04039e+06
-2.88626e+06
-458680
-353220
5835.05
-626764
839610
556666
-1.47595e+06
1.49184e+06
-2.67016e+06
-2.50017e+06
-4.11743e+06
-2.88487e+06
529688
418938
-327846
826097
-825838
-691078
-359521
-1.09437e+06
-2.41332e+06
-2.19385e+06
-2.90722e+06
-2.76216e+06
-334521
-241406
161978
-481550
989446
720799
-1.21873e+06
1.66275e+06
-2.65619e+06
-2.52869e+06
-4.07056e+06
-2.935e+06
635997
496044
-172274
914438
-829660
-719614
-335799
-1.1176e+06
-2.38821e+06
-2.19727e+06
-2.90538e+06
-2.78929e+06
-335050
-254949
187477
-515392
1.02257e+06
695615
-1.18244e+06
1.66569e+06
-2.82257e+06
-2.68297e+06
-4.26443e+06
-3.13702e+06
627455
493351
-185664
909352
-902766
-788246
-511996
-1.18538e+06
-2.5076e+06
-2.31123e+06
-3.07723e+06
-2.90933e+06
-354162
-278377
123551
-529822
865963
558498
-1.50987e+06
1.52539e+06
-2.96627e+06
-2.78877e+06
-4.40688e+06
-3.28422e+06
654846
530582
-153796
967270
-930380
-807510
-604817
-1.19583e+06
-2.59564e+06
-2.38751e+06
-3.26142e+06
-2.97493e+06
-384423
-301089
39629.1
-527144
764651
461933
-1.77931e+06
1.43305e+06
-3.01295e+06
-2.81934e+06
-4.48998e+06
-3.29574e+06
678955
543502
-175263
1.00341e+06
-997117
-874886
-705670
-1.25933e+06
-2.63306e+06
-2.42424e+06
-3.33872e+06
-3.00146e+06
-413437
-348963
-74599.8
-570484
822453
518131
-1.69611e+06
1.51576e+06
-3.05511e+06
-2.88489e+06
-4.64068e+06
-3.3459e+06
636617
502196
-280167
977019
-1.0879e+06
-959250
-831348
-1.37001e+06
-2.70258e+06
-2.50499e+06
-3.46212e+06
-3.08978e+06
-510950
-443922
-221486
-682456
888983
574714
-1.59724e+06
1.58474e+06
-3.14553e+06
-2.95697e+06
-4.84983e+06
-3.40878e+06
532683
399544
-525542
875459
-1.22092e+06
-1.07216e+06
-984417
-1.51958e+06
-2.80828e+06
-2.59e+06
-3.61002e+06
-3.19617e+06
-640370
-565855
-421091
-823249
984188
684131
-1.46545e+06
1.69834e+06
-3.20776e+06
-3.03285e+06
-5.03191e+06
-3.46809e+06
513637
379088
-633231
870045
-1.24234e+06
-1.10515e+06
-989361
-1.54176e+06
-2.88275e+06
-2.65448e+06
-3.7319e+06
-3.29127e+06
-740728
-645758
-530290
-939116
1.04951e+06
721054
-1.4317e+06
1.78034e+06
-3.31679e+06
-3.15055e+06
-5.23908e+06
-3.59301e+06
512245
369879
-654419
876141
-1.2789e+06
-1.12977e+06
-1.01168e+06
-1.58045e+06
-2.91935e+06
-2.6997e+06
-3.76453e+06
-3.32962e+06
-735117
-653599
-494570
-942968
1.03186e+06
697411
-1.54392e+06
1.77785e+06
-3.39593e+06
-3.19829e+06
-5.37878e+06
-3.65784e+06
527872
396034
-664369
906009
-1.28247e+06
-1.11762e+06
-980435
-1.60329e+06
-2.9728e+06
-2.73825e+06
-3.85549e+06
-3.38303e+06
-790817
-698930
-539175
-1.01058e+06
1.04289e+06
717244
-1.61374e+06
1.78831e+06
505533
368900
-457753
811494
-37244.7
-17788
296908
-133415
-1.25874e+06
-1.07072e+06
-318368
-1.72701e+06
-1.36969e+06
-1.28206e+06
-1.7455e+06
-1.57835e+06
822688
691279
198462
1.11726e+06
-1.17068e+06
-1.12101e+06
-1.82005e+06
-1.29822e+06
475877
349842
-466744
777782
-100143
-82629.7
208509
-191401
-1.3545e+06
-1.14018e+06
-424417
-1.82405e+06
-1.48566e+06
-1.3762e+06
-1.91331e+06
-1.68792e+06
860300
717261
207971
1.17091e+06
-1.21763e+06
-1.1638e+06
-1.82243e+06
-1.33745e+06
492209
349964
-533506
801388
-84666.1
-52826.5
243440
-190923
-1.33018e+06
-1.12693e+06
-415174
-1.80324e+06
-1.48467e+06
-1.38483e+06
-1.94268e+06
-1.69812e+06
919946
779616
299890
1.24231e+06
-1.34777e+06
-1.27197e+06
-2.03604e+06
-1.50641e+06
486642
371313
-531309
821470
-96845.3
-57598.1
291452
-212102
-1.33155e+06
-1.10355e+06
-345085
-1.8179e+06
-1.57922e+06
-1.46398e+06
-2.05002e+06
-1.81892e+06
933466
793181
301377
1.2692e+06
-1.37769e+06
-1.27337e+06
-1.99034e+06
-1.52514e+06
571071
443308
-451660
921059
-88295
-49412.6
363835
-233129
-1.25543e+06
-1.04234e+06
-153140
-1.76735e+06
-1.68944e+06
-1.58193e+06
-2.16587e+06
-1.95967e+06
953522
820580
316490
1.29689e+06
-1.35897e+06
-1.26927e+06
-1.95263e+06
-1.53712e+06
609249
461766
-421769
944362
-169737
-120270
304743
-307511
-1.32083e+06
-1.08893e+06
-164674
-1.82773e+06
-1.85291e+06
-1.70019e+06
-2.37683e+06
-2.09841e+06
996220
843440
295260
1.351e+06
-1.40333e+06
-1.31251e+06
-1.96455e+06
-1.56075e+06
616193
458463
-439481
975710
-202221
-137578
259483
-338010
-1.38426e+06
-1.16429e+06
-259135
-1.90633e+06
-1.89958e+06
-1.75678e+06
-2.46792e+06
-2.16534e+06
1.01242e+06
847320
279460
1.3698e+06
-1.4359e+06
-1.33328e+06
-2.07051e+06
-1.60665e+06
564899
426340
-504928
911598
-169841
-97843.8
288757
-275722
-1.52025e+06
-1.27104e+06
-440675
-2.05744e+06
-1.93024e+06
-1.75973e+06
-2.48103e+06
-2.18897e+06
1.06814e+06
899117
348985
1.43173e+06
-1.40778e+06
-1.29775e+06
-1.94974e+06
-1.56985e+06
552915
387475
-573851
894766
-114874
-56981.5
361620
-238842
-1.57296e+06
-1.33278e+06
-513280
-2.13109e+06
-1.90765e+06
-1.75542e+06
-2.44739e+06
-2.18871e+06
1.06541e+06
896849
380274
1.42741e+06
-1.46156e+06
-1.33992e+06
-2.00696e+06
-1.65228e+06
494126
336654
-670374
833403
-75496.4
-16161.6
442810
-194685
-1.65406e+06
-1.39615e+06
-575339
-2.22747e+06
-1.94049e+06
-1.77394e+06
-2.44249e+06
-2.23327e+06
1.04105e+06
859101
319163
1.39658e+06
-1.43329e+06
-1.3031e+06
-1.9147e+06
-1.60612e+06
447969
283765
-776021
803323
-26872.9
28567.1
517927
-147411
-1.69583e+06
-1.44618e+06
-596527
-2.28752e+06
-1.9796e+06
-1.82059e+06
-2.46181e+06
-2.29057e+06
963467
787604
181956
1.32517e+06
-1.38633e+06
-1.26295e+06
-1.86376e+06
-1.57009e+06
432727
291048
-811999
780523
8213.75
71768.5
586712
-92143.1
-1.78055e+06
-1.49693e+06
-673194
-2.37811e+06
-2.02988e+06
-1.8312e+06
-2.49477e+06
-2.32171e+06
970278
807929
137238
1.34615e+06
-1.33467e+06
-1.2147e+06
-1.7657e+06
-1.49353e+06
505386
326483
-716743
874316
1320.88
23255.3
570630
-122119
-1.80218e+06
-1.553e+06
-672804
-2.39299e+06
-2.05669e+06
-1.90848e+06
-2.56746e+06
-2.35587e+06
988371
813074
136786
1.38457e+06
-1.30733e+06
-1.24057e+06
-1.82491e+06
-1.47413e+06
452268
317299
-806990
816136
-102884
-55609.7
363476
-208462
-1.94815e+06
-1.66088e+06
-938862
-2.55238e+06
-2.14659e+06
-1.96438e+06
-2.75355e+06
-2.43923e+06
1.00564e+06
843915
105184
1.41471e+06
-1.40067e+06
-1.31444e+06
-1.98293e+06
-1.54912e+06
526430
333324
-774454
890342
-87296.6
-62480
321768
-199550
-1.99303e+06
-1.73915e+06
-1.03341e+06
-2.60902e+06
-2.13407e+06
-1.98682e+06
-2.77999e+06
-2.42829e+06
1.07743e+06
882048
176205
1.49902e+06
-1.44951e+06
-1.37687e+06
-2.15687e+06
-1.60961e+06
539276
402016
-727800
931103
-143158
-93620.9
274881
-263475
-2.09315e+06
-1.79105e+06
-1.11586e+06
-2.73375e+06
-2.20108e+06
-2.01925e+06
-2.86742e+06
-2.50879e+06
1.06861e+06
895955
135513
1.50473e+06
-1.4857e+06
-1.38128e+06
-2.1989e+06
-1.62571e+06
681210
517266
-549662
1.10659e+06
-130246
-91819.2
321954
-254718
-2.09617e+06
-1.81097e+06
-1.01765e+06
-2.75376e+06
-2.226e+06
-2.06216e+06
-2.87601e+06
-2.53732e+06
1.10936e+06
935754
178440
1.57308e+06
-1.47569e+06
-1.39383e+06
-2.22018e+06
-1.62119e+06
800917
630015
-406140
1.20842e+06
-168110
-107104
253150
-279546
-2.20263e+06
-1.88396e+06
-1.13218e+06
-2.87985e+06
-2.30007e+06
-2.10009e+06
-3.0095e+06
-2.59156e+06
1.21028e+06
1.02276e+06
231869
1.6749e+06
-1.48927e+06
-1.39678e+06
-2.28335e+06
-1.5986e+06
898993
705995
-236649
1.3243e+06
-161048
-103105
284577
-292857
-2.18202e+06
-1.8572e+06
-1.02743e+06
-2.86711e+06
-2.27363e+06
-2.09654e+06
-2.9714e+06
-2.58801e+06
1.24563e+06
1.04713e+06
317709
1.67955e+06
-1.48217e+06
-1.39818e+06
-2.35423e+06
-1.61364e+06
851617
663710
-280399
1.25544e+06
-213012
-156952
192568
-322052
-2.21646e+06
-1.87568e+06
-1.07804e+06
-2.87537e+06
-2.27681e+06
-2.07982e+06
-2.96844e+06
-2.56436e+06
1.23109e+06
1.02335e+06
310949
1.65788e+06
-1.50702e+06
-1.41907e+06
-2.34583e+06
-1.62054e+06
861364
664086
-282410
1.27009e+06
-177226
-115055
258507
-308147
-2.14639e+06
-1.81836e+06
-1.00252e+06
-2.81437e+06
-2.1702e+06
-1.99125e+06
-2.79861e+06
-2.4724e+06
1.26162e+06
1.07331e+06
459269
1.68378e+06
-1.56121e+06
-1.4606e+06
-2.44371e+06
-1.69779e+06
811759
618936
-363405
1.20349e+06
-210367
-152531
227445
-354765
-2.12475e+06
-1.78599e+06
-932976
-2.79025e+06
-2.16271e+06
-1.97854e+06
-2.76768e+06
-2.46974e+06
1.20766e+06
1.00821e+06
367843
1.61475e+06
-1.57932e+06
-1.47293e+06
-2.46264e+06
-1.70126e+06
780357
589767
-376124
1.16462e+06
-254567
-187972
233331
-435432
-2.04484e+06
-1.71345e+06
-754542
-2.73109e+06
-2.18717e+06
-2.00842e+06
-2.76314e+06
-2.51557e+06
1.10653e+06
925591
266079
1.48893e+06
-1.59841e+06
-1.49322e+06
-2.50346e+06
-1.74136e+06
779913
590683
-330669
1.15614e+06
-298382
-225570
228746
-452411
-2.05111e+06
-1.71502e+06
-725415
-2.71713e+06
-2.19815e+06
-1.99103e+06
-2.74703e+06
-2.48869e+06
1.11703e+06
921193
256052
1.5144e+06
-1.5705e+06
-1.47355e+06
-2.45514e+06
-1.67397e+06
738443
553472
-368284
1.1111e+06
-360967
-293953
148821
-564601
-2.03433e+06
-1.71634e+06
-663266
-2.7247e+06
-2.20316e+06
-2.02139e+06
-2.75871e+06
-2.52146e+06
1.06508e+06
878617
213060
1.45887e+06
-1.59709e+06
-1.51721e+06
-2.53651e+06
-1.73389e+06
681360
521998
-463155
1.06244e+06
-381394
-296614
100313
-543303
-2.04513e+06
-1.69298e+06
-672043
-2.71689e+06
-2.16304e+06
-1.96165e+06
-2.73102e+06
-2.45234e+06
1.11339e+06
928216
230520
1.52031e+06
-1.62784e+06
-1.51336e+06
-2.49853e+06
-1.74618e+06
672065
488113
-551094
1.05398e+06
-362528
-282005
107760
-541852
-1.99465e+06
-1.67474e+06
-571373
-2.69345e+06
-2.08374e+06
-1.90845e+06
-2.59942e+06
-2.38556e+06
1.14476e+06
955844
336365
1.55044e+06
-1.70513e+06
-1.6042e+06
-2.63684e+06
-1.8608e+06
644191
478383
-619629
1.04981e+06
-373364
-299805
117018
-551658
-1.97052e+06
-1.62326e+06
-450815
-2.67332e+06
-2.07431e+06
-1.8846e+06
-2.56719e+06
-2.37139e+06
1.12769e+06
943838
291300
1.54388e+06
-1.7493e+06
-1.62147e+06
-2.63942e+06
-1.89501e+06
636314
457492
-686349
1.05611e+06
-432056
-361979
41790
-628421
-1.90864e+06
-1.57124e+06
-239554
-2.63122e+06
-2.10104e+06
-1.9186e+06
-2.57129e+06
-2.40659e+06
1.07236e+06
895740
216457
1.49411e+06
-1.78428e+06
-1.66553e+06
-2.65156e+06
-1.95446e+06
648414
482818
-719931
1.07648e+06
-493722
-382782
-63996
-655170
-1.92941e+06
-1.55868e+06
-209142
-2.64434e+06
-2.13041e+06
-1.91496e+06
-2.64152e+06
-2.41476e+06
1.12069e+06
944729
183194
1.55477e+06
-1.80549e+06
-1.65489e+06
-2.64338e+06
-1.94858e+06
678395
483571
-728900
1.13351e+06
-446371
-370465
-46640.8
-616751
-1.93687e+06
-1.60282e+06
-206079
-2.66401e+06
-2.12839e+06
-1.95806e+06
-2.64191e+06
-2.43565e+06
1.11463e+06
926236
156248
1.54114e+06
-1.79123e+06
-1.69698e+06
-2.7127e+06
-1.97064e+06
679026
499232
-789615
1.12045e+06
-374834
-294134
20653.2
-524434
-1.96688e+06
-1.62623e+06
-299027
-2.70065e+06
-2.13467e+06
-1.94831e+06
-2.66275e+06
-2.43867e+06
1.16292e+06
967107
169236
1.58561e+06
-1.81763e+06
-1.71806e+06
-2.74716e+06
-1.99836e+06
671652
457442
-835410
1.12928e+06
-296351
-229482
141778
-440269
-2.00071e+06
-1.67219e+06
-345136
-2.72397e+06
-2.12173e+06
-1.95215e+06
-2.62094e+06
-2.42636e+06
1.1755e+06
982873
264639
1.61907e+06
-1.90892e+06
-1.79695e+06
-2.85904e+06
-2.0989e+06
646870
453080
-918843
1.11245e+06
-234714
-168416
236513
-378179
-2.04251e+06
-1.71062e+06
-421489
-2.78121e+06
-2.14494e+06
-1.96878e+06
-2.6506e+06
-2.45994e+06
1.19943e+06
1.00475e+06
253622
1.65396e+06
-1.92898e+06
-1.80834e+06
-2.86332e+06
-2.12128e+06
688937
480773
-909574
1.19552e+06
-154138
-94237.5
358073
-283613
-2.0646e+06
-1.74098e+06
-429516
-2.79125e+06
-2.18259e+06
-2.01293e+06
-2.69113e+06
-2.48989e+06
1.22184e+06
1.03399e+06
258711
1.70244e+06
-1.94234e+06
-1.83352e+06
-2.89168e+06
-2.13836e+06
756655
543287
-883640
1.23631e+06
-61778.5
2766.2
493487
-180472
-2.11449e+06
-1.75916e+06
-528528
-2.84815e+06
-2.20129e+06
-1.99723e+06
-2.73724e+06
-2.49782e+06
1.32265e+06
1.11103e+06
303106
1.79821e+06
-1.94784e+06
-1.82662e+06
-2.9137e+06
-2.12739e+06
1.02286e+06
956153
1.31856e+06
1.17646e+06
-2.01394e+06
-1.93665e+06
-3.67857e+06
-2.06001e+06
2.09795e+06
1.90822e+06
2.04898e+06
2.54166e+06
1.25203e+06
1.067e+06
437569
1.67443e+06
2.22606e+06
2.158e+06
4.03423e+06
2.28463e+06
-304950
-228345
121159
-458562
1.12057e+06
1.03971e+06
1.44642e+06
1.28236e+06
-2.07113e+06
-2.00516e+06
-3.81146e+06
-2.1229e+06
2.16023e+06
1.93743e+06
2.11507e+06
2.60862e+06
1.27046e+06
1.06965e+06
427025
1.69325e+06
2.27011e+06
2.17891e+06
4.08051e+06
2.34153e+06
-350473
-279024
62915.5
-511334
1.22932e+06
1.13884e+06
1.61081e+06
1.40292e+06
-2.13966e+06
-2.05898e+06
-3.91439e+06
-2.21234e+06
2.19938e+06
1.96854e+06
2.11128e+06
2.64272e+06
1.27151e+06
1.06826e+06
400915
1.70909e+06
2.30515e+06
2.20082e+06
4.04309e+06
2.39206e+06
-348270
-268225
89016.3
-507335
1.32939e+06
1.22687e+06
1.73556e+06
1.52353e+06
-2.21658e+06
-2.11584e+06
-3.95909e+06
-2.30254e+06
2.27861e+06
2.05146e+06
2.26887e+06
2.74594e+06
1.27226e+06
1.05524e+06
391986
1.70082e+06
2.27573e+06
2.15094e+06
3.98058e+06
2.34291e+06
-331200
-246956
140477
-482224
1.41155e+06
1.33028e+06
1.86971e+06
1.63061e+06
-2.26109e+06
-2.16021e+06
-3.94274e+06
-2.34677e+06
2.39748e+06
2.18861e+06
2.49128e+06
2.89759e+06
1.28591e+06
1.10082e+06
471026
1.72839e+06
2.23948e+06
2.16549e+06
4.00271e+06
2.33109e+06
-291908
-197897
245581
-443828
1.55424e+06
1.42985e+06
1.98414e+06
1.77117e+06
-2.29463e+06
-2.18809e+06
-3.96988e+06
-2.40152e+06
2.48323e+06
2.23305e+06
2.53197e+06
2.96152e+06
1.35929e+06
1.15419e+06
518434
1.81103e+06
2.26776e+06
2.17129e+06
3.97718e+06
2.35535e+06
-265176
-190509
252126
-424383
1.5872e+06
1.46049e+06
2.05074e+06
1.81788e+06
-2.32869e+06
-2.21253e+06
-4.01758e+06
-2.41761e+06
2.51067e+06
2.24634e+06
2.53348e+06
3.01969e+06
1.38797e+06
1.18688e+06
527471
1.86544e+06
2.34719e+06
2.25124e+06
4.09986e+06
2.46961e+06
-296046
-222801
216802
-455976
1.64184e+06
1.50517e+06
2.09932e+06
1.87107e+06
-2.24431e+06
-2.14546e+06
-3.97283e+06
-2.3275e+06
2.58597e+06
2.30023e+06
2.51553e+06
3.12243e+06
1.50828e+06
1.28175e+06
608740
1.99536e+06
2.49022e+06
2.36616e+06
4.25906e+06
2.62375e+06
-271823
-206552
185098
-424966
1.60431e+06
1.47341e+06
2.06334e+06
1.82047e+06
-2.28022e+06
-2.17236e+06
-4.00374e+06
-2.39208e+06
2.55865e+06
2.27487e+06
2.38097e+06
3.10011e+06
1.46303e+06
1.24155e+06
501534
1.95391e+06
2.56711e+06
2.44418e+06
4.35072e+06
2.71337e+06
-320585
-238765
135066
-482453
1.62586e+06
1.48257e+06
2.06565e+06
1.84706e+06
-2.27039e+06
-2.14995e+06
-3.94899e+06
-2.38142e+06
2.59306e+06
2.29401e+06
2.36583e+06
3.14329e+06
1.46989e+06
1.22472e+06
480867
1.94549e+06
2.61763e+06
2.46633e+06
4.38093e+06
2.74764e+06
-296674
-221257
171089
-462861
1.58689e+06
1.45043e+06
1.99628e+06
1.82562e+06
-2.27366e+06
-2.17152e+06
-3.92059e+06
-2.37731e+06
2.58635e+06
2.28386e+06
2.31638e+06
3.17572e+06
1.43094e+06
1.20396e+06
455558
1.92599e+06
2.59816e+06
2.4609e+06
4.37859e+06
2.74969e+06
-316863
-246636
163987
-478400
1.63088e+06
1.49816e+06
2.00887e+06
1.88047e+06
-2.23835e+06
-2.12223e+06
-3.84104e+06
-2.33387e+06
2.64727e+06
2.34556e+06
2.28487e+06
3.26424e+06
1.55014e+06
1.33213e+06
583818
2.08688e+06
2.6802e+06
2.55819e+06
4.46404e+06
2.86173e+06
-287744
-207457
175894
-422768
1.69458e+06
1.5516e+06
2.12569e+06
1.92059e+06
-2.26622e+06
-2.18187e+06
-3.91508e+06
-2.39242e+06
2.71785e+06
2.40358e+06
2.37371e+06
3.30834e+06
1.6455e+06
1.39408e+06
661563
2.16676e+06
2.82515e+06
2.70198e+06
4.68654e+06
2.98737e+06
-276827
-212132
197189
-474520
1.70489e+06
1.56641e+06
2.23237e+06
1.91406e+06
-2.327e+06
-2.21613e+06
-3.99919e+06
-2.43792e+06
2.71474e+06
2.39386e+06
2.45414e+06
3.29704e+06
1.67422e+06
1.41762e+06
719365
2.20493e+06
2.93144e+06
2.78277e+06
4.95561e+06
3.07565e+06
-347167
-266718
195125
-546005
1.72437e+06
1.56823e+06
2.28566e+06
1.94455e+06
-2.34395e+06
-2.23932e+06
-4.08232e+06
-2.43645e+06
2.719e+06
2.38744e+06
2.41604e+06
3.31533e+06
1.69471e+06
1.41002e+06
662488
2.25518e+06
3.01989e+06
2.85047e+06
5.10147e+06
3.16657e+06
-360316
-289054
183771
-548030
1.71602e+06
1.56348e+06
2.27085e+06
1.9341e+06
-2.38639e+06
-2.27943e+06
-4.20151e+06
-2.47012e+06
2.7178e+06
2.39383e+06
2.41926e+06
3.31832e+06
1.65703e+06
1.3749e+06
547326
2.21245e+06
2.9965e+06
2.83872e+06
5.12196e+06
3.12695e+06
-423523
-351924
101399
-617525
1.73401e+06
1.60246e+06
2.30917e+06
1.95379e+06
-2.40189e+06
-2.30514e+06
-4.27541e+06
-2.49687e+06
2.76198e+06
2.44577e+06
2.48396e+06
3.37067e+06
1.65488e+06
1.3788e+06
510237
2.22185e+06
3.00684e+06
2.86571e+06
5.19692e+06
3.13087e+06
-454978
-359289
74464
-678811
1.7737e+06
1.61632e+06
2.35305e+06
1.98949e+06
-2.4363e+06
-2.34642e+06
-4.3043e+06
-2.54249e+06
2.78183e+06
2.45021e+06
2.50303e+06
3.38312e+06
1.70949e+06
1.42827e+06
552895
2.30574e+06
3.06368e+06
2.92943e+06
5.35074e+06
3.19497e+06
-462236
-372071
110357
-687746
1.75794e+06
1.62563e+06
2.35008e+06
1.98133e+06
-2.53905e+06
-2.44101e+06
-4.49164e+06
-2.63153e+06
2.79977e+06
2.49851e+06
2.5452e+06
3.41555e+06
1.71263e+06
1.44117e+06
498318
2.31749e+06
3.15688e+06
3.05639e+06
5.54116e+06
3.30938e+06
-498343
-390026
89036.1
-722799
1.75931e+06
1.6193e+06
2.39072e+06
1.96691e+06
-2.61482e+06
-2.51288e+06
-4.63349e+06
-2.71448e+06
2.84528e+06
2.51966e+06
2.65368e+06
3.44455e+06
1.74071e+06
1.45759e+06
512602
2.3441e+06
3.2898e+06
3.14804e+06
5.76708e+06
3.42729e+06
-494228
-386154
115086
-719846
1.70298e+06
1.57288e+06
2.31309e+06
1.9223e+06
-2.72831e+06
-2.60619e+06
-4.83759e+06
-2.82425e+06
2.83721e+06
2.52739e+06
2.63415e+06
3.44396e+06
1.70067e+06
1.41767e+06
400579
2.32979e+06
3.35004e+06
3.21279e+06
5.84041e+06
3.50594e+06
-514714
-390122
105959
-729132
1.7311e+06
1.58138e+06
2.34508e+06
1.94697e+06
-2.77214e+06
-2.662e+06
-4.92483e+06
-2.87733e+06
2.94179e+06
2.61747e+06
2.81368e+06
3.55527e+06
1.73421e+06
1.42746e+06
397230
2.35348e+06
3.43245e+06
3.2669e+06
5.96962e+06
3.57451e+06
-432025
-324107
234290
-635013
1.73555e+06
1.61667e+06
2.34758e+06
1.96113e+06
-2.83817e+06
-2.72587e+06
-5.0471e+06
-2.94576e+06
3.04104e+06
2.73556e+06
2.97422e+06
3.68154e+06
1.74747e+06
1.46556e+06
407537
2.38969e+06
3.45737e+06
3.3251e+06
6.05418e+06
3.61161e+06
-367546
-248969
316043
-579103
1.73338e+06
1.57679e+06
2.26905e+06
1.94301e+06
-2.93579e+06
-2.82261e+06
-5.19187e+06
-3.05866e+06
3.07296e+06
2.73381e+06
2.97476e+06
3.69209e+06
1.76331e+06
1.45698e+06
351019
2.4154e+06
3.51792e+06
3.37312e+06
6.11313e+06
3.68507e+06
-348208
-259477
326618
-569682
1.71516e+06
1.5697e+06
2.24779e+06
1.91563e+06
-2.9712e+06
-2.84367e+06
-5.27272e+06
-3.06094e+06
3.10322e+06
2.76944e+06
2.99279e+06
3.72889e+06
1.80067e+06
1.49524e+06
348312
2.44524e+06
3.62009e+06
3.46213e+06
6.253e+06
3.7717e+06
-348474
-257011
326171
-567679
1.68319e+06
1.54282e+06
2.22991e+06
1.87882e+06
-2.96267e+06
-2.84496e+06
-5.3192e+06
-3.03948e+06
3.08541e+06
2.74705e+06
2.95633e+06
3.73348e+06
1.84315e+06
1.53074e+06
394124
2.5043e+06
3.6722e+06
3.50569e+06
6.37118e+06
3.83203e+06
-348966
-255868
299960
-541794
1.63131e+06
1.48875e+06
2.20643e+06
1.81852e+06
-2.9578e+06
-2.83847e+06
-5.36253e+06
-3.02584e+06
3.09475e+06
2.74628e+06
2.91517e+06
3.75607e+06
1.86419e+06
1.54277e+06
421000
2.52597e+06
3.75983e+06
3.57798e+06
6.51598e+06
3.93166e+06
-321007
-234324
346714
-506433
1.58293e+06
1.44289e+06
2.14391e+06
1.77452e+06
-2.98009e+06
-2.85514e+06
-5.40216e+06
-3.04419e+06
3.10748e+06
2.75562e+06
2.90882e+06
3.7954e+06
1.86087e+06
1.53435e+06
437063
2.52093e+06
3.73914e+06
3.5495e+06
6.47448e+06
3.9112e+06
-314255
-226483
338732
-486385
1.52903e+06
1.41146e+06
2.07119e+06
1.70317e+06
-2.9864e+06
-2.86761e+06
-5.4226e+06
-3.04992e+06
3.16458e+06
2.826e+06
2.95126e+06
3.85271e+06
1.8775e+06
1.57589e+06
502566
2.53339e+06
3.7151e+06
3.55689e+06
6.47062e+06
3.86886e+06
-304310
-206795
337219
-483735
1.50597e+06
1.3765e+06
2.01153e+06
1.67403e+06
-2.96225e+06
-2.85138e+06
-5.42346e+06
-3.03308e+06
3.1878e+06
2.82406e+06
2.89901e+06
3.86722e+06
1.94063e+06
1.61818e+06
555364
2.60227e+06
3.75931e+06
3.59202e+06
6.53806e+06
3.91615e+06
-263445
-186416
328949
-439668
1.4933e+06
1.3808e+06
2.03683e+06
1.69548e+06
-3.03647e+06
-2.92902e+06
-5.55416e+06
-3.1062e+06
3.21074e+06
2.85107e+06
2.94442e+06
3.90428e+06
1.96154e+06
1.64676e+06
593435
2.64389e+06
3.80795e+06
3.64354e+06
6.66814e+06
3.95889e+06
-293048
-219152
309238
-493165
1.47381e+06
1.35699e+06
1.97556e+06
1.6626e+06
-3.08101e+06
-2.96843e+06
-5.69265e+06
-3.15549e+06
3.22554e+06
2.8521e+06
2.99111e+06
3.90365e+06
1.96724e+06
1.6414e+06
601541
2.63353e+06
3.81413e+06
3.63369e+06
6.74325e+06
3.94082e+06
-359411
-281561
252658
-578433
1.49034e+06
1.37839e+06
2.00065e+06
1.70588e+06
-3.14351e+06
-3.01565e+06
-5.81115e+06
-3.22866e+06
3.22289e+06
2.85812e+06
2.95659e+06
3.91243e+06
1.94669e+06
1.62513e+06
565750
2.63853e+06
3.79354e+06
3.61129e+06
6.71553e+06
3.92225e+06
-416203
-324907
203203
-632759
1.53355e+06
1.40646e+06
2.01796e+06
1.73621e+06
-3.16776e+06
-3.03439e+06
-5.84276e+06
-3.25524e+06
3.27805e+06
2.90194e+06
3.06259e+06
3.94549e+06
1.95443e+06
1.61304e+06
557455
2.61469e+06
3.73429e+06
3.54644e+06
6.64211e+06
3.82321e+06
-436525
-343945
194966
-668654
1.5462e+06
1.43106e+06
2.05526e+06
1.77439e+06
-3.20755e+06
-3.09371e+06
-5.89524e+06
-3.28622e+06
3.35579e+06
2.98759e+06
3.22371e+06
4.05908e+06
1.96321e+06
1.63787e+06
604070
2.63708e+06
3.64833e+06
3.48546e+06
6.60006e+06
3.74373e+06
-457730
-363176
192112
-697151
1.56959e+06
1.44531e+06
1.98362e+06
1.82229e+06
-3.25631e+06
-3.13282e+06
-5.96758e+06
-3.33163e+06
3.40178e+06
3.03752e+06
3.28243e+06
4.1196e+06
2.00779e+06
1.70422e+06
653675
2.73088e+06
3.60564e+06
3.47762e+06
6.57622e+06
3.71996e+06
-492463
-386799
156893
-716593
-549303
-556388
-1.05514e+06
-572294
688074
776024
2.57123e+06
439570
-1.03123e+06
-1.01118e+06
-2.03121e+06
-1.02011e+06
2.36265e+06
2.11873e+06
2.551e+06
2.7909e+06
327082
385170
1.32235e+06
186762
-66708.5
-82819.2
-270627
-46736.9
-591223
-578040
-1.13193e+06
-598236
706561
800012
2.57674e+06
454790
-1.0273e+06
-1.002e+06
-2.05272e+06
-1.00911e+06
2.43118e+06
2.20556e+06
2.64635e+06
2.87788e+06
363229
416107
1.41399e+06
221049
-48657.4
-54783.8
-238564
-12100
-631687
-623730
-1.25385e+06
-627994
693106
777345
2.55937e+06
432728
-1.06711e+06
-1.03826e+06
-2.15061e+06
-1.04033e+06
2.46597e+06
2.22474e+06
2.63937e+06
2.93694e+06
356071
408770
1.40453e+06
219021
-83065.2
-100406
-341190
-37544.5
-701277
-699249
-1.3987e+06
-712949
664406
747333
2.55389e+06
382914
-1.12745e+06
-1.10355e+06
-2.26473e+06
-1.10952e+06
2.4345e+06
2.18362e+06
2.53545e+06
2.89334e+06
306112
363710
1.33313e+06
164882
-166778
-181042
-487508
-134704
-790155
-781308
-1.52196e+06
-821357
607487
710936
2.5454e+06
307101
-1.20479e+06
-1.18028e+06
-2.37127e+06
-1.19996e+06
2.44227e+06
2.17956e+06
2.54625e+06
2.87991e+06
212712
265157
1.21626e+06
16400.6
-276207
-287348
-615152
-299338
-834146
-809185
-1.51276e+06
-849067
614131
716788
2.60911e+06
337653
-1.20049e+06
-1.1593e+06
-2.2959e+06
-1.18652e+06
2.43371e+06
2.18026e+06
2.56061e+06
2.92293e+06
217862
286670
1.30885e+06
55376.4
-322709
-308366
-593557
-296872
-828460
-818490
-1.53121e+06
-846974
680129
789807
2.74407e+06
413662
-1.21485e+06
-1.192e+06
-2.37238e+06
-1.20359e+06
2.47886e+06
2.21356e+06
2.56031e+06
2.95997e+06
248262
328157
1.34795e+06
93053.8
-303499
-288978
-584477
-284328
-855246
-839757
-1.5844e+06
-865050
736904
840592
2.82542e+06
474111
-1.23864e+06
-1.21777e+06
-2.45018e+06
-1.22237e+06
2.567e+06
2.30862e+06
2.71117e+06
3.06057e+06
253218
318506
1.35847e+06
90556.3
-282455
-283035
-559811
-266169
-844608
-818012
-1.62792e+06
-856294
799370
900133
2.91817e+06
512357
-1.25823e+06
-1.23106e+06
-2.57318e+06
-1.2355e+06
2.69547e+06
2.42987e+06
2.8396e+06
3.20622e+06
296131
369291
1.38892e+06
139819
-250596
-234774
-535370
-233331
-811507
-799277
-1.58603e+06
-821623
865490
970244
3.11807e+06
577518
-1.28411e+06
-1.26364e+06
-2.66821e+06
-1.24955e+06
2.79797e+06
2.51433e+06
2.94616e+06
3.31979e+06
323852
398757
1.43262e+06
181408
-209117
-207892
-446066
-203975
-826806
-820818
-1.62214e+06
-809938
947560
1.06541e+06
3.32123e+06
678586
-1.31443e+06
-1.29734e+06
-2.76706e+06
-1.24413e+06
2.93379e+06
2.62987e+06
3.12799e+06
3.48089e+06
323210
383489
1.41327e+06
185046
-197721
-182968
-355061
-194553
-841550
-823811
-1.68857e+06
-843820
1.03432e+06
1.12435e+06
3.36123e+06
760401
-1.29705e+06
-1.28657e+06
-2.82427e+06
-1.23899e+06
2.97081e+06
2.66083e+06
3.12559e+06
3.53177e+06
367466
417767
1.35915e+06
239071
-141006
-130526
-324845
-126134
-833735
-825216
-1.63316e+06
-859611
1.04478e+06
1.1186e+06
3.47951e+06
736773
-1.33871e+06
-1.345e+06
-2.89307e+06
-1.2887e+06
3.03345e+06
2.70671e+06
3.24229e+06
3.57133e+06
379838
427143
1.44176e+06
223269
-128360
-129290
-249244
-135934
-853911
-825638
-1.58275e+06
-888934
1.00818e+06
1.10205e+06
3.48086e+06
694049
-1.41112e+06
-1.40418e+06
-2.98492e+06
-1.37239e+06
3.0378e+06
2.74314e+06
3.29266e+06
3.5889e+06
363690
416353
1.49075e+06
185314
-144298
-135100
-242617
-145364
-811894
-768594
-1.46204e+06
-836104
980146
1.0795e+06
3.50485e+06
632327
-1.44096e+06
-1.42174e+06
-3.046e+06
-1.39612e+06
3.13282e+06
2.8286e+06
3.42647e+06
3.70728e+06
369248
434025
1.57755e+06
196255
-124369
-104089
-202020
-106833
-747980
-706971
-1.33983e+06
-794659
950329
1.06486e+06
3.59184e+06
577716
-1.45791e+06
-1.44169e+06
-3.0946e+06
-1.41727e+06
3.17836e+06
2.86855e+06
3.49058e+06
3.74026e+06
369350
448962
1.60906e+06
189797
-96599.3
-71808.1
-126685
-95219
-745135
-717230
-1.28698e+06
-794509
917802
1.05977e+06
3.70342e+06
522596
-1.5119e+06
-1.49412e+06
-3.16653e+06
-1.46079e+06
3.26212e+06
2.92893e+06
3.63821e+06
3.80855e+06
339971
413267
1.61712e+06
132595
-89516.9
-70730.5
-42760.2
-120918
-721925
-673112
-1.19391e+06
-768290
1.01686e+06
1.1394e+06
3.8742e+06
623820
-1.51262e+06
-1.49288e+06
-3.15346e+06
-1.47632e+06
3.28985e+06
2.96404e+06
3.64844e+06
3.88659e+06
455221
525629
1.82636e+06
271168
-6740.14
21711
103656
2653.06
-704881
-667022
-1.16779e+06
-726047
1.05543e+06
1.20496e+06
3.99072e+06
663005
-1.5663e+06
-1.53013e+06
-3.24117e+06
-1.51314e+06
3.32045e+06
3.01275e+06
3.67681e+06
3.92063e+06
473773
561955
1.88913e+06
299082
81223.9
92356.6
183506
92848.8
-732902
-692390
-1.26598e+06
-751684
1.10232e+06
1.23376e+06
4.03065e+06
698725
-1.57632e+06
-1.54529e+06
-3.29482e+06
-1.53172e+06
3.39283e+06
3.08276e+06
3.77869e+06
3.99059e+06
499992
575350
1.91271e+06
317031
122805
109882
144527
147879
-683221
-651050
-1.23518e+06
-688735
1.13741e+06
1.27265e+06
4.14347e+06
727552
-1.56896e+06
-1.54043e+06
-3.30896e+06
-1.51074e+06
3.50359e+06
3.18777e+06
3.95426e+06
4.12779e+06
531922
595390
1.99099e+06
344201
178972
167432
184580
236292
-658022
-640970
-1.22604e+06
-661008
1.16852e+06
1.2982e+06
4.25321e+06
739335
-1.57047e+06
-1.54644e+06
-3.36801e+06
-1.50377e+06
3.57905e+06
3.24361e+06
4.03854e+06
4.19842e+06
510565
581889
1.96236e+06
335999
207462
169553
178610
257616
-699790
-687608
-1.36011e+06
-699115
1.1922e+06
1.33711e+06
4.34261e+06
760285
-1.6043e+06
-1.59024e+06
-3.50133e+06
-1.51612e+06
3.64604e+06
3.28336e+06
4.07377e+06
4.26374e+06
473272
526809
1.82962e+06
276817
203935
162878
111067
236389
-726965
-704097
-1.37111e+06
-712779
1.26304e+06
1.40953e+06
4.45771e+06
857083
-1.61254e+06
-1.59293e+06
-3.49556e+06
-1.52981e+06
3.63749e+06
3.29412e+06
4.09125e+06
4.29164e+06
484215
535056
1.85851e+06
308192
206857
190336
124423
298965
-761789
-751858
-1.47546e+06
-773771
1.30682e+06
1.42933e+06
4.49779e+06
903390
-1.6067e+06
-1.6022e+06
-3.52034e+06
-1.52754e+06
3.66147e+06
3.28951e+06
4.03748e+06
4.30163e+06
479905
541061
1.80639e+06
293943
245499
178369
103455
296083
-837514
-816519
-1.61904e+06
-849115
1.24672e+06
1.36125e+06
4.34586e+06
848085
-1.63135e+06
-1.62444e+06
-3.56476e+06
-1.55685e+06
3.64665e+06
3.28892e+06
4.00534e+06
4.29069e+06
460674
519322
1.79684e+06
265984
161715
103614
-59713.8
220122
-884291
-848650
-1.69168e+06
-884137
1.19577e+06
1.32126e+06
4.26668e+06
782650
-1.64188e+06
-1.6176e+06
-3.52861e+06
-1.58032e+06
3.66719e+06
3.32203e+06
4.04186e+06
4.32563e+06
445127
523333
1.86402e+06
240460
83401.8
41586.4
-159829
134370
-896586
-877330
-1.72461e+06
-918604
1.16201e+06
1.27948e+06
4.25317e+06
735192
-1.60792e+06
-1.59459e+06
-3.44725e+06
-1.55901e+06
3.72159e+06
3.3492e+06
4.09684e+06
4.36264e+06
464962
536587
1.94416e+06
244259
45919.5
-5659.68
-194024
67936
-978084
-970224
-1.83502e+06
-1.00399e+06
1.11489e+06
1.24223e+06
4.22479e+06
690395
-1.64786e+06
-1.63613e+06
-3.45622e+06
-1.58974e+06
3.74387e+06
3.35189e+06
4.12487e+06
4.39628e+06
407622
465627
1.91042e+06
164370
-26417.5
-74328.2
-241726
-15299
-1.07779e+06
-1.01827e+06
-1.92947e+06
-1.10853e+06
1.06097e+06
1.20647e+06
4.08725e+06
627496
-1.65424e+06
-1.61746e+06
-3.43238e+06
-1.62874e+06
3.6617e+06
3.3063e+06
3.99459e+06
4.31786e+06
364816
459964
1.8553e+06
117228
-112577
-120952
-417962
-83732.8
-993287
-946539
-1.82632e+06
-997042
1.14434e+06
1.28583e+06
4.25347e+06
736419
-1.60856e+06
-1.57872e+06
-3.33218e+06
-1.55392e+06
3.76006e+06
3.38577e+06
4.09842e+06
4.43041e+06
466671
549566
2.02462e+06
230210
-40845.3
-61871.8
-309945
9237.64
-971491
-929110
-1.79988e+06
-977299
1.17336e+06
1.31004e+06
4.26023e+06
780930
-1.62848e+06
-1.59951e+06
-3.36483e+06
-1.58317e+06
3.77008e+06
3.40552e+06
4.10518e+06
4.43598e+06
483189
567549
2.06377e+06
238401
-20740.9
-44567.5
-302718
46420.1
-934484
-888115
-1.74262e+06
-942883
1.18273e+06
1.30007e+06
4.27243e+06
754869
-1.631e+06
-1.60021e+06
-3.35293e+06
-1.60654e+06
3.83831e+06
3.47085e+06
4.19325e+06
4.52385e+06
515820
585476
2.1706e+06
257663
-21923.1
-54829.1
-298659
30713.9
-870921
-840377
-1.62521e+06
-883243
1.16302e+06
1.28712e+06
4.32502e+06
731829
-1.61508e+06
-1.58992e+06
-3.29826e+06
-1.5914e+06
3.89035e+06
3.50261e+06
4.24554e+06
4.55954e+06
533076
610403
2.21858e+06
278432
-29359.1
-63670.7
-279884
20067.7
-870313
-832794
-1.63507e+06
-863713
1.17297e+06
1.33167e+06
4.38924e+06
746964
-1.64551e+06
-1.59899e+06
-3.3291e+06
-1.59841e+06
3.97098e+06
3.58151e+06
4.35198e+06
4.66751e+06
532703
616481
2.21511e+06
282646
-33748.8
-45291.6
-278552
9299.87
-843253
-805836
-1.6298e+06
-839750
1.23459e+06
1.35268e+06
4.37996e+06
810445
-1.6068e+06
-1.5841e+06
-3.31615e+06
-1.58999e+06
3.96451e+06
3.56681e+06
4.25686e+06
4.68392e+06
612547
670580
2.23617e+06
380207
32518.4
-2582.35
-260017
99852
-678028
-575033
-338308
-909380
154715
146756
259446
147271
-42720.6
-117869
-856632
103447
557542
414124
-450158
871003
487293
406629
106168
659219
-238380
-131895
689534
-500070
-681886
-586667
-290618
-905839
197489
191029
337409
209487
-96585.1
-152820
-923679
58737.9
560439
412866
-486215
916263
498666
428982
116636
721537
-197421
-92829
783525
-429181
-704366
-593407
-298054
-943446
229182
206636
365472
216389
-142771
-201243
-1.01003e+06
-12111.3
515014
338178
-674591
855602
530008
430379
64847.3
731573
-117349
-13355.8
891565
-355885
-664539
-539268
-172562
-917707
225301
196511
337946
216191
-157871
-221070
-1.0334e+06
-28321
470218
311814
-791691
824673
584240
472972
88617.5
781797
-51084.2
57439.7
1.01254e+06
-309983
-655177
-526942
-63622.6
-911086
181200
174723
352976
173948
-236143
-283123
-1.15721e+06
-97165
490325
335316
-777407
855418
569261
475860
76955.8
774884
-34812.3
77722.3
1.13657e+06
-300850
-627512
-510424
3527.05
-912455
227032
216230
431694
208800
-269405
-318614
-1.18032e+06
-153091
508249
327393
-822665
868556
581378
471386
100785
795871
35895.6
135035
1.28333e+06
-239600
-633998
-504614
79261
-922442
221421
234593
474146
214064
-297007
-343671
-1.17832e+06
-173419
504662
351517
-810938
882042
572123
475589
76073.4
792064
21744.9
131471
1.33434e+06
-243492
-618849
-508701
71530.9
-912593
260286
253215
510175
252123
-298877
-336173
-1.18994e+06
-184419
515849
348502
-838615
916277
606856
504866
140731
842605
18605.4
113242
1.28728e+06
-235604
-642602
-510859
59402.6
-925944
254160
257047
517925
249860
-279219
-310063
-1.13929e+06
-160578
463030
288293
-989791
862288
650320
537786
187276
886333
39524.4
144386
1.30351e+06
-187351
-607215
-459820
160909
-891652
232135
231603
454599
224866
-240046
-278187
-1.04898e+06
-122171
405622
245833
-1.08252e+06
793962
705695
585012
274052
925116
36220.8
156039
1.29041e+06
-205323
-560843
-429101
247815
-825701
232531
237017
496935
239050
-206107
-244970
-1.02155e+06
-62112.3
433386
272329
-1.02059e+06
832024
764838
653567
404584
992495
43965.1
159433
1.33289e+06
-204576
-541567
-411027
249668
-827548
280275
285134
571883
275602
-186294
-214861
-981060
-51734.8
445180
267052
-1.05918e+06
839551
786328
663009
454585
1.01337e+06
82666.4
179433
1.40045e+06
-168482
-509089
-392620
297463
-795765
329874
334201
660042
333087
-96664.3
-147067
-866565
55505.1
508667
338817
-991878
923781
808206
697221
448294
1.04913e+06
88546.7
187969
1.41887e+06
-179341
-537073
-429434
203947
-797024
376953
371387
743277
387217
-68841.1
-128422
-853976
96585.1
567971
381976
-957227
1.01162e+06
831546
715816
484775
1.08582e+06
69296.5
159945
1.40016e+06
-189201
-588160
-468645
47746.7
-843068
408795
408498
787643
429273
-34905.6
-99549.3
-865708
152882
604859
403583
-1.00233e+06
1.05295e+06
847892
718788
463794
1.10161e+06
63011.7
171725
1.39703e+06
-194408
-586307
-451847
69638.7
-850139
464247
455764
848865
479263
14705
-48858.3
-792873
194169
632745
437790
-956020
1.0779e+06
864772
736624
530206
1.09907e+06
42799.8
166394
1.43487e+06
-246247
-519531
-386606
177716
-745139
504003
495973
916996
530152
95951.6
35451.5
-697182
305793
675731
481178
-888508
1.14007e+06
912007
791210
620076
1.14805e+06
71576.2
205092
1.56269e+06
-213927
-485683
-383857
149488
-736600
548483
538196
993437
576730
146798
61736.1
-667022
356393
726926
512163
-878925
1.18506e+06
914507
777566
611506
1.15342e+06
111115
216380
1.62648e+06
-196009
-509878
-428139
171558
-788773
529422
504359
998044
523307
130048
18984.4
-701410
312784
759339
539754
-794630
1.2248e+06
852918
731151
550081
1.07667e+06
53731.6
147853
1.61288e+06
-287129
-598096
-499297
38364.8
-878132
491787
483998
965919
485149
62969.3
-20653.2
-808633
249725
748580
538057
-835543
1.23441e+06
803183
699085
496669
1.03376e+06
-25102.3
88020.7
1.49679e+06
-355826
-631378
-514228
12281
-902222
470820
460621
962579
457130
72987.6
-14965.2
-819404
273721
757359
526223
-888748
1.24792e+06
818131
694291
513119
1.0413e+06
-34368.2
82768.3
1.49034e+06
-358830
-635024
-497715
85110.2
-917509
413904
415425
873888
405019
82790.9
-5017.63
-800617
279774
733943
524996
-907116
1.22828e+06
783469
669653
496397
991228
-103710
40206.1
1.43428e+06
-439440
-599341
-467726
176893
-873572
406315
409075
890460
399971
109005
22474.7
-806164
330258
814389
597579
-820448
1.33087e+06
824416
718483
577214
1.04091e+06
-103110
44861.7
1.51295e+06
-457859
-598085
-464535
188512
-888603
440199
454995
957437
436426
113508
26966.2
-804965
340831
867911
640769
-800668
1.3918e+06
836632
723229
606208
1.05421e+06
-65752.4
74053.9
1.59483e+06
-419423
-650943
-527374
192121
-983177
431604
421724
950762
407070
86501.8
-17524.9
-827063
293248
868304
638665
-739608
1.36725e+06
793855
685848
564455
1.0054e+06
-158658
-20228.9
1.50692e+06
-559872
-735385
-602325
75567.1
-1.07271e+06
413106
408085
892431
396939
35963.5
-52738.9
-896928
218994
852188
637270
-770616
1.37183e+06
814499
727669
601304
1.0448e+06
-225389
-74203.8
1.42081e+06
-627963
-826495
-666001
-49542.7
-1.14894e+06
371322
353848
795396
363362
8414.57
-82276.1
-899239
197266
843211
616781
-837554
1.36656e+06
884393
764136
647783
1.11913e+06
-237834
-79775.8
1.42563e+06
-634197
-837715
-665161
-60961.1
-1.14794e+06
323083
306740
610244
351209
-38305.4
-123664
-931299
153261
808958
596066
-930188
1.34625e+06
932589
800383
698474
1.17435e+06
-263349
-95914.8
1.38303e+06
-654457
-779809
-631492
-7204
-1.07466e+06
302022
275387
494027
334196
-58299.5
-143311
-995643
131219
813105
580475
-949743
1.34894e+06
999923
870898
815543
1.23677e+06
-289238
-132583
1.34502e+06
-692129
-772110
-604121
-20011.1
-1.06028e+06
309744
301468
469870
377838
-89567.8
-157221
-1.02851e+06
111251
847773
636156
-935171
1.41417e+06
1.04897e+06
929874
896032
1.32e+06
-279921
-105936
1.37885e+06
-664314
-754013
-639066
-22338.9
-1.07678e+06
339889
324282
491699
384061
-70642.8
-163455
-1.08803e+06
138842
948162
696913
-808557
1.50289e+06
1.06429e+06
936331
821160
1.33811e+06
-244831
-97501.5
1.41053e+06
-646741
-862529
-733035
-204128
-1.19761e+06
342497
331016
533362
366027
-78966.9
-153411
-1.13991e+06
131132
931016
690371
-790234
1.47541e+06
1.01607e+06
904098
734282
1.29505e+06
-292867
-135750
1.31399e+06
-694151
-971412
-817195
-333522
-1.30436e+06
320888
317480
555497
341767
-53123.5
-131030
-1.1441e+06
177337
929712
689248
-780052
1.46851e+06
965099
841559
613732
1.23698e+06
-325979
-164006
1.25297e+06
-720436
-1.0219e+06
-848209
-345430
-1.35015e+06
294685
287001
510135
327156
11409.9
-85412.8
-1.07391e+06
259545
917137
686338
-727265
1.45461e+06
928403
796561
557752
1.19797e+06
-372552
-201486
1.18901e+06
-760749
-1.04656e+06
-890853
-415739
-1.38674e+06
249711
229903
448385
251436
29938.9
-75980
-1.1319e+06
279500
906765
663679
-722773
1.41329e+06
941318
804133
541780
1.20351e+06
-363108
-202640
1.20296e+06
-774606
-1.12274e+06
-943594
-542011
-1.45577e+06
226478
242258
431324
258255
10674.5
-75414.4
-1.17775e+06
292708
897333
676933
-738333
1.42322e+06
892431
772412
444484
1.18597e+06
-386275
-222416
1.15211e+06
-778348
