-832159
-814440
-1.63898e+06
-830562
-191862
-204548
-496236
-173304
-2.2361e+06
-2.12431e+06
-3.72405e+06
-2.37066e+06
-357407
-368086
-915423
-311607
-1.33577e+06
-1.2716e+06
-2.22321e+06
-1.41895e+06
-1.57642e+06
-1.48901e+06
-2.49619e+06
-1.69553e+06
-851345
-845804
-1.65951e+06
-863762
-202614
-219739
-532648
-189676
-2.25519e+06
-2.14398e+06
-3.76359e+06
-2.39851e+06
-382080
-401504
-961021
-360521
-1.37742e+06
-1.3134e+06
-2.2907e+06
-1.47907e+06
-1.56935e+06
-1.49504e+06
-2.53021e+06
-1.71138e+06
-940681
-922144
-1.77845e+06
-970962
-262595
-276190
-607398
-265570
-2.32601e+06
-2.21982e+06
-3.87099e+06
-2.47898e+06
-454565
-462374
-1.02762e+06
-447985
-1.44128e+06
-1.37806e+06
-2.36384e+06
-1.55405e+06
-1.63491e+06
-1.55808e+06
-2.62505e+06
-1.7709e+06
-1.00045e+06
-960596
-1.86654e+06
-1.0112e+06
-313946
-306510
-692235
-294783
-2.39029e+06
-2.2541e+06
-3.9883e+06
-2.51838e+06
-517957
-499279
-1.10043e+06
-491097
-1.51644e+06
-1.42482e+06
-2.46398e+06
-1.61731e+06
-1.67697e+06
-1.57263e+06
-2.7049e+06
-1.78995e+06
-1.00712e+06
-970860
-1.85503e+06
-1.033e+06
-309818
-312763
-686723
-294100
-2.39829e+06
-2.26496e+06
-3.97142e+06
-2.5364e+06
-495931
-483993
-1.04332e+06
-470448
-1.52821e+06
-1.44433e+06
-2.45859e+06
-1.63815e+06
-1.65635e+06
-1.56315e+06
-2.62667e+06
-1.78429e+06
-999048
-968795
-1.81489e+06
-1.04106e+06
-327941
-335256
-716110
-323487
-2.42153e+06
-2.30692e+06
-3.99654e+06
-2.58305e+06
-489066
-488137
-1.02293e+06
-483559
-1.57202e+06
-1.49485e+06
-2.50272e+06
-1.70335e+06
-1.7017e+06
-1.62321e+06
-2.67909e+06
-1.85347e+06
-1.02241e+06
-975742
-1.85252e+06
-1.04574e+06
-363562
-357177
-747317
-353884
-2.48957e+06
-2.3563e+06
-4.10676e+06
-2.63933e+06
-536013
-531761
-1.10218e+06
-521684
-1.63748e+06
-1.54588e+06
-2.6002e+06
-1.75667e+06
-1.75704e+06
-1.6498e+06
-2.74777e+06
-1.8868e+06
-1.00138e+06
-952914
-1.80797e+06
-1.01527e+06
-355061
-333205
-689362
-339967
-2.49045e+06
-2.35002e+06
-4.12299e+06
-2.63034e+06
-547648
-541706
-1.12957e+06
-537288
-1.63673e+06
-1.53943e+06
-2.5991e+06
-1.75777e+06
-1.73361e+06
-1.62732e+06
-2.72396e+06
-1.87414e+06
-991561
-950627
-1.79432e+06
-1.03548e+06
-323954
-314846
-614755
-349547
-2.48682e+06
-2.35991e+06
-4.12291e+06
-2.65006e+06
-570246
-562800
-1.15401e+06
-587560
-1.62547e+06
-1.53705e+06
-2.56202e+06
-1.77569e+06
-1.70584e+06
-1.60668e+06
-2.68035e+06
-1.85467e+06
-1.01914e+06
-972238
-1.82235e+06
-1.05394e+06
-348548
-324409
-584407
-369031
-2.52722e+06
-2.38809e+06
-4.18008e+06
-2.67825e+06
-618731
-599155
-1.19469e+06
-622376
-1.66858e+06
-1.56218e+06
-2.58851e+06
-1.80764e+06
-1.70471e+06
-1.59527e+06
-2.66032e+06
-1.83984e+06
-1.05257e+06
-1.0038e+06
-1.888e+06
-1.08462e+06
-376523
-348495
-607343
-390817
-2.55875e+06
-2.42024e+06
-4.26318e+06
-2.69649e+06
-654352
-639118
-1.26651e+06
-650226
-1.71303e+06
-1.60739e+06
-2.66751e+06
-1.84396e+06
-1.7186e+06
-1.61378e+06
-2.6742e+06
-1.8524e+06
-1.04333e+06
-996088
-1.88679e+06
-1.08504e+06
-379167
-355545
-627788
-413394
-2.57678e+06
-2.44441e+06
-4.33749e+06
-2.72124e+06
-675875
-657289
-1.32941e+06
-682755
-1.74805e+06
-1.64561e+06
-2.7419e+06
-1.8975e+06
-1.75126e+06
-1.65052e+06
-2.74756e+06
-1.89869e+06
-1.06687e+06
-1.02846e+06
-1.90787e+06
-1.10936e+06
-402149
-392340
-656531
-439296
-2.62269e+06
-2.49977e+06
-4.43797e+06
-2.7658e+06
-713792
-703187
-1.37421e+06
-723289
-1.79916e+06
-1.69544e+06
-2.78574e+06
-1.95113e+06
-1.81478e+06
-1.71562e+06
-2.86981e+06
-1.95234e+06
-1.09499e+06
-1.05001e+06
-1.92388e+06
-1.13565e+06
-440116
-419561
-721638
-471198
-2.65564e+06
-2.52211e+06
-4.49796e+06
-2.79996e+06
-752756
-730814
-1.41605e+06
-780619
-1.83799e+06
-1.71895e+06
-2.82139e+06
-2.00308e+06
-1.85774e+06
-1.74935e+06
-2.97341e+06
-2.00645e+06
-1.1326e+06
-1.0911e+06
-1.97495e+06
-1.18688e+06
-467985
-451910
-762735
-507979
-2.69886e+06
-2.57723e+06
-4.5761e+06
-2.84038e+06
-783336
-761770
-1.42428e+06
-812415
-1.83577e+06
-1.72777e+06
-2.79215e+06
-2.00014e+06
-1.90559e+06
-1.80591e+06
-3.0455e+06
-2.04459e+06
-1.17705e+06
-1.12544e+06
-2.03972e+06
-1.23116e+06
-505802
-488521
-842411
-543488
-2.75972e+06
-2.63015e+06
-4.71299e+06
-2.89947e+06
-816953
-787221
-1.47127e+06
-845798
-1.86555e+06
-1.75025e+06
-2.83761e+06
-2.03546e+06
-1.96021e+06
-1.85234e+06
-3.17391e+06
-2.09601e+06
-1.17906e+06
-1.11832e+06
-2.03031e+06
-1.23416e+06
-523207
-502711
-895048
-550979
-2.78463e+06
-2.64782e+06
-4.75218e+06
-2.92014e+06
-814540
-782220
-1.46024e+06
-838385
-1.85888e+06
-1.73862e+06
-2.82501e+06
-2.01957e+06
-1.96493e+06
-1.85288e+06
-3.16937e+06
-2.0978e+06
-1.18313e+06
-1.13176e+06
-2.01415e+06
-1.25437e+06
-568309
-547179
-959443
-604655
-2.82775e+06
-2.69962e+06
-4.80234e+06
-2.9757e+06
-843601
-817876
-1.47924e+06
-882968
-1.89235e+06
-1.7794e+06
-2.84139e+06
-2.07119e+06
-2.03187e+06
-1.93396e+06
-3.25614e+06
-2.185e+06
-1.17402e+06
-1.12058e+06
-2.01482e+06
-1.22997e+06
-565156
-552393
-988938
-592854
-2.86502e+06
-2.73554e+06
-4.89596e+06
-3.00532e+06
-858813
-832554
-1.5319e+06
-887249
-1.90803e+06
-1.79636e+06
-2.8892e+06
-2.08055e+06
-2.09022e+06
-1.97886e+06
-3.36813e+06
-2.23315e+06
-1.17506e+06
-1.12549e+06
-2.00845e+06
-1.22622e+06
-577973
-563986
-1.02115e+06
-604360
-2.8873e+06
-2.75439e+06
-4.93828e+06
-3.02903e+06
-858370
-831896
-1.53724e+06
-896817
-1.92166e+06
-1.80405e+06
-2.90911e+06
-2.10329e+06
-2.12264e+06
-2.01379e+06
-3.441e+06
-2.2827e+06
-1.20557e+06
-1.15759e+06
-2.11309e+06
-1.26882e+06
-607980
-591241
-1.09759e+06
-646842
-2.93505e+06
-2.80496e+06
-5.04573e+06
-3.08788e+06
-886322
-856738
-1.59751e+06
-932892
-1.93702e+06
-1.82188e+06
-2.9682e+06
-2.1202e+06
-2.17474e+06
-2.0634e+06
-3.54851e+06
-2.33319e+06
-1.19219e+06
-1.13137e+06
-2.08744e+06
-1.23026e+06
-593994
-569012
-1.08095e+06
-601850
-2.94509e+06
-2.7945e+06
-5.05634e+06
-3.06825e+06
-870562
-825472
-1.56008e+06
-886324
-1.92041e+06
-1.79312e+06
-2.94331e+06
-2.07589e+06
-2.19266e+06
-2.06145e+06
-3.56469e+06
-2.32958e+06
-1.19908e+06
-1.13875e+06
-2.12026e+06
-1.23868e+06
-616014
-596830
-1.16263e+06
-617834
-2.96259e+06
-2.81609e+06
-5.09967e+06
-3.08758e+06
-859452
-822894
-1.55966e+06
-874172
-1.92784e+06
-1.81107e+06
-2.98996e+06
-2.08343e+06
-2.21674e+06
-2.09195e+06
-3.58082e+06
-2.36634e+06
-1.16853e+06
-1.12156e+06
-2.0819e+06
-1.2285e+06
-610932
-598132
-1.18694e+06
-625129
-2.95371e+06
-2.82269e+06
-5.09439e+06
-3.10263e+06
-831900
-809298
-1.52024e+06
-869297
-1.92793e+06
-1.82042e+06
-2.99159e+06
-2.10436e+06
-2.25812e+06
-2.14506e+06
-3.63982e+06
-2.43541e+06
-1.16131e+06
-1.11392e+06
-2.08363e+06
-1.20315e+06
-618909
-599924
-1.21163e+06
-621378
-2.98242e+06
-2.83717e+06
-5.14093e+06
-3.1201e+06
-859543
-820230
-1.57347e+06
-874472
-1.97155e+06
-1.84325e+06
-3.05415e+06
-2.12741e+06
-2.2808e+06
-2.14646e+06
-3.68584e+06
-2.42816e+06
-1.1396e+06
-1.09501e+06
-2.04996e+06
-1.16915e+06
-590751
-573860
-1.17357e+06
-578531
-2.95788e+06
-2.81722e+06
-5.08393e+06
-3.09866e+06
-830926
-807624
-1.56509e+06
-849137
-1.94254e+06
-1.81631e+06
-3.01815e+06
-2.09082e+06
-2.21375e+06
-2.09004e+06
-3.61669e+06
-2.35704e+06
-1.17384e+06
-1.1408e+06
-2.17071e+06
-1.19767e+06
-609655
-608748
-1.25254e+06
-600033
-2.9931e+06
-2.86147e+06
-5.16311e+06
-3.13015e+06
-877314
-858063
-1.6815e+06
-886340
-1.96348e+06
-1.8565e+06
-3.10282e+06
-2.11187e+06
-2.21867e+06
-2.10967e+06
-3.68484e+06
-2.34349e+06
-1.20975e+06
-1.16309e+06
-2.26428e+06
-1.22829e+06
-653459
-634512
-1.33059e+06
-644396
-3.04478e+06
-2.89615e+06
-5.24293e+06
-3.19005e+06
-925867
-887087
-1.78053e+06
-926166
-2.02006e+06
-1.89224e+06
-3.19899e+06
-2.17102e+06
-2.24175e+06
-2.11924e+06
-3.74756e+06
-2.37013e+06
-1.21233e+06
-1.17524e+06
-2.24378e+06
-1.25516e+06
-662292
-648360
-1.30432e+06
-671437
-3.05289e+06
-2.9002e+06
-5.16024e+06
-3.22478e+06
-916410
-883565
-1.7261e+06
-929550
-2.03106e+06
-1.90571e+06
-3.16521e+06
-2.19642e+06
-2.24453e+06
-2.12669e+06
-3.667e+06
-2.40007e+06
-1.18479e+06
-1.15532e+06
-2.16547e+06
-1.23264e+06
-630427
-628175
-1.25319e+06
-640019
-3.03698e+06
-2.89509e+06
-5.08333e+06
-3.22061e+06
-880974
-863176
-1.67002e+06
-898818
-2.01573e+06
-1.90317e+06
-3.13151e+06
-2.18825e+06
-2.24304e+06
-2.13629e+06
-3.63969e+06
-2.4042e+06
-1.15972e+06
-1.12231e+06
-2.1006e+06
-1.20244e+06
-604249
-605151
-1.19497e+06
-614618
-3.04309e+06
-2.90571e+06
-5.09436e+06
-3.23398e+06
-843609
-830575
-1.62257e+06
-856482
-2.00207e+06
-1.89041e+06
-3.10316e+06
-2.17591e+06
-2.24691e+06
-2.13513e+06
-3.64374e+06
-2.40921e+06
-1.1388e+06
-1.06967e+06
-1.9953e+06
-1.18052e+06
-609622
-571813
-1.14355e+06
-618541
-3.06792e+06
-2.89666e+06
-5.08028e+06
-3.2573e+06
-821795
-780990
-1.54067e+06
-843843
-2.00388e+06
-1.85587e+06
-3.04669e+06
-2.18383e+06
-2.25454e+06
-2.11371e+06
-3.61187e+06
-2.4296e+06
-1.09663e+06
-1.05501e+06
-1.93505e+06
-1.13455e+06
-553877
-545927
-1.06624e+06
-555602
-3.06159e+06
-2.91838e+06
-5.0785e+06
-3.2515e+06
-791079
-775968
-1.48943e+06
-804982
-1.93895e+06
-1.82686e+06
-2.95096e+06
-2.10816e+06
-2.2189e+06
-2.10547e+06
-3.55398e+06
-2.37847e+06
-1.07549e+06
-1.03638e+06
-1.92083e+06
-1.12412e+06
-537480
-534918
-1.06062e+06
-552182
-3.09857e+06
-2.94852e+06
-5.15043e+06
-3.29984e+06
-775171
-756121
-1.4778e+06
-794632
-1.93258e+06
-1.81633e+06
-2.95931e+06
-2.11383e+06
-2.22152e+06
-2.10293e+06
-3.57172e+06
-2.39485e+06
-1.09105e+06
-1.04006e+06
-1.94215e+06
-1.12791e+06
-585881
-575570
-1.13994e+06
-588100
-3.15499e+06
-2.99534e+06
-5.2304e+06
-3.34857e+06
-772526
-745933
-1.46781e+06
-772829
-1.98228e+06
-1.85815e+06
-3.03687e+06
-2.15296e+06
-2.26375e+06
-2.13343e+06
-3.59832e+06
-2.43399e+06
-1.04969e+06
-1.01927e+06
-1.88207e+06
-1.08991e+06
-576858
-579484
-1.15082e+06
-575704
-3.14926e+06
-3.00547e+06
-5.21567e+06
-3.35205e+06
-727358
-725900
-1.41565e+06
-733141
-1.99108e+06
-1.88472e+06
-3.0497e+06
-2.17146e+06
-2.28193e+06
-2.17351e+06
-3.62726e+06
-2.46293e+06
331463
344645
985303
246577
791269
744235
1.21617e+06
855850
431308
320425
-431100
700616
151336
153431
200090
191804
-1.30937e+06
-1.21784e+06
-1.96843e+06
-1.41156e+06
-157634
-168801
-629949
-68388.5
284920
307777
942305
194181
776995
723646
1.18516e+06
840860
418641
293321
-474508
686116
165627
141530
177893
198114
-1.32345e+06
-1.24819e+06
-2.03727e+06
-1.43745e+06
-139622
-182258
-651795
-65702.9
275018
303302
891028
202857
788435
743200
1.17082e+06
869502
419714
297069
-539481
703906
143049
123982
89688.7
184144
-1.3501e+06
-1.26333e+06
-2.11074e+06
-1.45264e+06
-148393
-179474
-695350
-64708
230373
250644
813626
138448
746949
693709
1.08955e+06
821094
391074
261390
-597593
672775
92895.4
67027.4
-4473.16
136440
-1.38456e+06
-1.31111e+06
-2.17149e+06
-1.48832e+06
-202493
-242081
-788495
-113730
204433
229127
793552
119208
754372
696248
1.10117e+06
831291
404592
275558
-592196
700360
84438.4
60714.3
-61725.5
146625
-1.41556e+06
-1.33883e+06
-2.23278e+06
-1.5186e+06
-230810
-263123
-860420
-129915
108895
147461
663393
13616
705283
662140
1.01265e+06
789051
338157
216095
-721074
633920
36353.8
19567.8
-169409
104678
-1.49308e+06
-1.40259e+06
-2.35606e+06
-1.58963e+06
-278803
-303888
-961696
-166630
93899.5
121685
658495
-12247.8
703108
642771
982406
774339
352720
228063
-720094
652443
53402.1
29159.7
-183982
114734
-1.49862e+06
-1.41698e+06
-2.41726e+06
-1.59493e+06
-262890
-286556
-969069
-154479
58653.1
99779.8
636417
-55997.9
675669
623929
948881
742267
347819
216761
-722062
630748
67199.2
45239.3
-142440
116580
-1.50211e+06
-1.42217e+06
-2.44738e+06
-1.60859e+06
-237708
-272650
-933553
-149447
32710.8
74929.3
578869
-63571
663685
615213
926361
742688
332224
210397
-739096
627216
67361.1
47864.1
-128212
124888
-1.52648e+06
-1.44248e+06
-2.48904e+06
-1.62464e+06
-234602
-264556
-920029
-134841
29950.2
69996.5
548662
-94646.2
645553
591805
873522
704592
330294
202472
-765360
611106
69985.2
45536.3
-125453
106507
-1.50989e+06
-1.43732e+06
-2.4847e+06
-1.62189e+06
-236181
-281038
-964431
-151535
8536.19
61985
537846
-98036.1
605306
555893
828526
668677
324682
199693
-782627
623822
53761.3
35181.4
-142396
99897.9
-1.56209e+06
-1.47923e+06
-2.55933e+06
-1.66573e+06
-271226
-298077
-1.01742e+06
-169491
395.273
49910.4
525725
-110706
582859
537300
763627
658275
322782
197339
-816023
633055
50618.2
29670.9
-149311
94866.2
-1.57054e+06
-1.48792e+06
-2.59812e+06
-1.66158e+06
-246140
-276489
-993492
-132353
790.545
34634.8
562578
-118745
581427
524876
787359
651086
332137
201322
-778677
630606
61074.2
37393.9
-98314.7
117107
-1.56984e+06
-1.49026e+06
-2.58468e+06
-1.65765e+06
-222991
-255963
-932972
-103810
-23575.6
32811.2
541588
-145451
562568
523049
773550
628305
310546
186147
-780603
598827
52244.6
32459
-107443
88770.2
-1.57727e+06
-1.4888e+06
-2.59538e+06
-1.68047e+06
-221718
-256555
-926330
-125110
17797.2
81868.8
588801
-63963.5
591230
558555
823042
684955
313479
202114
-775746
623492
61789.8
55249.8
-69486.7
117015
-1.56342e+06
-1.46202e+06
-2.55252e+06
-1.64674e+06
-215120
-231416
-885012
-100553
83606.9
131204
614760
608.112
622955
577028
790910
728346
336835
210297
-792768
652130
81010.4
64723.6
-80837.2
157792
-1.51894e+06
-1.43557e+06
-2.52062e+06
-1.58795e+06
-176160
-212899
-866119
-48600.2
137838
170413
647930
51602.5
670028
603711
796275
765109
381114
240998
-782830
692555
122440
84458.2
-101889
189065
-1.48825e+06
-1.41925e+06
-2.53946e+06
-1.57022e+06
-151550
-194400
-879243
-35600.7
149306
192312
687796
76598
687502
636801
838706
805448
372144
251149
-756223
697033
112833
91052
-91483.4
197271
-1.50034e+06
-1.4186e+06
-2.52149e+06
-1.57148e+06
-149685
-181210
-819629
-25766.3
207684
228062
797327
110789
753073
699178
964935
846061
445205
320469
-640802
760282
174928
156669
2093.74
253280
-1.45295e+06
-1.3601e+06
-2.42704e+06
-1.52738e+06
-78450.7
-100510
-684376
48188.6
177374
207100
791866
85925.5
767124
706712
1.04615e+06
863858
458301
312202
-591055
766285
205609
163276
56059.4
278446
-1.42512e+06
-1.35834e+06
-2.37117e+06
-1.50587e+06
-39586.7
-95647.5
-636970
78355.2
143689
170346
703971
55068.8
758977
708631
1.05112e+06
850852
421477
285564
-642076
716417
158117
116485
-22043.3
210873
-1.47205e+06
-1.39269e+06
-2.42284e+06
-1.57276e+06
-66988.5
-118585
-692828
39307.4
124806
159773
646609
38864
747005
707181
1.03665e+06
850303
392108
265033
-665033
698419
95573.3
63293.1
-109105
160480
-1.4789e+06
-1.39518e+06
-2.40998e+06
-1.5587e+06
-96061.9
-147172
-764131
37102.6
173971
201899
695577
111436
825370
767692
1.13424e+06
940732
443530
310640
-615032
771643
106729
70640.7
-150192
194412
-1.45093e+06
-1.37466e+06
-2.39933e+06
-1.52172e+06
-68172.2
-119285
-778773
87496
174218
201225
690804
101017
859962
809528
1.19578e+06
970000
447717
315041
-614582
768042
84775.7
50057.5
-206491
167342
-1.45099e+06
-1.36941e+06
-2.38896e+06
-1.52758e+06
-57404.3
-109976
-782938
99377.5
187715
196041
685961
106341
900489
824115
1.21328e+06
994066
487053
340619
-604201
800523
107439
72256.4
-219679
197597
-1.43356e+06
-1.3594e+06
-2.41901e+06
-1.51455e+06
-13131
-72363.2
-782875
150497
179353
212240
681256
121594
903750
838083
1.20752e+06
1.02405e+06
501267
354244
-605748
836447
139828
102750
-178460
237435
-1.41253e+06
-1.34204e+06
-2.40713e+06
-1.48082e+06
22220.8
-47284.2
-766586
192812
205096
230868
707361
155313
944586
878045
1.26451e+06
1.07128e+06
527520
379962
-585930
862496
155204
115139
-139502
243733
-1.41084e+06
-1.33713e+06
-2.38834e+06
-1.48926e+06
33639.2
-33060.8
-741841
198418
213205
247353
734762
146076
950321
891105
1.29332e+06
1.07407e+06
516379
371974
-583731
851271
122437
89876.1
-152870
209568
-1.43012e+06
-1.35312e+06
-2.35871e+06
-1.51672e+06
-490.025
-70642.8
-785403
165307
207740
235330
752863
134821
938453
870229
1.3156e+06
1.04218e+06
505871
352829
-606787
837813
105656
68769
-171654
184705
-1.48988e+06
-1.40816e+06
-2.40414e+06
-1.59506e+06
-62138.4
-127926
-870871
91761.2
211851
237196
764069
127257
963250
896357
1.33425e+06
1.06961e+06
517462
369764
-616652
858806
115950
80127.2
-159635
192194
-1.49296e+06
-1.41052e+06
-2.40612e+06
-1.60319e+06
-59741.3
-125020
-874475
97784.4
172999
193505
741493
73370.1
919187
842772
1.29489e+06
1.00589e+06
502513
344048
-653898
826259
103547
71205.7
-169592
174117
-1.52508e+06
-1.44722e+06
-2.45184e+06
-1.64199e+06
-72451.6
-128015
-895856
89422.8
140028
183494
716009
42841.5
877212
820261
1.24571e+06
969048
484962
337511
-671413
821587
114705
87930.1
-138278
193827
-1.55338e+06
-1.462e+06
-2.49045e+06
-1.67036e+06
-49911.8
-115218
-882491
109165
169201
206435
788598
72183.6
910642
857442
1.34776e+06
1.00284e+06
516500
362762
-612016
846774
155467
117700
-54407.6
226577
-1.54534e+06
-1.45885e+06
-2.43736e+06
-1.67533e+06
-16412.7
-90343.5
-796252
126547
169502
216383
798436
57048
904071
858519
1.33496e+06
990355
513560
373874
-598586
846537
135733
119670
-64005.9
202850
-1.53945e+06
-1.442e+06
-2.39869e+06
-1.67136e+06
-42263.1
-101490
-815834
110217
200140
238913
899669
83481
950269
884084
1.4518e+06
1.02121e+06
551982
396171
-527355
884179
186669
155181
22063.1
262652
-1.51615e+06
-1.42554e+06
-2.30831e+06
-1.65687e+06
-21460
-83855.1
-762560
133643
194534
233715
891030
71254.4
949531
894868
1.43523e+06
1.03315e+06
554420
406438
-565532
901175
196982
166172
-5995.56
276409
-1.52074e+06
-1.42925e+06
-2.32964e+06
-1.65956e+06
-2072.53
-67063.4
-770874
161341
-1.3981e+06
-1.31829e+06
-2.21701e+06
-1.49127e+06
-175703
-165620
-247555
-181936
66431.3
139694
1.0609e+06
-107233
-386478
-340273
-301248
-462265
246816
200025
175213
325036
415947
434017
1.29216e+06
328436
-1.39389e+06
-1.31735e+06
-2.21506e+06
-1.50663e+06
-154330
-146628
-238760
-179358
73204.6
138292
1.03857e+06
-128389
-386519
-344166
-328670
-483436
249323
206954
155157
298895
431933
453522
1.28279e+06
324764
-1.44884e+06
-1.36692e+06
-2.27241e+06
-1.58272e+06
-181593
-169762
-249032
-221699
26602.1
97673.4
988783
-186909
-442811
-391379
-404740
-542543
187505
155176
100584
230129
411410
440076
1.25729e+06
311991
-1.46904e+06
-1.38301e+06
-2.26705e+06
-1.59489e+06
-182212
-164849
-213179
-216199
27548.9
103567
1.00543e+06
-178078
-439051
-384888
-400511
-531029
198165
168429
132000
239040
423595
451645
1.29734e+06
313557
-1.48834e+06
-1.38958e+06
-2.25689e+06
-1.60852e+06
-160407
-134089
-139072
-180464
8192.54
99714.8
1.01577e+06
-184960
-465205
-402781
-407192
-552457
181082
165067
176782
231664
434166
471094
1.35375e+06
339995
-1.51017e+06
-1.42403e+06
-2.29895e+06
-1.65203e+06
-124775
-110284
-87757.6
-163871
12663.6
88934.2
1.00314e+06
-197943
-463822
-413619
-413966
-572780
203435
175430
191957
239073
483946
507317
1.42777e+06
378417
-1.53629e+06
-1.44155e+06
-2.3342e+06
-1.6704e+06
-127872
-112945
-85909.9
-160438
-21868
55201.7
949697
-229861
-472735
-425058
-425397
-587187
181034
154249
147740
223935
459681
488965
1.40199e+06
360274
-1.56064e+06
-1.45902e+06
-2.34427e+06
-1.70609e+06
-146246
-124724
-97791.5
-189734
-57237.5
24900.8
898695
-269377
-494497
-432949
-427752
-606000
168501
147175
138265
198495
445944
475745
1.39018e+06
330496
-1.56982e+06
-1.4777e+06
-2.35346e+06
-1.72369e+06
-143641
-126377
-63160.2
-200946
-86420.5
-8527
850856
-307813
-479375
-418029
-415093
-587025
173173
150712
168661
200244
440410
477917
1.41328e+06
331747
-1.61862e+06
-1.51845e+06
-2.4528e+06
-1.75936e+06
-183463
-158970
-128119
-231315
-135250
-54908.3
739081
-345712
-475510
-422854
-456637
-572982
170662
147313
118893
207925
409729
439617
1.34368e+06
288604
-1.62658e+06
-1.52219e+06
-2.44654e+06
-1.76312e+06
-165464
-140832
-75830.1
-208208
-157447
-76241.7
703374
-367263
-474952
-428205
-442932
-575453
169646
149802
145077
213913
392759
428838
1.33652e+06
274282
-1.66102e+06
-1.56328e+06
-2.50412e+06
-1.81273e+06
-185284
-159477
-92489.6
-242162
-209532
-120116
607205
-418529
-516146
-462065
-492402
-629398
140202
119265
87126.2
175033
351687
394567
1.30657e+06
219977
-1.72049e+06
-1.62439e+06
-2.58801e+06
-1.87857e+06
-225477
-197619
-140458
-281724
-207884
-121978
637407
-439058
-530348
-474505
-470055
-648702
130348
108969
78935.7
173444
333695
370854
1.3166e+06
183277
-1.7447e+06
-1.6279e+06
-2.67029e+06
-1.88275e+06
-247877
-211234
-238527
-289078
-185591
-82222.4
682233
-402055
-536204
-463219
-490646
-649308
165798
150603
80159
219351
359359
417895
1.35126e+06
226391
-1.742e+06
-1.63259e+06
-2.69564e+06
-1.87376e+06
-270299
-236467
-282293
-312185
-153941
-46451.3
752352
-371797
-507315
-429192
-444496
-602917
188910
174508
113805
251424
397948
465088
1.44279e+06
277388
-1.77451e+06
-1.66422e+06
-2.79143e+06
-1.9026e+06
-306045
-266720
-361455
-344004
-115639
-10533.8
838725
-343359
-474785
-405803
-435111
-575190
234917
217791
151642
305938
441426
502918
1.52602e+06
304177
-1.80133e+06
-1.6965e+06
-2.84458e+06
-1.93041e+06
-303735
-273335
-382656
-342238
-100618
270.822
909650
-338715
-460277
-393984
-379624
-562774
273495
248360
216452
346170
473796
521848
1.60029e+06
323694
-1.83097e+06
-1.71743e+06
-2.93186e+06
-1.94731e+06
-329674
-295636
-472190
-352934
-63233.7
44431.8
991499
-290817
-461615
-394674
-364205
-572910
317997
289375
233524
411716
517333
577667
1.69527e+06
387285
-1.84217e+06
-1.74186e+06
-2.96805e+06
-1.96648e+06
-317127
-295541
-484230
-348465
-64691.8
31631
1.00689e+06
-313675
-459019
-401498
-342313
-586242
346141
305114
246386
432701
542456
592111
1.72766e+06
409679
-1.83973e+06
-1.74583e+06
-2.98401e+06
-1.95852e+06
-293939
-278360
-467657
-310411
-51325.3
44240.1
1.04515e+06
-287771
-446090
-386143
-319393
-557263
397724
349413
308721
498594
596425
634221
1.77898e+06
477132
-1.858e+06
-1.76806e+06
-3.03354e+06
-1.97944e+06
-298148
-283847
-481138
-319346
-45141.7
53117.9
1.06554e+06
-285453
-439613
-379142
-324899
-541200
406927
360045
320588
511420
622100
664859
1.8054e+06
520549
-1.89878e+06
-1.80948e+06
-3.12763e+06
-2.01686e+06
-306540
-292538
-501063
-326458
-48928.3
48260.7
1.06852e+06
-295681
-422829
-365563
-343645
-519743
445972
394625
357329
555554
644628
677648
1.8081e+06
536838
-1.93923e+06
-1.84185e+06
-3.19931e+06
-2.05464e+06
-303663
-287802
-498312
-327400
-66799
29943.9
1.04881e+06
-325481
-432358
-384245
-364520
-543041
462552
408235
375062
568976
659724
688502
1.80356e+06
550409
-1.99207e+06
-1.8906e+06
-3.28531e+06
-2.11705e+06
-300351
-277603
-479781
-321125
-88694.5
22859.3
1.0598e+06
-347452
-460457
-400572
-382229
-570646
483479
433592
401062
600698
674714
712141
1.84366e+06
573244
-1.98751e+06
-1.88072e+06
-3.27354e+06
-2.10861e+06
-259621
-250159
-434945
-273660
-56789.2
40202.6
1.11138e+06
-306015
-433702
-390563
-348519
-536757
515878
443730
416195
636843
717200
727388
1.88885e+06
609233
-1.98554e+06
-1.88177e+06
-3.29201e+06
-2.10665e+06
-275622
-259532
-485824
-285718
-64696
37588.4
1.08011e+06
-319374
-471265
-419231
-421901
-581984
496903
432923
375722
612912
699671
721228
1.86296e+06
584364
-1.9989e+06
-1.88711e+06
-3.31517e+06
-2.12026e+06
-287754
-266907
-491746
-300453
-65578.5
43955.2
1.09342e+06
-318385
-504919
-444762
-457536
-614002
461086
404404
359042
569239
683340
715275
1.86654e+06
571810
-2.03967e+06
-1.93462e+06
-3.35044e+06
-2.16997e+06
-324105
-305793
-496026
-354420
-76583.9
25936
1.12627e+06
-352130
-533633
-475248
-464630
-661610
440952
382801
383938
528808
635614
665298
1.87726e+06
484333
-2.05767e+06
-1.9472e+06
-3.36463e+06
-2.18503e+06
-311243
-290363
-460131
-333418
-86817.9
27368.6
1.14414e+06
-353475
-554252
-490571
-466589
-679897
426955
376408
397581
521028
626815
663485
1.9026e+06
483077
-2.07083e+06
-1.97427e+06
-3.3982e+06
-2.21623e+06
-288790
-277756
-440614
-322539
-64211
40103.6
1.17415e+06
-341189
-565743
-508727
-484043
-706552
438906
378258
384890
527210
649338
678499
1.95874e+06
493681
-2.15846e+06
-2.03671e+06
-3.51682e+06
-2.31221e+06
-352747
-332617
-513188
-410271
-130385
-19402.3
1.09189e+06
-422572
-593618
-527663
-502566
-753303
372503
328943
281252
448821
579304
623532
1.87817e+06
407384
-2.15268e+06
-2.02623e+06
-3.50456e+06
-2.27296e+06
-383810
-354514
-541312
-413437
-149418
-34920.5
1.06383e+06
-415379
-579630
-499483
-450119
-703815
382859
336932
298783
491035
573114
625895
1.89601e+06
424389
-2.09781e+06
-1.98684e+06
-3.45355e+06
-2.22451e+06
-369134
-351100
-515811
-420507
-136083
-32674.7
1.06595e+06
-411654
-511515
-444228
-375230
-639176
417201
360861
335421
513350
617258
664853
1.97522e+06
464069
-2.13111e+06
-2.01423e+06
-3.5449e+06
-2.23458e+06
-432672
-400589
-595759
-473878
-178477
-69827.5
987227
-447596
-502182
-433640
-375195
-616724
402315
351298
290663
515144
586473
636260
1.95699e+06
419391
-2.12901e+06
-2.02316e+06
-3.58387e+06
-2.2403e+06
-422278
-403763
-599908
-479831
-204603
-100474
923263
-491358
-458579
-404529
-311990
-588667
412839
354042
281044
514602
567296
615012
1.92201e+06
387068
-2.16677e+06
-2.05636e+06
-3.66491e+06
-2.26993e+06
-454622
-422264
-643023
-499549
-232456
-116253
875723
-500407
-449342
-386530
-288174
-561947
389009
336656
219468
508625
551154
612630
1.93654e+06
379219
-527060
-510878
-965477
-538490
-948595
-943353
-2.04226e+06
-906192
309257
251286
-12632.5
442762
473588
397270
138353
644758
689889
583029
237218
925823
62693.5
72163.1
180688
60135.9
-538495
-512203
-953596
-560794
-924344
-903070
-1.99411e+06
-874212
309732
258877
-14181.7
448578
486493
419128
175486
656178
710225
608393
303864
933536
86273.4
90215.5
242179
72049.9
-558037
-543400
-977774
-590580
-907147
-911543
-1.98206e+06
-874936
287674
221196
-59431.6
406111
504218
414974
201746
650289
718494
607416
336205
933778
86368.1
90122.9
253967
64855.8
-561470
-536292
-957791
-588831
-894576
-884450
-1.9352e+06
-852539
279729
224007
-55823.3
408394
512809
441423
248911
675153
726316
622368
371033
941489
129492
136603
341362
119575
-558485
-535213
-961500
-586007
-864966
-864183
-1.9103e+06
-818832
287452
224951
-89700
424904
534783
451560
245957
701241
743180
638724
384676
969750
182854
185956
392618
186633
-586273
-573317
-991060
-631725
-857058
-858164
-1.8993e+06
-819791
268192
202872
-136531
398161
527266
441184
223033
674223
740786
623474
379481
942568
221115
208217
438239
202126
-614851
-580897
-1.02047e+06
-650885
-879575
-867955
-1.90932e+06
-834286
260690
205539
-134236
398889
513682
447887
226857
686694
721867
623791
379076
945484
198711
206663
442323
194850
-585791
-552636
-989347
-609622
-855881
-848046
-1.89165e+06
-802564
270923
205308
-128507
414616
553303
482057
271235
736227
748451
635296
397130
972970
199601
190545
439687
192095
-558614
-534764
-986833
-574572
-856205
-856163
-1.92885e+06
-801807
264624
207220
-145190
410782
584806
505534
286776
769615
754972
644085
373887
992056
187701
194547
418446
189339
-554678
-532763
-1.0084e+06
-567112
-881844
-876089
-1.97584e+06
-826741
277416
212092
-152374
428088
589562
507465
266610
782337
746963
631952
322890
984970
200228
199851
409983
208372
-549739
-528185
-1.00111e+06
-564879
-885996
-882882
-1.97015e+06
-839240
265218
199932
-183088
408840
597176
510977
255439
791737
735824
623447
296383
974184
203541
204359
405278
207686
-553688
-532299
-1.00493e+06
-553117
-904539
-897047
-1.98225e+06
-850421
259356
202419
-180170
425913
602299
518485
254650
805873
715112
598212
260797
958247
214561
217102
428775
232582
-539984
-513387
-1.01328e+06
-546837
-945697
-935160
-2.07793e+06
-895723
288562
232797
-177780
454641
622542
539329
250324
834583
705135
597508
213407
951873
208047
215224
382628
224043
-515537
-493564
-977139
-529950
-958914
-949625
-2.12881e+06
-905313
324738
253796
-145069
497138
653678
559626
269891
868222
717400
595361
204258
962384
202474
183660
339529
207474
-490753
-472296
-912485
-503604
-968100
-968031
-2.15312e+06
-919768
337573
269406
-121955
507672
676963
578455
299347
892267
710839
590348
188079
957734
152109
151505
280076
158125
-483486
-473752
-900926
-503312
-1.02098e+06
-1.0197e+06
-2.241e+06
-977651
386214
296592
-73465.6
555644
687900
578211
297549
900551
707921
577355
156118
953894
136159
120458
228985
139245
-495245
-485619
-912157
-517670
-1.07446e+06
-1.07565e+06
-2.31636e+06
-1.04292e+06
380259
293566
-98900.9
550791
680655
570921
271435
896918
674688
543643
91390
917953
97208.8
86257.1
152690
101420
-516121
-494193
-928061
-528318
-1.14252e+06
-1.1233e+06
-2.40205e+06
-1.10219e+06
398899
323049
-61755.2
591616
671840
568749
256188
893779
642866
522794
45826.2
896459
80465.2
77467.1
125357
91657.3
-518130
-488615
-961014
-519699
-1.17161e+06
-1.14528e+06
-2.47351e+06
-1.11897e+06
419675
349543
-69741.9
616855
677748
585933
254959
918321
654282
547063
42191.6
929601
55938.5
66844.2
80796.1
75862
-484875
-476641
-922164
-506390
-1.13278e+06
-1.1227e+06
-2.44278e+06
-1.08487e+06
455332
365983
-16556.2
640458
728252
608242
319308
953051
721319
586245
126460
983124
56100.4
34103.1
85769.9
44678.5
-500308
-482562
-919727
-507480
-1.13923e+06
-1.13227e+06
-2.46912e+06
-1.08261e+06
462811
383291
30098
652526
734933
629352
365095
969052
746301
619962
170980
1.02823e+06
3248.45
11417.7
58950.8
2320.72
-509528
-491306
-996605
-512807
-1.1862e+06
-1.17384e+06
-2.60402e+06
-1.12691e+06
481082
397096
14481.5
673594
741878
632079
330651
975880
767825
632990
112908
1.05647e+06
1096.72
6919.75
12478.3
2581.65
-544723
-530324
-1.06724e+06
-549931
-1.23622e+06
-1.22964e+06
-2.69569e+06
-1.18419e+06
464174
377386
-40304.4
660837
722981
612953
288403
955551
754642
618259
55157.2
1.04933e+06
-33803.2
-26934.4
-50011.5
-35847.5
-576938
-566588
-1.13169e+06
-570999
-1.28685e+06
-1.27717e+06
-2.78732e+06
-1.22164e+06
460923
372582
-60769.5
667490
714828
599349
269284
952498
753926
605124
13884.7
1.06157e+06
-41881.9
-42236.9
-63110
-43057.9
-592768
-568549
-1.13937e+06
-591622
-1.3106e+06
-1.30125e+06
-2.81711e+06
-1.26341e+06
492571
398433
10518.2
688514
730496
624210
296814
974164
728484
587111
-14503.5
1.01893e+06
-68372.3
-55700.9
-72418.3
-82440.9
-614993
-585962
-1.17408e+06
-599524
-1.34639e+06
-1.32757e+06
-2.87146e+06
-1.28107e+06
484192
394382
5770.7
691887
725593
618246
284927
969148
692049
556204
-52520.4
987624
-111819
-98200.2
-117632
-124148
-623159
-594017
-1.18674e+06
-619406
-1.37743e+06
-1.36004e+06
-2.9155e+06
-1.3395e+06
482233
392760
27109.1
668605
730275
623960
315360
961824
671628
536762
-57801
944208
-134874
-111659
-118247
-165893
-628187
-613770
-1.20575e+06
-630188
-1.40068e+06
-1.38481e+06
-2.94192e+06
-1.35776e+06
526864
427610
97973.9
717826
761029
643388
347364
995765
676481
538206
-52731.1
955457
-112254
-96856.7
-77178.6
-139008
-653861
-638432
-1.25862e+06
-659000
-1.42934e+06
-1.42138e+06
-2.98484e+06
-1.40341e+06
531138
426965
90461.6
718288
759375
639331
325285
999180
647825
501776
-108402
918521
-126622
-116352
-113189
-156853
-646553
-618470
-1.25711e+06
-618736
-1.42097e+06
-1.38933e+06
-2.97372e+06
-1.36101e+06
592227
501130
173415
812817
801653
688661
349171
1.06603e+06
661416
534746
-96906.9
957464
-78091.5
-51158.5
-43318.1
-84229.9
-555422
-548701
-1.18899e+06
-526762
-1.37446e+06
-1.35933e+06
-2.92748e+06
-1.3208e+06
676179
574062
248817
906032
862312
739821
404217
1.13779e+06
739611
605084
4026.27
1.04469e+06
-4575.69
7347.55
59589.3
-13099.2
-574401
-565480
-1.2029e+06
-567351
-1.39414e+06
-1.37568e+06
-2.94237e+06
-1.3531e+06
677521
574970
233700
903545
850553
723774
404657
1.09995e+06
756867
618142
58643.9
1.04041e+06
-25162.4
-20733.8
56894.5
-61330.2
-576219
-567022
-1.16172e+06
-570322
-1.41045e+06
-1.39436e+06
-2.92793e+06
-1.38238e+06
674675
567581
242125
892360
841659
722438
467485
1.08184e+06
775023
641301
137426
1.05997e+06
-61763.7
-41567.3
67927.5
-104242
-543586
-539126
-1.10248e+06
-536215
-1.41119e+06
-1.39115e+06
-2.89732e+06
-1.38187e+06
710152
599356
278852
943502
869395
748185
529170
1.11177e+06
841475
698956
231945
1.13564e+06
-19239.7
-3310.67
157870
-56704.3
-550585
-546094
-1.13943e+06
-538960
-1.42226e+06
-1.40643e+06
-2.92683e+06
-1.39753e+06
723072
600697
223934
969248
867099
744343
496479
1.1173e+06
863623
714976
222698
1.16687e+06
-3196.83
7734.33
158205
-36419.5
-583398
-570335
-1.18161e+06
-574800
-1.46228e+06
-1.42568e+06
-2.96602e+06
-1.43701e+06
710205
601949
165075
966296
848532
735571
467916
1.08818e+06
874546
735587
229848
1.18155e+06
8968.24
31805.7
192152
-31841
-270695
-216276
12304.4
-393096
403726
432331
1.27055e+06
294984
330922
268344
52934
450406
-627088
-574280
-774965
-719374
-530649
-522277
-1.11674e+06
-516484
766834
680629
730962
923421
-305870
-253442
-37398.9
-424008
363117
398000
1.20545e+06
260582
314238
264944
34048.6
443637
-669143
-601693
-839098
-752470
-538827
-537239
-1.1423e+06
-519749
770484
695951
734103
949314
-328807
-279958
-75814.6
-462010
370293
397217
1.22177e+06
258216
301063
242031
21600.7
421986
-650559
-595046
-820863
-730160
-595004
-585260
-1.21702e+06
-584968
801057
705357
692995
989586
-363148
-299993
-88387.6
-500918
360853
395606
1.19592e+06
250635
304606
253373
43003.4
411588
-627816
-579116
-814891
-712886
-590336
-582686
-1.181e+06
-602169
814381
716987
684529
1.00671e+06
-388501
-312274
-121459
-502876
377891
431317
1.19046e+06
306614
315083
281666
94289.9
434808
-648733
-576884
-843605
-721413
-593978
-567414
-1.17661e+06
-574676
797037
718766
622539
1.01816e+06
-381841
-320418
-131190
-520315
388902
412692
1.1422e+06
308479
357237
291548
113689
476398
-619129
-576751
-851526
-682356
-554173
-549589
-1.18061e+06
-536355
855250
741907
659965
1.0689e+06
-416453
-353942
-154888
-555630
378911
392784
1.14219e+06
296962
321656
257747
71207.1
439918
-660043
-620056
-934278
-734407
-584779
-576135
-1.19598e+06
-571677
831690
713929
612002
1.0378e+06
-417073
-346471
-163120
-553214
368222
394503
1.12041e+06
294384
338360
290322
77424.7
471912
-688764
-633925
-982021
-754733
-558978
-547985
-1.16965e+06
-542901
836398
733944
627817
1.05407e+06
-420403
-356190
-160938
-565185
371247
389100
1.13166e+06
283176
339889
277786
81622
459983
-686021
-641467
-980679
-762002
-597274
-587213
-1.21691e+06
-592383
831891
718573
597538
1.04181e+06
-429337
-354221
-142844
-576281
380167
411473
1.16508e+06
287006
361811
308477
132359
475598
-690927
-640113
-981565
-768219
-579169
-561733
-1.14572e+06
-579190
837223
733082
625168
1.04608e+06
-428283
-351043
-115927
-585692
407482
442010
1.23718e+06
319281
383279
335829
212044
491311
-738805
-683907
-1.02261e+06
-831346
-583187
-567915
-1.11481e+06
-600027
810617
709471
608907
1.00723e+06
-411422
-336549
-28623.7
-576888
420829
439159
1.27378e+06
323653
435057
367082
296143
549439
-742973
-693770
-1.00664e+06
-836077
-556072
-541944
-1.03971e+06
-571279
830812
720794
695381
1.01616e+06
-428611
-352642
-59387.1
-592460
412258
436076
1.2524e+06
325877
405843
347488
252603
525339
-778203
-712370
-1.04796e+06
-868387
-553254
-534401
-1.03602e+06
-553571
803363
707524
682405
987432
-431857
-352686
-74300.7
-590229
416198
446421
1.23021e+06
341168
433711
389956
292745
564855
-788053
-712658
-1.07396e+06
-871834
-530839
-522350
-1.03718e+06
-529675
828144
756134
755421
1.02764e+06
-422196
-351615
-54535.6
-588754
451253
471345
1.2915e+06
370487
460871
401169
346288
582475
-758113
-694448
-1.02036e+06
-843793
-554621
-542470
-1.0693e+06
-554923
882191
789412
823612
1.07873e+06
-472704
-400244
-106763
-674769
440969
457644
1.26705e+06
329630
455414
387084
355119
537825
-760615
-717838
-1.03538e+06
-870741
-570325
-573758
-1.09212e+06
-609944
897091
796037
876678
1.06284e+06
-467389
-370053
-74870.6
-634286
481802
527379
1.34471e+06
414213
465722
429352
430583
573331
-804501
-727666
-1.09884e+06
-889034
-567903
-537938
-1.06771e+06
-565915
897655
828175
906878
1.0889e+06
-470114
-392748
-81677.2
-647514
489833
502069
1.31974e+06
421476
492901
427539
450177
609793
-813188
-754916
-1.14761e+06
-886119
-543545
-533589
-1.06931e+06
-532482
923316
820177
949590
1.10504e+06
-464406
-384361
-116434
-630801
502119
511119
1.3054e+06
432114
455214
386638
317671
565929
-798632
-754048
-1.20572e+06
-878257
-532427
-519585
-1.12063e+06
-511543
938185
826467
901097
1.12385e+06
-435409
-361293
-101080
-593726
495539
507636
1.29912e+06
427906
432742
370457
264616
549058
-812387
-761719
-1.22725e+06
-888241
-500386
-500897
-1.12505e+06
-471304
953477
848567
932806
1.14587e+06
-439710
-375557
-153246
-592692
500217
502163
1.28909e+06
429980
379269
306737
159078
491417
-821020
-779392
-1.25763e+06
-895303
-541899
-542737
-1.2312e+06
-506386
957628
839677
876076
1.16244e+06
-453867
-385927
-198525
-596629
487127
497987
1.26467e+06
417770
314987
254575
60704.4
418150
-816104
-769034
-1.25917e+06
-886109
-552371
-553382
-1.26663e+06
-514108
950165
833483
840725
1.15803e+06
-381182
-300715
-112851
-498237
568437
596003
1.38821e+06
528480
346637
310126
124452
469616
-758393
-695635
-1.15489e+06
-818052
-488715
-485734
-1.19733e+06
-431473
991362
891624
889235
1.21825e+06
-321850
-259721
-52429.1
-438348
591953
594658
1.38364e+06
547437
380510
314819
124994
508002
-705357
-665708
-1.10533e+06
-761246
-451573
-462138
-1.21182e+06
-380019
1.05499e+06
931557
965423
1.28382e+06
-303929
-251575
-10395.2
-418556
581419
579731
1.39295e+06
531606
352657
280451
90921.2
479611
-728065
-692237
-1.08772e+06
-799770
-470640
-487620
-1.25417e+06
-390549
1.05677e+06
925533
950907
1.28501e+06
-272269
-214034
40827.6
-393418
562532
571447
1.37397e+06
499857
364538
309315
96370.2
493677
-760785
-711168
-1.10095e+06
-853327
-483482
-508816
-1.33122e+06
-411811
1.08211e+06
970428
1.00007e+06
1.30976e+06
-249003
-182847
104585
-362439
564527
583312
1.42056e+06
505372
355425
298087
102624
486655
-779368
-722146
-1.06463e+06
-873066
-545490
-554787
-1.4275e+06
-462907
1.11265e+06
998730
1.0331e+06
1.35939e+06
-197916
-139888
190528
-318216
586791
605914
1.46766e+06
518432
359678
296400
97518.5
479786
-757828
-711452
-1.01085e+06
-864662
-567771
-596691
-1.49089e+06
-500841
1.15513e+06
1.02966e+06
1.07016e+06
1.40466e+06
-159445
-107354
265997
-289192
625447
643700
1.54419e+06
554086
367934
310054
136206
476276
-795428
-733460
-1.00777e+06
-926409
-610179
-629982
-1.57756e+06
-536022
1.15898e+06
1.03223e+06
1.05024e+06
1.39793e+06
-120865
-67775.5
355305
-240308
626177
638021
1.55386e+06
559536
398965
330276
168658
532733
-781766
-717889
-964757
-891167
-607364
-625241
-1.63265e+06
-500086
1.20617e+06
1.07032e+06
1.13738e+06
1.46135e+06
-152700
-103008
319345
-279985
590776
602205
1.50877e+06
519900
370902
307212
107141
499166
-826997
-755293
-1.0449e+06
-945851
-616359
-631159
-1.66876e+06
-503811
1.1772e+06
1.04014e+06
1.08582e+06
1.42357e+06
-153710
-102173
328664
-290335
575533
597938
1.49493e+06
501228
391407
337393
126036
517294
-826887
-746994
-1.05307e+06
-945518
-574822
-597416
-1.66018e+06
-451394
1.21206e+06
1.09203e+06
1.15346e+06
1.46648e+06
-190885
-128997
347260
-346788
574283
600940
1.55547e+06
486568
390879
337837
205045
505432
-825237
-745985
-1.0105e+06
-947608
-587134
-602810
-1.65673e+06
-466247
1.22117e+06
1.09788e+06
1.20694e+06
1.46839e+06
-230625
-167221
343236
-411514
544494
573792
1.54766e+06
437430
384462
323383
215586
484203
-835581
-765705
-1.01043e+06
-962051
-579340
-612407
-1.65381e+06
-469826
1.22357e+06
1.09937e+06
1.2475e+06
1.46161e+06
-266007
-211322
357672
-477272
535187
562125
1.57899e+06
415772
382413
323086
247181
464569
-875943
-812081
-1.05502e+06
-1.03035e+06
-602579
-644471
-1.69426e+06
-502305
1.20615e+06
1.07153e+06
1.24601e+06
1.41526e+06
-329712
-245971
344653
-542113
490662
525806
1.5508e+06
367121
379322
328333
253332
485497
-898405
-817093
-1.06962e+06
-1.03838e+06
-631770
-660628
-1.75787e+06
-516124
1.2016e+06
1.07526e+06
1.29565e+06
1.41002e+06
1.05109e+06
999334
1.97917e+06
1.047e+06
848344
808545
1.6364e+06
838847
-266153
-204615
342137
-456209
-1.27783e+06
-1.09403e+06
-542518
-1.68489e+06
-777829
-759615
-1.4398e+06
-797400
326806
232342
-199193
487023
998807
961361
1.91238e+06
982289
836168
820870
1.63446e+06
817620
-286724
-209207
323984
-495936
-1.31586e+06
-1.12259e+06
-588089
-1.74607e+06
-814154
-784771
-1.47253e+06
-845204
268457
194266
-250389
406675
935999
899791
1.82201e+06
926133
801672
772296
1.60468e+06
791858
-365899
-290236
215546
-561984
-1.41981e+06
-1.21497e+06
-713145
-1.8533e+06
-883650
-848143
-1.60682e+06
-897528
243296
165698
-300760
402434
902936
871347
1.7761e+06
893789
771916
742173
1.54355e+06
757178
-393108
-316665
170946
-591527
-1.46218e+06
-1.25338e+06
-771776
-1.8934e+06
-892872
-859289
-1.64238e+06
-906872
222168
147629
-341444
383736
886388
870827
1.78386e+06
874209
719028
717339
1.50027e+06
692729
-407648
-310748
166055
-612931
-1.49645e+06
-1.26595e+06
-802170
-1.93411e+06
-898625
-857735
-1.6734e+06
-900307
224338
172709
-300450
381306
923878
923541
1.84754e+06
928532
777446
794899
1.63739e+06
783662
-406896
-284403
217811
-598249
-1.48395e+06
-1.24406e+06
-760613
-1.91661e+06
-910641
-860416
-1.68203e+06
-918622
236452
199008
-280179
413143
1.00054e+06
973035
1.96832e+06
978558
872667
851919
1.76502e+06
842019
-341863
-256708
315495
-565754
-1.38922e+06
-1.18204e+06
-608077
-1.83587e+06
-875028
-844426
-1.60433e+06
-913318
319191
246937
-176888
478066
994901
977509
1.99394e+06
976616
893288
896669
1.82708e+06
882291
-350592
-244769
368936
-574182
-1.36928e+06
-1.14975e+06
-526474
-1.81266e+06
-894057
-853082
-1.56845e+06
-932125
304468
248648
-158504
470366
1.04428e+06
1.01551e+06
2.09416e+06
1.02289e+06
958393
931821
1.94527e+06
940893
-318680
-230324
445042
-549150
-1.34083e+06
-1.12978e+06
-433611
-1.79916e+06
-879159
-846088
-1.52661e+06
-926138
401490
326908
-6602.26
573983
991876
969868
2.031e+06
964046
927153
902720
1.87124e+06
909391
-387753
-287856
385033
-632244
-1.37816e+06
-1.15799e+06
-468497
-1.8406e+06
-923894
-877005
-1.56789e+06
-974163
373044
301334
-62647.5
542881
966409
954901
2.03021e+06
936704
879371
878652
1.81573e+06
871132
-402310
-277032
421656
-645581
-1.39608e+06
-1.15571e+06
-451981
-1.85579e+06
-937580
-889932
-1.59193e+06
-978612
353165
299033
-58010.3
531032
990986
970912
2.051e+06
968738
962753
949369
1.92192e+06
981891
-382666
-264982
459520
-620440
-1.34328e+06
-1.12196e+06
-386596
-1.79747e+06
-957017
-921862
-1.63812e+06
-1.00754e+06
397057
322335
-56683.1
590841
1.00512e+06
988990
2.06536e+06
985696
985237
956093
1.91378e+06
981128
-374366
-262660
432049
-622026
-1.33602e+06
-1.11236e+06
-377563
-1.81128e+06
-999593
-943236
-1.69509e+06
-1.0524e+06
412967
328236
-80475.8
587803
985879
949237
2.02797e+06
970910
960166
922494
1.86763e+06
971503
-373552
-281538
425832
-621438
-1.38741e+06
-1.17811e+06
-415325
-1.87849e+06
-1.01501e+06
-981144
-1.73431e+06
-1.06884e+06
358394
261762
-128600
530383
945912
936207
1.96249e+06
919506
901292
870928
1.78189e+06
878875
-435038
-319895
342011
-696812
-1.49964e+06
-1.25428e+06
-528741
-2.02454e+06
-1.08842e+06
-1.02559e+06
-1.85098e+06
-1.1519e+06
326478
253570
-178612
481850
988859
984333
2.04918e+06
972642
907883
896395
1.81104e+06
900886
-377355
-254920
456982
-620954
-1.50519e+06
-1.24558e+06
-464283
-2.01873e+06
-1.01678e+06
-952515
-1.7372e+06
-1.05519e+06
360801
305210
-60833.8
529583
1.03058e+06
1.01282e+06
2.10862e+06
1.0414e+06
916299
897717
1.81328e+06
929935
-316371
-203637
530132
-533466
-1.49313e+06
-1.23383e+06
-434838
-1.99151e+06
-951377
-910749
-1.71244e+06
-954654
418016
353923
28770.8
608527
1.05556e+06
1.02246e+06
2.07311e+06
1.05056e+06
946899
909824
1.82371e+06
956118
-310508
-209991
506617
-546820
-1.5053e+06
-1.26904e+06
-478496
-2.03655e+06
-982367
-958948
-1.82209e+06
-1.02235e+06
420592
331133
-44880.1
594284
1.03188e+06
1.01116e+06
2.04847e+06
1.0358e+06
918164
896968
1.81863e+06
918248
-372638
-264136
434832
-611215
-1.56316e+06
-1.31115e+06
-499859
-2.09447e+06
-1.05669e+06
-1.00481e+06
-1.89134e+06
-1.08001e+06
372155
287728
-119209
550234
1.05983e+06
1.0178e+06
2.03856e+06
1.05336e+06
947393
920979
1.84961e+06
942338
-358138
-261659
422025
-605520
-1.57657e+06
-1.33823e+06
-510744
-2.1288e+06
-1.04215e+06
-1.01794e+06
-1.90828e+06
-1.0785e+06
349623
253449
-176133
510803
1.11548e+06
1.09874e+06
2.11397e+06
1.16174e+06
990599
971303
1.91517e+06
1.02034e+06
-337511
-224069
439348
-542044
-1.59262e+06
-1.32229e+06
-498793
-2.12078e+06
-1.01386e+06
-957712
-1.88873e+06
-1.00161e+06
396702
322979
-121249
606763
1.2015e+06
1.16588e+06
2.18577e+06
1.24885e+06
1.04197e+06
1.01448e+06
1.96757e+06
1.06467e+06
-298949
-198220
446752
-502715
-1.57625e+06
-1.31272e+06
-477243
-2.11156e+06
-948845
-908854
-1.84473e+06
-929266
449519
365312
-89171.1
662895
1.30116e+06
1.23886e+06
2.28472e+06
1.35808e+06
1.10633e+06
1.06273e+06
2.01945e+06
1.13578e+06
-217421
-128447
514272
-405415
-1.52622e+06
-1.27092e+06
-420869
-2.05578e+06
-852400
-852311
-1.81436e+06
-813575
530481
427729
-15348.5
748436
1.30614e+06
1.26965e+06
2.3277e+06
1.35737e+06
1.11583e+06
1.0903e+06
2.1012e+06
1.14535e+06
-232238
-124853
540846
-431993
-1.55168e+06
-1.28458e+06
-390488
-2.10667e+06
-916621
-905744
-1.90983e+06
-908236
522338
432858
-5749.49
737505
1.3136e+06
1.25421e+06
2.33787e+06
1.35859e+06
1.10864e+06
1.06579e+06
2.07901e+06
1.12433e+06
-247138
-163680
515264
-453011
-1.5875e+06
-1.32242e+06
-419921
-2.13509e+06
-987533
-970126
-2.00147e+06
-969810
494562
390737
-68114.9
710079
1.30979e+06
1.25656e+06
2.34181e+06
1.3552e+06
1.11424e+06
1.08391e+06
2.09386e+06
1.12516e+06
-246864
-161312
523654
-467789
-1.58335e+06
-1.32324e+06
-412054
-2.14393e+06
-1.02726e+06
-1.00468e+06
-2.03855e+06
-1.02766e+06
460691
368169
-103754
670990
1.32349e+06
1.26128e+06
2.35053e+06
1.35985e+06
1.11067e+06
1.06393e+06
2.09584e+06
1.11813e+06
-275523
-195226
484390
-497370
-1.61626e+06
-1.35286e+06
-430589
-2.18875e+06
-1.06836e+06
-1.04639e+06
-2.12094e+06
-1.06917e+06
484982
377391
-99418.5
697537
1.33373e+06
1.27873e+06
2.38324e+06
1.37785e+06
1.11578e+06
1.07557e+06
2.11339e+06
1.12703e+06
-280234
-189542
515220
-502067
-1.62663e+06
-1.35474e+06
-426046
-2.19576e+06
-1.08468e+06
-1.05446e+06
-2.10848e+06
-1.08474e+06
459894
361050
-134596
675332
1.36046e+06
1.31041e+06
2.45248e+06
1.39346e+06
1.10587e+06
1.07035e+06
2.10726e+06
1.097e+06
-251489
-161898
586537
-492095
-1.63121e+06
-1.36075e+06
-403473
-2.21965e+06
-1.08142e+06
-1.05544e+06
-2.11397e+06
-1.09723e+06
449571
359220
-120087
651876
1.37889e+06
1.33107e+06
2.47646e+06
1.42768e+06
1.11225e+06
1.09393e+06
2.15598e+06
1.12783e+06
-291917
-179146
567799
-525942
-1.66236e+06
-1.37767e+06
-419305
-2.2502e+06
-1.14339e+06
-1.10836e+06
-2.19161e+06
-1.15958e+06
433812
347122
-166222
655633
1.41714e+06
1.36403e+06
2.53375e+06
1.44432e+06
1.15975e+06
1.12523e+06
2.23847e+06
1.14527e+06
-285854
-180691
590942
-538484
-1.66064e+06
-1.37547e+06
-383060
-2.26522e+06
-1.16566e+06
-1.11779e+06
-2.17715e+06
-1.199e+06
439190
343453
-192365
643742
1.43843e+06
1.37876e+06
2.60432e+06
1.48047e+06
1.18764e+06
1.164e+06
2.3413e+06
1.1919e+06
-264259
-160946
647004
-502732
-1.67741e+06
-1.3952e+06
-373923
-2.28104e+06
-1.16979e+06
-1.12183e+06
-2.12089e+06
-1.19122e+06
421814
328808
-192934
639984
1.45773e+06
1.4054e+06
2.61604e+06
1.49802e+06
1.21076e+06
1.17199e+06
2.37346e+06
1.20281e+06
-290064
-183765
591966
-532270
-1.72322e+06
-1.42684e+06
-418561
-2.34594e+06
-1.19385e+06
-1.14342e+06
-2.18504e+06
-1.23068e+06
462229
367193
-178496
690144
1.48962e+06
1.43257e+06
2.7157e+06
1.51624e+06
1.21593e+06
1.1851e+06
2.43775e+06
1.19157e+06
-272742
-167150
648321
-525135
-1.74678e+06
-1.44373e+06
-392224
-2.37653e+06
-1.18551e+06
-1.12192e+06
-2.09484e+06
-1.22708e+06
482308
388404
-128692
707451
1.5395e+06
1.4998e+06
2.84719e+06
1.59944e+06
1.23655e+06
1.22832e+06
2.52428e+06
1.23813e+06
-226965
-105844
744917
-448941
-1.72066e+06
-1.40163e+06
-322848
-2.33296e+06
-1.11589e+06
-1.04877e+06
-1.98874e+06
-1.11708e+06
539660
461741
-18124.6
795782
1.57148e+06
1.50216e+06
2.84573e+06
1.62654e+06
1.28684e+06
1.25606e+06
2.58844e+06
1.29971e+06
-226582
-126533
741609
-461925
-1.7283e+06
-1.44209e+06
-351136
-2.36217e+06
-1.13755e+06
-1.10679e+06
-2.07602e+06
-1.16469e+06
552578
441860
-77101.5
811664
222144
259820
919192
133123
138884
94822.3
-362340
279830
-586578
-490181
-242618
-774828
-438099
-283466
898786
-804400
-1.5065e+06
-1.424e+06
-2.46216e+06
-1.59744e+06
773566
707829
887850
914968
286734
333615
1.01712e+06
216074
215535
171552
-227370
369537
-569068
-461060
-191846
-741481
-404974
-236703
982251
-760106
-1.49043e+06
-1.39489e+06
-2.44209e+06
-1.57182e+06
815184
750119
928133
977498
380641
404112
1.13564e+06
296920
284746
226878
-119388
434523
-513992
-424174
-140328
-693754
-368176
-217512
1.0449e+06
-746028
-1.41251e+06
-1.33616e+06
-2.37705e+06
-1.4866e+06
904325
818784
1.02268e+06
1.06063e+06
369972
401908
1.11304e+06
305821
258215
208884
-174895
412753
-559448
-465264
-246037
-728828
-414768
-256849
957152
-780481
-1.4152e+06
-1.33733e+06
-2.42852e+06
-1.46794e+06
903845
822683
1.01888e+06
1.07218e+06
395145
399411
1.10004e+06
309775
258072
169566
-215347
380377
-581868
-509776
-314392
-765390
-416694
-273263
943517
-796902
-1.42461e+06
-1.36956e+06
-2.50122e+06
-1.49254e+06
923281
816951
996089
1.06462e+06
394735
399882
1.10053e+06
331335
229710
152824
-258054
384320
-584276
-506579
-316930
-749481
-421750
-276487
949109
-789457
-1.41235e+06
-1.36464e+06
-2.49755e+06
-1.46228e+06
883957
780594
959973
1.04147e+06
367453
397910
1.06359e+06
303532
220542
175044
-287713
383210
-596186
-501281
-327175
-769636
-453270
-288249
918857
-830958
-1.43216e+06
-1.3738e+06
-2.54142e+06
-1.48666e+06
872982
799122
949537
1.04066e+06
404290
413089
1.10009e+06
341062
288270
211450
-218041
463596
-587490
-507124
-297062
-755605
-420510
-265248
994632
-788314
-1.44903e+06
-1.40122e+06
-2.56794e+06
-1.50736e+06
907280
804721
947822
1.09098e+06
367466
400691
1.07345e+06
311248
239944
192592
-275821
431887
-663903
-558199
-385929
-837139
-480811
-298739
949223
-861521
-1.51222e+06
-1.43643e+06
-2.66094e+06
-1.55522e+06
905326
823152
922928
1.11013e+06
374472
403150
1.06515e+06
314088
256494
198459
-305072
445605
-657722
-560798
-408652
-831178
-447143
-278058
979126
-824749
-1.49803e+06
-1.43919e+06
-2.66613e+06
-1.55132e+06
972896
876980
993711
1.17938e+06
422551
452420
1.14762e+06
353716
311257
238872
-242341
482338
-621109
-522375
-344519
-800023
-390542
-218799
1.09608e+06
-787607
-1.49387e+06
-1.42371e+06
-2.62243e+06
-1.56064e+06
1.04645e+06
948879
1.08859e+06
1.23386e+06
456826
480200
1.1996e+06
389510
324214
252442
-255919
511708
-567889
-470667
-252433
-749430
-357766
-190561
1.17487e+06
-762787
-1.47176e+06
-1.41086e+06
-2.58603e+06
-1.54381e+06
1.05264e+06
951996
1.12399e+06
1.23671e+06
481593
482971
1.20524e+06
444815
355383
273377
-254804
570599
-532932
-452522
-238138
-694853
-369665
-207479
1.16677e+06
-753767
-1.46734e+06
-1.4155e+06
-2.60929e+06
-1.50718e+06
1.07999e+06
971442
1.19073e+06
1.28064e+06
452481
463686
1.14145e+06
415777
361769
281745
-252922
578247
-550249
-459235
-261859
-710531
-389825
-215550
1.17254e+06
-786064
-1.52326e+06
-1.45589e+06
-2.7164e+06
-1.56471e+06
1.05466e+06
952450
1.14895e+06
1.25262e+06
423927
426368
1.06749e+06
370071
330747
249309
-328214
539703
-582639
-500559
-346644
-760630
-451213
-274727
1.08922e+06
-869831
-1.53604e+06
-1.475e+06
-2.80009e+06
-1.57205e+06
1.04291e+06
938181
1.1302e+06
1.22212e+06
362386
367521
984322
319530
275692
196018
-415784
488270
-622800
-535474
-417333
-787341
-486064
-307592
1.06753e+06
-904759
-1.57782e+06
-1.52438e+06
-2.8881e+06
-1.60658e+06
1.01056e+06
908373
1.1513e+06
1.18027e+06
321602
323928
890588
256306
252133
154224
-477498
430025
-636721
-562381
-451563
-819402
-504429
-328527
1.07396e+06
-954359
-1.64533e+06
-1.59201e+06
-3.00584e+06
-1.69874e+06
977658
875547
1.10692e+06
1.11573e+06
305478
302604
840717
255376
249206
150603
-512337
456827
-624048
-549290
-434431
-791814
-496380
-323742
1.1068e+06
-936739
-1.64734e+06
-1.60595e+06
-3.03816e+06
-1.68848e+06
942163
842108
1.07898e+06
1.09012e+06
305342
321243
842276
242441
245790
162314
-526609
447423
-583048
-504768
-377585
-751470
-516736
-339702
1.06852e+06
-963320
-1.66323e+06
-1.60937e+06
-3.09959e+06
-1.70678e+06
954255
870861
1.11602e+06
1.10314e+06
318644
344029
889276
264910
236996
158710
-516812
448596
-594309
-502254
-376735
-745629
-567114
-371358
1.02049e+06
-1.00824e+06
-1.71564e+06
-1.65181e+06
-3.1936e+06
-1.75316e+06
943203
865108
1.08131e+06
1.11217e+06
340116
351967
908369
277305
215798
135584
-584724
436918
-579072
-504749
-413447
-731247
-616282
-431261
910277
-1.0665e+06
-1.71056e+06
-1.65569e+06
-3.28017e+06
-1.72416e+06
981339
884078
1.06327e+06
1.16123e+06
367075
386734
961170
306376
222288
139713
-605570
440861
-539654
-467296
-406185
-672391
-613339
-426153
882015
-1.04908e+06
-1.67915e+06
-1.62749e+06
-3.28655e+06
-1.68413e+06
1.03955e+06
944197
1.13531e+06
1.22958e+06
392344
396962
1.01043e+06
328619
216445
111282
-624708
434159
-532900
-470405
-424399
-652050
-620491
-440002
868337
-1.05199e+06
-1.68778e+06
-1.646e+06
-3.30424e+06
-1.68963e+06
1.07615e+06
958230
1.15131e+06
1.26781e+06
393627
406514
1.07404e+06
325565
199353
106857
-641267
421011
-478460
-409710
-315562
-599568
-619515
-433710
908457
-1.06195e+06
-1.68904e+06
-1.65374e+06
-3.27443e+06
-1.70444e+06
1.04346e+06
938038
1.16088e+06
1.22819e+06
372797
395484
1.07906e+06
306565
194595
109241
-637623
415084
-490886
-419186
-290797
-631021
-669779
-474234
862792
-1.1265e+06
-1.73183e+06
-1.68384e+06
-3.30769e+06
-1.74906e+06
1.06436e+06
972560
1.23396e+06
1.24973e+06
416674
431943
1.12309e+06
336270
224546
124065
-608668
428017
-489535
-418814
-268138
-644966
-669830
-475174
858297
-1.13235e+06
-1.76153e+06
-1.71385e+06
-3.37044e+06
-1.80248e+06
1.09989e+06
994505
1.23777e+06
1.28457e+06
446050
451322
1.1916e+06
375136
221867
121438
-578650
443541
-481791
-412748
-214624
-631731
-688815
-495640
860905
-1.15437e+06
-1.751e+06
-1.713e+06
-3.35184e+06
-1.7743e+06
1.15441e+06
1.03511e+06
1.32181e+06
1.35027e+06
406720
429316
1.16165e+06
324756
175161
88744.7
-628740
380534
-508972
-432838
-218013
-679832
-729508
-529709
819861
-1.20581e+06
-1.78734e+06
-1.73437e+06
-3.37314e+06
-1.82449e+06
1.17122e+06
1.06504e+06
1.40306e+06
1.35552e+06
401338
432695
1.17244e+06
347963
149180
71369.7
-650115
369859
-537364
-437506
-219883
-683349
-752516
-524292
826038
-1.21366e+06
-1.8344e+06
-1.7556e+06
-3.41624e+06
-1.83607e+06
1.20541e+06
1.11352e+06
1.45801e+06
1.41786e+06
396567
427322
1.10941e+06
354502
121578
48031.6
-752046
355508
-513348
-411159
-201282
-657164
-765377
-538916
789624
-1.23074e+06
-1.8462e+06
-1.7789e+06
-3.49136e+06
-1.85356e+06
1.19359e+06
1.10171e+06
1.42081e+06
1.40523e+06
430463
434617
1.09642e+06
353887
162790
76964.3
-750718
370802
-463243
-391904
-170736
-636159
-738973
-539487
821672
-1.22602e+06
-1.83637e+06
-1.78762e+06
-3.52431e+06
-1.85949e+06
1.25114e+06
1.14256e+06
1.49759e+06
1.43044e+06
407094
422270
1.10866e+06
342804
165988
84731.2
-695689
391537
-496776
-411255
-159474
-654377
-766238
-551193
850514
-1.24765e+06
-1.91874e+06
-1.85778e+06
-3.62103e+06
-1.9394e+06
1.22544e+06
1.12751e+06
1.50392e+06
1.42219e+06
369777
384476
1.07941e+06
271369
138887
62222.6
-713209
344292
-550478
-465073
-224177
-742552
-829735
-612255
801457
-1.35401e+06
-1.98744e+06
-1.92962e+06
-3.73397e+06
-2.03185e+06
1.21391e+06
1.11108e+06
1.50801e+06
1.37801e+06
309136
329565
1.04973e+06
190661
108457
35592.2
-720539
298523
-597248
-506843
-246205
-801714
-862938
-639301
821786
-1.39494e+06
-2.06588e+06
-1.99707e+06
-3.79232e+06
-2.12497e+06
1.20479e+06
1.10943e+06
1.59132e+06
1.34862e+06
296409
323841
1.07913e+06
179146
126977
50488.8
-665458
309777
-594988
-501175
-211086
-801284
-862755
-630149
879222
-1.41093e+06
-2.11458e+06
-2.02616e+06
-3.82515e+06
-2.16735e+06
1.22266e+06
1.13424e+06
1.65171e+06
1.36504e+06
274721
316985
1.06286e+06
153753
116620
49125.5
-684977
299023
-590702
-484116
-188849
-801382
-872134
-630252
894905
-1.42765e+06
-2.13947e+06
-2.05609e+06
-3.89226e+06
-2.20627e+06
1.20627e+06
1.12979e+06
1.66756e+06
1.33769e+06
331317
346904
943156
260142
-104561
-93537.5
-5526.75
-157926
-52801.1
2496.79
614650
-214553
-1.37178e+06
-1.26171e+06
-1.74883e+06
-1.57516e+06
-137046
-158400
-570316
-90981.3
-577957
-526399
-642805
-683664
323291
342826
947816
252443
-144745
-118288
-31079.5
-204609
-83462.6
-24401.5
562250
-255018
-1.42607e+06
-1.30791e+06
-1.80112e+06
-1.64131e+06
-166394
-178895
-595132
-123186
-618437
-561929
-687019
-726315
348485
361905
965204
290194
-102514
-76538.7
29716.2
-143024
-34802.4
34682.2
659795
-193460
-1.43194e+06
-1.30716e+06
-1.80206e+06
-1.64173e+06
-114426
-129416
-503994
-59694
-633055
-578520
-723370
-731865
369098
386444
1.0004e+06
306889
-81646.8
-62139.1
71780.5
-114934
-926.31
66805.3
750061
-153985
-1.42708e+06
-1.30605e+06
-1.75925e+06
-1.64941e+06
-107591
-127158
-453084
-74366.4
-642623
-587858
-732602
-750783
396299
425873
1.06406e+06
355965
-66210.7
-36181.9
94721.9
-88889
50684
128100
844361
-94050.9
-1.43672e+06
-1.29311e+06
-1.72046e+06
-1.65924e+06
-96187.7
-87104.2
-369529
-47516.2
-663420
-589825
-726296
-765307
457947
462404
1.10027e+06
408972
-23995
-14033.9
131696
-52052.3
98160.6
160365
910277
-50625.3
-1.4086e+06
-1.28059e+06
-1.65292e+06
-1.64309e+06
-48578.9
-63817.8
-303601
-18167
-644282
-592768
-736076
-752935
466142
483397
1.13735e+06
431070
-36189.7
-14699.3
109328
-71905.7
110396
165037
912785
-39984.1
-1.41407e+06
-1.27636e+06
-1.62488e+06
-1.65203e+06
-45490.3
-37539.6
-265439
3372.9
-670254
-603702
-760452
-782383
493027
499408
1.16893e+06
474895
-29401.5
-4671.85
153101
-64781.6
109394
159955
894509
-37579.2
-1.41542e+06
-1.27872e+06
-1.60102e+06
-1.65496e+06
-21073.2
-20916.9
-247914
45522.1
-673555
-613436
-756219
-779635
479075
464607
1.09364e+06
459267
-45847.4
-33748.1
122455
-78536.9
96046.3
151938
885796
-47965.9
-1.42921e+06
-1.2957e+06
-1.6192e+06
-1.66711e+06
-18339.5
-42438.4
-312416
54446.5
-715522
-670824
-868435
-819455
475662
480307
1.05613e+06
442705
-31650.8
-20224.7
116434
-66499.2
109148
163760
896264
-36710.2
-1.41739e+06
-1.2908e+06
-1.60796e+06
-1.6758e+06
-23526.1
-45208.2
-346097
24068.5
-726333
-672887
-909641
-851911
482182
474351
1.0896e+06
453412
-31310
-26165.1
140178
-77105.8
117346
168848
929102
-34223.3
-1.43456e+06
-1.29927e+06
-1.57527e+06
-1.70508e+06
-56287.8
-70598.2
-353356
3538.36
-754405
-697087
-907574
-889930
467826
464551
1.04396e+06
434987
-56626.5
-43106.6
110781
-100659
80951.7
140232
883398
-74017.1
-1.44788e+06
-1.30819e+06
-1.5495e+06
-1.72522e+06
-77815
-94366.2
-421185
-27627.4
-778285
-721532
-949997
-911480
476587
469078
1.06974e+06
437170
-80236.8
-63228.8
71912.8
-139352
95332.1
149600
896680
-62572.6
-1.46405e+06
-1.31148e+06
-1.5512e+06
-1.73288e+06
-37733.3
-54849.6
-354110
22374.3
-800057
-732971
-952818
-933563
484172
477071
1.09741e+06
446370
-87893.4
-63077.5
83450.6
-149418
123347
174283
925103
-29321.6
-1.45257e+06
-1.30599e+06
-1.54922e+06
-1.71616e+06
-965.908
-24964.4
-316273
67883.7
-784575
-718382
-926760
-916164
475496
468672
1.10666e+06
435945
-107472
-81232.4
103839
-175950
117421
174667
944902
-36564.5
-1.47934e+06
-1.33001e+06
-1.58967e+06
-1.74559e+06
-2105.76
-32213.7
-330330
67013.2
-793024
-727545
-964639
-911229
463559
463089
1.06157e+06
429995
-125569
-98217.8
60618.1
-188079
109287
161262
906404
-47388.9
-1.48292e+06
-1.33879e+06
-1.62124e+06
-1.75906e+06
-21346.8
-52910.7
-385362
40719.5
-777255
-714205
-976454
-895396
470891
462890
1.06463e+06
442840
-135489
-106839
57874.6
-205206
99332.9
154320
897014
-60710.8
-1.49839e+06
-1.34722e+06
-1.63027e+06
-1.77478e+06
-45959.8
-72643.9
-418700
23546.7
-780930
-715020
-991596
-892423
463411
452705
1.02684e+06
427742
-171837
-143779
8359.42
-248239
72088.8
127179
849461
-88458.4
-1.5196e+06
-1.37053e+06
-1.66867e+06
-1.79692e+06
-53555.6
-86581
-475083
15167.4
-748783
-696690
-997030
-851449
433377
433265
1.00358e+06
405513
-185497
-154809
-14529.6
-257644
67003.3
115338
860163
-94371.9
-1.55282e+06
-1.40087e+06
-1.68736e+06
-1.83559e+06
-36911
-67654.6
-431940
42519.7
-775224
-719203
-1.00023e+06
-887300
419766
416285
996574
388721
-184002
-148226
15247.3
-262658
58724.5
110091
864294
-106915
-1.57018e+06
-1.41465e+06
-1.6796e+06
-1.85574e+06
-38207.8
-74014.3
-431945
41961.1
-804700
-742860
-995311
-927558
365380
361492
910278
324681
-194860
-161254
-5031.77
-268967
36918
99372.5
874256
-135204
-1.62591e+06
-1.46745e+06
-1.75724e+06
-1.91961e+06
-67972.8
-108439
-498946
7429.57
-859915
-797775
-1.10259e+06
-980294
357418
380311
876198
332163
-164768
-121477
12485.4
-221424
55978.1
126182
894407
-106805
-1.61899e+06
-1.45518e+06
-1.76364e+06
-1.91796e+06
-65821
-90992.6
-514236
13323.3
-838827
-763192
-1.07449e+06
-961199
395882
404313
905802
376982
-102048
-69480.3
76055
-155738
120376
184437
995691
-45377.2
-1.60781e+06
-1.43879e+06
-1.72285e+06
-1.91076e+06
-18065.9
-50266.8
-445514
71189.4
-815875
-736071
-1.01653e+06
-941245
393161
395527
858010
377756
-75919.2
-50599.1
87630.3
-115507
118563
181284
1.00373e+06
-45436.6
-1.62065e+06
-1.45561e+06
-1.72764e+06
-1.92618e+06
-7817.77
-46444.2
-472739
85142
-768358
-703131
-960747
-884262
402173
408653
883311
387393
-85531.6
-55114
70918.6
-132586
105412
169953
976683
-53875.9
-1.63732e+06
-1.46404e+06
-1.73536e+06
-1.92891e+06
-21278.3
-51468.9
-492501
74379.9
-772850
-698206
-938514
-884074
434742
443543
967990
426025
-77204.7
-36157.2
122766
-126600
112277
175288
973571
-41576.5
-1.63382e+06
-1.46164e+06
-1.71828e+06
-1.92161e+06
-33606
-62256.5
-504212
65929.2
-759991
-680698
-898616
-864380
434806
424563
952639
419727
-64374.3
-34198.5
157456
-114956
97618.2
157252
944872
-61787.7
-1.65337e+06
-1.48839e+06
-1.76421e+06
-1.95067e+06
-63238
-105762
-575240
30491.9
-753229
-689848
-916712
-853908
438838
437953
922419
428646
-42569.2
-10779.8
175823
-85334.4
95335
160938
921380
-56434.9
-1.63617e+06
-1.47056e+06
-1.7607e+06
-1.93039e+06
-92256.9
-127133
-635075
-1575.43
-735175
-670642
-921464
-838637
467475
451811
954830
459902
-7341.89
16809.3
236119
-57130
111799
167251
931748
-44719.6
-1.60255e+06
-1.44291e+06
-1.71661e+06
-1.89488e+06
-121004
-158881
-674232
-32700.2
-712729
-650020
-885332
-812549
447413
439608
920668
437328
-18394
13207.3
251042
-67234.5
63897.7
130371
867868
-91227.4
-1.62403e+06
-1.4574e+06
-1.73859e+06
-1.9163e+06
-175603
-205348
-763630
-92015.1
-705486
-645890
-892346
-798570
443391
425561
908680
427075
-7880
6878.03
232331
-65395.4
58340.6
96461.4
848067
-112904
-1.67521e+06
-1.5215e+06
-1.8347e+06
-1.98036e+06
-158707
-189847
-739388
-63500.3
-740952
-688605
-933179
-855063
458050
446683
926353
453671
10776.3
39958.6
268098
-37658.4
35614.1
88465.4
805217
-123761
-1.70104e+06
-1.53823e+06
-1.89664e+06
-1.9851e+06
-125746
-156222
-708043
-15210.6
-780407
-716557
-971004
-892000
474141
461830
958445
460015
74966.8
97984.5
365909
30587.3
42780.7
110450
864983
-128334
-1.71373e+06
-1.55335e+06
-1.94419e+06
-2.00988e+06
-89733.3
-127840
-646706
3149.45
-813862
-740320
-1.01746e+06
-928817
451435
444894
943919
435721
74546.7
90390.9
381326
30794.5
14188.1
76170.2
863194
-162161
-1.76141e+06
-1.60066e+06
-2.01029e+06
-2.06537e+06
-118457
-151805
-663396
-28500.6
-845193
-773858
-1.02458e+06
-984339
447710
438698
927290
435245
67221.8
83324.8
348464
19913.5
-2573.87
65503.5
859263
-186601
-1.81961e+06
-1.65015e+06
-2.10634e+06
-2.12275e+06
-124930
-163781
-678120
-33458.9
-899700
-807711
-1.04771e+06
-1.04765e+06
459761
449720
946651
442643
93751.8
108102
401155
51896.7
-21336.9
49762.6
871472
-218567
-1.855e+06
-1.68963e+06
-2.15172e+06
-2.17269e+06
-123025
-157260
-679946
-36107
-873523
-790057
-975343
-1.02878e+06
