-926348
-791791
-597814
-528595
270189
209806
41664.9
82074.6
281841
217589
28092.6
75181.7
448501
428068
600813
411053
701355
570452
260867
284824
1.25655e+06
1.03191e+06
540184
551869
-953076
-814446
-602819
-534397
310983
243393
65608.9
98794.1
285238
224498
36785.8
83797.8
439192
420169
592699
409659
754489
617230
288817
316648
1.36809e+06
1.12538e+06
599470
606262
-932065
-793004
-591823
-532071
292217
228765
50699.6
101234
287348
226172
41833.1
84191
457941
437281
602513
411431
798337
652091
310271
328360
1.43024e+06
1.17952e+06
632839
637808
-928713
-791916
-583599
-522320
231515
180175
22428
71560.6
229884
178780
30042.8
70652
439578
420639
602855
415107
860029
699962
352136
361170
1.41338e+06
1.16596e+06
643172
647520
-943367
-803960
-582863
-516418
254428
197508
35112.8
63404.1
212005
164811
24651.2
63642.4
435137
415534
583945
415490
920894
755709
369532
402619
1.53818e+06
1.26766e+06
697116
705346
-960171
-815061
-588606
-530583
332827
261171
69195.3
103492
244611
191516
36930.8
73399.8
452633
430766
593993
411839
955458
784975
382034
413943
1.55257e+06
1.281e+06
714835
711194
-991845
-843412
-610016
-546062
351566
277455
68107.1
111083
222060
172705
17424.5
60190.3
514620
483950
623216
439113
999136
816998
384339
428498
1.5792e+06
1.30526e+06
726497
730675
-1.04857e+06
-892065
-635596
-568548
386464
304323
75316.8
120799
198161
151218
465.983
49019.5
574343
533552
652003
464851
1.01947e+06
833809
391758
433538
1.65002e+06
1.36369e+06
750779
756255
-1.05161e+06
-892352
-629849
-577148
368915
288264
62972.1
118611
103448
72967.8
-34947.3
162.635
672558
615662
708250
511165
1.00351e+06
819131
392243
427194
1.64253e+06
1.35715e+06
747475
759259
-1.03046e+06
-876731
-622118
-563921
317477
245899
31021.5
95207.7
67207.7
45714.5
-45059
-7933.74
715103
652450
734893
544322
1.04135e+06
849273
406493
444181
1.61435e+06
1.3328e+06
735388
746889
-1.11119e+06
-942249
-656024
-586657
286134
219842
6561.24
60429.3
-26693.3
-34557.7
-92787.3
-47318.9
764229
691510
749016
567538
1.00089e+06
818001
382635
428083
1.64742e+06
1.36057e+06
742969
755079
-1.16403e+06
-985978
-685404
-619261
347626
267057
29227.6
83633.8
-41761
-47436.3
-112524
-68322.8
843710
757374
790967
595825
994882
812389
372477
424563
1.64932e+06
1.36216e+06
741947
757391
-1.16624e+06
-988707
-691858
-633795
427947
333558
75002.8
121615
26747
9101.88
-88395.4
-44139
920570
822145
828627
644604
1.02438e+06
834637
385941
421204
1.67921e+06
1.38714e+06
766891
769360
-1.15873e+06
-986514
-692348
-627446
527805
413783
119524
167842
63770.4
37964.6
-71868.9
-24295.5
898843
802412
822297
637689
1.08684e+06
882327
407537
449784
1.74305e+06
1.43798e+06
794952
802575
-1.15432e+06
-978208
-690629
-635620
574921
454414
134004
191672
69577.9
44494.7
-68516.5
-31603.4
875224
787595
818521
627767
1.09731e+06
891734
408162
444481
1.72686e+06
1.42917e+06
790690
790849
-1.09402e+06
-931919
-666369
-601562
596148
474720
147176
208254
100361
69355.9
-46740.5
-2503.87
836365
755044
810932
623361
1.18304e+06
961742
446020
485422
1.7546e+06
1.44931e+06
813429
810153
-1.14174e+06
-973613
-694913
-612539
684015
542591
177593
233333
96791.6
63767.6
-61036.8
-4540.33
830036
746135
796880
618660
1.23742e+06
1.00593e+06
459458
512111
1.82778e+06
1.50882e+06
836618
849009
-1.22135e+06
-1.0382e+06
-729652
-658794
766584
608455
219569
266907
79541.7
49588
-67717.5
-19901.5
779207
707185
781948
591715
1.2321e+06
1.00181e+06
461920
504994
1.7838e+06
1.47564e+06
820219
828736
-1.32684e+06
-1.12171e+06
-786796
-702960
757914
605375
211516
284670
84526.1
54706
-73482.5
-13851.5
759257
692109
764265
580720
1.23445e+06
1.00496e+06
449523
518036
1.72772e+06
1.42715e+06
793947
803747
-1.39163e+06
-1.17834e+06
-819810
-732819
703512
560376
197769
260461
81641.1
53736.6
-69968.2
-11019.6
772511
703459
767745
583456
1.19378e+06
969854
429060
495260
1.72478e+06
1.42481e+06
788225
801512
-1.4323e+06
-1.20902e+06
-840996
-766064
600894
475728
149554
219482
42895.2
21922.4
-84339.5
-37838
809024
735557
790966
595714
1.14577e+06
929481
405501
467249
1.67795e+06
1.38613e+06
761797
775379
-1.39478e+06
-1.17924e+06
-841531
-750629
542625
431084
114733
194088
73784.5
48521
-68935.8
-15912.7
824044
749219
793778
612835
1.15183e+06
934845
397644
469000
1.65467e+06
1.36724e+06
741619
765980
-1.50592e+06
-1.27486e+06
-877644
-794883
417843
325477
71472.9
122369
-3734.23
-18143.7
-101273
-47893
795572
719657
783520
597758
1.09253e+06
883980
370004
436894
1.59868e+06
1.31747e+06
720132
738952
-1.55332e+06
-1.3119e+06
-902306
-821364
440785
344166
88635.8
136848
28007.1
9772.22
-93543.9
-42323.9
828918
751621
806775
609983
1.10248e+06
893034
372258
438407
1.572e+06
1.29475e+06
700200
719330
-1.55479e+06
-1.31649e+06
-931538
-834471
436291
340934
74124.6
136025
27799.9
4218.6
-102224
-49119.9
838794
754841
804079
620486
1.08804e+06
874466
352513
426815
1.57187e+06
1.29189e+06
695628
716164
-1.51314e+06
-1.28291e+06
-925642
-826328
501539
395661
98700.8
153528
71585.4
45710.2
-71546.5
-30938
857696
772868
814155
623397
1.10982e+06
894841
368623
430460
1.63804e+06
1.3487e+06
732940
739453
-1.47905e+06
-1.25745e+06
-925237
-812608
493931
385479
83626.7
164105
79747.5
50176.3
-59433.7
-15056.4
823973
744824
809002
621714
1.09185e+06
877495
359637
434061
1.61424e+06
1.32904e+06
727650
745720
-1.42146e+06
-1.21473e+06
-927268
-803478
475658
371910
55676.9
143372
105514
72943
-46799.9
-4613.87
799628
725431
786188
609483
1.11146e+06
894849
353987
432334
1.60363e+06
1.32045e+06
712322
736641
-1.49382e+06
-1.2741e+06
-958377
-835767
422186
325817
35387.2
99612.3
50889.8
30624.1
-53413.4
-20043.6
735996
670005
760067
576552
1.0596e+06
853023
342575
408119
1.59295e+06
1.3109e+06
715147
730023
-1.4995e+06
-1.28313e+06
-984476
-847325
528980
407158
66231.9
142864
91024.4
61815.3
-43870.3
-3370.07
716752
653737
748574
566955
1.09497e+06
879883
350715
424534
1.57209e+06
1.29199e+06
700205
721769
-1.52164e+06
-1.29868e+06
-1.00417e+06
-863620
571721
445352
82200.5
173189
114536
81796
-37860.6
5101.07
677376
624734
747128
551784
1.10064e+06
884875
343426
426658
1.54115e+06
1.26871e+06
695827
700837
-1.54083e+06
-1.31659e+06
-1.01739e+06
-871916
578846
452417
98152.1
175123
117298
84798.4
-37326.8
7981.11
654911
609164
753076
546924
1.06605e+06
857419
331144
410184
1.59551e+06
1.31365e+06
726424
723670
-1.61324e+06
-1.37456e+06
-1.05709e+06
-916368
505434
391480
59763.3
154231
60323.3
34833.5
-67996.8
-27156.4
606612
571325
744766
530119
978195
781972
289922
371598
1.54319e+06
1.27393e+06
709291
708247
-1.54586e+06
-1.32217e+06
-1.03887e+06
-895189
471813
366993
40518.6
137222
79072.2
53252.9
-53557
-15579.7
589516
561276
751072
534810
978207
783505
289480
365848
1.55076e+06
1.28187e+06
716706
718873
-1.55748e+06
-1.33599e+06
-1.04882e+06
-893248
474064
365120
43217
118682
52396.6
27849.4
-72303.8
-22121.1
575762
544701
747915
538133
923233
738377
264618
347004
1.57379e+06
1.2957e+06
727904
732368
-1.66099e+06
-1.41804e+06
-1.09873e+06
-939604
491511
379126
59255.5
135815
35796.6
12824.8
-87172.1
-38071.3
508430
493307
729433
508745
874532
698402
238854
322930
1.5037e+06
1.24115e+06
710837
702439
-1.67942e+06
-1.41089e+06
-932209
-874431
45025.7
2284.66
-221657
-105030
-1.17475e+06
-932680
-296571
-409162
-1.99638e+06
-1.66442e+06
-1.00902e+06
-984274
393225
374111
509678
349580
-1.36466e+06
-1.17954e+06
-970580
-835812
-1.74257e+06
-1.46855e+06
-961981
-887198
13763.1
-23529
-237794
-123725
-1.24357e+06
-988834
-313685
-427508
-2.0335e+06
-1.69879e+06
-1.03013e+06
-985875
435393
405510
541882
380544
-1.36439e+06
-1.17876e+06
-957872
-801940
-1.76562e+06
-1.48335e+06
-974170
-907563
34467.2
-9023.39
-233491
-119184
-1.28677e+06
-1.02361e+06
-327661
-451920
-2.11586e+06
-1.76395e+06
-1.07787e+06
-1.04083e+06
452210
425912
547585
388904
-1.3255e+06
-1.14455e+06
-948362
-801278
-1.83583e+06
-1.54443e+06
-1.00922e+06
-940044
38665.3
-5914.95
-226852
-118144
-1.28768e+06
-1.02405e+06
-333025
-449591
-2.13284e+06
-1.78074e+06
-1.08932e+06
-1.05279e+06
491068
458217
567791
412904
-1.31756e+06
-1.14032e+06
-939408
-795654
-1.85247e+06
-1.55897e+06
-1.02763e+06
-952444
3811.31
-33694.3
-247931
-124960
-1.25001e+06
-998053
-315378
-450778
-2.16641e+06
-1.8109e+06
-1.11672e+06
-1.06986e+06
510238
469486
569584
412948
-1.32046e+06
-1.14443e+06
-958229
-799005
-1.87023e+06
-1.57303e+06
-1.03559e+06
-967800
589.727
-35864.5
-259467
-136469
-1.21631e+06
-966351
-291629
-419773
-2.20085e+06
-1.83852e+06
-1.13793e+06
-1.08925e+06
577958
524559
598296
435728
-1.31604e+06
-1.14076e+06
-956454
-805235
-1.82926e+06
-1.53979e+06
-1.01179e+06
-947563
-32370.6
-64592.8
-278708
-150978
-1.31555e+06
-1.04144e+06
-319981
-451956
-2.13527e+06
-1.78273e+06
-1.1051e+06
-1.0686e+06
576334
528784
605196
456024
-1.31937e+06
-1.13828e+06
-954540
-800176
-1.85203e+06
-1.56145e+06
-1.0338e+06
-952707
-12575.2
-49181.4
-283447
-158094
-1.37342e+06
-1.09121e+06
-351974
-472598
-2.06321e+06
-1.72435e+06
-1.08248e+06
-1.02544e+06
583565
533922
608950
455242
-1.29046e+06
-1.11653e+06
-944238
-784611
-1.90274e+06
-1.60013e+06
-1.0477e+06
-974224
3095.71
-40914.6
-275249
-154281
-1.48266e+06
-1.18344e+06
-385519
-527973
-2.05155e+06
-1.71647e+06
-1.07601e+06
-1.03216e+06
554067
512032
613709
450297
-1.27931e+06
-1.10743e+06
-934728
-780140
-1.93803e+06
-1.63196e+06
-1.07802e+06
-995595
65660.5
11053.5
-260534
-132662
-1.47232e+06
-1.17302e+06
-397450
-528704
-1.94929e+06
-1.63169e+06
-1.03346e+06
-990021
615317
564040
639248
480985
-1.2953e+06
-1.12109e+06
-947663
-787252
-1.94863e+06
-1.63951e+06
-1.08231e+06
-1.0013e+06
62361.2
8927.22
-263236
-126740
-1.49195e+06
-1.19382e+06
-411491
-541373
-1.88236e+06
-1.57559e+06
-1.00581e+06
-952447
598216
552168
641772
481370
-1.34532e+06
-1.1646e+06
-984712
-811642
-1.96389e+06
-1.6534e+06
-1.08625e+06
-1.0137e+06
52048.7
-118.087
-284907
-136204
-1.51026e+06
-1.20581e+06
-421844
-553970
-1.82613e+06
-1.52709e+06
-974131
-924330
616770
565521
647354
485178
-1.36272e+06
-1.18004e+06
-1.01524e+06
-834440
-1.94538e+06
-1.63908e+06
-1.08165e+06
-1.0133e+06
59603.4
615.89
-287409
-151182
-1.54407e+06
-1.23401e+06
-438764
-570635
-1.8328e+06
-1.53449e+06
-981890
-920300
593206
543456
637440
462639
-1.37247e+06
-1.19031e+06
-1.01478e+06
-853991
-1.94753e+06
-1.64508e+06
-1.0974e+06
-1.00283e+06
149921
76166
-255452
-106664
-1.55128e+06
-1.24246e+06
-445706
-563069
-1.85517e+06
-1.5561e+06
-1.00138e+06
-922223
665874
602321
665799
498108
-1.34677e+06
-1.1736e+06
-1.00702e+06
-822998
-2.02921e+06
-1.70781e+06
-1.13384e+06
-1.04458e+06
204292
116860
-242190
-93828.1
-1.61718e+06
-1.29603e+06
-472296
-603001
-1.93432e+06
-1.62114e+06
-1.04729e+06
-974831
670961
606990
664250
499913
-1.37148e+06
-1.18955e+06
-1.02665e+06
-842183
-2.06085e+06
-1.7386e+06
-1.15847e+06
-1.06386e+06
284993
182535
-201096
-59908.2
-1.59412e+06
-1.27805e+06
-463240
-589017
-2.00094e+06
-1.67622e+06
-1.06879e+06
-1.00286e+06
716265
644186
686599
518614
-1.42999e+06
-1.24006e+06
-1.05141e+06
-868069
-2.12859e+06
-1.79282e+06
-1.18828e+06
-1.09786e+06
293287
190246
-197136
-46864.9
-1.63941e+06
-1.31509e+06
-481318
-614822
-2.09886e+06
-1.75713e+06
-1.11856e+06
-1.04612e+06
695621
628741
680496
513227
-1.53118e+06
-1.32591e+06
-1.11297e+06
-917127
-2.17166e+06
-1.82925e+06
-1.21034e+06
-1.11886e+06
302391
201924
-196202
-42399.5
-1.63939e+06
-1.31301e+06
-478894
-609647
-2.19094e+06
-1.8309e+06
-1.15702e+06
-1.08505e+06
709514
639900
684993
516167
-1.56296e+06
-1.35296e+06
-1.13733e+06
-953695
-2.19159e+06
-1.84037e+06
-1.22024e+06
-1.12593e+06
214456
128267
-232410
-68114.2
-1.709e+06
-1.36694e+06
-508984
-630067
-2.18518e+06
-1.8225e+06
-1.15783e+06
-1.09333e+06
659996
601489
656426
511329
-1.57405e+06
-1.36145e+06
-1.14708e+06
-951474
-2.32185e+06
-1.9535e+06
-1.2884e+06
-1.18534e+06
104060
38842.8
-272593
-126076
-1.7996e+06
-1.44534e+06
-549428
-671867
-2.2563e+06
-1.88656e+06
-1.19791e+06
-1.11865e+06
565329
520515
615529
458872
-1.65052e+06
-1.42826e+06
-1.17995e+06
-984540
-2.4057e+06
-2.02127e+06
-1.31282e+06
-1.225e+06
13652.8
-38492.8
-290605
-160421
-1.91241e+06
-1.5382e+06
-584595
-726807
-2.29922e+06
-1.92428e+06
-1.21808e+06
-1.15825e+06
497177
463776
594260
425308
-1.66737e+06
-1.44293e+06
-1.18081e+06
-1.00048e+06
-2.46087e+06
-2.06988e+06
-1.35051e+06
-1.25382e+06
4700.85
-43552.8
-289287
-160343
-1.87477e+06
-1.50504e+06
-572102
-707646
-2.23585e+06
-1.87187e+06
-1.19881e+06
-1.13064e+06
504683
471845
602761
430605
-1.6701e+06
-1.44531e+06
-1.19878e+06
-1.00342e+06
-2.46612e+06
-2.07078e+06
-1.35013e+06
-1.26355e+06
-40765.4
-75758
-293415
-172731
-1.84444e+06
-1.48202e+06
-554090
-705628
-2.18303e+06
-1.82901e+06
-1.18306e+06
-1.1128e+06
493488
465998
605937
430694
-1.63449e+06
-1.42003e+06
-1.19213e+06
-1.00142e+06
-2.4885e+06
-2.08887e+06
-1.35542e+06
-1.26851e+06
-102311
-125752
-320279
-188678
-1.78358e+06
-1.42839e+06
-518466
-662652
-2.14255e+06
-1.79322e+06
-1.15591e+06
-1.08475e+06
464090
442623
595680
426573
-1.66317e+06
-1.44182e+06
-1.21416e+06
-1.0098e+06
-2.50013e+06
-2.09729e+06
-1.36289e+06
-1.26405e+06
-212154
-215467
-359635
-228868
-1.8211e+06
-1.45775e+06
-516554
-670517
-2.19165e+06
-1.83448e+06
-1.1649e+06
-1.08905e+06
401535
388468
576339
404266
-1.69265e+06
-1.4671e+06
-1.21496e+06
-1.01679e+06
-2.50439e+06
-2.10216e+06
-1.38473e+06
-1.28394e+06
-223524
-218733
-368323
-249274
-1.83235e+06
-1.46093e+06
-504610
-669409
-2.21338e+06
-1.84961e+06
-1.17866e+06
-1.10068e+06
384486
378295
577841
389111
-1.71247e+06
-1.47969e+06
-1.21873e+06
-1.02027e+06
-2.53486e+06
-2.12627e+06
-1.38684e+06
-1.28507e+06
-247565
-243114
-360471
-247543
-1.87264e+06
-1.49174e+06
-485400
-664490
-2.30541e+06
-1.92625e+06
-1.20105e+06
-1.13662e+06
345358
346725
587200
391219
-1.74901e+06
-1.50834e+06
-1.21383e+06
-1.02624e+06
-2.4821e+06
-2.08616e+06
-1.39626e+06
-1.27878e+06
-129169
-144991
-326345
-210298
-1.8038e+06
-1.43295e+06
-463753
-636374
-2.25869e+06
-1.88571e+06
-1.19218e+06
-1.12403e+06
413968
405845
611200
416631
-1.72716e+06
-1.48952e+06
-1.21264e+06
-1.02313e+06
-2.39069e+06
-2.01102e+06
-1.35348e+06
-1.24783e+06
-29551.4
-61635
-266984
-160276
-1.70841e+06
-1.35472e+06
-402904
-596863
-2.22196e+06
-1.85508e+06
-1.16899e+06
-1.10488e+06
480937
463202
658501
452753
-1.70422e+06
-1.46948e+06
-1.20144e+06
-1.01004e+06
-2.32867e+06
-1.96384e+06
-1.3439e+06
-1.21402e+06
13936.4
-26085.9
-262026
-128289
-1.61308e+06
-1.27623e+06
-361069
-540786
-2.23038e+06
-1.86239e+06
-1.17469e+06
-1.09629e+06
531402
504219
676481
485788
-1.70228e+06
-1.47095e+06
-1.21181e+06
-1.00891e+06
-2.42336e+06
-2.04136e+06
-1.39067e+06
-1.26565e+06
-117407
-139213
-327585
-186846
-1.71446e+06
-1.35853e+06
-391608
-581756
-2.31944e+06
-1.93779e+06
-1.20264e+06
-1.14931e+06
409466
401300
627286
436262
-1.78283e+06
-1.53937e+06
-1.23899e+06
-1.06272e+06
-2.44896e+06
-2.06554e+06
-1.41553e+06
-1.27806e+06
-157913
-166413
-336632
-215211
-1.74487e+06
-1.38011e+06
-397163
-584828
-2.36387e+06
-1.97103e+06
-1.21168e+06
-1.14747e+06
358851
363980
621289
409109
-1.81296e+06
-1.56066e+06
-1.24048e+06
-1.05132e+06
-2.53783e+06
-2.13787e+06
-1.47022e+06
-1.32238e+06
-215545
-217473
-360298
-237490
-1.85655e+06
-1.47423e+06
-442261
-636570
-2.48927e+06
-2.07422e+06
-1.26282e+06
-1.21231e+06
279146
299267
593067
382278
-1.89742e+06
-1.62844e+06
-1.27344e+06
-1.09334e+06
-2.56216e+06
-2.15714e+06
-1.49859e+06
-1.34534e+06
-196370
-197434
-335166
-227832
-1.80642e+06
-1.43027e+06
-430943
-619137
-2.50399e+06
-2.08276e+06
-1.2598e+06
-1.21679e+06
304148
324474
609744
393641
-1.91668e+06
-1.64363e+06
-1.27805e+06
-1.10471e+06
-2.56917e+06
-2.16668e+06
-1.51473e+06
-1.36247e+06
-230892
-221915
-335648
-231073
-1.76641e+06
-1.40284e+06
-414685
-615327
-2.51785e+06
-2.09605e+06
-1.26916e+06
-1.22317e+06
308953
326833
623888
397730
-1.97448e+06
-1.69137e+06
-1.30772e+06
-1.12958e+06
-2.5659e+06
-2.16955e+06
-1.51782e+06
-1.37146e+06
-244134
-233827
-345194
-227548
-1.7176e+06
-1.36154e+06
-386987
-584591
-2.54882e+06
-2.12061e+06
-1.26863e+06
-1.22761e+06
305085
322196
625558
406658
-2.02268e+06
-1.73342e+06
-1.33622e+06
-1.15344e+06
-1.93204e+06
-1.60162e+06
-934720
-924889
-1.0529e+06
-907673
-738114
-619073
-1.72045e+06
-1.414e+06
-727906
-766129
-1.29872e+06
-1.04713e+06
-428211
-509888
-235240
-208606
-198614
-163853
-991148
-801131
-348315
-400983
-1.9161e+06
-1.59096e+06
-923666
-913593
-1.03021e+06
-889235
-723070
-616350
-1.76452e+06
-1.44496e+06
-742276
-768947
-1.33501e+06
-1.08192e+06
-451456
-529943
-192008
-171073
-179947
-139784
-921787
-746696
-305114
-371555
-1.95893e+06
-1.62646e+06
-943822
-922718
-1.02586e+06
-884108
-726577
-605655
-1.81895e+06
-1.48987e+06
-762373
-794768
-1.40875e+06
-1.14372e+06
-493550
-563270
-220665
-196960
-195223
-147729
-929589
-751202
-316447
-358897
-1.99244e+06
-1.6503e+06
-954764
-953778
-1.04433e+06
-900230
-745440
-618873
-1.83853e+06
-1.50566e+06
-762224
-814924
-1.42123e+06
-1.15082e+06
-503675
-587667
-170428
-154448
-176907
-144066
-944244
-757914
-305278
-380507
-1.97159e+06
-1.63497e+06
-938738
-934178
-1.08834e+06
-938970
-765965
-647011
-1.80549e+06
-1.47789e+06
-751795
-790226
-1.39457e+06
-1.13286e+06
-484285
-570832
-105551
-102254
-157148
-107912
-925788
-746223
-300052
-365138
-2.05269e+06
-1.7018e+06
-968056
-964085
-1.12754e+06
-972976
-778070
-666136
-1.83093e+06
-1.50176e+06
-766473
-802348
-1.40467e+06
-1.14237e+06
-501139
-577276
-123984
-119125
-168494
-113978
-898538
-724769
-273453
-348753
-2.08447e+06
-1.72714e+06
-995321
-986521
-1.10915e+06
-956928
-779493
-659719
-1.85757e+06
-1.5246e+06
-769498
-823757
-1.32619e+06
-1.07292e+06
-470143
-550424
-104038
-104026
-161881
-111755
-872408
-695352
-254459
-323427
-2.10794e+06
-1.75053e+06
-1.00088e+06
-995694
-1.11728e+06
-963389
-781982
-662857
-1.94599e+06
-1.59342e+06
-802326
-836492
-1.30884e+06
-1.0623e+06
-451466
-530489
-114863
-109645
-160179
-106618
-866872
-692649
-240748
-316755
-2.12236e+06
-1.75817e+06
-1.00204e+06
-993472
-1.08634e+06
-933521
-779150
-650460
-2.02988e+06
-1.66454e+06
-845953
-882387
-1.2627e+06
-1.02036e+06
-435636
-503483
-122762
-115661
-153091
-107463
-872257
-694861
-249554
-314271
-2.18836e+06
-1.81383e+06
-1.02511e+06
-1.02844e+06
-1.1308e+06
-977683
-817866
-672508
-2.16501e+06
-1.77561e+06
-900795
-952797
-1.25768e+06
-1.016e+06
-429676
-511784
-147655
-135621
-164494
-117180
-943588
-754106
-278283
-349005
-2.19616e+06
-1.81828e+06
-1.02146e+06
-1.02501e+06
-1.21907e+06
-1.05297e+06
-863998
-725420
-2.23855e+06
-1.83487e+06
-943318
-983479
-1.19796e+06
-967069
-394839
-480147
-166248
-149077
-181603
-126054
-1.00472e+06
-808265
-320833
-384260
-2.26263e+06
-1.87093e+06
-1.04685e+06
-1.05258e+06
-1.25655e+06
-1.08508e+06
-890784
-754228
-2.32431e+06
-1.90737e+06
-989976
-1.02833e+06
-1.13161e+06
-912854
-365801
-448463
-204833
-182125
-198534
-146316
-1.02568e+06
-826372
-333759
-400488
-2.30846e+06
-1.90807e+06
-1.07192e+06
-1.07304e+06
-1.22245e+06
-1.05634e+06
-872866
-737747
-2.31319e+06
-1.89979e+06
-985346
-1.03531e+06
-1.13849e+06
-915306
-365177
-435601
-219993
-196133
-192921
-160535
-1.03713e+06
-830982
-330936
-397915
-2.31364e+06
-1.91867e+06
-1.07666e+06
-1.08214e+06
-1.15974e+06
-1.00832e+06
-846895
-716779
-2.31042e+06
-1.89629e+06
-982767
-1.02205e+06
-1.20956e+06
-978222
-398750
-467400
-153348
-142433
-171167
-132648
-994484
-801207
-308318
-383631
-2.39521e+06
-1.98154e+06
-1.10637e+06
-1.10801e+06
-1.13708e+06
-986896
-848968
-702089
-2.38384e+06
-1.95657e+06
-1.01574e+06
-1.05622e+06
-1.32938e+06
-1.07567e+06
-455742
-520665
-152276
-142012
-176666
-135564
-1.07194e+06
-862684
-346798
-406394
-2.50313e+06
-2.06944e+06
-1.14101e+06
-1.16017e+06
-1.17321e+06
-1.01912e+06
-864992
-717933
-2.45686e+06
-2.01617e+06
-1.0395e+06
-1.09235e+06
-1.44357e+06
-1.1677e+06
-498547
-577764
-154339
-145214
-180748
-133203
-1.15921e+06
-932666
-373131
-453890
-2.51457e+06
-2.08066e+06
-1.14448e+06
-1.16401e+06
-1.17599e+06
-1.025e+06
-866201
-731669
-2.47594e+06
-2.03266e+06
-1.056e+06
-1.09971e+06
-1.4976e+06
-1.21242e+06
-514443
-598859
-166274
-156620
-193551
-145846
-1.20513e+06
-971791
-402341
-473171
-2.5505e+06
-2.108e+06
-1.15276e+06
-1.1766e+06
-1.10598e+06
-966481
-828475
-700431
-2.49502e+06
-2.04952e+06
-1.06483e+06
-1.11147e+06
-1.52527e+06
-1.23503e+06
-519779
-608861
-144449
-137953
-179905
-133779
-1.25839e+06
-1.01589e+06
-412116
-494340
-2.59889e+06
-2.14501e+06
-1.17255e+06
-1.20014e+06
-1.14735e+06
-999387
-838023
-702740
-2.51908e+06
-2.07035e+06
-1.06278e+06
-1.12619e+06
-1.48619e+06
-1.20062e+06
-501132
-601100
-171217
-160969
-183718
-144130
-1.30735e+06
-1.05674e+06
-424722
-514377
-2.59568e+06
-2.13873e+06
-1.17377e+06
-1.18397e+06
-1.21579e+06
-1.0483e+06
-862918
-723157
-2.57712e+06
-2.10955e+06
-1.08393e+06
-1.11973e+06
-1.49957e+06
-1.20698e+06
-499620
-581339
-197106
-175177
-206499
-141143
-1.33327e+06
-1.0725e+06
-441252
-509943
-2.60994e+06
-2.15488e+06
-1.1671e+06
-1.19923e+06
-1.26767e+06
-1.09161e+06
-875212
-751292
-2.64191e+06
-2.16825e+06
-1.10421e+06
-1.16354e+06
-1.50993e+06
-1.21894e+06
-499782
-593905
-224189
-205887
-215139
-171641
-1.38177e+06
-1.11657e+06
-469277
-540273
-2.58399e+06
-2.12714e+06
-1.15436e+06
-1.18052e+06
-1.28852e+06
-1.10739e+06
-894704
-750416
-2.63596e+06
-2.15867e+06
-1.10066e+06
-1.16511e+06
-1.42811e+06
-1.14358e+06
-458787
-561931
-174455
-159187
-209499
-146413
-1.4176e+06
-1.142e+06
-483184
-564457
-2.56648e+06
-2.11439e+06
-1.14592e+06
-1.16838e+06
-1.343e+06
-1.15516e+06
-917882
-781941
-2.58527e+06
-2.11697e+06
-1.08572e+06
-1.13722e+06
-1.37532e+06
-1.1015e+06
-430803
-524903
-169307
-156979
-209785
-147358
-1.42328e+06
-1.15105e+06
-497982
-569267
-2.64936e+06
-2.18321e+06
-1.18729e+06
-1.20335e+06
-1.45266e+06
-1.24671e+06
-971789
-835312
-2.6251e+06
-2.15325e+06
-1.11583e+06
-1.15515e+06
-1.3497e+06
-1.08441e+06
-434256
-518105
-216812
-199009
-240316
-168104
-1.46824e+06
-1.19018e+06
-529458
-595142
-2.69486e+06
-2.22241e+06
-1.22287e+06
-1.23693e+06
-1.49876e+06
-1.2864e+06
-995812
-860641
-2.66435e+06
-2.18801e+06
-1.12644e+06
-1.18685e+06
-1.39947e+06
-1.12901e+06
-453036
-537014
-295081
-268107
-268567
-211348
-1.51521e+06
-1.2304e+06
-544080
-610441
-2.70519e+06
-2.23177e+06
-1.23267e+06
-1.24122e+06
-1.52336e+06
-1.30415e+06
-1.00889e+06
-870443
-2.70781e+06
-2.22002e+06
-1.12454e+06
-1.18814e+06
-1.52194e+06
-1.22977e+06
-499232
-584353
-339493
-301157
-284813
-225408
-1.55837e+06
-1.26748e+06
-551572
-630511
-2.64167e+06
-2.17703e+06
-1.19332e+06
-1.21014e+06
-1.46539e+06
-1.25321e+06
-976437
-840819
-2.68619e+06
-2.19706e+06
-1.09328e+06
-1.16517e+06
-1.53164e+06
-1.23313e+06
-487926
-588335
-316916
-280494
-260604
-208938
-1.5602e+06
-1.26329e+06
-543233
-615986
-2.69469e+06
-2.22311e+06
-1.21973e+06
-1.23618e+06
-1.52535e+06
-1.30637e+06
-1.01179e+06
-869627
-2.75155e+06
-2.25061e+06
-1.10395e+06
-1.19654e+06
-1.60918e+06
-1.29372e+06
-509356
-616613
-358019
-312902
-279592
-226824
-1.66649e+06
-1.3475e+06
-575581
-667565
-2.62232e+06
-2.16589e+06
-1.20662e+06
-1.21438e+06
-1.49081e+06
-1.28041e+06
-1.00939e+06
-871132
-2.66423e+06
-2.17679e+06
-1.0745e+06
-1.15618e+06
-1.56398e+06
-1.25711e+06
-495086
-602625
-282508
-252030
-256064
-204282
-1.63822e+06
-1.32628e+06
-574762
-664225
-2.60745e+06
-2.15402e+06
-1.20858e+06
-1.21024e+06
-1.4713e+06
-1.26653e+06
-1.00621e+06
-865564
-2.66218e+06
-2.176e+06
-1.06823e+06
-1.14971e+06
-1.52622e+06
-1.22683e+06
-478544
-586543
-278681
-250283
-250134
-197074
-1.63166e+06
-1.32129e+06
-558508
-655635
-2.67104e+06
-2.2057e+06
-1.23607e+06
-1.23849e+06
-1.52008e+06
-1.30663e+06
-1.02031e+06
-870997
-2.71318e+06
-2.21965e+06
-1.07127e+06
-1.17045e+06
-1.59332e+06
-1.28097e+06
-486042
-601497
-367597
-325968
-274690
-226424
-1.70724e+06
-1.37908e+06
-569547
-670580
-2.68644e+06
-2.21891e+06
-1.25851e+06
-1.24647e+06
-1.56497e+06
-1.34106e+06
-1.04504e+06
-898110
-2.77173e+06
-2.26269e+06
-1.10308e+06
-1.18086e+06
-1.71934e+06
-1.38446e+06
-532420
-646883
-453995
-390947
-324736
-262310
-1.7364e+06
-1.40657e+06
-576981
-687534
-2.7694e+06
-2.28827e+06
-1.29696e+06
-1.2882e+06
-1.60829e+06
-1.37574e+06
-1.06303e+06
-922243
-2.85365e+06
-2.3344e+06
-1.14568e+06
-1.22752e+06
-1.82999e+06
-1.47639e+06
-575825
-696669
-536512
-464286
-358621
-309610
-1.84777e+06
-1.49519e+06
-625056
-725877
-2.80905e+06
-2.32052e+06
-1.31111e+06
-1.31293e+06
-1.64101e+06
-1.40349e+06
-1.08433e+06
-927077
-2.912e+06
-2.38129e+06
-1.16298e+06
-1.26427e+06
-1.90865e+06
-1.53258e+06
-585227
-734748
-562728
-483242
-372770
-323545
-1.94878e+06
-1.57188e+06
-645652
-776405
-2.80932e+06
-2.3172e+06
-1.32412e+06
-1.30736e+06
-1.65833e+06
-1.41735e+06
-1.09464e+06
-948562
-2.8777e+06
-2.35168e+06
-1.16282e+06
-1.24587e+06
-1.86e+06
-1.49085e+06
-558998
-702700
-552942
-473256
-374846
-320588
-1.96297e+06
-1.58544e+06
-654265
-781977
-2.85176e+06
-2.35482e+06
-1.34521e+06
-1.32938e+06
-1.64912e+06
-1.41203e+06
-1.08633e+06
-945105
-2.85912e+06
-2.33899e+06
-1.16672e+06
-1.24166e+06
-1.8257e+06
-1.46309e+06
-539358
-683504
-554157
-475948
-378622
-318863
-1.95083e+06
-1.57615e+06
-637752
-771458
-594404
-527363
-522282
-415891
-2.39236e+06
-2.01009e+06
-1.34183e+06
-1.22566e+06
-2.12803e+06
-1.74801e+06
-917180
-953169
-1.466e+06
-1.14904e+06
-260138
-458878
164235
131282
57489.2
53602.9
-2.76235e+06
-2.27796e+06
-1.26841e+06
-1.27547e+06
-555922
-493942
-497264
-398426
-2.42856e+06
-2.0434e+06
-1.36319e+06
-1.24808e+06
-2.12744e+06
-1.74707e+06
-911577
-951739
-1.5176e+06
-1.19076e+06
-271830
-487653
221890
181845
82779.6
84178.2
-2.75034e+06
-2.26968e+06
-1.25998e+06
-1.28203e+06
-581247
-518726
-508953
-397199
-2.54261e+06
-2.13622e+06
-1.41306e+06
-1.29901e+06
-2.12424e+06
-1.74776e+06
-900628
-950431
-1.56729e+06
-1.23411e+06
-293888
-491627
261168
208331
100866
105473
-2.78574e+06
-2.30202e+06
-1.26511e+06
-1.28087e+06
-588871
-521080
-506402
-407863
-2.58939e+06
-2.1775e+06
-1.4488e+06
-1.33262e+06
-2.11503e+06
-1.73455e+06
-889496
-937718
-1.60098e+06
-1.2591e+06
-312626
-520066
299122
242965
108334
116154
-2.76459e+06
-2.2802e+06
-1.25189e+06
-1.27845e+06
-607811
-537792
-518519
-414645
-2.63375e+06
-2.21428e+06
-1.46433e+06
-1.3575e+06
-2.15902e+06
-1.77013e+06
-906099
-950863
-1.59745e+06
-1.25781e+06
-308284
-521737
300512
246050
110847
123235
-2.79972e+06
-2.30737e+06
-1.24737e+06
-1.29012e+06
-642524
-567815
-539211
-425639
-2.64782e+06
-2.2226e+06
-1.47163e+06
-1.36306e+06
-2.17061e+06
-1.7786e+06
-914272
-951069
-1.52643e+06
-1.20329e+06
-288789
-488258
380610
308241
135014
152722
-2.73542e+06
-2.25007e+06
-1.20956e+06
-1.23698e+06
-658760
-583584
-549436
-441707
-2.64546e+06
-2.22645e+06
-1.48748e+06
-1.36425e+06
-2.21676e+06
-1.81995e+06
-930607
-981617
-1.50117e+06
-1.17545e+06
-264921
-474500
445113
359452
159483
179323
-2.81127e+06
-2.31378e+06
-1.2439e+06
-1.27112e+06
-652220
-575204
-536518
-436535
-2.72732e+06
-2.29529e+06
-1.52436e+06
-1.40342e+06
-2.25547e+06
-1.84906e+06
-942057
-997550
-1.47008e+06
-1.14893e+06
-236068
-457743
458645
373490
165999
191309
-2.86482e+06
-2.35832e+06
-1.27182e+06
-1.29871e+06
-639936
-567114
-532515
-426624
-2.80486e+06
-2.3561e+06
-1.56099e+06
-1.44047e+06
-2.33494e+06
-1.91667e+06
-971488
-1.02213e+06
-1.40973e+06
-1.09951e+06
-208011
-417626
455863
370911
169064
190262
-2.9583e+06
-2.43402e+06
-1.31189e+06
-1.33253e+06
-685615
-600291
-536233
-442379
-2.89971e+06
-2.43628e+06
-1.6127e+06
-1.48699e+06
-2.45762e+06
-2.01376e+06
-1.02404e+06
-1.08244e+06
-1.39497e+06
-1.08347e+06
-193086
-409005
383883
312313
137387
160166
-3.0262e+06
-2.49245e+06
-1.34755e+06
-1.37742e+06
-672548
-591523
-538072
-434115
-2.94069e+06
-2.47144e+06
-1.634e+06
-1.51117e+06
-2.53816e+06
-2.08065e+06
-1.05792e+06
-1.11118e+06
-1.33845e+06
-1.0378e+06
-159564
-382542
391581
319608
138979
167544
-3.0751e+06
-2.53258e+06
-1.35739e+06
-1.40019e+06
-764433
-668127
-584744
-475701
-2.96392e+06
-2.49013e+06
-1.66083e+06
-1.53403e+06
-2.62743e+06
-2.15671e+06
-1.12344e+06
-1.15699e+06
-1.26608e+06
-977816
-129937
-341673
351666
284953
106019
141206
-3.04704e+06
-2.50774e+06
-1.35088e+06
-1.38546e+06
-811289
-706663
-608045
-503283
-2.95846e+06
-2.48821e+06
-1.66056e+06
-1.52815e+06
-2.63299e+06
-2.16294e+06
-1.12907e+06
-1.17761e+06
-1.34871e+06
-1.04242e+06
-152913
-363968
341027
272898
105117
121856
-3.08709e+06
-2.54026e+06
-1.3707e+06
-1.39811e+06
-808705
-701444
-599320
-509272
-2.97651e+06
-2.50558e+06
-1.66734e+06
-1.54745e+06
-2.6319e+06
-2.15986e+06
-1.12302e+06
-1.18057e+06
-1.43164e+06
-1.10784e+06
-177813
-405065
374989
301957
116383
132731
-3.11634e+06
-2.56224e+06
-1.38687e+06
-1.42083e+06
-812931
-707890
-601546
-498666
-2.98715e+06
-2.51268e+06
-1.66794e+06
-1.54258e+06
-2.63109e+06
-2.16155e+06
-1.11649e+06
-1.17194e+06
-1.50314e+06
-1.16748e+06
-203290
-418318
407267
326833
130036
151494
-3.19755e+06
-2.63376e+06
-1.41941e+06
-1.44111e+06
-863299
-746377
-611379
-525482
-2.99018e+06
-2.51524e+06
-1.67337e+06
-1.54891e+06
-2.66247e+06
-2.18358e+06
-1.12734e+06
-1.18509e+06
-1.55291e+06
-1.20747e+06
-216921
-451959
417651
335794
127863
153215
-3.24484e+06
-2.6718e+06
-1.43931e+06
-1.48283e+06
-869232
-754633
-608705
-522710
-3.01182e+06
-2.53489e+06
-1.66507e+06
-1.55871e+06
-2.70444e+06
-2.21926e+06
-1.14046e+06
-1.19394e+06
-1.62251e+06
-1.26594e+06
-229390
-474223
397986
317451
121586
149900
-3.31561e+06
-2.73035e+06
-1.45404e+06
-1.50247e+06
-901417
-781687
-635089
-534513
-2.92733e+06
-2.46156e+06
-1.62823e+06
-1.51651e+06
-2.69229e+06
-2.20936e+06
-1.15474e+06
-1.1908e+06
-1.61761e+06
-1.25936e+06
-231402
-460869
438783
350515
126311
159520
-3.31093e+06
-2.72352e+06
-1.4601e+06
-1.49166e+06
-869894
-752522
-628183
-533757
-2.88163e+06
-2.42527e+06
-1.61819e+06
-1.49011e+06
-2.62838e+06
-2.15836e+06
-1.11693e+06
-1.17813e+06
-1.56107e+06
-1.20933e+06
-206583
-453520
501380
401435
150134
180191
-3.33526e+06
-2.7477e+06
-1.48207e+06
-1.51817e+06
-774546
-673884
-583075
-488293
-2.92894e+06
-2.46575e+06
-1.6319e+06
-1.50697e+06
-2.55064e+06
-2.09209e+06
-1.07493e+06
-1.13403e+06
-1.48558e+06
-1.14709e+06
-165664
-416897
547136
439347
170708
206766
-3.31493e+06
-2.7317e+06
-1.47869e+06
-1.51192e+06
-755891
-659704
-582759
-481337
-3.02382e+06
-2.53918e+06
-1.66633e+06
-1.55262e+06
-2.53138e+06
-2.07895e+06
-1.06774e+06
-1.12526e+06
-1.44818e+06
-1.11789e+06
-156999
-394882
535056
429940
163733
202455
-3.34779e+06
-2.75991e+06
-1.49672e+06
-1.52434e+06
-775964
-674441
-589613
-487974
-3.11177e+06
-2.61297e+06
-1.71783e+06
-1.58824e+06
-2.53505e+06
-2.07956e+06
-1.07737e+06
-1.12712e+06
-1.42662e+06
-1.09892e+06
-150718
-389599
503169
403250
136209
186709
-3.40388e+06
-2.80429e+06
-1.52447e+06
-1.55293e+06
-718898
-630388
-596035
-464880
-3.16383e+06
-2.65607e+06
-1.75026e+06
-1.61597e+06
-2.51855e+06
-2.06647e+06
-1.08406e+06
-1.11433e+06
-1.32239e+06
-1.01173e+06
-117943
-344435
509354
406845
117911
186398
-3.43701e+06
-2.83111e+06
-1.54966e+06
-1.57026e+06
-827164
-726483
-659536
-526571
-3.26691e+06
-2.7443e+06
-1.80452e+06
-1.67634e+06
-2.54254e+06
-2.09297e+06
-1.1173e+06
-1.13735e+06
-1.28239e+06
-985859
-112045
-325289
476815
373246
83738.4
153446
-3.49229e+06
-2.88325e+06
-1.58614e+06
-1.60095e+06
-784317
-691599
-658075
-525182
-3.24332e+06
-2.72543e+06
-1.81022e+06
-1.67012e+06
-2.52986e+06
-2.0829e+06
-1.11327e+06
-1.15197e+06
-1.31546e+06
-1.01402e+06
-127590
-342028
514783
401503
88226.4
154557
-3.50379e+06
-2.89301e+06
-1.60653e+06
-1.61201e+06
-707405
-629414
-632867
-488667
-3.24562e+06
-2.73238e+06
-1.81763e+06
-1.67208e+06
-2.47724e+06
-2.03922e+06
-1.08684e+06
-1.11962e+06
-1.35457e+06
-1.04596e+06
-141006
-360997
565461
442056
102357
180130
-3.50259e+06
-2.89368e+06
-1.6119e+06
-1.61645e+06
-654229
-585770
-627474
-477931
-3.26966e+06
-2.74838e+06
-1.82859e+06
-1.69274e+06
-2.44619e+06
-2.01326e+06
-1.06251e+06
-1.11029e+06
-1.38572e+06
-1.06927e+06
-154077
-370834
560754
438893
100664
171914
-3.56401e+06
-2.94369e+06
-1.63561e+06
-1.64083e+06
-680038
-610312
-632145
-486667
-3.35417e+06
-2.82076e+06
-1.86803e+06
-1.72308e+06
-2.47716e+06
-2.03613e+06
-1.06257e+06
-1.10745e+06
-1.45677e+06
-1.12889e+06
-172497
-402064
514727
400780
80164.7
158241
-3.63936e+06
-3.00567e+06
-1.66058e+06
-1.67578e+06
-609130
-555617
-619467
-465591
-3.35703e+06
-2.82562e+06
-1.87116e+06
-1.73646e+06
-2.48122e+06
-2.03912e+06
-1.05599e+06
-1.109e+06
-1.43386e+06
-1.11099e+06
-155913
-395171
503594
389578
72981.2
146657
-3.67673e+06
-3.03721e+06
-1.66551e+06
-1.69562e+06
-675852
-612719
-663860
-502558
-3.43311e+06
-2.88642e+06
-1.91308e+06
-1.77393e+06
-2.56279e+06
-2.1043e+06
-1.08565e+06
-1.13714e+06
-1.48897e+06
-1.15667e+06
-174836
-408887
422807
322094
37982.2
107482
-3.77032e+06
-3.11148e+06
-1.69628e+06
-1.72169e+06
-671525
-604257
-670090
-504195
-3.43475e+06
-2.88663e+06
-1.91984e+06
-1.76418e+06
-2.57642e+06
-2.11325e+06
-1.07614e+06
-1.14301e+06
-1.56285e+06
-1.20947e+06
-185317
-433709
417436
319071
40051.2
105951
-3.88583e+06
-3.20177e+06
-1.74575e+06
-1.77444e+06
-667485
-599347
-684738
-505303
-3.51496e+06
-2.95543e+06
-1.96427e+06
-1.80511e+06
-2.55986e+06
-2.09975e+06
-1.07549e+06
-1.13766e+06
-1.60422e+06
-1.24141e+06
-192658
-453317
412274
316372
29392.3
105807
-3.93475e+06
-3.24272e+06
-1.77038e+06
-1.80845e+06
-669307
-606866
-704713
-514657
-3.60328e+06
-3.02475e+06
-1.99903e+06
-1.85112e+06
-2.54394e+06
-2.09079e+06
-1.06932e+06
-1.13408e+06
-1.6365e+06
-1.26877e+06
-199543
-452642
393740
299608
24191.5
93606.8
-4.02374e+06
-3.31723e+06
-1.80013e+06
-1.83288e+06
-682913
-622219
-711490
-535382
-3.64066e+06
-3.06094e+06
-2.02862e+06
-1.86941e+06
-2.54438e+06
-2.08861e+06
-1.07448e+06
-1.132e+06
-1.63911e+06
-1.26994e+06
-190788
-458907
370342
279146
4838.02
84652.7
-4.08613e+06
-3.3685e+06
-1.8254e+06
-1.87064e+06
-702730
-636888
-731263
-534242
-3.72886e+06
-3.13334e+06
-2.06046e+06
-1.91018e+06
-2.59507e+06
-2.12948e+06
-1.09501e+06
-1.14838e+06
-1.66613e+06
-1.28927e+06
-181401
-463804
309782
230759
-19369.1
58896.3
-4.16572e+06
-3.43292e+06
-1.83464e+06
-1.90125e+06
-807014
-726400
-794732
-580185
-3.77537e+06
-3.16914e+06
-2.07733e+06
-1.92958e+06
-2.61596e+06
-2.14984e+06
-1.1196e+06
-1.15821e+06
-1.66711e+06
-1.29078e+06
-170358
-440101
265014
190305
-44785.3
34965
-4.19908e+06
-3.45887e+06
-1.84132e+06
-1.89365e+06
-25649.6
-10110.2
41401.8
21466.3
255837
211595
118073
116715
1.05626e+06
898677
664726
576634
-225216
-94791.2
477772
206774
1.22902e+06
1.09247e+06
1.06121e+06
834116
2.3779e+06
1.97589e+06
1.14385e+06
1.12568e+06
-70512.7
-47167.6
31204.6
2179.3
211375
174971
113424
102320
1.12506e+06
951947
697412
607804
-235982
-106263
477271
201255
1.20831e+06
1.07508e+06
1.05178e+06
824050
2.36201e+06
1.96317e+06
1.149e+06
1.12308e+06
-161292
-119481
-4071.52
-25769.8
179609
153516
104266
94137.8
1.16797e+06
992669
735434
635695
-256531
-119604
468268
200406
1.14322e+06
1.0214e+06
1.02023e+06
799541
2.38466e+06
1.98583e+06
1.1667e+06
1.14711e+06
-200998
-155796
-28676
-58852.5
191662
160437
105956
94624.3
1.28006e+06
1.08668e+06
789395
686733
-225305
-97125.4
477039
205616
1.13337e+06
1.01029e+06
1.01497e+06
792382
2.4252e+06
2.01714e+06
1.17838e+06
1.15061e+06
-196695
-152913
-24033.1
-59605.6
198088
165161
102456
97288
1.38807e+06
1.17302e+06
841843
744308
-204369
-78597.7
484036
217971
1.11912e+06
1.0007e+06
1.01704e+06
781561
2.46387e+06
2.05067e+06
1.19869e+06
1.176e+06
-214068
-161632
-41687.5
-52928.4
226536
190427
96645.2
109669
1.42344e+06
1.20783e+06
871235
765891
-201666
-73259.1
491217
228811
1.13e+06
1.01255e+06
1.02532e+06
801561
2.54e+06
2.112e+06
1.22853e+06
1.20964e+06
-212476
-165420
-37124.5
-72287.5
188140
158403
100226
83046.2
1.42482e+06
1.21232e+06
872575
771924
-203683
-75965.2
498517
218818
1.16229e+06
1.04174e+06
1.04986e+06
802336
2.59752e+06
2.1583e+06
1.26167e+06
1.22739e+06
-171893
-133234
-11542.8
-51022.7
185064
155945
118230
94513.3
1.45302e+06
1.23132e+06
870220
779964
-137496
-25450.2
514721
244309
1.28814e+06
1.1439e+06
1.10183e+06
860219
2.71061e+06
2.25013e+06
1.3106e+06
1.28125e+06
-164200
-126630
-7990.31
-40720.9
165088
143581
119630
101670
1.45505e+06
1.2325e+06
857664
781448
-136928
-26230.1
493951
247127
1.33653e+06
1.18145e+06
1.11994e+06
892382
2.7981e+06
2.32262e+06
1.34036e+06
1.3288e+06
-134101
-102250
-3360.88
-35394.9
163166
140151
124609
97693.9
1.48363e+06
1.25194e+06
857129
777817
-100855
-3096.42
493609
245905
1.38374e+06
1.218e+06
1.13456e+06
911450
2.89088e+06
2.39452e+06
1.37195e+06
1.35436e+06
-99562.8
-75682.3
14947.5
-23484.4
150907
133251
129227
94677.4
1.4811e+06
1.24897e+06
846886
774632
-101885
-277.186
483694
240943
1.4319e+06
1.26217e+06
1.16925e+06
921547
2.96727e+06
2.46134e+06
1.40262e+06
1.39022e+06
-87336.9
-62588.8
20627
-6805.2
136591
122047
119936
102155
1.46197e+06
1.23185e+06
841186
768601
-104054
-8208.8
477929
242943
1.48504e+06
1.30374e+06
1.19766e+06
968655
3.03873e+06
2.5149e+06
1.42911e+06
1.42444e+06
-62417.7
-43231.8
33147
2679.93
99219.8
92585.7
105469
79107.6
1.42892e+06
1.20838e+06
827753
757184
-161114
-52681.6
458582
211887
1.51425e+06
1.3352e+06
1.23145e+06
993414
3.05961e+06
2.53389e+06
1.43255e+06
1.43185e+06
-74947.7
-51734.1
35832.6
2580.23
89746
84510.6
106004
73448.6
1.40345e+06
1.18411e+06
811659
740154
-145136
-42587.6
458743
210302
1.54304e+06
1.35904e+06
1.24487e+06
1.01194e+06
3.12195e+06
2.58396e+06
1.45407e+06
1.45515e+06
-75158.4
-52956.6
42655.5
2776.81
128597
117484
115391
94867.6
1.3936e+06
1.1798e+06
811459
743200
-155918
-51801.9
443496
207292
1.54389e+06
1.35883e+06
1.24966e+06
1.01406e+06
3.23266e+06
2.67394e+06
1.49035e+06
1.50534e+06
-63771.8
-38961.6
54102.2
13705.9
153604
135859
126887
101697
1.37651e+06
1.16461e+06
812372
732746
-156612
-52900.1
447132
209299
1.57194e+06
1.38574e+06
1.27393e+06
1.03658e+06
3.2783e+06
2.7113e+06
1.50458e+06
1.51839e+06
-66448.9
-46268.1
63494.7
8664.89
149962
131578
111230
94454.6
1.33433e+06
1.12798e+06
787317
717665
-202332
-88166.3
416025
185459
1.58443e+06
1.39645e+06
1.29335e+06
1.03999e+06
3.30388e+06
2.73307e+06
1.50032e+06
1.52834e+06
-52929.1
-29150.5
63848.9
21313.6
188277
163301
103956
106315
1.26109e+06
1.07016e+06
763050
682469
-195676
-86566.1
413481
180323
1.5997e+06
1.40906e+06
1.30641e+06
1.0547e+06
3.38524e+06
2.79179e+06
1.52445e+06
1.54475e+06
-69334.6
-44175.1
47558.6
13199.6
179584
149709
96216.7
84116.7
1.24556e+06
1.05816e+06
758672
676430
-261533
-137456
398612
158580
1.54739e+06
1.36642e+06
1.28361e+06
1.03035e+06
3.365e+06
2.77544e+06
1.51001e+06
1.54103e+06
-107796
-74686
31068.2
-7683.42
149518
125580
98555.8
77876.5
1.2591e+06
1.06772e+06
763084
678329
-311425
-179880
381503
135175
1.52839e+06
1.3507e+06
1.26249e+06
1.01516e+06
3.33672e+06
2.75272e+06
1.497e+06
1.52924e+06
-70475.2
-48035.2
39028.1
10876
229915
192499
143855
117074
1.30786e+06
1.10831e+06
795774
706722
-303508
-172970
389145
144399
1.53148e+06
1.34906e+06
1.26097e+06
1.01673e+06
3.40065e+06
2.80245e+06
1.52229e+06
1.56039e+06
-152092
-115930
-1743.73
-30552
198814
169471
132514
115569
1.30102e+06
1.10548e+06
795390
709810
-375808
-231317
362242
121200
1.43342e+06
1.26864e+06
1.21957e+06
976754
3.33384e+06
2.75016e+06
1.48929e+06
1.52798e+06
-165921
-128531
-15785.5
-51553
192173
161244
124036
98622.3
1.32829e+06
1.12593e+06
808230
715337
-433036
-276664
336068
89302.6
1.40097e+06
1.24371e+06
1.20506e+06
948987
3.33028e+06
2.74616e+06
1.48055e+06
1.51402e+06
-96440.9
-70014.9
9473.11
-16465
258003
219502
150864
138593
1.34594e+06
1.1449e+06
834544
734083
-453599
-292791
343112
89999.8
1.43355e+06
1.27021e+06
1.22244e+06
969999
3.39544e+06
2.79803e+06
1.51076e+06
1.54412e+06
-83282.3
-57410.7
20851.9
-7306.53
255449
218036
166659
130797
1.36552e+06
1.16174e+06
844987
743091
-504734
-331463
336016
66730.4
1.43862e+06
1.278e+06
1.23352e+06
968337
3.3045e+06
2.72522e+06
1.49659e+06
1.51037e+06
-109351
-75115.2
28579.8
-6479.22
267478
230257
195059
152867
1.41101e+06
1.19716e+06
859394
763682
-512755
-338800
337059
70223.5
1.48257e+06
1.31538e+06
1.25883e+06
995809
3.23407e+06
2.67145e+06
1.48966e+06
1.49456e+06
-100475
-68346.8
29613.6
354.968
358141
306104
246195
201832
1.47449e+06
1.2494e+06
880711
786274
-545883
-365305
321021
56463.2
1.5202e+06
1.3443e+06
1.27181e+06
1.011e+06
3.2419e+06
2.67963e+06
1.50177e+06
1.50919e+06
-104465
-72262.1
36314.2
-5092.58
385767
331504
266704
222275
1.53135e+06
1.29513e+06
904358
811505
-555238
-373586
320785
55741.2
1.53475e+06
1.35582e+06
1.28181e+06
1.02643e+06
3.20957e+06
2.65519e+06
1.50434e+06
1.49536e+06
-111619
-77061.9
43536.6
-2642.46
398148
341897
279301
226357
1.54244e+06
1.30127e+06
906695
815549
-615150
-420414
296865
30934.5
1.52181e+06
1.34685e+06
1.28525e+06
1.01555e+06
3.17031e+06
2.62742e+06
1.50733e+06
1.49106e+06
-61470.2
-37081.4
60403.9
18172.6
478506
406672
317579
266283
1.55764e+06
1.31378e+06
914856
820983
-664018
-463581
285492
12266.2
1.54684e+06
1.36468e+06
1.30378e+06
1.03361e+06
3.20771e+06
2.65569e+06
1.53076e+06
1.50773e+06
-32312.7
-8460.53
88988.7
38679.4
482818
417165
329130
276573
1.63171e+06
1.37734e+06
945356
852801
-682684
-472211
303396
9403.81
1.58112e+06
1.39883e+06
1.32811e+06
1.05828e+06
3.204e+06
2.65608e+06
1.53421e+06
1.51243e+06
-61388.9
-29381
107163
41735.6
435511
380346
332098
268117
1.71565e+06
1.44276e+06
973715
884892
-707162
-491329
310900
7636.75
1.59791e+06
1.41231e+06
1.3382e+06
1.06936e+06
3.18772e+06
2.64396e+06
1.54044e+06
1.51532e+06
-106871
-62815.1
107422
39576.1
414826
368207
336948
277354
1.8032e+06
1.51591e+06
1.0124e+06
926470
-754550
-526005
307268
2769.74
1.57802e+06
1.39659e+06
1.33706e+06
1.06567e+06
3.2125e+06
2.6676e+06
1.55639e+06
1.53523e+06
-132582
-83651.4
112949
30228.8
397030
349594
339075
264469
1.89057e+06
1.58695e+06
1.04761e+06
964974
-737949
-513434
330821
14656.2
1.57873e+06
1.39725e+06
1.3469e+06
1.07381e+06
3.21842e+06
2.66965e+06
1.566e+06
1.53328e+06
-141742
-86397.1
131255
38160.4
373277
334816
326514
259904
1.93722e+06
1.62498e+06
1.05739e+06
986079
-751317
-517168
334836
22186.2
1.56349e+06
1.38894e+06
1.35068e+06
1.07101e+06
3.20159e+06
2.66177e+06
1.5582e+06
1.5377e+06
-122822
-69255.5
143905
54964.1
432421
381094
337977
283037
2.0012e+06
1.67479e+06
1.08777e+06
1.00687e+06
-729473
-501382
359218
35470.6
1.58513e+06
1.4034e+06
1.36206e+06
1.08026e+06
3.26862e+06
2.70963e+06
1.57609e+06
1.55442e+06
451431
367993
178570
185358
1.18993e+06
1.02623e+06
852319
711064
-138500
-39117.1
458987
205989
-60575
-24709.8
140411
53214.7
-244035
-256579
-469429
-311579
-192929
-137911
49476.3
-22467.6
426552
349267
166233
182926
1.18101e+06
1.02337e+06
847600
708515
-87642.3
6337.8
491930
247539
-8082.23
23921.4
185280
88736.2
-201989
-219533
-449817
-295750
-234670
-171038
32114
-36945.6
362993
299137
130547
161722
1.15611e+06
1.00449e+06
837264
707066
-66905
26960.6
514495
265534
22802.1
50904.6
194093
114408
-245350
-255050
-483076
-304676
-242142
-175913
27582.1
-31884.2
272182
221487
86562.6
117815
1.0715e+06
931309
801436
671156
-149571
-40549.7
497808
237570
938.331
27915.2
176982
107219
-298234
-301508
-527515
-338266
-281064
-208772
17679.8
-44747.1
183072
147437
46852.9
72944.4
991673
865234
769181
624129
-143198
-35318.6
503805
236563
-51815.4
-15769.9
152466
70739
-348222
-344879
-555050
-373083
-382763
-291299
-19268.7
-91515.9
113148
87229.4
14315.4
28355
948260
825775
747040
602538
-121290
-15989.8
535298
249456
40484.7
58011
189575
104186
-333290
-339495
-564123
-381471
-407511
-313172
-35232.3
-110287
170027
135255
49225.9
50906
964737
843752
766615
616178
-126996
-14530.3
540617
260942
60075.1
74723.5
194751
116371
-348316
-350213
-569797
-390060
-338969
-256424
3152.28
-78879.9
194305
157503
69488.1
76430.5
956312
842108
775657
620220
-139842
-23408.8
546245
263741
96853.8
107257
221144
136926
-303921
-309701
-542165
-367686
-281720
-206684
33950.3
-47496.4
215958
174989
71157.6
87312.1
971739
854152
777755
640787
-107412
4486.59
546326
286078
116694
120427
208391
152067
-257924
-276629
-543030
-339014
-220745
-160340
48863.9
-13704.4
191847
152438
63740
78960.5
868800
765646
736335
598197
-178112
-57991.9
516583
251842
61341.5
68982.5
171260
116925
-276832
-295724
-565737
-358642
-232055
-172818
37819.6
-22621.8
149767
120162
55268.2
62317.3
757004
676279
700546
541186
-240822
-110495
486533
211068
23372.7
37575.7
154115
86801.6
-267972
-286824
-559642
-363171
-256850
-192110
33749.5
-39424.7
172922
139094
68274.7
66701.4
736182
658427
702791
535240
-191891
-69653.6
520329
235047
98695.8
98069.3
175148
116740
-217913
-249073
-546999
-343447
-203203
-148373
46573.6
-20334.3
176125
143346
72470
71581.8
752196
675229
704426
541026
-224556
-93427.9
505965
226552
47663.9
55256.9
133211
83835.3
-263899
-284841
-573870
-358691
-159870
-110227
55635.9
98.2878
175275
141397
55777.3
69229.3
800892
716638
710674
552323
-218389
-89805.4
507059
225102
83710.1
84556.5
136433
86209.8
-198676
-232436
-551208
-339406
-122911
-85050.1
49131.2
-2088.09
154815
123399
42490
55184.7
837987
745278
715764
570495
-231998
-95260
504244
235134
71296.2
72144.7
120033
83430.8
-212418
-244624
-567452
-337721
-85220.5
-56525.4
55519.2
15069.2
133495
107972
33850.6
47362.7
850810
753421
713710
572240
-350386
-190370
464914
187211
40232.3
45312.1
103286
63237.3
-279929
-299793
-606572
-374750
-68702.5
-41663.4
60019.9
19519.7
95453.1
77259.9
20740.9
38191.5
832242
736015
702899
556734
-449774
-274556
424302
139740
31848.8
37122.4
103213
56334.5
-285268
-303420
-610814
-378149
-96622.6
-65324.6
48233.9
9676.05
8752.57
4147.89
-10127.2
-7158.04
834432
735114
702096
557805
-500264
-317533
428917
118705
60777.2
59191.9
111144
70907.3
-310759
-328327
-623970
-397514
-114258
-81529.4
26377.9
-6360.43
81972.1
68262
25747.9
28669.6
946132
828105
746510
602579
-478031
-293375
443447
134112
101258
96245.7
124543
90950.9
-358858
-366913
-647639
-422013
-29917.7
-11004
60093.5
29074.8
96924.5
77887.1
22657.8
34170.9
980007
857629
754217
612063
-430262
-253937
472128
162043
130612
120934
147763
102087
-362457
-373461
-663616
-434547
-25418.4
-10772.1
50819.1
21656.6
153990
123736
27230
53021.7
1.10087e+06
954414
799013
663495
-336791
-174360
516507
207287
208781
185238
177864
139903
-351770
-367553
-675942
-432119
49281.8
49455.8
70489.4
59232.9
191142
154129
48560.6
67638.3
1.14792e+06
993013
831471
697095
-350640
-183809
534078
211275
229726
202381
196551
157239
-356776
-370039
-682984
-441543
18000.1
24760.8
63805.1
49922.4
106444
84515.5
12971.9
35545.6
1.05616e+06
920285
796162
655846
-365557
-195099
527941
207795
165314
150912
172093
128129
-414550
-418804
-717865
-466943
-133443
-98813.9
-2870.85
-15349.9
131293
103754
27222.2
41980.9
1.09212e+06
949005
821419
676246
-324372
-159432
570680
235964
252035
223316
220891
174107
-443995
-444661
-732548
-485562
-176226
-134334
-15994
-41766
198524
160815
60432.2
74425.1
1.16612e+06
1.01186e+06
860835
711962
-329610
-165088
569378
235491
230637
204441
202071
161550
-464577
-464286
-752709
-505356
-157332
-118370
10962.3
-30805.1
177903
143804
56429.2
69539.7
1.19082e+06
1.03396e+06
872624
718160
-346227
-178678
560446
227244
242982
215680
213975
159250
-448930
-450720
-742088
-510801
-215089
-164125
-3387.75
-55054.6
136218
110606
24851.3
51758.1
1.27012e+06
1.09815e+06
902849
761070
-330087
-163583
557907
237114
245766
217652
211297
170065
-441844
-445160
-753480
-500236
-246350
-189307
-15372.5
-56444.1
153801
124239
30497.5
55231.4
1.27727e+06
1.10337e+06
915630
773156
-341883
-173284
554194
230074
206583
183222
188481
154517
-382284
-398165
-748199
-481026
-278382
-214220
-26112.7
-66161.2
87503.8
72803.7
25098
37288.6
1.18346e+06
1.0304e+06
895521
734943
-356870
-186238
550395
217743
148033
136685
171722
123015
-371824
-388005
-735729
-479925
-438082
-342864
-68212.5
-128074
111898
89620.8
33452.5
39460.8
1.205e+06
1.04659e+06
914025
747609
-321111
-159316
576655
235766
178958
160855
183652
136581
-307699
-341398
-719660
-458468
-467995
-368143
-76396.5
-145503
159103
131643
66516.8
67497.6
1.24689e+06
1.08586e+06
938470
773882
-320332
-156148
577082
240599
156444
144149
179260
128449
-341682
-370511
-741683
-468014
-436009
-339393
-57074.1
-121924
165117
137956
79097.7
77557.6
1.24902e+06
1.09e+06
932056
767491
-259970
-107495
594137
264238
214802
196013
217358
156061
-332767
-363598
-741888
-473527
-477562
-372542
-79382.6
-146378
115775
98562.9
57798.9
62809.5
1.24008e+06
1.08196e+06
924428
773716
-203355
-62163.9
616320
287973
215315
196917
227600
166371
-398080
-419186
-774252
-497706
-506600
-399123
-92612.6
-153979
83611.8
71727.5
51687.4
50688.9
1.19345e+06
1.04082e+06
914443
755302
-199112
-58170.1
631909
291478
196830
180193
234276
162703
-409771
-428254
-785118
-511443
-521104
-411156
-90680.8
-160341
22739.8
26195.5
52879.6
36850.2
1.09069e+06
958686
890943
710368
-164166
-29627.1
650330
305999
197078
183023
257847
166135
-389727
-410575
-764829
-498524
-600403
-473945
-101572
-190614
15328.7
19147.7
50131.7
28753.1
1.06729e+06
938136
882376
703493
-99731.8
24324.5
683488
342500
288627
260495
301824
219183
-389552
-412079
-775239
-499874
-609705
-480405
-112030
-190366
917593
725847
206477
306407
-1.07123e+06
-888579
-534259
-517405
-645947
-533760
-296958
-303394
-1.48757e+06
-1.17382e+06
-347458
-505747
971691
783470
319853
377324
-1.08984e+06
-888381
-463068
-484493
889562
701557
181194
295474
-1.07035e+06
-887694
-541706
-521690
-637791
-527346
-300774
-296264
-1.42164e+06
-1.12035e+06
-322461
-476544
985870
796032
303963
381623
-1.11492e+06
-910680
-464929
-488430
928513
734025
193106
306555
-1.09978e+06
-917778
-560596
-528163
-616268
-510289
-290704
-292618
-1.43253e+06
-1.12964e+06
-326989
-480286
982736
791262
295102
379354
-1.10516e+06
-902183
-453660
-484222
942415
745899
184674
313588
-1.19314e+06
-994042
-612062
-575358
-605811
-500917
-273537
-276009
-1.48666e+06
-1.17167e+06
-334764
-491561
992215
799765
297897
380475
-1.14069e+06
-932664
-475589
-500138
873910
685611
141411
274183
-1.28008e+06
-1.06714e+06
-661100
-630210
-600240
-493483
-253093
-267658
-1.49209e+06
-1.17656e+06
-331230
-497427
990247
795332
286457
371938
-1.17717e+06
-963345
-504390
-524051
822024
640056
111795
237256
-1.30644e+06
-1.09124e+06
-676242
-649825
-541870
-446490
-216201
-241339
-1.47854e+06
-1.16768e+06
-333385
-494266
983138
784073
270628
355716
-1.21974e+06
-999125
-527156
-545684
847450
659434
124476
242020
-1.29586e+06
-1.07914e+06
-673347
-642783
-549114
-447097
-224903
-237404
-1.48827e+06
-1.17337e+06
-346560
-502356
1.03834e+06
831046
289709
367090
-1.18198e+06
-965526
-506216
-529939
898736
700726
138858
269780
-1.30273e+06
-1.08576e+06
-672466
-636672
-558745
-455336
-240690
-237519
-1.43486e+06
-1.13351e+06
-337981
-479809
1.10698e+06
886260
310604
408877
-1.11649e+06
-915363
-478221
-494525
932462
729701
156278
278270
-1.36087e+06
-1.13716e+06
-696437
-665715
-630181
-515836
-278158
-281217
-1.49644e+06
-1.18603e+06
-364684
-513022
1.14414e+06
916236
321476
421960
-1.12628e+06
-925104
-483248
-508555
960428
754560
177605
299691
-1.45732e+06
-1.213e+06
-726828
-702879
-711072
-582124
-301786
-311558
-1.53431e+06
-1.21548e+06
-366620
-525093
1.1838e+06
950501
345362
436667
-1.12302e+06
-922146
-478970
-504777
949235
744102
176663
299700
-1.54101e+06
-1.28011e+06
-757198
-730046
-739045
-605653
-305682
-318873
-1.53306e+06
-1.21665e+06
-366432
-518669
1.24361e+06
997023
368524
468576
-1.09525e+06
-900354
-472847
-488348
978670
768487
188334
305724
-1.6043e+06
-1.33246e+06
-777127
-763392
-714541
-585069
-311169
-314034
-1.52825e+06
-1.21042e+06
-381744
-522600
1.28579e+06
1.03134e+06
381003
477530
-1.08257e+06
-888009
-469834
-481304
1.01388e+06
793566
208555
320260
-1.62126e+06
-1.34492e+06
-794201
-772772
-784671
-644838
-352431
-348153
-1.57664e+06
-1.2522e+06
-413810
-554253
1.34538e+06
1.08085e+06
407191
507145
-1.0815e+06
-884190
-474673
-481419
1.00955e+06
792008
194780
322065
-1.59618e+06
-1.32376e+06
-793134
-769638
-860956
-705652
-397487
-385017
-1.58897e+06
-1.26433e+06
-429264
-566418
1.36726e+06
1.09758e+06
405548
525124
-1.09217e+06
-896015
-479342
-487064
1.02027e+06
800400
199232
321782
-1.65407e+06
-1.37653e+06
-829571
-795010
-1.00395e+06
-826473
-466570
-458265
-1.71766e+06
-1.37083e+06
-483531
-618729
1.32862e+06
1.06687e+06
390539
507380
-1.1629e+06
-954748
-512646
-524714
1.06573e+06
838443
210177
337412
-1.69397e+06
-1.40869e+06
-862532
-825404
-1.11609e+06
-918147
-508978
-512167
-1.78633e+06
-1.42698e+06
-507814
-658642
1.3504e+06
1.08577e+06
408756
513034
-1.18934e+06
-980268
-536001
-551260
1.05349e+06
827799
198398
333644
-1.69258e+06
-1.4109e+06
-874358
-835463
-1.19292e+06
-979610
-529740
-533813
-1.79125e+06
-1.43251e+06
-506692
-659474
1.39499e+06
1.12275e+06
424806
541241
-1.18174e+06
-975789
-548965
-548997
1.06239e+06
831256
212554
329588
-1.67721e+06
-1.40115e+06
-871052
-832567
-1.22323e+06
-1.00667e+06
-534281
-549131
-1.80151e+06
-1.44263e+06
-515214
-664446
1.39775e+06
1.12305e+06
437669
539472
-1.19001e+06
-982935
-557404
-550781
1.08351e+06
852518
224381
352536
-1.62737e+06
-1.36127e+06
-850418
-816398
-1.24303e+06
-1.02249e+06
-539562
-562329
-1.84111e+06
-1.47177e+06
-526276
-675980
1.36304e+06
1.09557e+06
431733
523969
-1.16515e+06
-961727
-543295
-545593
1.08712e+06
857542
222118
357508
-1.59991e+06
-1.33579e+06
-826365
-796474
-1.23456e+06
-1.01358e+06
-532663
-553334
-1.84704e+06
-1.4756e+06
-515803
-674279
1.32436e+06
1.06428e+06
410749
512843
-1.20373e+06
-993292
-551878
-545961
1.09654e+06
864362
215001
351344
-1.61818e+06
-1.35317e+06
-842695
-802569
-1.23271e+06
-1.01138e+06
-535204
-553677
-1.90815e+06
-1.52466e+06
-541583
-698319
1.32194e+06
1.06285e+06
398020
503329
-1.27381e+06
-1.05089e+06
-593610
-590377
1.11444e+06
878014
213950
354063
-1.66163e+06
-1.38791e+06
-865351
-827772
-1.23763e+06
-1.01401e+06
-524084
-552178
-1.96884e+06
-1.57236e+06
-548701
-720560
1.34121e+06
1.07688e+06
396248
502312
-1.35231e+06
-1.11866e+06
-636593
-635903
1.11154e+06
872923
200957
351758
-1.67104e+06
-1.39595e+06
-872958
-833383
-1.19667e+06
-978832
-491543
-525616
-1.96687e+06
-1.5695e+06
-534138
-709127
1.3475e+06
1.07978e+06
388745
508060
-1.39227e+06
-1.15245e+06
-666704
-650286
1.12053e+06
877780
190072
340231
-1.63439e+06
-1.36973e+06
-854510
-825851
-1.11687e+06
-912658
-449062
-492267
-1.96556e+06
-1.56863e+06
-533286
-710087
1.30694e+06
1.04305e+06
360480
477911
-1.43067e+06
-1.18664e+06
-686134
-675338
1.18056e+06
926375
207218
367793
-1.58613e+06
-1.32452e+06
-830778
-793529
-1.0939e+06
-895319
-442584
-475074
-2.00327e+06
-1.59689e+06
-549402
-723040
1.31525e+06
1.04976e+06
358819
473779
-1.44359e+06
-1.1928e+06
-678693
-677002
1.21109e+06
953330
221525
387941
-1.58652e+06
-1.32207e+06
-819869
-780927
-1.09818e+06
-895715
-453519
-474595
-2.02609e+06
-1.61592e+06
-557689
-729910
1.34169e+06
1.07522e+06
367300
490847
-1.50042e+06
-1.23719e+06
-684955
-684534
1.20457e+06
947960
227765
381237
-1.63057e+06
-1.36117e+06
-838761
-803928
-1.15031e+06
-941994
-484727
-504270
-2.13012e+06
-1.7018e+06
-597427
-775885
1.34081e+06
1.07381e+06
362826
490658
-1.5861e+06
-1.3085e+06
-714871
-728563
1.21587e+06
957806
239605
388900
-1.67518e+06
-1.39761e+06
-850646
-829276
-1.20237e+06
-985949
-506272
-530992
-2.20225e+06
-1.75986e+06
-610871
-806836
1.35154e+06
1.08169e+06
373126
486811
-1.69071e+06
-1.39489e+06
-752551
-775594
1.18965e+06
937419
222663
383452
-1.69383e+06
-1.41048e+06
-856159
-827335
-1.22193e+06
-1.00132e+06
-512453
-539224
-2.23718e+06
-1.78634e+06
-616233
-810008
1.37575e+06
1.10178e+06
381754
501570
-1.77404e+06
-1.46047e+06
-786910
-802915
1.14485e+06
899616
203082
358170
-1.69424e+06
-1.41293e+06
-848892
-829398
-1.16827e+06
-959318
-495602
-521843
-2.27005e+06
-1.81417e+06
-629872
-822064
1.39561e+06
1.11393e+06
380478
504845
-1.90852e+06
-1.5722e+06
-832779
-857667
1.15771e+06
910695
214808
365933
-1.68135e+06
-1.39534e+06
-852241
-813085
-1.15909e+06
-950980
-500327
-516667
-2.33129e+06
-1.8589e+06
-649572
-844494
1.41137e+06
1.12675e+06
384092
512786
-1.92535e+06
-1.57906e+06
-842537
-861947
1.14723e+06
901103
217529
367730
-1.73374e+06
-1.43906e+06
-870091
-837415
-1.1599e+06
-952982
-508163
-522537
-2.36565e+06
-1.88842e+06
-654707
-860718
1.38229e+06
1.10173e+06
366916
501647
-1.97813e+06
-1.62433e+06
-850767
-880380
1.18453e+06
935033
248987
385600
-1.77838e+06
-1.47858e+06
-883768
-855081
-1.1831e+06
-972908
-517071
-534752
-2.40338e+06
-1.91766e+06
-653187
-868179
1.38881e+06
1.11009e+06
375819
509071
-2.03692e+06
-1.67326e+06
-867878
-904946
1.24025e+06
983849
286659
419184
-1.79518e+06
-1.49107e+06
-895242
-870701
-1.14304e+06
-940383
-493925
-519876
-2.36735e+06
-1.88486e+06
-613555
-846371
1.46241e+06
1.1706e+06
410146
533820
-2.07258e+06
-1.70341e+06
-887712
-928467
1.2183e+06
966771
282814
420859
-1.83698e+06
-1.52576e+06
-917366
-885967
-1.08316e+06
-891378
-460300
-487905
-2.31494e+06
-1.83933e+06
-570438
-810477
1.50685e+06
1.20474e+06
431501
558413
-2.10489e+06
-1.73066e+06
-905371
-941000
1.13374e+06
898113
259787
385064
-1.92669e+06
-1.60069e+06
-955280
-925890
-1.00909e+06
-829428
-431564
-453330
-2.34257e+06
-1.85942e+06
-571935
-809184
1.4536e+06
1.16156e+06
411680
539452
-2.21691e+06
-1.82027e+06
-950030
-980778
28842.9
12927.3
-81240.2
-30568.9
547426
484005
456902
362141
1.65809e+06
1.42669e+06
1.15414e+06
966949
525597
464851
426701
338004
278626
228310
98606
108252
2.22794e+06
1.83107e+06
940353
981783
-50902.5
-51089.9
-121457
-65438.5
481384
430677
424064
340702
1.74384e+06
1.49476e+06
1.18885e+06
1.01462e+06
525939
465705
418940
349529
251512
204133
81781.8
102287
2.14282e+06
1.76032e+06
903298
955788
-73155.9
-75624.4
-134806
-88790.7
488536
429485
409580
323462
1.80149e+06
1.54524e+06
1.23948e+06
1.04011e+06
542426
476973
433854
349552
262178
211771
85827.2
104407
2.17863e+06
1.78956e+06
908323
956013
-135348
-125388
-160089
-109586
530031
468329
424199
340509
1.81967e+06
1.56475e+06
1.25822e+06
1.0603e+06
566639
497694
437153
358290
207674
166370
58739.4
74937.1
2.25029e+06
1.8521e+06
947033
998015
-131329
-123905
-161065
-117758
585704
508288
449705
360707
1.87442e+06
1.60976e+06
1.29422e+06
1.09044e+06
612587
532171
449955
367889
198203
158203
56920
65863.5
2.37018e+06
1.94737e+06
997050
1.04258e+06
-144108
-133645
-172223
-123600
545825
477173
432554
350395
1.94288e+06
1.67116e+06
1.33662e+06
1.14111e+06
686342
594301
486509
406205
221829
177083
60595.5
76039.4
2.40686e+06
1.97675e+06
1.01065e+06
1.06018e+06
-170461
-156811
-179544
-135478
485731
428816
420363
328641
1.96676e+06
1.69322e+06
1.35844e+06
1.1532e+06
755915
648415
513628
438731
278375
224286
80148.4
98044.6
2.47265e+06
2.02816e+06
1.04011e+06
1.08741e+06
-153078
-140999
-170553
-125223
443632
396205
408339
317694
2.00021e+06
1.72012e+06
1.35852e+06
1.17342e+06
787786
675602
514894
457619
320345
257901
96232.3
122402
2.49463e+06
2.04538e+06
1.04732e+06
1.10857e+06
-137276
-130608
-157060
-123520
404608
362380
397470
301671
1.97342e+06
1.69695e+06
1.35733e+06
1.15684e+06
786044
670426
515605
450223
353587
282674
113014
135839
2.53702e+06
2.07882e+06
1.05879e+06
1.11147e+06
-119064
-115457
-153032
-110263
379588
347508
389032
296301
1.94142e+06
1.67108e+06
1.32931e+06
1.1438e+06
745252
638218
476357
429786
334988
268069
99885.9
126124
2.61405e+06
2.14608e+06
1.08724e+06
1.15444e+06
-66093.3
-72090.2
-136439
-97256.2
374163
341398
396309
285284
1.97249e+06
1.69263e+06
1.33425e+06
1.13649e+06
760291
645717
468755
409455
397436
320823
126735
137877
2.70612e+06
2.21779e+06
1.12272e+06
1.1768e+06
3302.9
-12518.6
-110773
-63213.2
380135
349296
412932
302485
2.02941e+06
1.74557e+06
1.35941e+06
1.17658e+06
843229
717246
492288
451896
513088
419078
172911
198710
2.79474e+06
2.29213e+06
1.14934e+06
1.22047e+06
-37985.8
-49370.2
-132915
-75939.7
357691
330750
394556
294490
2.05714e+06
1.76307e+06
1.38567e+06
1.18911e+06
888838
744994
501331
458591
609682
493896
207181
251580
2.8359e+06
2.31879e+06
1.14976e+06
1.22933e+06
-93447
-97535.5
-150717
-109199
284888
270726
353567
258327
1.9977e+06
1.71473e+06
1.36732e+06
1.1679e+06
880867
738705
489535
452491
580246
468318
202670
235817
2.80007e+06
2.28788e+06
1.13452e+06
1.21439e+06
-126844
-122065
-164904
-120674
266842
250459
326775
238050
1.88784e+06
1.63134e+06
1.33623e+06
1.13203e+06
832345
698164
465025
432433
557141
455190
193602
240206
2.78984e+06
2.28219e+06
1.10374e+06
1.20354e+06
-98733.3
-99813.8
-150752
-110441
344406
316379
342768
262511
1.8496e+06
1.60122e+06
1.32016e+06
1.11467e+06
842306
705851
450286
424819
532901
432335
179152
215511
2.90227e+06
2.37347e+06
1.143e+06
1.24699e+06
-94864.7
-93818.2
-137841
-97683.3
379721
340585
360422
271427
1.7846e+06
1.54705e+06
1.30053e+06
1.08992e+06
829478
692955
446178
414739
510524
417632
180594
214282
2.97084e+06
2.42795e+06
1.16492e+06
1.27293e+06
-136358
-129145
-145849
-115678
353300
319801
357749
265939
1.74693e+06
1.5164e+06
1.30419e+06
1.07673e+06
784120
657254
434499
401616
539650
438031
207484
225905
2.97024e+06
2.42137e+06
1.15422e+06
1.25914e+06
-157216
-141288
-156732
-118160
338239
306812
343167
257436
1.7957e+06
1.56122e+06
1.33924e+06
1.1057e+06
831029
695793
459960
424328
542791
443580
204888
231363
2.95557e+06
2.40943e+06
1.13843e+06
1.25499e+06
-159124
-142229
-163727
-127036
322429
294475
337627
243234
1.85593e+06
1.61219e+06
1.36859e+06
1.1333e+06
845822
711250
470060
428754
533970
434180
191371
216280
2.90726e+06
2.3694e+06
1.12042e+06
1.22862e+06
-138512
-129858
-163625
-115557
345817
309838
335758
254008
1.87655e+06
1.63084e+06
1.39445e+06
1.15523e+06
844113
710316
480217
446552
507083
411970
176398
215321
2.88777e+06
2.35492e+06
1.09242e+06
1.22232e+06
-143211
-135645
-163684
-115191
435332
384840
386716
292007
1.86992e+06
1.62435e+06
1.40127e+06
1.15465e+06
810587
681806
472958
429729
425750
342392
149377
176639
2.94625e+06
2.39969e+06
1.12704e+06
1.24672e+06
-133253
-125410
-166225
-117235
499153
440873
422797
331196
1.88469e+06
1.64058e+06
1.41435e+06
1.16819e+06
769632
652312
459065
416004
366670
298485
124072
153577
2.9761e+06
2.42724e+06
1.13919e+06
1.26288e+06
-94761.5
-96287.4
-167070
-109170
519668
455767
436840
337609
1.95883e+06
1.70295e+06
1.45885e+06
1.20576e+06
816116
689539
488220
434265
353787
283342
109304
137920
2.96783e+06
2.41418e+06
1.12902e+06
1.24548e+06
-132261
-127713
-188291
-130434
510359
449472
440294
340147
2.01058e+06
1.74547e+06
1.49119e+06
1.22883e+06
858293
722479
508027
456406
372054
299132
111538
134480
2.89253e+06
2.3535e+06
1.10497e+06
1.20985e+06
-194695
-178130
-201209
-152910
484302
428191
443442
332244
2.0404e+06
1.76747e+06
1.50484e+06
1.24948e+06
849340
716364
511966
455462
373581
299341
122113
139060
2.76782e+06
2.25068e+06
1.07332e+06
1.16957e+06
-183486
-167458
-198950
-145568
515479
456123
449687
351566
2.03577e+06
1.76595e+06
1.50578e+06
1.24619e+06
802392
681523
495957
444323
378660
306172
118270
150758
2.76129e+06
2.25237e+06
1.06847e+06
1.16984e+06
-143844
-134072
-183353
-123782
616772
541985
501568
398537
2.07247e+06
1.79738e+06
1.51899e+06
1.26239e+06
783505
665812
483569
431134
406613
326348
124215
151636
2.83451e+06
2.31549e+06
1.11804e+06
1.21419e+06
-101968
-100396
-168663
-113691
698031
610635
548407
436467
2.13367e+06
1.84676e+06
1.54634e+06
1.2861e+06
753108
641309
475012
415956
453865
367797
141441
167572
2.85127e+06
2.3291e+06
1.13835e+06
1.22337e+06
-56222.8
-63706.1
-156755
-95498.3
738694
644372
574381
460373
2.1762e+06
1.8846e+06
1.56314e+06
1.31354e+06
740809
631801
477226
411889
513410
415772
163555
190824
2.82086e+06
2.30291e+06
1.13255e+06
1.21308e+06
-111505
-110992
-173023
-117974
689870
603118
545869
444949
2.27792e+06
1.96245e+06
1.60735e+06
1.34912e+06
797930
676040
509426
439521
556064
445612
173585
218140
2.78114e+06
2.26833e+06
1.10292e+06
1.19239e+06
-184495
-167595
-189003
-142005
581100
515736
494571
396039
2.35001e+06
2.02024e+06
1.62792e+06
1.38053e+06
803252
683670
514043
447285
496779
396980
146966
189946
2.67435e+06
2.18116e+06
1.05617e+06
1.15157e+06
-177396
-161086
-177180
-133594
576375
507087
483187
385966
2.40498e+06
2.06578e+06
1.65843e+06
1.40437e+06
875706
743418
563497
485879
518461
415528
156859
201845
2.69913e+06
2.19993e+06
1.05275e+06
1.1467e+06
-215914
-189479
-179846
-139107
581136
518222
486652
395577
2.43083e+06
2.09007e+06
1.66569e+06
1.41935e+06
836080
716214
552787
479636
470486
376905
139135
179068
2.75502e+06
2.25275e+06
1.08613e+06
1.18442e+06
-225079
-195178
-174721
-143659
609770
537714
510041
398943
2.49032e+06
2.13811e+06
1.69531e+06
1.44236e+06
824329
705830
567964
472253
459655
369265
141889
175107
2.80774e+06
2.2916e+06
1.11636e+06
1.20114e+06
-192506
-168526
-154309
-127701
576607
513888
505883
396319
2.55896e+06
2.19851e+06
1.72561e+06
1.48372e+06
859656
742424
600338
508321
472239
381460
152365
184900
2.77813e+06
2.26997e+06
1.10289e+06
1.19584e+06
