-1.63242e+06
-1.36847e+06
-903639
-827648
-371884
-316664
-259305
-204215
-4.43377e+06
-3.67497e+06
-2.1385e+06
-2.09279e+06
-679694
-584960
-474008
-389636
-2.64861e+06
-2.19545e+06
-1.27626e+06
-1.24511e+06
-3.13715e+06
-2.59175e+06
-1.45703e+06
-1.44746e+06
-1.67839e+06
-1.40296e+06
-921126
-845256
-397670
-337777
-278622
-230543
-4.47399e+06
-3.70819e+06
-2.15825e+06
-2.12586e+06
-742446
-633207
-498191
-426220
-2.74134e+06
-2.26648e+06
-1.31579e+06
-1.29509e+06
-3.13964e+06
-2.58547e+06
-1.47003e+06
-1.46031e+06
-1.85271e+06
-1.55032e+06
-984226
-918824
-514993
-436984
-318364
-273719
-4.61552e+06
-3.82737e+06
-2.22114e+06
-2.17528e+06
-886775
-751024
-542472
-479833
-2.86929e+06
-2.37546e+06
-1.36217e+06
-1.34059e+06
-3.25926e+06
-2.69295e+06
-1.52444e+06
-1.50691e+06
-1.96041e+06
-1.63969e+06
-1.03773e+06
-979303
-602857
-512332
-366188
-324510
-4.72271e+06
-3.92219e+06
-2.2799e+06
-2.25214e+06
-992948
-843780
-584810
-532835
-3.00274e+06
-2.48834e+06
-1.41687e+06
-1.41222e+06
-3.32103e+06
-2.7517e+06
-1.55895e+06
-1.56378e+06
-1.97771e+06
-1.65502e+06
-1.03328e+06
-989508
-602559
-511403
-371042
-326967
-4.74158e+06
-3.93782e+06
-2.2775e+06
-2.25501e+06
-954140
-811684
-561600
-515914
-3.03239e+06
-2.51195e+06
-1.42287e+06
-1.41801e+06
-3.28986e+06
-2.72394e+06
-1.52583e+06
-1.53547e+06
-1.97731e+06
-1.6466e+06
-1.0195e+06
-974129
-645158
-543884
-386834
-344281
-4.80847e+06
-3.98493e+06
-2.30088e+06
-2.26648e+06
-956802
-805829
-553934
-502539
-3.13275e+06
-2.59035e+06
-1.45457e+06
-1.44897e+06
-3.40105e+06
-2.80777e+06
-1.56816e+06
-1.56188e+06
-2.00711e+06
-1.67619e+06
-1.03613e+06
-991914
-704891
-594649
-404983
-365119
-4.93012e+06
-4.08651e+06
-2.36131e+06
-2.325e+06
-1.04337e+06
-879813
-601406
-535335
-3.25063e+06
-2.68946e+06
-1.51149e+06
-1.50397e+06
-3.48936e+06
-2.88393e+06
-1.60633e+06
-1.60923e+06
-1.95785e+06
-1.63573e+06
-1.01274e+06
-978834
-677810
-575002
-373622
-364234
-4.92468e+06
-4.08493e+06
-2.3665e+06
-2.34466e+06
-1.06696e+06
-899279
-613417
-559368
-3.2498e+06
-2.68665e+06
-1.50942e+06
-1.52133e+06
-3.44906e+06
-2.84584e+06
-1.58762e+06
-1.60213e+06
-1.9543e+06
-1.63306e+06
-999498
-971283
-641512
-538035
-333054
-329784
-4.93199e+06
-4.08972e+06
-2.36555e+06
-2.34042e+06
-1.12449e+06
-944139
-625295
-586190
-3.24537e+06
-2.68042e+06
-1.49128e+06
-1.5111e+06
-3.40145e+06
-2.80831e+06
-1.56271e+06
-1.5782e+06
-2.00799e+06
-1.66947e+06
-1.02449e+06
-983083
-684228
-566782
-329025
-328476
-5.00377e+06
-4.14713e+06
-2.40026e+06
-2.36883e+06
-1.21127e+06
-1.01297e+06
-659209
-609537
-3.31802e+06
-2.7378e+06
-1.51158e+06
-1.52936e+06
-3.38971e+06
-2.79714e+06
-1.55401e+06
-1.56684e+06
-2.06647e+06
-1.72579e+06
-1.05583e+06
-1.02067e+06
-737261
-613858
-349572
-349293
-5.05931e+06
-4.19908e+06
-2.44464e+06
-2.40283e+06
-1.27984e+06
-1.07454e+06
-701749
-643331
-3.40035e+06
-2.81223e+06
-1.55698e+06
-1.56808e+06
-3.41318e+06
-2.82194e+06
-1.56221e+06
-1.57179e+06
-2.05837e+06
-1.7168e+06
-1.05342e+06
-1.01972e+06
-752242
-624234
-353246
-359702
-5.09911e+06
-4.23304e+06
-2.47692e+06
-2.432e+06
-1.32397e+06
-1.11203e+06
-725529
-677328
-3.47876e+06
-2.87579e+06
-1.5933e+06
-1.60622e+06
-3.48675e+06
-2.88189e+06
-1.60039e+06
-1.6084e+06
-2.11015e+06
-1.7561e+06
-1.07705e+06
-1.02417e+06
-809156
-665590
-384291
-364684
-5.19546e+06
-4.31163e+06
-2.53972e+06
-2.47353e+06
-1.40687e+06
-1.17754e+06
-764469
-699691
-3.58654e+06
-2.95875e+06
-1.63608e+06
-1.64075e+06
-3.61398e+06
-2.98626e+06
-1.67782e+06
-1.66731e+06
-2.15774e+06
-1.79619e+06
-1.08876e+06
-1.05033e+06
-875025
-724677
-417001
-412936
-5.25416e+06
-4.36232e+06
-2.56672e+06
-2.51952e+06
-1.48564e+06
-1.24043e+06
-783577
-747554
-3.66238e+06
-3.01911e+06
-1.65321e+06
-1.68811e+06
-3.69534e+06
-3.05209e+06
-1.72156e+06
-1.7316e+06
-2.24e+06
-1.86267e+06
-1.12144e+06
-1.07549e+06
-934072
-771171
-442368
-429750
-5.34253e+06
-4.43644e+06
-2.61835e+06
-2.5465e+06
-1.54774e+06
-1.28916e+06
-801028
-756250
-3.66412e+06
-3.01871e+06
-1.65037e+06
-1.66814e+06
-3.78937e+06
-3.13259e+06
-1.7736e+06
-1.75622e+06
-2.32507e+06
-1.93324e+06
-1.15702e+06
-1.12024e+06
-1.00827e+06
-833925
-485446
-467689
-5.46026e+06
-4.53672e+06
-2.68741e+06
-2.61798e+06
-1.61116e+06
-1.34437e+06
-826307
-788886
-3.72158e+06
-3.06771e+06
-1.67165e+06
-1.6968e+06
-3.89234e+06
-3.22288e+06
-1.83554e+06
-1.82607e+06
-2.32429e+06
-1.93551e+06
-1.14903e+06
-1.12789e+06
-1.03909e+06
-862334
-514116
-493485
-5.50165e+06
-4.57439e+06
-2.70742e+06
-2.64149e+06
-1.60296e+06
-1.34008e+06
-821443
-786839
-3.70071e+06
-3.05431e+06
-1.66324e+06
-1.69184e+06
-3.89556e+06
-3.23001e+06
-1.83226e+06
-1.83021e+06
-2.34667e+06
-1.94635e+06
-1.14891e+06
-1.119e+06
-1.12925e+06
-935427
-550521
-532048
-5.59566e+06
-4.6488e+06
-2.74348e+06
-2.67047e+06
-1.66979e+06
-1.39002e+06
-839674
-800458
-3.77744e+06
-3.11293e+06
-1.68171e+06
-1.70693e+06
-4.04559e+06
-3.34681e+06
-1.89524e+06
-1.87391e+06
-2.32721e+06
-1.92963e+06
-1.15312e+06
-1.11585e+06
-1.12964e+06
-932641
-571404
-532550
-5.67309e+06
-4.7089e+06
-2.79958e+06
-2.71624e+06
-1.70241e+06
-1.41494e+06
-872720
-823175
-3.81401e+06
-3.14041e+06
-1.71331e+06
-1.72733e+06
-4.15433e+06
-3.43625e+06
-1.95775e+06
-1.93749e+06
-2.32119e+06
-1.92672e+06
-1.14942e+06
-1.10393e+06
-1.14804e+06
-952797
-582894
-547837
-5.71146e+06
-4.74406e+06
-2.81782e+06
-2.73912e+06
-1.70115e+06
-1.4135e+06
-868323
-827227
-3.8392e+06
-3.15895e+06
-1.71884e+06
-1.74158e+06
-4.22538e+06
-3.49038e+06
-1.99367e+06
-1.97035e+06
-2.39051e+06
-1.98454e+06
-1.197e+06
-1.15182e+06
-1.21182e+06
-1.00326e+06
-617091
-586524
-5.81285e+06
-4.82608e+06
-2.87372e+06
-2.79133e+06
-1.76083e+06
-1.46127e+06
-898725
-860696
-3.87335e+06
-3.18766e+06
-1.74742e+06
-1.76796e+06
-4.32719e+06
-3.5772e+06
-2.0511e+06
-2.02651e+06
-2.34833e+06
-1.95277e+06
-1.18322e+06
-1.1516e+06
-1.1703e+06
-973252
-611831
-580422
-5.8121e+06
-4.83262e+06
-2.8789e+06
-2.81503e+06
-1.70965e+06
-1.42541e+06
-878675
-852757
-3.8229e+06
-3.15216e+06
-1.73222e+06
-1.76085e+06
-4.34117e+06
-3.597e+06
-2.05561e+06
-2.05647e+06
-2.35432e+06
-1.96389e+06
-1.18953e+06
-1.15163e+06
-1.20879e+06
-1.01109e+06
-649349
-598618
-5.8425e+06
-4.86202e+06
-2.89753e+06
-2.81686e+06
-1.68476e+06
-1.41032e+06
-872791
-832820
-3.83419e+06
-3.16821e+06
-1.74949e+06
-1.75882e+06
-4.39212e+06
-3.64038e+06
-2.067e+06
-2.05773e+06
-2.31246e+06
-1.92222e+06
-1.16919e+06
-1.12863e+06
-1.20431e+06
-1.00554e+06
-653869
-610131
-5.84145e+06
-4.8547e+06
-2.89395e+06
-2.81395e+06
-1.64817e+06
-1.37243e+06
-851549
-811182
-3.84767e+06
-3.17431e+06
-1.75023e+06
-1.76357e+06
-4.49448e+06
-3.71675e+06
-2.10752e+06
-2.09095e+06
-2.29444e+06
-1.91317e+06
-1.17375e+06
-1.12733e+06
-1.21384e+06
-1.01804e+06
-665847
-620601
-5.88927e+06
-4.89824e+06
-2.91868e+06
-2.84845e+06
-1.68457e+06
-1.40813e+06
-877769
-836784
-3.91553e+06
-3.23476e+06
-1.78463e+06
-1.80771e+06
-4.51853e+06
-3.74445e+06
-2.13048e+06
-2.12881e+06
-2.24815e+06
-1.87029e+06
-1.16175e+06
-1.09725e+06
-1.15469e+06
-966919
-649811
-590926
-5.84593e+06
-4.85702e+06
-2.89394e+06
-2.81812e+06
-1.63799e+06
-1.36463e+06
-873111
-812701
-3.85833e+06
-3.18426e+06
-1.76703e+06
-1.78078e+06
-4.3934e+06
-3.63401e+06
-2.09142e+06
-2.06934e+06
-2.31117e+06
-1.93413e+06
-1.21618e+06
-1.13566e+06
-1.19381e+06
-1.00828e+06
-684930
-610708
-5.91419e+06
-4.92097e+06
-2.93673e+06
-2.84527e+06
-1.72387e+06
-1.44487e+06
-932759
-860857
-3.90429e+06
-3.23092e+06
-1.80944e+06
-1.80291e+06
-4.39556e+06
-3.64842e+06
-2.12175e+06
-2.07774e+06
-2.3752e+06
-1.9881e+06
-1.25811e+06
-1.19344e+06
-1.27306e+06
-1.07287e+06
-720270
-667333
-6.01119e+06
-5.00075e+06
-2.97265e+06
-2.90912e+06
-1.80384e+06
-1.51624e+06
-975241
-923404
-4.00642e+06
-3.31525e+06
-1.85293e+06
-1.87084e+06
-4.43131e+06
-3.68103e+06
-2.13936e+06
-2.1225e+06
-2.39394e+06
-1.99946e+06
-1.25282e+06
-1.19444e+06
-1.30259e+06
-1.09196e+06
-717411
-670853
-6.03683e+06
-5.01548e+06
-2.94132e+06
-2.9003e+06
-1.79492e+06
-1.50423e+06
-955779
-911801
-4.03602e+06
-3.33528e+06
-1.84634e+06
-1.8698e+06
-4.45107e+06
-3.69001e+06
-2.11124e+06
-2.10604e+06
-2.35094e+06
-1.96074e+06
-1.22084e+06
-1.15826e+06
-1.24983e+06
-1.04741e+06
-695068
-637907
-6.02478e+06
-4.99818e+06
-2.91825e+06
-2.86456e+06
-1.74003e+06
-1.45411e+06
-932971
-870373
-4.01951e+06
-3.31938e+06
-1.83606e+06
-1.84697e+06
-4.46354e+06
-3.69626e+06
-2.112e+06
-2.08827e+06
-2.29434e+06
-1.91215e+06
-1.1829e+06
-1.12772e+06
-1.19891e+06
-1.00182e+06
-665131
-604121
-6.04728e+06
-5.01036e+06
-2.92995e+06
-2.86718e+06
-1.66846e+06
-1.39367e+06
-907013
-839528
-3.99582e+06
-3.29587e+06
-1.82327e+06
-1.8343e+06
-4.47295e+06
-3.70061e+06
-2.11404e+06
-2.09287e+06
-2.2294e+06
-1.861e+06
-1.11404e+06
-1.10724e+06
-1.18579e+06
-994234
-624438
-613626
-6.07575e+06
-5.03707e+06
-2.91399e+06
-2.89479e+06
-1.60887e+06
-1.34597e+06
-845614
-826451
-3.98222e+06
-3.28222e+06
-1.78115e+06
-1.84323e+06
-4.4758e+06
-3.70009e+06
-2.08402e+06
-2.10756e+06
-2.16112e+06
-1.80299e+06
-1.09327e+06
-1.04558e+06
-1.0878e+06
-912003
-592178
-540947
-6.07678e+06
-5.03726e+06
-2.92472e+06
-2.8671e+06
-1.55867e+06
-1.30423e+06
-831427
-771198
-3.86852e+06
-3.18978e+06
-1.74377e+06
-1.76064e+06
-4.41459e+06
-3.65092e+06
-2.06931e+06
-2.04971e+06
-2.12865e+06
-1.77273e+06
-1.08184e+06
-1.04397e+06
-1.06582e+06
-891464
-586281
-541218
-6.15429e+06
-5.09997e+06
-2.96148e+06
-2.9185e+06
-1.53099e+06
-1.28086e+06
-820965
-777376
-3.85987e+06
-3.18169e+06
-1.7399e+06
-1.7713e+06
-4.42246e+06
-3.65802e+06
-2.06981e+06
-2.07176e+06
-2.14903e+06
-1.79397e+06
-1.09235e+06
-1.06089e+06
-1.15908e+06
-969281
-638214
-586725
-6.26277e+06
-5.19006e+06
-3.01417e+06
-2.96822e+06
-1.51928e+06
-1.27233e+06
-820839
-773696
-3.95102e+06
-3.26027e+06
-1.78638e+06
-1.81337e+06
-4.50136e+06
-3.72413e+06
-2.09268e+06
-2.10148e+06
-2.07848e+06
-1.73415e+06
-1.0643e+06
-1.01547e+06
-1.14064e+06
-958350
-640892
-581139
-6.2584e+06
-5.18754e+06
-3.00827e+06
-2.95748e+06
-1.44012e+06
-1.20724e+06
-792334
-726913
-3.97761e+06
-3.28339e+06
-1.79826e+06
-1.81266e+06
-4.5518e+06
-3.76401e+06
-2.11904e+06
-2.10471e+06
618120
539401
501388
395317
1.58025e+06
1.30385e+06
717580
717570
957125
713910
-64013.7
154761
319682
260453
123928
122662
-2.59589e+06
-2.14135e+06
-1.16295e+06
-1.19002e+06
-258390
-245922
-298260
-228535
518939
464663
469276
370541
1.54476e+06
1.2747e+06
697434
719189
922023
685138
-90300.4
160333
334355
269548
115148
147740
-2.63919e+06
-2.17915e+06
-1.19695e+06
-1.20277e+06
-250852
-238694
-312834
-206482
501443
451115
439430
348309
1.57142e+06
1.2976e+06
692559
714194
925955
688201
-119983
137068
288954
234458
70569.3
108861
-2.68615e+06
-2.21635e+06
-1.234e+06
-1.24109e+06
-265459
-247768
-333735
-229530
417998
374147
405872
315829
1.49864e+06
1.22956e+06
655062
687494
879711
642180
-145872
117901
200827
153080
21037.8
70782.1
-2.75112e+06
-2.27729e+06
-1.27023e+06
-1.26226e+06
-360583
-335591
-385529
-265792
364395
332675
383783
289142
1.5023e+06
1.23677e+06
651775
682805
907579
664577
-144838
119137
184914
139024
-11422.6
43342.1
-2.81514e+06
-2.32926e+06
-1.30542e+06
-1.29926e+06
-410975
-380471
-422378
-307147
186581
179779
316328
217359
1.42449e+06
1.16518e+06
614092
645887
787147
561067
-208076
66049.4
105756
68288.1
-59753.4
3399.06
-2.95106e+06
-2.44701e+06
-1.36916e+06
-1.36374e+06
-489672
-449916
-471253
-345190
139729
144956
300104
190768
1.40163e+06
1.14689e+06
593026
623541
811351
577683
-206350
56772.9
128980
84661.9
-61794.1
-11516.6
-2.97401e+06
-2.46499e+06
-1.40256e+06
-1.39302e+06
-461790
-428230
-466050
-359907
67234.5
96391.4
280958
170124
1.34611e+06
1.10771e+06
571873
599619
789466
567346
-211002
58463.6
150633
111053
-40001.7
4927.83
-2.98683e+06
-2.4715e+06
-1.41446e+06
-1.40522e+06
-433377
-392733
-451450
-335419
23816.1
56172.6
246247
148473
1.3293e+06
1.09077e+06
558303
590975
766881
546536
-222428
46935.6
155925
114343
-35254.9
13385.5
-3.0273e+06
-2.50672e+06
-1.43785e+06
-1.4218e+06
-422375
-382850
-448654
-326244
8395.48
44364.6
241612
126279
1.28564e+06
1.05521e+06
536137
567709
755495
538268
-232395
35511.6
152431
111767
-29149.1
11670.8
-3.00991e+06
-2.49003e+06
-1.43628e+06
-1.42034e+06
-437204
-397644
-467186
-338740
-20604.4
19068.5
232275
115454
1.20546e+06
992088
501928
538066
752872
534083
-243059
36588.5
121646
87783.8
-44286.8
1646.14
-3.1017e+06
-2.56856e+06
-1.47668e+06
-1.45473e+06
-488401
-445137
-491811
-371614
-39489.1
-335.876
224506
112479
1.16895e+06
954050
470061
512205
754003
529246
-258660
29379.6
114186
79082.1
-48521
1299.66
-3.11389e+06
-2.58455e+06
-1.49802e+06
-1.47307e+06
-436619
-405659
-479261
-348283
-48463
-3691.1
231966
124012
1.16225e+06
951728
476101
518411
772101
548403
-236663
36032
143300
102221
-27720.7
21105.7
-3.10847e+06
-2.57783e+06
-1.4917e+06
-1.46607e+06
-380197
-358005
-443820
-322897
-94942.5
-35695.5
219894
95062.7
1.12576e+06
924973
468168
494193
720740
511098
-246465
25047.1
114281
81809.4
-31374.3
4306.28
-3.12924e+06
-2.59256e+06
-1.49311e+06
-1.48618e+06
-396602
-365388
-443289
-326794
9239.06
40821.3
249409
127648
1.19717e+06
977857
493917
522232
741826
522816
-241676
21658
147785
105261
-11086
13162.8
-3.08514e+06
-2.56124e+06
-1.46854e+06
-1.47006e+06
-365114
-343773
-419071
-320714
135635
141509
281330
175522
1.26233e+06
1.02835e+06
489217
544544
785809
556880
-245391
40755.5
194473
138461
-13961.8
39978.4
-2.99852e+06
-2.49336e+06
-1.45141e+06
-1.42583e+06
-291031
-287400
-408802
-282256
235021
224999
309119
208168
1.34164e+06
1.09481e+06
503024
562494
867851
623539
-227148
60989.4
258404
192484
-15714.7
47992.8
-2.95037e+06
-2.45236e+06
-1.44839e+06
-1.41685e+06
-247987
-252930
-400670
-280173
269490
247560
331936
224784
1.39291e+06
1.13071e+06
528250
580533
862539
616345
-216571
60591.3
257028
186342
-9177.54
45088
-2.96252e+06
-2.46602e+06
-1.44215e+06
-1.42284e+06
-237603
-243521
-377153
-264645
359373
333946
382520
280176
1.51223e+06
1.23941e+06
603718
631588
1.00093e+06
738364
-145953
115909
376457
296718
47908.6
93763.1
-2.86772e+06
-2.3753e+06
-1.38754e+06
-1.38406e+06
-92610.5
-114314
-299557
-200584
311139
291026
375428
275133
1.54247e+06
1.26176e+06
636246
677287
1.01775e+06
749143
-129658
155461
429372
335270
73013.7
137189
-2.82281e+06
-2.34395e+06
-1.3645e+06
-1.33909e+06
-34120.7
-69548.9
-280657
-148589
241183
232732
327033
242475
1.52569e+06
1.24777e+06
640384
669365
942076
688356
-154588
118711
325804
254488
30890.7
96745.6
-2.91797e+06
-2.4202e+06
-1.38957e+06
-1.38165e+06
-96414.7
-115946
-310940
-178389
213670
208915
304939
211304
1.51782e+06
1.24073e+06
635863
663424
896757
650515
-171798
99049.4
217968
162157
-20063.4
46965.3
-2.92182e+06
-2.42255e+06
-1.39365e+06
-1.38059e+06
-136548
-154837
-350553
-203062
314841
289828
331770
246393
1.66192e+06
1.3615e+06
685046
724946
1.00094e+06
733822
-142996
137078
239443
177056
-41906
39076.8
-2.86633e+06
-2.3804e+06
-1.38261e+06
-1.35862e+06
-70180.3
-108908
-346623
-199256
315429
288654
336050
245605
1.73586e+06
1.422e+06
728910
755111
1.00851e+06
742298
-138759
139519
198986
144279
-66881
14173.2
-2.86643e+06
-2.37666e+06
-1.37677e+06
-1.36393e+06
-47391
-86923.9
-344963
-191241
323136
296846
327346
257286
1.7958e+06
1.47336e+06
741688
786636
1.07346e+06
798389
-126943
164542
244243
177110
-65732.6
15301.8
-2.83813e+06
-2.35389e+06
-1.38217e+06
-1.3585e+06
42413
-16508.1
-329783
-168822
333852
301415
334720
247596
1.82208e+06
1.48955e+06
743272
790237
1.1153e+06
824098
-122120
179008
317145
232427
-34339.2
44653.8
-2.78865e+06
-2.31865e+06
-1.37025e+06
-1.34075e+06
112465
36127.5
-313254
-143676
386601
341527
351559
268882
1.90735e+06
1.55549e+06
781639
820043
1.16832e+06
866243
-102091
191290
341484
255330
-13491.6
61830.8
-2.78529e+06
-2.31585e+06
-1.35544e+06
-1.33903e+06
133785
55872.7
-296872
-136093
400687
355584
372627
267638
1.92224e+06
1.57e+06
798203
828066
1.14848e+06
851468
-105602
185744
281790
205661
-26666.4
43218.4
-2.82797e+06
-2.34734e+06
-1.35329e+06
-1.34682e+06
66650.5
-1609.38
-327547
-160081
379269
345441
370020
280451
1.88105e+06
1.54438e+06
796711
832311
1.12048e+06
831785
-123502
182970
234285
172306
-47823.8
29441.1
-2.95472e+06
-2.44646e+06
-1.38832e+06
-1.38117e+06
-60425.1
-103617
-379464
-213562
387265
348918
382870
284091
1.93543e+06
1.58565e+06
816915
848102
1.15413e+06
854493
-118370
183450
259777
191467
-33334.4
37686
-2.96104e+06
-2.45154e+06
-1.38835e+06
-1.38787e+06
-51640
-96721.6
-379086
-211288
295617
275048
354992
260785
1.8291e+06
1.50289e+06
779600
824456
1.10472e+06
815657
-144637
163259
229127
165517
-42900.2
24760.1
-3.04056e+06
-2.51545e+06
-1.42615e+06
-1.41718e+06
-74394
-118363
-390037
-229310
241616
234374
343051
224569
1.75651e+06
1.4428e+06
752640
775601
1.08149e+06
794724
-154775
142908
258697
191357
-25856.8
30590.1
-3.08766e+06
-2.5542e+06
-1.44268e+06
-1.45356e+06
-37124.5
-85826.5
-381164
-218694
296326
281769
377614
257167
1.82485e+06
1.5001e+06
805250
811283
1.13923e+06
842522
-121180
170224
330787
253748
17085.1
73491.7
-3.07708e+06
-2.54299e+06
-1.41801e+06
-1.4361e+06
15822.9
-35082.4
-340384
-182661
299158
282139
395292
261164
1.81699e+06
1.49241e+06
808553
816575
1.14371e+06
846659
-108641
179143
307480
232211
24473.7
65135.8
-3.06315e+06
-2.52981e+06
-1.39657e+06
-1.42345e+06
-19260.9
-68252.8
-347104
-191572
341465
326623
427351
299431
1.87819e+06
1.55606e+06
847669
866656
1.20307e+06
903105
-85244.6
221080
389259
307299
51292.8
115106
-3.03237e+06
-2.49674e+06
-1.36516e+06
-1.38462e+06
13032
-39019.6
-330590
-171041
333133
315784
430731
297869
1.89194e+06
1.55937e+06
850676
861530
1.22257e+06
910559
-90754.3
208563
419471
325702
54089.4
114421
-3.03773e+06
-2.5053e+06
-1.37068e+06
-1.39627e+06
58548.4
-4629.43
-323107
-158751
-2.7768e+06
-2.29754e+06
-1.29514e+06
-1.29468e+06
-347537
-289341
-152887
-154941
61671.7
111255
455574
269046
-784062
-632286
-228684
-283751
509963
401079
129152
195432
774164
680107
639084
525222
-2.77684e+06
-2.29346e+06
-1.28912e+06
-1.29104e+06
-313455
-257371
-137735
-144433
57351.3
111709
450776
258927
-799188
-640190
-239899
-297745
499792
399444
127525
174432
795922
701753
646566
517633
-2.89291e+06
-2.38717e+06
-1.3242e+06
-1.33793e+06
-372628
-301473
-147947
-161834
-37902.3
35889.9
419284
221896
-908890
-728344
-286346
-345610
380245
302655
90018.2
133215
764068
672517
632204
502331
-2.93162e+06
-2.4172e+06
-1.335e+06
-1.35044e+06
-373835
-302553
-138559
-161215
-33465.2
38717.6
423814
218529
-897333
-723145
-282751
-352342
397374
317919
103947
132642
780660
691145
651501
509371
-2.95881e+06
-2.44033e+06
-1.33148e+06
-1.35591e+06
-316510
-257187
-98658.4
-124517
-54897.6
20485.6
427653
217401
-937823
-757033
-288616
-358225
379196
302943
121132
144086
816008
719425
678620
536082
-3.01619e+06
-2.48637e+06
-1.3548e+06
-1.37113e+06
-257970
-207113
-65668.3
-90809.5
-59196.9
17336.1
422903
221107
-950440
-764499
-292264
-357725
410284
330907
132713
163209
902985
793454
721055
588555
-3.06566e+06
-2.53088e+06
-1.37873e+06
-1.40286e+06
-268153
-215949
-72757
-96490.4
-134555
-40872.9
382326
186347
-979542
-785473
-305110
-374733
368701
292007
107742
140876
858717
756418
701852
571083
-3.10729e+06
-2.56112e+06
-1.38156e+06
-1.41459e+06
-297810
-238655
-73076.7
-107403
-194840
-93753.2
361141
157566
-1.00784e+06
-808811
-303883
-382094
344340
275556
106364
127294
830974
733763
700739
555306
-3.13827e+06
-2.58612e+06
-1.39362e+06
-1.41968e+06
-305100
-239357
-61835.8
-98468.9
-261494
-146235
330383
131261
-979328
-784357
-296548
-373008
349397
282471
117243
138180
825252
730284
707932
558556
-3.22236e+06
-2.65797e+06
-1.44642e+06
-1.46751e+06
-377169
-301423
-100673
-134823
-351019
-224929
270161
80449.7
-968321
-780205
-313903
-378116
348777
278893
96385.7
126400
754632
673675
668802
528348
-3.23702e+06
-2.67218e+06
-1.44826e+06
-1.47547e+06
-340732
-272527
-77446.6
-111344
-398849
-262891
244839
56909.4
-972690
-784685
-312017
-373449
351146
278776
105106
131880
722923
646772
660602
515115
-3.31658e+06
-2.73382e+06
-1.48371e+06
-1.51252e+06
-385999
-307362
-87723.7
-136730
-495627
-345784
196585
-1910.6
-1.05829e+06
-851407
-341295
-415592
288403
228842
74227.8
97988
639004
580278
639788
479247
-3.43187e+06
-2.82887e+06
-1.53309e+06
-1.54649e+06
-460742
-366611
-117825
-157069
-496246
-342872
215582
8065.97
-1.08104e+06
-869886
-331987
-412632
275695
219153
66070.6
99974.3
593584
551188
636064
481645
-3.46815e+06
-2.86399e+06
-1.56863e+06
-1.59517e+06
-501479
-404986
-163612
-198112
-447608
-305057
240575
20665.9
-1.09036e+06
-877795
-338276
-425899
345294
273299
77660.1
106017
651424
593241
660633
480738
-3.46264e+06
-2.86084e+06
-1.58216e+06
-1.59806e+06
-544742
-440375
-189111
-222368
-382558
-248238
280198
50960.5
-1.02381e+06
-821492
-314735
-402150
398734
317340
98564.3
129787
740203
667169
710499
523902
-3.51862e+06
-2.91277e+06
-1.62313e+06
-1.63458e+06
-611874
-498403
-228847
-259841
-310205
-187679
329613
91737.2
-960734
-773647
-295252
-382439
493734
392410
129502
160415
816997
734492
760544
566232
-3.57585e+06
-2.95595e+06
-1.65786e+06
-1.65449e+06
-608580
-493790
-238504
-255438
-285907
-162408
360798
124633
-930403
-748168
-268382
-357582
568594
457560
163564
205782
870350
784613
795374
611038
-3.62223e+06
-3.00317e+06
-1.69655e+06
-1.69544e+06
-648083
-535680
-279690
-287724
-207599
-99778.4
402710
163523
-939432
-753113
-264932
-352981
664366
529149
181980
236839
967814
859851
846086
656317
-3.65391e+06
-3.02831e+06
-1.71941e+06
-1.70804e+06
-629624
-519281
-281110
-290350
-221150
-105605
409419
173153
-947211
-754960
-258833
-345207
716129
572555
197366
257964
1.01632e+06
900783
865601
687421
-3.65497e+06
-3.0254e+06
-1.73245e+06
-1.7127e+06
-585571
-484024
-275531
-274338
-197691
-85483.6
419394
184033
-921246
-732029
-253277
-332299
814391
653572
228576
294733
1.11601e+06
981891
892367
720765
-3.6908e+06
-3.0583e+06
-1.75629e+06
-1.73326e+06
-593166
-490205
-279977
-279500
-183201
-72083.9
432650
192759
-901080
-716668
-253788
-328826
840026
672962
239428
306112
1.18312e+06
1.03357e+06
914166
744337
-3.77076e+06
-3.12592e+06
-1.807e+06
-1.77387e+06
-612620
-506626
-292400
-289026
-195680
-82307.2
432647
192037
-866868
-692328
-254212
-325616
914114
734367
263341
333764
1.21907e+06
1.06347e+06
921187
758180
-3.84495e+06
-3.18929e+06
-1.84443e+06
-1.81466e+06
-604969
-501146
-286291
-286592
-234560
-113508
422648
180341
-892357
-713500
-264020
-331336
946215
760215
277387
349715
1.24676e+06
1.08613e+06
923978
767538
-3.94717e+06
-3.27427e+06
-1.888e+06
-1.86349e+06
-590769
-491135
-273103
-280365
-270327
-143053
425258
166060
-941706
-753767
-276415
-352860
998224
799775
298313
370772
1.28731e+06
1.11698e+06
950043
784304
-3.93923e+06
-3.26609e+06
-1.88688e+06
-1.86721e+06
-517924
-431839
-253580
-248737
-213468
-95795.3
442827
200880
-897651
-719005
-266836
-327846
1.05333e+06
840333
304408
395510
1.35432e+06
1.16971e+06
969560
823846
-3.93508e+06
-3.25942e+06
-1.89211e+06
-1.86379e+06
-541076
-449682
-271931
-264326
-227721
-107142
435328
186219
-968400
-776085
-298507
-363764
1.01707e+06
814805
287193
371855
1.32024e+06
1.14647e+06
960022
799267
-3.95894e+06
-3.28253e+06
-1.90121e+06
-1.88554e+06
-565042
-470971
-276338
-278895
-226269
-107755
442640
183589
-1.03286e+06
-830677
-322938
-395774
946883
755166
273482
344930
1.29582e+06
1.12106e+06
961324
786755
-4.04187e+06
-3.34834e+06
-1.92995e+06
-1.90399e+06
-644954
-531602
-290607
-294464
-258227
-128299
452393
190247
-1.09665e+06
-879231
-332739
-412977
895251
721259
274639
342478
1.18235e+06
1.04112e+06
951095
767382
-4.07546e+06
-3.37703e+06
-1.94091e+06
-1.92009e+06
-615335
-509443
-273307
-277904
-271311
-138693
456691
187803
-1.13382e+06
-909773
-339468
-422776
874372
702243
277233
339110
1.17053e+06
1.03041e+06
957700
769533
-4.11613e+06
-3.40794e+06
-1.96077e+06
-1.9316e+06
-579183
-477817
-258405
-260292
-235452
-107814
474539
209519
-1.1659e+06
-933769
-350120
-430674
891633
717312
274671
348283
1.20417e+06
1.06269e+06
984047
800204
-4.27881e+06
-3.54485e+06
-2.0213e+06
-2.01454e+06
-714792
-584528
-303157
-319283
-369436
-213809
424098
155586
-1.22987e+06
-981424
-363354
-466562
763807
612156
222832
279235
1.07005e+06
951459
941518
743765
-4.25685e+06
-3.52818e+06
-2.02488e+06
-2.01092e+06
-764012
-627592
-329865
-339264
-399713
-243818
398989
137433
-1.183e+06
-947577
-341453
-441718
791306
631637
220323
290073
1.06562e+06
944844
940173
733982
-4.15986e+06
-3.4488e+06
-1.99156e+06
-1.97162e+06
-751716
-613868
-317007
-328827
-382893
-229663
401982
144678
-1.0565e+06
-844506
-293008
-389515
848862
679127
244917
314603
1.14801e+06
1.01253e+06
984611
774124
-4.20397e+06
-3.49268e+06
-2.03166e+06
-1.99531e+06
-863852
-710037
-363692
-373144
-458160
-294931
361322
112658
-1.02571e+06
-822016
-286617
-377711
833881
662651
226690
306043
1.08576e+06
964752
973342
764421
-4.21134e+06
-3.49801e+06
-2.05167e+06
-2.00733e+06
-858488
-702496
-366899
-372564
-520783
-342703
327755
76243.1
-956334
-760261
-254335
-343923
843418
672901
223025
304057
1.03848e+06
928585
952131
742621
-4.27937e+06
-3.5589e+06
-2.09414e+06
-2.0533e+06
-912627
-750332
-392407
-409815
-564732
-383410
299399
43551.4
-931357
-740741
-245294
-335253
808900
638938
192588
275531
1.0154e+06
907557
954467
729304
-1.04577e+06
-869515
-549202
-520107
-1.85288e+06
-1.56344e+06
-1.11223e+06
-992950
653022
507099
70070.7
179818
989860
777797
175913
308435
1.4446e+06
1.13386e+06
278614
456797
121284
104336
89616.6
64221.6
-1.05414e+06
-878998
-530014
-520107
-1.77981e+06
-1.51131e+06
-1.06649e+06
-970780
673281
515675
83675.5
181605
1.03313e+06
810554
209616
323911
1.49025e+06
1.17161e+06
322819
479603
170484
145880
128729
100724
-1.10954e+06
-920600
-555634
-527886
-1.77128e+06
-1.49692e+06
-1.06958e+06
-946714
608105
468965
50161.4
166962
1.04023e+06
821953
214465
344145
1.49096e+06
1.17792e+06
328129
501110
157805
140902
126535
104702
-1.11129e+06
-922446
-547359
-538822
-1.73567e+06
-1.46932e+06
-1.04255e+06
-943426
599991
460381
50665.6
154134
1.07062e+06
848281
238117
353986
1.51029e+06
1.1948e+06
347881
506014
250244
216202
174142
143404
-1.10849e+06
-918785
-549783
-530006
-1.68244e+06
-1.42338e+06
-1.02979e+06
-907012
613333
471839
33974.4
160204
1.11044e+06
879775
239405
376686
1.54661e+06
1.22331e+06
355363
525853
358908
302966
208633
191856
-1.16912e+06
-966741
-567286
-550901
-1.66301e+06
-1.4108e+06
-1.01332e+06
-911287
581247
439886
19904.3
131580
1.09237e+06
863568
238276
356993
1.531e+06
1.21257e+06
356466
518379
422817
361312
241390
219230
-1.2177e+06
-1.00894e+06
-585973
-581066
-1.70392e+06
-1.4422e+06
-1.0266e+06
-921871
570240
432812
16195.6
123389
1.08183e+06
850817
234559
348315
1.50773e+06
1.19192e+06
349926
507170
397242
333310
244259
204940
-1.15492e+06
-959435
-565998
-553773
-1.65222e+06
-1.4037e+06
-1.01224e+06
-901784
588258
444306
16285.4
139201
1.16461e+06
917870
262479
381762
1.55449e+06
1.2282e+06
359816
532369
386541
325802
232801
216155
-1.10085e+06
-916993
-559521
-536590
-1.65408e+06
-1.40638e+06
-1.02808e+06
-909361
582629
440053
12945
126134
1.22417e+06
965160
276823
404577
1.57278e+06
1.24304e+06
351459
529184
374428
314803
226687
195709
-1.093e+06
-913248
-567438
-541867
-1.70569e+06
-1.44928e+06
-1.05493e+06
-938429
601333
453789
6793.88
134590
1.23317e+06
973151
266022
407129
1.55471e+06
1.22563e+06
327756
512425
395778
330054
221344
205788
-1.08499e+06
-904674
-563012
-537824
-1.71785e+06
-1.45643e+06
-1.05376e+06
-936294
576433
435021
-5619.38
117868
1.24933e+06
984079
264554
407916
1.53514e+06
1.20964e+06
315826
499996
403692
336531
224860
202370
-1.08289e+06
-908748
-566683
-534617
-1.7476e+06
-1.48697e+06
-1.06236e+06
-949886
581156
430999
-5545.84
117079
1.26606e+06
994046
267579
409085
1.49692e+06
1.17312e+06
293943
484027
433416
357979
235771
217051
-1.05565e+06
-886103
-559119
-540988
-1.83051e+06
-1.55289e+06
-1.1123e+06
-993201
633126
478264
2364.57
127441
1.30969e+06
1.02802e+06
272372
417564
1.48071e+06
1.16135e+06
275270
461514
424510
347427
223013
198396
-1.01012e+06
-845281
-534209
-518893
-1.85336e+06
-1.57444e+06
-1.13459e+06
-1.01737e+06
705871
533201
24482.2
159342
1.37091e+06
1.07791e+06
288949
438430
1.5002e+06
1.17568e+06
272656
468248
395152
325560
194134
191124
-964579
-805840
-506836
-489393
-1.87779e+06
-1.59219e+06
-1.15153e+06
-1.02555e+06
726658
557822
34180.8
170264
1.41137e+06
1.11388e+06
302324
458546
1.48588e+06
1.16827e+06
261088
461640
302602
252682
158545
147036
-958954
-799519
-504299
-474537
-1.98466e+06
-1.68135e+06
-1.20231e+06
-1.07005e+06
812521
626871
60840.9
219143
1.4266e+06
1.12767e+06
300680
474869
1.4753e+06
1.15678e+06
244452
458398
261754
217516
126416
139166
-984105
-819223
-512861
-485468
-2.0984e+06
-1.7716e+06
-1.25125e+06
-1.11662e+06
803278
619042
50824.7
208294
1.41455e+06
1.11595e+06
288083
462115
1.40819e+06
1.10222e+06
207861
426165
187102
155572
84915
94087.6
-1.01189e+06
-843707
-520489
-497903
-2.21539e+06
-1.87374e+06
-1.29611e+06
-1.17633e+06
860111
661221
76392.3
227261
1.40608e+06
1.10626e+06
284705
454458
1.35917e+06
1.0579e+06
185809
396755
163491
135073
73254.8
78166.4
-1.0032e+06
-842880
-526334
-507167
-2.2649e+06
-1.91638e+06
-1.3333e+06
-1.20506e+06
915432
699791
92670.6
234362
1.44023e+06
1.12619e+06
295536
456925
1.40308e+06
1.08628e+06
196065
402224
135833
103665
62722.5
49168.7
-963041
-803882
-510999
-484792
-2.20261e+06
-1.86508e+06
-1.31782e+06
-1.18652e+06
966679
745077
114682
262522
1.51373e+06
1.19181e+06
323110
497005
1.51163e+06
1.17804e+06
237826
454134
96159.5
80270.1
45535.6
52232.6
-978267
-817942
-511843
-479867
-2.20741e+06
-1.86912e+06
-1.32966e+06
-1.18031e+06
988687
766017
137856
282872
1.53978e+06
1.21384e+06
347699
514865
1.57448e+06
1.23156e+06
263315
489069
12566
11668.7
28953.9
19043.1
-997380
-838274
-544220
-508695
-2.29759e+06
-1.94874e+06
-1.39319e+06
-1.24416e+06
1.02229e+06
791194
136402
291177
1.54991e+06
1.22077e+06
335655
514539
1.61754e+06
1.2609e+06
248239
484884
5269.36
2182.84
8427.3
7241.48
-1.06839e+06
-895928
-585711
-543654
-2.40192e+06
-2.03285e+06
-1.44877e+06
-1.28888e+06
991307
764415
108468
269558
1.51357e+06
1.19015e+06
313900
489995
1.5956e+06
1.24083e+06
220847
465191
-62212.7
-53507.5
-25695.6
-29528.1
-1.12697e+06
-949371
-623475
-573413
-2.49284e+06
-2.11559e+06
-1.49982e+06
-1.34225e+06
991335
758459
100005
259629
1.49714e+06
1.1739e+06
300827
482523
1.59699e+06
1.23591e+06
199406
456778
-82291.7
-70741.8
-38022.5
-36923.7
-1.15159e+06
-971230
-625508
-600979
-2.54959e+06
-2.1567e+06
-1.51955e+06
-1.37112e+06
1.04092e+06
807047
130335
285221
1.5287e+06
1.20161e+06
314535
483286
1.54277e+06
1.19494e+06
185669
426752
-131147
-110978
-41442.8
-67730.2
-1.19213e+06
-1.00135e+06
-649100
-607458
-2.6111e+06
-2.20808e+06
-1.55318e+06
-1.39412e+06
1.02969e+06
797639
125551
292152
1.51789e+06
1.19558e+06
308864
488660
1.47084e+06
1.13801e+06
156904
406222
-224831
-181598
-81269.9
-90484.2
-1.20547e+06
-1.01672e+06
-648565
-618141
-2.67394e+06
-2.26208e+06
-1.56693e+06
-1.42536e+06
1.02177e+06
792918
140907
291660
1.5279e+06
1.20187e+06
328342
496339
1.42643e+06
1.1036e+06
156387
391147
-269164
-218094
-77728.7
-109918
-1.22876e+06
-1.03219e+06
-668666
-615957
-2.72537e+06
-2.30264e+06
-1.59446e+06
-1.44002e+06
1.10262e+06
861492
172517
336838
1.57829e+06
1.24866e+06
338761
527619
1.43424e+06
1.10906e+06
153660
398220
-230088
-184184
-63954.3
-79161.3
-1.28532e+06
-1.07702e+06
-699362
-654875
-2.79556e+06
-2.355e+06
-1.62335e+06
-1.47026e+06
1.10534e+06
866832
169076
335304
1.57633e+06
1.24559e+06
328526
517248
1.36661e+06
1.05772e+06
117262
369188
-263879
-210793
-84939.1
-99198.6
-1.25201e+06
-1.05473e+06
-697935
-645227
-2.75632e+06
-2.3299e+06
-1.61258e+06
-1.46992e+06
1.24579e+06
974944
222495
381297
1.67051e+06
1.31867e+06
351144
543958
1.41452e+06
1.0901e+06
132645
370269
-152636
-122810
-39537.2
-66826.5
-1.08405e+06
-915323
-648893
-586126
-2.67637e+06
-2.26107e+06
-1.58613e+06
-1.4256e+06
1.4096e+06
1.11131e+06
276268
452145
1.8005e+06
1.4189e+06
396710
596157
1.56615e+06
1.21573e+06
192922
437217
-12196.2
-6695.59
24209.2
2863.78
-1.11383e+06
-945843
-641061
-595958
-2.70724e+06
-2.29349e+06
-1.58464e+06
-1.44094e+06
1.42507e+06
1.115e+06
284224
450386
1.77417e+06
1.39542e+06
404254
585730
1.59959e+06
1.2409e+06
230059
457958
-60743.3
-46096.3
23821
-5702.82
-1.12886e+06
-948235
-637353
-588644
-2.75446e+06
-2.32077e+06
-1.59308e+06
-1.44957e+06
1.40682e+06
1.10916e+06
278710
452603
1.74683e+06
1.38286e+06
419519
592652
1.62829e+06
1.27489e+06
258462
487117
-137623
-99644.8
13879.8
-26578.7
-1.06945e+06
-898689
-608898
-559046
-2.75521e+06
-2.32266e+06
-1.58113e+06
-1.44251e+06
1.47899e+06
1.16651e+06
298791
480852
1.79852e+06
1.42798e+06
448771
628738
1.75845e+06
1.38074e+06
311770
547391
-56393.9
-32526.9
57009.1
20152.5
-1.07964e+06
-907722
-623448
-563351
-2.78152e+06
-2.34162e+06
-1.59733e+06
-1.44626e+06
1.50715e+06
1.18635e+06
277762
485789
1.79893e+06
1.42571e+06
435863
623759
1.80721e+06
1.4173e+06
315785
567118
-23210.8
-6556.29
62017.5
35518.7
-1.13231e+06
-954890
-639232
-595629
-2.84082e+06
-2.39577e+06
-1.6088e+06
-1.48742e+06
1.50361e+06
1.17552e+06
266393
453975
1.76989e+06
1.40001e+06
432290
599257
1.84265e+06
1.44476e+06
331920
565391
9372.7
21839
91211.1
38692.2
-575203
-446159
-59581.5
-158273
748574
660873
639319
505965
692329
539047
107174
209925
-1.26319e+06
-1.03206e+06
-486501
-531139
-1.0347e+06
-875215
-603006
-551497
1.56056e+06
1.25752e+06
503456
606170
-647014
-502076
-97123.9
-183245
673905
603074
599699
473706
672007
521630
99605.2
193329
-1.33366e+06
-1.09028e+06
-519151
-569109
-1.05163e+06
-887876
-620247
-553479
1.58159e+06
1.27655e+06
504685
613288
-699957
-547520
-117400
-212095
680863
605003
608427
477390
635072
490910
85205
187833
-1.30481e+06
-1.06818e+06
-515270
-553797
-1.16168e+06
-982719
-661118
-607239
1.6382e+06
1.31555e+06
492382
622985
-765768
-596775
-131123
-238360
662295
595004
594600
464177
638008
497865
100127
183226
-1.26981e+06
-1.03571e+06
-509007
-546848
-1.16814e+06
-977256
-648845
-604849
1.66298e+06
1.33764e+06
489795
620858
-796424
-625963
-148194
-254321
728933
641596
605296
467707
673630
529221
128091
201682
-1.28771e+06
-1.05407e+06
-514106
-562684
-1.15048e+06
-968298
-644133
-596371
1.65844e+06
1.32805e+06
470413
604595
-801086
-631421
-150511
-260997
732305
637875
581911
468405
739891
580201
135479
240244
-1.24456e+06
-1.02037e+06
-525918
-541103
-1.08511e+06
-918134
-641154
-581393
1.74992e+06
1.40098e+06
489116
643698
-869735
-683681
-172517
-274074
705636
620719
570698
472084
674284
528653
109044
214669
-1.3213e+06
-1.08449e+06
-563684
-580707
-1.14101e+06
-960217
-654202
-593895
1.70828e+06
1.36368e+06
470290
628471
-870219
-685487
-174749
-286943
692824
608491
562384
452112
721547
562590
123907
211882
-1.36735e+06
-1.12772e+06
-584803
-615565
-1.08944e+06
-920149
-634192
-581220
1.72646e+06
1.37587e+06
481052
626356
-880518
-691089
-175044
-285197
690715
608870
568283
459152
712016
558955
121391
220728
-1.3732e+06
-1.12722e+06
-588594
-611852
-1.16957e+06
-982480
-664407
-608662
1.71231e+06
1.36629e+06
467123
620943
-895194
-704684
-167936
-291504
709483
625974
589079
461067
754177
593331
152336
231457
-1.38417e+06
-1.13719e+06
-589873
-624169
-1.13447e+06
-953186
-629433
-594495
1.72282e+06
1.37461e+06
479849
618101
-897431
-703703
-152112
-288606
769319
676069
628504
492094
799138
634212
195925
264550
-1.47803e+06
-1.2139e+06
-613077
-652248
-1.14894e+06
-961838
-613881
-579785
1.67158e+06
1.33308e+06
474264
607099
-868534
-675694
-116572
-255710
783418
687582
639744
517495
892672
711919
231728
323713
-1.49565e+06
-1.22332e+06
-618509
-650001
-1.09811e+06
-915816
-581750
-550459
1.69682e+06
1.36047e+06
504635
637529
-904692
-703110
-135711
-262250
770303
678607
626340
510692
842173
671906
207970
301901
-1.55247e+06
-1.26942e+06
-637783
-674396
-1.08469e+06
-906166
-580395
-540565
1.64883e+06
1.32318e+06
496383
622190
-908044
-708568
-141942
-278466
787294
689409
621610
497016
913965
724434
243634
306850
-1.56242e+06
-1.28153e+06
-644496
-695840
-1.04283e+06
-873731
-575485
-531805
1.71443e+06
1.37395e+06
540552
636726
-894469
-698451
-131938
-263584
852260
740170
656749
536423
953224
759085
264922
345047
-1.51254e+06
-1.23954e+06
-621992
-662044
-1.08713e+06
-913720
-592444
-550184
1.8117e+06
1.45352e+06
578046
693256
-1.0066e+06
-787618
-160178
-306246
815390
714617
648125
519653
921451
736135
272023
337577
-1.5391e+06
-1.25987e+06
-633328
-664789
-1.14386e+06
-954701
-607409
-567329
1.82353e+06
1.46707e+06
604728
706475
-982847
-764373
-152799
-307092
923571
802015
691884
546045
958295
771591
304116
353734
-1.60353e+06
-1.31456e+06
-666191
-707741
-1.11204e+06
-932090
-594977
-566849
1.84404e+06
1.48716e+06
621219
713463
-992812
-776951
-158472
-293917
929937
801455
674374
571467
1.0066e+06
808436
306829
399456
-1.6219e+06
-1.33093e+06
-699014
-711422
-1.06365e+06
-896284
-594967
-541729
1.87605e+06
1.51551e+06
630439
752939
-980774
-765576
-171514
-296187
947829
819893
671148
575543
925174
739885
246055
344116
-1.60383e+06
-1.32053e+06
-715738
-720612
-1.03948e+06
-876700
-608592
-551330
1.90071e+06
1.53323e+06
615542
749846
-921973
-713515
-160794
-278980
939201
819153
665590
567775
889785
712909
221035
312480
-1.62419e+06
-1.33515e+06
-725917
-738600
-975591
-822901
-605059
-532693
1.9401e+06
1.56897e+06
635910
760897
-923626
-724764
-179631
-283411
949717
818945
666208
576424
783534
617447
163149
271371
-1.63996e+06
-1.35398e+06
-741653
-740461
-1.04598e+06
-891614
-653089
-570011
1.95376e+06
1.57089e+06
613494
761793
-946110
-744720
-203635
-304538
925492
802005
653484
558208
654359
514349
106821
203008
-1.63093e+06
-1.34342e+06
-743198
-748997
-1.06691e+06
-908035
-673273
-593178
1.93916e+06
1.55962e+06
594906
740905
-785875
-614078
-142383
-261090
1.10847e+06
951678
732603
615478
736572
582573
149351
218871
-1.50075e+06
-1.23749e+06
-673517
-701549
-929976
-795680
-623754
-545677
2.03965e+06
1.64052e+06
636430
767745
-670968
-526945
-101217
-203444
1.14581e+06
971942
735195
643744
795567
621277
152097
256949
-1.40643e+06
-1.16373e+06
-647360
-649688
-853680
-742152
-620667
-523666
2.15335e+06
1.72965e+06
675612
828011
-641354
-498859
-87386.4
-180505
1.11406e+06
952265
726893
639173
733927
577242
120309
235678
-1.45649e+06
-1.19853e+06
-649499
-653179
-890253
-769887
-650499
-536080
2.15599e+06
1.73289e+06
668818
829390
-579567
-450866
-50413.2
-162939
1.07652e+06
920102
722385
613873
771385
600762
141576
226061
-1.52119e+06
-1.25186e+06
-651619
-684217
-918317
-797527
-679368
-562791
2.21577e+06
1.77832e+06
709440
839935
-527736
-403518
-18164.2
-133795
1.08498e+06
931006
742201
628013
749257
588591
134453
233251
-1.56176e+06
-1.27773e+06
-648865
-683710
-1.03039e+06
-890211
-734552
-619290
2.28331e+06
1.83581e+06
727059
873290
-432324
-323911
30870.9
-85839.2
1.12451e+06
967212
769312
649324
750590
588345
135315
231208
-1.53453e+06
-1.25112e+06
-626789
-660256
-1.09171e+06
-938874
-774084
-645026
2.36277e+06
1.90118e+06
749576
902227
-366880
-270313
71197.2
-45245.6
1.19774e+06
1.02469e+06
811947
683710
761264
598564
155196
240305
-1.60986e+06
-1.31454e+06
-625209
-678880
-1.16894e+06
-1.00984e+06
-817980
-684441
2.36577e+06
1.90028e+06
748279
904947
-286665
-197960
112977
606.698
1.19719e+06
1.02825e+06
809554
697243
827594
655265
165387
281431
-1.57917e+06
-1.28346e+06
-614962
-659280
-1.14967e+06
-994577
-846032
-697731
2.45639e+06
1.98211e+06
783044
955149
-347645
-247595
92980.3
-14963.8
1.1316e+06
974267
785007
672693
779787
614751
142031
250885
-1.6644e+06
-1.35363e+06
-650736
-705507
-1.15569e+06
-1.00315e+06
-856416
-710688
2.40499e+06
1.93551e+06
762975
930076
-353167
-258414
101135
-29513.2
1.10568e+06
947643
782224
644774
828797
647189
169410
244837
-1.6594e+06
-1.35647e+06
-645995
-722274
-1.07211e+06
-943681
-840776
-692876
2.48323e+06
1.99242e+06
808550
944848
-432252
-313067
98423.6
-44832
1.09795e+06
948345
805852
660001
817445
648217
193240
271094
-1.66192e+06
-1.35035e+06
-635410
-705384
-1.09585e+06
-957752
-843298
-696380
2.49555e+06
2.01124e+06
828118
970251
-519509
-385252
90572.6
-63909
1.03307e+06
896359
799353
646467
797892
629483
198381
275689
-1.68569e+06
-1.3735e+06
-639394
-703553
-1.08905e+06
-956533
-840065
-686258
2.49921e+06
2.01195e+06
848658
982413
-621820
-458894
71607.3
-84432.1
995671
872342
797294
639203
774389
618094
203088
273365
-1.79255e+06
-1.45377e+06
-678392
-737626
-1.15438e+06
-1.00578e+06
-875308
-703976
2.43461e+06
1.96857e+06
832688
974183
-728454
-542112
58383.7
-115631
915589
808563
777776
623544
787283
629346
203548
288435
-1.81771e+06
-1.47118e+06
-685906
-750344
-1.19135e+06
-1.03444e+06
-902755
-731059
2.43342e+06
1.97433e+06
852945
990362
2.04002e+06
1.71548e+06
1.08941e+06
1.04052e+06
1.6434e+06
1.38486e+06
894284
849235
-610394
-445776
62262.2
-76551.4
-2.67742e+06
-2.10574e+06
-572393
-865642
-1.53763e+06
-1.28442e+06
-810548
-761818
694371
528202
-3302.9
159683
1.94428e+06
1.63318e+06
1.06123e+06
996644
1.62899e+06
1.37508e+06
905225
828258
-649499
-476517
61516.2
-105741
-2.74913e+06
-2.1673e+06
-588292
-902634
-1.60517e+06
-1.34135e+06
-824335
-788371
583150
438734
-26694.7
107440
1.82274e+06
1.53513e+06
1.00047e+06
951891
1.56092e+06
1.31662e+06
872679
827840
-796846
-600185
-10352
-152596
-2.9454e+06
-2.32924e+06
-662791
-973610
-1.73451e+06
-1.448e+06
-902274
-850256
537999
399978
-63378
92994.4
1.76169e+06
1.48023e+06
974591
909341
1.50277e+06
1.26319e+06
843333
785215
-851794
-649468
-35385.7
-189560
-3.03201e+06
-2.40211e+06
-703653
-1.02651e+06
-1.74869e+06
-1.46501e+06
-915337
-869379
500912
364409
-82505.9
62779.1
1.73361e+06
1.45747e+06
979428
897110
1.40399e+06
1.18415e+06
822729
731486
-874367
-668321
-29855.5
-210733
-3.09342e+06
-2.45284e+06
-714536
-1.05791e+06
-1.75505e+06
-1.47157e+06
-929930
-884503
508956
374049
-57878.8
58455.8
1.81663e+06
1.52797e+06
1.01624e+06
918553
1.53777e+06
1.29792e+06
891135
787991
-857565
-650188
-5559.27
-209660
-3.06574e+06
-2.42659e+06
-695700
-1.0517e+06
-1.77352e+06
-1.48679e+06
-930377
-901986
554327
407151
-39014.6
70976.6
1.95009e+06
1.63916e+06
1.08732e+06
996195
1.69705e+06
1.43017e+06
968823
877888
-758704
-568897
47112.4
-143915
-2.90104e+06
-2.28977e+06
-617105
-961839
-1.72224e+06
-1.44352e+06
-888125
-865753
696319
523943
19300.5
145411
1.93838e+06
1.63527e+06
1.09295e+06
1.00066e+06
1.75015e+06
1.48037e+06
1.00013e+06
896985
-775365
-573166
64099.9
-142350
-2.85802e+06
-2.24812e+06
-580390
-932180
-1.76316e+06
-1.47052e+06
-884839
-863761
671988
511336
20143.4
142446
2.03271e+06
1.71298e+06
1.1466e+06
1.05467e+06
1.86638e+06
1.57566e+06
1.05856e+06
977427
-716806
-525675
103105
-96751.3
-2.80435e+06
-2.204e+06
-527756
-886846
-1.74062e+06
-1.44906e+06
-863765
-845668
861153
664032
106938
233301
1.93012e+06
1.62689e+06
1.10804e+06
1.01465e+06
1.8085e+06
1.52053e+06
1.02429e+06
944178
-855620
-640507
62142.7
-147925
-2.8807e+06
-2.26679e+06
-553791
-916779
-1.82436e+06
-1.51897e+06
-889427
-875260
803789
614015
77153.8
207908
1.87939e+06
1.59039e+06
1.09863e+06
996197
1.72581e+06
1.45753e+06
990395
896448
-876650
-651815
76834.9
-159619
-2.9094e+06
-2.28451e+06
-549956
-927637
-1.85239e+06
-1.53861e+06
-910870
-888359
770447
593205
70904.4
193491
1.929e+06
1.63153e+06
1.10949e+06
1.02218e+06
1.89697e+06
1.59789e+06
1.04645e+06
977816
-837060
-616854
91789.5
-128020
-2.81179e+06
-2.20102e+06
-519393
-872482
-1.89543e+06
-1.57412e+06
-937934
-898681
863424
665211
79888.9
236623
1.96128e+06
1.65599e+06
1.12431e+06
1.0255e+06
1.92675e+06
1.61903e+06
1.05624e+06
982338
-830265
-613092
85649
-138187
-2.80598e+06
-2.19622e+06
-503775
-881622
-1.96785e+06
-1.635e+06
-959748
-953564
881247
677369
80680.9
227440
1.92017e+06
1.61648e+06
1.09584e+06
1.02918e+06
1.88139e+06
1.57682e+06
1.02274e+06
973596
-835000
-620903
75436.3
-122180
-2.91489e+06
-2.28807e+06
-538395
-893948
-2.00804e+06
-1.67171e+06
-989682
-945480
768130
583919
36162.1
208905
1.8455e+06
1.55821e+06
1.07069e+06
964919
1.75147e+06
1.47428e+06
979185
903333
-951972
-715239
37050.3
-197498
-3.13526e+06
-2.46444e+06
-595271
-1.01011e+06
-2.14604e+06
-1.7812e+06
-1.04395e+06
-1.04394e+06
704620
533621
20221.8
145511
1.93565e+06
1.63209e+06
1.11729e+06
1.00496e+06
1.77924e+06
1.49471e+06
997591
905116
-829419
-614327
98072.9
-141653
-3.14429e+06
-2.4675e+06
-579747
-1.00232e+06
-1.99655e+06
-1.66048e+06
-983638
-972936
781306
599484
76558.5
188858
2.02284e+06
1.70057e+06
1.14037e+06
1.06056e+06
1.80058e+06
1.50908e+06
991436
924001
-702178
-514473
136742
-78935
-3.1161e+06
-2.44466e+06
-570105
-975891
-1.86449e+06
-1.55689e+06
-970624
-913745
895995
695209
116925
255116
2.05636e+06
1.72478e+06
1.13588e+06
1.05989e+06
1.84647e+06
1.54482e+06
998039
946409
-704097
-516795
131707
-80443.3
-3.16557e+06
-2.48549e+06
-593301
-990669
-1.94586e+06
-1.62539e+06
-1.01757e+06
-955484
888900
681172
91733
250418
2.02717e+06
1.70175e+06
1.1246e+06
1.04812e+06
1.80194e+06
1.51196e+06
998775
930377
-821188
-610023
84652
-125610
-3.27007e+06
-2.56894e+06
-617183
-1.02816e+06
-2.06877e+06
-1.7295e+06
-1.06145e+06
-1.02169e+06
801565
610893
46741.2
205651
2.06543e+06
1.73523e+06
1.12447e+06
1.05736e+06
1.84941e+06
1.55711e+06
1.01686e+06
946262
-808065
-594160
77473.4
-128801
-3.31543e+06
-2.59956e+06
-631953
-1.03887e+06
-2.0663e+06
-1.72211e+06
-1.0779e+06
-1.01381e+06
741996
567375
14048.1
178735
2.20013e+06
1.84004e+06
1.16541e+06
1.09222e+06
1.9464e+06
1.63033e+06
1.04799e+06
981174
-743717
-549196
89024
-119358
-3.32739e+06
-2.6142e+06
-626120
-1.0608e+06
-1.97905e+06
-1.65779e+06
-1.05685e+06
-1.01585e+06
857342
653507
46635.1
200158
2.37515e+06
1.98077e+06
1.22768e+06
1.16843e+06
2.05158e+06
1.71479e+06
1.0946e+06
1.02971e+06
-662543
-486634
110760
-84258.1
-3.29685e+06
-2.58704e+06
-609363
-1.03554e+06
-1.84694e+06
-1.55136e+06
-1.01789e+06
-947068
967249
742186
81494.1
248316
2.55994e+06
2.12989e+06
1.2841e+06
1.24466e+06
2.17019e+06
1.81162e+06
1.1255e+06
1.07246e+06
-503050
-358787
155332
-32094.9
-3.20167e+06
-2.50957e+06
-576957
-999464
-1.66914e+06
-1.40869e+06
-995946
-882124
1.11601e+06
864989
125442
305186
2.59443e+06
2.15167e+06
1.32974e+06
1.24888e+06
2.20944e+06
1.84043e+06
1.1768e+06
1.09536e+06
-514295
-371462
182498
-36522.8
-3.24525e+06
-2.54786e+06
-554477
-1.01071e+06
-1.78708e+06
-1.51047e+06
-1.02853e+06
-942264
1.12355e+06
861897
148971
304086
2.58547e+06
2.1567e+06
1.31519e+06
1.27618e+06
2.17378e+06
1.82057e+06
1.15436e+06
1.10256e+06
-567876
-405768
147428
-27737.7
-3.32559e+06
-2.60528e+06
-592212
-1.02251e+06
-1.92506e+06
-1.62233e+06
-1.09265e+06
-996784
1.05622e+06
813592
102400
290199
2.58436e+06
2.15337e+06
1.31992e+06
1.26555e+06
2.18739e+06
1.83308e+06
1.16829e+06
1.09053e+06
-574653
-410624
153423
-41127.5
-3.32493e+06
-2.6057e+06
-588200
-1.03124e+06
-2.00836e+06
-1.68981e+06
-1.11479e+06
-1.03497e+06
992493
761951
82288.8
251430
2.59918e+06
2.16913e+06
1.32152e+06
1.27882e+06
2.17002e+06
1.81979e+06
1.15694e+06
1.10434e+06
-633409
-457318
124013
-56692.3
-3.39252e+06
-2.65834e+06
-603889
-1.04767e+06
-2.09145e+06
-1.75819e+06
-1.16244e+06
-1.07412e+06
1.03265e+06
794502
83622.4
274116
2.62505e+06
2.19057e+06
1.33934e+06
1.286e+06
2.18471e+06
1.83061e+06
1.16903e+06
1.10423e+06
-640679
-461997
137517
-59228.7
-3.41257e+06
-2.67248e+06
-605627
-1.05854e+06
-2.12384e+06
-1.78199e+06
-1.16391e+06
-1.08357e+06
987071
755831
65041.8
245569
2.67817e+06
2.23561e+06
1.38171e+06
1.31344e+06
2.1602e+06
1.81143e+06
1.17159e+06
1.0902e+06
-590402
-421800
180808
-31866.5
-3.42732e+06
-2.68637e+06
-592263
-1.05537e+06
-2.12459e+06
-1.78238e+06
-1.16098e+06
-1.08428e+06
964687
739577
73061.8
238344
2.71938e+06
2.2661e+06
1.39469e+06
1.3315e+06
2.18766e+06
1.83427e+06
1.19152e+06
1.10543e+06
-661069
-476878
164984
-62154.7
-3.48759e+06
-2.7328e+06
-607250
-1.08099e+06
-2.24447e+06
-1.88172e+06
-1.21004e+06
-1.13777e+06
946139
718248
49782.4
224581
2.78321e+06
2.32462e+06
1.43253e+06
1.35517e+06
2.26369e+06
1.9005e+06
1.24122e+06
1.14491e+06
-661303
-474813
175441
-57107.4
-3.49211e+06
-2.73316e+06
-589714
-1.07716e+06
-2.28651e+06
-1.91719e+06
-1.19966e+06
-1.16478e+06
945375
718348
43641.9
214457
2.82947e+06
2.36712e+06
1.45743e+06
1.40626e+06
2.32803e+06
1.96081e+06
1.2842e+06
1.19306e+06
-614693
-432191
196137
-17249.9
-3.52662e+06
-2.75598e+06
-599421
-1.06635e+06
-2.2939e+06
-1.91814e+06
-1.18967e+06
-1.13048e+06
915861
700971
29406.4
221188
2.87569e+06
2.39609e+06
1.48108e+06
1.39898e+06
2.36734e+06
1.98633e+06
1.30755e+06
1.21026e+06
-658323
-476778
178031
-55803.5
-3.6081e+06
-2.83041e+06
-608749
-1.12017e+06
-2.34079e+06
-1.96051e+06
-1.20832e+06
-1.17899e+06
1.00492e+06
761729
56633.6
227693
2.92577e+06
2.44438e+06
1.52492e+06
1.44405e+06
2.37071e+06
1.99285e+06
1.33773e+06
1.22501e+06
-632758
-450983
203232
-31910.3
-3.66692e+06
-2.87063e+06
-615494
-1.12589e+06
-2.32669e+06
-1.94447e+06
-1.1719e+06
-1.15142e+06
1.03904e+06
793013
79240.5
253141
3.04769e+06
2.54735e+06
1.59057e+06
1.50843e+06
2.43246e+06
2.04709e+06
1.37863e+06
1.25771e+06
-521662
-359004
255100
18118.9
-3.60091e+06
-2.81263e+06
-578378
-1.09073e+06
-2.1739e+06
-1.81672e+06
-1.1195e+06
-1.07824e+06
1.17001e+06
905819
136692
312944
3.09616e+06
2.58483e+06
1.59189e+06
1.5361e+06
2.52515e+06
2.12349e+06
1.4062e+06
1.3138e+06
-534562
-367647
247600
27309.9
-3.63962e+06
-2.84153e+06
-603155
-1.08805e+06
-2.24065e+06
-1.87176e+06
-1.1692e+06
-1.09323e+06
1.19348e+06
917020
113679
329244
401682
368014
440578
322208
334059
235125
-110845
171.12
-1.21931e+06
-962828
-249759
-406729
-1.00515e+06
-722603
259348
-76044.4
-2.98411e+06
-2.47323e+06
-1.42154e+06
-1.40538e+06
1.575e+06
1.27497e+06
574156
644516
541955
486913
499632
377968
492813
368064
-35846.1
76769.9
-1.17058e+06
-922181
-223185
-383222
-928785
-657524
304853
-40893.4
-2.94017e+06
-2.43494e+06
-1.40412e+06
-1.39729e+06
1.66899e+06
1.35242e+06
600566
683924
713931
624809
576340
456729
622929
471625
28269.4
139268
-1.07336e+06
-843035
-188270
-342170
-873319
-611362
340903
-3090.06
-2.79502e+06
-2.31985e+06
-1.36042e+06
-1.3408e+06
1.83309e+06
1.48311e+06
664134
745798
705046
618153
563069
455592
575254
435545
481.54
118688
-1.15722e+06
-912831
-243553
-383942
-960500
-681720
289846
-45611.9
-2.78909e+06
-2.31571e+06
-1.38305e+06
-1.34941e+06
1.8386e+06
1.48978e+06
660760
749448
729906
635505
558673
464889
540833
403059
-25846.9
115132
-1.21762e+06
-969082
-283018
-407576
-977246
-700019
280948
-53313
-2.81865e+06
-2.34855e+06
-1.41346e+06
-1.36382e+06
1.85205e+06
1.49787e+06
655705
756856
736377
637982
551148
467195
499919
367606
-59733.6
87566.7
-1.21578e+06
-967787
-291496
-415559
-982745
-704885
275726
-52834.3
-2.79569e+06
-2.32998e+06
-1.42216e+06
-1.35491e+06
1.78066e+06
1.43737e+06
620653
732495
698051
611205
541083
433467
503439
374798
-58746.4
62472.9
-1.23485e+06
-976733
-290732
-433530
-1.03992e+06
-744528
262658
-84296.3
-2.83026e+06
-2.35444e+06
-1.43896e+06
-1.38183e+06
1.77979e+06
1.44371e+06
624500
713143
759684
659869
557854
473776
627822
472992
-24524.6
134642
-1.22252e+06
-969390
-284449
-404778
-976412
-693701
295670
-35012.4
-2.87024e+06
-2.39006e+06
-1.45868e+06
-1.39159e+06
1.84349e+06
1.48932e+06
622213
751744
709454
614854
549899
443977
563990
413352
-45700.3
91295.3
-1.35614e+06
-1.08041e+06
-328232
-472214
-1.08168e+06
-781163
276714
-83179.8
-2.97357e+06
-2.47947e+06
-1.50516e+06
-1.45359e+06
1.86269e+06
1.50035e+06
620861
735360
717911
623573
548750
446211
586684
434757
-55430.8
93454.8
-1.35417e+06
-1.0772e+06
-340461
-475566
-1.02724e+06
-732413
289246
-61152
-2.96028e+06
-2.46445e+06
-1.50852e+06
-1.44912e+06
1.99029e+06
1.60638e+06
666060
785925
805794
701671
595072
476299
676181
513273
-18446.3
124936
-1.28704e+06
-1.01749e+06
-305551
-456445
-923927
-641989
356674
-23929.9
-2.94867e+06
-2.45159e+06
-1.48046e+06
-1.44921e+06
2.12522e+06
1.72206e+06
732511
833132
867901
755403
621009
515849
708896
538743
-22640.1
136310
-1.18232e+06
-929913
-250802
-401350
-865168
-590820
396857
24595.3
-2.9171e+06
-2.42096e+06
-1.46772e+06
-1.41587e+06
2.13263e+06
1.7309e+06
744424
857052
925566
789408
620516
547268
784974
589062
-14395.3
157988
-1.10936e+06
-877780
-241175
-368318
-881634
-611287
382331
24613.7
-2.89191e+06
-2.41388e+06
-1.47965e+06
-1.40453e+06
2.19424e+06
1.77381e+06
775933
896562
873215
749025
590906
512545
798860
602897
-11221.1
160543
-1.13832e+06
-899025
-252332
-386456
-923464
-640166
382761
7844.64
-2.99341e+06
-2.49651e+06
-1.53044e+06
-1.46712e+06
2.14727e+06
1.73656e+06
755426
872978
809654
688730
559114
473667
739676
545202
-41597
120954
-1.20911e+06
-962430
-290001
-423970
-1.05153e+06
-749928
339118
-48136.3
-3.0194e+06
-2.52804e+06
-1.56713e+06
-1.50089e+06
2.11532e+06
1.7069e+06
749823
848738
689929
594005
498942
433749
627547
459528
-100449
80661.8
-1.28555e+06
-1.02323e+06
-336312
-458365
-1.12523e+06
-803608
312739
-70143.6
-3.10225e+06
-2.59304e+06
-1.62208e+06
-1.53412e+06
2.04334e+06
1.65687e+06
741765
845072
594717
520318
449581
380512
554070
402527
-135695
48226.8
-1.32989e+06
-1.05799e+06
-359376
-477673
-1.17645e+06
-840949
312255
-86518.8
-3.24358e+06
-2.70834e+06
-1.68254e+06
-1.60231e+06
1.96207e+06
1.59584e+06
718746
810710
567704
490958
420346
365781
560881
400261
-156727
44033
-1.29477e+06
-1.03516e+06
-347993
-463663
-1.15927e+06
-829261
322549
-64118.3
-3.25213e+06
-2.71802e+06
-1.70801e+06
-1.60064e+06
1.89494e+06
1.53573e+06
691246
789541
575540
502698
436939
349241
563421
405058
-150674
28091.2
-1.20896e+06
-960033
-307403
-430945
-1.19633e+06
-855331
306610
-83506.5
-3.27767e+06
-2.73713e+06
-1.72806e+06
-1.63463e+06
1.92949e+06
1.57029e+06
718514
796233
607985
531002
459433
366735
551758
396320
-151970
29569.8
-1.21776e+06
-968226
-309529
-436249
-1.28549e+06
-927983
276828
-124990
-3.37368e+06
-2.8171e+06
-1.77904e+06
-1.68765e+06
1.91969e+06
1.56028e+06
699598
787888
642863
560304
472087
391012
516988
363100
-184751
8082.23
-1.19361e+06
-948261
-323955
-426023
-1.39023e+06
-1.01521e+06
215119
-166432
-3.35977e+06
-2.81174e+06
-1.81938e+06
-1.69923e+06
1.99237e+06
1.61649e+06
697558
810269
701938
608273
506259
411060
528523
371486
-188435
2210.42
-1.10633e+06
-882654
-308369
-406726
-1.37792e+06
-1.00864e+06
204350
-180105
-3.28853e+06
-2.75869e+06
-1.80629e+06
-1.69431e+06
2.11477e+06
1.71466e+06
746899
849539
740743
636004
526135
437574
505524
347216
-208455
3116.22
-1.09167e+06
-877692
-319452
-405952
-1.39113e+06
-1.02544e+06
194349
-188696
-3.30334e+06
-2.77896e+06
-1.8156e+06
-1.69625e+06
2.17792e+06
1.75861e+06
758752
880644
744653
644340
553626
457159
478530
328634
-217369
-10906.4
-979047
-782927
-252723
-354035
-1.39017e+06
-1.02057e+06
215083
-175554
-3.31886e+06
-2.78224e+06
-1.81091e+06
-1.6795e+06
2.11634e+06
1.71284e+06
755698
867994
707467
616309
549968
447427
472972
325435
-213858
-15516
-1.01154e+06
-803512
-244090
-354502
-1.48919e+06
-1.09852e+06
188723
-213159
-3.39717e+06
-2.84709e+06
-1.83102e+06
-1.71087e+06
2.16475e+06
1.75597e+06
797742
891129
778769
678246
578139
469243
516155
360885
-196311
2676.4
-1.01877e+06
-809942
-234490
-356267
-1.49553e+06
-1.10593e+06
186690
-221003
-3.46823e+06
-2.9051e+06
-1.86124e+06
-1.7559e+06
2.22606e+06
1.80428e+06
805306
911883
836355
728131
607122
516237
515043
363458
-194609
19103.9
-1.00733e+06
-791318
-220339
-332692
-1.53782e+06
-1.13298e+06
176350
-219941
-3.45581e+06
-2.88781e+06
-1.86957e+06
-1.73728e+06
2.33033e+06
1.89431e+06
844593
966736
768689
668649
597435
483683
427887
288815
-215154
-21848.9
-1.06212e+06
-837446
-219841
-350158
-1.61906e+06
-1.20089e+06
151726
-259155
-3.51797e+06
-2.94443e+06
-1.87392e+06
-1.77104e+06
2.36982e+06
1.92482e+06
893261
986589
774655
671040
595754
492760
389755
255741
-231211
-32215.8
-1.09282e+06
-865556
-223297
-360516
-1.63982e+06
-1.22037e+06
159108
-273898
-3.57642e+06
-2.9982e+06
-1.89725e+06
-1.79107e+06
2.45465e+06
1.99299e+06
926939
1.0236e+06
766622
664481
566694
468123
338443
213853
-282910
-82771.1
-1.04866e+06
-827319
-210606
-356508
-1.67089e+06
-1.2452e+06
139004
-295274
-3.61014e+06
-3.02371e+06
-1.93601e+06
-1.82369e+06
2.43236e+06
1.97431e+06
910049
1.00575e+06
806632
699131
571883
475763
404025
268599
-263011
-72723.1
-980401
-766644
-190259
-321234
-1.64803e+06
-1.22206e+06
145974
-271448
-3.60778e+06
-3.02522e+06
-1.94908e+06
-1.82678e+06
2.52365e+06
2.05507e+06
960148
1.04709e+06
772137
668564
570492
471189
423478
280753
-241618
-46223.6
-1.03073e+06
-810955
-194271
-328923
-1.69003e+06
-1.25666e+06
153391
-274319
-3.76033e+06
-3.15288e+06
-2.00839e+06
-1.88582e+06
2.48855e+06
2.02228e+06
955762
1.04731e+06
683911
604390
550682
437944
361710
238272
-255873
-73097.9
-1.15289e+06
-901774
-234855
-380385
-1.8357e+06
-1.36671e+06
117555
-327331
-3.91475e+06
-3.27272e+06
-2.08053e+06
-1.96201e+06
2.44619e+06
1.99877e+06
951838
1.02875e+06
556592
500534
523014
403379
295812
184819
-264343
-87833.3
-1.25001e+06
-982120
-256296
-406762
-1.90684e+06
-1.42299e+06
112273
-341569
-4.06724e+06
-3.4024e+06
-2.11977e+06
-2.01911e+06
2.42163e+06
1.98111e+06
985481
1.04429e+06
525358
479938
523963
394911
319795
207145
-242173
-71417.8
-1.25412e+06
-981523
-247192
-407502
-1.91445e+06
-1.42351e+06
137259
-339754
-4.15878e+06
-3.47355e+06
-2.14691e+06
-2.05572e+06
2.44993e+06
2.00804e+06
1.01298e+06
1.06228e+06
493695
449435
524097
372657
308537
194586
-244300
-88710.8
-1.2334e+06
-969854
-221954
-407086
-1.92563e+06
-1.43733e+06
152367
-343300
-4.20894e+06
-3.5177e+06
-2.1737e+06
-2.08736e+06
2.4255e+06
1.98415e+06
1.02676e+06
1.05096e+06
619752
540843
483081
383511
-226822
-178964
-27686.1
-68461.4
-171498
-94348.6
243013
90714
-2.76455e+06
-2.25962e+06
-1.08327e+06
-1.18743e+06
-246276
-229257
-264278
-211839
-1.17277e+06
-954329
-416190
-480833
609181
532875
486043
389304
-302261
-237946
-43549.3
-95885.8
-233501
-144909
217930
64289.4
-2.87413e+06
-2.34777e+06
-1.11747e+06
-1.22343e+06
-301819
-273579
-280111
-224573
-1.25051e+06
-1.01686e+06
-444689
-503039
650279
570172
486697
406179
-219380
-165141
-18524.1
-57178.8
-136313
-58491.9
265843
105044
-2.88958e+06
-2.35558e+06
-1.12517e+06
-1.23247e+06
-208256
-189129
-241579
-180373
-1.28955e+06
-1.04444e+06
-477762
-522764
699799
605461
517041
419313
-170985
-132199
5591.8
-28830.9
-60027.7
1276.33
313819
148802
-2.88218e+06
-2.34887e+06
-1.10541e+06
-1.2234e+06
-197272
-181231
-212897
-166524
-1.3017e+06
-1.06084e+06
-474801
-535020
766694
663389
548706
453180
-131856
-98758.8
21047.7
-19677.4
49358.2
93450.5
370007
196619
-2.88969e+06
-2.35395e+06
-1.08342e+06
-1.22252e+06
-155834
-145280
-168990
-142561
-1.33357e+06
-1.08461e+06
-474852
-543144
870071
746738
575257
491305
-61629.3
-41556
42145
14778.5
129596
161266
403069
237536
-2.85465e+06
-2.31988e+06
-1.05858e+06
-1.19313e+06
-87638.8
-84829.5
-138375
-105259
-1.31406e+06
-1.06794e+06
-483197
-538093
904735
775765
598151
514550
-82790.2
-56553.7
38069.9
-2591.55
153821
181050
408245
258938
-2.86053e+06
-2.32282e+06
-1.04449e+06
-1.18337e+06
-55222.9
-61223.4
-111106
-89532.4
-1.35317e+06
-1.09806e+06
-489180
-554278
966599
823914
615180
545588
-64296.5
-39986.9
59677
8543.97
153651
179470
399766
251713
-2.86366e+06
-2.32318e+06
-1.03737e+06
-1.17622e+06
420.021
-16495.4
-102308
-60289.3
-1.35623e+06
-1.10154e+06
-491451
-546744
926422
784172
572501
530847
-100990
-72867.4
35547.7
12788
134040
158978
396659
246826
-2.88894e+06
-2.34861e+06
-1.04739e+06
-1.17947e+06
-3889.79
-25013.9
-136518
-61115.9
-1.45063e+06
-1.18385e+06
-559179
-587153
920028
778419
570304
491980
-82783.1
-59853.1
35190.6
3296.53
152619
176257
401439
245857
-2.88489e+06
-2.34121e+06
-1.04268e+06
-1.18746e+06
-27213.7
-42111.7
-145832
-96343.3
-1.47829e+06
-1.20791e+06
-568327
-628757
930360
789492
577073
521584
-89078.5
-60839.5
41916.6
12657.2
168591
190309
418241
263191
-2.91583e+06
-2.3641e+06
-1.02874e+06
-1.18454e+06
-80159.7
-86167.3
-159575
-99290.5
-1.53526e+06
-1.25168e+06
-574084
-634461
900853
763035
558201
494563
-132669
-98706.4
27604.7
-3814.13
96416.8
131545
390953
232526
-2.94892e+06
-2.38814e+06
-1.02462e+06
-1.18766e+06
-130697
-128487
-191361
-136418
-1.58515e+06
-1.2927e+06
-601902
-659461
909251
777076
565125
508073
-184017
-136085
8431.54
-31186.2
119055
152181
397031
245445
-2.97393e+06
-2.40557e+06
-1.02981e+06
-1.19273e+06
-50085.8
-63124.8
-156737
-103160
-1.62663e+06
-1.31947e+06
-611371
-672986
929419
794340
581370
518788
-195041
-143331
15050.8
-40589.3
176008
198824
416198
265243
-2.94984e+06
-2.38691e+06
-1.02819e+06
-1.18466e+06
26791.6
-811.759
-131339
-65024.8
-1.59202e+06
-1.29046e+06
-593922
-655139
911407
778228
581250
518463
-235456
-175029
16428.2
-38173.2
170090
191363
427580
264366
-2.99909e+06
-2.43175e+06
-1.04673e+06
-1.20835e+06
19029
-6522.35
-141640
-70087
-1.60552e+06
-1.30549e+06
-615924
-670877
892736
757970
563884
497108
-274005
-209502
-9776.46
-61079.2
147201
173163
406844
249396
-3.01716e+06
-2.44345e+06
-1.0633e+06
-1.22704e+06
-20434
-41329.7
-166331
-98299.9
-1.56998e+06
-1.28222e+06
-609777
-668455
906295
773363
560920
507406
-294246
-221764
-12774.6
-68698.3
130142
160834
402848
241236
-3.04159e+06
-2.46278e+06
-1.06722e+06
-1.23399e+06
-64165.7
-75593.3
-188884
-114540
-1.57329e+06
-1.2824e+06
-617503
-670795
887698
753233
546806
491489
-368246
-286076
-41676.2
-94859.1
75039.6
112899
375241
217558
-3.08739e+06
-2.50228e+06
-1.09103e+06
-1.2538e+06
-84084.9
-95573.3
-214540
-137050
-1.51398e+06
-1.23794e+06
-616212
-655508
838176
714240
531672
472866
-394690
-304918
-56892.4
-113030
60274.5
106055
371500
225167
-3.15021e+06
-2.55068e+06
-1.1067e+06
-1.27239e+06
-42019.1
-58950.1
-192012
-111133
-1.56292e+06
-1.27508e+06
-619547
-667982
815044
691789
528511
462210
-385056
-299255
-35903.3
-112434
47451.1
92433
375685
214704
-3.18186e+06
-2.57856e+06
-1.10733e+06
-1.2844e+06
-37995
-60493.7
-188727
-104433
-1.61759e+06
-1.32183e+06
-619373
-681507
693005
593360
469602
417517
-411655
-320428
-54773.2
-109148
3104.2
56866.9
375153
208053
-3.29686e+06
-2.67484e+06
-1.1546e+06
-1.32506e+06
-110410
-117814
-231534
-130451
-1.73851e+06
-1.42001e+06
-689747
-733875
699669
592774
468077
388789
-342368
-268400
-36029.2
-101628
45054
91738.6
389304
213041
-3.28893e+06
-2.66505e+06
-1.15504e+06
-1.34094e+06
-97278.8
-108889
-230131
-154796
-1.68722e+06
-1.38088e+06
-661447
-734697
769433
653114
483655
425726
-223247
-167359
4571.45
-52970.8
169940
195981
450308
270007
-3.26223e+06
-2.64319e+06
-1.12917e+06
-1.32409e+06
-1564.12
-29709.8
-192081
-104002
-1.64133e+06
-1.34079e+06
-628116
-706727
765785
645050
463683
414831
-164976
-124309
15379.6
-24127.9
165998
193129
450629
279483
-3.29314e+06
-2.66717e+06
-1.13939e+06
-1.32584e+06
16392.1
-16547.7
-201457
-104556
-1.55399e+06
-1.26798e+06
-602306
-663637
788275
667477
478206
415784
-178624
-133862
13210.9
-42832.3
146598
177392
437512
268077
-3.31616e+06
-2.68404e+06
-1.14876e+06
-1.33725e+06
3965.45
-29538
-203804
-118439
-1.55106e+06
-1.26273e+06
-589028
-656790
860246
724915
523873
451437
-156919
-115468
41622.4
-36401.1
163355
187114
438460
265558
-3.30538e+06
-2.67942e+06
-1.14197e+06
-1.33487e+06
-13397.6
-47935.5
-209633
-126617
-1.51755e+06
-1.23716e+06
-567227
-641114
846281
714538
508268
471092
-137938
-97959.7
52548.6
1531.59
130635
160085
422632
261784
-3.35e+06
-2.71654e+06
-1.16465e+06
-1.3374e+06
-86946.6
-105034
-256501
-144273
-1.5148e+06
-1.23487e+06
-583454
-626549
853055
718653
498858
448583
-100561
-67185.8
60944.8
6484.88
124394
157304
408839
243530
-3.32681e+06
-2.69163e+06
-1.16745e+06
-1.34749e+06
-148143
-155437
-290072
-191540
-1.48217e+06
-1.20974e+06
-577839
-632350
904580
761247
513154
476891
-35895.6
-12642.4
94366.9
37309.1
153732
178810
417972
256016
-3.25695e+06
-2.63867e+06
-1.13701e+06
-1.31434e+06
-204436
-203595
-314158
-209605
-1.4358e+06
-1.1727e+06
-556331
-608370
871499
733068
501034
461565
-50373.6
-24123.7
101770
45728.6
66513.3
108000
382552
221922
-3.29669e+06
-2.66852e+06
-1.14961e+06
-1.32472e+06
-311429
-290182
-362548
-260973
-1.41968e+06
-1.15905e+06
-558874
-601207
853729
725333
488453
458225
-42854.2
-15831.4
91418.3
46022
33028.3
86725.9
358481
223841
-3.40465e+06
-2.75489e+06
-1.20687e+06
-1.36225e+06
-274784
-260102
-353351
-245410
-1.49857e+06
-1.21956e+06
-584719
-627075
889224
750177
501134
463814
2598.62
18814.7
116512
52337.9
-4789.94
50516.4
336685
191019
-3.44922e+06
-2.7965e+06
-1.24458e+06
-1.39966e+06
-203053
-206365
-331427
-221465
-1.57564e+06
-1.2837e+06
-612700
-659581
919776
775651
522497
472743
132477
126702
174696
110427
17341.1
69577.2
375444
192394
-3.47112e+06
-2.81862e+06
-1.25693e+06
-1.42436e+06
-140213
-150187
-292784
-192931
-1.63822e+06
-1.33773e+06
-636080
-704046
877906
744273
512440
472157
127271
124365
175403
132979
-45568.8
25851.1
359033
201092
-3.57307e+06
-2.89415e+06
-1.30199e+06
-1.45495e+06
-197839
-192312
-310128
-201984
-1.70868e+06
-1.38835e+06
-645765
-712750
868725
734893
502766
457690
111376
109568
162903
108769
-77281.8
-4323.25
358994
174905
-3.67719e+06
-2.98764e+06
-1.34862e+06
-1.51632e+06
-211526
-206462
-319245
-209697
-1.81164e+06
-1.47463e+06
-662478
-759764
892736
756003
515106
470462
167429
156731
189886
143007
-120409
-33187.3
356781
171703
-3.75672e+06
-3.04888e+06
-1.38019e+06
-1.5419e+06
-207650
-201282
-316585
-213436
-1.76979e+06
-1.43444e+06
-632855
-724889
