530283
456778
338698
664754
188598
183385
381102
187048
235846
228538
449913
237839
-1.04359e+06
-953844
-1.27363e+06
-1.20771e+06
106787
121198
443120
50210.9
5685.14
38071.3
534894
-118177
512184
441455
306503
650970
176938
174935
379545
166296
213598
209625
420985
216991
-1.03752e+06
-944641
-1.26412e+06
-1.19538e+06
91513.8
110483
446500
29596
-21591.5
21573.1
544760
-160329
513080
435278
304429
641453
175179
176854
380392
179885
210782
203812
414932
208374
-1.03168e+06
-951241
-1.25817e+06
-1.19573e+06
95467.9
108720
464645
26972.6
-33816
2302.34
550470
-177750
494714
423451
287882
626174
196764
196412
381685
204446
180746
168412
352310
180489
-1.05685e+06
-964545
-1.29006e+06
-1.21588e+06
60802.7
79237
444921
-17949.2
-79851.4
-32874.1
488729
-222056
458824
393674
240713
596789
201344
193991
380604
186591
152837
151998
309607
160481
-1.04062e+06
-939564
-1.25889e+06
-1.1887e+06
51853.6
83484.6
468994
-20690.7
-108493
-49088.8
507054
-259313
464380
395937
231197
592893
192178
185091
406002
175758
164361
167548
337799
168682
-1.02926e+06
-936972
-1.2484e+06
-1.18861e+06
67699.8
100726
502990
-9141.48
-121139
-66935.4
488213
-283640
484260
410476
249090
621973
211065
202776
442850
203086
205726
201938
383208
207803
-1.02915e+06
-940110
-1.22849e+06
-1.20458e+06
105045
132719
576238
28860.6
-131144
-64353.8
492155
-285832
484536
408678
230438
633152
237066
225916
494348
229303
217854
214421
394061
228221
-1.03633e+06
-947727
-1.21469e+06
-1.21791e+06
112543
134654
590943
30795.2
-107658
-40513
551461
-273223
476050
398455
205963
613410
236963
233292
495866
241350
216790
202749
343240
228133
-1.06475e+06
-972461
-1.2171e+06
-1.26207e+06
98432.8
123486
565446
16671.5
-117520
-48757.1
540264
-273850
469744
399269
213063
610020
264483
262227
515707
278746
197025
185322
302256
208705
-1.09346e+06
-990525
-1.22983e+06
-1.28947e+06
97521.3
128093
583099
15502.6
-112814
-41314.8
537766
-263320
459472
387818
175021
618030
307215
287708
544979
308608
206154
199422
285982
237297
-1.0901e+06
-984320
-1.19872e+06
-1.28575e+06
111009
136547
585594
35788.1
-97571.5
-34627.7
566854
-257857
482612
405060
178065
640619
321096
297848
590801
320862
247200
235822
328585
276443
-1.08869e+06
-984785
-1.17368e+06
-1.30597e+06
133227
157402
616016
61546.6
-93016.4
-29500.5
575608
-251599
508439
424869
204838
662943
287498
275635
577119
273549
260548
238387
370269
281189
-1.11567e+06
-999845
-1.16685e+06
-1.32621e+06
149361
170268
639303
64618.2
-114115
-47765.8
553084
-286236
514824
434764
225736
677544
280596
279032
615428
261400
257459
237675
387268
281272
-1.12303e+06
-1.00825e+06
-1.18284e+06
-1.32866e+06
159729
183769
687179
77153.1
-120142
-47883.9
577916
-295419
531139
444579
235619
682774
292987
291332
654429
275490
271975
246800
398006
284464
-1.13184e+06
-1.02161e+06
-1.21303e+06
-1.34171e+06
185232
205990
719025
96141.8
-114077
-50813.4
568732
-292955
509020
436092
242341
664437
277023
282382
642822
256287
230923
216586
364923
245853
-1.17238e+06
-1.04802e+06
-1.27504e+06
-1.37413e+06
165114
193544
730168
71001.3
-149034
-72305.2
539066
-329783
523799
443446
256759
700657
308260
306360
718180
274287
254319
236237
404651
284332
-1.1465e+06
-1.02823e+06
-1.23581e+06
-1.34124e+06
193181
216107
798104
103602
-144234
-68485.4
585436
-322398
538260
450752
231311
710555
299826
296497
738182
254042
267718
247209
408395
290651
-1.15171e+06
-1.04043e+06
-1.27555e+06
-1.3532e+06
193771
215208
789803
95209.1
-140597
-69026.3
565794
-322050
566375
485279
229196
750730
290907
297986
738542
263476
280958
273113
435064
309433
-1.12916e+06
-1.01529e+06
-1.25292e+06
-1.32597e+06
201376
238448
817080
119171
-139482
-61674.6
550239
-303824
572603
488148
214405
770275
269283
275370
682843
243413
261769
252107
407131
293242
-1.13011e+06
-1.01787e+06
-1.25126e+06
-1.32844e+06
210060
239472
809422
132684
-132338
-51884
560137
-293753
596081
503563
213575
779855
269493
277789
645822
256762
270889
255081
393006
292002
-1.13909e+06
-1.03378e+06
-1.25833e+06
-1.35183e+06
225547
251304
806764
146415
-113679
-40284.6
563289
-270259
633418
537736
287068
825295
297792
298133
659704
294882
262433
243954
398177
283201
-1.12831e+06
-1.0221e+06
-1.22728e+06
-1.3327e+06
248387
273351
843466
175532
-86063.4
-16858.8
594734
-236906
599421
504878
198329
807838
288926
279106
578543
280309
245782
236532
350016
283087
-1.15487e+06
-1.03673e+06
-1.27106e+06
-1.35391e+06
254302
278002
824209
185657
-101596
-28142.8
551282
-247421
608551
514267
185508
814434
261456
253259
551657
250869
265773
259964
385021
294970
-1.16626e+06
-1.04987e+06
-1.28324e+06
-1.3807e+06
261703
285991
836016
188885
-80429.9
-7440.18
567614
-221497
677265
578246
285340
898810
283810
281071
587664
281800
288830
271356
417843
320952
-1.15669e+06
-1.03514e+06
-1.25003e+06
-1.35323e+06
288234
311995
875426
229367
-62705.5
304.763
591344
-205570
719357
612035
356040
937544
305209
298770
635514
292470
264389
245612
390771
280876
-1.16195e+06
-1.04506e+06
-1.25863e+06
-1.36802e+06
276910
297223
857527
205150
-76387.3
-15187.2
588649
-238291
752863
655888
424572
973657
320295
327972
674848
325541
239161
232177
370424
258096
-1.18226e+06
-1.06006e+06
-1.29232e+06
-1.38138e+06
274799
307019
862576
215356
-96004.6
-24423.5
565816
-244870
810309
706078
527918
1.03592e+06
372242
365925
730833
380226
233986
216136
368782
248238
-1.16233e+06
-1.0399e+06
-1.27139e+06
-1.35218e+06
307491
330013
909396
247595
-74895.3
-4051.72
591001
-218529
821707
703459
511424
1.05564e+06
388603
369169
714696
386688
188470
173628
283440
207667
-1.16602e+06
-1.04851e+06
-1.30573e+06
-1.35355e+06
290187
305601
856241
226264
-92450.7
-28115.3
557134
-242571
880212
769546
596469
1.12226e+06
423261
414055
818229
421624
206844
203018
331632
225202
-1.15491e+06
-1.03837e+06
-1.29767e+06
-1.33915e+06
302464
326719
895359
240098
-79286.5
-12681.3
571483
-224500
910736
794152
622125
1.14676e+06
409954
401209
823318
410860
230505
219301
371630
244679
-1.17492e+06
-1.06168e+06
-1.34983e+06
-1.3668e+06
329641
347726
938058
276044
-81033
-23842.9
543699
-232290
916844
793709
624923
1.16001e+06
379124
366920
776311
371927
227721
220081
370314
244779
-1.21992e+06
-1.10405e+06
-1.42654e+06
-1.4187e+06
323182
338918
910000
268751
-100322
-37921.4
536188
-263122
962186
833791
648209
1.20481e+06
390403
386816
775736
401474
261330
244629
388728
280147
-1.23826e+06
-1.13122e+06
-1.47628e+06
-1.43722e+06
338616
351042
900385
297904
-106418
-48542.2
506544
-261860
974252
846449
692856
1.21284e+06
396411
390380
765684
409708
234846
211774
354119
243704
-1.28717e+06
-1.17379e+06
-1.54869e+06
-1.48755e+06
329256
336680
879231
281544
-133573
-69857.2
475829
-287936
981867
854122
710924
1.23611e+06
417778
399341
780754
415347
242103
232181
368843
273240
-1.3095e+06
-1.18184e+06
-1.57022e+06
-1.49751e+06
336216
350166
872210
299241
-145003
-77713.9
478063
-296008
1.00288e+06
875967
694141
1.26276e+06
393482
376847
760114
392290
266932
261366
394208
297659
-1.32804e+06
-1.20474e+06
-1.63274e+06
-1.52034e+06
347321
360769
867220
317589
-168065
-104529
408583
-324913
565688
458497
61140.7
768795
616257
571346
882968
683497
-537579
-546366
-1.25474e+06
-490900
403624
297833
-297037
627074
-865279
-794856
-1.05006e+06
-1.00445e+06
1.01949e+06
870383
820910
1.24037e+06
555582
463130
43393.7
783179
637298
600746
898140
706207
-576304
-578414
-1.33139e+06
-522314
400778
311500
-296768
637975
-911845
-828330
-1.0879e+06
-1.0574e+06
951351
838613
755439
1.18845e+06
563493
465662
30842.6
781417
639113
594445
908438
709944
-585668
-580666
-1.36582e+06
-529460
449349
342257
-281366
684638
-907061
-822867
-1.07879e+06
-1.05533e+06
986498
866349
806218
1.21086e+06
586930
488013
37587
813827
641490
590878
910174
706521
-573712
-564708
-1.34506e+06
-512821
466829
361852
-262419
704777
-920254
-826013
-1.07558e+06
-1.06982e+06
978352
859748
799894
1.19696e+06
610019
501202
62624.2
846998
644163
601390
908482
718336
-556651
-564874
-1.31884e+06
-511369
490328
374263
-239757
743717
-902093
-812652
-1.04157e+06
-1.04804e+06
1.01545e+06
888430
855364
1.24792e+06
614146
502648
53385.9
845764
669110
620598
935290
743781
-594264
-601428
-1.35337e+06
-555801
501327
389550
-240185
758223
-896346
-813997
-1.01209e+06
-1.0544e+06
1.01667e+06
884056
851434
1.24471e+06
596775
486924
46547.4
819972
674055
623797
933176
760235
-625428
-626302
-1.44012e+06
-583236
499968
376993
-228779
735182
-927254
-841396
-1.04852e+06
-1.08411e+06
1.00137e+06
875846
829611
1.23469e+06
610985
501380
69193.2
852904
718765
668912
996624
799771
-625498
-616874
-1.45314e+06
-569142
498684
392028
-184231
739830
-935511
-849716
-1.05966e+06
-1.0952e+06
999511
887459
847080
1.23377e+06
596833
489068
22470.4
834648
719320
663593
1.00465e+06
800720
-639202
-635372
-1.52609e+06
-581034
514808
401798
-167467
744647
-971015
-885094
-1.12293e+06
-1.13464e+06
995230
878808
841328
1.22164e+06
638854
527448
68991.7
885722
760076
696485
1.08533e+06
838440
-594791
-592446
-1.4605e+06
-534016
529651
417928
-105934
746589
-975597
-884460
-1.10168e+06
-1.144e+06
1.01862e+06
898266
869791
1.2491e+06
636220
517737
58067.6
887507
754644
695977
1.08191e+06
835036
-583770
-590846
-1.45117e+06
-514057
522915
408459
-82680.6
741243
-1.00234e+06
-906443
-1.14371e+06
-1.16754e+06
1.04836e+06
931689
897331
1.29495e+06
636404
523724
48951.6
881357
790301
734158
1.13032e+06
880156
-572377
-586418
-1.45263e+06
-512375
498865
392129
-92754
710361
-992848
-899087
-1.12371e+06
-1.1617e+06
1.10015e+06
972297
957188
1.35595e+06
657630
539887
81800.9
901577
817627
759262
1.16351e+06
899668
-562696
-581905
-1.45276e+06
-495345
506509
406462
-73648
732278
-965040
-872374
-1.10161e+06
-1.13813e+06
1.12141e+06
984686
967796
1.35721e+06
654889
544905
97912.4
923443
816734
771414
1.20681e+06
896513
-586713
-596787
-1.4743e+06
-502491
503645
418291
-70535.3
746992
-983030
-887525
-1.09155e+06
-1.15644e+06
1.0866e+06
974859
957157
1.34337e+06
680172
566047
88169.9
943028
854638
801782
1.27969e+06
930365
-570716
-582854
-1.48947e+06
-491414
558834
456808
-41533.3
799330
-959800
-864900
-1.0563e+06
-1.1344e+06
1.12534e+06
1.00526e+06
989991
1.37638e+06
702897
587461
109756
972229
842418
788672
1.29298e+06
904822
-573517
-580429
-1.47896e+06
-493561
546695
441963
-88294.3
787093
-974997
-878843
-1.06133e+06
-1.15664e+06
1.12849e+06
1.00411e+06
970027
1.38115e+06
710621
579466
85779.8
989846
836365
780142
1.29281e+06
900495
-566420
-591006
-1.49657e+06
-484427
560229
446134
-107757
821961
-978907
-887103
-1.07547e+06
-1.15659e+06
1.16482e+06
1.03395e+06
984973
1.44721e+06
718798
597953
82784.5
1.00346e+06
844510
792913
1.30704e+06
911307
-573236
-592756
-1.50418e+06
-494688
552181
444556
-157133
819657
-968025
-873316
-1.05473e+06
-1.14665e+06
1.20815e+06
1.06763e+06
1.01656e+06
1.48246e+06
728258
602569
79604.7
999758
825641
775267
1.25503e+06
908113
-586479
-598050
-1.54615e+06
-496721
567259
438899
-151400
820217
-970771
-867968
-1.06518e+06
-1.13429e+06
1.20916e+06
1.06806e+06
1.02031e+06
1.49469e+06
764490
623223
83882.7
1.06681e+06
837385
773863
1.21258e+06
921362
-576972
-596165
-1.56839e+06
-474759
593761
472378
-127124
869502
-954059
-863751
-1.08921e+06
-1.11391e+06
1.21441e+06
1.07412e+06
1.00128e+06
1.51015e+06
726684
589437
-11110.1
1.02329e+06
774686
712100
1.08904e+06
862758
-608132
-626062
-1.66646e+06
-505123
603468
475325
-147435
869359
-972547
-889708
-1.14899e+06
-1.1331e+06
1.2036e+06
1.06158e+06
970986
1.49286e+06
762103
625432
20296.1
1.07424e+06
761080
697743
1.06623e+06
851625
-599833
-610007
-1.63611e+06
-495534
630350
506105
-79634.4
895988
-989648
-899765
-1.17037e+06
-1.15106e+06
1.24102e+06
1.10312e+06
1.0276e+06
1.54037e+06
765610
614798
9526.14
1.06859e+06
728342
663519
994993
806839
-597623
-622988
-1.63227e+06
-506420
645958
512121
-39552.7
907408
-1.0065e+06
-919545
-1.20151e+06
-1.17226e+06
1.27152e+06
1.11942e+06
1.07759e+06
1.56298e+06
757181
611546
-10270.7
1.05637e+06
714366
654430
958321
806259
-630949
-650415
-1.64895e+06
-551376
614521
483488
-65719.9
867148
-1.01787e+06
-927107
-1.22458e+06
-1.18004e+06
1.28944e+06
1.1365e+06
1.09328e+06
1.58707e+06
739712
605773
-25897.8
1.06155e+06
676875
624533
867412
787312
-690432
-708267
-1.74526e+06
-601560
554674
442087
-152225
830572
-1.05621e+06
-955927
-1.29514e+06
-1.20033e+06
1.24883e+06
1.09633e+06
1.02731e+06
1.55202e+06
787063
637400
29111.6
1.11117e+06
695876
634431
869146
792694
-738017
-758282
-1.82412e+06
-658718
558516
444204
-159011
834852
-1.07298e+06
-982295
-1.3414e+06
-1.23051e+06
1.22389e+06
1.07818e+06
984604
1.52798e+06
767958
625663
-3874.24
1.09268e+06
657205
600595
816890
761857
-826263
-828754
-1.95566e+06
-747917
540513
421409
-224920
816938
-1.13224e+06
-1.03506e+06
-1.43164e+06
-1.28727e+06
1.19082e+06
1.04473e+06
923000
1.49092e+06
842005
696727
120428
1.16864e+06
697145
636986
913339
786773
-813299
-812343
-1.90973e+06
-741913
559779
438410
-183747
828611
-1.13054e+06
-1.03045e+06
-1.40566e+06
-1.29597e+06
1.20609e+06
1.05785e+06
948661
1.4977e+06
849497
703987
159957
1.15877e+06
668576
614193
911760
733311
-842857
-841992
-1.92062e+06
-797248
546144
425961
-187899
810671
-1.16307e+06
-1.05796e+06
-1.42634e+06
-1.34694e+06
1.20721e+06
1.06088e+06
960796
1.49832e+06
877599
739690
242302
1.20127e+06
681533
632316
964851
764769
-865752
-863045
-1.90107e+06
-817111
531846
424467
-197795
808052
-1.17271e+06
-1.06152e+06
-1.40629e+06
-1.34621e+06
1.21877e+06
1.07846e+06
986930
1.52271e+06
915285
768565
243383
1.22941e+06
695140
648191
936912
797682
-874782
-874007
-1.95938e+06
-824779
534888
407636
-247789
804138
-1.17264e+06
-1.06597e+06
-1.45183e+06
-1.32794e+06
1.23437e+06
1.07097e+06
955336
1.53087e+06
920402
773699
248984
1.25535e+06
682579
627545
883183
774242
-915664
-912574
-2.02665e+06
-863581
483793
372189
-323584
762528
-1.20944e+06
-1.10947e+06
-1.54109e+06
-1.38216e+06
1.16968e+06
1.02743e+06
869510
1.47821e+06
978149
828831
293247
1.32563e+06
685722
624254
870100
789601
-904316
-896334
-2.05442e+06
-838006
505909
383603
-355903
786904
-1.2117e+06
-1.11415e+06
-1.57159e+06
-1.37046e+06
1.1893e+06
1.0395e+06
853412
1.49655e+06
1.01253e+06
854623
321639
1.35665e+06
635717
571479
797240
723048
-894778
-881631
-2.02336e+06
-834310
472945
353717
-413057
744897
-1.24821e+06
-1.1441e+06
-1.61886e+06
-1.417e+06
1.17173e+06
1.02018e+06
814859
1.47e+06
1.04961e+06
886459
368899
1.40557e+06
604319
546094
740098
688010
-874430
-875316
-1.98633e+06
-823620
479357
354669
-407051
761620
-1.26843e+06
-1.16167e+06
-1.6447e+06
-1.44227e+06
1.18562e+06
1.02665e+06
811732
1.49705e+06
1.08614e+06
920763
418442
1.43293e+06
606394
557998
750022
702274
-888792
-891705
-1.98395e+06
-845593
441439
321003
-470639
722928
-1.28234e+06
-1.17428e+06
-1.65664e+06
-1.44958e+06
1.1981e+06
1.04106e+06
813303
1.52223e+06
289275
195467
-429095
490248
732531
648201
579047
913653
-29151.9
-87524.3
-776785
126641
-328827
-357910
-1.01717e+06
-247115
261304
229984
260776
311481
-196859
-222996
-701966
-128314
264664
175901
-452355
463291
731206
642373
577295
898517
-50744.1
-109967
-820295
111361
-320626
-337557
-1.01291e+06
-228552
249449
220602
263612
293739
-227621
-256427
-720099
-177881
269413
182187
-453432
483631
738497
653284
597002
911724
-57544.3
-116364
-854104
107601
-293730
-323064
-1.00506e+06
-190463
248342
227715
259964
306388
-228726
-253399
-709942
-160254
273372
176495
-483109
470652
760575
664827
619512
943307
-49800.8
-126639
-867991
98875.4
-257582
-298631
-978755
-164806
283014
249387
312055
322452
-228399
-263868
-741631
-188902
248810
158417
-499932
448478
777011
677166
618723
958411
-60307.7
-115512
-854891
99405.8
-281991
-313441
-994753
-192349
287559
265143
356571
330984
-235109
-263150
-732742
-191413
240609
150087
-540906
450472
773035
670390
595908
957337
-52834.3
-105870
-850966
113877
-249751
-279543
-949731
-152100
296834
276044
366264
346469
-271912
-293922
-771175
-231427
262823
169477
-526743
477878
773838
676104
607207
964028
-64943.5
-126716
-892306
88063.1
-250337
-288942
-932695
-172580
298145
270911
370831
339415
-318864
-328690
-823111
-276667
251409
155769
-549495
468207
783356
687653
617101
972023
-85888
-138892
-941254
86426.1
-282278
-308798
-956629
-200014
281762
251794
345066
323700
-337684
-342439
-843626
-296595
237119
141194
-573244
460979
808393
711398
662732
994787
-75557.9
-131355
-963152
108327
-285358
-308288
-937831
-202805
246596
225722
294209
290199
-331041
-342365
-834047
-285992
232052
138619
-613686
451584
858503
752671
725572
1.0692e+06
-49396.4
-126907
-998254
134900
-258952
-294029
-911886
-186903
262608
238894
306067
307439
-314931
-322378
-842644
-264740
213439
115857
-643097
431000
890107
777504
725666
1.10414e+06
-40878.6
-110326
-1.01087e+06
160100
-286727
-318569
-923745
-224004
279133
253092
320812
327330
-280018
-291723
-817799
-219342
203428
105081
-686268
425077
914533
796804
737052
1.12727e+06
-19410.1
-93764.5
-1.01834e+06
189961
-302241
-326417
-914520
-244214
276559
247616
298516
325889
-270499
-289048
-818572
-210086
218367
117839
-682459
454038
900802
789890
732383
1.1098e+06
-10016.9
-97006.6
-1.00998e+06
193119
-321637
-338353
-934028
-250509
275127
240862
282242
317716
-291814
-304347
-853315
-231687
219803
117792
-679829
458547
908356
803387
769967
1.1113e+06
-26284.6
-111620
-1.02365e+06
181895
-318240
-332272
-952105
-235138
285472
253864
327967
325879
-300804
-317680
-848935
-251017
209130
95710.4
-729723
457916
932806
820937
815369
1.13805e+06
-20438.9
-109589
-1.04667e+06
199587
-301066
-329512
-981309
-206546
301599
269761
349896
344275
-298890
-322571
-871209
-229031
194006
92522.1
-802551
436749
942846
830285
817576
1.15507e+06
-14784.9
-107405
-1.07766e+06
196442
-295550
-327246
-1.0308e+06
-198426
311196
283990
368961
358585
-300337
-319597
-920822
-238377
179807
72972
-826733
422242
946576
827159
813997
1.15196e+06
-10362.6
-99465.2
-1.07419e+06
210477
-322786
-353605
-1.09192e+06
-225918
323897
288106
377555
371842
-290520
-316387
-923942
-220710
160917
56022.7
-869654
402996
923446
809783
808304
1.11703e+06
-12893.4
-100633
-1.08726e+06
207299
-341679
-370325
-1.13008e+06
-245403
308010
278284
364575
350177
-320484
-344869
-989845
-250862
175651
66026.8
-874516
416330
901570
792819
771475
1.10655e+06
-30317.9
-120728
-1.12773e+06
183904
-340048
-379310
-1.1239e+06
-255712
306664
272074
350905
347180
-345831
-366395
-1.04257e+06
-266217
153705
52110.2
-894236
405115
885385
778115
718974
1.09692e+06
-69930
-147046
-1.18945e+06
165179
-382125
-404917
-1.17262e+06
-286699
307859
284169
352095
365806
-350599
-361506
-1.04973e+06
-257122
143918
41037.6
-919232
391082
871197
766158
671528
1.07819e+06
-75228.4
-151534
-1.23144e+06
156813
-387847
-409694
-1.18719e+06
-294153
316311
296620
346943
368891
-331207
-346400
-1.04358e+06
-230921
109520
10760.8
-960019
344920
867790
755869
665861
1.08721e+06
-72696.9
-168021
-1.23949e+06
147560
-397220
-432317
-1.18486e+06
-329092
338999
305973
397716
393899
-325022
-354102
-1.06583e+06
-237350
111101
16298.1
-943049
355750
880074
769872
658837
1.10553e+06
-67629.8
-144328
-1.19912e+06
163205
-415403
-432073
-1.17184e+06
-338720
347860
321823
414700
406714
-299689
-315744
-1.02159e+06
-196366
137116
38202.2
-936633
394728
908028
789400
650992
1.14492e+06
-33370.5
-110625
-1.16e+06
209824
-371314
-389129
-1.09369e+06
-288864
377343
349500
442415
447162
-260441
-284636
-985478
-149139
173895
67383.7
-910353
436373
907156
792179
628597
1.14496e+06
-48196.4
-137226
-1.21255e+06
182557
-400725
-416551
-1.15212e+06
-312072
366648
335204
388391
433951
-288551
-311511
-1.04289e+06
-177154
184643
75151.3
-895252
458864
921642
802402
639087
1.16809e+06
-94965.9
-187864
-1.29143e+06
142020
-409434
-425094
-1.20854e+06
-300329
361669
326386
364680
439883
-302093
-335310
-1.08219e+06
-188075
156463
46961.1
-914140
411483
892484
779720
618372
1.11909e+06
-168455
-249274
-1.38532e+06
55657.8
-459861
-484775
-1.29696e+06
-369492
309298
284024
298951
373786
-351222
-380520
-1.14936e+06
-240375
175866
73382.1
-905727
438649
934145
808099
655682
1.17813e+06
-175809
-264307
-1.43216e+06
40229.4
-464927
-487262
-1.33675e+06
-369319
329419
296804
308977
399483
-346904
-380276
-1.1987e+06
-239139
216166
112178
-819091
477885
966413
841265
709126
1.20562e+06
-173045
-252967
-1.38753e+06
41046.1
-456186
-476220
-1.30747e+06
-367177
347014
314806
360574
408295
-323078
-359789
-1.15692e+06
-220982
223452
117018
-802710
486629
962664
838187
713073
1.20351e+06
-202465
-279753
-1.42386e+06
15348.5
-465871
-484907
-1.30569e+06
-380411
327300
296313
338925
391890
-366059
-401728
-1.21332e+06
-264578
246719
141736
-797471
513011
942361
826686
675887
1.19163e+06
-222767
-301475
-1.47623e+06
-8799.24
-512868
-531880
-1.39659e+06
-424448
308644
275883
282242
383850
-419398
-447999
-1.31409e+06
-308283
278086
157425
-759536
548369
963680
837311
678944
1.21439e+06
-216030
-297833
-1.48194e+06
14461.7
-534865
-552919
-1.47219e+06
-429322
335920
297982
284292
425478
-426233
-460994
-1.33641e+06
-314231
279021
159805
-795285
558538
960414
835182
648780
1.20452e+06
-210687
-289543
-1.50988e+06
28605.3
-561732
-586293
-1.55952e+06
-450387
325208
293161
230503
414257
-448102
-487036
-1.41093e+06
-323907
280827
159291
-816344
556342
968424
837349
658258
1.23344e+06
-193840
-291000
-1.52772e+06
32147.9
-588065
-619766
-1.65005e+06
-493688
342765
295712
239086
436029
-468256
-510385
-1.49994e+06
-358633
303266
178691
-780987
588205
986938
848731
664523
1.24331e+06
-181581
-265844
-1.48678e+06
55754.7
-617038
-638087
-1.66295e+06
-525166
345676
306562
247327
438814
-475856
-518152
-1.51403e+06
-365295
306606
182710
-793080
594919
971898
837130
647880
1.22554e+06
-161262
-244048
-1.44727e+06
80787.7
-633336
-651060
-1.66832e+06
-542255
350204
312726
257401
447279
-507563
-545401
-1.55076e+06
-397378
700855
625476
718581
827645
804316
670178
109941
1.11871e+06
17727.9
-64599.9
-889007
210432
-939929
-932032
-1.94638e+06
-916750
49026.5
43557.1
129584
32096.3
224556
104282
-872391
495004
681670
607126
702495
795967
819549
672341
113170
1.13725e+06
1350.57
-72818.6
-910638
193621
-956239
-953147
-2.00079e+06
-938594
40074.6
43318.1
143700
21222.4
231427
97343.9
-870521
488785
674310
606321
699360
807826
834612
688426
85221.2
1.15845e+06
-15547.2
-96508.8
-934481
171215
-974556
-956422
-2.02546e+06
-934769
31736.4
44578.8
159868
17090.1
189647
68246.4
-926658
460540
667386
590852
671978
787624
866678
709999
106733
1.20029e+06
-38275.7
-118354
-964214
142232
-954197
-949707
-2.02697e+06
-922053
59289.5
60253.3
205178
36230
186879
57998.3
-934501
446407
682673
609670
689616
805272
876241
708068
94299.1
1.20745e+06
-44272.7
-118963
-984913
147412
-946342
-937930
-2.01523e+06
-919697
59566.7
67834.2
210178
37367.8
159677
30507.4
-993281
405657
677077
606614
674907
812646
869759
711931
77585.2
1.19851e+06
-59694
-129041
-1.00685e+06
137906
-944401
-928608
-1.9733e+06
-916518
68576.6
77691.2
258229
42420
90744.4
-24378.9
-1.04865e+06
340388
690766
616393
683270
827421
904017
747884
139975
1.25654e+06
-39286.9
-114669
-1.00541e+06
153016
-961145
-951133
-1.99768e+06
-946199
80948.9
90521
303349
49309.4
99818.7
-1377.44
-1.06115e+06
367126
672561
598023
655079
799333
915082
749703
118389
1.27286e+06
-51666.2
-127386
-1.04231e+06
140966
-990350
-980845
-2.02944e+06
-987988
77387.2
87992.4
305751
45933.7
116270
4241.93
-1.06428e+06
387659
661920
587979
653279
798889
925017
758665
94456
1.28314e+06
-79075
-153178
-1.10472e+06
124535
-1.0222e+06
-1.00105e+06
-2.0361e+06
-1.01647e+06
60626.6
70483.7
279408
27043.3
103873
-583.363
-1.11434e+06
388480
633288
560540
587366
761327
948809
774913
89183.1
1.322e+06
-67508.9
-153296
-1.15052e+06
141573
-1.03419e+06
-1.01415e+06
-2.05138e+06
-1.03374e+06
66615.1
77510.9
259915
42507.7
130922
10505.5
-1.11431e+06
418289
644076
575274
614275
774971
968506
785941
95746.5
1.34433e+06
-72380.9
-147514
-1.18313e+06
148798
-1.05352e+06
-1.02835e+06
-2.05576e+06
-1.06595e+06
65188.9
78189.7
263493
42753.8
119216
-2588.01
-1.15698e+06
400164
659153
582293
598911
804909
1.00421e+06
825882
131292
1.38111e+06
-22226.5
-97148
-1.14294e+06
221761
-1.0717e+06
-1.03924e+06
-2.04224e+06
-1.08426e+06
102596
110163
298740
89195.2
109104
-7682.01
-1.15606e+06
393636
675254
596453
597901
828331
1.00899e+06
833979
147148
1.39275e+06
7366.64
-90354.1
-1.12005e+06
243037
-1.09788e+06
-1.06236e+06
-2.10715e+06
-1.09361e+06
120833
119637
308861
98545.9
124051
10958.7
-1.14673e+06
416299
671078
586128
578790
805947
1.0198e+06
831853
144932
1.39599e+06
2666.5
-95704.1
-1.13393e+06
227560
-1.11232e+06
-1.08809e+06
-2.17556e+06
-1.11682e+06
133159
132795
336149
102012
145875
17605.5
-1.1422e+06
428664
646755
567708
559719
803304
995736
816893
112658
1.37476e+06
-28673.9
-129640
-1.17057e+06
203143
-1.14995e+06
-1.11524e+06
-2.24094e+06
-1.13268e+06
120080
123852
337736
93437.8
112733
-2526.49
-1.20131e+06
423636
640315
556563
517135
782430
1.01688e+06
830462
137449
1.3965e+06
-22242.8
-121558
-1.17861e+06
206067
-1.14837e+06
-1.12327e+06
-2.27394e+06
-1.1418e+06
146403
148990
378155
119252
141616
7624.73
-1.20219e+06
438176
623976
548007
498256
764218
980769
795366
73353.8
1.34961e+06
-43720.4
-133265
-1.2173e+06
191656
-1.18795e+06
-1.15841e+06
-2.35578e+06
-1.18163e+06
134384
143675
359618
110403
107151
-19505.5
-1.27576e+06
401091
642714
557697
518132
801860
972475
791791
98369.2
1.3348e+06
-11178.7
-105724
-1.16143e+06
237693
-1.20316e+06
-1.16631e+06
-2.36455e+06
-1.18584e+06
170543
170201
424466
147189
98648.5
-26751.3
-1.2776e+06
406122
665802
580998
549856
808855
985224
810279
147114
1.35974e+06
-12256.3
-112657
-1.15289e+06
212322
-1.1854e+06
-1.16459e+06
-2.33848e+06
-1.19021e+06
179506
176393
457860
146358
134709
7864.44
-1.23997e+06
450843
651461
581350
573153
783988
962667
791547
99311
1.34189e+06
-44694.1
-125468
-1.15855e+06
175096
-1.2038e+06
-1.17409e+06
-2.33115e+06
-1.2181e+06
165213
175647
464486
132810
146269
23425
-1.21384e+06
464871
682775
595462
625402
821573
975761
788282
64166.4
1.34908e+06
-34474.3
-126496
-1.13543e+06
184413
-1.18584e+06
-1.1601e+06
-2.28258e+06
-1.19646e+06
182407
184110
481915
149542
160277
31100.7
-1.20507e+06
484291
666815
593679
595618
804497
981070
801911
44947.2
1.37603e+06
-22132.4
-109317
-1.11951e+06
198541
-1.18738e+06
-1.15624e+06
-2.27891e+06
-1.20041e+06
200123
209855
498958
180528
166563
31886.3
-1.22601e+06
490965
724927
658014
714887
879640
1.00937e+06
821256
62909.9
1.41803e+06
-3039.85
-79469.6
-1.07249e+06
235344
-1.16117e+06
-1.12256e+06
-2.19449e+06
-1.17688e+06
244840
255703
572174
242273
193930
62385.2
-1.19852e+06
528875
782479
703980
749390
954974
1.04695e+06
857071
65674
1.46134e+06
52065
-24560.6
-1.00137e+06
302106
-1.14701e+06
-1.09656e+06
-2.14457e+06
-1.15308e+06
305846
313214
640891
307323
217531
91017.4
-1.18145e+06
567901
835295
749051
830946
999876
1.08685e+06
896156
132911
1.50199e+06
84373.4
-12484.7
-972688
311963
-1.1333e+06
-1.09317e+06
-2.14106e+06
-1.13617e+06
348406
346069
707035
338986
266829
131587
-1.1205e+06
615877
850011
771724
890808
1.01301e+06
1.0966e+06
906235
153157
1.51968e+06
64899.7
-22273.9
-968988
293825
-1.13355e+06
-1.09965e+06
-2.16106e+06
-1.13613e+06
355818
358249
746575
350531
284828
138913
-1.09754e+06
633121
889541
802899
962020
1.05216e+06
1.1067e+06
908209
141375
1.51657e+06
37295.6
-54960.6
-1.00455e+06
252383
-1.1499e+06
-1.11461e+06
-2.1968e+06
-1.14801e+06
360059
358529
742462
348657
267964
124011
-1.14575e+06
624362
879763
795742
941395
1.04188e+06
1.10462e+06
906917
114293
1.53456e+06
2030.81
-86296
-1.05891e+06
222108
-1.17252e+06
-1.13649e+06
-2.25982e+06
-1.17035e+06
355682
354652
723799
354546
255942
107822
-1.19792e+06
613481
919631
832438
1.02742e+06
1.08318e+06
1.11878e+06
909549
124853
1.54827e+06
-19497.8
-108424
-1.09396e+06
198837
-1.18617e+06
-1.15185e+06
-2.27347e+06
-1.19039e+06
365994
358857
730189
367571
242072
84675.3
-1.24088e+06
593401
961483
865673
1.05955e+06
1.14138e+06
1.14167e+06
933109
123380
1.5789e+06
-41426.6
-133319
-1.15558e+06
188054
-1.21062e+06
-1.16983e+06
-2.32162e+06
-1.20326e+06
369876
359196
700077
378407
197716
46002.2
-1.3338e+06
563652
987659
894036
1.09081e+06
1.15808e+06
1.13988e+06
939079
130586
1.5858e+06
-53547.8
-146657
-1.18614e+06
161310
-1.2461e+06
-1.2139e+06
-2.41397e+06
-1.25002e+06
366810
349804
690097
370687
211520
57424.8
-1.3693e+06
583752
1.0335e+06
938288
1.15615e+06
1.20403e+06
1.16702e+06
956791
134934
1.62213e+06
-42669.7
-128379
-1.1607e+06
176261
-1.26361e+06
-1.23773e+06
-2.46307e+06
-1.27166e+06
375697
364622
705518
388713
233338
63882.9
-1.37101e+06
600192
1.0651e+06
963718
1.20519e+06
1.25156e+06
1.16787e+06
949924
85777.7
1.61835e+06
-46729.9
-138672
-1.16019e+06
169631
-1.30416e+06
-1.26965e+06
-2.52075e+06
-1.30064e+06
373825
362966
691186
381764
190008
30001.8
-1.45558e+06
575932
1.09115e+06
986154
1.22669e+06
1.26664e+06
1.19604e+06
982872
120224
1.66301e+06
-30010.3
-122050
-1.13664e+06
188024
-1.31587e+06
-1.28289e+06
-2.54651e+06
-1.3212e+06
392996
380595
713611
411086
201141
31932.9
-1.47646e+06
583714
1.09667e+06
995896
1.23613e+06
1.28334e+06
1.17892e+06
952918
53763.4
1.65217e+06
-41316.2
-124651
-1.16781e+06
186849
-1.36598e+06
-1.32761e+06
-2.6314e+06
-1.38026e+06
387620
374218
679987
414254
151226
-19515.4
-1.5864e+06
523914
1.1453e+06
1.04349e+06
1.27239e+06
1.36223e+06
1.18273e+06
961716
38019
1.65653e+06
-7115.62
-93163.4
-1.12048e+06
235947
-1.41407e+06
-1.36355e+06
-2.6796e+06
-1.41532e+06
411942
398078
698049
444583
106852
-55862.1
-1.64572e+06
497394
-140783
-125140
-206641
-154222
-21052.7
-10572
78021.5
-45590
-541828
-464194
-312786
-708430
-1.46821e+06
-1.36867e+06
-2.15693e+06
-1.62224e+06
-1.36e+06
-1.2175e+06
-1.38142e+06
-1.63113e+06
-317346
-206788
567775
-575021
-153875
-151194
-249793
-172333
-45478.3
-42148.5
23537.5
-74683.9
-546359
-470688
-287874
-719362
-1.47754e+06
-1.38636e+06
-2.17502e+06
-1.63219e+06
-1.35894e+06
-1.22218e+06
-1.39002e+06
-1.62932e+06
-346759
-244904
518132
-605249
-174801
-162212
-307734
-176404
-60727.7
-53673.6
-11451.6
-85591
-592365
-511092
-337832
-777813
-1.4796e+06
-1.37525e+06
-2.18151e+06
-1.63202e+06
-1.35927e+06
-1.21393e+06
-1.4109e+06
-1.61773e+06
-377134
-260038
492520
-637187
-144074
-141994
-288643
-144226
-61478
-55685.4
-6419.82
-84379.1
-608395
-528105
-315051
-803068
-1.4676e+06
-1.37061e+06
-2.15366e+06
-1.61811e+06
-1.35921e+06
-1.22087e+06
-1.41531e+06
-1.61495e+06
-358000
-253245
526972
-623435
-151396
-147900
-299468
-155180
-38899.4
-26621.9
32804.1
-56348.6
-631905
-529318
-289251
-830517
-1.47081e+06
-1.37052e+06
-2.14639e+06
-1.61794e+06
-1.37081e+06
-1.2323e+06
-1.44461e+06
-1.63115e+06
-368241
-255570
534317
-633375
-141342
-133300
-283481
-131063
-4253.25
761.554
93485.9
-18954
-656991
-568716
-319661
-870407
-1.49104e+06
-1.39129e+06
-2.17311e+06
-1.64265e+06
-1.3927e+06
-1.25584e+06
-1.46426e+06
-1.65113e+06
-360448
-249889
578433
-629869
-132479
-129408
-282986
-137010
-35889.2
-32866.3
16532.2
-72892.8
-665911
-561154
-327023
-876013
-1.49013e+06
-1.38686e+06
-2.17992e+06
-1.65226e+06
-1.40069e+06
-1.25858e+06
-1.47768e+06
-1.68151e+06
-357840
-239816
599074
-647848
-150746
-153507
-291617
-160032
-80084.8
-79304.1
-42916.4
-121236
-631282
-533463
-263200
-836462
-1.46557e+06
-1.36873e+06
-2.11439e+06
-1.62677e+06
-1.4034e+06
-1.26194e+06
-1.42544e+06
-1.69099e+06
-367508
-255691
636163
-662114
-155908
-147185
-287754
-161989
-119358
-107342
-98217.8
-155188
-604052
-493551
-215316
-798341
-1.42473e+06
-1.31523e+06
-2.04373e+06
-1.57008e+06
-1.41574e+06
-1.25583e+06
-1.40598e+06
-1.69545e+06
-361328
-228455
694431
-656549
-128326
-127947
-240439
-134127
-140406
-129935
-129364
-174783
-561833
-471449
-152953
-759785
-1.37958e+06
-1.28339e+06
-1.96912e+06
-1.52305e+06
-1.40137e+06
-1.25148e+06
-1.36502e+06
-1.67936e+06
-336995
-216260
760571
-638157
-137896
-134929
-241420
-149695
-148046
-138108
-149555
-186182
-546982
-442104
-127588
-735194
-1.35395e+06
-1.25433e+06
-1.93792e+06
-1.49559e+06
-1.41484e+06
-1.26689e+06
-1.38273e+06
-1.71582e+06
-326986
-202922
805153
-633884
-147966
-142703
-244671
-155498
-163825
-150338
-165469
-189580
-552187
-457566
-142899
-739523
-1.35621e+06
-1.25771e+06
-1.93147e+06
-1.48694e+06
-1.45796e+06
-1.30242e+06
-1.39904e+06
-1.7453e+06
-328868
-200840
842953
-630770
-161104
-151250
-253401
-176149
-167824
-151217
-193070
-193162
-550659
-464025
-160092
-745001
-1.36109e+06
-1.26652e+06
-1.97403e+06
-1.50214e+06
-1.51258e+06
-1.34552e+06
-1.46917e+06
-1.82325e+06
-309501
-176618
875402
-623711
-173786
-164577
-276081
-187454
-163462
-153523
-194385
-193150
-531689
-451182
-144041
-719748
-1.33658e+06
-1.24529e+06
-1.93444e+06
-1.47749e+06
-1.51989e+06
-1.3447e+06
-1.46041e+06
-1.8252e+06
-299493
-165778
917021
-611361
-197510
-186036
-309836
-215337
-164028
-143219
-172224
-190285
-550179
-462826
-172767
-740324
-1.32458e+06
-1.22948e+06
-1.91675e+06
-1.45751e+06
-1.54114e+06
-1.36573e+06
-1.48893e+06
-1.8475e+06
-283305
-141983
991730
-602905
-214364
-202183
-331792
-238818
-167187
-145494
-168040
-199768
-569601
-484646
-211525
-763511
-1.33836e+06
-1.24019e+06
-1.93504e+06
-1.47246e+06
-1.57411e+06
-1.39916e+06
-1.5245e+06
-1.88945e+06
-267899
-129925
1.02702e+06
-593615
-221097
-214347
-342837
-247584
-112078
-98280.1
-89790.5
-131660
-549059
-459189
-189515
-722771
-1.29816e+06
-1.20395e+06
-1.89791e+06
-1.41882e+06
-1.58714e+06
-1.41325e+06
-1.5426e+06
-1.91022e+06
-220136
-86121.4
1.10825e+06
-536662
-212984
-205528
-325189
-238839
-64116.2
-51090.6
-5002.78
-83417.4
-554906
-485434
-241562
-739748
-1.28377e+06
-1.20213e+06
-1.87976e+06
-1.41243e+06
-1.60992e+06
-1.44045e+06
-1.56479e+06
-1.93443e+06
-182368
-58122.8
1.189e+06
-511811
-199488
-184816
-307751
-217604
-49582.3
-48667.3
443.356
-76154.7
-585004
-498196
-287066
-765302
-1.31228e+06
-1.23175e+06
-1.95053e+06
-1.44204e+06
-1.5987e+06
-1.42364e+06
-1.57121e+06
-1.92084e+06
-176644
-38808.1
1.19467e+06
-501612
-190879
-180616
-317692
-210820
-82108.5
-77987.5
-56062.3
-109701
-575091
-488934
-268703
-756196
-1.32141e+06
-1.23755e+06
-1.98397e+06
-1.44835e+06
-1.56877e+06
-1.39211e+06
-1.53828e+06
-1.88564e+06
-176929
-38948.9
1.18447e+06
-492668
-180339
-166760
-277298
-190938
-107866
-101871
-60379.1
-149550
-605247
-516419
-288527
-792365
-1.33198e+06
-1.25016e+06
-1.99377e+06
-1.46046e+06
-1.56938e+06
-1.39531e+06
-1.53266e+06
-1.87974e+06
-178759
-35720.2
1.21509e+06
-497323
-152616
-145717
-275525
-157057
-124047
-108206
-86368.1
-154371
-609211
-521546
-295426
-794297
-1.34832e+06
-1.25812e+06
-2.03931e+06
-1.46405e+06
-1.56421e+06
-1.39221e+06
-1.56511e+06
-1.86558e+06
-164413
-30493.3
1.20117e+06
-479533
-128726
-126263
-257440
-138254
-94452.5
-93046.8
-56722
-128890
-610911
-519488
-289590
-803418
-1.34123e+06
-1.2619e+06
-2.06269e+06
-1.4576e+06
-1.55227e+06
-1.38934e+06
-1.57645e+06
-1.86359e+06
-136586
-9457.55
1.23127e+06
-454298
-126117
-121187
-221308
-137669
-106866
-97886.2
-41651.4
-145919
-657372
-571006
-350928
-859606
-1.38696e+06
-1.30449e+06
-2.13347e+06
-1.50821e+06
-1.57125e+06
-1.40609e+06
-1.58418e+06
-1.88129e+06
-145103
-20638.3
1.24731e+06
-470358
-143712
-138920
-241153
-158856
-134292
-125787
-93332.4
-187523
-660207
-566955
-345467
-864133
-1.40906e+06
-1.33237e+06
-2.19503e+06
-1.53254e+06
-1.57475e+06
-1.41875e+06
-1.59741e+06
-1.89134e+06
-185180
-56101.9
1.14863e+06
-515393
-192690
-187754
-321038
-210793
-194671
-179475
-166527
-248615
-650661
-555012
-308948
-854738
-1.42968e+06
-1.34868e+06
-2.22023e+06
-1.54622e+06
-1.60458e+06
-1.43827e+06
-1.61531e+06
-1.92168e+06
-249015
-121081
1.0319e+06
-573388
-193873
-182219
-313213
-207356
-233055
-205721
-178683
-300724
-633984
-535353
-260469
-842835
-1.42494e+06
-1.33977e+06
-2.22712e+06
-1.54221e+06
-1.59947e+06
-1.42505e+06
-1.58926e+06
-1.92087e+06
-282293
-141911
994697
-610266
-204576
-199896
-336389
-225976
-263576
-235522
-208533
-333718
-633802
-540975
-236698
-847362
-1.44376e+06
-1.35733e+06
-2.25469e+06
-1.55763e+06
-1.61301e+06
-1.43975e+06
-1.59681e+06
-1.93313e+06
-329771
-195877
905827
-663861
-231319
-220120
-374668
-251279
-265985
-240542
-208985
-336160
-628674
-521032
-217527
-835780
-1.44556e+06
-1.36498e+06
-2.28394e+06
-1.54976e+06
-1.62967e+06
-1.46051e+06
-1.63323e+06
-1.95083e+06
-370774
-234642
833829
-701405
-218334
-208470
-334273
-241442
-281388
-256248
-194362
-362976
-622539
-529918
-208010
-836850
-1.47091e+06
-1.39137e+06
-2.33816e+06
-1.57718e+06
-1.64994e+06
-1.48025e+06
-1.64611e+06
-1.97824e+06
-386487
-255136
826652
-725897
-264427
-250330
-390947
-301214
-315621
-281508
-243003
-400747
-629350
-528014
-188083
-853733
-1.5314e+06
-1.44847e+06
-2.44092e+06
-1.64968e+06
-1.68185e+06
-1.50063e+06
-1.67495e+06
-2.01296e+06
-409126
-265108
796592
-746202
-340306
-325998
-509474
-382978
-365739
-337755
-333746
-454565
-609086
-507411
-122281
-836454
-1.57463e+06
-1.49343e+06
-2.51153e+06
-1.69625e+06
-1.69717e+06
-1.51162e+06
-1.68578e+06
-2.02596e+06
-447821
-306792
738335
-782858
-400741
-377585
-607384
-441580
-420871
-375217
-410765
-506027
-616471
-508180
-94112.4
-852015
-1.62725e+06
-1.53402e+06
-2.59955e+06
-1.74631e+06
-1.72426e+06
-1.53386e+06
-1.73007e+06
-2.05264e+06
-471664
-318696
719362
-809624
-436284
-413013
-670401
-479421
-440913
-396945
-448811
-529721
-609469
-500613
-46017.1
-849925
-1.67058e+06
-1.57355e+06
-2.65225e+06
-1.7952e+06
-1.74707e+06
-1.55564e+06
-1.75929e+06
-2.07816e+06
-490026
-340587
692540
-832393
-489357
-465208
-750923
-539484
-425984
-385855
-435508
-502276
-583957
-466765
15740.9
-818580
-1.69896e+06
-1.59932e+06
-2.69555e+06
-1.81753e+06
-1.76683e+06
-1.57579e+06
-1.79635e+06
-2.09797e+06
-487272
-334854
694879
-819097
-509304
-480820
-765963
-557948
-405265
-361812
-377451
-483734
-583011
-476385
37216.4
-831604
-1.73896e+06
-1.63675e+06
-2.74155e+06
-1.86731e+06
-1.77344e+06
-1.58562e+06
-1.7944e+06
-2.10739e+06
-460795
-311354
760682
-795727
43150.5
49145.3
245573
-1236.73
-886594
-782253
-731489
-1.09311e+06
-1.33036e+06
-1.24453e+06
-1.92743e+06
-1.47544e+06
-423708
-401958
-627467
-471526
950480
868229
1.22115e+06
1.0786e+06
-336395
-325084
-562033
-363025
41930
52719.8
239451
3615.44
-872840
-774217
-721019
-1.08442e+06
-1.36501e+06
-1.26648e+06
-1.94469e+06
-1.51401e+06
-473170
-445332
-677992
-540989
955219
874820
1.23859e+06
1.0677e+06
-337782
-322050
-579182
-363937
47870.4
65090.6
229916
29351.3
-885803
-778155
-742194
-1.08844e+06
-1.40522e+06
-1.30787e+06
-1.99396e+06
-1.56025e+06
-474968
-435838
-655745
-535049
973946
904370
1.26226e+06
1.10914e+06
-347667
-330650
-590004
-365397
65067.3
77041.4
216799
59211
-875716
-767963
-757864
-1.06657e+06
-1.44785e+06
-1.35049e+06
-2.08786e+06
-1.60119e+06
-460379
-419927
-633305
-504714
1.02529e+06
944055
1.31188e+06
1.17405e+06
-359745
-347419
-620166
-369260
72324.3
78530.6
184992
68578
-871259
-774392
-797219
-1.0654e+06
-1.45258e+06
-1.35411e+06
-2.09622e+06
-1.61452e+06
-441288
-405231
-639777
-492523
1.05667e+06
969928
1.32678e+06
1.20189e+06
-375894
-359648
-690071
-387099
92382.1
82619.1
172586
85689.3
-869194
-775149
-808899
-1.05312e+06
-1.5043e+06
-1.40645e+06
-2.16352e+06
-1.67198e+06
-433314
-403578
-593585
-491412
1.09501e+06
998934
1.38573e+06
1.2451e+06
-355673
-347969
-676184
-362350
67578.2
59332.6
156241
50931.5
-908528
-812904
-861598
-1.10417e+06
-1.53499e+06
-1.42749e+06
-2.20405e+06
-1.69803e+06
-437712
-404916
-587452
-491369
1.08799e+06
991096
1.36691e+06
1.24071e+06
-373581
-367026
-675626
-390534
40343.3
44339.1
136391
21481.2
-929259
-826427
-896310
-1.13365e+06
-1.55536e+06
-1.44063e+06
-2.23662e+06
-1.72637e+06
-452151
-409705
-594417
-522225
1.07777e+06
992557
1.36639e+06
1.21018e+06
-386043
-364016
-667116
-417079
47261.6
52757.2
160230
35293.1
-941562
-830736
-893453
-1.13732e+06
-1.54292e+06
-1.42215e+06
-2.19429e+06
-1.70144e+06
-422415
-377666
-528476
-474423
1.09906e+06
1.02403e+06
1.43755e+06
1.25449e+06
-377326
-353658
-615906
-398994
41637.3
44285.4
145737
36913.1
-945824
-841671
-936934
-1.12354e+06
-1.53966e+06
-1.42827e+06
-2.21858e+06
-1.68843e+06
-386559
-356105
-500731
-422361
1.13368e+06
1.04062e+06
1.47449e+06
1.29953e+06
-362894
-351751
-598398
-372193
21238.7
26604.9
95651.7
9659.08
-962317
-863822
-1.02143e+06
-1.14833e+06
-1.51809e+06
-1.41042e+06
-2.22496e+06
-1.67397e+06
-364911
-334209
-497499
-412167
1.14708e+06
1.05683e+06
1.48668e+06
1.29505e+06
-365564
-345694
-620267
-389546
19830.1
19399.5
96522.2
935.502
-994888
-895677
-1.07406e+06
-1.17657e+06
-1.55417e+06
-1.4451e+06
-2.25611e+06
-1.71383e+06
-346373
-311589
-435766
-388474
1.16286e+06
1.07095e+06
1.53484e+06
1.31683e+06
-342422
-324013
-564807
-361576
19165.4
20166.7
97469.7
-861.963
-979296
-878170
-1.04702e+06
-1.15848e+06
-1.54417e+06
-1.44016e+06
-2.25477e+06
-1.69806e+06
-292143
-261862
-383014
-323535
1.17886e+06
1.09023e+06
1.54261e+06
1.34417e+06
-318298
-295088
-511049
-336180
55944.2
56008.5
154360
47708.5
-928949
-840320
-963619
-1.11393e+06
-1.53145e+06
-1.43215e+06
-2.23659e+06
-1.68879e+06
-249034
-230953
-317541
-290371
1.19999e+06
1.10849e+06
1.59417e+06
1.35406e+06
-256062
-239312
-411969
-276703
61615.9
65116.8
152961
57729.6
-912960
-810473
-917457
-1.09359e+06
-1.55232e+06
-1.4505e+06
-2.2674e+06
-1.70711e+06
-228009
-208470
-286501
-261258
1.20547e+06
1.12213e+06
1.60815e+06
1.37583e+06
-236843
-223324
-365466
-256123
58989
58903.4
137656
54687.6
-896956
-795938
-888124
-1.07476e+06
-1.58622e+06
-1.4914e+06
-2.36817e+06
-1.73572e+06
-219936
-208089
-292370
-251032
1.23072e+06
1.13453e+06
1.60928e+06
1.40797e+06
-232845
-227997
-356322
-251316
43706.3
44985.4
104677
44322.9
-883529
-788538
-881018
-1.06124e+06
-1.58546e+06
-1.4911e+06
-2.40966e+06
-1.72853e+06
-223801
-210818
-303141
-256799
1.23621e+06
1.14144e+06
1.61333e+06
1.41129e+06
-236967
-221151
-368971
-251794
44365.3
35962
61181
41524.1
-877792
-779742
-867580
-1.053e+06
-1.64547e+06
-1.54584e+06
-2.51763e+06
-1.79214e+06
-218736
-193442
-275101
-244642
1.25444e+06
1.15434e+06
1.62598e+06
1.42958e+06
-195061
-177675
-316864
-201358
29033.8
28892.4
70218.5
16704
-880354
-786265
-829323
-1.06863e+06
-1.67391e+06
-1.57007e+06
-2.54997e+06
-1.82401e+06
-213467
-191810
-253936
-246846
1.27322e+06
1.17114e+06
1.6295e+06
1.45016e+06
-193042
-175628
-282570
-211638
48109.4
51356.5
108628
41623.1
-855089
-766213
-784759
-1.04716e+06
-1.69469e+06
-1.5863e+06
-2.55584e+06
-1.85049e+06
-231920
-212435
-273733
-276152
1.30578e+06
1.20342e+06
1.67269e+06
1.48561e+06
-165432
-148924
-242787
-184616
97848
100734
204992
96155.9
-837939
-740018
-705646
-1.03813e+06
-1.70735e+06
-1.59704e+06
-2.53469e+06
-1.87091e+06
-222297
-200528
-224404
-274105
1.34618e+06
1.24409e+06
1.74112e+06
1.5379e+06
-144622
-123727
-172398
-156722
88431.5
90509.7
202758
77663.7
-874043
-765538
-728761
-1.07698e+06
-1.76185e+06
-1.64751e+06
-2.61858e+06
-1.93368e+06
-252432
-224138
-253363
-305178
1.35531e+06
1.24598e+06
1.74312e+06
1.54292e+06
-155549
-141497
-201373
-163579
82741.4
82207.5
163551
83331.8
-880458
-780735
-782128
-1.07864e+06
-1.76737e+06
-1.65243e+06
-2.63066e+06
-1.93696e+06
-257285
-233276
-290163
-304627
1.38109e+06
1.27024e+06
1.75975e+06
1.58105e+06
-157658
-141828
-266830
-153029
78039.1
75215.7
163085
70136.5
-905517
-803314
-800064
-1.11024e+06
-1.83046e+06
-1.71115e+06
-2.70226e+06
-2.01221e+06
-293195
-259231
-300321
-349512
1.39226e+06
1.27593e+06
1.75975e+06
1.59169e+06
-159116
-151049
-295521
-159605
68366.6
66891.6
176937
53458
-927003
-819857
-799883
-1.13905e+06
-1.82927e+06
-1.70726e+06
-2.69854e+06
-2.00536e+06
-267358
-239196
-271836
-313668
1.43063e+06
1.3102e+06
1.80316e+06
1.63876e+06
-189210
-182751
-334783
-199672
55075.1
58550.6
153094
43023.2
-916421
-810085
-781082
-1.1387e+06
-1.81663e+06
-1.69408e+06
-2.68881e+06
-1.99489e+06
-269222
-244275
-280027
-329638
1.43857e+06
1.31194e+06
1.80628e+06
1.62913e+06
-213360
-202642
-396063
-228507
81156.8
81414.9
174697
79508.5
-920691
-806760
-745524
-1.1463e+06
-1.80467e+06
-1.68081e+06
-2.66228e+06
-1.97875e+06
-270100
-241154
-271549
-327296
1.46123e+06
1.34485e+06
1.85343e+06
1.6624e+06
-229663
-218221
-424382
-237832
86601.5
81038
186150
81719.6
-949402
-837716
-778023
-1.17239e+06
-1.8083e+06
-1.68976e+06
-2.67572e+06
-1.98572e+06
-263982
-239557
-273528
-308151
1.49544e+06
1.3723e+06
1.92726e+06
1.69882e+06
-236710
-236195
-446575
-236898
29598.1
26250.6
77646
21486.1
-992422
-881569
-886375
-1.22183e+06
-1.80442e+06
-1.68916e+06
-2.68262e+06
-1.98827e+06
-271921
-249561
-318980
-322188
1.49281e+06
1.36648e+06
1.91983e+06
1.68537e+06
-301628
-293361
-608202
-302628
41500.1
38196.5
102305
30732.3
-1.01924e+06
-901032
-910293
-1.24675e+06
-1.83693e+06
-1.71662e+06
-2.70943e+06
-2.01998e+06
-275784
-245644
-306778
-322253
1.5171e+06
1.39535e+06
1.98741e+06
1.71408e+06
-312398
-305479
-638472
-309340
9370.58
7527.15
75624.4
-10596.7
-1.03891e+06
-922712
-921169
-1.27115e+06
-1.83956e+06
-1.71587e+06
-2.70997e+06
-2.01855e+06
-288348
-263097
-336397
-334283
1.52966e+06
1.41089e+06
2.001e+06
1.74475e+06
-335455
-326900
-652474
-328785
-18225.7
-11659.5
42827.3
-40124.1
-1.00865e+06
-899128
-885129
-1.24493e+06
-1.8117e+06
-1.68716e+06
-2.64476e+06
-1.99569e+06
-313207
-287966
-354197
-375631
1.54707e+06
1.42187e+06
2.02103e+06
1.75391e+06
-318594
-312696
-651585
-313917
-26089.4
-22140.9
14545.2
-40795.8
-1.01127e+06
-895145
-883060
-1.2415e+06
-1.80871e+06
-1.68867e+06
-2.61805e+06
-1.99966e+06
-340760
-315061
-389642
-408239
1.54793e+06
1.4245e+06
2.00261e+06
1.76916e+06
-324078
-321402
-665894
-313265
-50418.8
-48099.5
-33829.4
-62781.9
-1.04233e+06
-928170
-944678
-1.26795e+06
-1.84632e+06
-1.72803e+06
-2.67324e+06
-2.04489e+06
-382137
-356209
-454142
-449907
1.55276e+06
1.4204e+06
1.99657e+06
1.77209e+06
-346793
-350134
-705941
-335164
-117870
-110413
-155377
-136001
-1.0821e+06
-972787
-1.05266e+06
-1.31252e+06
-1.84914e+06
-1.72688e+06
-2.66321e+06
-2.0543e+06
-432550
-405014
-531723
-513508
1.53158e+06
1.40331e+06
1.9744e+06
1.74346e+06
-396820
-394578
-814450
-392149
-112011
-107117
-153179
-130958
-1.08884e+06
-970246
-1.06454e+06
-1.31008e+06
-1.87055e+06
-1.73436e+06
-2.65799e+06
-2.07273e+06
-459611
-412099
-518954
-537717
1.55788e+06
1.43504e+06
2.01699e+06
1.77732e+06
-387939
-376576
-798259
-370443
480882
482320
1.06533e+06
454219
192081
142149
-189550
314857
54244.3
31437.3
-202655
116209
-747315
-743254
-1.68449e+06
-698321
254538
275494
771096
198290
-14580.5
-51801.9
-494061
76678
506093
509130
1.09557e+06
491216
217632
162348
-157714
336004
67298.9
44332.1
-176841
131611
-737874
-728600
-1.64253e+06
-699520
308996
331252
856845
256749
-40923.8
-76001.3
-537393
50397.6
517937
521220
1.12459e+06
499438
219185
172717
-151942
358715
66278.5
36693.9
-174196
130642
-739554
-736984
-1.6485e+06
-691467
322485
338049
877887
280243
-45676.3
-87436.6
-543045
45821.9
550099
552472
1.1791e+06
536953
249803
198058
-152172
395104
28140.7
4769.44
-217633
88746.9
-783934
-778088
-1.73076e+06
-735569
331963
345632
890733
281932
-31079.5
-71360.5
-534120
67170.2
590539
584349
1.20663e+06
586233
298365
228007
-131643
445906
-6856.11
-33881.7
-269753
40273.3
-788022
-781110
-1.74267e+06
-748671
359203
374659
928084
310602
-2230.21
-46652.1
-510904
100106
618709
598173
1.21529e+06
613248
302085
234375
-139977
450208
-45049.8
-59341.1
-297392
-5514.02
-775929
-768542
-1.71672e+06
-731052
398613
409496
979516
355573
1250.16
-43725.4
-524641
109174
625161
608376
1.2327e+06
616052
310463
237764
-125384
459063
-28521.2
-34450.2
-272144
23711.4
-746480
-741555
-1.68197e+06
-695787
412175
416335
1.00988e+06
358734
7122.69
-38681.6
-505209
106608
632107
621774
1.27235e+06
626338
293671
229081
-144439
440752
-2927.42
-12140.3
-235630
51505.7
-720150
-715016
-1.61663e+06
-673025
415019
433120
1.05731e+06
364091
-4060.91
-43264.3
-484201
90388
625577
612173
1.2689e+06
611837
287842
220352
-176196
445740
11539.3
-10132.1
-253100
74695.2
-717373
-719312
-1.6417e+06
-660480
426102
437025
1.08785e+06
378530
13638
-37647.1
-470128
112225
600293
589914
1.24779e+06
582665
261502
191769
-256968
421334
-14732.6
-34178.7
-322403
52303.3
-749900
-748643
-1.70476e+06
-695431
421269
433697
1.09091e+06
359521
5441.89
-40687.6
-478218
104245
594247
583496
1.23875e+06
577371
246797
176882
-308388
412497
-31808.5
-49670.7
-355972
33485
-752606
-747864
-1.70033e+06
-696165
416394
435381
1.1181e+06
354087
9386.14
-32379.8
-454699
107238
596437
580327
1.24833e+06
574021
225971
149776
-371264
392518
-2386.49
-16332
-302073
71939.6
-717844
-715434
-1.65049e+06
-651206
436890
450517
1.15883e+06
372889
6769.84
-34733.8
-452640
109295
592148
583338
1.25986e+06
564591
255767
183144
-332274
437766
40907.5
18978.7
-269720
126241
-682120
-681981
-1.62423e+06
-610233
430481
448860
1.17664e+06
359968
24335.8
-14849.2
-429764
124083
610690
607475
1.29063e+06
596774
283316
206431
-289836
457260
71438.3
36064.6
-263526
162263
-652477
-661861
-1.59165e+06
-582775
442001
470103
1.21502e+06
383702
18862.1
-22616.1
-440505
118993
618840
614312
1.30127e+06
596184
312293
241374
-263010
502983
99332.2
53019.6
-289622
201269
-653284
-661823
-1.64195e+06
-568587
450354
469901
1.20605e+06
389051
52564.9
-309.006
-428903
155380
641039
629988
1.34816e+06
614218
354106
271843
-229891
546533
90436.1
30830.6
-357523
193766
-657232
-676977
-1.68834e+06
-577602
436544
449641
1.18717e+06
362968
86967.8
25163.1
-397252
192560
652749
643433
1.36408e+06
634291
393652
306382
-175712
587410
53488.4
2859.54
-434639
166988
-669557
-687347
-1.70518e+06
-588139
421615
449408
1.19674e+06
357259
108158
55933.6
-355311
226191
633643
619654
1.33361e+06
603318
393517
309486
-168687
588355
26164.4
-19180.3
-485515
142017
-665702
-673735
-1.69838e+06
-573134
398921
425741
1.16118e+06
327617
110433
63566.8
-351507
237265
625275
621178
1.34026e+06
599245
403109
305591
-139227
589900
20882.3
-24109.5
-505303
132686
-675974
-695469
-1.73332e+06
-587770
396751
416905
1.13834e+06
317821
109527
61094.7
-349712
222867
627436
625507
1.34688e+06
604678
367447
281367
-176198
549353
9106.83
-34890.8
-517036
122392
-706552
-721433
-1.7795e+06
-624415
394626
421315
1.12667e+06
327786
76437.5
37984.4
-398816
203138
654511
649971
1.38335e+06
627466
379644
297356
-159714
570224
9055.92
-35469.9
-517908
120434
-716860
-731970
-1.81908e+06
-630021
431220
449265
1.17112e+06
361165
123166
69136
-374201
249018
677403
671285
1.42153e+06
648951
393368
301906
-166401
581894
-19420
-64017.9
-563415
83039.1
-759678
-779148
-1.91032e+06
-677708
459688
474064
1.21507e+06
386611
151885
87867.2
-371612
283872
710130
703322
1.47235e+06
692238
410569
317050
-145553
602192
-52951
-95243
-591117
45846
-794569
-805336
-1.95302e+06
-712284
473463
496132
1.24724e+06
413459
164524
110162
-359243
316024
759439
742210
1.53849e+06
739708
409669
312117
-136259
592111
-68769
-107974
-583519
16168.7
-791210
-805535
-1.94864e+06
-708189
519355
530609
1.28966e+06
462973
181101
119383
-356370
335121
769164
757986
1.58273e+06
752956
394386
305275
-132793
578896
-66348.5
-92700.3
-558819
28714.2
-798568
-812758
-1.97471e+06
-707270
528383
537656
1.30134e+06
474418
155400
94622.2
-404660
298773
759277
749108
1.5837e+06
739601
362561
280960
-173501
542624
-43743.7
-74893.2
-530027
50393.4
-798735
-812414
-1.98278e+06
-709224
534554
549485
1.32177e+06
474114
111111
54148.1
-483748
256074
745844
730917
1.55523e+06
718340
365021
276994
-189747
549638
-27443.5
-67286.2
-529204
77696.9
-810849
-832213
-2.04577e+06
-713211
543786
549563
1.33542e+06
487074
109753
37302
-530566
257215
728812
714662
1.53589e+06
698230
355404
259498
-230679
534231
-22563.1
-65020.6
-546754
82245.7
-847283
-874971
-2.13386e+06
-752525
543056
541789
1.32953e+06
474984
95782.6
18518.4
-596780
248281
735940
724870
1.54092e+06
714244
341640
253414
-251308
525041
-24422.1
-67657.4
-559571
78795
-882922
-898583
-2.19177e+06
-784894
537212
549937
1.33739e+06
470294
71378.2
4205.16
-660224
233733
736175
721657
1.51895e+06
717291
316138
232099
-286965
501356
-15980.6
-49717.4
-522860
87714.5
-890020
-903757
-2.21094e+06
-780699
560304
575230
1.38336e+06
503335
38339.3
-28267.3
-760495
215564
727840
712836
1.51147e+06
704148
336072
251393
-247959
531419
12157.3
-27382.7
-477830
120082
-908021
-922750
-2.26624e+06
-797297
563891
576343
1.39589e+06
507831
39697
-31381.4
-769250
219489
702913
691906
1.47648e+06
679932
325865
234085
-290036
514212
29195.7
-18817.5
-458344
133186
-918599
-943004
-2.30169e+06
-817841
568667
578286
1.39321e+06
518126
4069.4
-73857.3
-842374
179764
667896
655825
1.43571e+06
631569
314802
228420
-319329
510473
27329.7
-21650.9
-471318
134671
-971392
-989066
-2.38888e+06
-868954
557718
567520
1.37978e+06
502709
-6446.69
-85403.6
-881261
175643
630605
622320
1.40718e+06
585525
326364
233269
-318265
519922
15408.6
-33275
-474696
113621
-1.02816e+06
-1.04326e+06
-2.45853e+06
-939266
558801
564311
1.4043e+06
490799
6501.85
-75127.3
-881724
192161
609848
607300
1.37642e+06
570337
338583
242566
-315164
537811
-1006.92
-48584.6
-470698
89208.6
-1.08089e+06
-1.09241e+06
-2.50981e+06
-1.0059e+06
539889
554160
1.40384e+06
473161
6646.8
-76138.4
-892626
196197
581236
571424
1.29579e+06
542531
328283
233239
-365839
540599
-6231.02
-39928.9
-441577
85841.3
-1.11674e+06
-1.11678e+06
-2.56265e+06
-1.0298e+06
532567
550695
1.37505e+06
476906
-13014.3
-89352.1
-961140
195294
239757
221824
347998
262237
-554018
-505570
-545486
-670657
-1.12357e+06
-987225
-871779
-1.41594e+06
-501304
-452576
-485697
-617873
70889.6
65060.2
208488
44167.3
45744.2
114925
1.00929e+06
-157567
243931
224248
321393
279264
-566541
-501969
-581218
-670612
-1.1451e+06
-995873
-850865
-1.42915e+06
-509722
-452017
-484055
-610962
72887.2
78327.6
211322
57893
25436.8
100966
956918
-157869
269304
245078
344678
305566
-508080
-455738
-500247
-606883
-1.18899e+06
-1.04733e+06
-900853
-1.49522e+06
-512546
-454392
-485304
-619419
68214.6
74958.3
209154
54303.7
67878
135163
1.02173e+06
-122655
263954
239899
314192
306758
-498531
-449779
-476239
-607012
-1.22008e+06
-1.06929e+06
-933622
-1.53128e+06
-491492
-431987
-447222
-604592
81832.1
88708.7
202627
70212.9
39422.6
117487
1.01503e+06
-161947
271715
247550
321855
311112
-501955
-445997
-454361
-613949
-1.25971e+06
-1.10265e+06
-964775
-1.58026e+06
-470090
-413131
-400403
-583577
90636.2
91003.9
205466
75348.6
47941.8
128782
1.07482e+06
-165420
285250
255584
334154
325225
-504519
-449312
-472540
-613550
-1.31005e+06
-1.13963e+06
-996980
-1.63127e+06
-480365
-425364
-384581
-606066
106911
109920
240748
91296
55783.7
135217
1.10209e+06
-161923
278803
250815
315178
322520
-532138
-481948
-538766
-643848
-1.32004e+06
-1.15299e+06
-1.00708e+06
-1.65201e+06
-483706
-422824
-352319
-606993
102267
97064.5
255290
86371.7
59423.1
138714
1.13728e+06
-160467
259855
233794
297023
305072
-562637
-503833
-595346
-669940
-1.31326e+06
-1.13143e+06
-969593
-1.62956e+06
-474812
-400136
-316743
-588571
97565.2
110105
276599
83773.8
43117.3
135267
1.13746e+06
-164709
264459
234512
306193
302402
-573457
-523323
-626427
-675884
-1.32077e+06
-1.14941e+06
-998612
-1.64216e+06
-465118
-401810
-307015
-579142
91235.9
97315.6
281865
76658.2
77372.3
154586
1.19104e+06
-142102
274802
250514
334456
314510
-580177
-527696
-648267
-683742
-1.28283e+06
-1.10433e+06
-952206
-1.59331e+06
-407950
-341943
-240425
-511358
106767
118557
296043
92450.7
81735.9
173293
1.2357e+06
-143618
289131
261515
369267
319766
-594145
-541273
-679094
-708461
-1.25187e+06
-1.0851e+06
-909464
-1.57598e+06
-353459
-298424
-172545
-467512
129529
131185
336626
92556.7
111402
197016
1.30519e+06
-129881
291194
267132
402633
317552
-639855
-576972
-734972
-755013
-1.26814e+06
-1.09575e+06
-903253
-1.59461e+06
-332349
-275680
-104815
-449950
130184
143321
393023
86675
134641
224284
1.37999e+06
-108900
302018
279255
409635
342391
-611497
-556978
-699019
-710359
-1.28219e+06
-1.12476e+06
-913566
-1.61787e+06
-305798
-256621
-46065.9
-418287
125203
139502
442361
92049
169926
258446
1.45377e+06
-63452.2
301735
268707
378115
339959
-583701
-527306
-690287
-672695
-1.29941e+06
-1.14281e+06
-961115
-1.6291e+06
-277079
-223808
-8046.17
-386062
122988
133625
422544
84695.8
177255
260242
1.44949e+06
-50832.5
293215
264434
351575
331439
-545556
-486632
-641863
-626558
-1.35253e+06
-1.1884e+06
-1.08231e+06
-1.67678e+06
-284799
-226756
-35027.9
-383890
94434.8
113542
380413
67652.4
229026
315677
1.51867e+06
10566.3
281319
253587
346436
316930
-510529
-458274
-566802
-598328
-1.35849e+06
-1.19228e+06
-1.10681e+06
-1.67893e+06
-243234
-190482
22639.4
-341165
101703
118466
373626
73076
240640
332190
1.58181e+06
12044.9
250406
224824
306072
282733
-503514
-451543
-543650
-595469
-1.37713e+06
-1.21268e+06
-1.15948e+06
-1.69223e+06
-232681
-182137
29837.8
-331948
79739.7
97822.6
331712
45653.6
271542
363299
1.65428e+06
39757.1
223992
205733
252734
259957
-521317
-469190
-580269
-617023
-1.42582e+06
-1.25827e+06
-1.2464e+06
-1.74553e+06
-248201
-197733
-10372.5
-346703
50517.8
73754.1
302954
9426.44
309272
395543
1.7041e+06
77139
235830
211850
260126
272259
-505181
-462572
-562326
-593172
-1.46399e+06
-1.2988e+06
-1.2831e+06
-1.79436e+06
-264674
-218082
-14614.5
-371629
65150.7
82188.4
325159
24521
323665
407539
1.7223e+06
98535.3
253581
223446
278352
287748
-500349
-462701
-570767
-597651
-1.47654e+06
-1.30815e+06
-1.27657e+06
-1.81646e+06
-266632
-226017
-19436.2
-385086
106842
113887
374490
64552.5
324278
397159
1.69578e+06
97570.8
274975
251849
327436
316989
-474359
-430280
-514557
-561086
-1.5157e+06
-1.33893e+06
-1.31733e+06
-1.85685e+06
-307168
-251775
-62158.2
-415027
95647.5
111871
358780
67136.3
363360
443094
1.75083e+06
153201
267870
247204
320149
315265
-503176
-461147
-525155
-608753
-1.53779e+06
-1.35922e+06
-1.35039e+06
-1.88081e+06
-317458
-267234
-94630
-427001
74373.5
89779.2
293351
51058.8
335711
422817
1.73745e+06
116337
289523
264558
347995
330662
-530823
-481680
-533578
-640707
-1.56389e+06
-1.3827e+06
-1.38169e+06
-1.91221e+06
-329457
-278021
-129924
-435819
83512.8
95748.6
278129
60915.8
342126
430169
1.75751e+06
117778
328619
305935
420724
372878
-541045
-486975
-539684
-654913
-1.59821e+06
-1.40999e+06
-1.39875e+06
-1.95785e+06
-348730
-296062
-140503
-465442
109756
122138
310645
92830.4
368296
453222
1.7886e+06
145228
342272
308460
418978
387689
-558490
-506849
-567065
-673625
-1.60788e+06
-1.42558e+06
-1.39592e+06
-1.98015e+06
-359045
-305648
-133443
-476796
126413
122872
328931
102395
364108
434913
1.74155e+06
136335
306690
273160
342644
355494
-593731
-538071
-628169
-712567
-1.62433e+06
-1.42621e+06
-1.39376e+06
-1.98972e+06
-374897
-320100
-160656
-495956
110876
113850
310807
84088.4
303449
376461
1.61061e+06
87612.7
313307
278196
356632
360151
-584789
-527282
-598343
-701120
-1.62965e+06
-1.43954e+06
-1.40942e+06
-1.999e+06
-397163
-340231
-208681
-511803
103812
114932
310665
84762.3
297166
369042
1.59388e+06
77789.5
309042
283367
373331
358879
-609896
-543124
-592324
-739582
-1.62045e+06
-1.4235e+06
-1.37931e+06
-1.99071e+06
-382701
-324095
-198203
-496309
123980
137980
347418
101948
243456
331691
1.55385e+06
13510.7
324426
292328
405194
363805
-631140
-567178
-594401
-777458
-1.62088e+06
-1.42839e+06
-1.35867e+06
-2.00321e+06
-385787
-334052
-220127
-499922
146758
146487
389829
114849
225890
311447
1.53232e+06
-12308.6
337231
312242
446040
378943
-657995
-579756
-609695
-805689
-1.63115e+06
-1.42745e+06
-1.34839e+06
-2.01062e+06
-402404
-347964
-249382
-517865
156507
164214
430441
121309
207899
300156
1.49825e+06
-25853.2
323410
291831
402439
365413
-639427
-575794
-597282
-773150
-1.6182e+06
-1.42158e+06
-1.29013e+06
-2.00916e+06
-429233
-375010
-260250
-550247
149363
160457
454378
127783
226933
307037
1.51209e+06
9153.5
286583
250995
318299
330714
-625423
-559772
-623599
-746792
-1.598e+06
-1.39268e+06
-1.22462e+06
-1.98584e+06
-434806
-371626
-263023
-554230
170108
180727
457933
153903
226973
312779
1.47383e+06
26213.9
264439
231280
291047
305167
-602686
-540816
-593719
-723104
-1.61116e+06
-1.40856e+06
-1.22432e+06
-2.01039e+06
-482711
-418327
-301311
-618094
151379
165740
441601
134149
264831
337972
1.52716e+06
57344.9
222920
195731
219463
264759
-622534
-556680
-621087
-744285
-1.60731e+06
-1.40028e+06
-1.20617e+06
-2.00661e+06
-506540
-436988
-349206
-637609
140182
154393
402685
124157
228633
312461
1.50153e+06
12757.6
201844
175111
181135
238110
-633166
-571567
-631543
-766382
-1.61304e+06
-1.40771e+06
-1.19331e+06
-2.02387e+06
-545486
-481045
-416755
-687334
132824
142640
383847
111275
225054
308058
1.51562e+06
-890.955
184836
161703
171332
216670
-659640
-593304
-679832
-791601
-1.62585e+06
-1.41147e+06
-1.17692e+06
-2.03853e+06
-593168
-520286
-464568
-740426
124452
134191
376985
99658.9
227631
309839
1.50933e+06
6397.2
