1.04369e+06
1.00922e+06
2.03932e+06
1.04605e+06
90615.7
149331
806522
-28123.8
355237
373477
928904
321221
-281550
-282737
-632607
-258432
-218172
-194038
-118964
-290803
452115
485732
1.37704e+06
355610
1.04356e+06
1.02372e+06
2.03894e+06
1.04416e+06
131018
189757
863528
3973.94
381551
399399
946503
335827
-276904
-282464
-612657
-282025
-256421
-222654
-147874
-336649
459498
496079
1.38976e+06
349404
1.05679e+06
1.02777e+06
2.04407e+06
1.05772e+06
142995
202438
907153
19188
370590
378149
915402
330007
-305734
-300168
-618710
-302978
-292749
-254748
-202235
-372795
434202
471412
1.37083e+06
330922
1.07142e+06
1.03358e+06
2.03937e+06
1.08235e+06
160817
208248
915099
41247.7
377683
385337
900001
353918
-292278
-288582
-608406
-284046
-300523
-266435
-239168
-374703
437819
463561
1.34229e+06
333136
1.10008e+06
1.05565e+06
2.08551e+06
1.11336e+06
184437
221306
952881
52191.6
391084
381193
889660
363354
-263434
-275272
-577179
-250879
-288963
-259832
-215973
-364558
413000
438492
1.31104e+06
302359
1.10072e+06
1.07086e+06
2.08116e+06
1.10616e+06
162299
210161
934966
22420.9
362106
369069
843560
334553
-275679
-266977
-578692
-276598
-317902
-271987
-246667
-395593
381871
418355
1.25419e+06
271192
1.12528e+06
1.09296e+06
2.13974e+06
1.12998e+06
155317
213823
991079
12649.4
402576
414015
926905
377971
-255915
-256820
-524403
-261354
-308850
-265396
-201684
-402601
392278
426297
1.28371e+06
275673
1.14777e+06
1.13124e+06
2.19855e+06
1.16683e+06
194567
264587
1.09959e+06
59770.3
439205
452364
1.01388e+06
410921
-293050
-287960
-547294
-306499
-318101
-258971
-153177
-402559
396000
437629
1.35741e+06
277072
1.20795e+06
1.17402e+06
2.26431e+06
1.22674e+06
246697
307608
1.20811e+06
101572
479704
480876
1.08723e+06
448014
-334345
-319612
-595025
-339891
-309628
-255734
-140999
-394234
402943
447914
1.40902e+06
286091
1.23559e+06
1.18994e+06
2.29972e+06
1.25676e+06
259503
313366
1.2649e+06
109853
513900
510784
1.16039e+06
486449
-359287
-351330
-644702
-373187
-291607
-244183
-130696
-373495
441953
483583
1.4765e+06
321326
1.2574e+06
1.20142e+06
2.30134e+06
1.28409e+06
264851
309004
1.26116e+06
103424
527746
514132
1.1658e+06
495412
-385489
-389086
-732102
-386111
-267100
-220684
-120645
-338170
448302
481313
1.49535e+06
319295
1.25108e+06
1.20702e+06
2.29667e+06
1.27939e+06
221943
267948
1.2156e+06
51575
511983
506651
1.15155e+06
474012
-453246
-448911
-851178
-464180
-278842
-237248
-148106
-351656
415363
449129
1.45487e+06
283535
1.27526e+06
1.22435e+06
2.32589e+06
1.31043e+06
178038
236824
1.15246e+06
5625.03
506344
516367
1.1582e+06
477050
-439208
-418669
-836268
-438089
-275014
-239632
-131691
-367203
399064
444436
1.42621e+06
253108
1.27349e+06
1.22867e+06
2.304e+06
1.31684e+06
171663
232933
1.13495e+06
4105.46
524388
526163
1.16914e+06
491055
-416235
-408097
-820672
-426890
-305858
-270198
-164808
-396830
410707
453160
1.46929e+06
259899
1.30282e+06
1.24945e+06
2.32578e+06
1.34446e+06
161975
223542
1.13031e+06
-15605.1
524105
525208
1.17559e+06
485807
-418918
-398721
-805330
-418155
-335880
-295355
-214111
-436336
398419
450320
1.4924e+06
241653
1.336e+06
1.29073e+06
2.386e+06
1.3792e+06
150203
216738
1.14112e+06
-32126.7
541292
548837
1.22569e+06
512298
-357628
-335974
-717812
-343836
-320346
-273847
-173281
-410827
447029
506353
1.59016e+06
298489
1.39077e+06
1.325e+06
2.47299e+06
1.447e+06
141860
195413
1.12966e+06
-48255.1
571011
559265
1.24529e+06
544715
-292481
-298895
-652445
-265638
-290460
-250309
-140251
-376536
472264
511994
1.64145e+06
318613
1.412e+06
1.36426e+06
2.5052e+06
1.47078e+06
103954
164816
1.08564e+06
-92910.3
561775
562675
1.23564e+06
541323
-281856
-274765
-637766
-258815
-296128
-251542
-142011
-383263
471616
528982
1.65368e+06
325734
1.46084e+06
1.40214e+06
2.55943e+06
1.51887e+06
98318.2
170945
1.08052e+06
-86637.6
589114
593802
1.2574e+06
569505
-257680
-252912
-586882
-239221
-275212
-234363
-112250
-372655
517109
563846
1.71025e+06
358415
1.45535e+06
1.40201e+06
2.56626e+06
1.51502e+06
127248
204192
1.1391e+06
-42781.4
590991
586505
1.27208e+06
561699
-296567
-294076
-619937
-289389
-280772
-229953
-65275.9
-372009
522116
567108
1.76392e+06
361382
1.49018e+06
1.423e+06
2.59421e+06
1.5442e+06
171056
243900
1.19471e+06
-3887.67
579506
571602
1.25968e+06
546280
-341379
-334293
-674013
-335895
-273430
-222288
-53316.6
-372851
530467
584919
1.79964e+06
374065
1.5105e+06
1.44895e+06
2.64735e+06
1.58073e+06
204659
273257
1.25636e+06
43910.6
575687
576018
1.27112e+06
560526
-373687
-355190
-719934
-361155
-248685
-204148
-19571.3
-334123
571453
623851
1.87612e+06
419388
1.5444e+06
1.45902e+06
2.66315e+06
1.61004e+06
225615
268018
1.23743e+06
46436.4
577727
556678
1.22041e+06
550554
-387146
-391232
-777803
-374873
-230909
-198428
-27615.3
-317652
570127
601808
1.86458e+06
400570
1.55369e+06
1.48896e+06
2.69648e+06
1.62789e+06
216746
269543
1.2323e+06
51312.6
551205
545789
1.20143e+06
525076
-422583
-408310
-835474
-414292
-236511
-194163
-36150.8
-312125
547867
594200
1.84402e+06
387948
1.58289e+06
1.51775e+06
2.7528e+06
1.66818e+06
214306
283569
1.23781e+06
57132.1
574833
575999
1.24838e+06
562576
-385321
-360141
-765067
-367585
-204541
-163275
17332.6
-288575
553101
614452
1.8533e+06
398573
1.61152e+06
1.55184e+06
2.80011e+06
1.69252e+06
270965
341610
1.31929e+06
117781
589165
584364
1.23875e+06
571577
-345649
-332046
-709572
-344051
-195636
-151991
46481.7
-281699
606354
658828
1.92888e+06
444413
1.63855e+06
1.56836e+06
2.84711e+06
1.71209e+06
319449
383454
1.40949e+06
158330
590134
580823
1.2293e+06
577191
-344103
-325464
-674642
-337624
-186649
-144629
58451.6
-274963
634068
691294
2.00259e+06
475526
1.64646e+06
1.573e+06
2.86255e+06
1.7211e+06
334865
384042
1.44381e+06
169878
595303
583999
1.21954e+06
589917
-324175
-304403
-653095
-310663
-171980
-137170
65005
-258452
670846
717045
2.05675e+06
508084
1.63117e+06
1.5548e+06
2.8355e+06
1.69517e+06
313916
362141
1.39972e+06
129978
578596
559879
1.15954e+06
562936
-293196
-291250
-662270
-272478
-168519
-133533
44862.4
-253275
661297
709524
2.04492e+06
493501
1.61459e+06
1.5454e+06
2.8383e+06
1.67843e+06
273213
323016
1.36953e+06
83053.9
543712
531346
1.10447e+06
534258
-309583
-301599
-684674
-297563
-192965
-161097
9019.85
-280798
654205
699450
2.03032e+06
490480
1.64689e+06
1.57799e+06
2.90808e+06
1.71227e+06
261708
332554
1.39142e+06
90587.4
564096
547146
1.13655e+06
556214
-273340
-278219
-632243
-244956
-184665
-156571
52482.2
-273655
683532
725079
2.07717e+06
534283
1.6221e+06
1.56751e+06
2.88936e+06
1.68697e+06
269142
348329
1.39634e+06
104871
530005
518659
1.09088e+06
523497
-318102
-319084
-730586
-291501
-236697
-191752
-9528.26
-319370
674088
723024
2.07131e+06
525428
1.65254e+06
1.58802e+06
2.92709e+06
1.70701e+06
302104
380392
1.44635e+06
132051
505449
487701
1.04361e+06
488899
-347893
-345204
-792853
-312007
-242811
-198810
-39484.1
-326801
689875
737712
2.09627e+06
545246
1.65974e+06
1.59213e+06
2.96016e+06
1.71687e+06
319575
383523
1.46153e+06
158127
492194
479891
1.03315e+06
475784
-337604
-337938
-827405
-301381
-222078
-185445
-31033.5
-301206
734160
772343
2.13165e+06
592315
1.67333e+06
1.61272e+06
2.9734e+06
1.74313e+06
332211
395162
1.44447e+06
164397
489898
479186
1.0169e+06
482150
-328344
-332250
-845318
-265874
-193417
-145577
-4267.39
-253520
738273
775075
2.13135e+06
597585
1.71502e+06
1.65591e+06
3.05409e+06
1.77565e+06
331737
390459
1.4432e+06
167435
496785
488874
1.02943e+06
482479
-310958
-309897
-854840
-250228
-158342
-121889
33753.7
-223451
761084
800460
2.14842e+06
632536
1.04369e+06
1.00922e+06
2.03932e+06
1.04605e+06
90615.7
149331
806522
-28123.8
355237
373477
928904
321221
-281550
-282737
-632607
-258432
-218172
-194038
-118964
-290803
452115
485732
1.37704e+06
355610
1.04356e+06
1.02372e+06
2.03894e+06
1.04416e+06
131018
189757
863528
3973.94
381551
399399
946503
335827
-276904
-282464
-612657
-282025
-256421
-222654
-147874
-336649
459498
496079
1.38976e+06
349404
1.05679e+06
1.02777e+06
2.04407e+06
1.05772e+06
142995
202438
907153
19188
370590
378149
915402
330007
-305734
-300168
-618710
-302978
-292749
-254748
-202235
-372795
434202
471412
1.37083e+06
330922
1.07142e+06
1.03358e+06
2.03937e+06
1.08235e+06
160817
208248
915099
41247.7
377683
385337
900001
353918
-292278
-288582
-608406
-284046
-300523
-266435
-239168
-374703
437819
463561
1.34229e+06
333136
1.10008e+06
1.05565e+06
2.08551e+06
1.11336e+06
184437
221306
952881
52191.6
391084
381193
889660
363354
-263434
-275272
-577179
-250879
-288963
-259832
-215973
-364558
413000
438492
1.31104e+06
302359
1.10072e+06
1.07086e+06
2.08116e+06
1.10616e+06
162299
210161
934966
22420.9
362106
369069
843560
334553
-275679
-266977
-578692
-276598
-317902
-271987
-246667
-395593
381871
418355
1.25419e+06
271192
1.12528e+06
1.09296e+06
2.13974e+06
1.12998e+06
155317
213823
991079
12649.4
402576
414015
926905
377971
-255915
-256820
-524403
-261354
-308850
-265396
-201684
-402601
392278
426297
1.28371e+06
275673
1.14777e+06
1.13124e+06
2.19855e+06
1.16683e+06
194567
264587
1.09959e+06
59770.3
439205
452364
1.01388e+06
410921
-293050
-287960
-547294
-306499
-318101
-258971
-153177
-402559
396000
437629
1.35741e+06
277072
1.20795e+06
1.17402e+06
2.26431e+06
1.22674e+06
246697
307608
1.20811e+06
101572
479704
480876
1.08723e+06
448014
-334345
-319612
-595025
-339891
-309628
-255734
-140999
-394234
402943
447914
1.40902e+06
286091
1.23559e+06
1.18994e+06
2.29972e+06
1.25676e+06
259503
313366
1.2649e+06
109853
513900
510784
1.16039e+06
486449
-359287
-351330
-644702
-373187
-291607
-244183
-130696
-373495
441953
483583
1.4765e+06
321326
1.2574e+06
1.20142e+06
2.30134e+06
1.28409e+06
264851
309004
1.26116e+06
103424
527746
514132
1.1658e+06
495412
-385489
-389086
-732102
-386111
-267100
-220684
-120645
-338170
448302
481313
1.49535e+06
319295
1.25108e+06
1.20702e+06
2.29667e+06
1.27939e+06
221943
267948
1.2156e+06
51575
511983
506651
1.15155e+06
474012
-453246
-448911
-851178
-464180
-278842
-237248
-148106
-351656
415363
449129
1.45487e+06
283535
1.27526e+06
1.22435e+06
2.32589e+06
1.31043e+06
178038
236824
1.15246e+06
5625.03
506344
516367
1.1582e+06
477050
-439208
-418669
-836268
-438089
-275014
-239632
-131691
-367203
399064
444436
1.42621e+06
253108
1.27349e+06
1.22867e+06
2.304e+06
1.31684e+06
171663
232933
1.13495e+06
4105.46
524388
526163
1.16914e+06
491055
-416235
-408097
-820672
-426890
-305858
-270198
-164808
-396830
410707
453160
1.46929e+06
259899
1.30282e+06
1.24945e+06
2.32578e+06
1.34446e+06
161975
223542
1.13031e+06
-15605.1
524105
525208
1.17559e+06
485807
-418918
-398721
-805330
-418155
-335880
-295355
-214111
-436336
398419
450320
1.4924e+06
241653
1.336e+06
1.29073e+06
2.386e+06
1.3792e+06
150203
216738
1.14112e+06
-32126.7
541292
548837
1.22569e+06
512298
-357628
-335974
-717812
-343836
-320346
-273847
-173281
-410827
447029
506353
1.59016e+06
298489
1.39077e+06
1.325e+06
2.47299e+06
1.447e+06
141860
195413
1.12966e+06
-48255.1
571011
559265
1.24529e+06
544715
-292481
-298895
-652445
-265638
-290460
-250309
-140251
-376536
472264
511994
1.64145e+06
318613
1.412e+06
1.36426e+06
2.5052e+06
1.47078e+06
103954
164816
1.08564e+06
-92910.3
561775
562675
1.23564e+06
541323
-281856
-274765
-637766
-258815
-296128
-251542
-142011
-383263
471616
528982
1.65368e+06
325734
1.46084e+06
1.40214e+06
2.55943e+06
1.51887e+06
98318.2
170945
1.08052e+06
-86637.6
589114
593802
1.2574e+06
569505
-257680
-252912
-586882
-239221
-275212
-234363
-112250
-372655
517109
563846
1.71025e+06
358415
1.45535e+06
1.40201e+06
2.56626e+06
1.51502e+06
127248
204192
1.1391e+06
-42781.4
590991
586505
1.27208e+06
561699
-296567
-294076
-619937
-289389
-280772
-229953
-65275.9
-372009
522116
567108
1.76392e+06
361382
1.49018e+06
1.423e+06
2.59421e+06
1.5442e+06
171056
243900
1.19471e+06
-3887.67
579506
571602
1.25968e+06
546280
-341379
-334293
-674013
-335895
-273430
-222288
-53316.6
-372851
530467
584919
1.79964e+06
374065
1.5105e+06
1.44895e+06
2.64735e+06
1.58073e+06
204659
273257
1.25636e+06
43910.6
575687
576018
1.27112e+06
560526
-373687
-355190
-719934
-361155
-248685
-204148
-19571.3
-334123
571453
623851
1.87612e+06
419388
1.5444e+06
1.45902e+06
2.66315e+06
1.61004e+06
225615
268018
1.23743e+06
46436.4
577727
556678
1.22041e+06
550554
-387146
-391232
-777803
-374873
-230909
-198428
-27615.3
-317652
570127
601808
1.86458e+06
400570
1.55369e+06
1.48896e+06
2.69648e+06
1.62789e+06
216746
269543
1.2323e+06
51312.6
551205
545789
1.20143e+06
525076
-422583
-408310
-835474
-414292
-236511
-194163
-36150.8
-312125
547867
594200
1.84402e+06
387948
1.58289e+06
1.51775e+06
2.7528e+06
1.66818e+06
214306
283569
1.23781e+06
57132.1
574833
575999
1.24838e+06
562576
-385321
-360141
-765067
-367585
-204541
-163275
17332.6
-288575
553101
614452
1.8533e+06
398573
1.61152e+06
1.55184e+06
2.80011e+06
1.69252e+06
270965
341610
1.31929e+06
117781
589165
584364
1.23875e+06
571577
-345649
-332046
-709572
-344051
-195636
-151991
46481.7
-281699
606354
658828
1.92888e+06
444413
1.63855e+06
1.56836e+06
2.84711e+06
1.71209e+06
319449
383454
1.40949e+06
158330
590134
580823
1.2293e+06
577191
-344103
-325464
-674642
-337624
-186649
-144629
58451.6
-274963
634068
691294
2.00259e+06
475526
1.64646e+06
1.573e+06
2.86255e+06
1.7211e+06
334865
384042
1.44381e+06
169878
595303
583999
1.21954e+06
589917
-324175
-304403
-653095
-310663
-171980
-137170
65005
-258452
670846
717045
2.05675e+06
508084
1.63117e+06
1.5548e+06
2.8355e+06
1.69517e+06
313916
362141
1.39972e+06
129978
578596
559879
1.15954e+06
562936
-293196
-291250
-662270
-272478
-168519
-133533
44862.4
-253275
661297
709524
2.04492e+06
493501
1.61459e+06
1.5454e+06
2.8383e+06
1.67843e+06
273213
323016
1.36953e+06
83053.9
543712
531346
1.10447e+06
534258
-309583
-301599
-684674
-297563
-192965
-161097
9019.85
-280798
654205
699450
2.03032e+06
490480
1.64689e+06
1.57799e+06
2.90808e+06
1.71227e+06
261708
332554
1.39142e+06
90587.4
564096
547146
1.13655e+06
556214
-273340
-278219
-632243
-244956
-184665
-156571
52482.2
-273655
683532
725079
2.07717e+06
534283
1.6221e+06
1.56751e+06
2.88936e+06
1.68697e+06
269142
348329
1.39634e+06
104871
530005
518659
1.09088e+06
523497
-318102
-319084
-730586
-291501
-236697
-191752
-9528.26
-319370
674088
723024
2.07131e+06
525428
1.65254e+06
1.58802e+06
2.92709e+06
1.70701e+06
302104
380392
1.44635e+06
132051
505449
487701
1.04361e+06
488899
-347893
-345204
-792853
-312007
-242811
-198810
-39484.1
-326801
689875
737712
2.09627e+06
545246
1.65974e+06
1.59213e+06
2.96016e+06
1.71687e+06
319575
383523
1.46153e+06
158127
492194
479891
1.03315e+06
475784
-337604
-337938
-827405
-301381
-222078
-185445
-31033.5
-301206
734160
772343
2.13165e+06
592315
1.67333e+06
1.61272e+06
2.9734e+06
1.74313e+06
332211
395162
1.44447e+06
164397
489898
479186
1.0169e+06
482150
-328344
-332250
-845318
-265874
-193417
-145577
-4267.39
-253520
738273
775075
2.13135e+06
597585
1.71502e+06
1.65591e+06
3.05409e+06
1.77565e+06
331737
390459
1.4432e+06
167435
496785
488874
1.02943e+06
482479
-310958
-309897
-854840
-250228
-158342
-121889
33753.7
-223451
761084
800460
2.14842e+06
632536
1.04369e+06
1.00922e+06
2.03932e+06
1.04605e+06
90615.7
149331
806522
-28123.8
355237
373477
928904
321221
-281550
-282737
-632607
-258432
-218172
-194038
-118964
-290803
452115
485732
1.37704e+06
355610
1.04356e+06
1.02372e+06
2.03894e+06
1.04416e+06
131018
189757
863528
3973.94
381551
399399
946503
335827
-276904
-282464
-612657
-282025
-256421
-222654
-147874
-336649
459498
496079
1.38976e+06
349404
1.05679e+06
1.02777e+06
2.04407e+06
1.05772e+06
142995
202438
907153
19188
370590
378149
915402
330007
-305734
-300168
-618710
-302978
-292749
-254748
-202235
-372795
434202
471412
1.37083e+06
330922
1.07142e+06
1.03358e+06
2.03937e+06
1.08235e+06
160817
208248
915099
41247.7
377683
385337
900001
353918
-292278
-288582
-608406
-284046
-300523
-266435
-239168
-374703
437819
463561
1.34229e+06
333136
1.10008e+06
1.05565e+06
2.08551e+06
1.11336e+06
184437
221306
952881
52191.6
391084
381193
889660
363354
-263434
-275272
-577179
-250879
-288963
-259832
-215973
-364558
413000
438492
1.31104e+06
302359
1.10072e+06
1.07086e+06
2.08116e+06
1.10616e+06
162299
210161
934966
22420.9
362106
369069
843560
334553
-275679
-266977
-578692
-276598
-317902
-271987
-246667
-395593
381871
418355
1.25419e+06
271192
1.12528e+06
1.09296e+06
2.13974e+06
1.12998e+06
155317
213823
991079
12649.4
402576
414015
926905
377971
-255915
-256820
-524403
-261354
-308850
-265396
-201684
-402601
392278
426297
1.28371e+06
275673
1.14777e+06
1.13124e+06
2.19855e+06
1.16683e+06
194567
264587
1.09959e+06
59770.3
439205
452364
1.01388e+06
410921
-293050
-287960
-547294
-306499
-318101
-258971
-153177
-402559
396000
437629
1.35741e+06
277072
1.20795e+06
1.17402e+06
2.26431e+06
1.22674e+06
246697
307608
1.20811e+06
101572
479704
480876
1.08723e+06
448014
-334345
-319612
-595025
-339891
-309628
-255734
-140999
-394234
402943
447914
1.40902e+06
286091
1.23559e+06
1.18994e+06
2.29972e+06
1.25676e+06
259503
313366
1.2649e+06
109853
513900
510784
1.16039e+06
486449
-359287
-351330
-644702
-373187
-291607
-244183
-130696
-373495
441953
483583
1.4765e+06
321326
1.2574e+06
1.20142e+06
2.30134e+06
1.28409e+06
264851
309004
1.26116e+06
103424
527746
514132
1.1658e+06
495412
-385489
-389086
-732102
-386111
-267100
-220684
-120645
-338170
448302
481313
1.49535e+06
319295
1.25108e+06
1.20702e+06
2.29667e+06
1.27939e+06
221943
267948
1.2156e+06
51575
511983
506651
1.15155e+06
474012
-453246
-448911
-851178
-464180
-278842
-237248
-148106
-351656
415363
449129
1.45487e+06
283535
1.27526e+06
1.22435e+06
2.32589e+06
1.31043e+06
178038
236824
1.15246e+06
5625.03
506344
516367
1.1582e+06
477050
-439208
-418669
-836268
-438089
-275014
-239632
-131691
-367203
399064
444436
1.42621e+06
253108
1.27349e+06
1.22867e+06
2.304e+06
1.31684e+06
171663
232933
1.13495e+06
4105.46
524388
526163
1.16914e+06
491055
-416235
-408097
-820672
-426890
-305858
-270198
-164808
-396830
410707
453160
1.46929e+06
259899
1.30282e+06
1.24945e+06
2.32578e+06
1.34446e+06
161975
223542
1.13031e+06
-15605.1
524105
525208
1.17559e+06
485807
-418918
-398721
-805330
-418155
-335880
-295355
-214111
-436336
398419
450320
1.4924e+06
241653
1.336e+06
1.29073e+06
2.386e+06
1.3792e+06
150203
216738
1.14112e+06
-32126.7
541292
548837
1.22569e+06
512298
-357628
-335974
-717812
-343836
-320346
-273847
-173281
-410827
447029
506353
1.59016e+06
298489
1.39077e+06
1.325e+06
2.47299e+06
1.447e+06
141860
195413
1.12966e+06
-48255.1
571011
559265
1.24529e+06
544715
-292481
-298895
-652445
-265638
-290460
-250309
-140251
-376536
472264
511994
1.64145e+06
318613
1.412e+06
1.36426e+06
2.5052e+06
1.47078e+06
103954
164816
1.08564e+06
-92910.3
561775
562675
1.23564e+06
541323
-281856
-274765
-637766
-258815
-296128
-251542
-142011
-383263
471616
528982
1.65368e+06
325734
1.46084e+06
1.40214e+06
2.55943e+06
1.51887e+06
98318.2
170945
1.08052e+06
-86637.6
589114
593802
1.2574e+06
569505
-257680
-252912
-586882
-239221
-275212
-234363
-112250
-372655
517109
563846
1.71025e+06
358415
1.45535e+06
1.40201e+06
2.56626e+06
1.51502e+06
127248
204192
1.1391e+06
-42781.4
590991
586505
1.27208e+06
561699
-296567
-294076
-619937
-289389
-280772
-229953
-65275.9
-372009
522116
567108
1.76392e+06
361382
1.49018e+06
1.423e+06
2.59421e+06
1.5442e+06
171056
243900
1.19471e+06
-3887.67
579506
571602
1.25968e+06
546280
-341379
-334293
-674013
-335895
-273430
-222288
-53316.6
-372851
530467
584919
1.79964e+06
374065
1.5105e+06
1.44895e+06
2.64735e+06
1.58073e+06
204659
273257
1.25636e+06
43910.6
575687
576018
1.27112e+06
560526
-373687
-355190
-719934
-361155
-248685
-204148
-19571.3
-334123
571453
623851
1.87612e+06
419388
1.5444e+06
1.45902e+06
2.66315e+06
1.61004e+06
225615
268018
1.23743e+06
46436.4
577727
556678
1.22041e+06
550554
-387146
-391232
-777803
-374873
-230909
-198428
-27615.3
-317652
570127
601808
1.86458e+06
400570
1.55369e+06
1.48896e+06
2.69648e+06
1.62789e+06
216746
269543
1.2323e+06
51312.6
551205
545789
1.20143e+06
525076
-422583
-408310
-835474
-414292
-236511
-194163
-36150.8
-312125
547867
594200
1.84402e+06
387948
1.58289e+06
1.51775e+06
2.7528e+06
1.66818e+06
214306
283569
1.23781e+06
57132.1
574833
575999
1.24838e+06
562576
-385321
-360141
-765067
-367585
-204541
-163275
17332.6
-288575
553101
614452
1.8533e+06
398573
1.61152e+06
1.55184e+06
2.80011e+06
1.69252e+06
270965
341610
1.31929e+06
117781
589165
584364
1.23875e+06
571577
-345649
-332046
-709572
-344051
-195636
-151991
46481.7
-281699
606354
658828
1.92888e+06
444413
1.63855e+06
1.56836e+06
2.84711e+06
1.71209e+06
319449
383454
1.40949e+06
158330
590134
580823
1.2293e+06
577191
-344103
-325464
-674642
-337624
-186649
-144629
58451.6
-274963
634068
691294
2.00259e+06
475526
1.64646e+06
1.573e+06
2.86255e+06
1.7211e+06
334865
384042
1.44381e+06
169878
595303
583999
1.21954e+06
589917
-324175
-304403
-653095
-310663
-171980
-137170
65005
-258452
670846
717045
2.05675e+06
508084
1.63117e+06
1.5548e+06
2.8355e+06
1.69517e+06
313916
362141
1.39972e+06
129978
578596
559879
1.15954e+06
562936
-293196
-291250
-662270
-272478
-168519
-133533
44862.4
-253275
661297
709524
2.04492e+06
493501
1.61459e+06
1.5454e+06
2.8383e+06
1.67843e+06
273213
323016
1.36953e+06
83053.9
543712
531346
1.10447e+06
534258
-309583
-301599
-684674
-297563
-192965
-161097
9019.85
-280798
654205
699450
2.03032e+06
490480
1.64689e+06
1.57799e+06
2.90808e+06
1.71227e+06
261708
332554
1.39142e+06
90587.4
564096
547146
1.13655e+06
556214
-273340
-278219
-632243
-244956
-184665
-156571
52482.2
-273655
683532
725079
2.07717e+06
534283
1.6221e+06
1.56751e+06
2.88936e+06
1.68697e+06
269142
348329
1.39634e+06
104871
530005
518659
1.09088e+06
523497
-318102
-319084
-730586
-291501
-236697
-191752
-9528.26
-319370
674088
723024
2.07131e+06
525428
1.65254e+06
1.58802e+06
2.92709e+06
1.70701e+06
302104
380392
1.44635e+06
132051
505449
487701
1.04361e+06
488899
-347893
-345204
-792853
-312007
-242811
-198810
-39484.1
-326801
689875
737712
2.09627e+06
545246
1.65974e+06
1.59213e+06
2.96016e+06
1.71687e+06
319575
383523
1.46153e+06
158127
492194
479891
1.03315e+06
475784
-337604
-337938
-827405
-301381
-222078
-185445
-31033.5
-301206
734160
772343
2.13165e+06
592315
1.67333e+06
1.61272e+06
2.9734e+06
1.74313e+06
332211
395162
1.44447e+06
164397
489898
479186
1.0169e+06
482150
-328344
-332250
-845318
-265874
-193417
-145577
-4267.39
-253520
738273
775075
2.13135e+06
597585
1.71502e+06
1.65591e+06
3.05409e+06
1.77565e+06
331737
390459
1.4432e+06
167435
496785
488874
1.02943e+06
482479
-310958
-309897
-854840
-250228
-158342
-121889
33753.7
-223451
761084
800460
2.14842e+06
632536
1.04369e+06
1.00922e+06
2.03932e+06
1.04605e+06
90615.7
149331
806522
-28123.8
355237
373477
928904
321221
-281550
-282737
-632607
-258432
-218172
-194038
-118964
-290803
452115
485732
1.37704e+06
355610
1.04356e+06
1.02372e+06
2.03894e+06
1.04416e+06
131018
189757
863528
3973.94
381551
399399
946503
335827
-276904
-282464
-612657
-282025
-256421
-222654
-147874
-336649
459498
496079
1.38976e+06
349404
1.05679e+06
1.02777e+06
2.04407e+06
1.05772e+06
142995
202438
907153
19188
370590
378149
915402
330007
-305734
-300168
-618710
-302978
-292749
-254748
-202235
-372795
434202
471412
1.37083e+06
330922
1.07142e+06
1.03358e+06
2.03937e+06
1.08235e+06
160817
208248
915099
41247.7
377683
385337
900001
353918
-292278
-288582
-608406
-284046
-300523
-266435
-239168
-374703
437819
463561
1.34229e+06
333136
1.10008e+06
1.05565e+06
2.08551e+06
1.11336e+06
184437
221306
952881
52191.6
391084
381193
889660
363354
-263434
-275272
-577179
-250879
-288963
-259832
-215973
-364558
413000
438492
1.31104e+06
302359
1.10072e+06
1.07086e+06
2.08116e+06
1.10616e+06
162299
210161
934966
22420.9
362106
369069
843560
334553
-275679
-266977
-578692
-276598
-317902
-271987
-246667
-395593
381871
418355
1.25419e+06
271192
1.12528e+06
1.09296e+06
2.13974e+06
1.12998e+06
155317
213823
991079
12649.4
402576
414015
926905
377971
-255915
-256820
-524403
-261354
-308850
-265396
-201684
-402601
392278
426297
1.28371e+06
275673
1.14777e+06
1.13124e+06
2.19855e+06
1.16683e+06
194567
264587
1.09959e+06
59770.3
439205
452364
1.01388e+06
410921
-293050
-287960
-547294
-306499
-318101
-258971
-153177
-402559
396000
437629
1.35741e+06
277072
1.20795e+06
1.17402e+06
2.26431e+06
1.22674e+06
246697
307608
1.20811e+06
101572
479704
480876
1.08723e+06
448014
-334345
-319612
-595025
-339891
-309628
-255734
-140999
-394234
402943
447914
1.40902e+06
286091
1.23559e+06
1.18994e+06
2.29972e+06
1.25676e+06
259503
313366
1.2649e+06
109853
513900
510784
1.16039e+06
486449
-359287
-351330
-644702
-373187
-291607
-244183
-130696
-373495
441953
483583
1.4765e+06
321326
1.2574e+06
1.20142e+06
2.30134e+06
1.28409e+06
264851
309004
1.26116e+06
103424
527746
514132
1.1658e+06
495412
-385489
-389086
-732102
-386111
-267100
-220684
-120645
-338170
448302
481313
1.49535e+06
319295
1.25108e+06
1.20702e+06
2.29667e+06
1.27939e+06
221943
267948
1.2156e+06
51575
511983
506651
1.15155e+06
474012
-453246
-448911
-851178
-464180
-278842
-237248
-148106
-351656
415363
449129
1.45487e+06
283535
1.27526e+06
1.22435e+06
2.32589e+06
1.31043e+06
178038
236824
1.15246e+06
5625.03
506344
516367
1.1582e+06
477050
-439208
-418669
-836268
-438089
-275014
-239632
-131691
-367203
399064
444436
1.42621e+06
253108
1.27349e+06
1.22867e+06
2.304e+06
1.31684e+06
171663
232933
1.13495e+06
4105.46
524388
526163
1.16914e+06
491055
-416235
-408097
-820672
-426890
-305858
-270198
-164808
-396830
410707
453160
1.46929e+06
259899
1.30282e+06
1.24945e+06
2.32578e+06
1.34446e+06
161975
223542
1.13031e+06
-15605.1
524105
525208
1.17559e+06
485807
-418918
-398721
-805330
-418155
-335880
-295355
-214111
-436336
398419
450320
1.4924e+06
241653
1.336e+06
1.29073e+06
2.386e+06
1.3792e+06
150203
216738
1.14112e+06
-32126.7
541292
548837
1.22569e+06
512298
-357628
-335974
-717812
-343836
-320346
-273847
-173281
-410827
447029
506353
1.59016e+06
298489
1.39077e+06
1.325e+06
2.47299e+06
1.447e+06
141860
195413
1.12966e+06
-48255.1
571011
559265
1.24529e+06
544715
-292481
-298895
-652445
-265638
-290460
-250309
-140251
-376536
472264
511994
1.64145e+06
318613
1.412e+06
1.36426e+06
2.5052e+06
1.47078e+06
103954
164816
1.08564e+06
-92910.3
561775
562675
1.23564e+06
541323
-281856
-274765
-637766
-258815
-296128
-251542
-142011
-383263
471616
528982
1.65368e+06
325734
1.46084e+06
1.40214e+06
2.55943e+06
1.51887e+06
98318.2
170945
1.08052e+06
-86637.6
589114
593802
1.2574e+06
569505
-257680
-252912
-586882
-239221
-275212
-234363
-112250
-372655
517109
563846
1.71025e+06
358415
1.45535e+06
1.40201e+06
2.56626e+06
1.51502e+06
127248
204192
1.1391e+06
-42781.4
590991
586505
1.27208e+06
561699
-296567
-294076
-619937
-289389
-280772
-229953
-65275.9
-372009
522116
567108
1.76392e+06
361382
1.49018e+06
1.423e+06
2.59421e+06
1.5442e+06
171056
243900
1.19471e+06
-3887.67
579506
571602
1.25968e+06
546280
-341379
-334293
-674013
-335895
-273430
-222288
-53316.6
-372851
530467
584919
1.79964e+06
374065
1.5105e+06
1.44895e+06
2.64735e+06
1.58073e+06
204659
273257
1.25636e+06
43910.6
575687
576018
1.27112e+06
560526
-373687
-355190
-719934
-361155
-248685
-204148
-19571.3
-334123
571453
623851
1.87612e+06
419388
1.5444e+06
1.45902e+06
2.66315e+06
1.61004e+06
225615
268018
1.23743e+06
46436.4
577727
556678
1.22041e+06
550554
-387146
-391232
-777803
-374873
-230909
-198428
-27615.3
-317652
570127
601808
1.86458e+06
400570
1.55369e+06
1.48896e+06
2.69648e+06
1.62789e+06
216746
269543
1.2323e+06
51312.6
551205
545789
1.20143e+06
525076
-422583
-408310
-835474
-414292
-236511
-194163
-36150.8
-312125
547867
594200
1.84402e+06
387948
1.58289e+06
1.51775e+06
2.7528e+06
1.66818e+06
214306
283569
1.23781e+06
57132.1
574833
575999
1.24838e+06
562576
-385321
-360141
-765067
-367585
-204541
-163275
17332.6
-288575
553101
614452
1.8533e+06
398573
1.61152e+06
1.55184e+06
2.80011e+06
1.69252e+06
270965
341610
1.31929e+06
117781
589165
584364
1.23875e+06
571577
-345649
-332046
-709572
-344051
-195636
-151991
46481.7
-281699
606354
658828
1.92888e+06
444413
1.63855e+06
1.56836e+06
2.84711e+06
1.71209e+06
319449
383454
1.40949e+06
158330
590134
580823
1.2293e+06
577191
-344103
-325464
-674642
-337624
-186649
-144629
58451.6
-274963
634068
691294
2.00259e+06
475526
1.64646e+06
1.573e+06
2.86255e+06
1.7211e+06
334865
384042
1.44381e+06
169878
595303
583999
1.21954e+06
589917
-324175
-304403
-653095
-310663
-171980
-137170
65005
-258452
670846
717045
2.05675e+06
508084
1.63117e+06
1.5548e+06
2.8355e+06
1.69517e+06
313916
362141
1.39972e+06
129978
578596
559879
1.15954e+06
562936
-293196
-291250
-662270
-272478
-168519
-133533
44862.4
-253275
661297
709524
2.04492e+06
493501
1.61459e+06
1.5454e+06
2.8383e+06
1.67843e+06
273213
323016
1.36953e+06
83053.9
543712
531346
1.10447e+06
534258
-309583
-301599
-684674
-297563
-192965
-161097
9019.85
-280798
654205
699450
2.03032e+06
490480
1.64689e+06
1.57799e+06
2.90808e+06
1.71227e+06
261708
332554
1.39142e+06
90587.4
564096
547146
1.13655e+06
556214
-273340
-278219
-632243
-244956
-184665
-156571
52482.2
-273655
683532
725079
2.07717e+06
534283
1.6221e+06
1.56751e+06
2.88936e+06
1.68697e+06
269142
348329
1.39634e+06
104871
530005
518659
1.09088e+06
523497
-318102
-319084
-730586
-291501
-236697
-191752
-9528.26
-319370
674088
723024
2.07131e+06
525428
1.65254e+06
1.58802e+06
2.92709e+06
1.70701e+06
302104
380392
1.44635e+06
132051
505449
487701
1.04361e+06
488899
-347893
-345204
-792853
-312007
-242811
-198810
-39484.1
-326801
689875
737712
2.09627e+06
545246
1.65974e+06
1.59213e+06
2.96016e+06
1.71687e+06
319575
383523
1.46153e+06
158127
492194
479891
1.03315e+06
475784
-337604
-337938
-827405
-301381
-222078
-185445
-31033.5
-301206
734160
772343
2.13165e+06
592315
1.67333e+06
1.61272e+06
2.9734e+06
1.74313e+06
332211
395162
1.44447e+06
164397
489898
479186
1.0169e+06
482150
-328344
-332250
-845318
-265874
-193417
-145577
-4267.39
-253520
738273
775075
2.13135e+06
597585
1.71502e+06
1.65591e+06
3.05409e+06
1.77565e+06
331737
390459
1.4432e+06
167435
496785
488874
1.02943e+06
482479
-310958
-309897
-854840
-250228
-158342
-121889
33753.7
-223451
761084
800460
2.14842e+06
632536
-673541
-624561
-895985
-767661
316831
274702
284000
379874
-258718
-315658
-1.24203e+06
-111284
435946
329551
-123927
631629
69078.7
20245.2
-255618
144036
261299
238708
389156
279386
-649632
-593091
-831424
-740937
335559
295215
331348
399974
-257524
-317379
-1.28104e+06
-104030
423452
323276
-146728
625217
63452.9
28920
-225827
148669
247120
242775
406951
266999
-658702
-595205
-808312
-744996
331893
301784
336391
410666
-287161
-346456
-1.36013e+06
-117398
396647
304725
-178865
599781
42188.8
12298.7
-268031
120132
232447
221307
395556
244431
-635980
-582645
-780936
-730838
372594
330038
385007
447068
-304448
-372168
-1.41916e+06
-140801
390430
297676
-202118
594149
51114.6
15107.3
-261168
137389
239881
224941
385006
267589
-624644
-562627
-748749
-716704
387258
353930
428712
467924
-348777
-412327
-1.49367e+06
-180411
413376
327653
-160411
623346
62040.8
35498.9
-238349
142465
231469
224673
382288
254445
-589567
-527224
-694670
-674868
441945
409554
514814
519103
-380777
-444057
-1.56262e+06
-225174
441368
354401
-113279
648560
101565
68454.3
-153142
181661
290866
283419
460966
328517
-572686
-527064
-687337
-661392
481738
433871
549735
554985
-371299
-432228
-1.53107e+06
-206655
473050
374261
-72835.5
677694
96608.5
54074.6
-165841
168682
293568
271143
459424
312125
-595112
-544096
-729550
-690724
488789
438461
548941
563947
-371207
-428205
-1.53732e+06
-203813
471894
374109
-80579.1
673858
54960.6
20441
-226279
123626
257697
248277
419949
272507
-614063
-555929
-747975
-701801
505339
463383
572547
593679
-359591
-418773
-1.52548e+06
-188585
481095
389208
-46128.1
680754
35753.4
8529.83
-256369
100816
241312
227642
411224
248016
-650216
-599834
-804374
-743140
514404
460768
565234
611739
-387949
-449798
-1.56424e+06
-215254
454735
361061
-56170.4
654604
-5890.2
-36116.9
-316357
69177
196906
184314
353846
217985
-669293
-610290
-850446
-756872
547151
500748
565096
662309
-409101
-467306
-1.61095e+06
-238260
467325
382758
-54182.8
672954
-25971.3
-47134.3
-389187
43985.6
174014
170885
303625
187290
-672219
-619933
-863484
-762193
608318
554630
632525
732206
-413991
-466399
-1.6055e+06
-239449
490005
402527
-265.165
696144
-7349.67
-36230
-346532
64632.4
169946
170447
298384
198273
-686014
-631214
-883347
-774063
634128
567539
664135
756282
-405974
-453320
-1.58733e+06
-219395
511315
412400
27164.9
718392
-35054.1
-57424.8
-390894
41091.4
160897
158642
283874
176533
-668852
-603767
-841659
-757780
630363
564571
675392
744501
-352095
-394680
-1.52236e+06
-151789
512388
415897
27175.5
720578
-43872.4
-62287.6
-395350
30068.3
162002
173876
325917
170557
-668217
-616833
-837274
-770949
620224
552948
664277
720351
-300381
-370455
-1.50028e+06
-111675
527377
423294
44112.9
710098
-55203.1
-75835.1
-438836
6252.24
160529
151991
334993
135668
-651563
-592854
-806468
-741051
630426
570419
727354
739224
-279973
-340339
-1.45927e+06
-77341.9
545951
457179
123795
747570
-54987.5
-67494.8
-435675
27149.4
165732
175949
379231
169604
-633072
-585991
-771488
-726928
656203
599394
772942
770580
-255111
-321060
-1.41396e+06
-54974
603164
513432
228922
807605
-34814.4
-52430.6
-425460
46164.2
189872
195744
453936
178350
-643182
-585313
-791122
-731788
691647
637565
832615
798214
-235314
-297359
-1.40194e+06
-26361.6
631098
538785
292727
826857
-15939.6
-40476.2
-404952
58454.4
205871
216938
491513
198673
-649882
-605018
-801783
-761507
687290
619392
858674
779390
-230873
-313272
-1.40973e+06
-35425.3
631974
524494
286834
821761
-13382.7
-51818.9
-371735
45781.6
199101
201269
515371
164644
-668538
-609455
-790002
-778578
678296
618911
861665
776786
-246293
-317065
-1.44605e+06
-34354.1
629696
528900
264270
837137
-16167.3
-43005.5
-341396
51119.6
202355
225737
556960
178128
-696878
-630960
-802858
-808128
665245
611377
825452
766608
-251056
-329336
-1.50409e+06
-31041.3
630485
537963
238906
836799
-22657.1
-42181
-356946
34077.6
207737
220413
566851
170296
-719606
-662850
-838760
-842866
652225
595297
795226
756939
-281038
-363811
-1.59374e+06
-62259.3
649086
550472
240425
861895
-10316
-34436.1
-329795
51981.5
211201
220898
565519
186344
-751517
-682840
-831377
-882009
654241
602560
809802
755322
-323895
-398656
-1.64879e+06
-105459
692648
595696
314415
915587
-11303.1
-27866.4
-294422
44101.5
218094
237494
617532
183882
-769773
-697221
-851695
-905177
662249
607033
817287
757777
-351843
-431686
-1.71585e+06
-138936
692265
589779
294601
910755
11508.2
-11177.9
-243513
64406.8
228632
242948
625891
196246
-781489
-707552
-878131
-916616
662396
598788
810873
752649
-366880
-449733
-1.73141e+06
-158356
707835
593885
314967
930562
-6192.13
-38436.9
-249858
39353.3
236597
238803
628658
199670
-792917
-714814
-886441
-929596
629648
570410
773197
724615
-379783
-453189
-1.74364e+06
-168201
706377
596928
301371
937781
-40023.7
-58050.6
-272769
13140.2
248083
264113
653642
223263
-829361
-740625
-911384
-965941
616534
567120
748217
716721
-397820
-470772
-1.76423e+06
-191996
713199
614713
326409
939360
-63131.2
-73835.4
-308231
-28560
266341
273612
667567
239147
-849704
-769264
-957401
-993539
616280
557194
725201
729869
-418466
-492694
-1.78636e+06
-214239
739144
635010
368672
973565
-79682.4
-86874.4
-325993
-27336.7
292224
289745
663937
287503
-873442
-787129
-980250
-1.01455e+06
613271
563838
692415
734716
-441483
-510023
-1.79869e+06
-241038
773731
670536
400085
1.01578e+06
-78512.2
-80308.9
-334125
-32526.2
317322
320830
692452
313469
-853399
-765246
-964197
-994058
661904
602217
732659
777533
-453206
-519008
-1.8102e+06
-266173
817598
711237
459676
1.05981e+06
-37974.5
-53153.2
-268041
2200.52
382077
379816
753153
394141
-858442
-776360
-998176
-997441
667992
598618
727430
791638
-473831
-539500
-1.82508e+06
-283471
834389
703270
445256
1.08528e+06
-56903.7
-71686.5
-287272
-16337.7
386926
378505
754111
393240
-872008
-789093
-1.03255e+06
-1.01479e+06
648001
577100
686945
770430
-507425
-574042
-1.90363e+06
-318596
791185
656637
325407
1.04449e+06
-75869
-92329.1
-315392
-40548.3
386560
385015
752666
390715
-905228
-813758
-1.06859e+06
-1.03563e+06
635568
578938
656630
764242
-548625
-615203
-1.98322e+06
-356989
745320
627477
245994
999553
-106959
-108064
-371201
-74483.8
378856
371319
741088
375700
-893323
-810296
-1.08409e+06
-1.02709e+06
693611
625903
743388
825473
-562489
-625525
-2.00933e+06
-380471
755778
636619
237451
1.01469e+06
-82962
-86359
-340112
-39659.5
407388
400222
770229
418841
-896272
-813608
-1.09252e+06
-1.02555e+06
730703
671344
808603
866508
-586853
-647840
-2.013e+06
-407414
774432
651839
245028
1.0427e+06
-62605.8
-67038.7
-316379
-17585
438811
430395
845113
441254
-880369
-795338
-1.09616e+06
-995927
803343
743632
921000
943128
-619297
-670034
-2.04716e+06
-449765
787233
669477
261482
1.05985e+06
-28242.6
-41763.8
-261553
14802.6
480349
477501
904699
500049
-673541
-624561
-895985
-767661
316831
274702
284000
379874
-258718
-315658
-1.24203e+06
-111284
435946
329551
-123927
631629
69078.7
20245.2
-255618
144036
261299
238708
389156
279386
-649632
-593091
-831424
-740937
335559
295215
331348
399974
-257524
-317379
-1.28104e+06
-104030
423452
323276
-146728
625217
63452.9
28920
-225827
148669
247120
242775
406951
266999
-658702
-595205
-808312
-744996
331893
301784
336391
410666
-287161
-346456
-1.36013e+06
-117398
396647
304725
-178865
599781
42188.8
12298.7
-268031
120132
232447
221307
395556
244431
-635980
-582645
-780936
-730838
372594
330038
385007
447068
-304448
-372168
-1.41916e+06
-140801
390430
297676
-202118
594149
51114.6
15107.3
-261168
137389
239881
224941
385006
267589
-624644
-562627
-748749
-716704
387258
353930
428712
467924
-348777
-412327
-1.49367e+06
-180411
413376
327653
-160411
623346
62040.8
35498.9
-238349
142465
231469
224673
382288
254445
-589567
-527224
-694670
-674868
441945
409554
514814
519103
-380777
-444057
-1.56262e+06
-225174
441368
354401
-113279
648560
101565
68454.3
-153142
181661
290866
283419
460966
328517
-572686
-527064
-687337
-661392
481738
433871
549735
554985
-371299
-432228
-1.53107e+06
-206655
473050
374261
-72835.5
677694
96608.5
54074.6
-165841
168682
293568
271143
459424
312125
-595112
-544096
-729550
-690724
488789
438461
548941
563947
-371207
-428205
-1.53732e+06
-203813
471894
374109
-80579.1
673858
54960.6
20441
-226279
123626
257697
248277
419949
272507
-614063
-555929
-747975
-701801
505339
463383
572547
593679
-359591
-418773
-1.52548e+06
-188585
481095
389208
-46128.1
680754
35753.4
8529.83
-256369
100816
241312
227642
411224
248016
-650216
-599834
-804374
-743140
514404
460768
565234
611739
-387949
-449798
-1.56424e+06
-215254
454735
361061
-56170.4
654604
-5890.2
-36116.9
-316357
69177
196906
184314
353846
217985
-669293
-610290
-850446
-756872
547151
500748
565096
662309
-409101
-467306
-1.61095e+06
-238260
467325
382758
-54182.8
672954
-25971.3
-47134.3
-389187
43985.6
174014
170885
303625
187290
-672219
-619933
-863484
-762193
608318
554630
632525
732206
-413991
-466399
-1.6055e+06
-239449
490005
402527
-265.165
696144
-7349.67
-36230
-346532
64632.4
169946
170447
298384
198273
-686014
-631214
-883347
-774063
634128
567539
664135
756282
-405974
-453320
-1.58733e+06
-219395
511315
412400
27164.9
718392
-35054.1
-57424.8
-390894
41091.4
160897
158642
283874
176533
-668852
-603767
-841659
-757780
630363
564571
675392
744501
-352095
-394680
-1.52236e+06
-151789
512388
415897
27175.5
720578
-43872.4
-62287.6
-395350
30068.3
162002
173876
325917
170557
-668217
-616833
-837274
-770949
620224
552948
664277
720351
-300381
-370455
-1.50028e+06
-111675
527377
423294
44112.9
710098
-55203.1
-75835.1
-438836
6252.24
160529
151991
334993
135668
-651563
-592854
-806468
-741051
630426
570419
727354
739224
-279973
-340339
-1.45927e+06
-77341.9
545951
457179
123795
747570
-54987.5
-67494.8
-435675
27149.4
165732
175949
379231
169604
-633072
-585991
-771488
-726928
656203
599394
772942
770580
-255111
-321060
-1.41396e+06
-54974
603164
513432
228922
807605
-34814.4
-52430.6
-425460
46164.2
189872
195744
453936
178350
-643182
-585313
-791122
-731788
691647
637565
832615
798214
-235314
-297359
-1.40194e+06
-26361.6
631098
538785
292727
826857
-15939.6
-40476.2
-404952
58454.4
205871
216938
491513
198673
-649882
-605018
-801783
-761507
687290
619392
858674
779390
-230873
-313272
-1.40973e+06
-35425.3
631974
524494
286834
821761
-13382.7
-51818.9
-371735
45781.6
199101
201269
515371
164644
-668538
-609455
-790002
-778578
678296
618911
861665
776786
-246293
-317065
-1.44605e+06
-34354.1
629696
528900
264270
837137
-16167.3
-43005.5
-341396
51119.6
202355
225737
556960
178128
-696878
-630960
-802858
-808128
665245
611377
825452
766608
-251056
-329336
-1.50409e+06
-31041.3
630485
537963
238906
836799
-22657.1
-42181
-356946
34077.6
207737
220413
566851
170296
-719606
-662850
-838760
-842866
652225
595297
795226
756939
-281038
-363811
-1.59374e+06
-62259.3
649086
550472
240425
861895
-10316
-34436.1
-329795
51981.5
211201
220898
565519
186344
-751517
-682840
-831377
-882009
654241
602560
809802
755322
-323895
-398656
-1.64879e+06
-105459
692648
595696
314415
915587
-11303.1
-27866.4
-294422
44101.5
218094
237494
617532
183882
-769773
-697221
-851695
-905177
662249
607033
817287
757777
-351843
-431686
-1.71585e+06
-138936
692265
589779
294601
910755
11508.2
-11177.9
-243513
64406.8
228632
242948
625891
196246
-781489
-707552
-878131
-916616
662396
598788
810873
752649
-366880
-449733
-1.73141e+06
-158356
707835
593885
314967
930562
-6192.13
-38436.9
-249858
39353.3
236597
238803
628658
199670
-792917
-714814
-886441
-929596
629648
570410
773197
724615
-379783
-453189
-1.74364e+06
-168201
706377
596928
301371
937781
-40023.7
-58050.6
-272769
13140.2
248083
264113
653642
223263
-829361
-740625
-911384
-965941
616534
567120
748217
716721
-397820
-470772
-1.76423e+06
-191996
713199
614713
326409
939360
-63131.2
-73835.4
-308231
-28560
266341
273612
667567
239147
-849704
-769264
-957401
-993539
616280
557194
725201
729869
-418466
-492694
-1.78636e+06
-214239
739144
635010
368672
973565
-79682.4
-86874.4
-325993
-27336.7
292224
289745
663937
287503
-873442
-787129
-980250
-1.01455e+06
613271
563838
692415
734716
-441483
-510023
-1.79869e+06
-241038
773731
670536
400085
1.01578e+06
-78512.2
-80308.9
-334125
-32526.2
317322
320830
692452
313469
-853399
-765246
-964197
-994058
661904
602217
732659
777533
-453206
-519008
-1.8102e+06
-266173
817598
711237
459676
1.05981e+06
-37974.5
-53153.2
-268041
2200.52
382077
379816
753153
394141
-858442
-776360
-998176
-997441
667992
598618
727430
791638
-473831
-539500
-1.82508e+06
-283471
834389
703270
445256
1.08528e+06
-56903.7
-71686.5
-287272
-16337.7
386926
378505
754111
393240
-872008
-789093
-1.03255e+06
-1.01479e+06
648001
577100
686945
770430
-507425
-574042
-1.90363e+06
-318596
791185
656637
325407
1.04449e+06
-75869
-92329.1
-315392
-40548.3
386560
385015
752666
390715
-905228
-813758
-1.06859e+06
-1.03563e+06
635568
578938
656630
764242
-548625
-615203
-1.98322e+06
-356989
745320
627477
245994
999553
-106959
-108064
-371201
-74483.8
378856
371319
741088
375700
-893323
-810296
-1.08409e+06
-1.02709e+06
693611
625903
743388
825473
-562489
-625525
-2.00933e+06
-380471
755778
636619
237451
1.01469e+06
-82962
-86359
-340112
-39659.5
407388
400222
770229
418841
-896272
-813608
-1.09252e+06
-1.02555e+06
730703
671344
808603
866508
-586853
-647840
-2.013e+06
-407414
774432
651839
245028
1.0427e+06
-62605.8
-67038.7
-316379
-17585
438811
430395
845113
441254
-880369
-795338
-1.09616e+06
-995927
803343
743632
921000
943128
-619297
-670034
-2.04716e+06
-449765
787233
669477
261482
1.05985e+06
-28242.6
-41763.8
-261553
14802.6
480349
477501
904699
500049
-673541
-624561
-895985
-767661
316831
274702
284000
379874
-258718
-315658
-1.24203e+06
-111284
435946
329551
-123927
631629
69078.7
20245.2
-255618
144036
261299
238708
389156
279386
-649632
-593091
-831424
-740937
335559
295215
331348
399974
-257524
-317379
-1.28104e+06
-104030
423452
323276
-146728
625217
63452.9
28920
-225827
148669
247120
242775
406951
266999
-658702
-595205
-808312
-744996
331893
301784
336391
410666
-287161
-346456
-1.36013e+06
-117398
396647
304725
-178865
599781
42188.8
12298.7
-268031
120132
232447
221307
395556
244431
-635980
-582645
-780936
-730838
372594
330038
385007
447068
-304448
-372168
-1.41916e+06
-140801
390430
297676
-202118
594149
51114.6
15107.3
-261168
137389
239881
224941
385006
267589
-624644
-562627
-748749
-716704
387258
353930
428712
467924
-348777
-412327
-1.49367e+06
-180411
413376
327653
-160411
623346
62040.8
35498.9
-238349
142465
231469
224673
382288
254445
-589567
-527224
-694670
-674868
441945
409554
514814
519103
-380777
-444057
-1.56262e+06
-225174
441368
354401
-113279
648560
101565
68454.3
-153142
181661
290866
283419
460966
328517
-572686
-527064
-687337
-661392
481738
433871
549735
554985
-371299
-432228
-1.53107e+06
-206655
473050
374261
-72835.5
677694
96608.5
54074.6
-165841
168682
293568
271143
459424
312125
-595112
-544096
-729550
-690724
488789
438461
548941
563947
-371207
-428205
-1.53732e+06
-203813
471894
374109
-80579.1
673858
54960.6
20441
-226279
123626
257697
248277
419949
272507
-614063
-555929
-747975
-701801
505339
463383
572547
593679
-359591
-418773
-1.52548e+06
-188585
481095
389208
-46128.1
680754
35753.4
8529.83
-256369
100816
241312
227642
411224
248016
-650216
-599834
-804374
-743140
514404
460768
565234
611739
-387949
-449798
-1.56424e+06
-215254
454735
361061
-56170.4
654604
-5890.2
-36116.9
-316357
69177
196906
184314
353846
217985
-669293
-610290
-850446
-756872
547151
500748
565096
662309
-409101
-467306
-1.61095e+06
-238260
467325
382758
-54182.8
672954
-25971.3
-47134.3
-389187
43985.6
174014
170885
303625
187290
-672219
-619933
-863484
-762193
608318
554630
632525
732206
-413991
-466399
-1.6055e+06
-239449
490005
402527
-265.165
696144
-7349.67
-36230
-346532
64632.4
169946
170447
298384
198273
-686014
-631214
-883347
-774063
634128
567539
664135
756282
-405974
-453320
-1.58733e+06
-219395
511315
412400
27164.9
718392
-35054.1
-57424.8
-390894
41091.4
160897
158642
283874
176533
-668852
-603767
-841659
-757780
630363
564571
675392
744501
-352095
-394680
-1.52236e+06
-151789
512388
415897
27175.5
720578
-43872.4
-62287.6
-395350
30068.3
162002
173876
325917
170557
-668217
-616833
-837274
-770949
620224
552948
664277
720351
-300381
-370455
-1.50028e+06
-111675
527377
423294
44112.9
710098
-55203.1
-75835.1
-438836
6252.24
160529
151991
334993
135668
-651563
-592854
-806468
-741051
630426
570419
727354
739224
-279973
-340339
-1.45927e+06
-77341.9
545951
457179
123795
747570
-54987.5
-67494.8
-435675
27149.4
165732
175949
379231
169604
-633072
-585991
-771488
-726928
656203
599394
772942
770580
-255111
-321060
-1.41396e+06
-54974
603164
513432
228922
807605
-34814.4
-52430.6
-425460
46164.2
189872
195744
453936
178350
-643182
-585313
-791122
-731788
691647
637565
832615
798214
-235314
-297359
-1.40194e+06
-26361.6
631098
538785
292727
826857
-15939.6
-40476.2
-404952
58454.4
205871
216938
491513
198673
-649882
-605018
-801783
-761507
687290
619392
858674
779390
-230873
-313272
-1.40973e+06
-35425.3
631974
524494
286834
821761
-13382.7
-51818.9
-371735
45781.6
199101
201269
515371
164644
-668538
-609455
-790002
-778578
678296
618911
861665
776786
-246293
-317065
-1.44605e+06
-34354.1
629696
528900
264270
837137
-16167.3
-43005.5
-341396
51119.6
202355
225737
556960
178128
-696878
-630960
-802858
-808128
665245
611377
825452
766608
-251056
-329336
-1.50409e+06
-31041.3
630485
537963
238906
836799
-22657.1
-42181
-356946
34077.6
207737
220413
566851
170296
-719606
-662850
-838760
-842866
652225
595297
795226
756939
-281038
-363811
-1.59374e+06
-62259.3
649086
550472
240425
861895
-10316
-34436.1
-329795
51981.5
211201
220898
565519
186344
-751517
-682840
-831377
-882009
654241
602560
809802
755322
-323895
-398656
-1.64879e+06
-105459
692648
595696
314415
915587
-11303.1
-27866.4
-294422
44101.5
218094
237494
617532
183882
-769773
-697221
-851695
-905177
662249
607033
817287
757777
-351843
-431686
-1.71585e+06
-138936
692265
589779
294601
910755
11508.2
-11177.9
-243513
64406.8
228632
242948
625891
196246
-781489
-707552
-878131
-916616
662396
598788
810873
752649
-366880
-449733
-1.73141e+06
-158356
707835
593885
314967
930562
-6192.13
-38436.9
-249858
39353.3
236597
238803
628658
199670
-792917
-714814
-886441
-929596
629648
570410
773197
724615
-379783
-453189
-1.74364e+06
-168201
706377
596928
301371
937781
-40023.7
-58050.6
-272769
13140.2
248083
264113
653642
223263
-829361
-740625
-911384
-965941
616534
567120
748217
716721
-397820
-470772
-1.76423e+06
-191996
713199
614713
326409
939360
-63131.2
-73835.4
-308231
-28560
266341
273612
667567
239147
-849704
-769264
-957401
-993539
616280
557194
725201
729869
-418466
-492694
-1.78636e+06
-214239
739144
635010
368672
973565
-79682.4
-86874.4
-325993
-27336.7
292224
289745
663937
287503
-873442
-787129
-980250
-1.01455e+06
613271
563838
692415
734716
-441483
-510023
-1.79869e+06
-241038
773731
670536
400085
1.01578e+06
-78512.2
-80308.9
-334125
-32526.2
317322
320830
692452
313469
-853399
-765246
-964197
-994058
661904
602217
732659
777533
-453206
-519008
-1.8102e+06
-266173
817598
711237
459676
1.05981e+06
-37974.5
-53153.2
-268041
2200.52
382077
379816
753153
394141
-858442
-776360
-998176
-997441
667992
598618
727430
791638
-473831
-539500
-1.82508e+06
-283471
834389
703270
445256
1.08528e+06
-56903.7
-71686.5
-287272
-16337.7
386926
378505
754111
393240
-872008
-789093
-1.03255e+06
-1.01479e+06
648001
577100
686945
770430
-507425
-574042
-1.90363e+06
-318596
791185
656637
325407
1.04449e+06
-75869
-92329.1
-315392
-40548.3
386560
385015
752666
390715
-905228
-813758
-1.06859e+06
-1.03563e+06
635568
578938
656630
764242
-548625
-615203
-1.98322e+06
-356989
745320
627477
245994
999553
-106959
-108064
-371201
-74483.8
378856
371319
741088
375700
-893323
-810296
-1.08409e+06
-1.02709e+06
693611
625903
743388
825473
-562489
-625525
-2.00933e+06
-380471
755778
636619
237451
1.01469e+06
-82962
-86359
-340112
-39659.5
407388
400222
770229
418841
-896272
-813608
-1.09252e+06
-1.02555e+06
730703
671344
808603
866508
-586853
-647840
-2.013e+06
-407414
774432
651839
245028
1.0427e+06
-62605.8
-67038.7
-316379
-17585
438811
430395
845113
441254
-880369
-795338
-1.09616e+06
-995927
803343
743632
921000
943128
-619297
-670034
-2.04716e+06
-449765
787233
669477
261482
1.05985e+06
-28242.6
-41763.8
-261553
14802.6
480349
477501
904699
500049
-673541
-624561
-895985
-767661
316831
274702
284000
379874
-258718
-315658
-1.24203e+06
-111284
435946
329551
-123927
631629
69078.7
20245.2
-255618
144036
261299
238708
389156
279386
-649632
-593091
-831424
-740937
335559
295215
331348
399974
-257524
-317379
-1.28104e+06
-104030
423452
323276
-146728
625217
63452.9
28920
-225827
148669
247120
242775
406951
266999
-658702
-595205
-808312
-744996
331893
301784
336391
410666
-287161
-346456
-1.36013e+06
-117398
396647
304725
-178865
599781
42188.8
12298.7
-268031
120132
232447
221307
395556
244431
-635980
-582645
-780936
-730838
372594
330038
385007
447068
-304448
-372168
-1.41916e+06
-140801
390430
297676
-202118
594149
51114.6
15107.3
-261168
137389
239881
224941
385006
267589
-624644
-562627
-748749
-716704
387258
353930
428712
467924
-348777
-412327
-1.49367e+06
-180411
413376
327653
-160411
623346
62040.8
35498.9
-238349
142465
231469
224673
382288
254445
-589567
-527224
-694670
-674868
441945
409554
514814
519103
-380777
-444057
-1.56262e+06
-225174
441368
354401
-113279
648560
101565
68454.3
-153142
181661
290866
283419
460966
328517
-572686
-527064
-687337
-661392
481738
433871
549735
554985
-371299
-432228
-1.53107e+06
-206655
473050
374261
-72835.5
677694
96608.5
54074.6
-165841
168682
293568
271143
459424
312125
-595112
-544096
-729550
-690724
488789
438461
548941
563947
-371207
-428205
-1.53732e+06
-203813
471894
374109
-80579.1
673858
54960.6
20441
-226279
123626
257697
248277
419949
272507
-614063
-555929
-747975
-701801
505339
463383
572547
593679
-359591
-418773
-1.52548e+06
-188585
481095
389208
-46128.1
680754
35753.4
8529.83
-256369
100816
241312
227642
411224
248016
-650216
-599834
-804374
-743140
514404
460768
565234
611739
-387949
-449798
-1.56424e+06
-215254
454735
361061
-56170.4
654604
-5890.2
-36116.9
-316357
69177
196906
184314
353846
217985
-669293
-610290
-850446
-756872
547151
500748
565096
662309
-409101
-467306
-1.61095e+06
-238260
467325
382758
-54182.8
672954
-25971.3
-47134.3
-389187
43985.6
174014
170885
303625
187290
-672219
-619933
-863484
-762193
608318
554630
632525
732206
-413991
-466399
-1.6055e+06
-239449
490005
402527
-265.165
696144
-7349.67
-36230
-346532
64632.4
169946
170447
298384
198273
-686014
-631214
-883347
-774063
634128
567539
664135
756282
-405974
-453320
-1.58733e+06
-219395
511315
412400
27164.9
718392
-35054.1
-57424.8
-390894
41091.4
160897
158642
283874
176533
-668852
-603767
-841659
-757780
630363
564571
675392
744501
-352095
-394680
-1.52236e+06
-151789
512388
415897
27175.5
720578
-43872.4
-62287.6
-395350
30068.3
162002
173876
325917
170557
-668217
-616833
-837274
-770949
620224
552948
664277
720351
-300381
-370455
-1.50028e+06
-111675
527377
423294
44112.9
710098
-55203.1
-75835.1
-438836
6252.24
160529
151991
334993
135668
-651563
-592854
-806468
-741051
630426
570419
727354
739224
-279973
-340339
-1.45927e+06
-77341.9
545951
457179
123795
747570
-54987.5
-67494.8
-435675
27149.4
165732
175949
379231
169604
-633072
-585991
-771488
-726928
656203
599394
772942
770580
-255111
-321060
-1.41396e+06
-54974
603164
513432
228922
807605
-34814.4
-52430.6
-425460
46164.2
189872
195744
453936
178350
-643182
-585313
-791122
-731788
691647
637565
832615
798214
-235314
-297359
-1.40194e+06
-26361.6
631098
538785
292727
826857
-15939.6
-40476.2
-404952
58454.4
205871
216938
491513
198673
-649882
-605018
-801783
-761507
687290
619392
858674
779390
-230873
-313272
-1.40973e+06
-35425.3
631974
524494
286834
821761
-13382.7
-51818.9
-371735
45781.6
199101
201269
515371
164644
-668538
-609455
-790002
-778578
678296
618911
861665
776786
-246293
-317065
-1.44605e+06
-34354.1
629696
528900
264270
837137
-16167.3
-43005.5
-341396
51119.6
202355
225737
556960
178128
-696878
-630960
-802858
-808128
665245
611377
825452
766608
-251056
-329336
-1.50409e+06
-31041.3
630485
537963
238906
836799
-22657.1
-42181
-356946
34077.6
207737
220413
566851
170296
-719606
-662850
-838760
-842866
652225
595297
795226
756939
-281038
-363811
-1.59374e+06
-62259.3
649086
550472
240425
861895
-10316
-34436.1
-329795
51981.5
211201
220898
565519
186344
-751517
-682840
-831377
-882009
654241
602560
809802
755322
-323895
-398656
-1.64879e+06
-105459
692648
595696
314415
915587
-11303.1
-27866.4
-294422
44101.5
218094
237494
617532
183882
-769773
-697221
-851695
-905177
662249
607033
817287
757777
-351843
-431686
-1.71585e+06
-138936
692265
589779
294601
910755
11508.2
-11177.9
-243513
64406.8
228632
242948
625891
196246
-781489
-707552
-878131
-916616
662396
598788
810873
752649
-366880
-449733
-1.73141e+06
-158356
707835
593885
314967
930562
-6192.13
-38436.9
-249858
39353.3
236597
238803
628658
199670
-792917
-714814
-886441
-929596
629648
570410
773197
724615
-379783
-453189
-1.74364e+06
-168201
706377
596928
301371
937781
-40023.7
-58050.6
-272769
13140.2
248083
264113
653642
223263
-829361
-740625
-911384
-965941
616534
567120
748217
716721
-397820
-470772
-1.76423e+06
-191996
713199
614713
326409
939360
-63131.2
-73835.4
-308231
-28560
266341
273612
667567
239147
-849704
-769264
-957401
-993539
616280
557194
725201
729869
-418466
-492694
-1.78636e+06
-214239
739144
635010
368672
973565
-79682.4
-86874.4
-325993
-27336.7
292224
289745
663937
287503
-873442
-787129
-980250
-1.01455e+06
613271
563838
692415
734716
-441483
-510023
-1.79869e+06
-241038
773731
670536
400085
1.01578e+06
-78512.2
-80308.9
-334125
-32526.2
317322
320830
692452
313469
-853399
-765246
-964197
-994058
661904
602217
732659
777533
-453206
-519008
-1.8102e+06
-266173
817598
711237
459676
1.05981e+06
-37974.5
-53153.2
-268041
2200.52
382077
379816
753153
394141
-858442
-776360
-998176
-997441
667992
598618
727430
791638
-473831
-539500
-1.82508e+06
-283471
834389
703270
445256
1.08528e+06
-56903.7
-71686.5
-287272
-16337.7
386926
378505
754111
393240
-872008
-789093
-1.03255e+06
-1.01479e+06
648001
577100
686945
770430
-507425
-574042
-1.90363e+06
-318596
791185
656637
325407
1.04449e+06
-75869
-92329.1
-315392
-40548.3
386560
385015
752666
390715
-905228
-813758
-1.06859e+06
-1.03563e+06
635568
578938
656630
764242
-548625
-615203
-1.98322e+06
-356989
745320
627477
245994
999553
-106959
-108064
-371201
-74483.8
378856
371319
741088
375700
-893323
-810296
-1.08409e+06
-1.02709e+06
693611
625903
743388
825473
-562489
-625525
-2.00933e+06
-380471
755778
636619
237451
1.01469e+06
-82962
-86359
-340112
-39659.5
407388
400222
770229
418841
-896272
-813608
-1.09252e+06
-1.02555e+06
730703
671344
808603
866508
-586853
-647840
-2.013e+06
-407414
774432
651839
245028
1.0427e+06
-62605.8
-67038.7
-316379
-17585
438811
430395
845113
441254
-880369
-795338
-1.09616e+06
-995927
803343
743632
921000
943128
-619297
-670034
-2.04716e+06
-449765
787233
669477
261482
1.05985e+06
-28242.6
-41763.8
-261553
14802.6
480349
477501
904699
500049
