175159
212781
795542
82233.7
-400508
-344734
-281069
-502429
-427539
-336516
89455.4
-620211
732857
687504
1.13217e+06
780799
80803.2
130035
701007
-26935.1
-202262
-109847
567148
-402310
166806
204249
795349
65046
-412796
-356365
-285298
-533047
-389383
-299301
147853
-581011
758034
717840
1.19842e+06
821167
129615
167176
775611
22314.9
-178472
-94254.5
605452
-379714
159756
194266
787994
55308.5
-409669
-358307
-281485
-529076
-372396
-276657
176024
-551951
819570
772383
1.28118e+06
884569
156604
193450
789285
57439.7
-121836
-30610.7
679153
-304250
153946
206554
812077
54043.5
-389823
-325512
-234139
-486619
-311694
-228253
266057
-485139
839988
783896
1.2967e+06
911865
198156
235958
876074
99057.2
-56413.7
25892.1
745980
-221908
176232
211608
831917
75019.8
-359087
-318518
-212138
-468367
-286224
-202608
315899
-467901
896203
841326
1.37226e+06
979201
247910
281194
949275
151970
-11651.7
54146.7
803361
-187532
129263
171565
787233
16672.9
-387148
-346264
-259445
-506635
-278193
-194685
359267
-463480
904844
856040
1.39313e+06
989730
273457
310403
1.00699e+06
179908
5700.69
72631.9
840090
-176175
136672
175494
799253
21556.2
-429418
-373680
-296453
-537717
-306962
-228501
325845
-512656
914077
856579
1.43709e+06
980312
274990
302897
1.03461e+06
161131
1450.28
65053.1
879037
-182195
112557
157934
787733
-21752
-469236
-412894
-362991
-591814
-341278
-259040
309071
-562238
914450
864848
1.47327e+06
981859
247419
282771
1.05471e+06
113678
-36890.5
30015.3
851120
-234171
87662.9
139229
768226
-35590.1
-502067
-441295
-424928
-608796
-411920
-318328
213981
-626733
940403
888011
1.51958e+06
1.0106e+06
219690
261258
1.04619e+06
85794
-49257.8
24622.9
838465
-234631
108769
155354
797266
-17634.5
-472794
-411608
-418934
-563696
-406767
-318913
229730
-623354
964875
897611
1.51949e+06
1.04732e+06
233313
271300
1.10395e+06
90810.9
-12304.4
51484.4
873788
-196203
125724
163513
816648
-2186.37
-446778
-400156
-407225
-548276
-420548
-326449
215899
-639476
1.02505e+06
957882
1.60432e+06
1.11062e+06
255788
296394
1.17158e+06
104461
2074.65
59700.3
901853
-194823
104275
142858
793177
-33802.5
-439195
-399086
-412158
-546760
-433128
-341033
206933
-671893
1.02496e+06
957382
1.60609e+06
1.10028e+06
243520
290184
1.19196e+06
80709.9
-9425.73
51350.1
908622
-217469
109814
153154
799676
-15047.2
-457882
-407215
-426202
-556458
-460762
-364357
180599
-700049
1.01011e+06
950365
1.6193e+06
1.07099e+06
231049
286825
1.2143e+06
72166.6
-56094.1
25001.2
881055
-270305
110262
159302
802514
-19071.4
-475720
-419065
-448953
-580292
-468489
-366928
202226
-713395
1.02395e+06
969200
1.66423e+06
1.09578e+06
242281
297087
1.24776e+06
78063.9
-84563.6
1457.35
884128
-310160
126459
170167
843725
6001.22
-470839
-423998
-426928
-575541
-479855
-373200
220480
-725868
1.07032e+06
1.01105e+06
1.75497e+06
1.14175e+06
255148
305215
1.27983e+06
89243.2
-78660
10292.6
934243
-304502
135202
189394
847195
12875
-470246
-408295
-428063
-565288
-469465
-359881
256451
-713398
1.07859e+06
1.01615e+06
1.7309e+06
1.1568e+06
252784
311388
1.29803e+06
82344.7
-71506.9
26625.4
953363
-298069
182569
226311
932763
55210.9
-438129
-387777
-352787
-549607
-463050
-355274
297229
-721665
1.14851e+06
1.08606e+06
1.85783e+06
1.22564e+06
297484
354688
1.39375e+06
125046
-52077.7
39162.4
1.02641e+06
-296243
154493
198425
902780
32048.2
-459000
-412219
-383331
-569716
-489155
-382574
273706
-751528
1.15479e+06
1.09208e+06
1.88307e+06
1.23293e+06
286751
350391
1.39014e+06
119171
-77189.2
18720.7
1.02766e+06
-328507
156202
192871
877185
34197.1
-504484
-453971
-446209
-616217
-537984
-426177
208710
-808166
1.15795e+06
1.09175e+06
1.89604e+06
1.22344e+06
290587
343273
1.39066e+06
106178
-94711.3
-27.5772
1.02789e+06
-343855
139270
186898
873435
5800.4
-550625
-484438
-510510
-666490
-566739
-444395
202615
-839987
1.15347e+06
1.09967e+06
1.90826e+06
1.2331e+06
280830
342638
1.42739e+06
88536.8
-147934
-37386.9
972241
-402011
147401
193163
887874
22713.7
-560871
-499444
-541690
-666074
-593247
-470399
154605
-861472
1.19313e+06
1.12709e+06
1.92665e+06
1.27956e+06
281675
343535
1.43008e+06
94179.6
-138337
-33724.8
964180
-379487
154669
194949
905527
15807.4
-572510
-514441
-597352
-672710
-602364
-482323
141759
-881956
1.18866e+06
1.10736e+06
1.87883e+06
1.27505e+06
278363
335075
1.45123e+06
71291.9
-156428
-62349.1
907039
-410125
148656
194957
910807
14927
-566566
-502782
-606654
-661852
-610099
-480190
154798
-885077
1.20275e+06
1.13057e+06
1.90148e+06
1.29895e+06
280196
351004
1.49175e+06
74277.3
-176135
-72853.9
888893
-428954
155588
207143
930462
16093.8
-551272
-492991
-612303
-653034
-602661
-469936
162082
-883958
1.21111e+06
1.14044e+06
1.89898e+06
1.30429e+06
303523
376565
1.5385e+06
96029.3
-186586
-79316.9
860658
-442665
184788
241884
1.00601e+06
56410.2
-518850
-465403
-550116
-612118
-598493
-471475
163597
-881369
1.21168e+06
1.14757e+06
1.91857e+06
1.29903e+06
312524
396043
1.58317e+06
125095
-155339
-40974
910350
-403339
212549
263477
1.06801e+06
75074.2
-520326
-464148
-539297
-623725
-598420
-473996
188552
-902410
1.21745e+06
1.14849e+06
1.94539e+06
1.30581e+06
337122
403287
1.59248e+06
146830
-141794
-38605.9
930743
-395220
205881
262892
1.08886e+06
67624.2
-526491
-470179
-527091
-636417
-647372
-507342
172618
-949458
1.22223e+06
1.1634e+06
1.96723e+06
1.31238e+06
303467
375716
1.52191e+06
113310
-151393
-34015.4
930254
-397605
209843
275127
1.11729e+06
64563.8
-513403
-446981
-492506
-600551
-649012
-514353
201291
-958456
1.23633e+06
1.16059e+06
1.95779e+06
1.3303e+06
294756
368008
1.51933e+06
105273
-118475
-9064.4
952633
-356610
217771
269322
1.1459e+06
60261.1
-501132
-448278
-483626
-603653
-708646
-567624
155052
-1.04541e+06
1.24161e+06
1.172e+06
1.97733e+06
1.32623e+06
282566
352923
1.48959e+06
84427.8
-121754
-21633.9
948727
-378220
190415
250999
1.15487e+06
30827
-500328
-451198
-481149
-602827
-734296
-587186
163253
-1.07078e+06
1.22693e+06
1.16299e+06
1.97417e+06
1.32068e+06
283820
359832
1.5032e+06
91927.4
-120997
-11187.8
971284
-369562
182839
233809
1.11253e+06
18373.5
-521592
-470170
-521028
-615359
-773596
-623211
91341.9
-1.11105e+06
1.20237e+06
1.12397e+06
1.91805e+06
1.27987e+06
270435
339203
1.45717e+06
84153.5
-131014
-29334.3
961708
-375990
142405
190798
1.08366e+06
-53761.3
-570123
-524208
-617379
-685740
-789918
-636454
80177.4
-1.14062e+06
1.15684e+06
1.09249e+06
1.86951e+06
1.23153e+06
259800
321908
1.40161e+06
71189.4
-168271
-68520.1
898576
-428846
127234
196041
1.08531e+06
-49031.5
-580751
-522249
-651011
-667312
-789351
-625253
83799.2
-1.11477e+06
1.15666e+06
1.09159e+06
1.85169e+06
1.24149e+06
252924
318343
1.33769e+06
91556.9
-165648
-49206.1
868833
-389636
119803
188097
1.12009e+06
-78488.1
-593842
-537669
-687456
-683069
-792560
-638679
77535.7
-1.13339e+06
1.11206e+06
1.03264e+06
1.7617e+06
1.18867e+06
232198
289567
1.28311e+06
55973.2
-154501
-56682.4
846091
-388915
111550
186339
1.13236e+06
-89899.4
-581258
-525571
-697164
-670882
-792688
-618305
95511.7
-1.12777e+06
1.10777e+06
1.05279e+06
1.75653e+06
1.20079e+06
238587
309273
1.27427e+06
78305.7
-168645
-66766.4
817014
-408788
84833
153374
1.11797e+06
-122274
-585938
-542098
-722341
-679074
-774892
-612736
133477
-1.12208e+06
1.10514e+06
1.04292e+06
1.74197e+06
1.19405e+06
253921
320915
1.2812e+06
100986
-198795
-97916.6
775883
-442163
594330
532869
697962
680957
283992
262222
477735
290080
30566.1
60843
520313
-74326.8
1.33908e+06
1.35254e+06
3.27728e+06
1.18023e+06
1.415e+06
1.36846e+06
2.75508e+06
1.39207e+06
703583
751461
2.32319e+06
491703
571674
521174
658672
666219
250618
240333
431679
259558
29784
60415.9
521936
-67711.1
1.35946e+06
1.38259e+06
3.3551e+06
1.22168e+06
1.40783e+06
1.3679e+06
2.81455e+06
1.38259e+06
678403
737809
2.33578e+06
468547
568076
513352
628886
666119
249030
241980
426605
266546
-14210.7
25951.5
444416
-104616
1.42511e+06
1.44349e+06
3.44189e+06
1.28746e+06
1.41822e+06
1.38475e+06
2.85638e+06
1.39244e+06
709462
778365
2.4085e+06
503917
557011
495663
609322
635391
260067
238273
418221
275855
8849.44
34418.4
468374
-91411.9
1.44947e+06
1.44772e+06
3.45887e+06
1.30777e+06
1.43024e+06
1.39045e+06
2.91955e+06
1.37801e+06
746425
793821
2.46616e+06
524059
548040
491887
593464
653674
270027
258225
433392
302050
3536.95
43506.2
480507
-85690.7
1.49844e+06
1.50632e+06
3.54652e+06
1.37502e+06
1.4627e+06
1.43739e+06
3.01648e+06
1.42162e+06
746844
800861
2.50506e+06
526191
528611
477162
541688
628732
276803
259493
416023
292908
12944.3
56002.1
491907
-73756.2
1.51753e+06
1.53185e+06
3.58097e+06
1.38942e+06
1.47503e+06
1.45296e+06
3.07654e+06
1.42162e+06
744824
806723
2.52571e+06
510267
540855
479101
546741
636441
296713
276433
452060
325618
28755.9
59896.9
488525
-67814.4
1.52426e+06
1.52832e+06
3.62575e+06
1.37157e+06
1.50186e+06
1.47573e+06
3.15476e+06
1.4581e+06
761915
827244
2.58666e+06
524168
536473
474793
558986
624302
310480
285081
462489
332005
73966.9
106839
558132
-24611.6
1.52895e+06
1.54035e+06
3.65936e+06
1.38973e+06
1.5457e+06
1.51418e+06
3.20382e+06
1.50651e+06
771997
835343
2.63177e+06
531188
517601
466532
576957
605653
284820
263175
450355
304510
66304.7
103293
600275
-38374
1.53957e+06
1.54941e+06
3.69819e+06
1.38931e+06
1.53479e+06
1.50249e+06
3.18296e+06
1.48782e+06
772586
846112
2.66571e+06
535931
518482
484748
607825
610551
299341
296609
457972
350272
102166
146627
682374
13696
1.52194e+06
1.53383e+06
3.65436e+06
1.38058e+06
1.53255e+06
1.50916e+06
3.20664e+06
1.4987e+06
798273
878561
2.68251e+06
576465
547321
501307
636448
637397
346776
324544
479435
389979
137340
184901
743708
47842.8
1.55534e+06
1.57811e+06
3.7048e+06
1.42102e+06
1.56873e+06
1.5469e+06
3.22145e+06
1.54962e+06
853622
928114
2.75741e+06
629307
525609
468264
599148
613410
367316
326161
467836
421587
186751
215096
811772
96076
1.58168e+06
1.59429e+06
3.75612e+06
1.44671e+06
1.60735e+06
1.57432e+06
3.25529e+06
1.59515e+06
887291
946227
2.80674e+06
663016
527938
480694
584403
612526
340326
307634
422054
379762
164421
195485
780237
57540.8
1.59254e+06
1.61127e+06
3.80441e+06
1.43304e+06
1.6281e+06
1.59539e+06
3.29842e+06
1.58486e+06
904329
976256
2.879e+06
664402
513720
469041
597613
590564
297715
273672
387493
324526
148601
181532
786163
34485.6
1.59277e+06
1.61144e+06
3.84935e+06
1.44194e+06
1.64471e+06
1.60919e+06
3.37763e+06
1.59868e+06
904800
973575
2.91913e+06
663397
514264
469735
581928
596966
299731
272098
376585
328891
119112
162619
739808
7986.77
1.62263e+06
1.64041e+06
3.86503e+06
1.47289e+06
1.6714e+06
1.63983e+06
3.40553e+06
1.6282e+06
949374
1.02127e+06
2.96601e+06
717190
503903
473565
599407
584296
286480
274639
371382
334932
128751
168652
778928
20479.9
1.61349e+06
1.62335e+06
3.83227e+06
1.47053e+06
1.69078e+06
1.65733e+06
3.47266e+06
1.64185e+06
1.00204e+06
1.06679e+06
3.0269e+06
782960
514080
457796
572682
603580
310073
272332
357884
360914
116813
148529
743941
8418.11
1.63947e+06
1.64373e+06
3.82661e+06
1.5121e+06
1.72037e+06
1.67895e+06
3.50318e+06
1.67994e+06
1.03917e+06
1.08866e+06
3.05619e+06
826671
487020
437703
542127
560364
304237
264210
328529
340973
104210
139962
752325
-15895.1
1.63591e+06
1.64546e+06
3.82376e+06
1.49933e+06
1.74594e+06
1.7096e+06
3.56898e+06
1.69944e+06
1.06868e+06
1.12169e+06
3.09882e+06
847907
524110
477927
603725
604925
281759
254652
320437
326425
98727
141659
754030
-25160.3
1.64741e+06
1.65377e+06
3.89733e+06
1.48334e+06
1.76652e+06
1.74625e+06
3.66135e+06
1.72349e+06
1.08614e+06
1.1446e+06
3.16346e+06
860193
542861
492032
641706
625947
252543
231645
283858
298007
117345
159434
812729
-7782.42
1.67573e+06
1.68967e+06
3.9839e+06
1.5322e+06
1.81105e+06
1.78427e+06
3.75975e+06
1.77422e+06
1.07998e+06
1.13961e+06
3.18078e+06
859546
520890
473356
611004
598704
206226
178593
185253
244153
84183.2
130710
770638
-46960.4
1.70791e+06
1.71829e+06
4.03606e+06
1.54901e+06
1.82804e+06
1.79485e+06
3.75774e+06
1.78727e+06
1.08308e+06
1.14815e+06
3.17483e+06
862754
551311
515293
681349
632304
198480
189649
179623
250831
107313
162978
846123
-16330.6
1.71483e+06
1.72464e+06
4.04201e+06
1.56846e+06
1.85739e+06
1.83243e+06
3.82408e+06
1.81846e+06
1.13495e+06
1.20051e+06
3.23897e+06
927597
576112
527591
720982
659776
217590
194614
193078
271312
128465
179760
879012
-1615.03
1.7603e+06
1.77007e+06
4.12411e+06
1.61535e+06
1.93493e+06
1.90665e+06
3.94546e+06
1.91035e+06
1.17063e+06
1.22148e+06
3.29674e+06
957071
590810
542779
731684
678144
240465
212512
202431
298715
168409
217149
960150
41309.9
1.79045e+06
1.80468e+06
4.18849e+06
1.65017e+06
1.99749e+06
1.96612e+06
4.02487e+06
1.98247e+06
1.20818e+06
1.26173e+06
3.35934e+06
997574
603953
559976
740018
704695
247815
214568
199197
301594
157975
210699
938562
24118
1.79992e+06
1.81802e+06
4.23113e+06
1.63996e+06
2.03119e+06
1.9892e+06
4.07642e+06
2.00785e+06
1.22467e+06
1.28294e+06
3.40527e+06
1.01485e+06
607765
550816
734154
699406
230909
201107
184197
277820
172807
222456
981417
34453.8
1.8217e+06
1.84086e+06
4.30264e+06
1.67202e+06
2.05583e+06
2.00428e+06
4.10798e+06
2.03541e+06
1.23599e+06
1.28914e+06
3.43967e+06
1.02343e+06
588509
541390
712893
687514
214063
184797
157529
262214
146930
204942
955368
13613.2
1.85045e+06
1.87235e+06
4.35939e+06
1.69768e+06
2.04204e+06
1.99469e+06
4.06628e+06
2.02227e+06
1.24844e+06
1.30613e+06
3.45212e+06
1.04767e+06
598540
558678
717930
704501
229591
210187
164800
301693
177490
230999
1.00381e+06
48529.4
1.88301e+06
1.88886e+06
4.3763e+06
1.74039e+06
2.06777e+06
2.02125e+06
4.11995e+06
2.05198e+06
1.30504e+06
1.35254e+06
3.49484e+06
1.1164e+06
631901
570927
739224
734326
246224
205483
151452
305809
193126
242897
1.02933e+06
52536.6
1.92343e+06
1.9295e+06
4.43274e+06
1.78072e+06
2.10411e+06
2.05075e+06
4.17125e+06
2.08458e+06
1.34588e+06
1.38243e+06
3.54137e+06
1.15232e+06
609811
549927
714198
704336
248559
201622
150462
302738
211397
260446
1.0905e+06
69189
1.92277e+06
1.93472e+06
4.45744e+06
1.78115e+06
2.12752e+06
2.07596e+06
4.21425e+06
2.11277e+06
1.36405e+06
1.4038e+06
3.56802e+06
1.17371e+06
624857
556357
712955
721194
235204
197356
146431
296262
184052
227943
1.04323e+06
28500.6
1.92537e+06
1.92794e+06
4.47868e+06
1.75563e+06
2.13643e+06
2.08156e+06
4.23106e+06
2.11602e+06
1.38489e+06
1.40831e+06
3.58683e+06
1.18431e+06
599994
539484
705701
681070
196105
168990
120167
238736
152741
204313
1.03061e+06
-10195.1
1.91486e+06
1.93148e+06
4.52043e+06
1.75836e+06
2.13296e+06
2.07979e+06
4.24436e+06
2.11029e+06
1.33605e+06
1.36924e+06
3.55034e+06
1.1279e+06
576462
518920
687907
666617
178762
144690
100638
233263
109225
164454
987868
-56430.7
1.9278e+06
1.93819e+06
4.5371e+06
1.76574e+06
2.12242e+06
2.06226e+06
4.19009e+06
2.109e+06
1.32849e+06
1.36357e+06
3.54064e+06
1.13064e+06
573582
523931
690723
646504
170557
145853
76160.4
222836
100739
162529
989527
-69181.2
1.92458e+06
1.92737e+06
4.51104e+06
1.75725e+06
2.11838e+06
2.06431e+06
4.19269e+06
2.09344e+06
1.32799e+06
1.36305e+06
3.5084e+06
1.12335e+06
579464
530662
734650
652496
192123
166608
124967
238718
87648
157252
1.01048e+06
-88930.7
1.93888e+06
1.95383e+06
4.56099e+06
1.77618e+06
2.12896e+06
2.08543e+06
4.2288e+06
2.11334e+06
1.3184e+06
1.35377e+06
3.52797e+06
1.10492e+06
578496
527849
765807
648345
215311
182698
170588
262366
95041.5
161399
1.05228e+06
-83634.5
1.95427e+06
1.97038e+06
4.61143e+06
1.78858e+06
2.17752e+06
2.12958e+06
4.31393e+06
2.16727e+06
1.31797e+06
1.35488e+06
3.55309e+06
1.09882e+06
-270779
-236537
-77497.5
-358072
-1.41071e+06
-1.31664e+06
-2.03654e+06
-1.54612e+06
74080.7
80654.7
356711
31235
748993
719898
1.53563e+06
728705
-633609
-602538
-980874
-678510
-1.86206e+06
-1.70244e+06
-2.09887e+06
-2.17526e+06
-288065
-242353
-102514
-395840
-1.42899e+06
-1.33223e+06
-2.06978e+06
-1.58444e+06
89299.8
98645.6
371412
37840.1
732899
720887
1.52986e+06
711975
-628087
-590099
-959335
-683061
-1.9119e+06
-1.74638e+06
-2.18801e+06
-2.24061e+06
-278819
-232577
-76958
-371104
-1.43162e+06
-1.32834e+06
-2.05272e+06
-1.56735e+06
95868.8
105811
384228
63106.5
761650
743937
1.57131e+06
753316
-612165
-573964
-921997
-651450
-1.93827e+06
-1.76652e+06
-2.22607e+06
-2.24817e+06
-304774
-266817
-113093
-421892
-1.44913e+06
-1.35671e+06
-2.10894e+06
-1.58979e+06
103773
102953
383035
55402.5
729766
695406
1.4838e+06
706588
-615972
-585481
-926358
-676123
-1.97601e+06
-1.81865e+06
-2.32964e+06
-2.30158e+06
-343073
-292579
-149230
-467211
-1.46724e+06
-1.36587e+06
-2.12956e+06
-1.62742e+06
91916.8
113514
404502
44832
709574
698338
1.48189e+06
687290
-617333
-572085
-896005
-685466
-2.05443e+06
-1.88341e+06
-2.42731e+06
-2.40073e+06
-379829
-323386
-170343
-498034
-1.48746e+06
-1.38646e+06
-2.13426e+06
-1.65307e+06
111234
130030
447628
64110.5
698068
683502
1.47546e+06
671685
-618453
-565195
-852248
-685994
-2.11548e+06
-1.93681e+06
-2.49606e+06
-2.46361e+06
-363417
-308502
-158461
-482390
-1.49327e+06
-1.39605e+06
-2.14952e+06
-1.65577e+06
102340
112035
418090
44658.7
670073
661471
1.46877e+06
611535
-591940
-542211
-793795
-672369
-2.15909e+06
-1.96643e+06
-2.55165e+06
-2.51512e+06
-352358
-291390
-102508
-478248
-1.52325e+06
-1.41261e+06
-2.16866e+06
-1.70056e+06
93368.5
111279
435222
32770.2
660332
662147
1.52108e+06
610763
-577673
-529194
-741170
-660614
-2.20249e+06
-2.00154e+06
-2.58446e+06
-2.56286e+06
-358162
-296039
-93176.9
-481866
-1.55274e+06
-1.44731e+06
-2.20879e+06
-1.72242e+06
57294.7
78623.2
389752
-4386.89
655335
659454
1.53708e+06
593488
-590448
-540604
-767453
-668729
-2.23074e+06
-2.02499e+06
-2.61472e+06
-2.59136e+06
-348560
-282199
-71103.8
-485592
-1.57065e+06
-1.46355e+06
-2.2504e+06
-1.73791e+06
70696.5
89964.5
417056
6366.08
643365
636839
1.50226e+06
575590
-582969
-536530
-760179
-672830
-2.23216e+06
-2.03068e+06
-2.64466e+06
-2.59367e+06
-346441
-283153
-43167.5
-480596
-1.60257e+06
-1.49001e+06
-2.29637e+06
-1.76804e+06
35148.9
59232.9
390606
-32362.2
630886
637380
1.5242e+06
567323
-569903
-514559
-710091
-654052
-2.26633e+06
-2.06388e+06
-2.66656e+06
-2.63797e+06
-341501
-272302
-10296.2
-480003
-1.58135e+06
-1.47313e+06
-2.29626e+06
-1.74754e+06
57822.2
84875.4
443869
-8823.28
623908
636253
1.53672e+06
548967
-524321
-467580
-631162
-605631
-2.27665e+06
-2.06804e+06
-2.68156e+06
-2.65339e+06
-320169
-258185
24644.8
-454069
-1.58759e+06
-1.48584e+06
-2.2908e+06
-1.7553e+06
60981.6
81308.8
431614
-14598.2
627030
641207
1.57452e+06
545452
-533798
-491731
-633375
-619412
-2.29138e+06
-2.08572e+06
-2.66873e+06
-2.66787e+06
-316969
-254863
64953.4
-474168
-1.6199e+06
-1.51342e+06
-2.30297e+06
-1.81449e+06
80939.7
100873
491720
-4446.29
647604
667130
1.64819e+06
569376
-562248
-520154
-661422
-664389
-2.32925e+06
-2.12039e+06
-2.70433e+06
-2.72084e+06
-330927
-260538
81575.4
-468482
-1.65135e+06
-1.53617e+06
-2.30879e+06
-1.83047e+06
80811
103975
500777
16073.2
691361
708962
1.71806e+06
626614
-600068
-553081
-713408
-695840
-2.35598e+06
-2.13771e+06
-2.74494e+06
-2.72256e+06
-350065
-277771
58010.3
-516187
-1.67882e+06
-1.56211e+06
-2.34145e+06
-1.87452e+06
65584.2
87602
490110
-19931.2
680890
683597
1.67437e+06
598667
-674763
-620407
-805463
-790512
-2.39028e+06
-2.17587e+06
-2.82808e+06
-2.77722e+06
-380618
-303808
33020.5
-549382
-1.71475e+06
-1.59329e+06
-2.37022e+06
-1.92668e+06
35930.9
70815.3
467866
-46889.7
677436
692936
1.68145e+06
603317
-705859
-642295
-845542
-822456
-2.44848e+06
-2.22985e+06
-2.9061e+06
-2.84797e+06
-411345
-343051
-14292
-579842
-1.7529e+06
-1.6356e+06
-2.42144e+06
-1.96931e+06
44539.9
73693.3
469032
-33162.6
681279
694675
1.67066e+06
614718
-733118
-668847
-891370
-842318
-2.4917e+06
-2.27493e+06
-2.96857e+06
-2.89028e+06
-427928
-352408
-37372
-591797
-1.76317e+06
-1.63143e+06
-2.43791e+06
-1.9713e+06
35109.3
63553.3
425464
-41138.8
679508
686795
1.69489e+06
589050
-743243
-681353
-916961
-856796
-2.49976e+06
-2.27059e+06
-2.96555e+06
-2.89698e+06
-437384
-357823
-47037.5
-610040
-1.78318e+06
-1.64907e+06
-2.47855e+06
-1.99989e+06
52516.1
83317
428479
-11260
674901
690192
1.70942e+06
598649
-744633
-681123
-933445
-851934
-2.48859e+06
-2.26022e+06
-2.95126e+06
-2.88007e+06
-427520
-353797
-26089.4
-594921
-1.7737e+06
-1.64719e+06
-2.47169e+06
-1.98695e+06
65911.5
93779.3
429770
7696.15
716860
725828
1.76458e+06
642963
-743889
-683371
-956674
-849983
-2.46043e+06
-2.22848e+06
-2.91874e+06
-2.83851e+06
-430208
-345171
12051.2
-606441
-1.77422e+06
-1.63906e+06
-2.45269e+06
-1.97877e+06
96927.4
119831
482096
44732.3
713529
717956
1.75527e+06
639622
-732953
-675401
-911788
-843012
-2.42429e+06
-2.19875e+06
-2.87565e+06
-2.79559e+06
-409331
-326784
53335.7
-580031
-1.75653e+06
-1.62657e+06
-2.43163e+06
-1.96177e+06
116198
144810
514856
67312.3
764455
775811
1.8496e+06
697311
-718954
-652577
-887377
-821834
-2.3962e+06
-2.17408e+06
-2.83386e+06
-2.76845e+06
-438616
-352566
22931.5
-620508
-1.768e+06
-1.64778e+06
-2.48171e+06
-1.98223e+06
120176
142564
503602
70653.4
769958
780245
1.86539e+06
698057
-725132
-659128
-898218
-831973
-2.39509e+06
-2.17973e+06
-2.83937e+06
-2.7811e+06
-440465
-363293
8659.23
-621429
-1.80421e+06
-1.67047e+06
-2.51699e+06
-2.01289e+06
98372.7
116067
450330
46908
762102
769488
1.867e+06
678288
-741530
-674658
-921949
-845973
-2.41088e+06
-2.19348e+06
-2.851e+06
-2.79344e+06
-460180
-381268
2105.06
-658357
-1.83167e+06
-1.70356e+06
-2.53815e+06
-2.05747e+06
85321.6
95274.2
450110
17956.3
773629
781695
1.9086e+06
693272
-770606
-710227
-962085
-883441
-2.45519e+06
-2.24124e+06
-2.91061e+06
-2.84955e+06
-513935
-426170
-53151.8
-714120
-1.88877e+06
-1.74612e+06
-2.60909e+06
-2.10841e+06
7290.98
37085.6
345608
-51917.9
756101
769432
1.88479e+06
675930
-824901
-753245
-1.05593e+06
-927153
-2.51114e+06
-2.28104e+06
-2.99632e+06
-2.89559e+06
-507333
-418157
-16158.8
-724784
-1.87825e+06
-1.74429e+06
-2.58658e+06
-2.11023e+06
16810.8
35071.8
366576
-57778.4
766821
768712
1.88948e+06
676954
-840095
-770744
-1.08678e+06
-959533
-2.51729e+06
-2.29835e+06
-3.02769e+06
-2.91404e+06
-538233
-440413
-22082.9
-757263
-1.90698e+06
-1.76496e+06
-2.59456e+06
-2.14671e+06
-22973.9
13436.4
337985
-100886
781480
796895
1.94054e+06
696449
-846124
-770343
-1.0811e+06
-960047
-2.55325e+06
-2.33115e+06
-3.05896e+06
-2.95854e+06
-539211
-440588
-16977.6
-747482
-1.91319e+06
-1.7708e+06
-2.60359e+06
-2.15114e+06
-13081.5
18968.8
358847
-81267.1
790641
806501
1.95278e+06
713753
-844285
-766133
-1.09645e+06
-942733
-2.59235e+06
-2.36338e+06
-3.11232e+06
-2.99646e+06
-530842
-429754
-39608.6
-727568
-1.92912e+06
-1.7841e+06
-2.65305e+06
-2.15591e+06
-31942.8
-299.106
282725
-96563.9
788277
804367
1.94863e+06
701595
-847539
-776108
-1.1328e+06
-946374
-2.64556e+06
-2.41166e+06
-3.18992e+06
-3.04707e+06
-515130
-422088
-31776.7
-719159
-1.94987e+06
-1.80371e+06
-2.70204e+06
-2.17983e+06
-11962.8
13190.4
266289
-72659.5
809526
819937
1.97599e+06
736487
-847559
-785446
-1.16852e+06
-942008
-2.68659e+06
-2.4555e+06
-3.27491e+06
-3.08545e+06
-472436
-373356
18546.7
-657763
-1.92682e+06
-1.77478e+06
-2.67231e+06
-2.14715e+06
12363.1
38554.3
263466
-28063.7
869867
883777
2.04306e+06
810625
-828542
-759016
-1.16051e+06
-913461
-2.69927e+06
-2.46031e+06
-3.32207e+06
-3.08306e+06
-457902
-366199
56385.4
-657838
-1.92999e+06
-1.78512e+06
-2.67056e+06
-2.1452e+06
26785.9
40852.4
267830
-14334.5
878913
867580
2.0178e+06
807795
-823654
-764965
-1.1513e+06
-914773
-2.7256e+06
-2.5006e+06
-3.39556e+06
-3.1226e+06
-447622
-363347
64816.9
-650109
-1.93094e+06
-1.78992e+06
-2.67811e+06
-2.15638e+06
30723.8
49783.9
266272
-7969.09
911352
909758
2.086e+06
841625
-798836
-737687
-1.116e+06
-889581
-2.76883e+06
-2.54257e+06
-3.46408e+06
-3.17588e+06
-494159
-396071
20214.8
-693967
-1.97791e+06
-1.83309e+06
-2.75068e+06
-2.2112e+06
17739.9
37823.8
231000
-8746.91
893270
900850
2.08255e+06
827028
-823796
-755227
-1.1489e+06
-914146
-2.84898e+06
-2.60947e+06
-3.58374e+06
-3.25446e+06
808124
792739
1.68118e+06
780384
-682667
-623541
-833890
-783664
-597155
-481094
72118.5
-865509
756053
780773
2.00111e+06
636801
-382937
-319470
-29622.1
-535541
-61354.9
-38809.6
176863
-128766
773634
766101
1.66911e+06
729795
-742448
-677249
-900899
-864664
-628050
-500992
92072.4
-914242
759554
785872
2.04527e+06
640906
-426880
-357827
-44521.6
-602181
-92897.6
-65785.7
173986
-172945
748191
742157
1.62889e+06
716323
-772151
-705929
-941646
-884826
-664744
-532169
60623.1
-946458
768673
795523
2.05323e+06
659973
-461363
-388944
-84468.1
-636024
-95542.9
-61518.3
184382
-162391
746342
747259
1.63403e+06
704712
-777557
-706477
-960478
-887102
-662179
-529817
96073.2
-953113
782969
800131
2.02873e+06
676836
-485666
-404785
-90113
-666380
-64834.6
-34316.6
208489
-133761
780315
773433
1.65823e+06
746948
-753279
-690126
-929004
-868545
-662802
-524292
118665
-955876
839445
859736
2.1165e+06
741937
-469367
-389317
-64388.4
-651054
-30690.6
-4970.96
261758
-103607
799520
783445
1.68786e+06
774248
-746309
-692639
-927305
-862169
-661578
-531427
133457
-961540
868679
881175
2.15298e+06
771306
-469660
-391017
-58804.4
-649418
-14845
5296.94
295457
-87136.8
827205
818633
1.71196e+06
812215
-744199
-684008
-930983
-852923
-674940
-534170
113343
-968667
863679
876757
2.18207e+06
744655
-477574
-387676
-38264.4
-657968
-15849.8
13727.8
298929
-86239.5
854145
838622
1.7558e+06
830770
-767422
-714552
-957850
-900229
-643175
-511470
160815
-948510
871062
888938
2.25007e+06
753434
-469751
-387142
-25336.3
-653435
-25816.5
-4360.73
278050
-100992
848976
839749
1.75125e+06
837516
-804301
-739142
-999130
-926837
-657916
-514912
141194
-944528
886186
915266
2.29446e+06
769586
-488341
-400390
-73520.7
-664907
-29109.5
6334.26
268998
-90208.4
870850
863461
1.81267e+06
842625
-807082
-739181
-985231
-923793
-609261
-478893
229137
-901569
906237
921439
2.3309e+06
785915
-484015
-398293
-46646.4
-670902
4369.21
26336.2
284912
-50872.1
865258
848303
1.79931e+06
840116
-816619
-760051
-1.02727e+06
-942491
-609132
-473363
239955
-907143
926120
947933
2.3929e+06
798140
-488351
-405949
-59459.9
-680358
1941.72
19381.8
276790
-60279.4
856180
841704
1.78004e+06
837693
-831852
-778968
-1.07229e+06
-954619
-586786
-446349
292945
-872383
910956
936760
2.38732e+06
786138
-494396
-403291
-65801.2
-675377
1776.25
21832.6
260798
-54382.2
884961
864110
1.80227e+06
871402
-856056
-788258
-1.10479e+06
-980475
-584288
-452401
264857
-878802
890807
923691
2.37576e+06
752784
-486232
-392784
-43541.5
-675673
-1352.7
17565.2
257896
-52614.4
895193
872281
1.83476e+06
867338
-883162
-810757
-1.11926e+06
-1.01581e+06
-578687
-454091
280702
-876739
885588
920659
2.40227e+06
753684
-469252
-383808
171.12
-661540
-24883.1
-5525.33
215516
-72899.9
883344
867052
1.82979e+06
863586
-905434
-829013
-1.16216e+06
-1.02899e+06
-623025
-488967
207218
-913769
887548
925080
2.39897e+06
756200
-472948
-382531
-21797.3
-657143
-39112.9
-16641.8
165477
-73542.6
875323
862363
1.81988e+06
843195
-917489
-840847
-1.19279e+06
-1.04298e+06
-622402
-489695
210096
-919937
872402
894631
2.34574e+06
732990
-469364
-377897
-7189.15
-665629
-20516
-8846.61
140262
-56420.1
866093
847854
1.81241e+06
837705
-927872
-854184
-1.21352e+06
-1.05268e+06
-656128
-519513
166440
-959132
849536
880521
2.31263e+06
713722
-445631
-352802
37472.4
-634034
-50854.4
-44627.6
85472.9
-92334
852427
840699
1.81108e+06
817315
-917874
-842824
-1.20405e+06
-1.04669e+06
-655233
-516000
199192
-957440
821912
858676
2.28042e+06
684238
-415507
-320035
97985.9
-601048
-63658
-48504.7
54174.3
-98570.7
887715
879028
1.85448e+06
856469
-899555
-824945
-1.18182e+06
-1.01855e+06
-649498
-511404
175648
-954898
845792
882008
2.33627e+06
692389
-358624
-264036
184602
-529524
-41100.6
-19811
73400.5
-74557.3
903822
890713
1.87849e+06
878124
-919803
-840734
-1.23547e+06
-1.03096e+06
-662782
-527111
140103
-973117
853769
887022
2.3594e+06
712991
-319837
-246496
185631
-478490
-49659.4
-35860.2
46680.4
-74135.9
915361
903441
1.8911e+06
889255
-920957
-848609
-1.26498e+06
-1.03763e+06
-679684
-529360
124244
-977751
881269
920579
2.3996e+06
738299
-311190
-233545
142934
-456989
-42215.7
-16274.8
43960.8
-62915.5
944842
939214
1.95643e+06
919293
-919896
-838881
-1.2533e+06
-1.02194e+06
-654488
-517265
162934
-950421
895861
923140
2.4191e+06
752098
-266246
-190161
201239
-403699
-10475.1
6385.88
69179.8
-25111.5
982654
966017
2.01775e+06
957581
-902888
-831140
-1.24913e+06
-1.00161e+06
-667455
-522596
143316
-969397
933305
968258
2.50212e+06
788372
-219588
-152847
240443
-347445
5600.99
14285.7
88056
-13010.8
975930
969631
2.04574e+06
959468
-903055
-837229
-1.26835e+06
-996478
-660062
-522044
170025
-959035
950931
994804
2.55487e+06
821215
-191041
-126238
255309
-307020
9724.84
22355.2
96168.6
-1199.25
1.03321e+06
1.01343e+06
2.10447e+06
1.02116e+06
-905902
-838298
-1.30014e+06
-995495
-700783
-563968
100078
-1.01186e+06
965098
999329
2.56078e+06
820942
-199741
-140108
210072
-317150
7756.25
16389.3
72986.9
5984.24
1.05273e+06
1.03092e+06
2.161e+06
1.02681e+06
-921634
-853998
-1.32174e+06
-1.02233e+06
-732831
-593004
92904.6
-1.06219e+06
972601
1.00192e+06
2.58876e+06
829705
-225570
-170607
187008
-358877
-26540.5
-20965
15003.4
-35287.5
1.05691e+06
1.04268e+06
2.20752e+06
1.03104e+06
-934143
-866713
-1.32232e+06
-1.03387e+06
-795089
-642671
40307.2
-1.12463e+06
970062
1.00559e+06
2.60342e+06
828471
-270501
-208164
147643
-409666
-62880.9
-52159.7
-32328.9
-67250.1
1.10579e+06
1.09323e+06
2.29074e+06
1.08117e+06
-896131
-825907
-1.28894e+06
-979572
-786235
-635260
74661.3
-1.12413e+06
1.00184e+06
1.02433e+06
2.61061e+06
866679
-278097
-210381
164453
-425217
-46554.5
-42689.5
-54752
-47719.8
1.15471e+06
1.12503e+06
2.38608e+06
1.10994e+06
-864668
-809620
-1.22322e+06
-974317
-810292
-653740
95407.1
-1.17299e+06
1.04896e+06
1.06979e+06
2.71431e+06
899436
-272721
-209080
204306
-437208
-49370.2
-50912.4
-43559.2
-70941.9
1.15575e+06
1.1403e+06
2.42948e+06
1.12195e+06
-869558
-808969
-1.23e+06
-970672
-849348
-691763
61688.7
-1.213e+06
1.02136e+06
1.04836e+06
2.68757e+06
874978
-301957
-228335
168166
-457855
-85740.2
-76011.9
-89803.3
-99613.7
1.17457e+06
1.15952e+06
2.44913e+06
1.13523e+06
-863739
-802853
-1.21637e+06
-966713
-891812
-723514
2457.9
-1.26748e+06
1.00337e+06
1.04223e+06
2.69102e+06
844245
-308237
-229457
174370
-473251
-85842.8
-74804.8
-86902.7
-107977
1.2036e+06
1.18774e+06
2.51577e+06
1.15906e+06
-868115
-798857
-1.19096e+06
-974394
-875877
-713197
50833.2
-1.25519e+06
1.02989e+06
1.06411e+06
2.76075e+06
878479
-284103
-209282
229463
-446975
-100978
-94004.2
-78969.7
-127905
1.21628e+06
1.19957e+06
2.55058e+06
1.17718e+06
-867865
-808386
-1.19616e+06
-980867
-892753
-720280
43797.5
-1.2731e+06
1.04628e+06
1.08089e+06
2.79545e+06
887864
-283638
-210105
209996
-448022
-119560
-109320
-113742
-145401
1.23425e+06
1.228e+06
2.60958e+06
1.18923e+06
-863387
-782247
-1.14284e+06
-969318
-885823
-710410
96300.9
-1.26567e+06
1.04464e+06
1.07678e+06
2.7994e+06
884343
-294547
-216134
238226
-468327
-136461
-117438
-138275
-163934
1.24214e+06
1.2219e+06
2.6384e+06
1.18747e+06
-845628
-783240
-1.11006e+06
-961537
-903330
-733181
87462
-1.29463e+06
1.04504e+06
1.07861e+06
2.82112e+06
877191
-300494
-225108
239800
-474213
-159461
-148827
-155962
-197738
1.21482e+06
1.20051e+06
2.60738e+06
1.16098e+06
-862305
-799932
-1.13824e+06
-982415
-917972
-745059
73850.2
-1.31243e+06
1.03825e+06
1.08084e+06
2.83367e+06
871696
-304558
-221862
232425
-473662
-184903
-167004
-184321
-225458
512717
484474
801371
554493
-31982.4
19425.6
612316
-172609
64008.7
68470.6
234482
42199.4
-1.02654e+06
-950530
-1.36676e+06
-1.16469e+06
-392741
-303098
112071
-576746
-297042
-147170
1.14558e+06
-662338
503743
470938
755810
550432
-14877.5
35472
619944
-154745
80383.9
84437
238610
59833.3
-1.04658e+06
-967834
-1.39463e+06
-1.1953e+06
-386183
-298636
121687
-577041
-296042
-148627
1.11726e+06
-661392
529240
501962
820505
583337
12252.7
66602.4
687110
-116950
97561.6
108535
284100
91105.1
-1.01537e+06
-924708
-1.32208e+06
-1.14586e+06
-390580
-296484
130511
-571378
-293110
-131779
1.17546e+06
-648741
553421
524225
849918
603530
32894.6
87346.1
706098
-105696
146869
155528
363152
142182
-978081
-900742
-1.28344e+06
-1.10401e+06
-387562
-301788
140026
-573266
-280573
-120953
1.19486e+06
-634679
588647
545311
877551
636476
63139.7
105088
742228
-75480.8
191716
195753
431320
182840
-948144
-878104
-1.26148e+06
-1.0766e+06
-390084
-305043
150180
-592371
-258681
-111291
1.20531e+06
-627376
604373
563614
918235
657889
74826.7
129061
774020
-59870
182311
180886
428306
164798
-942675
-870862
-1.21242e+06
-1.07911e+06
-386346
-292657
198482
-579686
-246474
-92653.6
1.25427e+06
-612608
611724
582863
930273
664943
75087.7
125049
780895
-64619
171686
173116
392076
158779
-967531
-884962
-1.24875e+06
-1.10885e+06
-358863
-261763
226513
-557257
-230728
-76526.6
1.29494e+06
-601452
612497
578869
947442
672694
75747.4
127726
796279
-55442.1
162671
167872
366399
165172
-994077
-913378
-1.26473e+06
-1.14168e+06
-336024
-242002
297813
-533620
-246582
-94549.4
1.29905e+06
-616361
628300
591968
961299
680599
44218.2
95538.6
723643
-84574.2
143297
142120
281821
149439
-1.01481e+06
-922243
-1.31562e+06
-1.15312e+06
-332955
-231948
291250
-520787
-270026
-109475
1.28012e+06
-644861
676589
637451
1.05195e+06
726137
23998.5
75591.1
674240
-109003
150919
142955
270568
161355
-985908
-908829
-1.27584e+06
-1.11852e+06
-291838
-204990
364028
-476006
-271402
-112504
1.28778e+06
-644562
679146
638710
1.08035e+06
722278
-13954.8
38780.6
618675
-152114
111528
121038
211920
126507
-1.00843e+06
-921450
-1.30517e+06
-1.14406e+06
-275065
-180724
406400
-469512
-291315
-129075
1.26994e+06
-676277
660879
617997
1.06423e+06
701066
-60345.9
-2484.07
540934
-200695
64869.3
62132.8
121929
69121.8
-1.03737e+06
-958990
-1.3432e+06
-1.18306e+06
-257636
-165498
445528
-444622
-310004
-149252
1.24504e+06
-698299
650598
620850
1.04538e+06
702095
-44445.9
8215.17
562234
-181126
90716.1
88132.4
155395
99671.7
-1.06316e+06
-967826
-1.3573e+06
-1.21032e+06
-237771
-144586
483283
-434053
-282334
-116075
1.29509e+06
-663408
675046
639625
1.04034e+06
746117
4594.07
52447.5
612557
-120519
141525
129241
207159
157195
-1.04574e+06
-957257
-1.33124e+06
-1.19605e+06
-227452
-139705
502590
-425040
-243412
-86099.4
1.33914e+06
-621021
708374
679661
1.08093e+06
783261
9021.27
63900.5
628428
-112705
143507
142093
208495
165090
-1.03873e+06
-928599
-1.33077e+06
-1.16607e+06
-248894
-153999
462144
-438169
-230540
-60416.6
1.39336e+06
-603868
762283
725985
1.15287e+06
838937
9400.28
62520.3
637764
-125822
181729
170742
279244
197581
-1.00369e+06
-917590
-1.29219e+06
-1.13566e+06
-247010
-168285
478698
-448601
-206936
-40762.6
1.44229e+06
-579177
801234
750538
1.17214e+06
882857
21229.5
69686.1
663084
-110931
205093
206904
329595
235486
-995289
-903257
-1.29167e+06
-1.11749e+06
-261233
-172615
473845
-463810
-184341
-23035.4
1.46496e+06
-560880
781699
723529
1.12858e+06
859429
4094.15
61810.3
647336
-133522
199466
189621
322922
214345
-1.0089e+06
-929839
-1.30088e+06
-1.15366e+06
-283105
-195385
452053
-490424
-169734
-11557.7
1.49259e+06
-549160
777163
729907
1.12959e+06
863542
47585.5
94070
740509
-91296.7
182061
170357
299037
196000
-1.04368e+06
-954223
-1.35248e+06
-1.187e+06
-277867
-179018
440519
-477038
-125964
31457.1
1.56882e+06
-505839
773341
720576
1.08874e+06
860553
59276.8
102293
759911
-86331.4
140016
127749
209257
148623
-1.07244e+06
-979090
-1.39311e+06
-1.22471e+06
-268174
-177895
409725
-472458
-117081
36108.4
1.57338e+06
-508295
824525
769188
1.19552e+06
922174
67207.7
115877
810070
-70060.1
98676.8
91020.9
151252
117569
-1.05347e+06
-954042
-1.33196e+06
-1.19238e+06
-264732
-169749
416515
-447666
-92418.1
68204
1.68727e+06
-474806
863279
803668
1.22973e+06
956411
62839.9
111461
787945
-85431.9
82226.6
71914.2
102511
95278.4
-1.01572e+06
-931192
-1.31721e+06
-1.14736e+06
-238856
-159154
409665
-417448
-72764.1
85144.8
1.72027e+06
-459106
892482
827813
1.24951e+06
989749
71414.2
115278
794805
-74485.2
53938.8
54583
64157.9
69997.9
-1.00114e+06
-915717
-1.31086e+06
-1.13232e+06
-225628
-142854
405885
-406878
-36603.4
117828
1.76856e+06
-429355
914307
842666
1.29736e+06
1.00382e+06
83698.1
137444
829882
-59817.7
669.63
-1425.53
-12111.3
1908.48
-1.00512e+06
-924716
-1.29468e+06
-1.14441e+06
-221457
-142153
415135
-397782
-9036.12
150121
1.8349e+06
-400925
899764
835528
1.29713e+06
990601
103684
150010
888166
-49440.9
3366.54
184.555
2826.31
1899.29
-1.0253e+06
-939811
-1.32504e+06
-1.1678e+06
-205050
-123650
426955
-374951
23282.2
175781
1.89725e+06
-371720
864017
800124
1.22538e+06
956373
96398.5
144595
890638
-62807.3
-17179.2
-19374
-41425.9
-19175.3
-1.07544e+06
-989134
-1.40582e+06
-1.23165e+06
-221366
-144038
386971
-401036
-7379.37
141749
1.83543e+06
-411993
898970
831916
1.28149e+06
995407
102999
151953
931864
-55572.9
-22942.1
-25382.3
-55109.1
-19580.5
-1.07763e+06
-983465
-1.40076e+06
-1.22441e+06
-218005
-136025
388460
-383443
-14184.6
144941
1.86832e+06
-413863
919162
851217
1.30568e+06
1.01145e+06
80213.5
134297
908645
-92889.1
-5566.34
-7508.06
-26141.7
-4196.68
-1.0514e+06
-967257
-1.37132e+06
-1.19338e+06
-201903
-132213
397673
-364359
-10913.5
148476
1.88755e+06
-414164
918781
842150
1.27785e+06
1.01146e+06
59564.6
110476
893188
-120879
-7680.59
-8127.49
-22127.5
-8147.99
-1.06329e+06
-980083
-1.39924e+06
-1.21203e+06
-211302
-137001
373158
-380384
-21415.4
131908
1.87097e+06
-441141
915281
846487
1.2942e+06
1.0097e+06
44952.9
113480
911570
-134104
-53218.3
-51374.8
-78888.4
-64245.6
-1.07865e+06
-991372
-1.38841e+06
-1.23451e+06
-210719
-136326
384957
-373601
-33396.7
130981
1.88448e+06
-451701
894162
829466
1.27683e+06
986166
63213.9
126706
975957
-122185
-21218.2
-24873.2
-35561.1
-24265.8
-1.09679e+06
-999474
-1.39724e+06
-1.24858e+06
-189933
-118276
407619
-346598
-23468.9
132054
1.91408e+06
-444168
858900
799126
1.21942e+06
953866
55804.9
119771
963270
-132947
-7991.01
-15183
-46029.1
-11829.2
-1.11931e+06
-1.02835e+06
-1.44061e+06
-1.27893e+06
-199465
-125563
388566
-359226
-69886.9
87665.7
1.85077e+06
-498471
880307
815063
1.27415e+06
963864
60260.3
127599
995740
-125860
2662.96
-6223.95
-38166.8
8004.45
-1.1252e+06
-1.02712e+06
-1.45819e+06
-1.27685e+06
-209562
-134154
366469
-363046
-106895
56964.5
1.84505e+06
-547427
882017
823194
1.31389e+06
962934
42545.2
112465
980358
-153523
25114.3
12966.2
-1324.41
33545.1
-1.11929e+06
-1.02684e+06
-1.45147e+06
-1.26697e+06
-205356
-137759
385814
-357051
-157333
13119
1.79613e+06
-601551
879771
817201
1.31423e+06
949129
40423.2
113751
987713
-156016
35387.9
34380.9
17625.3
43642.6
-1.13045e+06
-1.03615e+06
-1.4641e+06
-1.28892e+06
-200817
-124473
404029
-362126
-190670
-13738.4
1.76249e+06
-648675
864724
806631
1.32154e+06
940546
41487.4
121695
997954
-147215
19465.9
14262.3
10122.2
24687.9
-1.1374e+06
-1.04215e+06
-1.44115e+06
-1.29534e+06
-190816
-115799
424169
-337479
-207836
-24435.5
1.76282e+06
-660057
-411893
-441740
-1.2638e+06
-318508
-126916
-94452.5
148311
-209927
-825373
-793826
-1.45946e+06
-859355
-708694
-633637
-647141
-872693
-254469
-147877
640918
-494033
-511744
-411774
74005.1
-743661
-437521
-466100
-1.32768e+06
-335013
-131984
-100621
113115
-212631
-850675
-816570
-1.51992e+06
-874231
-759109
-674805
-677057
-940219
-230630
-125204
710633
-475661
-533593
-434260
31938.6
-763908
-443126
-481324
-1.35781e+06
-346907
-153605
-129384
66388.8
-238170
-900381
-868804
-1.61752e+06
-928356
-781726
-691939
-677520
-969606
-229110
-120755
728646
-475357
-558564
-457893
11829.2
-795598
-436438
-472794
-1.35124e+06
-342593
-181972
-146135
28649.1
-269454
-912810
-876195
-1.64516e+06
-935574
-777698
-687245
-631219
-963325
-182632
-81549.9
823317
-427696
-582531
-474008
-10960.2
-816372
-454606
-495615
-1.37565e+06
-366119
-198751
-165578
-3213.09
-290054
-949608
-908559
-1.70043e+06
-979419
-787930
-695988
-608815
-994730
-143829
-42654.8
910604
-400790
-595199
-488639
-30581.7
-842551
-496736
-524887
-1.42261e+06
-405214
-234333
-184211
-45313.5
-313746
-1.03751e+06
-999551
-1.82533e+06
-1.08546e+06
-843212
-744232
-615594
-1.06641e+06
-152097
-42620.2
960648
-413904
-639227
-522629
-65840.1
-889460
-499311
-518840
-1.41317e+06
-410983
-209671
-170432
5265.12
-296929
-1.04672e+06
-1.00206e+06
-1.857e+06
-1.0843e+06
-879428
-767544
-643007
-1.10551e+06
-151539
-38566.3
984507
-413891
-652447
-535690
-72923.2
-907844
-488867
-504144
-1.3747e+06
-404418
-193511
-147706
48043.7
-285228
-1.02421e+06
-976041
-1.84463e+06
-1.06108e+06
-898301
-783017
-647525
-1.14132e+06
-135109
-17155.1
1.03047e+06
-411431
-680693
-561334
-91615.6
-954246
-457222
-465039
-1.27222e+06
-367229
-168488
-111114
124299
-244411
-994723
-941653
-1.80755e+06
-1.0065e+06
-894817
-762718
-623011
-1.112e+06
-149673
-20926.8
1.04115e+06
-411934
-703410
-568422
-41081.5
-974983
-395331
-400710
-1.16654e+06
-296814
-115832
-68782.4
197651
-196605
-918230
-879997
-1.73449e+06
-917056
-830501
-714990
-558489
-1.0359e+06
-115282
741.048
1.08203e+06
-370291
-698167
-565337
-15225.4
-973659
-330761
-354962
-1.06665e+06
-250442
-73654.4
-31493.8
283698
-162865
-873618
-838458
-1.68403e+06
-877675
-773572
-662166
-480521
-985936
-74679
41316.2
1.1507e+06
-343797
-689371
-558091
32665.5
-988867
-328626
-348473
-1.02146e+06
-243007
-78783
-30786
319028
-174080
-886904
-853930
-1.67135e+06
-895671
-767996
-658359
-429187
-985873
-72927.5
45491
1.18786e+06
-335111
-734780
-590713
25446.7
-1.04021e+06
-324508
-350893
-1.0463e+06
-238391
-50610.5
-13044
365461
-148580
-863044
-833598
-1.63051e+06
-868329
-757359
-640253
-417118
-973621
-59110.6
50371.5
1.19418e+06
-334640
-710055
-565833
62735.2
-1.0061e+06
-324703
-354207
-1.07853e+06
-225223
-26860.2
7455.03
401797
-124905
-839329
-815032
-1.59356e+06
-848413
-735516
-626919
-382267
-955180
-58770.5
49580.9
1.20651e+06
-340357
-702233
-564992
71501.2
-1.00595e+06
-320685
-346991
-1.07411e+06
-227298
-40245
1558.46
415274
-147895
-848891
-820560
-1.59604e+06
-861550
-715606
-593498
-355528
-926911
-94232.6
20029.5
1.15658e+06
-376690
-720436
-570734
102657
-1.03438e+06
-300838
-326364
-1.04679e+06
-206918
-35704.6
7349.67
444172
-153524
-829839
-805740
-1.55633e+06
-844358
-654542
-549773
-271574
-862927
-91863.8
13848
1.16002e+06
-372050
-701840
-551224
153345
-1.01147e+06
-290460
-332029
-1.0496e+06
-200107
-21543.4
18395.4
496373
-136607
-834742
-802751
-1.54845e+06
-845881
-622154
-515289
-216808
-820583
-91883.6
18229.2
1.16454e+06
-373388
-683086
-537382
202907
-1.00464e+06
-331313
-365372
-1.11045e+06
-239984
-33438.4
17910.3
493587
-153408
-866564
-831332
-1.58054e+06
-888852
-620404
-518941
-197454
-833801
-112886
1218.34
1.13815e+06
-394122
-693985
-543212
197091
-1.01441e+06
-343324
-369281
-1.11563e+06
-239617
14618.7
60809.8
605432
-98148.5
-837347
-805249
-1.52398e+06
-847977
-641975
-530817
-223089
-848800
-125435
-5154.1
1.11545e+06
-403740
-651477
-504321
264880
-962588
-346912
-383060
-1.17331e+06
-235346
69843.1
103872
668145
-41516.4
-814848
-791236
-1.51823e+06
-822376
-643498
-545161
-249005
-850558
-140729
-28581.3
1.06116e+06
-416093
-628359
-490398
263020
-935722
-327975
-363343
-1.15809e+06
-215014
92964.7
128128
726149
-25442.4
-833096
-806882
-1.55417e+06
-842604
-660821
-551473
-295653
-866830
-184401
-69840.9
968631
-463091
-605797
-462304
317082
-909726
-335092
-369750
-1.18584e+06
-229744
59205.3
105195
702204
-77494.7
-853026
-827396
-1.59249e+06
-870084
-672075
-568703
-347071
-871857
-241351
-124975
882215
-524697
-612631
-467321
304999
-917593
-349388
-393900
-1.2426e+06
-234692
60291.5
101160
717952
-67946.6
-864384
-834883
-1.6059e+06
-871858
-681904
-583992
-394142
-868803
-290632
-174848
790970
-573955
-584726
-445601
320651
-882164
-362850
-403375
-1.25584e+06
-253337
71086.9
124420
760981
-63224.5
-895647
-865479
-1.64024e+06
-920389
-695381
-595689
-412705
-885883
-335778
-207754
720704
-615342
-560125
-422548
358361
-860122
-396775
-427988
-1.3085e+06
-276146
72287.5
121471
784400
-55970.3
-884809
-857133
-1.62529e+06
-902373
-686259
-585650
-408615
-873888
-301684
-175303
769525
-582058
-546595
-418928
359233
-842858
-427499
-468209
-1.42261e+06
-304298
53899.9
89550.8
696284
-78628.2
-885404
-867852
-1.67712e+06
-898752
-691423
-604091
-443038
-886387
-274512
-159640
802368
-562549
-572856
-459500
274401
-878746
-430550
-464823
-1.43746e+06
-298106
41497.3
88051.1
668504
-78167.1
-902089
-879927
-1.73132e+06
-904079
-705152
-603507
-471929
-889224
-276627
-151853
807895
-556969
-606893
-474906
260589
-911495
-429260
-467543
-1.45517e+06
-305537
28703.6
70253.2
628956
-101805
-898441
-880565
-1.75545e+06
-902556
-668806
-578759
-441223
-846605
-262450
-146349
839117
-541985
-621369
-488406
238926
-925419
-450217
-499880
-1.52238e+06
-324698
-5188.04
32379.1
555616
-126669
-916867
-899627
-1.79556e+06
-915072
-656018
-577201
-447121
-831197
-243931
-128241
863037
-526383
-641817
-520289
193429
-956142
-471152
-511463
-1.5244e+06
-353186
-28598.2
25581.7
527794
-148499
-953913
-933824
-1.84967e+06
-962441
-667393
-582555
-440595
-851052
-223550
-104319
922327
-505075
-670245
-534067
193532
-991406
-492670
-527817
-1.56017e+06
-359516
-22806.3
21375.1
521715
-136998
-972193
-950393
-1.8818e+06
-969724
-711481
-610836
-495465
-892502
-210933
-83848
951224
-484567
-665231
-523840
205119
-968047
-508612
-554476
-1.63957e+06
-372014
-24270
6496.19
460052
-136666
-979160
-963280
-1.92758e+06
-974898
-731053
-639090
-527910
-913578
-193863
-72664.4
979652
-470263
-666254
-536528
158538
-970033
-530867
-576651
-1.70279e+06
-392237
-53686.4
-13130.3
385918
-155730
-1.03236e+06
-1.01163e+06
-2.02256e+06
-1.0289e+06
-753933
-646069
-570892
-932700
-211094
-82785.9
936632
-481286
-686275
-546686
138253
-990563
-529933
-574155
-1.71723e+06
-393501
-73887
-35349.7
329143
-181220
-1.05508e+06
-1.03204e+06
-2.06219e+06
-1.05463e+06
-742355
-645037
-569287
-920831
-202169
-80680.9
968996
-476483
-694939
-552726
122574
-993510
-558164
-613115
-1.78054e+06
-425238
-124387
-94721.2
223378
-229663
-1.09319e+06
-1.06456e+06
-2.11079e+06
-1.09448e+06
-754556
-663551
-597085
-932254
-197130
-74310.6
991895
-479025
-706603
-573802
80431.3
-1.01027e+06
-577577
-622769
-1.80575e+06
-440666
-158255
-111615
151940
-253334
-1.15229e+06
-1.12148e+06
-2.19145e+06
-1.16458e+06
-793261
-703179
-638158
-983261
-198385
-69375
1.0176e+06
-479816
-718194
-579123
66151.3
-1.01909e+06
-501786
-427588
-342131
-637898
-267887
-226858
-139818
-353915
-220740
-178443
-29326.5
-308642
-1.0861e+06
-1.00212e+06
-1.47736e+06
-1.22807e+06
-1.01738e+06
-884389
-837690
-1.25627e+06
-1.22295e+06
-1.08994e+06
-1.17986e+06
-1.48835e+06
-507626
-429670
-340634
-627685
-269957
-226999
-150086
-344715
-227961
-188119
-38273.6
-310059
-1.12179e+06
-1.03618e+06
-1.50252e+06
-1.27937e+06
-995637
-863142
-776968
-1.23936e+06
-1.24077e+06
-1.11063e+06
-1.21711e+06
-1.50158e+06
-474456
-400589
-284767
-603817
-255215
-215714
-131417
-326454
-243951
-197413
-61824.5
-323310
-1.11551e+06
-1.02107e+06
-1.47439e+06
-1.2653e+06
-997469
-864760
-779037
-1.2348e+06
-1.25313e+06
-1.11675e+06
-1.20901e+06
-1.51795e+06
-423238
-348551
-200832
-547941
-247524
-208703
-144711
-316563
-225227
-180560
-36474
-302742
-1.07977e+06
-998265
-1.43652e+06
-1.21666e+06
-961920
-839628
-727573
-1.19386e+06
-1.24008e+06
-1.10056e+06
-1.19343e+06
-1.49471e+06
-389934
-325067
-144518
-519478
-243228
-203623
-157294
-308178
-217951
-166012
-19340.8
-292539
-1.06528e+06
-976013
-1.43255e+06
-1.19993e+06
-936278
-809122
-674367
-1.17948e+06
-1.21764e+06
-1.08387e+06
-1.17838e+06
-1.4764e+06
-372227
-312116
-115445
-499559
-229399
-197659
-159059
-290582
-254918
-213384
-65885.4
-349454
-1.0621e+06
-983508
-1.40386e+06
-1.2109e+06
-907726
-777726
-608927
-1.13708e+06
-1.20363e+06
-1.07078e+06
-1.161e+06
-1.45884e+06
-382348
-319719
-118472
-522539
-217179
-185141
-121741
-289099
-264463
-219820
-64390.6
-359852
-1.08145e+06
-991716
-1.40841e+06
-1.23473e+06
-882075
-758892
-570465
-1.12051e+06
-1.1926e+06
-1.06298e+06
-1.12562e+06
-1.45523e+06
-412004
-344143
-154280
-544768
-213549
-177142
-92208.8
-278960
-274715
-225187
-86097.3
-367892
-1.09137e+06
-997460
-1.40237e+06
-1.24486e+06
-868592
-734154
-537363
-1.10197e+06
-1.21197e+06
-1.07245e+06
-1.13383e+06
-1.47315e+06
-391598
-331210
-120974
-527652
-193207
-157492
-59008.8
-250651
-274851
-233513
-88844.4
-366966
-1.06536e+06
-974274
-1.37879e+06
-1.21002e+06
-858015
-732225
-519861
-1.09074e+06
-1.18905e+06
-1.05166e+06
-1.05789e+06
-1.45222e+06
-395626
-333324
-135569
-528833
-195896
-161022
-87567.4
-252789
-293318
-248472
-123244
-379530
-1.04633e+06
-963993
-1.38466e+06
-1.18246e+06
-862894
-741230
-534095
-1.09272e+06
-1.18608e+06
-1.04372e+06
-1.04632e+06
-1.44104e+06
-399288
-343806
-163039
-541716
-201776
-171240
-112393
-263376
-309919
-259970
-150146
-406803
-1.03745e+06
-956711
-1.40129e+06
-1.17268e+06
-857330
-734593
-535544
-1.09808e+06
-1.16976e+06
-1.03397e+06
-1.03139e+06
-1.44119e+06
-404450
-341610
-155165
-533107
-198551
-165022
-112867
-251904
-338117
-285642
-162650
-437546
-1.02326e+06
-944260
-1.36958e+06
-1.15293e+06
-833775
-706263
-480471
-1.05471e+06
-1.16493e+06
-1.02571e+06
-996548
-1.4306e+06
-411716
-345766
-175615
-539433
-169123
-144161
-60787.1
-225620
-334807
-288704
-167595
-434229
-1.05207e+06
-967693
-1.42053e+06
-1.1829e+06
-807780
-696053
-457306
-1.04796e+06
-1.13938e+06
-1.00843e+06
-975292
-1.40172e+06
-425444
-356892
-210709
-547513
-166660
-140064
-62175.9
-221875
-336545
-281170
-186149
-425943
-1.09354e+06
-1.00939e+06
-1.4842e+06
-1.23023e+06
-829673
-709030
-468130
-1.07142e+06
-1.15916e+06
-1.03051e+06
-1.02944e+06
-1.42216e+06
-407125
-352522
-193486
-531937
-176693
-159269
-77500.3
-227285
-342175
-299583
-237945
-418734
-1.11354e+06
-1.0263e+06
-1.52863e+06
-1.23853e+06
-854920
-739901
-516501
-1.09225e+06
-1.16757e+06
-1.04539e+06
-1.04508e+06
-1.42425e+06
-402315
-343136
-185395
-526722
-213789
-189643
-149857
-277182
-345910
-309465
-283728
-419325
-1.12355e+06
-1.04854e+06
-1.58636e+06
-1.24267e+06
-885523
-776842
-559889
-1.12768e+06
-1.19778e+06
-1.07188e+06
-1.11634e+06
-1.44755e+06
-398267
-343492
-193327
-528357
-236137
-211524
-183401
-302900
-355634
-307969
-318624
-427428
-1.14005e+06
-1.05869e+06
-1.64332e+06
-1.2573e+06
-901854
-778612
-574025
-1.15025e+06
-1.2063e+06
-1.0827e+06
-1.16534e+06
-1.4647e+06
-395903
-340253
-177650
-519279
-242022
-199127
-169476
-299911
-387379
-345984
-373236
-461330
-1.16298e+06
-1.08635e+06
-1.66591e+06
-1.28116e+06
-912345
-787720
-571816
-1.15217e+06
-1.21486e+06
-1.08207e+06
-1.17718e+06
-1.45838e+06
-407697
-344829
-200242
-530504
-219222
-196316
-128181
-286935
-392352
-351265
-361432
-479965
-1.20648e+06
-1.12154e+06
-1.73516e+06
-1.33534e+06
-910775
-782833
-591749
-1.15703e+06
-1.19167e+06
-1.06463e+06
-1.16041e+06
-1.43391e+06
-419192
-353596
-213947
-539464
-213780
-183648
-108419
-280661
-408760
-360468
-358318
-500650
-1.23016e+06
-1.14849e+06
-1.75097e+06
-1.37348e+06
-905607
-781772
-579342
-1.15139e+06
-1.20035e+06
-1.07024e+06
-1.16774e+06
-1.43846e+06
-386891
-318233
-145742
-509838
-206259
-170604
-78717.2
-270605
-425228
-370943
-363929
-518159
-1.24281e+06
-1.14372e+06
-1.75633e+06
-1.37412e+06
-923879
-788342
-602944
-1.16462e+06
-1.17579e+06
-1.04096e+06
-1.09683e+06
-1.41885e+06
-363310
-294236
-112679
-478438
-223627
-181770
-111855
-285046
-443227
-389687
-385510
-537745
-1.2397e+06
-1.1516e+06
-1.79448e+06
-1.35633e+06
-918972
-790050
-614961
-1.14965e+06
-1.18751e+06
-1.05218e+06
-1.10569e+06
-1.42872e+06
-345429
-285092
-92775.9
-466768
-216826
-181079
-116268
-280851
-460203
-393286
-385770
-557679
-1.23782e+06
-1.14865e+06
-1.82801e+06
-1.35122e+06
-909890
-784892
-622733
-1.14552e+06
-1.17017e+06
-1.03245e+06
-1.09087e+06
-1.40686e+06
-360357
-307258
-100500
-489760
-234141
-200731
-136998
-301148
-496299
-437644
-398715
-616125
-1.26316e+06
-1.18507e+06
-1.84471e+06
-1.39242e+06
-926408
-801706
-639394
-1.15881e+06
-1.18004e+06
-1.05107e+06
-1.10235e+06
-1.42566e+06
-378703
-318645
-117631
-515551
-233674
-210575
-134773
-312594
-457218
-397589
-337933
-570564
-1.28991e+06
-1.205e+06
-1.8998e+06
-1.42558e+06
-925997
-809977
-663061
-1.17068e+06
-1.19854e+06
-1.0696e+06
-1.13146e+06
-1.45655e+06
-400745
-331695
-131672
-526183
-242322
-202492
-107606
-318484
-411348
-351314
-263887
-519250
-1.29798e+06
-1.2117e+06
-1.90835e+06
-1.43581e+06
-944443
-824491
-681975
-1.19508e+06
-1.22876e+06
-1.09213e+06
-1.15715e+06
-1.48328e+06
-382049
-316056
-95239.5
-517718
-250587
-212833
-105471
-336308
-368614
-314246
-218984
-468277
-1.2858e+06
-1.19636e+06
-1.9184e+06
-1.41228e+06
-982200
-856535
-736274
-1.23166e+06
-1.25924e+06
-1.11814e+06
-1.17151e+06
-1.53235e+06
-385491
-317846
-72013.9
-533326
-278551
-233559
-120607
-373120
-327310
-274130
-147340
-425718
-1.29805e+06
-1.21899e+06
-1.95036e+06
-1.42121e+06
-1.02492e+06
-899361
-779413
-1.27777e+06
-1.30584e+06
-1.15494e+06
-1.21135e+06
-1.58204e+06
-392194
-328796
-66453.2
-542446
-287545
-239296
-105285
-388091
-293384
-237315
-99124.3
-384951
-1.32469e+06
-1.23879e+06
-2.01024e+06
-1.44643e+06
-1.06055e+06
-933279
-824054
-1.33391e+06
-1.33482e+06
-1.18582e+06
-1.2391e+06
-1.62302e+06
-418909
-350312
-94082.7
-570871
-312752
-262085
-132894
-414144
-275796
-223282
-73430.2
-364249
-1.33668e+06
-1.25163e+06
-2.02367e+06
-1.45486e+06
-1.08536e+06
-944421
-843465
-1.34144e+06
-1.36364e+06
-1.20777e+06
-1.27491e+06
-1.6484e+06
-423295
-350967
-101100
-579036
-288115
-242608
-78703.8
-393059
-245815
-203843
-40925.2
-338768
-1.35698e+06
-1.2671e+06
-2.0521e+06
-1.48768e+06
-1.08332e+06
-945118
-843725
-1.36187e+06
-1.35038e+06
-1.20443e+06
-1.24433e+06
-1.65188e+06
-427795
-353797
-96461.4
-575257
-252972
-206624
2947.93
-354381
-230744
-184252
-18346.6
-306146
-1.36473e+06
-1.27776e+06
-2.0366e+06
-1.49981e+06
-1.08913e+06
-946883
-797308
-1.37189e+06
-1.37969e+06
-1.2352e+06
-1.24716e+06
-1.68678e+06
-427155
-360257
-109115
-584072
-252056
-205258
4695.19
-350598
-244388
-209881
-97210.2
-319508
-1.3861e+06
-1.29159e+06
-2.08562e+06
-1.51414e+06
-1.12807e+06
-980486
-845934
-1.41223e+06
-1.42957e+06
-1.27786e+06
-1.29157e+06
-1.75086e+06
-421871
-351700
-97881.3
-582548
-255138
-208478
-6477.1
-357351
-244621
-217570
-126501
-321021
-1.37923e+06
-1.29647e+06
-2.09307e+06
-1.49848e+06
-1.15233e+06
-1.01211e+06
-857169
-1.44086e+06
-1.47181e+06
-1.31191e+06
-1.33e+06
-1.79599e+06
-430692
-366404
-104969
-595618
-244728
-200785
11218.2
-347713
-274292
-232543
-164540
-343436
-1.39787e+06
-1.31085e+06
-2.13221e+06
-1.521e+06
-1.18778e+06
-1.03723e+06
-883850
-1.49643e+06
-1.50509e+06
-1.34411e+06
-1.35205e+06
-1.84387e+06
-455283
-384348
-133504
-618025
-243404
-189971
19453.9
-336774
-307418
-268480
-220244
-381335
-1.42429e+06
-1.3403e+06
-2.15769e+06
-1.55173e+06
-1.2133e+06
-1.05111e+06
-882668
-1.51508e+06
-1.53805e+06
-1.36678e+06
-1.37568e+06
-1.87948e+06
270409
196447
-281861
440029
128082
127312
364153
97603.4
-599313
-574985
-1.04944e+06
-627717
-411559
-386549
-683764
-440977
-823154
-690139
-333795
-1.09207e+06
-1.123e+06
-981781
-917337
-1.38665e+06
270886
198936
-297440
452733
139862
141532
374818
117439
-596152
-571359
-1.0341e+06
-615970
-426915
-403356
-681032
-464044
-819087
-687647
-314843
-1.0889e+06
-1.11617e+06
-980597
-920002
-1.37538e+06
284635
208552
-297808
471885
124659
123639
343741
106965
-630725
-604306
-1.10732e+06
-648550
-431361
-398466
-684177
-453767
-851497
-716398
-388202
-1.10712e+06
-1.12679e+06
-992485
-929538
-1.38742e+06
319134
243791
-259597
507014
103904
108083
298447
82636.7
-623782
-599437
-1.11191e+06
-644775
-417791
-399226
-695479
-435870
-861808
-735342
-418730
-1.11839e+06
-1.13141e+06
-994672
-930116
-1.39507e+06
348420
262146
-227493
537881
98577.8
102395
275181
81634.8
-627317
-594431
-1.1062e+06
-639335
-413106
-388022
-711708
-423882
-868042
-735387
-426836
-1.12941e+06
-1.13006e+06
-989746
-921316
-1.3951e+06
377220
282687
-195091
562001
104482
106149
271062
90895.7
-658279
-635217
-1.15534e+06
-688924
-399626
-389248
-676442
-423722
-864973
-735875
-418247
-1.12696e+06
-1.10631e+06
-967936
-880197
-1.37258e+06
361946
274970
-223977
548219
116400
118873
276008
104930
-675911
-647339
-1.17048e+06
-708077
-425727
-405744
-709126
-455866
-856536
-736738
-412130
-1.12594e+06
-1.08439e+06
-957626
-860895
-1.3561e+06
338359
256120
-289259
542982
128459
126991
263295
123590
-689111
-651313
-1.20894e+06
-717465
-465570
-439142
-757010
-500398
-887784
-754771
-432954
-1.159e+06
-1.11484e+06
-983920
-923030
-1.38152e+06
376808
284959
-259041
584783
151891
150027
280258
162603
-692397
-665282
-1.23463e+06
-717879
-454108
-425816
-749662
-482683
-893368
-764781
-453086
-1.16347e+06
-1.12497e+06
-996825
-925058
-1.39449e+06
396374
294794
-255516
605935
164986
157907
266840
175085
-697008
-673188
-1.25102e+06
-717488
-419803
-399435
-712795
-431281
-897602
-776572
-459109
-1.1603e+06
-1.13577e+06
-1.00035e+06
-941576
-1.39289e+06
380774
274839
-327134
593717
163956
151865
222589
181849
-727071
-693331
-1.31169e+06
-753139
-411583
-397060
-739615
-427368
-913778
-789229
-497864
-1.18525e+06
-1.15363e+06
-1.03043e+06
-1.00522e+06
-1.42941e+06
369350
268379
-336738
593590
179606
180299
230563
214519
-772661
-734628
-1.36912e+06
-790919
-424842
-408146
-741327
-436918
-924877
-797109
-493496
-1.19332e+06
-1.17817e+06
-1.04123e+06
-1.02218e+06
-1.44253e+06
388774
298159
-323562
623271
235636
216703
301058
274429
-751642
-719437
-1.33961e+06
-773926
-428199
-404715
-753436
-442779
-919177
-764358
-473250
-1.18546e+06
-1.1431e+06
-1.00242e+06
-955276
-1.40771e+06
410607
303675
-319126
647507
280845
245431
342302
321571
-737739
-713853
-1.32115e+06
-763023
-418177
-404998
-731160
-444825
-886656
-745649
-413682
-1.15573e+06
-1.12525e+06
-996753
-928578
-1.39908e+06
429347
327918
-289057
666343
270223
238666
313069
314770
-753171
-719087
-1.34053e+06
-776574
-401136
-375970
-711551
-414597
-889991
-741776
-418702
-1.15546e+06
-1.13149e+06
-991419
-891340
-1.40585e+06
450631
348462
-264721
688596
248064
219770
255403
286122
-747244
-714153
-1.32496e+06
-771404
-389407
-375786
-709524
-402822
-887188
-745880
-397975
-1.16554e+06
-1.13553e+06
-994928
-892695
-1.40833e+06
469368
360357
-254591
711484
244250
210137
239085
288220
-755010
-716726
-1.32602e+06
-778103
-398472
-382117
-725820
-409834
-891049
-742260
-357050
-1.17366e+06
-1.12904e+06
-989520
-883879
-1.40938e+06
459739
347916
-290112
706567
223616
199401
187952
271099
-792490
-757528
-1.37566e+06
-830222
-420536
-403190
-746602
-441102
-891619
-742070
-337827
-1.17583e+06
-1.13091e+06
-988066
-878238
-1.41033e+06
455003
346895
-291434
702087
240013
216332
239373
294135
-806312
-766341
-1.38679e+06
-839228
-430491
-408742
-744051
-453385
-878102
-731906
-298896
-1.18167e+06
-1.12132e+06
-978523
-846029
-1.39904e+06
462746
354810
-301553
721031
267130
241312
270852
325976
-809516
-767535
-1.41236e+06
-829146
-449897
-429782
-770194
-476073
-871600
-724575
-261943
-1.17603e+06
-1.12286e+06
-982254
-859328
-1.40012e+06
491185
382065
-233411
747451
288609
264319
329442
351278
-810426
-773407
-1.43964e+06
-824759
-441121
-410792
-744972
-453797
-877499
-731918
-253685
-1.18348e+06
-1.13529e+06
-989479
-825083
-1.41954e+06
522172
413560
-185875
777137
319156
294185
384500
373830
-796152
-767630
-1.43627e+06
-815144
-390700
-377218
-690339
-398520
-872241
-734755
-236404
-1.1814e+06
-1.13104e+06
-980153
-794152
-1.41471e+06
543232
419510
-163513
787708
350402
317551
446807
401326
-805071
-765507
-1.43968e+06
-818520
-363001
-347695
-658126
-364996
-886864
-746468
-246056
-1.20801e+06
-1.12137e+06
-976036
-764800
-1.42055e+06
528686
410302
-152768
768895
356594
337103
485059
409251
-830840
-798039
-1.47739e+06
-856778
-376647
-370972
-659800
-397228
-902048
-747686
-226067
-1.22104e+06
-1.14425e+06
-991770
-762559
-1.45047e+06
502998
390650
-182202
741649
361757
328518
486409
400951
-826253
-794504
-1.4903e+06
-852962
-409929
-394772
-710227
-435240
-887076
-737415
-206630
-1.21304e+06
-1.15956e+06
-1.00949e+06
-800226
-1.46962e+06
469930
365232
-241677
718854
320035
296366
422863
360822
-829938
-791236
-1.51648e+06
-845459
-442690
-419408
-750339
-470556
-895917
-743167
-210569
-1.21653e+06
-1.2101e+06
-1.05225e+06
-883151
-1.51418e+06
498802
387613
-202914
743564
309778
279547
402868
347975
-799466
-769802
-1.49362e+06
-809502
-420707
-393979
-720745
-437179
-915338
-764208
-256403
-1.23599e+06
-1.22252e+06
-1.06493e+06
-883938
-1.53146e+06
521612
404324
-169265
769068
295890
271134
384768
331846
-761719
-739308
-1.43986e+06
-765186
-387406
-374593
-686645
-395553
-919496
-779900
-276263
-1.23762e+06
-1.23758e+06
-1.07987e+06
-899991
-1.544e+06
523869
406989
-181300
770949
262814
237485
335208
287990
-753975
-718442
-1.43259e+06
-752888
-375298
-360427
-693277
-382142
-929346
-784578
-300343
-1.24923e+06
-1.27202e+06
-1.11229e+06
-962591
-1.59016e+06
527934
404733
-175778
775804
233003
223316
312029
263730
-756375
-732518
-1.43717e+06
-762000
-366817
-363008
-669029
-382941
-937061
-794991
-308205
-1.25619e+06
-1.30602e+06
-1.14352e+06
-1.01347e+06
-1.62319e+06
472641
358909
-267664
724515
241584
220631
339560
271014
-738062
-713754
-1.38912e+06
-742076
-390545
-368958
-692125
-402603
-953939
-790885
-309953
-1.27515e+06
-1.30248e+06
-1.14241e+06
-1.02806e+06
-1.61561e+06
442704
326741
-377966
706180
247428
220028
308035
279900
-719797
-702455
-1.38497e+06
-716279
-380894
-370117
-707371
-396413
-932364
-776997
-289464
-1.25834e+06
-1.31162e+06
-1.15973e+06
-1.09824e+06
-1.62469e+06
429530
316650
-396474
693930
228217
208677
306126
256471
-734412
-717845
-1.40247e+06
-739125
-380551
-361289
-699481
-389961
-958369
-799690
-305814
-1.28794e+06
-1.34496e+06
-1.18671e+06
-1.11204e+06
-1.66603e+06
416946
304582
-444017
675299
203413
189054
278947
219161
-738772
-719255
-1.39252e+06
-756666
-357842
-349969
-689865
-362634
-967565
-813206
-317746
-1.29799e+06
-1.36369e+06
-1.19562e+06
-1.1219e+06
-1.68415e+06
410240
281147
-495751
670003
186242
165237
253482
203379
-750858
-729909
-1.38084e+06
-766963
-358411
-355832
-727000
-354517
-978866
-825154
-337133
-1.31641e+06
-1.38552e+06
-1.22969e+06
-1.16206e+06
-1.72041e+06
389080
272761
-513261
645840
174655
169267
251632
195702
-783865
-750657
-1.40668e+06
-809644
-352089
-346814
-696983
-354378
-971432
-807124
-292842
-1.30368e+06
-1.40872e+06
-1.239e+06
-1.17692e+06
-1.74201e+06
