-525943
-432734
-43557.1
-739718
-256702
-230691
-209605
-327599
-616811
-420584
1.02504e+06
-1.09679e+06
-473995
-424328
-382908
-596887
-362610
-250635
616139
-651900
-280463
-160035
939468
-606893
-508743
-410008
7533.52
-711490
-274493
-234976
-209248
-336634
-625551
-414188
1.04662e+06
-1.09368e+06
-475267
-396395
-338172
-585335
-367987
-238763
665915
-649924
-320711
-179590
907053
-630454
-488847
-388967
103008
-715889
-251402
-213611
-134782
-328677
-621655
-416020
1.09561e+06
-1.11709e+06
-427401
-357382
-215206
-552204
-334311
-209132
754829
-637192
-316145
-185504
944101
-654589
-521008
-413311
108687
-756628
-290439
-250486
-152819
-381637
-681793
-459320
1.06834e+06
-1.18479e+06
-431604
-366095
-181021
-570033
-350688
-218888
793551
-662966
-366392
-217275
913235
-703763
-479408
-370023
181863
-704785
-275914
-241668
-130503
-365221
-631623
-424803
1.1442e+06
-1.13344e+06
-392031
-331263
-138422
-518880
-311053
-187351
858807
-623622
-291206
-152531
1.00275e+06
-618525
-443516
-331149
232893
-665853
-281193
-229504
-113596
-367399
-614595
-392738
1.19617e+06
-1.11863e+06
-375649
-305040
-112009
-498377
-282911
-147097
939876
-602727
-264783
-123236
1.07821e+06
-609477
-465797
-359321
207375
-698903
-268028
-228388
-77571
-363014
-647340
-432540
1.19742e+06
-1.16912e+06
-390969
-336597
-112469
-538055
-302799
-173593
956771
-637914
-279985
-148874
1.09187e+06
-634607
-458738
-351197
207997
-667383
-225844
-180053
-15415.6
-296654
-672756
-445460
1.17541e+06
-1.18077e+06
-405699
-333643
-107952
-541186
-311590
-161954
967042
-624321
-292315
-144661
1.07763e+06
-624993
-426206
-315478
249573
-645865
-159359
-110659
63497.5
-227987
-652016
-423553
1.20493e+06
-1.16666e+06
-377370
-295931
-35097.2
-515204
-256813
-108199
1.04285e+06
-571492
-269716
-124473
1.08526e+06
-605805
-439348
-333940
250075
-662478
-108279
-75504.2
146789
-173290
-673693
-449279
1.19991e+06
-1.19849e+06
-365395
-304614
4292.85
-517154
-243262
-108060
1.08286e+06
-564948
-268013
-133538
1.07753e+06
-602870
-453017
-341210
255561
-683649
-86667.2
-62354.1
190651
-165100
-716470
-494378
1.15632e+06
-1.25925e+06
-387093
-323192
-4443.46
-555173
-258605
-123886
1.08619e+06
-599267
-253873
-122683
1.09708e+06
-596891
-459074
-339813
247516
-694160
-96424.6
-51937.7
193550
-171210
-768544
-525079
1.10786e+06
-1.31536e+06
-421265
-335749
-20772
-588294
-276426
-124822
1.10003e+06
-625412
-274607
-130416
1.10258e+06
-628622
-442216
-338673
278493
-690642
-85494.9
-58001.8
217181
-178173
-800810
-565730
1.09491e+06
-1.36936e+06
-403666
-332165
26064
-588698
-243705
-109366
1.18418e+06
-605380
-314578
-176251
1.09302e+06
-692992
-424111
-314873
333675
-657165
-104228
-64816.9
230073
-193508
-821692
-569388
1.10789e+06
-1.38015e+06
-390501
-294323
101080
-558649
-229607
-72403.5
1.25943e+06
-573305
-370865
-201728
1.07898e+06
-730700
-407786
-305417
381679
-659791
-100529
-65589.8
254656
-198437
-833450
-592440
1.11067e+06
-1.41678e+06
-349380
-271587
171191
-528998
-191661
-54663.6
1.29573e+06
-546714
-369788
-221917
1.09365e+06
-762294
-420387
-303913
406674
-675283
-132959
-90466.5
239409
-243902
-895622
-635850
1.08089e+06
-1.49422e+06
-350294
-266519
196845
-538565
-195258
-50522.8
1.31664e+06
-557182
-432243
-260479
1.06065e+06
-834759
-403286
-287147
435588
-653734
-164716
-124626
208074
-285460
-898907
-646325
1.09173e+06
-1.50367e+06
-340236
-261806
205023
-529906
-192948
-55104.1
1.30858e+06
-555138
-415219
-248197
1.08366e+06
-818524
-372832
-258622
483782
-625178
-167635
-117274
245780
-289671
-882270
-623790
1.15105e+06
-1.4939e+06
-311288
-230975
271024
-503082
-150457
-11507.5
1.39569e+06
-516665
-394889
-228989
1.16466e+06
-819009
-397824
-288422
439487
-654036
-210280
-161531
181984
-343439
-939189
-674409
1.11033e+06
-1.56031e+06
-355674
-272701
224274
-556929
-184133
-44259.9
1.36355e+06
-562052
-442563
-273148
1.1507e+06
-876102
-389862
-292526
438698
-645255
-222741
-171034
172922
-356884
-948418
-681550
1.11485e+06
-1.57202e+06
-360243
-267325
226562
-550847
-187776
-42188.1
1.37802e+06
-557460
-467424
-290557
1.1527e+06
-904050
-451182
-329179
392213
-719974
-261158
-190951
157895
-397031
-991108
-706009
1.10459e+06
-1.62484e+06
-382239
-278565
227637
-578559
-228992
-69211.6
1.3409e+06
-604130
-507604
-317543
1.14203e+06
-957664
-466241
-342071
365288
-715490
-282411
-221698
109587
-415373
-1.00947e+06
-722165
1.08802e+06
-1.63385e+06
-386217
-288728
203425
-571141
-244194
-90042.3
1.30072e+06
-611071
-516513
-316473
1.14844e+06
-951626
-484444
-364362
330805
-747618
-332063
-277028
41646.5
-489898
-1.01877e+06
-747339
1.06778e+06
-1.66689e+06
-391515
-303985
168417
-591734
-270940
-124022
1.24906e+06
-660746
-480946
-292685
1.20117e+06
-934652
-476405
-348243
332183
-731575
-364855
-286194
12177.1
-507068
-1.01616e+06
-725554
1.084e+06
-1.6499e+06
-379322
-280381
180395
-566063
-262710
-101034
1.27719e+06
-642854
-466322
-270429
1.26677e+06
-928745
-488338
-368213
298903
-757499
-382066
-307775
-13761.7
-536856
-1.03074e+06
-738710
1.08674e+06
-1.67085e+06
-409833
-323609
146549
-608824
-282809
-126233
1.28019e+06
-666291
-502078
-305634
1.23484e+06
-963033
-492343
-399362
265318
-759831
-390268
-337051
-56427.8
-543442
-1.00379e+06
-725663
1.10389e+06
-1.63693e+06
-441539
-356899
82063.3
-639384
-292507
-149118
1.24089e+06
-672309
-531440
-350695
1.13926e+06
-986826
-562400
-454207
182158
-857645
-430675
-366259
-108914
-607379
-1.0257e+06
-747327
1.08515e+06
-1.6859e+06
-491475
-401961
38300.4
-715468
-334548
-182047
1.18671e+06
-742068
-592354
-407504
1.03766e+06
-1.07205e+06
-627295
-492387
141341
-913989
-467526
-378869
-104628
-632483
-1.04772e+06
-737587
1.12065e+06
-1.69316e+06
-543172
-432312
16863.8
-761843
-371088
-193602
1.20189e+06
-767469
-639174
-419746
1.01483e+06
-1.09802e+06
-577017
-445018
224455
-856883
-407305
-327309
-4805.5
-566494
-925666
-629020
1.30568e+06
-1.55557e+06
-486178
-379672
98312.6
-691259
-303514
-138311
1.30756e+06
-695265
-524792
-319518
1.18184e+06
-972718
-525106
-400653
270130
-807199
-392658
-315022
-14992.1
-557735
-851779
-572371
1.38737e+06
-1.49378e+06
-470479
-372052
85528.1
-684296
-277824
-116566
1.32505e+06
-681278
-482772
-295325
1.22667e+06
-952139
-508906
-383558
271503
-775488
-373295
-301959
-11829.9
-529072
-854428
-575669
1.39289e+06
-1.50073e+06
-477219
-382235
46476.7
-685333
-271540
-110850
1.32797e+06
-666763
-490974
-296430
1.22424e+06
-957604
-444562
-315442
354201
-669344
-328543
-250469
66435.5
-453739
-817408
-531823
1.47553e+06
-1.44028e+06
-433491
-323595
107768
-602273
-230421
-55825.4
1.40991e+06
-585192
-461560
-249006
1.29564e+06
-892209
-429436
-321365
314379
-679897
-320503
-259710
7602.11
-461796
-811088
-537768
1.45654e+06
-1.45965e+06
-413728
-327847
79439.9
-608743
-206477
-56734.7
1.35871e+06
-584788
-441996
-256818
1.26045e+06
-899877
-441138
-319420
301358
-678299
-326849
-257941
1670.89
-461077
-829015
-540330
1.48094e+06
-1.47587e+06
-420080
-324292
76431.2
-602379
-219235
-57229
1.35272e+06
-588852
-450549
-245966
1.27168e+06
-895665
-446083
-330065
301273
-688850
-346367
-283564
8080.11
-500287
-832932
-554426
1.51546e+06
-1.49858e+06
-426520
-339520
57016.8
-614283
-233329
-76878.8
1.36338e+06
-621244
-417496
-221007
1.34566e+06
-871934
-432818
-320586
280110
-676756
-368118
-296901
-32639.3
-521780
-814456
-527268
1.53612e+06
-1.47748e+06
-425096
-336453
16928.1
-611433
-217954
-59194
1.38599e+06
-615293
-403752
-211254
1.37078e+06
-875910
617390
554812
604604
747903
99885.2
38342.2
-526331
267907
-1.22966e+06
-1.16681e+06
-2.11394e+06
-1.2651e+06
-40734.3
-52835.7
-182927
277.893
-126892
-35945.8
936744
-363261
-487761
-451153
-566311
-550860
628256
567360
652283
738740
90453.8
25187.9
-545205
228777
-1.25307e+06
-1.19214e+06
-2.15672e+06
-1.32252e+06
-67801.6
-77892.1
-252101
-58358.2
-164249
-59814.2
888893
-433001
-513946
-468648
-628549
-614669
569067
513467
581215
672645
36220.8
-19480.1
-622771
178013
-1.34248e+06
-1.26738e+06
-2.27195e+06
-1.41448e+06
-145510
-141590
-330828
-142087
-223586
-109901
836891
-492737
-565637
-514231
-683028
-665184
585721
519349
628846
675093
32379.1
-38492.1
-612816
157517
-1.34439e+06
-1.28298e+06
-2.26597e+06
-1.4252e+06
-156027
-166725
-322630
-169653
-214243
-117271
859174
-503080
-569012
-536000
-667247
-689258
591069
533482
665420
683480
27737.7
-28617.3
-610390
159968
-1.37054e+06
-1.30153e+06
-2.30858e+06
-1.44706e+06
-221071
-219011
-398933
-239439
-240019
-129672
856714
-533839
-616719
-568290
-704255
-740418
604199
539049
745479
669131
3510.79
-65982.3
-622851
116994
-1.40884e+06
-1.34865e+06
-2.32245e+06
-1.50954e+06
-268736
-275314
-439929
-302205
-261728
-159129
877615
-570809
-662250
-624795
-743707
-800827
628049
587989
814837
705181
-9108.24
-54817.7
-618532
105638
-1.42824e+06
-1.34675e+06
-2.34663e+06
-1.5226e+06
-299588
-277077
-473671
-325237
-320405
-192820
818053
-633051
-697238
-627556
-779206
-817508
642395
595368
870407
722633
-14816.7
-59567.4
-595299
103860
-1.41794e+06
-1.3363e+06
-2.32144e+06
-1.51159e+06
-281167
-257483
-447347
-290055
-347146
-210814
796431
-655311
-691162
-619403
-777563
-807006
611660
557593
834843
675053
-27737.7
-77156
-612680
82954.9
-1.42076e+06
-1.34756e+06
-2.32074e+06
-1.52126e+06
-270694
-256048
-442576
-282975
-360276
-233651
787956
-677688
-688257
-632613
-785330
-808746
604798
567737
850925
677237
-40039.2
-82915.3
-606893
65038.3
-1.43254e+06
-1.35402e+06
-2.32535e+06
-1.53242e+06
-251471
-231995
-409602
-262458
-363417
-228700
783965
-680052
-711550
-644631
-811274
-843196
603916
562314
857526
675300
-38661.8
-81387.3
-573873
58903.4
-1.45843e+06
-1.38473e+06
-2.36989e+06
-1.56707e+06
-257518
-240033
-409972
-277260
-377078
-247220
792060
-710736
-734261
-666672
-821140
-869277
620648
569181
876918
674697
-69722.8
-120651
-612036
5425.63
-1.48607e+06
-1.42228e+06
-2.41763e+06
-1.61083e+06
-248909
-239667
-402897
-280149
-402353
-276220
759137
-746507
-743200
-689024
-866238
-888147
664777
618214
942163
730750
-44035.8
-85894.4
-568637
48365.4
-1.46661e+06
-1.3823e+06
-2.37762e+06
-1.55447e+06
-219156
-215149
-375099
-233649
-403572
-268424
759874
-731299
-731651
-664726
-860672
-838759
664240
618367
975199
735817
-35451.5
-77741.4
-530376
60286.5
-1.43045e+06
-1.35558e+06
-2.31036e+06
-1.53033e+06
-204735
-190184
-332467
-219562
-397323
-251410
792266
-719676
-709627
-639041
-818193
-823328
633090
574096
880550
707885
-37180.4
-95083.9
-572283
57699.2
-1.4434e+06
-1.37257e+06
-2.33641e+06
-1.54072e+06
-191716
-183436
-327865
-198120
-384545
-249739
788003
-700896
-690710
-626738
-801241
-790950
572793
517382
739859
644173
-122968
-181562
-728355
-40494.6
-1.49189e+06
-1.42482e+06
-2.43227e+06
-1.60061e+06
-238237
-246463
-434509
-263575
-411564
-290308
696125
-740515
-721158
-666138
-893771
-837694
526738
490130
645773
613583
-180015
-210976
-824927
-84125.9
-1.5453e+06
-1.45673e+06
-2.52854e+06
-1.64118e+06
-310933
-294018
-548482
-333365
-471755
-325352
602830
-798065
-766651
-688059
-960714
-874722
549213
500719
653365
631848
-172089
-217037
-842769
-78338.9
-1.51104e+06
-1.43965e+06
-2.48495e+06
-1.61103e+06
-299846
-291207
-536412
-320694
-440286
-302407
649981
-763291
-711832
-649650
-894274
-815471
593541
549255
686785
699186
-135117
-161613
-811735
7891.31
-1.50776e+06
-1.41622e+06
-2.51352e+06
-1.56477e+06
-309862
-297411
-577905
-293053
-435251
-292877
642535
-715394
-695770
-637125
-914561
-758137
632793
566771
744425
726017
-55569.4
-114774
-742882
74147.2
-1.44471e+06
-1.37853e+06
-2.46429e+06
-1.52511e+06
-270157
-271266
-567384
-266747
-383683
-259841
666742
-684916
-668603
-623960
-931830
-758708
587601
524558
703643
658302
-38793.3
-91996.7
-710074
88273.1
-1.44341e+06
-1.36624e+06
-2.42367e+06
-1.52865e+06
-277544
-269155
-532133
-285955
-364263
-230682
742408
-667310
-685724
-637752
-924560
-784890
545874
489286
671427
627393
-51055.9
-115801
-722941
84213.6
-1.436e+06
-1.36957e+06
-2.39446e+06
-1.51544e+06
-287500
-288558
-504499
-301181
-356235
-237790
751587
-653636
-735513
-695486
-985133
-841455
510019
458636
580035
600733
-68063.3
-125008
-805705
77988.2
-1.47267e+06
-1.4015e+06
-2.49092e+06
-1.54835e+06
-363352
-351931
-619030
-388586
-388746
-265576
676474
-693062
-803760
-750787
-1.10308e+06
-907432
514929
464914
588149
606752
-52222.7
-112236
-808833
108322
-1.47494e+06
-1.40663e+06
-2.49279e+06
-1.54496e+06
-390479
-378014
-633913
-414116
-379943
-255570
701417
-668875
-831180
-780887
-1.14709e+06
-928171
507565
456621
563690
578810
-72112.2
-124651
-866026
80508.3
-1.51517e+06
-1.43985e+06
-2.57484e+06
-1.5893e+06
-435954
-417624
-712436
-464884
-434789
-300201
612861
-733888
-897973
-841001
-1.27381e+06
-993220
481966
433749
532528
570867
-104669
-164199
-926727
49293.1
-1.54408e+06
-1.47571e+06
-2.64561e+06
-1.62781e+06
-444569
-422500
-755947
-463926
-456622
-323231
555997
-756607
-930565
-866825
-1.3531e+06
-1.02948e+06
469312
426540
490235
560962
-107637
-157062
-962249
58511
-1.56594e+06
-1.48224e+06
-2.68842e+06
-1.63797e+06
-423809
-395511
-734485
-435949
-437360
-293675
588193
-727425
-923467
-853028
-1.34405e+06
-1.01131e+06
495818
456134
536954
603907
-87131.8
-143838
-935640
89007.8
-1.54628e+06
-1.47268e+06
-2.65265e+06
-1.61513e+06
-386933
-369804
-662676
-402153
-368519
-235506
702709
-653316
-912454
-848782
-1.30924e+06
-1.01249e+06
523823
472574
574464
624030
-33195.1
-94006.3
-847714
139245
-1.55435e+06
-1.48282e+06
-2.6586e+06
-1.63216e+06
-376336
-360329
-629711
-402455
-321739
-192325
812900
-622629
-908418
-840416
-1.24875e+06
-1.02031e+06
541177
497116
597174
645422
-50379.2
-107853
-891870
127018
-1.58709e+06
-1.51407e+06
-2.71458e+06
-1.6612e+06
-379145
-358815
-640388
-396138
-315022
-183956
830662
-609887
-919961
-853855
-1.26819e+06
-1.02906e+06
598615
543332
702508
678976
-4980.15
-72077.5
-799166
145342
-1.58073e+06
-1.50413e+06
-2.68758e+06
-1.67439e+06
-358382
-344042
-602717
-389752
-301865
-172026
873757
-623346
-923603
-857581
-1.26381e+06
-1.04231e+06
596217
552206
742915
698395
-9031.87
-68202.6
-757702
152795
-1.58902e+06
-1.50858e+06
-2.68171e+06
-1.67281e+06
-358649
-336242
-602493
-366249
-313032
-170145
896161
-617724
-943734
-862937
-1.29902e+06
-1.05295e+06
627052
586720
764634
744494
44955
-10021.1
-704866
229863
-1.567e+06
-1.4789e+06
-2.67096e+06
-1.63856e+06
-324327
-298004
-584401
-318933
-260856
-115247
965825
-553655
-893514
-810456
-1.2454e+06
-985627
644843
608328
788114
759760
39881.5
-18917.9
-717988
213053
-1.55846e+06
-1.48095e+06
-2.66592e+06
-1.63092e+06
-312333
-291794
-558653
-306210
-232906
-91629
997886
-523815
-886847
-813657
-1.23231e+06
-987745
717530
660487
866578
835116
113214
42883.2
-642778
293801
-1.53166e+06
-1.46966e+06
-2.66129e+06
-1.60566e+06
-291744
-290507
-575376
-293683
-157868
-38555
1.07837e+06
-452348
-851251
-794583
-1.20216e+06
-957551
719872
673388
870917
834781
86544.9
22539
-687081
264065
-1.58808e+06
-1.51131e+06
-2.74307e+06
-1.66142e+06
-343636
-324549
-655620
-341771
-176218
-42852.8
1.05953e+06
-468817
-901464
-832008
-1.28924e+06
-1.00285e+06
-260693
-143458
822094
-541434
1.41421
12213.1
142632
-35582.3
1.11969e+06
1.02543e+06
1.52428e+06
1.24225e+06
285777
284685
722008
240015
-202965
-214658
-522621
-196916
815400
719991
792749
964070
-254989
-133765
835210
-532277
-13427.3
5864.04
119886
-41886.2
1.10668e+06
1.02696e+06
1.52117e+06
1.23001e+06
272812
278180
720485
223941
-216728
-208887
-512202
-199577
788064
711666
766115
946278
-222020
-93719.9
933643
-507024
20590.2
39785.4
195380
-6131.32
1.1264e+06
1.04779e+06
1.59024e+06
1.24392e+06
271461
274069
765704
214073
-182152
-183168
-419111
-174821
788326
703549
775377
940994
-191124
-72114.3
991641
-474651
59652.9
73172.8
250497
35520.8
1.1376e+06
1.06033e+06
1.60821e+06
1.26079e+06
266856
280618
760748
215439
-164719
-155422
-389849
-144559
811927
739826
814755
982675
-162798
-48970.7
1.04024e+06
-441818
93406
92459.2
264657
77839
1.1596e+06
1.06908e+06
1.64257e+06
1.28795e+06
289709
292449
801586
237874
-105137
-114956
-309706
-78411.1
842072
752108
833260
1.02046e+06
-155757
-34512.5
1.06864e+06
-449441
112289
116164
266128
99924.1
1.15903e+06
1.07453e+06
1.63993e+06
1.27859e+06
300897
307688
822504
243474
-108645
-113378
-329508
-86911.2
860456
766446
814136
1.03711e+06
-153666
-31812
1.09285e+06
-457493
120077
121772
278192
99242.4
1.14956e+06
1.06544e+06
1.65975e+06
1.25926e+06
303260
324512
846031
245770
-122794
-124172
-337332
-114607
866209
763376
835574
1.03433e+06
-133046
-14062.2
1.14622e+06
-420892
132380
135180
315166
125126
1.14514e+06
1.06801e+06
1.68187e+06
1.25853e+06
321845
333318
883753
273148
-114193
-111166
-302669
-91893.5
880871
790359
879253
1.06224e+06
-116989
6834.89
1.17448e+06
-419168
172308
178566
374747
167299
1.1428e+06
1.07188e+06
1.70647e+06
1.24684e+06
309233
321570
856096
261827
-88172
-87568.8
-270330
-63880
904040
807436
912320
1.08967e+06
-162857
-42803.3
1.14614e+06
-472644
158538
157719
381416
140699
1.09414e+06
1.02051e+06
1.67143e+06
1.17891e+06
258945
274750
778122
204382
-143166
-140168
-347745
-127419
886804
794459
916408
1.0582e+06
-141531
-24735.3
1.18054e+06
-454545
191480
178516
404252
172099
1.08881e+06
1.01615e+06
1.6853e+06
1.16704e+06
282868
295769
807066
221832
-114003
-119155
-313404
-98729.8
902983
808749
950958
1.07076e+06
-147056
-12425.3
1.21622e+06
-458666
206972
210521
459403
199029
1.05581e+06
1.00188e+06
1.69099e+06
1.13361e+06
290590
315098
866363
234001
-130318
-123305
-300984
-114400
934031
848776
1.03872e+06
1.10766e+06
-142498
-21411.2
1.2547e+06
-475575
206817
203507
482974
192689
1.09811e+06
1.04398e+06
1.75539e+06
1.19029e+06
334905
356291
935386
287959
-131185
-138060
-304030
-115799
979118
884038
1.11684e+06
1.15451e+06
-216707
-76854
1.1801e+06
-555364
124689
132865
386983
88461.9
1.10203e+06
1.04676e+06
1.74088e+06
1.18965e+06
312193
335706
909204
253231
-188919
-182229
-404475
-176881
965814
883379
1.08629e+06
1.14433e+06
-246546
-109208
1.13436e+06
-589042
112081
121410
392374
79054.5
1.12534e+06
1.06563e+06
1.7532e+06
1.23229e+06
303933
314402
873753
260076
-194944
-197564
-436009
-173387
994952
894520
1.08975e+06
1.19285e+06
-304545
-155966
1.07669e+06
-657522
75686.6
91642.5
368830
28823.1
1.16789e+06
1.10878e+06
1.78276e+06
1.2868e+06
269819
298499
803249
229851
-227823
-223679
-517686
-197844
1.02414e+06
934847
1.10431e+06
1.23786e+06
-323511
-179673
1.07081e+06
-684583
48178
62139.1
326690
627.204
1.22676e+06
1.15586e+06
1.8483e+06
1.35266e+06
310598
331569
843527
279656
-217962
-225112
-541336
-180738
1.06543e+06
965541
1.13305e+06
1.28579e+06
-373433
-228251
1.01977e+06
-749540
-6359.72
-439.82
257803
-76805.9
1.26079e+06
1.16975e+06
1.8541e+06
1.38485e+06
341951
348397
885332
302693
-268261
-282899
-661256
-241491
1.09908e+06
976028
1.12699e+06
1.31619e+06
-384390
-235165
1.01659e+06
-766964
-35997.4
-9038.24
223185
-90958
1.28935e+06
1.2034e+06
1.90043e+06
1.42034e+06
372901
382199
932077
335504
-293734
-297744
-713883
-257378
1.10149e+06
969771
1.10331e+06
1.3213e+06
-416364
-255788
978414
-795207
-60435
-30762.7
167073
-119175
1.30319e+06
1.21752e+06
1.90892e+06
1.4355e+06
364241
369633
904832
323235
-310059
-311212
-776031
-267141
1.07069e+06
952320
1.02252e+06
1.29598e+06
-433872
-271196
967144
-821216
-64723.6
-35941.5
166754
-120720
1.31519e+06
1.22629e+06
1.92222e+06
1.45554e+06
343084
341617
867186
306039
-312103
-321322
-791733
-265095
1.04856e+06
918422
961828
1.28336e+06
-476258
-309220
938287
-880286
-73778.8
-41433.6
160274
-137995
1.33109e+06
1.2431e+06
1.94635e+06
1.46494e+06
296754
305891
789677
255301
-335463
-338253
-853010
-284617
1.02327e+06
904040
911961
1.25431e+06
-496495
-326767
943237
-907963
-72533.6
-40344
159880
-134902
1.34431e+06
1.25791e+06
1.97998e+06
1.47389e+06
302358
315031
805415
255568
-337105
-340876
-870840
-286240
999731
879292
866342
1.22686e+06
-509173
-328931
973480
-924272
-61161.2
-32990.1
169829
-118315
1.38489e+06
1.29294e+06
2.05497e+06
1.52119e+06
321973
327480
855134
276120
-348463
-357486
-911961
-294205
1.01196e+06
888446
867071
1.24891e+06
-500475
-331570
986793
-913817
-64361.6
-43923.4
128942
-125645
1.39804e+06
1.29302e+06
2.0376e+06
1.52959e+06
326882
329137
833142
272728
-361749
-373693
-965470
-320532
1.02577e+06
896279
843067
1.24794e+06
-535861
-358393
938273
-944958
-113514
-84852.8
75236.9
-171304
1.36892e+06
1.28054e+06
2.01254e+06
1.50488e+06
296440
309689
826737
239722
-388803
-390360
-974893
-338974
1.01067e+06
897734
854712
1.24768e+06
-539104
-353517
949478
-950098
-97849.4
-65736.2
110558
-155636
1.38443e+06
1.29575e+06
2.03535e+06
1.52186e+06
309366
321432
872624
246467
-345642
-346384
-885906
-299670
1.04087e+06
926163
904783
1.27537e+06
-507875
-334444
1.01805e+06
-925614
-37488.7
-12172.8
224570
-96236.5
1.45022e+06
1.35761e+06
2.13943e+06
1.59502e+06
353843
369241
965035
296246
-280770
-287232
-773141
-229706
1.13848e+06
1.02232e+06
1.0932e+06
1.38206e+06
-499261
-323793
1.04459e+06
-919322
-19712.7
-1907.07
230788
-79690.9
1.47429e+06
1.37377e+06
2.17697e+06
1.62149e+06
378762
389688
1.01204e+06
320280
-250143
-262111
-726336
-199186
1.17414e+06
1.04903e+06
1.14218e+06
1.41753e+06
-501156
-315475
1.05808e+06
-929330
-23898.1
976.514
212683
-79589.8
1.48268e+06
1.38595e+06
2.17208e+06
1.63021e+06
388916
402761
1.03913e+06
325807
-275828
-284779
-772293
-230911
1.2089e+06
1.08051e+06
1.17168e+06
1.45284e+06
-498039
-309024
1.13836e+06
-936332
4522.65
35000.4
318755
-56440.6
1.49786e+06
1.39831e+06
2.25228e+06
1.63824e+06
415970
443550
1.12277e+06
363567
-287021
-288005
-722230
-247021
1.23613e+06
1.10346e+06
1.26621e+06
1.46951e+06
-519087
-335637
1.09721e+06
-954538
-1982.02
21259.2
321080
-71497
1.48364e+06
1.38083e+06
2.23635e+06
1.61095e+06
427505
435108
1.10479e+06
371780
-299990
-309759
-761620
-264713
1.24885e+06
1.11763e+06
1.28823e+06
1.4875e+06
-532552
-342095
1.03864e+06
-966484
21776.1
54311.5
353534
-45524.2
1.4774e+06
1.3822e+06
2.22143e+06
1.60264e+06
417539
429137
1.03835e+06
366741
-296849
-300353
-779370
-260002
1.27603e+06
1.14504e+06
1.29128e+06
1.52219e+06
-599967
-415572
949937
-1.04948e+06
21964.9
43303.2
388810
-63985.4
1.45096e+06
1.3508e+06
2.20669e+06
1.55913e+06
390454
399952
984740
344633
-338875
-345511
-839571
-309648
1.30344e+06
1.16993e+06
1.34972e+06
1.54529e+06
-631427
-441709
912581
-1.08914e+06
20103.8
46430
389283
-65838.7
1.43104e+06
1.34371e+06
2.21804e+06
1.53998e+06
410567
421800
988580
372690
-353295
-354255
-857187
-324726
1.30567e+06
1.17389e+06
1.37617e+06
1.54147e+06
-665501
-467666
898313
-1.12902e+06
10748.7
40879.3
405189
-74898.2
1.41049e+06
1.32037e+06
2.20843e+06
1.513e+06
409671
413151
973538
370118
-395582
-395230
-902195
-372882
1.33984e+06
1.20218e+06
1.43629e+06
1.58139e+06
-248998
-191084
103620
-370470
-799217
-680088
-324464
-1.06251e+06
-533596
-521715
-1.02783e+06
-541850
-634963
-624984
-1.31279e+06
-622408
-874144
-864881
-1.84192e+06
-848056
100447
91334.2
95702.7
127994
-222592
-158841
149821
-325485
-795494
-673065
-342936
-1.03535e+06
-540475
-525708
-1.04442e+06
-537582
-622119
-610656
-1.30345e+06
-582173
-831734
-815809
-1.79151e+06
-779916
134777
124326
121094
178131
-204661
-148456
184653
-330499
-787945
-670163
-347753
-1.04346e+06
-538117
-525391
-1.02055e+06
-553979
-591735
-581153
-1.27304e+06
-568015
-798008
-796344
-1.75918e+06
-762567
154563
134898
148433
184540
-186678
-122890
223152
-296830
-770283
-645298
-323984
-1.00351e+06
-534100
-515317
-1.00411e+06
-541485
-577126
-571688
-1.25862e+06
-536291
-779449
-771795
-1.73144e+06
-727220
174694
151941
141812
223982
-194053
-137567
202672
-316355
-785895
-675978
-384188
-1.03437e+06
-585010
-574067
-1.09062e+06
-609121
-608179
-609728
-1.33178e+06
-582614
-793123
-798058
-1.77722e+06
-751948
147411
113685
46823.9
189348
-177193
-105185
258763
-288601
-785859
-648840
-374150
-1.00899e+06
-605638
-567289
-1.09166e+06
-614757
-615093
-586454
-1.31532e+06
-572726
-780847
-764150
-1.74024e+06
-724195
145491
134200
35427.5
216143
-169511
-110547
289002
-292939
-770873
-651273
-344446
-1.00628e+06
-600945
-570497
-1.07752e+06
-607852
-605809
-597362
-1.30589e+06
-571859
-771890
-769974
-1.72306e+06
-719614
172780
154574
80229
242318
-184519
-133562
235286
-309604
-784872
-671522
-391410
-1.02255e+06
-601126
-580333
-1.10073e+06
-623441
-621937
-617672
-1.36329e+06
-578298
-780356
-783292
-1.76485e+06
-737338
184148
153852
83722.9
234056
-224031
-169843
156515
-348995
-824433
-703149
-443985
-1.06411e+06
-621276
-591940
-1.11498e+06
-631497
-647674
-642540
-1.42721e+06
-607804
-828610
-828721
-1.83562e+06
-783595
162700
138604
70819.6
222865
-250605
-193329
116448
-381201
-837390
-713006
-438599
-1.08622e+06
-638855
-616892
-1.15781e+06
-667556
-681097
-680761
-1.48245e+06
-650150
-866772
-862093
-1.88221e+06
-833395
141971
108967
21428.2
184628
-251457
-192864
114656
-378214
-822076
-698315
-412260
-1.06871e+06
-656493
-622896
-1.16218e+06
-677449
-702537
-698132
-1.51792e+06
-671440
-882365
-875373
-1.89292e+06
-848602
129823
106624
9805.45
181695
-253330
-203457
99442.5
-387908
-805809
-683171
-383421
-1.05973e+06
-652656
-630837
-1.16911e+06
-679695
-715912
-709118
-1.54389e+06
-684128
-883320
-878896
-1.88686e+06
-861105
133995
99458.8
-4297.8
184507
-282423
-219284
64516.4
-404797
-849083
-724816
-405725
-1.11425e+06
-698963
-672845
-1.24525e+06
-722694
-755191
-748038
-1.61541e+06
-724451
-932257
-918979
-1.93692e+06
-907398
92944.2
70739.7
-50532.7
142138
-285362
-209776
49464.2
-391282
-889139
-749844
-443722
-1.15106e+06
-712875
-683585
-1.301e+06
-733818
-784571
-765602
-1.67592e+06
-740742
-954284
-932177
-1.97658e+06
-929782
68083.1
59556.8
-76424.8
107100
-247955
-185656
77351.1
-350651
-895959
-757036
-443067
-1.15958e+06
-714966
-690162
-1.30596e+06
-727228
-785200
-773028
-1.69564e+06
-742332
-969810
-950350
-1.98908e+06
-943652
68351.1
52572
-31435.8
106250
-234433
-181589
82909.7
-349567
-905308
-766773
-418225
-1.19005e+06
-720124
-701771
-1.36505e+06
-744658
-796442
-791685
-1.72857e+06
-765427
-989213
-970716
-2.02105e+06
-979452
52399.4
29277
-54255.6
62554.9
-229777
-171968
102888
-343059
-900815
-757293
-362080
-1.19357e+06
-741354
-721424
-1.38701e+06
-765589
-814832
-806748
-1.7465e+06
-784228
-1.00829e+06
-987807
-2.01856e+06
-1.00593e+06
24843.5
8852.98
-53298.9
33105.3
-229611
-177390
113711
-340104
-903680
-756590
-315413
-1.20183e+06
-749752
-734449
-1.42202e+06
-759864
-825966
-815415
-1.75772e+06
-793513
-1.02173e+06
-998938
-2.01412e+06
-1.01715e+06
7978.29
-4955.4
-62848.4
21271.2
-270587
-212464
53767.7
-383492
-946532
-805792
-358688
-1.25833e+06
-793988
-769331
-1.50008e+06
-795217
-848964
-841703
-1.80347e+06
-808123
-1.05796e+06
-1.03968e+06
-2.08435e+06
-1.05081e+06
-15180.9
-14729.7
-75017.7
8360.12
-258430
-188892
58458.6
-370205
-956925
-805774
-393353
-1.26596e+06
-771840
-741934
-1.4903e+06
-771467
-835011
-816594
-1.81368e+06
-791075
-1.04268e+06
-1.017e+06
-2.10861e+06
-1.03239e+06
25004.7
31640.9
-8041.93
32488.7
-246162
-196042
69072.3
-361696
-985000
-844757
-441406
-1.30005e+06
-743415
-727576
-1.46357e+06
-736280
-807628
-806727
-1.78982e+06
-756060
-1.0553e+06
-1.04755e+06
-2.16059e+06
-1.04058e+06
52553.6
45496
65409.5
63231.6
-312268
-250916
-11985.5
-443668
-1.06141e+06
-902962
-503520
-1.39425e+06
-782967
-766476
-1.53736e+06
-788542
-850122
-849029
-1.85837e+06
-814161
-1.14739e+06
-1.12559e+06
-2.30417e+06
-1.14294e+06
13212.3
6636.2
8310.63
4321.84
-333274
-271663
-9620.19
-469672
-1.07708e+06
-921478
-483761
-1.4232e+06
-818531
-799880
-1.57212e+06
-827224
-866651
-859671
-1.85954e+06
-828181
-1.19118e+06
-1.17089e+06
-2.35543e+06
-1.19229e+06
-625.79
-3073.09
23681.7
-8725.7
-357846
-291030
-24900.8
-504620
-1.10546e+06
-937624
-485160
-1.46126e+06
-837202
-811928
-1.59772e+06
-846101
-874304
-863401
-1.86761e+06
-841934
-1.23374e+06
-1.20752e+06
-2.41962e+06
-1.24138e+06
582.656
2136.88
31616.9
-11168
-335536
-272143
32420.8
-468084
-1.09325e+06
-919233
-430497
-1.44115e+06
-800464
-779203
-1.55772e+06
-793090
-875296
-861953
-1.86975e+06
-831569
-1.22076e+06
-1.18734e+06
-2.36423e+06
-1.2197e+06
36401.1
42538.1
117935
39661.6
-365221
-301182
-2568.92
-510867
-1.11995e+06
-948821
-451807
-1.4826e+06
-807775
-791734
-1.57675e+06
-812940
-890240
-875039
-1.89224e+06
-852763
-1.21862e+06
-1.18751e+06
-2.3401e+06
-1.23184e+06
42979.4
42806.8
154286
26179.2
-350701
-285399
26332.7
-493715
-1.10202e+06
-915384
-389704
-1.45659e+06
-769722
-747019
-1.51123e+06
-761594
-849681
-839110
-1.83929e+06
-806669
-1.18197e+06
-1.14363e+06
-2.26197e+06
-1.18523e+06
85698.5
91756.3
241985
78997.3
-349242
-297912
25822.1
-510109
-1.0912e+06
-920579
-364481
-1.46467e+06
-751673
-747562
-1.53069e+06
-748441
-859039
-862179
-1.88189e+06
-823507
-1.17819e+06
-1.15311e+06
-2.2697e+06
-1.19312e+06
105075
87656.5
237072
85832.2
-373145
-299323
31585.8
-529071
-1.08953e+06
-901621
-322160
-1.45895e+06
-770409
-754023
-1.5508e+06
-761244
-885228
-878122
-1.91181e+06
-845761
-1.19385e+06
-1.15799e+06
-2.25901e+06
-1.21332e+06
86788.2
83225.1
232411
69060.3
-403871
-347887
-36724.3
-568635
-1.11631e+06
-934621
-376807
-1.48632e+06
-792281
-783913
-1.64112e+06
-773355
-940120
-933434
-2.02948e+06
-903021
-1.22172e+06
-1.18679e+06
-2.31271e+06
-1.23362e+06
70502.8
61656.2
169201
65932.1
-465768
-388875
-182391
-615544
-1.12496e+06
-949369
-430190
-1.49995e+06
-847789
-834912
-1.7896e+06
-822842
-974530
-964681
-2.13607e+06
-927955
-1.23703e+06
-1.19912e+06
-2.39863e+06
-1.23921e+06
70613.8
72052.8
109033
80605.9
-438022
-350080
-129135
-580517
-1.09711e+06
-916489
-377087
-1.46821e+06
-856804
-838483
-1.80742e+06
-825624
-937170
-913313
-2.06374e+06
-877665
-1.18339e+06
-1.14321e+06
-2.33427e+06
-1.17081e+06
119157
128087
197620
132290
-396898
-318523
-64879.2
-535578
-1.05833e+06
-878904
-295561
-1.42064e+06
-844918
-829618
-1.78102e+06
-812266
-856383
-846933
-1.93869e+06
-790072
-1.13867e+06
-1.10954e+06
-2.2838e+06
-1.11673e+06
175630
176003
313299
193170
-376909
-303264
-64464.1
-513521
-1.02248e+06
-847459
-251058
-1.388e+06
-865005
-852475
-1.84378e+06
-833412
-832644
-833771
-1.93623e+06
-768320
-1.13573e+06
-1.1121e+06
-2.34015e+06
-1.10825e+06
213294
200443
322456
231645
-413546
-338913
-116020
-558336
-1.03768e+06
-864427
-267210
-1.41327e+06
-946977
-935842
-1.97873e+06
-930549
-869388
-869347
-1.99038e+06
-810306
-1.18063e+06
-1.16162e+06
-2.43241e+06
-1.16208e+06
188515
173615
268379
202223
-413281
-329557
-83571.5
-545666
-1.03025e+06
-846466
-216819
-1.38788e+06
-1.00763e+06
-975712
-2.04264e+06
-972468
-874588
-858790
-1.96994e+06
-800017
-1.20149e+06
-1.17352e+06
-2.45857e+06
-1.15684e+06
197514
195199
288778
242811
473468
461382
909057
474043
816651
732546
819573
972845
-481835
-471527
-975721
-483627
147788
177200
741049
43805.3
-416638
-339823
-137348
-558239
-422988
-445520
-1.25896e+06
-332838
467485
448786
925480
458419
793309
702330
819078
947229
-493614
-482969
-977011
-486322
122374
154813
740489
20467.2
-436046
-363077
-163761
-583992
-450879
-486046
-1.30804e+06
-356120
477281
470016
966776
464069
818123
734620
848812
967867
-470766
-463506
-940432
-480394
125214
152841
723713
12681.3
-422327
-341936
-96940.1
-582194
-531332
-555566
-1.45012e+06
-451819
508688
495438
1.04514e+06
501764
791590
708099
827160
944123
-454552
-434644
-901701
-446612
96046.3
139867
679677
-8915.2
-384842
-299648
-26521.5
-527023
-564388
-584224
-1.49653e+06
-477318
485758
469328
1.0214e+06
478274
726624
638455
715526
896139
-434536
-430216
-887075
-412216
80476.5
110447
666375
-20949.5
-398301
-335716
-66687.9
-547789
-636169
-664311
-1.5965e+06
-548713
495835
494367
1.04196e+06
482231
687807
613308
645994
827675
-453205
-449732
-960418
-453157
38634.2
70867.7
575476
-82800.8
-446005
-367725
-158716
-601803
-655269
-670399
-1.66735e+06
-577532
513457
506327
1.0874e+06
494210
702442
621104
670288
839126
-453685
-450672
-930309
-447145
14211.4
55318.4
581192
-102513
-421553
-353681
-102570
-571770
-666334
-678596
-1.66871e+06
-591069
502785
503110
1.08034e+06
483941
684665
607578
660089
826896
-487397
-475214
-984324
-468892
-2266.28
46650.7
582683
-122083
-431781
-357249
-133526
-578346
-665344
-679953
-1.67154e+06
-588426
512720
515428
1.10071e+06
500842
702281
629833
685638
846632
-474622
-461605
-966726
-459339
-712.764
52138.5
589602
-118174
-422472
-347730
-87117
-573266
-689576
-694546
-1.69636e+06
-610098
552871
544810
1.16215e+06
539235
724632
651596
718946
878370
-446935
-430949
-935979
-421534
8611.85
65173.3
612676
-108936
-366150
-294808
-15675.9
-502703
-662135
-672051
-1.65591e+06
-578000
573208
586731
1.20084e+06
572777
749994
679021
732662
922501
-401125
-386161
-888779
-358203
41037.6
99031.7
693253
-81771.2
-322348
-247550
44997.4
-460253
-642827
-641794
-1.60864e+06
-557442
653962
644925
1.2946e+06
661292
791412
708264
767579
949246
-376248
-380981
-911773
-339985
66722.6
116654
733066
-58594.4
-282468
-218713
80987.8
-407123
-566468
-577599
-1.51621e+06
-474764
640046
627900
1.28108e+06
632296
766878
680434
737384
920814
-391251
-401820
-912183
-358225
63653
102765
752547
-62358.3
-294496
-240452
48953.7
-426526
-547659
-565952
-1.47032e+06
-456356
624566
624519
1.27094e+06
623954
726238
649449
686220
891081
-404483
-395307
-939372
-341958
40267.6
93941.3
735948
-76113
-327328
-261319
-9345.83
-454215
-523361
-541670
-1.45148e+06
-410220
645963
641142
1.28722e+06
639150
754984
672801
688382
916034
-367754
-373217
-921461
-319209
66256.6
108133
740193
-57355.6
-319679
-257472
13708.7
-458468
-516532
-541686
-1.49675e+06
-409037
689341
692004
1.40073e+06
676981
762919
694001
725079
922443
-321053
-307265
-834475
-271216
80699.3
134458
768054
-54588.6
-288183
-213823
87558.9
-431724
-453975
-474172
-1.40773e+06
-338693
674397
671336
1.37807e+06
672811
742157
662039
662617
928074
-287540
-297992
-799157
-223424
48787.5
88414.5
752447
-94317.4
-304446
-246068
51200.9
-444748
-460810
-494950
-1.42418e+06
-338858
700435
679313
1.39762e+06
681455
731191
633311
610129
881953
-290629
-328240
-856970
-251756
10773.5
41418.1
694487
-144835
-333554
-286320
-23927.8
-483001
-425647
-475494
-1.40898e+06
-315844
635594
625019
1.30329e+06
609491
689001
603728
548656
838981
-380975
-384653
-939121
-357521
-66485
-2847.52
584054
-234665
-427672
-353576
-154035
-576738
-505289
-532172
-1.52804e+06
-405693
596447
588214
1.23424e+06
588104
676571
590366
548651
848484
-421998
-416139
-963697
-379581
-83750.4
-12529.9
581866
-234898
-487589
-409490
-258829
-625927
-513343
-536501
-1.54179e+06
-387038
560623
546818
1.17031e+06
532961
679810
588321
532720
833514
-434052
-434393
-955703
-425439
-88263.2
-28748.1
566173
-258713
-530594
-457671
-303865
-695678
-571594
-600698
-1.64581e+06
-468971
527501
510240
1.13587e+06
496453
664469
574467
530248
822374
-446841
-436880
-905341
-440648
-107316
-41055.3
549201
-266917
-555692
-477047
-318774
-713872
-600990
-626374
-1.67034e+06
-493723
475885
476638
1.01974e+06
482718
640246
554366
441444
843664
-457769
-442382
-933095
-416272
-99857.6
-32020.6
517826
-228450
-600272
-515359
-429176
-736437
-639618
-657426
-1.75274e+06
-507846
475338
463633
951407
468572
633531
541869
386865
800236
-479537
-475503
-1.0206e+06
-474504
-107011
-48987.7
447446
-255087
-662229
-579492
-559667
-815859
-627918
-657973
-1.80429e+06
-512942
493509
476060
961179
492196
660168
566559
438342
827847
-479157
-478626
-991697
-471545
-44355.4
-236.881
555266
-183023
-685962
-612203
-582285
-843829
-646960
-675355
-1.83108e+06
-528631
507162
501531
963128
514428
674037
592111
484173
845023
-497453
-476683
-1.01441e+06
-472477
-4421.54
56624.4
651210
-134038
-742244
-645673
-643145
-906377
-637515
-654956
-1.82911e+06
-503952
524446
509755
967922
547255
709122
618248
528920
889080
-484284
-475526
-995831
-465242
55450.6
102780
748294
-71848.4
-768934
-675100
-632272
-943080
-666620
-694200
-1.90359e+06
-527922
550553
532299
963698
583177
728847
638314
544589
918508
-483614
-465320
-993199
-467218
92908.9
143821
788215
-32529
-784491
-681308
-628773
-970752
-685681
-712211
-1.96067e+06
-540057
589803
568556
981730
614774
766256
671611
562597
956651
-442098
-429923
-939657
-427341
175302
213109
926913
36124
-809125
-712926
-643817
-1.02647e+06
-697453
-724161
-1.98739e+06
-572138
613533
575108
981251
657913
768939
664771
558020
956863
-470752
-478733
-1.02347e+06
-459360
175382
204360
913779
47521.1
-902928
-806679
-775745
-1.11396e+06
-690280
-730057
-2.01735e+06
-549346
622785
585712
1.01544e+06
666206
769711
670407
587497
960849
-499994
-497110
-1.03432e+06
-481051
150576
197288
926524
26578.7
-934448
-835485
-812406
-1.13851e+06
-696058
-727681
-2.00213e+06
-553988
650091
631209
1.06441e+06
695934
782342
697306
628225
979545
-510658
-478022
-1.04767e+06
-469745
143716
210019
925779
24396.6
-978595
-870718
-910340
-1.18963e+06
-675968
-699237
-1.99633e+06
-522458
724866
696777
1.20733e+06
782075
851960
756853
728949
1.05958e+06
-420966
-411831
-926941
-377617
185114
234006
980375
69802.8
-963268
-864444
-877372
-1.17003e+06
-635148
-671036
-1.947e+06
-471707
800932
774840
1.34205e+06
846228
898871
806597
817080
1.09916e+06
-382533
-368926
-874258
-348226
211455
262019
1.01505e+06
85577.6
-951330
-844318
-872186
-1.16714e+06
-583112
-620762
-1.88125e+06
-419048
895405
868304
1.51353e+06
926560
960058
863964
920089
1.15677e+06
-332415
-321456
-790809
-302891
250234
297880
1.10994e+06
99504.8
-944573
-845408
-846992
-1.18891e+06
-536036
-573157
-1.79367e+06
-391160
959228
908861
1.64738e+06
1.0014e+06
992798
878654
987906
1.18294e+06
-342989
-361068
-823400
-312449
240032
276396
1.11316e+06
107202
-999302
-902808
-897319
-1.22687e+06
-487829
-543444
-1.72536e+06
-323940
571837
460327
-77512.3
810735
505531
411567
-940.452
702913
852757
808785
1.44353e+06
883303
1.49747e+06
1.48302e+06
3.23292e+06
1.4199e+06
-371761
-292477
134507
-558949
-764079
-729307
-1.37192e+06
-796623
581984
476413
-21309.4
814350
509398
427350
32840.2
728392
868952
835095
1.50156e+06
912878
1.52556e+06
1.5096e+06
3.31011e+06
1.45018e+06
-348976
-267761
195048
-539835
-728995
-686997
-1.2615e+06
-753014
572520
453819
6271.33
787833
538639
427733
68587.2
727420
864445
811642
1.53345e+06
881192
1.53747e+06
1.51888e+06
3.39799e+06
1.44303e+06
-410761
-327989
158613
-619962
-757668
-725371
-1.29759e+06
-800057
575127
469488
46931.4
796624
525387
433893
85314.6
715673
862479
826081
1.56218e+06
879084
1.53896e+06
1.53305e+06
3.4474e+06
1.44376e+06
-429742
-337230
143618
-636770
-769764
-723687
-1.2912e+06
-809571
602878
498675
101642
827340
548912
469416
177985
747929
872609
847319
1.60015e+06
898926
1.55034e+06
1.5513e+06
3.49588e+06
1.45387e+06
-466855
-369688
98444.8
-676754
-737542
-687865
-1.23415e+06
-762139
592568
489968
67624.9
839662
574239
475046
164152
805436
900571
866510
1.64695e+06
953731
1.56683e+06
1.56454e+06
3.51859e+06
1.48765e+06
-456639
-358379
132592
-653662
-751531
-713084
-1.27251e+06
-765398
639508
537753
70483.7
895031
614650
522604
145044
847354
953026
927329
1.666e+06
999220
1.61689e+06
1.61701e+06
3.51116e+06
1.54585e+06
-394765
-286342
197696
-584493
-731666
-690577
-1.31234e+06
-743420
662445
553061
106009
918614
615856
515076
135139
868947
1.00741e+06
969267
1.75616e+06
1.06639e+06
1.66745e+06
1.64388e+06
3.56352e+06
1.60861e+06
-334927
-242207
290812
-528967
-709247
-682745
-1.26884e+06
-714602
701639
592340
117242
971337
665570
555295
134324
917299
1.04978e+06
1.01442e+06
1.78143e+06
1.11722e+06
1.72982e+06
1.71689e+06
3.62382e+06
1.68622e+06
-313784
-205975
315360
-494992
-689119
-655520
-1.32465e+06
-675505
721692
603290
180721
973740
644403
534030
121980
875138
1.10157e+06
1.05961e+06
1.90525e+06
1.15006e+06
1.75589e+06
1.7334e+06
3.68658e+06
1.69544e+06
-286414
-194560
379416
-484809
-697499
-669320
-1.32076e+06
-705550
750712
629124
248433
1.00912e+06
630278
517816
152379
872812
1.14465e+06
1.09834e+06
1.98957e+06
1.21422e+06
1.78297e+06
1.75283e+06
3.74497e+06
1.73499e+06
-301230
-215009
370638
-502313
-681681
-665508
-1.27728e+06
-679717
736660
602283
200550
993845
611911
471473
40256.3
859524
1.15766e+06
1.08847e+06
1.97889e+06
1.2256e+06
1.78057e+06
1.73133e+06
3.68896e+06
1.73246e+06
-302924
-231988
375479
-518053
-742743
-744677
-1.41896e+06
-749980
723385
603862
178479
992732
589388
482913
4662.66
836504
1.12272e+06
1.07907e+06
1.93621e+06
1.18728e+06
1.78438e+06
1.77068e+06
3.7117e+06
1.75039e+06
-319874
-218661
409359
-512518
-779476
-742883
-1.46257e+06
-784664
728893
592637
172073
965879
579987
455771
-12892.7
801350
1.13664e+06
1.07428e+06
1.93206e+06
1.17564e+06
1.85374e+06
1.80935e+06
3.82061e+06
1.78478e+06
-316289
-235583
395945
-550562
-733618
-722527
-1.38118e+06
-770579
704278
596400
205596
963359
587927
494562
78010.1
815380
1.1258e+06
1.09556e+06
1.99797e+06
1.1841e+06
1.88764e+06
1.88996e+06
4.00227e+06
1.84263e+06
-359888
-232152
440129
-562910
-749642
-695449
-1.33432e+06
-759086
727777
610187
200524
998344
593792
495640
80768.6
832213
1.1499e+06
1.10632e+06
1.97848e+06
1.22297e+06
1.95772e+06
1.93586e+06
4.09894e+06
1.91473e+06
-350689
-251225
374945
-555603
-687819
-655187
-1.2829e+06
-683939
727614
578096
134514
981004
582990
459980
34683.6
801862
1.13532e+06
1.06658e+06
1.88292e+06
1.19758e+06
1.96568e+06
1.92198e+06
4.07966e+06
1.90952e+06
-426566
-348733
188336
-651817
-681391
-681118
-1.34318e+06
-685158
670188
549809
46310.5
911982
564362
448678
-19729.7
766746
1.11864e+06
1.06704e+06
1.86095e+06
1.17124e+06
1.97391e+06
1.94618e+06
4.10751e+06
1.89762e+06
-463734
-362408
173697
-710321
-734816
-717282
-1.42772e+06
-767518
665251
525471
51788.5
915971
594402
469269
50597
816561
1.13207e+06
1.06435e+06
1.92698e+06
1.18048e+06
2.03135e+06
1.98804e+06
4.2333e+06
1.96281e+06
-445889
-356109
259005
-683473
-748938
-739934
-1.40429e+06
-775995
616980
508547
-21911.8
871803
574881
469992
17740.6
812425
1.09793e+06
1.0508e+06
1.88703e+06
1.15238e+06
2.05288e+06
2.01887e+06
4.28686e+06
1.9853e+06
-471512
-367793
219028
-721851
-772382
-743226
-1.40268e+06
-799195
583777
450264
-125660
842950
570301
446602
-40615.5
800938
1.05817e+06
1.00074e+06
1.80164e+06
1.11331e+06
2.06521e+06
2.03119e+06
4.31729e+06
2.00441e+06
-538177
-428097
107979
-767120
-813111
-791115
-1.50497e+06
-836047
529956
406318
-275610
805928
551159
435642
-111361
794060
1.00722e+06
958789
1.69163e+06
1.06449e+06
2.06334e+06
2.0305e+06
4.29682e+06
2.00432e+06
-588871
-489859
-36712.3
-825899
-864438
-836951
-1.62537e+06
-879493
502233
376822
-398653
777544
518013
403779
-206559
762901
959002
912517
1.56118e+06
1.02368e+06
2.05311e+06
2.01933e+06
4.24372e+06
1.99936e+06
-689711
-590194
-261281
-936034
-896713
-868855
-1.73143e+06
-907447
530795
417635
-357163
836422
584183
463036
-126351
856011
1.00749e+06
963814
1.64348e+06
1.09619e+06
2.13753e+06
2.1093e+06
4.38779e+06
2.10237e+06
-684151
-563087
-189472
-921883
-876294
-842994
-1.70189e+06
-868991
538165
401732
-363555
822157
578260
451952
-132713
829730
1.01117e+06
950468
1.64633e+06
1.06828e+06
2.14857e+06
2.1025e+06
4.41987e+06
2.09104e+06
-687775
-573039
-144310
-943329
-904373
-879328
-1.72564e+06
-917469
548312
415280
-339242
844971
579714
468500
-113844
853328
1.03194e+06
983453
1.69311e+06
1.09931e+06
2.16923e+06
2.12988e+06
4.4588e+06
2.11941e+06
-656889
-534519
-57576.2
-910816
-894548
-862078
-1.67072e+06
-897302
550740
408823
-347789
836824
607244
471580
-90770.6
857890
1.03782e+06
975498
1.71618e+06
1.09343e+06
2.20552e+06
2.15643e+06
4.53275e+06
2.14954e+06
-682182
-560565
-60681.1
-951020
-916037
-891768
-1.72968e+06
-933635
556596
422380
-343061
856573
609817
484618
-85631.3
871056
1.06905e+06
1.01427e+06
1.76972e+06
1.13527e+06
2.21339e+06
2.17285e+06
4.55913e+06
2.16376e+06
-651030
-530721
-1446.03
-916391
-924858
-889632
-1.71563e+06
-940509
596740
460476
-304390
910732
629424
514114
-38104.6
895649
1.12245e+06
1.07052e+06
1.82483e+06
1.19487e+06
2.26525e+06
2.22481e+06
4.63381e+06
2.21183e+06
-649643
-520539
3976.77
-916280
-888576
-852567
-1.64982e+06
-898840
586388
447916
-344410
893045
647278
517539
-28545.2
920036
1.14247e+06
1.08768e+06
1.88737e+06
1.21814e+06
2.28424e+06
2.24515e+06
4.69024e+06
2.23116e+06
-641904
-513065
64538.3
-919385
-922812
-895341
-1.69944e+06
-945758
597454
476475
-336366
928599
687930
574256
6597.31
979079
1.1753e+06
1.12594e+06
1.93664e+06
1.25378e+06
2.32772e+06
2.29742e+06
4.76022e+06
2.28502e+06
-588992
-439748
176705
-843219
-948231
-897966
-1.72282e+06
-967974
632436
476518
-330995
959206
733463
589057
34832.8
1.0378e+06
1.19384e+06
1.11492e+06
1.92703e+06
1.27002e+06
2.36721e+06
2.30029e+06
4.81021e+06
2.31151e+06
-526867
-419505
236001
-799430
-938783
-918276
-1.71111e+06
-964197
617798
492392
-350852
963250
754435
627933
46495.8
1.06071e+06
1.17402e+06
1.12661e+06
1.93103e+06
1.25822e+06
2.38712e+06
2.3657e+06
4.89723e+06
2.35417e+06
-564782
-403969
234305
-813280
-985601
-928669
-1.79704e+06
-994066
689390
548124
-279154
1.03756e+06
826292
693495
145103
1.13541e+06
1.21639e+06
1.16029e+06
1.97652e+06
1.30137e+06
2.45704e+06
2.4139e+06
5.0108e+06
2.41144e+06
-472933
-341492
345502
-725617
-957381
-913443
-1.7787e+06
-970863
723099
548340
-289478
1.09511e+06
858656
697207
163872
1.1882e+06
1.22324e+06
1.14336e+06
1.93676e+06
1.32655e+06
2.46863e+06
2.40495e+06
4.99744e+06
2.43634e+06
-492042
-394189
241586
-736998
-956851
-942597
-1.8335e+06
-949159
689981
525619
-368042
1.04763e+06
856806
682193
104339
1.17947e+06
1.2359e+06
1.15658e+06
1.95103e+06
1.33176e+06
2.47864e+06
2.41613e+06
5.01424e+06
2.42892e+06
-514706
-416135
220784
-790866
-1.02237e+06
-1.00896e+06
-1.9572e+06
-1.03805e+06
695056
627149
798423
810993
-666377
-629205
-1.06664e+06
-703044
693257
694678
1.49969e+06
670700
1.78186e+06
1.69286e+06
2.92349e+06
1.89603e+06
-363999
-237888
764201
-676603
-260831
-302759
-1.04237e+06
-151951
681473
599765
728413
823666
-645626
-627385
-1.10658e+06
-661233
707146
688793
1.49674e+06
695876
1.80765e+06
1.70372e+06
2.93055e+06
1.93956e+06
-383541
-263056
730406
-676954
-295589
-354650
-1.13491e+06
-179751
689580
624862
665380
839516
-621033
-593675
-1.13076e+06
-629112
690916
688008
1.43483e+06
683834
1.84397e+06
1.74977e+06
2.95311e+06
1.97394e+06
-423959
-289708
609273
-720146
-311550
-347718
-1.22018e+06
-184963
659871
581769
619798
804340
-657915
-630932
-1.16271e+06
-672329
629720
631180
1.38068e+06
606237
1.79903e+06
1.71013e+06
2.92693e+06
1.9189e+06
-499036
-362769
503356
-794729
-331125
-373582
-1.25127e+06
-202308
646769
580880
584813
769711
-645851
-607220
-1.14903e+06
-697470
624539
631697
1.384e+06
568844
1.81701e+06
1.73341e+06
2.95407e+06
1.92279e+06
-531263
-383130
458192
-854564
-347230
-372316
-1.28671e+06
-243108
639464
560042
562573
755235
-671205
-649642
-1.17024e+06
-726853
614885
612050
1.37213e+06
562567
1.82706e+06
1.72778e+06
2.96386e+06
1.92938e+06
-544930
-415435
420268
-878249
-328321
-377700
-1.2445e+06
-239526
616014
541953
570739
758458
-725482
-695444
-1.21728e+06
-748676
606787
610426
1.38974e+06
575654
1.82794e+06
1.73009e+06
3.00789e+06
1.94755e+06
-575387
-436493
409011
-895172
-362629
-409313
-1.26344e+06
-236667
615019
535971
525146
740667
-738979
-720511
-1.31639e+06
-781623
637242
625008
1.40053e+06
584214
1.86282e+06
1.74902e+06
3.00847e+06
1.97284e+06
-565688
-426366
428223
-901766
-404264
-462331
-1.37684e+06
-305849
627389
542152
570225
764576
-749700
-738088
-1.29788e+06
-782406
647254
633168
1.48217e+06
601382
1.90256e+06
1.78541e+06
3.11686e+06
2.01892e+06
-590738
-454765
442500
-930572
-450980
-508385
-1.43712e+06
-337957
605103
532353
539160
742897
-810346
-779583
-1.38599e+06
-845476
609494
614170
1.43141e+06
557841
1.8777e+06
1.77653e+06
3.06447e+06
1.99964e+06
-614486
-458038
411830
-948319
-476288
-523897
-1.51995e+06
-348685
622907
555881
546190
786984
-808633
-764008
-1.40554e+06
-827624
624489
634106
1.44235e+06
596577
1.92846e+06
1.83704e+06
3.11679e+06
2.08679e+06
-576153
-411148
480512
-880363
-478760
-506612
-1.5574e+06
-323472
629735
550947
518806
787264
-851174
-820064
-1.48711e+06
-879719
647482
646395
1.4259e+06
626622
1.97445e+06
1.86504e+06
3.14112e+06
2.12628e+06
-557832
-414440
475557
-880246
-442367
-490522
-1.52599e+06
-299750
605937
512139
430314
739015
-899672
-869991
-1.59797e+06
-933661
613904
606153
1.33046e+06
579358
1.9842e+06
1.85967e+06
3.14166e+06
2.11834e+06
-590795
-462213
392670
-936183
-408469
-467970
-1.52399e+06
-271267
567170
481316
410734
706456
-914500
-883055
-1.61865e+06
-940977
601630
596580
1.33401e+06
574405
2.01685e+06
1.89589e+06
3.21636e+06
2.16246e+06
-636598
-495331
387905
-977007
-421004
-478104
-1.51715e+06
-282996
554378
492200
421737
679849
-937005
-884160
-1.62238e+06
-973106
579328
591580
1.33265e+06
537014
2.03946e+06
1.9347e+06
3.30093e+06
2.16703e+06
-696390
-537460
314996
-1.05651e+06
-406043
-439135
-1.47155e+06
-265953
544414
466638
444995
650188
-961595
-915919
-1.61566e+06
-1.0137e+06
547801
555577
1.31693e+06
493050
2.05852e+06
1.95055e+06
3.35895e+06
2.18624e+06
-739357
-581974
285748
-1.1082e+06
-334920
-386169
-1.35099e+06
-198319
515911
455930
460268
617104
-959660
-896598
-1.57636e+06
-1.02508e+06
553772
568240
1.34562e+06
489742
2.11546e+06
2.01401e+06
3.46969e+06
2.24983e+06
-753252
-575535
336135
-1.1292e+06
-318992
-353059
-1.28283e+06
-183687
489722
422944
421011
570049
-1.00008e+06
-951839
-1.65039e+06
-1.08297e+06
549566
558499
1.31707e+06
483162
2.14232e+06
2.02335e+06
3.48089e+06
2.26197e+06
-775887
-616094
288097
-1.18019e+06
-287873
-339763
-1.22878e+06
-175149
472528
430627
428432
592393
-1.02607e+06
-961927
-1.66363e+06
-1.0826e+06
534444
549795
1.27445e+06
495553
2.11991e+06
2.00932e+06
3.47667e+06
2.25219e+06
-834379
-653955
239687
-1.22445e+06
-292080
-334978
-1.22664e+06
-144376
492013
440661
441632
619121
-1.01154e+06
-958625
-1.64396e+06
-1.06855e+06
535358
539465
1.27744e+06
498715
2.12867e+06
2.01623e+06
3.53061e+06
2.26189e+06
-867481
-683550
238861
-1.26294e+06
-328344
-382002
-1.2789e+06
-186267
492704
439177
420973
615384
-1.05501e+06
-1.0043e+06
-1.69622e+06
-1.12439e+06
479858
482772
1.1832e+06
432397
2.099e+06
1.98299e+06
3.52133e+06
2.20386e+06
-973137
-792284
75530.3
-1.39429e+06
-401775
-452599
-1.41757e+06
-268471
504210
452318
420045
642028
-1.08758e+06
-1.02308e+06
-1.73871e+06
-1.15373e+06
418849
428832
1.06442e+06
375351
2.05194e+06
1.94909e+06
3.45959e+06
2.16238e+06
-1.03544e+06
-832443
-24304
-1.43633e+06
-418783
-464541
-1.48222e+06
-264633
541545
486708
442208
665898
-1.07565e+06
-1.01512e+06
-1.73236e+06
-1.16711e+06
395418
404104
1.01557e+06
337998
2.05782e+06
1.95586e+06
3.4681e+06
2.16172e+06
-1.02995e+06
-825718
-24108.1
-1.44472e+06
-434699
-477120
-1.54893e+06
-302767
601123
537054
521648
735844
-1.0832e+06
-1.02613e+06
-1.72533e+06
-1.16777e+06
423691
432596
1.01559e+06
391391
2.09924e+06
1.99334e+06
3.52586e+06
2.21083e+06
-990555
-800490
29883
-1.40877e+06
-380135
-434166
-1.44751e+06
-243192
629266
559012
576586
767419
-1.07735e+06
-1.0203e+06
-1.70895e+06
-1.15374e+06
473944
483653
1.10262e+06
447846
2.12218e+06
2.02286e+06
3.60537e+06
2.23655e+06
-969605
-776074
93202.3
-1.38862e+06
-348676
-399255
-1.41346e+06
-187923
624511
565597
552325
770145
-1.06668e+06
-1.00238e+06
-1.71059e+06
-1.14558e+06
516494
527464
1.16639e+06
486796
2.12827e+06
2.03603e+06
3.61781e+06
2.23572e+06
-973475
-761325
132521
-1.39521e+06
-384777
-433555
-1.49383e+06
-235277
646901
575293
544141
792983
-1.04814e+06
-999833
-1.69661e+06
-1.12851e+06
546560
547247
1.20078e+06
526953
2.15236e+06
2.04922e+06
3.6627e+06
2.25819e+06
-983894
-784126
101856
-1.41414e+06
-384387
-440250
-1.54041e+06
-221735
680045
606891
622720
827184
-1.02286e+06
-970161
-1.62008e+06
-1.10604e+06
598881
601294
1.29824e+06
579304
2.17741e+06
2.07963e+06
3.73773e+06
2.28228e+06
-941371
-737160
195554
-1.36422e+06
-312318
-373591
-1.45057e+06
-132613
681390
583507
607437
822629
-1.01951e+06
-982832
-1.60946e+06
-1.10842e+06
612402
596365
1.32357e+06
596310
2.19434e+06
2.08831e+06
3.7761e+06
2.31428e+06
-954141
-772016
186911
-1.38304e+06
-331427
-406344
-1.51995e+06
-148758
604962
525010
516622
749120
-1.10713e+06
-1.05085e+06
-1.69275e+06
-1.19352e+06
591298
586144
1.29016e+06
587059
2.17694e+06
2.08077e+06
3.77118e+06
2.29446e+06
-1.01447e+06
-813033
131309
-1.44184e+06
-355522
-423757
-1.53829e+06
-170971
571918
523285
467033
716938
-1.15146e+06
-1.06055e+06
-1.76132e+06
-1.22638e+06
578754
592109
1.24533e+06
568914
2.2046e+06
2.10803e+06
3.7919e+06
2.30741e+06
-1.0369e+06
-823448
94453.2
-1.48413e+06
-338556
-383329
-1.53812e+06
-136308
610983
547575
525814
753041
-1.10279e+06
-1.0366e+06
-1.72115e+06
-1.18207e+06
629645
622842
1.32381e+06
616019
2.26669e+06
2.1549e+06
3.88845e+06
2.3725e+06
-1.02259e+06
-818337
168972
-1.48625e+06
-302760
-371334
-1.49269e+06
-111398
652152
594873
634596
803532
-1.07685e+06
-1.00829e+06
-1.64332e+06
-1.14266e+06
656083
656259
1.4285e+06
648537
2.33162e+06
2.22715e+06
4.05288e+06
2.43853e+06
-1.02564e+06
-811205
245107
-1.49545e+06
-266524
-324521
-1.40166e+06
-54372.3
728526
664016
782822
860557
-1.02901e+06
-960042
-1.55533e+06
-1.1055e+06
715110
709382
1.54064e+06
690377
2.41112e+06
2.29724e+06
4.18686e+06
2.51156e+06
-956662
-742413
399809
-1.43902e+06
-145745
-216849
-1.23111e+06
66610.9
772061
708781
861347
909142
-990413
-914843
-1.51031e+06
-1.06589e+06
746170
748342
1.59252e+06
727032
2.47513e+06
2.36841e+06
4.29162e+06
2.59126e+06
-941043
-724394
463313
-1.42487e+06
-114071
-178008
-1.19649e+06
100711
783657
730492
899093
928866
-999290
-915750
-1.50798e+06
-1.06481e+06
762560
774744
1.61584e+06
758248
2.50995e+06
2.40929e+06
4.34602e+06
2.63088e+06
-966046
-732671
457640
-1.44866e+06
-65362.1
-126372
-1.11265e+06
159736
551233
506138
516971
678928
182236
190302
356495
185781
816960
776404
1.22047e+06
895109
258921
354128
1.55358e+06
47009.9
-430510
-363243
-479821
-486338
220286
259291
812604
142212
563310
510180
531593
689527
206685
214342
425280
211027
809060
773404
1.2357e+06
878808
289431
378009
1.63541e+06
62255.8
-414074
-359669
-443517
-483706
231150
260573
851039
140422
540266
479353
477728
657083
195598
185520
370540
201665
822710
778843
1.22231e+06
910812
284516
375996
1.64057e+06
58343.4
-406482
-356408
-469132
-466294
209098
234560
834901
103845
554967
496302
483940
685807
218312
197373
368538
221520
872864
812451
1.2534e+06
974915
338196
423758
1.71587e+06
125346
-337757
-293096
-376246
-385249
228507
257307
871788
131233
558261
480809
457451
700111
205762
179979
341615
220625
884340
815535
1.22764e+06
1.00391e+06
384874
460288
1.78737e+06
182111
-289755
-263351
-325516
-320787
251534
268737
915742
154912
524080
465107
367710
662516
196482
177179
293787
206363
893046
829642
1.20349e+06
1.01347e+06
427116
509799
1.82977e+06
225446
-270456
-227570
-324884
-298868
226075
259380
873027
122529
534078
453131
361293
682452
182760
173699
296360
201818
882653
807447
1.16626e+06
993351
464594
531782
1.87864e+06
263006
-255403
-232577
-320861
-272096
224970
256960
894216
132245
518395
432151
306447
675279
213773
204340
337944
251639
863262
793085
1.14341e+06
978513
492714
552948
1.9174e+06
296132
-280709
-274924
-390973
-299127
233205
257282
898623
139861
484304
395525
253818
600064
219313
189114
332718
224364
875965
799835
1.1608e+06
982204
499030
557458
1.92379e+06
287658
-343552
-331794
-494490
-392138
191876
215750
861865
56458.9
445082
390244
235968
579022
196916
187722
304003
198157
866587
803149
1.15027e+06
978867
508828
588065
1.95286e+06
305279
-357641
-316572
-475510
-392853
175484
230525
879825
53319.4
473747
397649
251917
599398
230488
214385
351701
235362
895008
824483
1.17913e+06
1.01132e+06
574542
640587
2.05422e+06
376598
-324663
-310621
-426926
-371789
222999
267757
961360
94985.7
449465
385003
238255
570934
232515
214381
368066
229727
898714
829796
1.21402e+06
1.00581e+06
623512
690423
2.13471e+06
423507
-361457
-322683
-445441
-412711
211537
261020
966734
76426.2
465223
392965
256849
589678
227554
217162
395827
232377
897220
822660
1.1997e+06
1.00054e+06
630070
686102
2.15152e+06
429072
-349785
-318894
-463909
-394757
228900
269102
1.01466e+06
103151
474469
407931
266512
615217
242399
241365
434169
265771
880872
810426
1.15725e+06
993856
615694
668827
2.12015e+06
416366
-368601
-345008
-529820
-411620
227461
268301
999070
111122
505698
430110
309987
639063
301998
284926
522165
317934
912113
841656
1.20392e+06
1.03076e+06
614802
676132
2.13817e+06
409265
-381525
-351321
-543770
-427378
197118
237002
959513
70924.2
471580
405534
272011
596425
282805
271519
508043
282503
884924
823811
1.17761e+06
996395
590937
667197
2.12497e+06
388241
-403489
-364767
-551999
-452765
166968
215259
905869
41693.8
456022
384272
244288
587024
292098
281198
537778
304186
886818
825671
1.19255e+06
1.0059e+06
598626
670192
2.1455e+06
398371
-412375
-382185
-549372
-465780
143073
189874
875699
20989.1
442032
376966
231068
559621
305126
292909
576695
297634
881906
820738
1.20231e+06
985077
594219
669100
2.1537e+06
380161
-456130
-409754
-598528
-519190
96006
146851
781405
-35221.7
441494
378514
253477
565924
287155
285900
573028
289288
897203
829396
1.22524e+06
1.00207e+06
619307
691316
2.21695e+06
412882
-450680
-412400
-610330
-500359
125447
182236
848667
8411.74
457434
403578
288485
590517
318168
325244
622495
340121
918193
857926
1.26629e+06
1.03208e+06
659187
729067
2.28709e+06
457441
-441847
-409334
-607811
-493051
181936
237770
948150
67561.2
464299
397041
334297
557991
319609
303570
613335
310185
967768
894499
1.34487e+06
1.06866e+06
670325
735409
2.33677e+06
438052
-463132
-429491
-617559
-544167
154653
204865
948763
1124.3
417370
362905
285556
526398
281255
273659
540622
279992
948570
881572
1.31148e+06
1.0612e+06
649762
731857
2.32612e+06
431301
-490460
-444473
-636518
-551077
152557
211870
945596
23304.1
386633
331213
206998
493980
251042
248410
453824
263255
962280
897830
1.28269e+06
1.09359e+06
676077
755964
2.35228e+06
466562
-493417
-456578
-690009
-551690
176058
234165
959148
54798.7
348291
290809
150624
443413
224728
208898
377212
225662
976069
899008
1.29216e+06
1.09732e+06
694952
768450
2.38216e+06
474166
-538810
-493686
-760384
-602963
166620
217934
901519
43596.7
349414
299550
161592
474106
215677
211990
390177
240838
958055
880637
1.27805e+06
1.08481e+06
690243
762096
2.39002e+06
481181
-548477
-500195
-760301
-597992
178310
226930
921242
73861.5
388684
333163
186532
530611
254953
254188
447049
300332
946684
873250
1.25801e+06
1.07584e+06
713124
775925
2.41473e+06
505058
-540453
-496048
-745325
-591189
198882
239710
934821
102637
392063
315761
167456
497659
284607
255599
452044
305843
945593
864676
1.25765e+06
1.05614e+06
702977
759880
2.3999e+06
466757
-564531
-523960
-764805
-646744
180051
207171
885538
54299.4
345625
289963
116007
452766
266643
248539
417226
286588
910981
841359
1.22447e+06
1.02574e+06
672779
745277
2.36936e+06
449572
-582766
-530532
-749329
-665639
151503
194038
846294
32365.7
344630
282414
86371
451367
288309
268328
423344
319781
909288
842009
1.20765e+06
1.02343e+06
677524
745394
2.33955e+06
454644
-576284
-527525
-724687
-669813
156148
194997
828930
38398
334284
271782
85788.3
438428
315198
283098
457015
343647
902268
829957
1.23102e+06
1.00818e+06
674726
742058
2.35005e+06
448661
-597825
-539146
-704543
-698139
131215
168449
784648
11914
323592
267828
84060.1
434592
288719
268540
420709
315908
909894
834381
1.24765e+06
1.00544e+06
661565
720704
2.36891e+06
419774
-599694
-554244
-726081
-698598
150577
194046
848893
33999.1
315175
261893
58851.8
427172
289133
274847
411819
327390
891428
820684
1.24084e+06
977417
625309
683395
2.33679e+06
369318
-618598
-576203
-787017
-719904
168955
205958
902074
37311.2
333127
284436
80970.8
460314
296399
275791
370526
355843
941030
883081
1.32392e+06
1.06345e+06
600143
678571
2.32457e+06
355153
-601360
-544549
-775498
-679051
168050
221411
942810
44902.7
344959
283126
102644
460906
317418
278147
379460
356998
980435
898176
1.3829e+06
1.08597e+06
593591
667606
2.35374e+06
336170
-579758
-539364
-729956
-666271
216122
263921
1.03668e+06
93442.7
329767
284037
93001.5
449753
292300
274815
366201
340527
1.00612e+06
944577
1.44646e+06
1.12437e+06
576820
666809
2.38095e+06
316688
-583172
-535285
-730222
-672167
271867
329212
1.16631e+06
152704
338698
282843
95302.4
462667
309118
273053
357988
360111
1.05308e+06
977923
1.52768e+06
1.17114e+06
591850
677425
2.4324e+06
321568
-589076
-539689
-732353
-671636
318050
363847
1.20886e+06
204695
