2434.57
726.906
743.876
523.966
305.47
-619.426
-1845.55
-260.215
-2942.98
-3044.8
29.6985
-1600.89
12749.8
9613.12
3896.87
4243.35
23862
20185.8
8494.47
11375.9
15622.1
12368.7
11718.2
8333.25
7538.47
5453.21
11377.3
1038.74
5294.82
3089.35
3782.31
-1168.14
7666.45
4880.45
7.77817
340.825
3565.94
504.874
-964.494
-207.182
16815.7
14801.2
2985.4
7346.84
49355.3
39112.2
28306.2
19455.3
37698
32292.2
25568.3
21910.4
9779.29
7645.24
1663.12
5516.85
3754.03
2068.99
-6154.66
-1128.54
-22664.9
-20098.8
-12809.2
-13683.9
14469.5
11767.7
-331.633
3566.65
68792.3
57352.7
34240.2
32787.8
69260.4
57993.4
33700.7
34033.8
8329.72
5992.02
-7889.9
2154.55
-34653.2
-29523.1
-27918.7
-16016.7
-35975.5
-31873.5
-19526.8
-16041.4
22580.7
16400.6
4871.97
5555.74
52982.1
43042.3
21257.8
28373.4
58494.7
49064.7
37673.9
25099.5
11893.5
7813.53
-5343.61
-6495.48
-25882.2
-24249.5
-27189
-23059.5
-55406.8
-48291.2
-35467.1
-30585.2
34588.1
28326
-300.52
9485.84
100545
80951.7
38475.8
36536.2
100729
85591
66063.6
51297.8
39218.3
31248.5
14273.7
10833.6
5680.19
635.689
-12105
-11501.1
-40184.9
-35988.2
-27340.3
-28026.9
50592.8
41642.9
4879.74
17768.9
129590
105165
60060.2
54025.8
100209
83819.7
67860.3
55603.3
54468.4
43322.3
26947.1
22490.2
40455
30649.5
4236.28
8712.97
-4483.06
-5720.49
-12370.1
-11501.8
74894.6
58891.4
16832.7
20708.3
150597
124360
71860.4
68921
105063
88339.6
74956.9
59193.3
90906.4
74606.1
47364.8
43011.9
83078
65229.2
24028.9
30842.6
28541
20989.1
-369.11
6361.84
110656
89570.6
33480.1
40363.1
196494
161871
90130.7
90857.6
99053.6
84612.4
72709
62451
94119.4
77621.2
46015.7
48594.5
48497.6
38940.4
14865.5
16678.5
24388.8
19067.1
152.028
3609.07
113362
91174.3
40385.7
42866.9
191285
159293
86311.6
90583.2
100971
85606.6
71738.8
60277.3
77862.4
63863.8
38369.7
40143.9
28760.9
23229.9
9298.45
14557.2
6694.89
3965.45
-2832.67
2235.87
109297
88089.2
47519.7
45235
157862
130024
71690
77559.7
75042.4
65771.5
64652.2
43527.4
102981
85209.2
48699.9
43656.8
28911.5
21976.9
9150.67
10486.4
19984.3
14549.4
-4574.27
931.26
139786
115817
57760
59426
188693
155938
83164.9
83410.3
126373
107807
89350
71107.4
156272
128029
71262.2
68802.2
53787.5
42871.2
20830
17470.5
64028.5
51142.9
16547.7
17686.2
175220
144932
75697.9
75559.3
209811
173820
93260.3
94161.9
108681
92265.4
81325.1
67690.6
148584
122416
71757.2
69312
66787.6
54591.5
28053.8
27930.7
84224.2
69011.5
29716.2
33593.9
188266
155391
86936
86197.7
208934
173566
102876
99258.7
101597
86611.4
82216
60748.3
160353
132165
78638.8
73290.2
112074
90843.4
44002.5
46251.9
97688.2
78544.7
30960.7
38171
209732
173537
95137.7
93959.6
249942
207166
121964
116039
112663
96056.9
81201.3
70850
180676
149267
80825.8
83576.5
140600
114715
48954.4
54293.1
107260
87596.4
30020.2
38511.2
229489
188612
101567
101641
280460
233895
131864
130400
111077
95023.8
70688.1
66741.7
170088
141236
70062.3
77952.2
138026
112457
41851.5
55990.8
93438.5
75276.5
22022.1
35682
236379
194007
105829
105378
280101
232296
127198
131803
83348.1
70463.2
63114.9
47494.2
187556
152808
80335.8
80265.8
171418
136986
54897.6
65486.6
118710
93804.8
25386.5
38661.8
271945
223772
116911
122510
331123
273259
150368
149149
93963.2
79089.2
72328.5
56586.2
197189
160961
88131.7
85484.3
183621
145726
58352.6
67038.7
135385
107478
33755.2
43949.5
270701
222143
115232
120693
343412
284070
160293
157410
76951.6
67803.1
62709.1
51144.3
214176
176913
98352.2
97949.1
216320
175513
71308.2
84738.3
181270
146375
53525.9
64314.9
303006
249438
128116
130490
372262
308404
175331
172470
89660.4
77489
64983.1
55213.7
217749
179776
104129
105126
258955
209370
88126.7
106507
224957
181769
73153
88601.9
337198
276583
141256
149296
407378
336832
192540
191539
80625
70335.2
53583.8
49105.7
181985
151138
86425.4
88464
227645
185303
76653.2
87818.4
218340
178385
76347
82815.6
323943
265446
136943
139205
385049
320324
184563
181340
104537
89742.5
56702.2
55868.5
163631
137456
83413.9
83309.9
224502
183363
78951.3
95077.6
237304
195078
91947.9
100836
347081
285996
154822
153388
381700
317585
187030
185538
83322.6
70087.7
47268.7
41078.7
147198
122194
77160.2
74157.8
230081
184559
76030.9
96151.7
244285
198591
93589.1
105121
362574
298482
157742
164065
383236
317683
187592
185706
108707
90171.7
53611.4
50507.9
158557
131297
79388.3
74397.5
226326
181417
69254
84443.4
261038
214100
104133
105908
380854
312881
161876
164783
375580
312685
186502
179153
144190
116613
57458.8
63644.6
178973
146742
81385.9
83780.8
247808
198508
75328.1
93218.6
266627
217787
104053
117046
396953
324487
164678
173967
369014
305738
179718
179628
158837
128924
64890.5
64965.4
194958
160945
89137.9
88341
287557
232381
95243.7
109153
249974
203688
95437.5
107464
383002
313740
160981
165714
377051
311462
176490
176401
182902
148003
69077.3
83284.5
204209
167816
86148.2
98475.9
306652
248316
107279
123552
203476
166567
78528.5
90344.2
372929
305062
160329
166422
356230
294557
163260
170259
209296
168851
69365.1
86704.7
207746
170387
80941.1
93480.2
319883
259901
114167
130151
180454
148294
67189.3
81208.4
372869
305109
163347
165701
334766
275022
144830
155756
170442
137037
55881.2
62050
188185
153527
75358.5
78242.1
330422
268555
123805
135081
143046
115165
49589.4
58213.3
356293
293084
155723
159631
328490
269017
138221
145623
211675
168296
68819.9
81652.4
225214
182002
84946.2
93915.8
367397
298314
137880
150478
150677
122053
52396.6
60447
368374
302991
161121
165185
317024
258924
128688
140894
207225
167292
63195.5
82830.5
232751
189005
88217.9
98888.2
390687
318527
150684
161997
168709
136910
63064
68498.8
374392
308871
164073
170607
321162
262805
133566
138875
196185
159103
61662.5
77136.2
221928
181809
95872.4
96892
420147
342928
166495
176601
161222
131738
66994.1
70485.8
332552
275663
148709
155205
348119
284877
149895
150887
159402
127258
41511.4
62361.2
176698
143842
76506.1
83606.9
400492
326349
156467
167191
116041
94766.5
55556
52101
266188
218431
120909
123975
325600
266791
139228
145238
186109
148224
49594.3
65279.4
173336
142468
81291.8
79558.7
399039
327208
164035
171146
102905
86178.6
64824.7
53250.8
245683
202721
125574
114301
318518
261438
137995
141853
176746
142107
43689.3
62018.2
160322
133286
80839.3
77293.8
421726
344931
172922
182023
84276.5
71603.8
58057
50998
218836
183638
111608
112021
344066
282520
150530
152396
158157
126571
32189.6
60062.4
141076
118247
74203.1
73278.9
437700
357703
180106
185731
80009.1
69430.8
60468.9
47738.2
180908
152828
92124
94799.7
330273
271840
149543
149219
9837.27
8465.48
5506.24
2513.06
14079.2
14210.7
8037.68
9712.11
-11254.3
-8430.83
-3579.37
1453.81
61523.2
51040.4
23040.4
17027.8
16886.4
13106.9
11829.9
4285.77
42539.5
35822.7
21487.6
14887.4
-31503
-29288.4
-19101.8
-8354.47
1648.27
3453.51
398.808
3496.64
-52123.7
-42073.6
-22227.9
-19803.2
89982.2
69923.7
26866.5
33377.6
33357.1
27136.6
21351.1
17628.9
57165.3
49340.5
31991.6
30541.4
-70670.4
-61423.5
-42454.7
-38774.9
21561.8
16644.6
1563.41
8714.38
-101630
-83274.6
-38313.2
-38568.4
102549
80047.3
20396.5
31179.9
23833
19543
16852.5
12976.8
93002.9
78861.5
43763.5
45114.8
-113064
-96940.8
-71524.6
-59252
-1908.48
-1694.93
-20098.8
-4860.65
-138980
-113178
-61322.4
-54696.8
76644.7
57692.1
-1621.4
18439.2
43958.7
37867.7
20098.8
21548.4
91846.8
77818.5
37507.1
42013.5
-116713
-104768
-87841
-73510.1
7725.14
1161.07
-28791.3
-12162.2
-159080
-131948
-71544.4
-75528.9
82356.7
58685.6
-14294.2
9277.24
77955
63074.6
30933.8
26524.3
134876
109679
47630.7
51591.2
-123757
-109638
-87289.5
-79589.8
17459.2
9786.36
-23139.4
-14382.6
-141727
-118705
-63653.8
-66506.9
111692
83584.3
-108.187
15523.8
127866
102217
58339.1
50083
176729
143123
69644.4
67488.4
-118621
-102206
-83356.6
-72394.3
10997.6
6984.8
-26910.4
-6749.33
-165018
-132764
-71914.2
-69947.7
200282
157456
37154.9
55130.3
117549
99644.1
54213.2
63241.5
188884
155094
74572.2
84110.4
-143741
-122594
-91684.9
-79882.6
12702.5
8968.24
-22924.4
-14630
-179844
-144541
-77440.2
-85043.7
241292
191159
54134
75744.6
101521
85878.1
45726.5
47469.5
205234
169101
83422.3
86066.9
-175032
-148863
-99781.3
-95557
51504.2
35550.5
-2508.11
1170.26
-164664
-134920
-61959.5
-72807.2
272432
215676
66175.3
91002.5
85039.5
70082.8
48397.2
42367
223040
183069
92870.7
101466
-191925
-161899
-107026
-99021.1
60463.3
45157.3
-2443.76
9927.07
-182335
-148772
-77143.2
-77290.3
246229
193768
58643.2
83782.3
89504.2
75782
46949.8
48508.9
166989
137220
65456.9
79338.8
-195174
-165240
-107953
-101876
65136.6
48274.9
-3911.71
9871.21
-195446
-161970
-84671.8
-86795.2
235374
186311
50480.4
80156.9
80034.6
69255.5
44098
43468
137818
111444
46857.1
58036.5
-213220
-179319
-105280
-106491
26773.2
17983.1
-22278.8
-3374.31
-207197
-170474
-94317.4
-97249.8
249911
198802
62656
82188.4
62270.7
53699.8
34016.1
39112.2
116861
92978.2
30828.4
44812.2
-244317
-204063
-118768
-119891
-401.637
-5496.34
-33702.8
-20619.2
-237294
-196934
-105329
-106194
277873
220805
68593.6
97193.9
27000.2
22800.7
18772.3
12596.4
121590
96390
28985.7
39409.2
-235748
-199975
-119947
-112299
34951.6
24193
-17498.1
-5668.17
-227900
-188002
-97892.6
-105070
306960
241459
73726.5
105273
67039.4
55377.8
32816.8
29238.2
163955
130467
45803.5
56750.3
-291721
-244344
-143666
-141294
84559.4
61699.3
-3110.56
10910
-246755
-203633
-98991.4
-108858
287954
225788
60083.6
96035
69923
56142.9
31669.9
28301.2
188033
150795
49865.9
70024.1
-304895
-255378
-148611
-143802
106897
80661.1
8322.65
22352.4
-247960
-203492
-90899.3
-103001
236817
183954
43946.7
77870.8
98476.6
80402.3
45534.1
41176.2
157797
125668
38671
56515.5
-355362
-298369
-170740
-172199
100110
73191.2
725.492
18437.1
-287640
-235440
-100505
-120946
166818
127394
13015.7
45487.5
93047.5
77392.1
43854.8
38817.3
124820
97909.5
17315.6
38723.3
-343874
-287351
-163897
-167678
106992
81254.3
584.777
17332.6
-262226
-213430
-88489.5
-107204
159054
122602
11673.6
41075.8
110209
91006.1
49522.2
47881.7
139917
108938
19253.1
36806.3
-341856
-282962
-162461
-159795
83587.8
62455.9
-6789.64
19267.2
-279838
-225019
-97452.7
-106929
226379
178149
37809
66823.7
95873.1
80830.1
40765.4
49757
167533
130712
24794
51112.5
-379158
-315209
-184408
-175872
52627.1
38092.5
-15162.5
3744.13
-296290
-239389
-105026
-120234
216209
167572
30059.1
63809.3
93147.2
77266.3
34968.6
42746.7
174314
136099
23882.5
51575
-426137
-352488
-198072
-195748
25522.3
14569.9
-14148.5
-3980.3
-338900
-274680
-112610
-133575
220765
172588
33150.6
66494.9
60438.5
48828.6
25191.4
29285.5
185315
144951
32546.7
59879.9
-460967
-381863
-216996
-212754
1770.6
-3594.22
-21143.2
-10917
-333031
-269459
-108748
-125300
181456
138703
16619.8
52523.2
50276
42099.7
18512.1
24809.5
170715
131553
16785.3
48843.4
-483709
-400580
-226824
-226359
-31315.6
-29591.7
-32965.3
-24550
-355006
-287010
-113404
-141603
153055
117442
993.485
37002.9
49467.1
41389.8
16158.1
18683.9
195376
150654
23310.5
50462.7
-504764
-419087
-235932
-237396
-79567.9
-69249.1
-56671.8
-43828.6
-326114
-262727
-101825
-123199
156848
119107
4531.85
35970.5
37502.1
30945.1
9965.26
16969.9
203691
156851
16735.8
54073.2
-507214
-420400
-241727
-237626
-99068.5
-83921.6
-64091.5
-56395.3
-356359
-286358
-112569
-136900
199016
155327
25171.6
55323.3
20910.6
16025.2
1584.63
6134.15
212539
163292
18685.3
56842.9
-502414
-418095
-247716
-240337
-65940.5
-55668.4
-47854.9
-44361.8
-340503
-271876
-103633
-134811
224339
175572
33228.4
66290.6
24550
19961.6
-130.108
5194.41
230991
179558
25844
62666.6
-525307
-437549
-260100
-251444
-22367.2
-23364.2
-28866.2
-25735.9
-345299
-277501
-95726
-129096
237710
185582
40412.6
73872.2
8329.72
3630.99
-4125.26
-1931.82
239320
185507
32720.7
71395.9
-529423
-441484
-272554
-255685
13778
7418.96
-17913.1
-8811.96
-335526
-268573
-95260
-122650
221529
172200
33125.1
69712.2
33526.8
25004
1279.16
6618.52
229071
177212
25366.7
65242.6
-527037
-442769
-277935
-264741
37714.2
24660.3
-8761.76
-2556.9
-337313
-271097
-91771.1
-128922
209358
162731
26306.5
62519.6
52279.2
40675.6
10599.5
12210.3
222877
172610
21065.4
61982.9
-497508
-418305
-268894
-254512
51992.1
39054.9
-3490.28
6140.52
-304079
-242948
-81757.1
-112419
222197
174529
36821.9
69765.3
68326.3
54527.1
16097.3
23654.1
220791
170097
16029.4
58751.4
-497649
-415975
-271670
-254620
33958.1
24150.5
-13531.2
2631.14
-307402
-243498
-77665.1
-108995
261976
208132
59193.3
82004.6
47292.7
37058.1
8384.17
15267.1
216559
163789
15578.3
47784.2
-506025
-424161
-279405
-251614
30177.9
23419.4
-11993.9
586.899
-298295
-234843
-71995.5
-102106
305482
242333
72214
108535
59512.2
48463
13052.5
21502.4
230006
177545
27751.1
62412.8
-552702
-461642
-301631
-279038
23750.3
15070.6
-16689.1
-5062.88
-325087
-256922
-73040.6
-108516
301479
239714
67851.8
105219
27338.9
21876.5
5167.54
9055.92
217029
168465
25612.8
61171.8
-543057
-453702
-302343
-276622
34650.4
24747.3
-14183.9
-1204.2
-317132
-250734
-75893.8
-103962
283035
223216
58305.9
97672.7
60879.1
50239.9
16686.3
21411.2
202443
155810
19946.8
53477.8
-538246
-453393
-309763
-279886
39981.2
26932.3
-17010.2
-1628.47
-307887
-245223
-72233.1
-106963
275813
216951
45908.2
91209.7
84983.6
69787.9
29984.9
32178.3
194328
147593
15561.3
47641.3
-514039
-434060
-300425
-273500
36016.5
24571.3
-24630.7
-2745.7
-274824
-217169
-59527.8
-92056.8
292530
230815
56138.6
92845.9
96946.5
79009.3
32731.3
41580.7
203817
154872
15980.6
49094.4
-25168.1
-20346.3
-14555.1
-8249.11
-4284.36
-3371.49
-6559.83
2201.93
-4513.46
-5509.07
-3859.39
-2285.37
-4361.43
-4742.57
-3594.93
232.638
5428.46
4241.23
3490.99
902.268
-5647.66
-5238.25
-5447.55
-1979.9
-23271.6
-20853.3
-17467
-16055.6
8885.5
5331.59
-1504.72
-1682.91
-25650.3
-20702
-15562
-10758.6
-27225
-23281.5
-16688.4
-10180.9
34382.4
28504.2
7351.79
12310.7
-34961.5
-30228.1
-16754.9
-14462.5
-32467.5
-29567
-25430.4
-16762
3939.29
1202.79
-3369.36
3540.48
-43399.4
-37314
-24386.7
-16555.5
-72697.6
-63703.2
-43821.5
-29965.8
41814.8
31212.4
6124.96
14408
-88790.7
-75631.4
-40522.9
-32704.4
-18097.7
-15629.2
-15527.4
-18227.1
3070.96
2158.8
-2259.21
-1868.88
-30414.1
-24646.9
-14443.4
-20557
-90308.8
-75469.5
-45817.7
-51693
63880
51596.2
16011.7
17644.4
-128399
-104462
-46809.1
-59884.9
-3824.03
-2842.57
-1777.67
-3906.76
15999.7
12691.9
13809.8
5536.65
4426.49
5407.25
4526.9
4552.35
-84804.7
-69670.5
-36780.9
-40197.6
90508.3
71554.3
24877.4
31314.2
-137573
-110598
-38282.1
-51452.6
5113.8
4519.83
6274.16
2666.5
43688.6
36177.7
31829
20993.3
31163.6
26585.1
15966.5
15849.1
-61067.9
-50857.9
-27464
-29210.6
114961
91404.2
34280.5
42299.8
-142011
-114019
-35349
-51755.3
-4129.5
-2108.59
-693.672
823.779
41710.8
36429.4
26522.9
24690
5014.09
2950.76
7540.59
855.599
-49911.8
-40517.2
-16887.1
-25349.8
137335
110251
40698.2
51636.5
-125077
-98305.5
-27748.3
-44721
16918.2
12023.6
3035.61
5685.85
35320.7
29077.6
20757.1
20386.6
-13367.1
-11386.5
-8182.64
-3831.1
-48356.2
-39863.9
-19758.7
-17005.9
155969
124860
42632.9
61690.8
-120874
-96411.9
-26612
-36896.8
37362.8
29249.5
10182.3
13065.9
13186.1
12398.4
13448.5
11206.9
-27169.2
-24374.7
-16218.2
-12811.4
-49763.3
-42659.8
-28556.5
-21196.2
156913
125164
49350.4
62657.4
-123591
-99108.8
-28507.7
-38583.3
40131.1
31873.5
13193.2
12798.6
-26912.5
-22220.1
-6879.44
-8755.4
-45136.7
-38088.3
-28122.3
-27288
-80098.9
-67270.6
-41480.3
-46524.1
152358
121882
50215.2
56889.6
-154809
-123230
-38110.2
-57414.2
70189.5
56391.8
27322.6
25950.1
-50934.3
-41491.6
-12219.5
-19949.6
-27309.2
-23051.7
-18923.6
-18423.7
-56548.7
-48206.3
-33849.2
-35510.9
174642
141725
61491.4
69881.9
-137954
-110303
-28251.7
-48537.2
96765.4
78790.1
43629.2
41774.5
-80235.4
-65320.4
-23297.8
-33051.6
-31203.9
-27157.9
-18698.7
-17964
-25878
-23953.9
-22266.1
-19710.6
171780
139630
66446.8
74383.4
-121586
-96615.5
-19760.8
-39682.1
85953.8
70309
36253.4
40774.6
-70186
-55688.2
-20627
-24485
-39887.2
-34534.4
-18144.4
-21634.6
-20839.9
-19230.5
-14631.5
-12465.6
163487
132498
71287
70043.9
-106842
-82631.1
-13090
-30575.3
107995
87206.8
37962.4
41185.4
-34400
-27696.7
-4888.23
-17231.5
-52223.4
-41638.7
-23152.8
-23809.7
-35740
-29552.8
-23616.7
-15044.4
179803
148577
77099.4
79608.2
-99750.8
-77713.9
-9272.29
-27640.1
95479.2
76830.7
29449.6
41034.1
-42653.4
-32247.6
-4166.27
-10443.3
-78246.3
-63428.2
-27167
-32276.6
-86297.4
-74139.4
-52994.8
-38218.4
180273
148598
85017.6
78981.7
-162456
-129108
-30814.3
-45529.2
78978.9
64179.1
29111.6
30094.5
-59487.5
-46521.3
-4468.21
-16721.7
-90228.2
-71277.1
-24952.4
-32941.3
-136200
-113103
-65447
-68752.7
185059
153451
96595.7
91221
-208615
-164059
-33837.9
-69190.4
78471.2
63762.6
26800.1
32952.6
-44968.5
-35002.5
3374.31
-10503.4
-102328
-78961.2
-27122.5
-32027.7
-162996
-133434
-78923.7
-75045.2
166412
139543
87558.9
84892.4
-229371
-178882
-34871.7
-66759.4
90620.7
74437.8
36621.8
36572.3
-23568.6
-16003.2
20810.2
-1030.96
-118250
-91769.7
-25035.8
-38920.6
-152763
-125748
-72233.8
-71528.8
160641
136119
94966.6
85589.6
-246866
-192252
-32393.3
-73117.7
68146
54267.6
32792.1
31121.2
-36136.7
-24973.6
17442.9
1815.85
-133555
-107195
-25300.3
-45688.3
-149407
-124585
-65473.1
-71053.6
151727
127824
95057.1
80690.1
-240628
-188035
-31138.9
-69966.1
53576.1
44790.3
27219.4
27213.7
-61726.9
-45457.1
11052.8
-10120.8
-165648
-128952
-42388.9
-50198.9
-181649
-147791
-80186.6
-74575
135961
117084
85674.5
77940.8
-262636
-203546
-45932.9
-72276.9
68188.4
55759.6
34463.7
29229
-74565.8
-53428.3
14313.3
-12858.7
-154052
-122376
-36543.3
-53790.3
-199924
-165788
-94941.8
-90504.7
146323
123540
94492.8
76983.4
-273117
-214021
-54269
-83109.8
88928.6
74701.6
43641.2
45187.7
-73650.1
-52930.5
12988.1
-4582.05
-124029
-96273.3
-28391
-39301
-195331
-160123
-94652.6
-93252.5
181401
154694
106037
96827
-275299
-214906
-54506.6
-85453.9
99227.6
82005.3
44549.1
48987.7
-88147.2
-64853.7
11808.7
-10663.9
-100407
-76043.7
-18876.9
-26882.1
-186831
-153642
-94776.4
-88414.5
187814
159739
111882
101655
-284633
-222379
-57550
-85229.7
85056.5
70629.4
41587.1
42099
-136687
-104423
-6374.57
-34117.2
-105239
-81101.6
-22532
-29747.3
-176497
-147507
-100052
-89385.4
172141
146252
106401
96411.9
-300895
-236182
-68371.6
-97686.8
62600.9
51542.4
27755.4
30323.6
-160283
-124162
-19023.3
-42823.8
-147937
-120437
-43153.3
-52019.7
-188574
-160402
-102630
-92532
162658
137667
105500
90833.5
-284099
-225555
-65307
-95723.9
57720.4
46857.1
21216.7
25086
-166285
-129685
-22056.1
-48030.9
-192470
-155463
-64302.2
-72140.4
-229759
-192434
-120531
-107353
165998
142637
109391
95704.8
-289135
-228943
-60995
-94264.4
42445.5
34071.2
15501.9
19685.1
-188585
-146101
-24466.6
-50512.9
-235326
-189741
-76695.6
-85188
-268716
-224317
-136092
-123169
175061
150361
123105
105035
-312450
-245276
-60509.2
-94308.2
48323.7
39546.4
20909.1
16450.1
-211762
-165478
-32045.4
-66460.3
-267121
-215687
-87237.9
-107491
-302733
-251990
-143427
-146984
180155
155730
131103
106152
-322017
-252596
-52870.4
-104629
66341.5
55004.4
24033.1
29156.1
-197655
-152872
-26218.8
-57523.8
-253587
-202327
-83592.7
-96447.2
-287965
-238264
-142186
-136561
215168
184688
139545
123436
-299851
-231558
-39586.7
-84692.3
65727.7
53911.2
20235.3
27594.1
-218710
-170526
-34467.2
-66173.9
-285238
-229547
-97388.4
-110746
-283180
-234804
-141279
-134637
209431
180008
139654
122912
-303891
-234924
-36492.4
-84128
34047.9
25231
5848.48
9671.1
-234430
-184040
-41169.2
-73356
-316482
-258933
-107240
-127800
-304784
-254913
-145000
-143829
188392
159304
134454
112702
-311908
-241582
-37389.7
-87143.1
31750.5
24293.4
-5929.09
6579.63
-233883
-183375
-47035.3
-74507.1
-350987
-283920
-133756
-138888
-348003
-288121
-169262
-156002
176649
152952
122272
109181
-329566
-256183
-47300.5
-91156
13285.8
7847.47
-22155.1
-8247.69
-244893
-191308
-52532.4
-81996.1
-377606
-309442
-151868
-160243
-405357
-338887
-206153
-188105
184122
156811
121761
106141
-389278
-305559
-72886.4
-116340
38598.1
28104.7
-14705.7
-1173.8
-227317
-178315
-49527.9
-73389.2
-361590
-295035
-151010
-159047
-431760
-357740
-215163
-212834
207564
176108
128208
113664
-406482
-316485
-72499
-129905
27469
20189.3
-20308.1
-2367.39
-222784
-173506
-41449.2
-71661
-337605
-274910
-143509
-147915
-426248
-352264
-215112
-206653
213850
181938
128215
116320
-405299
-314448
-65770.8
-121167
16166.6
9230.57
-25706.2
-6882.27
-224332
-175707
-39581.7
-70217.1
-321677
-264205
-142184
-141967
-407747
-340084
-212208
-199053
217616
183725
130709
120570
-408326
-318559
-64614.7
-121098
1337.14
79.9031
-4048.19
-4019.19
8892.57
5545.13
-116.673
3251.98
18986.5
16778.9
11815
8727.82
8799.94
6834.19
-1901.41
-1387.34
24701.4
19453.9
9676.05
10587.5
30950.1
25141.9
10077
12196.9
37535.3
29895.1
6201.33
9437.75
12141
8018.59
805.395
4183.95
59717.3
51169.1
31331.2
27994.4
26078.1
20427.6
843.578
4178.29
46174.8
38222.7
21988.9
21832.6
53503.2
43325.8
16666.5
19974.4
32543.2
25182.9
2426.79
8426.59
-35520.1
-30276.2
-15616.5
-13953.3
80799
67807.3
42155.6
39151.8
21708.9
16723.8
-4234.86
3855.85
20125.7
17207.4
14323.2
14159.1
45721.5
36169.2
11416.9
18174.8
19189.5
15131.4
-2117.08
1919.09
-73097.9
-60677.5
-36713
-32847.9
109915
92686.8
60044
53626.3
-10702.1
-10586.1
-19227.6
-13477.5
18816.8
16264.9
11111.5
11322.9
58512.4
46103.4
10503.4
17180.6
-10636.3
-11752.8
-20439.6
-11371
-114421
-95716.8
-53349.8
-52887.3
101072
85532.3
59409
52383.9
3068.84
502.753
-13978.1
-11028.7
-11846.2
-9339.47
594.677
-3645.14
54925.9
45039.2
16543.5
15088.2
-31040.6
-28630.8
-36880.6
-26501.7
-124620
-103467
-62699.9
-62542.9
108096
92131.1
65487.3
59609.1
-1659.58
-5537.35
-21949.3
-14259.5
-2653.06
-977.929
4535.38
-1441.79
96746.3
78759.7
36314.2
37316.1
-38712.7
-37019.9
-44834.1
-33895.9
-103808
-86291.8
-57120.1
-54605.6
108638
93176.9
71744.5
58715.3
38197.2
29179.5
-542.351
279.307
35445.1
30312.3
17021.5
18076.5
115408
95127.1
42694.4
45415.3
-16678.5
-17883.4
-41427.3
-26191.2
-90450.3
-75686.6
-54461.4
-46913.7
113586
98515.5
73872.9
62948.1
108370
87764
31182.7
36361.6
35892.7
30667.9
13647.9
18217.9
98439.2
80217
32371.3
41033.4
638.517
-5508.36
-36709.4
-19092.6
-93111.1
-77634
-56127.3
-51294.2
111821
95248.7
70164.8
63562.5
176896
143558
59499.5
67366.1
-1443.2
2.82843
-4861.36
-639.225
66540.9
55144.4
17498.8
24425.6
-26935.1
-26023.7
-39889.3
-27375.6
-106804
-90030.2
-64624.6
-55498
103419
88497.9
66667.4
56852.1
176403
144277
66794
74117.5
-22348.1
-19619.4
-20599.4
-13540.4
48134.9
36792.9
-386.08
12141
-45468.4
-41874.2
-51686
-33964.5
-111434
-93804.1
-67876.6
-59388.5
85328.7
74759.6
62029.5
52573.4
229919
190270
92185.5
97020
-40075.3
-34078.3
-29480
-23667.6
42330.2
34883.7
2256.38
6493.36
-111786
-97888.3
-83319.8
-62743.7
-138298
-115925
-80659
-71419.9
60941.3
52227.6
48076.9
46272.4
201084
163425
82910.4
91272.6
-71470.1
-60345.2
-47510.5
-38639.9
33026.1
25651.7
852.064
5787.67
-155281
-132870
-102987
-88778
-148224
-124744
-79239.1
-77117.8
42158.4
38492.8
39746.5
29342.8
173844
142484
75322.4
78846.6
-69708.7
-59857.3
-46926.4
-40136.1
27655.7
19945.4
-3343.91
6012.53
-149109
-126037
-94598.9
-87215.3
-142843
-119218
-70570.7
-71614.4
35426
33989.2
36365.1
26061.8
175956
145928
81908.4
82413.3
-71893.7
-60884
-47588.3
-42318.2
-14647.7
-13634.4
-22710.9
-11738
-140120
-119014
-88063.1
-77154.5
-141114
-116557
-65525.5
-65630.8
39833.4
35828.4
32692.4
28349.3
182225
150706
86183.6
89027.6
-90619.3
-76833.5
-59735
-48465.1
-73805.7
-63339.1
-49199.8
-36471.2
-156986
-131759
-82910.4
-82732.2
-159512
-131542
-70329.5
-71975.7
33677.4
30242.2
29963.6
21577.4
156278
130312
85214.9
79555.9
-102132
-87792.3
-69449.2
-59968.3
-118736
-101565
-73742.8
-64438.6
-147579
-126112
-77897.7
-76261.5
-157661
-130986
-66526
-70232.7
33059.4
29646.9
28415.8
23534.6
169186
141764
96422.5
86588.1
-108975
-95438.2
-74873.4
-64000.2
-156134
-131250
-85511.8
-79808.3
-179496
-150753
-91608.5
-85899.3
-172365
-142544
-72227.4
-75193
36943.5
31234.3
20888.6
26541.3
123155
103433
80598.2
75084.8
-97049.7
-85527.4
-80888.1
-63942.3
-186077
-157103
-102429
-91146.8
-183854
-151590
-89138.6
-92224.4
-145260
-119027
-62588.1
-70939.8
32920.1
29170.3
26510.1
12848.8
131277
114102
87640.9
68917.5
-58185
-54486.1
-73928
-51451.2
-192016
-161956
-105898
-102873
-121895
-101813
-62474.3
-63776.8
-99175.3
-83932.2
-49954.3
-47061.5
81117.2
68520.8
46082.1
38861.9
206738
174602
116765
104754
-38269.3
-40042
-72914.7
-42709.2
-181102
-154395
-107023
-94958.1
-92015.1
-77233
-50357.3
-51599.7
-81829.9
-68518.6
-45218.8
-50177.7
108733
89748.8
55000.9
46893.9
253995
212399
129844
122078
-76616.4
-71187.3
-94193.7
-66330.9
-207378
-176251
-118394
-111813
-80635.6
-66008.4
-39931.7
-38750.9
-72492.6
-61120.2
-48209.8
-36500.9
135320
112170
64978.2
62064.9
268341
224680
135854
131519
-94262.3
-87170.7
-111723
-73786.6
-223469
-189230
-133382
-116162
-62528
-53886.5
-44579.5
-33907.2
-69244.8
-60015.7
-61316.1
-42192.4
142146
117190
63305.9
64369.3
318661
265622
147110
149429
-111858
-103744
-134074
-89649.1
-255321
-214594
-150722
-135339
-95446.7
-81576.1
-62069.8
-51135.1
-92331.9
-80569.2
-75497.1
-61012
125919
102266
54998.8
56207.9
305528
251280
135206
142302
-145680
-133365
-156734
-113293
-287655
-243609
-165447
-151846
-98665.4
-83672.7
-70835.1
-59088.7
-93424.4
-81841.2
-79791.3
-63138.3
141731
117936
66139.2
62634.8
307270
252796
128608
134029
-142474
-131496
-159535
-114006
-294470
-247799
-167765
-151690
-52189.4
-45592.8
-54496
-40788.7
-82317.8
-74669.8
-78582.2
-59089.4
194062
161249
93057.4
88299.3
339930
278148
138301
146130
-127592
-119896
-156606
-108841
-298956
-252586
-166201
-154144
-43463.7
-37192.4
-56591.2
-35215.3
-119959
-103518
-97526.3
-74677.5
224347
186854
105082
104124
347662
285922
132884
151669
-159900
-145069
-176089
-123062
-338870
-283425
-182758
-165262
-52120.8
-45592.8
-52316.7
-38359.1
-165339
-142003
-118819
-95524.5
260028
216579
128120
123616
322509
263457
124205
137836
-171900
-156818
-182361
-131092
-357753
-299479
-190655
-177289
-34677.9
-33357.8
-53315.1
-37129.5
-175326
-152123
-130318
-108455
283181
235359
137611
131156
371422
302620
139021
149857
-189751
-173287
-196679
-146457
-369381
-308294
-189894
-188208
-63578.1
-58053.5
-66496.3
-48899.3
-221012
-190471
-153702
-130715
282127
234304
146286
138565
356885
287124
132504
145592
-222351
-200871
-210088
-161902
-386266
-322801
-186898
-185844
-64512.2
-56582.7
-68020.8
-48425.5
-204529
-176065
-149847
-121684
278329
233492
151339
138785
353556
288471
134358
148474
-192246
-175079
-201907
-148541
-392033
-325773
-192849
-186836
-38868.2
-35602.8
-59609.1
-40191.2
-203398
-175942
-147826
-122002
289905
243424
156517
144463
363826
297265
141188
153111
-180531
-165517
-197913
-144927
-405876
-337984
-198844
-196537
-5459.57
-7913.23
-51034
-24478.6
-214067
-181782
-151043
-125112
323735
270485
166087
156891
388726
318891
150115
167113
-189519
-171299
-207643
-147036
-427554
-354393
-209111
-203131
-16006.8
-17976.1
-47399.5
-30520.8
-234098
-200267
-160328
-133600
333291
277682
172731
161677
373434
305617
150666
161379
-203659
-186268
-217891
-159161
-455181
-378174
-222763
-218355
16256.4
6725.29
-37217.9
-13933.5
-216049
-186848
-155822
-127724
360500
300133
183648
176369
410348
336456
168568
178153
-183065
-170700
-211432
-153519
-442044
-367668
-214831
-214469
-13449.2
-18212.9
-54032.9
-27068
-221312
-191209
-158596
-132402
339285
280907
173448
168492
386164
313976
161203
172202
-182379
-171903
-214707
-156073
-450602
-376594
-215928
-215457
-15056.4
-12030
-7418.26
-5144.91
11537.9
8070.92
-1957.98
4620.24
8927.22
6546.39
4304.87
3708.78
-22745.5
-18661.3
-5202.89
-11648.9
23835.2
19522.5
11525.8
5450.38
-4320.42
-3792.21
-3102.78
-4719.23
-55271
-43332.2
-19087.6
-23091.3
-9125.92
-8412.45
-12858.7
-6641.15
15286.2
12835.4
9251.79
4734.79
-62562
-50238.5
-19769.3
-25931.7
28752.4
24562.8
16366
9683.83
-19759.4
-14012.7
-5551.5
-9582
-56057.3
-45483.2
-21646.7
-19253.8
-12259.1
-11146.8
-18118.9
-10248.8
16206.9
13817.6
14298.4
11636.9
-102955
-83813.4
-37896.7
-42437.7
17215.2
13864.9
13152.2
8380.63
2876.51
3753.32
6283.35
5171.07
-104292
-85687.2
-42482.3
-42439.8
-9304.11
-10673.8
-23517
-13217.2
10784.1
8460.53
12690.4
8336.79
-138860
-114973
-50663.5
-59704.6
-794.788
-2037.88
3307.14
1454.52
17612.6
16646.7
8535.49
7633.22
-115528
-94829.4
-49023.7
-55700.9
14436.3
6720.34
-22472.6
-9683.12
53995.4
44884.3
29944.6
22681.9
-166616
-134548
-64838.9
-72241.6
3699.58
3998.69
7747.06
-3935.76
56419.3
48716.8
30011.7
21955
-75783.5
-60989.4
-39577.5
-33519.7
37768.7
27099.9
-22220.8
2071.82
81615
68616.2
45607
42232.7
-117596
-95839.1
-47957.4
-52948.9
65569.3
54894.1
29029.6
29823.6
120172
100033
58432.5
55058.2
-52360.6
-43589.6
-29499.1
-28013.4
19114.5
10535.2
-27642.2
-10920.6
68313.6
58580.3
40119.8
37014.9
-89096.9
-69268.2
-26509.4
-36197.5
94704.9
81595.9
50308.5
43219.8
153598
127935
75990.6
72433.9
-14863.4
-13759.6
-8127.49
-14161.2
10919.9
3346.74
-26354.6
-13890.4
69425.9
58070.4
38126.5
34570.5
-63689.1
-48873.1
-12237.9
-21898.4
156304
131670
80774.9
71738.8
206499
171002
96071.8
95195.7
2959.24
734.684
-1328.65
562.857
-23814.6
-22648.6
-33268
-21737.2
40340.4
34931.1
26035.7
25086.7
-87056.2
-67027.4
-21347.6
-25747.2
151064
127962
83257.6
79770.8
245566
202448
109834
113955
22194
17751.9
4331.03
4989.35
-19036.7
-18398.2
-26915.3
-21636.1
34564.8
29190.8
20014
17317.8
-75251
-59099.3
-14730.4
-26575.2
161430
135346
88512.8
82185.6
297718
246058
128309
132059
44898.5
35294.5
14608.8
12961.3
-20888.6
-20019.6
-19904.3
-16648.8
30394.3
25646.1
18490.1
17030
-71257.3
-52878.9
-10748.7
-19277.9
192545
164416
110713
95956.5
347464
286094
154124
155279
53383.7
43818
17556
19636.4
-73643
-60650.7
-37688.1
-33526.8
-573.464
743.876
10060
5106.73
-68492.5
-52339.3
-7149.56
-19590.4
200701
171025
116391
108314
353757
290673
159514
160138
63197
52195.8
21863
25884.4
-81021
-67421.9
-39053.5
-36737.7
-21262
-15558.5
2965.61
-1738.78
-52816.6
-39149.7
9409.47
-10458.8
231725
199002
143063
124658
355872
294338
156650
163846
55899.6
46824.6
21471.3
22544.7
-98782.8
-82273.3
-44877.2
-46900.3
-51348.7
-40294.5
-12843.2
-17167.8
-61502.7
-45452.1
10043
-9932.73
249822
214388
162609
138245
352108
291503
149414
158950
85459.5
68759.1
32644.3
35511.6
-88133.1
-72423.3
-38313.2
-39320.8
-70330.3
-55840.2
-18891.8
-21280.4
-90976.4
-69593.4
-985.707
-19603.8
241157
209391
173045
146146
376551
310054
154183
169736
75473
63707.5
28694.4
37229.9
-71287.7
-57740.2
-26329.1
-29959.4
-94280.7
-76168.1
-28264.5
-34192.1
-83097.8
-62631.3
11404.9
-15648.3
251149
219938
187634
157354
392063
323577
156040
172250
57368.3
45931.5
26381.4
19053
-65349.4
-54963.4
-21092.3
-28735.4
-100563
-82066.1
-29739.5
-39899.2
-100655
-74077.9
8469.02
-17490.3
256371
227799
206448
163687
399049
327820
159436
172058
72687
61359.9
29345.6
34514.6
-79237.7
-61956.7
-30243.7
-26645.2
-118797
-95435.4
-32622.4
-41345.2
-64157.9
-45882
24355.6
-5270.07
270931
240439
220047
179319
417050
341010
165597
179052
65981.5
53619.9
22278.8
28210.7
-85301.1
-70502.1
-37153.5
-38483.6
-100043
-79794.9
-23976.6
-35457.2
-46411
-29969.3
36275.3
5885.25
268714
239001
222570
177752
412958
336924
157516
174487
76438.2
63444.4
28760.2
28716.3
-86947.3
-71636.3
-30433.2
-38596.7
-67429
-52014.8
-3192.59
-21412.6
-23907.3
-11404.9
47225.5
16776.1
302519
266776
236687
190178
439505
360123
170577
183783
123854
99085.5
41741.2
50749.8
-55515
-44164.5
-7373.71
-18287.9
-33715.6
-24074.9
18591.3
1090.36
22490.9
25508.2
66695.7
39301
327718
286399
250597
208911
505281
412369
195053
217165
92443.6
74584.2
24507.6
36921.6
-68919.6
-54099.3
-10748
-20086.8
-25874.5
-16723.8
23475.9
7180.67
8995.11
14441.9
61371.2
35870.8
280429
246603
227884
189177
510163
417703
191888
214688
96425.3
77030.1
20364
27410.3
-48224.7
-37879
-1117.94
-14824.5
24804.6
26018.7
46593.4
26500.9
20330
26024.4
62280.6
36723.6
291311
259040
233009
185427
544223
445687
205434
224806
149441
118829
37286.4
47523.2
-41923.7
-30649.5
6557.71
-5079.86
65876.9
58972
71841.3
47722.6
89179.6
78912.4
90393
62588.1
334450
292169
250141
207824
588888
479268
225090
243001
156777
124547
35754.1
54331.3
-49504.5
-37567.9
4326.08
-8861.46
75068.6
67445.3
78646.5
57335
103177
94221.3
105277
74481.7
351221
306289
265524
213492
584526
475902
224471
244824
154259
123540
36846.6
52808.1
-42341.6
-31500.9
10148.4
-5765.04
76889.4
69964
83703.8
59148.1
107244
98760.2
114205
82211.8
393509
342019
291289
236336
588328
481132
232692
249179
173477
137074
37419.4
61189.5
-33886.7
-24065
14176.8
-1226.12
82979
75069.3
89162.6
65059.5
103770
96362.4
117029
84437
408606
354062
303556
249589
617634
504695
245184
266659
147678
115493
23897.4
46620.3
-23716.4
-15776.3
19453.2
3189.76
83635.2
75443.3
89770
64920.2
101722
94125.1
122241
84799.8
398765
345808
302333
248931
627033
513234
250361
267337
138606
107991
14048.1
36852.3
-7513.01
-2974.8
24714.8
9430.68
106978
94541.6
98922.1
73382.1
103549
98688.8
125973
89500.6
423311
369448
317948
257246
653111
535179
267771
279937
171625
132885
20230.3
47033.9
1018.23
4553.77
28519.7
14598.2
118517
103995
109078
81390.1
142536
128713
145991
104551
472054
407450
343073
281991
681195
556772
282636
294441
185837
146207
26437.3
51449.1
-521.845
4718.52
23814.6
14167.6
126304
112376
110611
84970.9
152202
139070
162748
112904
508691
442268
363598
302587
696574
571079
290035
301472
208117
163346
43132.1
64082.3
7297.34
9410.18
28237.6
13542.5
146959
127599
118180
92840.3
159356
145082
176381
121948
555045
478870
389116
326466
736226
603806
314506
323488
241458
192055
59424.5
83115.5
14962.4
18806.2
34422
24569.1
164212
143738
127691
103787
150149
140859
185740
126597
560946
486940
401811
338399
800112
658816
349350
358219
239344
190278
58859.6
85502.6
24996.2
24862.6
38044.5
24784.8
176420
151694
130342
108204
156783
145994
199171
134867
569729
492334
406379
343942
841150
692688
368456
377644
227601
182023
54564.6
78617.5
31938.6
31578.7
37018.5
29592.4
190171
164212
130473
114022
152682
147879
204801
143205
577968
504164
412240
351640
879249
725917
389795
399095
236662
188137
54469.8
84063.7
17393.4
19664.6
27519.2
24576.2
188380
160681
132212
113206
185292
172819
225264
155501
596098
515344
419717
358156
905705
744417
403618
410595
-19661.1
-16653.8
-1998.28
-8297.9
-1375.32
-1796.05
2474.87
-433.456
-2042.12
-3312.09
3010.86
-2131.93
-8427.3
-6496.9
6318.71
-4247.59
-39626.3
-33135.7
-13785
-17510.8
2565.38
2706.1
7645.24
711.349
-60767.3
-48867.4
-12797.9
-17278.2
-38042.3
-30322.9
-10303.3
-15454.5
-21139
-17545.4
1699.18
605.283
-90.5097
3929.39
24903.6
8668.42
-54629.7
-43760
-9832.32
-18659.1
-15358.4
-9485.13
11754.2
1248.04
-74197.4
-58283.3
-17143.8
-23582.7
-20232.4
-15970
2003.94
-9689.48
-21775.4
-17773.1
1458.76
-2781.76
29336.4
29745.2
43663.8
26318.5
-60655.6
-47609.5
-8842.37
-19271.5
7338.35
10572
24872.5
15282.7
-86843.3
-68359.5
-16627.6
-27027.7
8221.53
7488.26
21979
7206.13
-18729.8
-15229.7
6173.04
-731.148
41878.4
39491.2
51988.6
36964.7
-61487.2
-48033.1
-11363.9
-18931.4
5207.84
8085.77
29012.6
18407.4
-90088.9
-70652.7
-14709.2
-29221.9
9459.67
8891.16
28216.4
7959.19
2705.39
2142.53
15801.7
7020.16
56217.1
52169.6
62376
40633.2
-48705.5
-38116.6
-6281.94
-15784
-4039.7
907.925
27720
11886.5
-67692
-50783.7
6547.1
-14318.9
33905.8
31315.6
45989.5
30163.1
45104.2
39308.1
42685.2
29495.5
106202
93760.2
94194.4
68370.9
-23562.9
-16923.9
11713.9
-939.745
27703.7
28746.7
52127.9
31369.4
-73518.6
-55367.2
10374
-13758.2
69512.8
61152
64370.1
48553.5
42920
38209.9
43721.8
29825.1
86596.5
77241.5
87553.3
66444.7
-52743.8
-41663.4
-1306.73
-15163.2
47365.5
44872.3
64445
40043.5
-71555.7
-52028.2
16896.3
-8855.81
94349.3
83047.6
73554
59310
59868.6
52996.9
52917.8
38606.6
97876.3
88950.5
96479.8
69101.3
-33562.8
-24033.9
9005.71
-6905.6
94163.3
85806
91226
64685.4
-45147.4
-31087.9
25665.9
1158.95
144919
122062
90813.7
81301.7
85402.2
73051.9
54479.7
48747.9
116345
102340
97078.7
81536.5
703.571
1879.49
20883
9891.01
151791
132500
115381
93765.2
-25630.5
-15491.3
30230.2
10119.4
176387
147374
100541
93178.3
107473
89706.4
52479.3
52818.8
100098
86948.7
74671.2
69915.2
-6810.15
-4413.76
13329
5712.72
163274
140555
115726
98576.3
-12138.9
-4911.56
29238.9
11067.6
188032
156163
101945
94228.3
132057
107735
51960.3
55063.8
95817.9
82199
59429.5
54309.3
10707.7
9671.81
14739.6
7484.02
195915
166705
122077
105618
19840
20725.3
42490
26324.2
220598
183490
114291
111763
180876
146286
65886.1
74226.4
110662
91559.7
57844.9
58436.7
31173.5
25911.9
21844.6
19163.3
243656
205378
139703
127016
-7198.35
-632.861
32367.8
18163.5
236523
197529
117311
114333
176900
143270
59916
70440.6
77376.6
63906.9
36749
38879.6
-20107.3
-14951.1
-6726.71
-2564.68
257296
216655
138994
132269
-40781.7
-28385.4
18480.2
2699.73
249121
207276
115843
115321
166231
133361
56676
65269.5
83216.6
68775.3
36691.8
34686.4
-28726.2
-23667.6
-13502.9
-12683.4
281174
235937
149778
138437
-51271.6
-36642.3
14026.2
-3381.38
291052
239840
133295
130069
160097
129856
56870.5
63245.8
91042.8
74692.4
38019
39902.7
-29412.8
-25195.6
-17191.9
-13787.9
335661
279080
172245
162995
-62035.2
-44692.7
8449.22
-6281.23
345379
284656
153591
153540
148391
121654
54914.6
61878.9
89835.1
72977
26567.4
38516.8
-45231.5
-38065
-33211.4
-22690.3
359473
298190
175418
174812
-82146.7
-60558.7
-1979.19
-15578.3
362754
297754
156471
161536
138015
112996
50141.6
58878.7
85143.4
68360.3
15590.3
30209.7
-51367.1
-43614.3
-45552.5
-28589
383791
318567
177956
181725
-106802
-81533.7
-7861.61
-26037.1
364174
300194
155375
164568
130432
106758
49933.8
54816.3
69705.9
53639.7
6175.87
20072.6
-85628.5
-72764.1
-61357.1
-46590.6
391651
324979
177214
183810
-106533
-81192.1
-4680.34
-23637.9
420122
345196
171632
181417
116671
95202.7
42512.7
50272.5
62493.4
47699.3
1844.13
15274.2
-124798
-106241
-83655
-68254.2
400961
331011
178468
184814
-131035
-101904
-15368.3
-34073.4
432634
354884
168303
181081
85890.1
68949.3
32598.3
38126.5
75606.7
59690.4
13812.6
20450.2
-150237
-127565
-94383.9
-80989.2
381480
315265
172068
174230
-152462
-118344
-31689
-44797.3
480052
393202
188228
196762
50969
42428.5
19335.8
23214.3
84923.5
69618.2
23603.2
30255.7
-180517
-151754
-108486
-94891.6
394901
326413
175774
184199
-161838
-126312
-33499.2
-49177.9
549304
450633
228099
233396
19546.6
17831.1
13465.4
13199.6
69020.7
55836
20931.8
29330.8
-190978
-160396
-111800
-98686.7
351948
289654
160834
170476
-223169
-176196
-53881.5
-74566.5
541336
445086
232466
236286
-21452.2
-15076.9
1273.5
-830.143
46647.1
39025.9
15755
18749.6
-223181
-186079
-120854
-110045
263399
218383
124728
129325
-213489
-169317
-44300.9
-71934
570789
470307
249193
254656
-33850.6
-25085.3
3956.97
-6270.62
56286.4
46506.4
29206.3
24943.9
-229746
-191207
-115746
-112706
239298
199365
122675
118109
-216298
-168987
-38358.4
-64302.9
621035
511537
275303
279853
-35334.1
-26418.2
5999.8
-5655.44
43751.5
35459.3
23809.7
23436.3
-232253
-193978
-123017
-115200
252337
210533
132044
123689
-262245
-206820
-52521.1
-82138.9
626371
516390
276487
279562
-49608.5
-38304.7
1598.06
-8274.56
45143.1
37560.1
26329.1
21853.1
-216050
-181604
-119652
-114182
262040
219995
142580
129246
-297858
-234263
-72776.8
-98520.5
658976
542407
293048
292204
-74938.5
-57843.5
-12391.3
-21547.7
20035.9
18210.8
16358.9
13869.2
-210187
-177190
-122913
-112984
274289
230231
147860
137735
-310524
-244452
-73233.6
-103207
709036
584041
322894
318588
-82262
-62845.5
-10583.3
-25447.4
-11127.7
-7768.28
1542.91
910.046
-193546
-163925
-121259
-108044
269476
225434
147398
138234
-376135
-296988
-91682.8
-128111
681287
562308
321657
313907
-101970
-79403.1
-13842.3
-30209.7
-50240.6
-40053.4
-13282.3
-17932.9
-192643
-163414
-121519
-107250
227922
191842
134772
120081
-359089
-283973
-79657.7
-119959
705995
583914
333889
330584
-79828.8
-61642
-1683.62
-20174.5
-52823
-43749.4
-12752.7
-19241.1
-177150
-152490
-119957
-102255
252644
212080
145747
131639
-378922
-299832
-83334.7
-125312
733190
607707
345898
341367
-84372
-65314.7
-591.141
-21039.3
-66196.5
-54307.2
-18500
-24137.8
-198862
-171236
-136558
-114408
256648
215922
148903
135325
-407424
-322523
-89726.2
-133817
712107
591299
337045
331936
-93833.1
-71735.3
2423.25
-17735.7
-41433.6
-32370.6
-5207.84
-12001
-201817
-173021
-134223
-116387
244692
208040
152251
132822
-449138
-355320
-108276
-152703
708231
588459
339520
330891
-106782
-81751.4
1275.62
-25139.8
-41305.6
-31578.7
-2591.55
-9827.37
-220707
-188603
-141762
-124587
241157
205196
154260
135558
-457736
-362348
-110407
-157072
733722
609165
358864
345927
-99719.7
-74512.1
12419.6
-19427.1
-48338.5
-37736.2
-4776.51
-11998.9
-208770
-178957
-142646
-121352
219103
186453
148481
129374
-465737
-367868
-105434
-157456
705470
587175
360914
340967
-75359.9
-53740.1
30325
-4025.56
-38902.2
-29702
1267.84
-9228.45
-181960
-156759
-129659
-108647
183098
158038
139700
113508
-453312
-358263
-97102.7
-150645
702851
586798
366201
345232
-46416.6
-28536
49371.6
14301.2
-15263.6
-10470.1
16032.2
3606.24
-177181
-153169
-126944
-105775
189265
164389
146687
119826
8341.74
6748.63
-1546.44
2409.82
4776.51
5421.39
-2426.79
714.178
21492.5
17175.6
6721.05
4109
-3980.3
-2695.49
-8034.85
-2674.28
10901.5
9400.28
-2108.59
4545.28
-5898.68
-2588.01
-8435.78
-24.0416
-25795.3
-23066.5
-24045.9
-14955.3
-8439.32
-6401.44
-10582.6
-5226.93
17836.8
14577
-310.42
5401.59
11965.7
9693.73
-10511.8
2723.78
9442.7
8380.63
-16387.9
458.912
-45414.6
-37229.9
-25274.1
-22458.4
-1306.03
-2296.68
-21116.3
-9579.18
-21204
-17482.5
-21906.9
-10654
44668.6
34712.6
6161.73
11431.8
10855.5
8640.84
-25593.7
-5938.28
1009.04
468.812
-25755
-6285.47
-42569.9
-33468.8
-23687.4
-18461.9
12713.1
7680.59
-27213.7
-7481.19
-88411.7
-72763.4
-52670.3
-40845.3
48866
37089.2
7906.16
14202.2
-24110.2
-21055.5
-49373.7
-22197.5
7215.32
4942.68
-25470.7
-6802.37
-69139.5
-55791.4
-38768.5
-30228.8
-11867.4
-15299
-43727.5
-23477.4
-149994
-124943
-80992
-73271.1
35657.3
28084.2
5319.56
10018.3
-44250
-41757.5
-61914.3
-39144.7
3589.98
60.1041
-32290
-12575.9
-119298
-98605.3
-62202.1
-57936.1
-23168.4
-25373.1
-52595.3
-31811.3
-168965
-140941
-92124.7
-86515.9
59582.2
45891.2
17918.1
18873.4
-25441.7
-27323.3
-63718.1
-36109.1
21257.8
12278.9
-34244.5
-10322.3
-158697
-130318
-82240.1
-74355.8
-12549.7
-16943
-50237.1
-30581.7
-158294
-132717
-91124.9
-82940.8
75966.6
62031.6
19458.2
27947.7
-28236.9
-31201.1
-69447.1
-41576.5
36899.7
23137.2
-30313.7
-9218.55
-168161
-139029
-89918.5
-81506.1
-36582.9
-35955
-61226.3
-37791.3
-160324
-134409
-91752.1
-81979.8
51581.3
42335.2
9591.2
20753.6
-34924.7
-36918.8
-73720.8
-43062.8
21723.7
11477.1
-44189.2
-11888.6
-175335
-146170
-91346.9
-88616.7
-17203.9
-20902.1
-56982.9
-34420.5
-184169
-155259
-104409
-92870
45301.5
36137.4
6340.63
11005.4
-59246.4
-57393.7
-90774.8
-59551.8
15581.1
4953.28
-51613.1
-19782.7
-167033
-139276
-89063.6
-83916.6
-8252.64
-14619.4
-59513.6
-32792.1
-225807
-188846
-118680
-110480
29818.7
22870.7
2753.47
7575.23
-85470.8
-79352.2
-106236
-71862.6
23186
9927.78
-51515.6
-20926.8
-167512
-139863
-92384.2
-84332.4
-31174.2
-33040.3
-70451.9
-42294.2
-261679
-218067
-130991
-124966
7225.22
6713.27
-1776.25
3126.83
-109392
-100556
-115791
-83344.6
13243.4
1055
-60133.8
-25589.5
-178485
-149842
-96577.4
-92611.2
-63841.1
-61566.4
-83589.9
-58683.5
-282240
-235010
-139125
-136294
-9639.28
-7978.99
-9393.21
-3809.18
-127083
-115573
-124943
-93642.9
4104.05
-8983.08
-71974.3
-36511.5
-190848
-159137
-103062
-95048.6
-65134.4
-61755.9
-88576.4
-59454.2
-268583
-221616
-140921
-130561
-14697.2
-12723.7
-14706.4
-11611.4
-144386
-128208
-137299
-102757
23247.5
8092.13
-69677.6
-31020.1
-197218
-163740
-111226
-96870.8
-98884.6
-89761.5
-106818
-77455.8
-266482
-219968
-138512
-131004
-35259.9
-28701.5
-24781.3
-18130.2
-154594
-135924
-142465
-105029
28936.2
13741.2
-77110.7
-25997.5
-226329
-188951
-120603
-113747
-98860.6
-90670.2
-106944
-79120.3
-303146
-251849
-157324
-140632
-61853.5
-52740.3
-35286
-31923
-204787
-177954
-169681
-127530
1965.05
-10160.4
-90424.1
-38969.4
-244126
-203886
-127677
-119094
-88715
-83371.4
-106655
-77222.4
-373067
-309689
-184972
-175947
-90626.3
-76771.3
-43897.9
-45521.4
-279166
-239561
-202249
-163786
-8657.11
-19121.6
-91527.2
-46963.9
-265454
-222507
-138920
-130463
-104842
-95711.1
-113840
-84381.9
-400108
-332312
-198556
-193911
-118959
-97371.4
-52512.6
-52543.7
-309460
-265749
-213951
-180097
-17213.1
-26020.1
-97829.6
-49168
-290093
-242922
-148973
-145499
-114848
-104602
-114343
-87486.8
-392678
-326015
-200446
-192363
-132370
-109763
-55773.8
-58694.8
-320898
-275207
-222473
-187133
-24470.8
-34087.5
-102849
-58378
-308352
-257183
-158397
-148699
-124739
-112673
-119584
-92524.2
-381068
-318266
-194459
-190170
-132163
-108250
-54149.5
-61485.8
-360424
-309199
-235051
-205122
-47453.9
-53137.7
-113614
-70141.5
-327084
-271496
-170060
-159032
-131410
-118010
-123172
-95509.6
-369780
-309874
-187496
-183514
-110071
-89912.9
-42506.3
-48559.1
-361974
-310692
-236193
-206150
-75994.9
-76433.3
-131837
-83821.1
-329621
-275393
-170614
-162800
-96349.7
-88834.5
-120858
-85849.1
-366224
-306261
-191492
-181167
-80538
-65656.3
-35412.6
-38710.6
-395577
-337410
-260604
-223896
-94784.1
-91578.8
-145788
-94791.2
-324174
-270074
-174730
-161176
-76986.3
-73727.2
-122751
-81576.1
-390428
-324780
-197159
-188629
-57675.9
-46041.1
-22478.2
-26953.5
-438114
-371121
-278097
-241683
-102071
-97742.7
-151426
-101065
-336358
-279921
-183197
-166974
-62663.1
-64686.8
-116547
-77905.5
-405162
-338375
-199809
-195107
-16612.1
-12648
953.887
-5227.64
-451088
-385054
-278263
-247720
-112154
-108260
-154727
-106632
-354593
-297116
-192057
-176674
-49950.7
-55453.4
-114379
-74110.4
-398342
-333719
-199125
-195260
28165.5
23859.2
19330.9
14711.4
-449762
-384039
-279754
-248696
-125803
-120578
-166196
-114561
-375885
-314783
-204383
-187012
-32003.7
-40972.6
-110164
-67988.3
-388627
-322970
-195343
-191506
32042.5
27301.4
16606.4
14267.3
-481160
-407705
-291619
-261713
-144680
-135427
-177651
-124852
-407159
-339919
-216285
-202530
-19939.7
-30890.7
-109708
-61495
-366914
-305018
-182249
-177342
45334
38799.7
16115
18773
-506276
-428741
-299579
-267544
-160155
-146670
-186108
-130672
-420708
-351902
-216927
-208296
8232.14
-7872.93
-101490
-54061.8
-364248
-303528
-187503
-178519
72385.1
58134.8
17894.8
24110.2
-550821
-464293
-324720
-292916
-189995
-171310
-197785
-143717
-429302
-358663
-220063
-211510
47155.5
23536
-89208.6
-39320.1
-370626
-308914
-188048
-182902
89963.1
71418.5
19539.5
28837.2
-600058
-504851
-343341
-314496
-204085
-182979
-199651
-152155
-444101
-370525
-225514
-217199
56613.8
30610.7
-86040.8
-33991.3
-352834
-294502
-179771
-172991
106736
85352
24470.1
35870.8
-626956
-527366
-348260
-322066
-212448
-189441
-199488
-153111
-463241
-386377
-230996
-224306
35162.3
11110.1
-92232.9
-42914.3
-333590
-280024
-172127
-165104
129391
102415
26366.6
45360.9
-650405
-548118
-355099
-329836
-235883
-211144
-213782
-162618
-508118
-422937
-245951
-239948
53510.3
27792.8
-90267.8
-36906
-318731
-264631
-173786
-159966
142346
112878
23620.2
42811.8
-689626
-576384
-373466
-347986
-236000
-211158
-215578
-167655
-525081
-433913
-258207
-247730
60605.4
31993
-93087.1
-35994.6
-297589
-249779
-170949
-151307
148449
116858
20115.1
46857.8
-693243
-581107
-379021
-349262
-222054
-199150
-217962
-160752
-526139
-437224
-258693
-251493
102744
67226.8
-76231.1
-21422.5
-326243
-274702
-187354
-166399
145209
112846
17489.6
40421.8
-728272
-608931
-395139
-369165
-223285
-199744
-216457
-162388
-537805
-446226
-261055
-255117
173713
124819
-50060.3
8021.42
-347251
-291638
-195439
-177171
157538
122590
26661.5
44825.6
-740519
-617897
-396435
-372460
-187779
-169991
-196653
-146902
-536019
-444513
-259013
-253414
203944
149183
-38955.2
22763.2
-360214
-304093
-205822
-183221
166809
131313
32215.8
55681.8
-740935
-619923
-391217
-369166
-166799
-153291
-185467
-134857
-542642
-450788
-261151
-256919
209441
152745
-34005.5
25211.2
-369301
-311483
-216112
-191339
175490
137666
34708.3
57159
-758341
-633356
-397533
-375203
-165930
-154344
-184816
-135777
-571685
-473260
-273290
-265615
-43448.9
-34871.7
-24175.3
-20045.8
-26816.3
-22438.6
-13971.7
-12929.4
3550.38
1665.94
4487.3
-738.927
10203.6
8833.18
4444.17
5668.17
-14950.4
-10881
-5728.27
-7228.75
-9373.41
-8948.44
-11054.2
-9790.6
-72433.9
-59247.1
-39845.5
-30857.4
-47227.7
-40374.4
-23043.2
-21423.9
-9587.66
-9328.86
-1163.9
-4317.59
20694.2
18648.5
12540.5
11242.3
-34103.8
-27290.8
-10996.9
-13082.9
-26778.1
-25561.2
-25024.5
-18420.8
-95955.1
-79689.5
-53267.1
-48409.9
-36701.7
-31468.4
-20390.1
-19516.9
-26858.7
-20179.4
4014.25
-6068.39
29620
27067.3
19169
19710.6
-55587.8
-43494.8
-18088.5
-20209.1
-458.205
-3679.78
-16742.9
-12344.7
-122979
-102820
-66423.5
-63064
-30766.2
-25779.7
-17734.9
-18892.5
-41308.5
-31347.5
366.988
-11936.7
36038.4
29907.8
19885.3
16451.5
-70028.3
-56687.3
-19309.7
-27201
20737.3
14885.3
-4036.87
73.5391
-129488
-108921
-73766.8
-67645.4
-21966.3
-18913.7
-9653.42
-11932.4
-52092.6
-39322.9
-1673.72
-11308.1
23987.9
20890.1
10923.4
15181.6
-97901.1
-78201.8
-31136
-34536.5
54831.2
42792
12566
16184.3
-155293
-131013
-89461.7
-82844.6
-33806.8
-28960.3
-13120.4
-14840.8
-40012.3
-29779.1
13822.5
-4887.52
32273.8
25774.7
17498.8
13866.4
-120071
-98804.7
-43064.2
-49037.1
71244.5
55839.5
14572.1
23321.1
-156703
-132853
-91259.2
-82641.7
-74168.4
-61710.6
-31246.3
-35262
-31012.3
-22432.3
19173.9
6602.26
42115.3
33873.2
19404.4
18799.1
-118382
-94893.7
-46313.4
-50097.1
61654.1
46065.2
3369.36
15014.7
-161559
-136864
-92306.4
-82356
-89731.1
-76075.5
-35945.8
-42118.8
-42304.8
-31831.8
9671.1
-1745.85
66302.6
53056.3
23905.2
28157
-114816
-92445.7
-44266.3
-48001.2
31756.2
19765.8
-15943.1
-176.07
-178138
-149618
-99710.5
-90507.5
-120878
-99294.8
-49566.8
-50625.3
-56965.9
-44004
3001.67
-7763.33
65973.1
52786.2
20774.1
25650.3
-122090
-98369.9
-49835.5
-51399.6
18802
9270.17
-23956.8
-8492.35
-190104
-158984
-107791
-94834.3
-150928
-123277
-64590.7
-66598.1
-59609.8
-45908.2
-4478.81
-11474.2
76624.9
60879.8
13417.4
28078.5
-110292
-89521.8
-45508
-47005.6
4104.05
122.329
-29719.7
-9843.63
-187034
-157331
-109261
-99025.4
-157190
-128209
-66591.8
-72479.2
-55297.2
-43313.1
-2616.3
-14635.7
85798.9
65993.6
9582
22978.1
-94173.9
-75847.1
-42618.7
-42757.3
12013
5292.69
-23637.9
-13244.1
-177359
-149360
-108630
-95294
-168186
-138308
-72764.1
-77566.8
-44651.7
-32399.6
4997.12
-4589.12
88617.5
69420.9
3809.89
25825.7
-73838.2
-59677.7
-38073.5
-36343.2
11215.4
5544.42
-28758
-10070.6
-200737
-170462
-116845
-106126
-181866
-150161
-83283.7
-82790.2
-26250.6
-17817.7
20721.8
6535.08
109714
82766.1
10786.9
26569.5
-47905.8
-39710.4
-27160.7
-22681.9
14941.9
5470.89
-32916.5
-14833
-202323
-172037
-123853
-107832
-196666
-162984
-99011.2
-92201.8
-39156.7
-26104.3
12962.7
2490.43
146958
115220
20916.2
40896.2
-31191.9
-26074.6
-25299.6
-17360.2
4174.76
-3055.41
-44010.3
-22964.7
-216314
-186109
-131009
-122510
-232575
-194560
-116219
-112593
-78533.4
-59940.7
-1161.07
-15480
142228
107810
16890
36051.8
-28515.5
-26288.1
-29136.3
-21567.5
-5926.26
-12809.2
-51985.8
-29505.4
-204049
-175437
-128775
-113964
-255893
-213069
-134425
-125307
-89335.9
-68396.3
-13243.4
-20473.6
154717
117757
14263.1
38976.4
490.732
-3601.29
-18838.7
-9504.22
-1616.45
-8321.94
-51865.6
-23624.4
-202882
-175821
-128983
-116868
-268197
-225248
-141865
-136238
-117584
-93543.2
-27034.1
-38420.6
142396
106520
6239.51
32406.7
7068.95
1572.61
-16679.9
-5852.02
-8564.48
-15026.7
-56415.1
-30492.6
-231220
-197434
-142066
-125029
-300798
-251241
-155839
-147852
-119224
-93727
-23050.3
-37580.6
117523
87052.6
-4622.36
22688.2
-4081.42
-7201.88
-22763.9
-9143.6
-19401.6
-24835
-66659
-37941.9
-235971
-200936
-151447
-129577
-316467
-264799
-171348
-157381
-114539
-89221.3
-23310.5
-35247.2
119375
90307.4
-7233
23934.9
3941.41
872.57
-23299.9
-11214.7
-18665.5
-25194.9
-73237.2
-41699.5
-250435
-213364
-159807
-137457
-331096
-279578
-180083
-169349
-126899
-100179
-29402.2
-42596.1
116617
89190.2
-3930.1
21247.9
27148.7
18141.5
-12752.7
-5100.36
-39587.4
-44294.6
-82954.2
-55047.6
-231109
-197166
-146344
-131424
-310117
-261326
-172507
-160465
-128382
-100034
-24409.3
-42479.4
114304
88652.1
-570.635
26342.6
50628.1
38468.7
-1805.24
8688.93
1156.83
-9117.43
-62487
-37043.9
-237652
-201303
-146440
-128647
-297410
-250792
-167968
-156322
-118415
-92087.2
-20941
-36919.5
107522
82069.6
-5229.76
22725
63587.3
47895.9
8181.23
16233.1
26336.2
12290.2
-46582.8
-20513.9
-229164
-194832
-141946
-127008
-277250
-234114
-158166
-146829
-113607
-88229.2
-17355.2
-34170.9
87569.5
65901.6
-14425
15296.8
62351.3
49168.7
8329.01
20403.6
47883.1
30490.4
-30423.3
-8215.17
-209895
-177902
-135619
-117009
-267725
-226363
-158329
-141491
-98789.9
-75560
-7269.76
-26431.7
84569.3
62456.6
-12341.8
11249.4
79199.5
60512.1
9026.93
23048.1
69781.5
49405.6
-22650
4592.66
-212486
-180690
-133565
-118063
-302598
-254824
-168500
-156727
-100725
-78715.8
-6629.83
-25468.6
91643.2
67522.3
-11421.9
15987.7
92620.4
74622.4
14437.7
27816.9
22116.9
10262.9
-39194.9
-16970.6
-217816
-184720
-128563
-115186
-340084
-287017
-177089
-168604
-122580
-97452
-13188.2
-34544.3
99571.2
73669.2
-8932.88
18169.1
91499.6
72030.1
18395.4
30801.6
-38749.5
-41059.6
-60257.5
-41121.1
-206682
-174208
-121509
-112420
-382028
-317342
-190805
-184912
-138000
-108015
-16368.8
-39400
89159.1
65644.3
-18015.7
11969.2
84573.5
68276.8
15821.5
27631.6
-60135.2
-54826.9
-63568.9
-47791.9
-180127
-151725
-108099
-97817.6
-390508
-323414
-190313
-187598
-128904
-100720
-11792.4
-36867.1
93913
68291.7
-21697.6
9650.59
108865
87293
32097
37712.8
-69359.4
-60894.6
-58537.8
-45344.6
-146187
-123930
-94758
-84221.4
-383249
-316992
-184394
-184182
-105457
-80332.3
-190.212
-25030.9
93758.8
67595.9
-27861.4
7510.18
125912
102893
37460.4
49336.3
-80291.3
-69482.4
-56048.8
-48808
-110827
-94485.7
-79755.3
-68783.8
-386303
-319470
-180715
-183882
-84445.5
-62049.3
13595.5
-13125.3
92359.5
65458.3
-32486.6
2170.82
150411
121240
46591.3
55698.8
-98830.2
-83905.3
-58216.1
-52905
-154524
-130189
-91168
-81289.7
-418795
-346498
-196327
-194460
-57555.7
-41550.3
18665.5
-3635.94
99097.5
69666.3
-30619.1
5190.16
148012
117680
41295
56881.8
-131853
-112218
-85308.9
-71300.4
-205824
-171359
-105217
-100878
-454115
-376662
-209709
-214280
-35021.6
-25002.6
18997.1
-2047.78
115531
84447.6
-20274.2
8082.23
134100
105164
34111.5
43385.2
-172333
-147376
-113266
-97718.6
-212556
-174339
-98485.8
-98516.2
-436426
-360708
-200048
-201598
-4665.49
53.033
28436.3
11257.1
159677
121277
-1960.81
35988.2
149330
118693
40363.1
55582.1
-162122
-140400
-114333
-97742
-253919
-207252
-104593
-107996
-454747
-374022
-202356
-208258
29730.3
27531.2
33540.9
24308.9
145055
108320
-10353.5
27553.8
118493
92561
33909.3
45483.2
-166452
-142348
-120074
-95745.1
-276749
-224872
-109142
-117114
-452379
-371259
-193085
-203071
64973.9
55973.2
46464.7
37026.2
132978
99033.8
-13142.3
22758.2
83856.5
66076.3
22042.6
35298.8
-156778
-136580
-115573
-97347.4
-277592
-225090
-104819
-116772
-460815
-377489
-191641
-202703
88307
75432
52183.8
47295.5
142495
107289
-8092.84
26669.2
61931.2
46695.2
5721.2
21931.6
-177634
-152417
-131382
-104312
