-634693
-579754
-802565
-735858
-735405
-617445
-315820
-969202
711094
673328
1.12985e+06
774126
-641753
-528787
-252223
-838337
24081.9
49824.9
308796
-8370.02
-643780
-573575
-679417
-736648
-648687
-605015
-814298
-728525
-764441
-648711
-326594
-1.00831e+06
796548
748040
1.29486e+06
835662
-607221
-525363
-237661
-830497
93389
102184
398807
26240
-609947
-548023
-660636
-752562
-684757
-612567
-898853
-753527
-822272
-687666
-391192
-1.07565e+06
794753
749718
1.31347e+06
849581
-668816
-577392
-296887
-889680
76308.8
88221.5
395549
570.635
-632156
-577485
-663479
-763781
-633760
-580982
-877124
-696538
-837079
-714255
-431713
-1.09235e+06
794970
755312
1.31733e+06
846981
-688214
-582620
-339685
-893810
47975.1
71315.3
381037
-15896.5
-661887
-588833
-697592
-785011
-626182
-598788
-917861
-691327
-847958
-724372
-432683
-1.10668e+06
839184
779687
1.34275e+06
896213
-690090
-591638
-362515
-902699
53368.9
75579.8
365467
2800.85
-677670
-606791
-734841
-796566
-658140
-609163
-999017
-704285
-892913
-763173
-480049
-1.16234e+06
828880
778147
1.31751e+06
886253
-714983
-622461
-412617
-932228
64901.8
72370.3
355752
-7205.42
-677970
-620452
-762702
-818338
-649842
-616885
-1.01996e+06
-721540
-905521
-776653
-484716
-1.18536e+06
863776
812417
1.35502e+06
930653
-730397
-619957
-411379
-945366
40828.3
64338.2
338076
2467.8
-680237
-614474
-747596
-786895
-710836
-676380
-1.08537e+06
-756948
-962064
-830813
-551332
-1.23338e+06
888607
835542
1.4347e+06
940865
-720993
-633474
-397136
-939826
57603.7
74929.3
364391
-6728.83
-675526
-609785
-753147
-818647
-765047
-698856
-1.16582e+06
-817331
-1.00605e+06
-852910
-588596
-1.29225e+06
861258
818164
1.41621e+06
916294
-766876
-658661
-421541
-996297
21730.1
44137.6
348601
-65878.3
-706313
-644043
-754630
-851934
-732872
-686573
-1.12869e+06
-792237
-994886
-857739
-569792
-1.28786e+06
848356
802942
1.39909e+06
896973
-743718
-630193
-361832
-965617
-9594.73
24511.9
360651
-91196.3
-752591
-676596
-783877
-903339
-745925
-717848
-1.16608e+06
-808568
-1.01761e+06
-880066
-590489
-1.31715e+06
856844
800004
1.39681e+06
908854
-728237
-622186
-337950
-962288
-12498.8
21976.9
362891
-87931.6
-807222
-721467
-850951
-958245
-805982
-751103
-1.26267e+06
-863515
-1.06113e+06
-913949
-627489
-1.36656e+06
822016
775722
1.3307e+06
868728
-749523
-641552
-349895
-985477
-32787.8
-4151.42
315080
-130587
-833759
-759549
-891013
-1.01356e+06
-776235
-735515
-1.23082e+06
-853626
-1.06353e+06
-911171
-605976
-1.37197e+06
863295
818644
1.39382e+06
930835
-771968
-650222
-359936
-998714
-48078.3
-13355.8
297263
-104298
-841432
-752190
-862320
-973597
-827538
-787907
-1.25625e+06
-892228
-1.09661e+06
-937370
-616596
-1.40097e+06
893979
845860
1.45464e+06
942452
-787025
-676762
-399998
-1.03494e+06
-32603.3
-4963.18
299562
-130948
-846242
-763707
-906630
-1.03255e+06
-861800
-791485
-1.30122e+06
-925823
-1.0982e+06
-921999
-589309
-1.4081e+06
895410
846844
1.44391e+06
963750
-815880
-699655
-407026
-1.07175e+06
-52587.5
-25900.6
311918
-155389
-871672
-793691
-906365
-1.04121e+06
-825820
-774981
-1.26177e+06
-895467
-1.06716e+06
-909002
-548927
-1.38605e+06
897874
847133
1.41405e+06
969161
-815346
-691050
-382322
-1.06398e+06
-92213.8
-57194.3
276842
-192771
-917291
-828328
-971021
-1.08994e+06
-819546
-786661
-1.25482e+06
-904059
-1.04996e+06
-895058
-497068
-1.3744e+06
913641
848991
1.40047e+06
986060
-799914
-681760
-351839
-1.05525e+06
-106700
-69071.6
246626
-201764
-965478
-874929
-1.0526e+06
-1.14271e+06
-873020
-818494
-1.30862e+06
-953584
-1.06655e+06
-901133
-471864
-1.39859e+06
894110
833076
1.33806e+06
972601
-819414
-702172
-376336
-1.08338e+06
-121533
-95235.3
206663
-235644
-1.01237e+06
-931709
-1.11983e+06
-1.21406e+06
-882645
-825592
-1.30899e+06
-992837
-1.06712e+06
-898318
-448888
-1.40972e+06
917497
867798
1.36799e+06
1.01359e+06
-855180
-716163
-398149
-1.11169e+06
-168362
-119985
150136
-243578
-1.03207e+06
-925137
-1.12272e+06
-1.19563e+06
-921113
-873520
-1.33763e+06
-1.00916e+06
-1.08566e+06
-921279
-468228
-1.43092e+06
994450
927945
1.46655e+06
1.07096e+06
-844779
-717944
-403620
-1.1163e+06
-146511
-112083
143185
-262273
-997388
-902238
-1.12571e+06
-1.20702e+06
-961507
-879499
-1.37936e+06
-1.04175e+06
-1.09038e+06
-912988
-439845
-1.43426e+06
998322
931852
1.48033e+06
1.10077e+06
-880492
-751527
-422141
-1.15978e+06
-180624
-145039
120903
-299327
-994432
-909512
-1.09078e+06
-1.18047e+06
-905399
-839531
-1.30492e+06
-994280
-1.06455e+06
-895383
-401473
-1.41371e+06
1.00818e+06
943474
1.48269e+06
1.10561e+06
-873633
-727373
-366178
-1.14492e+06
-217382
-167723
92540.5
-325788
-1.01488e+06
-911828
-1.10774e+06
-1.20016e+06
-899009
-854793
-1.29716e+06
-1.00681e+06
-1.05897e+06
-893498
-378871
-1.41834e+06
1.02177e+06
945505
1.47316e+06
1.11984e+06
-854158
-716182
-311779
-1.13923e+06
-237847
-188291
52487.1
-347996
-1.05488e+06
-949403
-1.16887e+06
-1.24712e+06
-951496
-881767
-1.35069e+06
-1.04913e+06
-1.07552e+06
-905625
-368221
-1.43835e+06
1.01542e+06
937774
1.42232e+06
1.12125e+06
-870181
-731755
-323410
-1.16549e+06
-266255
-231431
-25042.2
-392007
-1.06687e+06
-979407
-1.20015e+06
-1.27717e+06
-907026
-847490
-1.29997e+06
-1.02807e+06
-1.04866e+06
-873990
-317877
-1.409e+06
1.06053e+06
983083
1.48709e+06
1.17787e+06
-866333
-729412
-306302
-1.15675e+06
-257904
-212031
-9767.27
-341188
-1.05641e+06
-954803
-1.15288e+06
-1.22963e+06
-939748
-879245
-1.29016e+06
-1.03941e+06
-1.08561e+06
-908410
-343886
-1.44304e+06
1.08359e+06
1.00717e+06
1.56082e+06
1.18625e+06
-889360
-754726
-341181
-1.18808e+06
-211143
-164472
74607.5
-321102
-1.04242e+06
-932840
-1.14241e+06
-1.24232e+06
-978051
-889053
-1.35566e+06
-1.07221e+06
-1.1254e+06
-933137
-403777
-1.48162e+06
1.069e+06
995306
1.52679e+06
1.19116e+06
-930963
-791239
-390878
-1.23616e+06
-206810
-165904
101264
-321761
-1.05323e+06
-954922
-1.14978e+06
-1.23976e+06
-938099
-868750
-1.32959e+06
-1.03715e+06
-1.12082e+06
-945555
-444866
-1.47925e+06
1.06553e+06
990131
1.48653e+06
1.18793e+06
-926646
-776768
-386307
-1.21489e+06
-223207
-169638
82894.8
-323573
-1.06811e+06
-958412
-1.18108e+06
-1.25097e+06
-917423
-862883
-1.29736e+06
-1.02796e+06
-1.10756e+06
-936230
-420152
-1.47176e+06
1.09296e+06
1.00305e+06
1.49955e+06
1.21674e+06
-904558
-768677
-352426
-1.20593e+06
-183277
-134208
120054
-269803
-1.0811e+06
-969885
-1.19867e+06
-1.26616e+06
-940419
-865608
-1.30024e+06
-1.04155e+06
-1.13054e+06
-948122
-416473
-1.49173e+06
1.07879e+06
996804
1.45887e+06
1.20975e+06
-913129
-771558
-356371
-1.2143e+06
-140862
-100720
173954
-237864
-1.0787e+06
-973550
-1.17435e+06
-1.27952e+06
-930624
-859421
-1.2847e+06
-1.04807e+06
-1.13445e+06
-952764
-438594
-1.49797e+06
1.0939e+06
1.01356e+06
1.47114e+06
1.24704e+06
-953871
-807112
-395684
-1.25059e+06
-166610
-124691
125531
-243841
-1.07857e+06
-968216
-1.16093e+06
-1.24779e+06
-951097
-886953
-1.28435e+06
-1.06389e+06
-1.16396e+06
-976939
-475509
-1.52831e+06
1.14255e+06
1.05768e+06
1.57139e+06
1.2713e+06
-995401
-857903
-464065
-1.3189e+06
-146505
-113758
163282
-261398
-1.07701e+06
-973461
-1.1863e+06
-1.29134e+06
-975889
-883490
-1.27857e+06
-1.08929e+06
-1.14661e+06
-952035
-427678
-1.51411e+06
1.12468e+06
1.04587e+06
1.56628e+06
1.2663e+06
-1.06443e+06
-915005
-526635
-1.39275e+06
-174784
-131512
176060
-292040
-1.10085e+06
-994698
-1.17934e+06
-1.3009e+06
-939540
-862781
-1.21291e+06
-1.06556e+06
-1.12235e+06
-945279
-410830
-1.49498e+06
1.09377e+06
1.01581e+06
1.52257e+06
1.22414e+06
-1.1089e+06
-945889
-564063
-1.43618e+06
-217486
-167478
140074
-339680
-1.13213e+06
-1.01844e+06
-1.2239e+06
-1.33523e+06
-909375
-842808
-1.15934e+06
-1.03954e+06
-1.10459e+06
-926308
-381350
-1.46875e+06
1.11498e+06
1.02999e+06
1.5461e+06
1.2532e+06
-1.11058e+06
-956303
-552132
-1.45234e+06
-220260
-164244
145902
-332924
-1.16195e+06
-1.0446e+06
-1.26684e+06
-1.36133e+06
-904081
-827756
-1.14224e+06
-1.03041e+06
-1.06556e+06
-888634
-323214
-1.43134e+06
1.11248e+06
1.02869e+06
1.50536e+06
1.25073e+06
-1.15646e+06
-999352
-622892
-1.50438e+06
-207169
-165201
139505
-339514
-1.14843e+06
-1.04359e+06
-1.25311e+06
-1.3691e+06
798689
767616
1.56966e+06
795950
491123
386685
-190627
742034
-317005
-322748
-662126
-326292
-1.56601e+06
-1.45919e+06
-2.01375e+06
-1.81193e+06
305976
331914
1.0327e+06
228111
190193
121359
-309119
328472
835941
821882
1.64302e+06
822541
450290
348081
-287195
700874
-383238
-388965
-783471
-382758
-1.65898e+06
-1.53137e+06
-2.12691e+06
-1.90474e+06
318373
341884
1.01643e+06
227809
185499
113445
-399545
345371
861482
837180
1.68317e+06
862281
446489
340456
-291489
703035
-451347
-453404
-901444
-453159
-1.71027e+06
-1.58175e+06
-2.20901e+06
-1.95558e+06
319760
345713
1.02771e+06
243062
143036
78392
-438500
290204
877367
860639
1.71213e+06
881998
429478
305911
-353689
670521
-476879
-471303
-941593
-468033
-1.75774e+06
-1.60908e+06
-2.26704e+06
-2.00654e+06
328241
347800
1.02957e+06
246861
138129
74911.6
-436210
286750
957119
935498
1.81586e+06
986254
367502
271390
-431803
628918
-498874
-476401
-996065
-476017
-1.76347e+06
-1.61535e+06
-2.25319e+06
-2.00228e+06
344516
378161
1.06776e+06
274936
104872
45677.7
-513193
258666
1.0331e+06
1.02087e+06
1.92895e+06
1.06541e+06
344688
254697
-494065
610263
-470090
-439235
-991707
-421771
-1.75307e+06
-1.59566e+06
-2.21806e+06
-1.98482e+06
400368
434790
1.12489e+06
335507
67856.8
7805.04
-570760
210723
1.05987e+06
1.01069e+06
1.96878e+06
1.07707e+06
377275
267371
-467788
643034
-436733
-449939
-962762
-430595
-1.80045e+06
-1.6716e+06
-2.28322e+06
-2.07837e+06
406772
425849
1.15952e+06
336874
74186.1
8382.75
-519434
208703
1.10652e+06
1.08209e+06
2.08018e+06
1.10928e+06
403273
300849
-449235
673910
-449067
-454846
-985970
-432590
-1.86079e+06
-1.70806e+06
-2.34251e+06
-2.13721e+06
458166
481788
1.25676e+06
371981
126242
61606.7
-516295
290690
1.10855e+06
1.07083e+06
2.08995e+06
1.11786e+06
415340
302304
-442635
692617
-501761
-511622
-1.08934e+06
-486413
-1.91791e+06
-1.76973e+06
-2.44509e+06
-2.19424e+06
436155
459610
1.25858e+06
349089
76226.1
9607.46
-584699
223784
1.08882e+06
1.06783e+06
2.0781e+06
1.09273e+06
424004
296420
-475263
690575
-512087
-507988
-1.10382e+06
-487566
-1.97194e+06
-1.80107e+06
-2.52018e+06
-2.2551e+06
408431
438117
1.24291e+06
310843
74449.9
16368.1
-580219
225163
1.15011e+06
1.10946e+06
2.16078e+06
1.16937e+06
404346
289436
-518834
699359
-497136
-492834
-1.1005e+06
-457847
-1.97916e+06
-1.82109e+06
-2.51447e+06
-2.25229e+06
430560
460435
1.29741e+06
332424
83401.8
13842.3
-621681
252318
1.18882e+06
1.16036e+06
2.21421e+06
1.21244e+06
421519
307531
-554513
733362
-451640
-437452
-1.0596e+06
-386744
-2.00063e+06
-1.82912e+06
-2.53982e+06
-2.26524e+06
469146
502568
1.35028e+06
374496
86960
16445.9
-640099
259590
1.20909e+06
1.15639e+06
2.23535e+06
1.23225e+06
489030
361808
-481828
798036
-432409
-444627
-1.02418e+06
-412494
-2.03333e+06
-1.88042e+06
-2.5955e+06
-2.34233e+06
489148
510384
1.4072e+06
401330
115494
43692.1
-566169
279277
1.23243e+06
1.18961e+06
2.27079e+06
1.23947e+06
493572
364535
-481140
797693
-496199
-510675
-1.11496e+06
-477933
-2.09324e+06
-1.92623e+06
-2.66519e+06
-2.39898e+06
505468
520270
1.43427e+06
398308
161184
74633
-595320
349710
1.21596e+06
1.16466e+06
2.25044e+06
1.23248e+06
526095
389936
-413010
833084
-564522
-574784
-1.20156e+06
-557794
-2.129e+06
-1.96485e+06
-2.73651e+06
-2.43603e+06
474954
497099
1.42086e+06
372551
112772
33167.6
-650316
289561
1.19533e+06
1.15888e+06
2.21176e+06
1.21502e+06
544220
395098
-402313
835248
-601785
-596092
-1.23425e+06
-589735
-2.17325e+06
-1.98996e+06
-2.79102e+06
-2.4869e+06
458448
484882
1.40194e+06
351431
107306
30728
-659786
284594
1.22439e+06
1.17787e+06
2.24299e+06
1.25794e+06
511711
387297
-401601
816488
-645831
-626837
-1.27928e+06
-637135
-2.18566e+06
-2.00364e+06
-2.78058e+06
-2.49412e+06
459856
493024
1.43295e+06
355738
94580.5
20740.1
-706599
285264
1.25954e+06
1.22606e+06
2.2814e+06
1.30487e+06
528572
408743
-374494
843229
-640605
-610029
-1.27818e+06
-610677
-2.19437e+06
-2.00293e+06
-2.78412e+06
-2.48925e+06
488333
527758
1.47533e+06
387878
96126.2
22283.1
-704220
287329
1.27379e+06
1.21738e+06
2.30002e+06
1.30942e+06
564169
432417
-340623
870077
-627349
-621428
-1.26136e+06
-640291
-2.22685e+06
-2.05776e+06
-2.84011e+06
-2.56479e+06
475843
504767
1.47555e+06
360685
123695
40754.1
-633714
297466
1.31934e+06
1.27419e+06
2.38806e+06
1.33783e+06
553491
426997
-368745
854708
-662459
-661569
-1.31576e+06
-667093
-2.28411e+06
-2.09425e+06
-2.90517e+06
-2.6119e+06
481741
513454
1.49293e+06
350613
165688
72655.9
-661668
368282
1.31988e+06
1.26685e+06
2.3977e+06
1.34982e+06
578805
444384
-315754
887077
-729120
-722318
-1.42502e+06
-738040
-2.31043e+06
-2.12628e+06
-2.96842e+06
-2.63643e+06
453958
487411
1.48331e+06
323539
119650
30226.7
-714877
307521
1.30361e+06
1.26045e+06
2.38121e+06
1.33408e+06
584603
439038
-324554
881882
-753637
-734395
-1.44675e+06
-748186
-2.35092e+06
-2.14564e+06
-3.02484e+06
-2.67066e+06
415384
455096
1.45728e+06
274273
111362
26056.2
-710407
304064
1.3412e+06
1.2933e+06
2.43759e+06
1.3757e+06
545782
417474
-357904
845114
-763467
-732189
-1.46366e+06
-762019
-2.35379e+06
-2.15428e+06
-3.01713e+06
-2.67882e+06
394102
438736
1.46224e+06
237234
80761.5
-8300.02
-794435
267979
1.40037e+06
1.36031e+06
2.53855e+06
1.43809e+06
556349
431967
-343126
862139
-729914
-691391
-1.40431e+06
-711414
-2.33695e+06
-2.12926e+06
-2.9609e+06
-2.65248e+06
409923
459075
1.49862e+06
253228
58713.2
-31089.4
-811591
238938
1.43458e+06
1.36392e+06
2.59619e+06
1.46584e+06
621640
483108
-265466
939693
-701865
-683861
-1.34491e+06
-709974
-2.33355e+06
-2.1525e+06
-2.94875e+06
-2.68672e+06
460254
497394
1.57619e+06
321993
95137.7
10697.1
-704139
280217
1.42679e+06
1.37217e+06
2.59384e+06
1.43814e+06
580487
447948
-361730
891303
-765582
-746601
-1.45939e+06
-773795
-2.418e+06
-2.21768e+06
-3.04348e+06
-2.78009e+06
471323
509140
1.56599e+06
319875
120944
31846.7
-762690
327434
1.41629e+06
1.35598e+06
2.62006e+06
1.43114e+06
618432
479575
-274587
932873
-802259
-778274
-1.48948e+06
-817345
-2.42967e+06
-2.22718e+06
-3.03745e+06
-2.78931e+06
475450
510172
1.60217e+06
326899
106214
16286.1
-743441
297222
1.39615e+06
1.35158e+06
2.61464e+06
1.41066e+06
644267
495217
-244602
944704
-812437
-781233
-1.48887e+06
-822787
-2.4354e+06
-2.2104e+06
-3.01416e+06
-2.79253e+06
475435
513067
1.60898e+06
323373
126689
39858.2
-697026
320900
1.41518e+06
1.35517e+06
2.64026e+06
1.42991e+06
605496
468468
-260167
907413
-837495
-794023
-1.51859e+06
-846693
-2.42028e+06
-2.20177e+06
-2.94687e+06
-2.78512e+06
479972
512450
1.62157e+06
326864
106181
12812.8
-764880
303313
1.40932e+06
1.36307e+06
2.62927e+06
1.42461e+06
560198
429795
-327366
857762
-838791
-791959
-1.54689e+06
-836891
-2.43627e+06
-2.20637e+06
-2.9295e+06
-2.803e+06
480519
519638
1.59255e+06
335654
53206.2
-36317.7
-863212
246705
1.3711e+06
1.31966e+06
2.5853e+06
1.39973e+06
559676
431943
-348376
873239
-823390
-792933
-1.51241e+06
-848252
-2.47509e+06
-2.26861e+06
-2.9925e+06
-2.87598e+06
430239
478772
1.54305e+06
297818
57593.1
-21271.9
-830801
260541
1.39649e+06
1.34964e+06
2.65647e+06
1.39452e+06
593302
458231
-308727
900635
-805499
-786028
-1.4634e+06
-837780
-2.49976e+06
-2.28998e+06
-3.01786e+06
-2.90661e+06
459462
498690
1.61723e+06
298199
146515
50652.2
-781367
364982
1.37096e+06
1.32699e+06
2.62227e+06
1.38784e+06
616109
480431
-279944
940576
-838669
-812734
-1.51396e+06
-866249
-2.55018e+06
-2.33333e+06
-3.11358e+06
-2.94356e+06
424382
475855
1.59941e+06
270232
116213
30530
-805583
333180
1.33675e+06
1.29875e+06
2.54193e+06
1.35441e+06
638904
484755
-309875
962022
-826832
-793266
-1.49988e+06
-839201
-2.58911e+06
-2.35952e+06
-3.19643e+06
-2.98196e+06
393514
447522
1.5468e+06
233731
130697
42468.1
-810825
357865
1.3701e+06
1.3329e+06
2.5733e+06
1.41584e+06
635883
497149
-325541
976625
-787040
-742580
-1.4461e+06
-791093
-2.56671e+06
-2.33809e+06
-3.15521e+06
-2.94554e+06
406745
467721
1.5798e+06
259746
159989
72132
-826364
407119
1.4243e+06
1.3942e+06
2.60372e+06
1.48193e+06
681386
543303
-277505
1.03322e+06
-717083
-665255
-1.34164e+06
-701301
-2.53913e+06
-2.30219e+06
-3.08607e+06
-2.91311e+06
453127
513555
1.61607e+06
314236
205041
112167
-770211
451475
-89873.3
-108926
-537777
-8729.94
1.63281e+06
1.50903e+06
2.2042e+06
1.83469e+06
275731
245701
227372
337351
-179262
-153355
989.949
-266334
-953859
-862013
-990826
-1.15657e+06
-547275
-535257
-1.05416e+06
-548953
-64145.9
-92249.9
-531556
19946.8
1.65593e+06
1.5302e+06
2.2297e+06
1.8678e+06
242167
214243
182096
305695
-192426
-159978
-5233.3
-272789
-1.00201e+06
-893779
-1.05233e+06
-1.19032e+06
-587237
-567305
-1.11317e+06
-580562
-52223.4
-96981.1
-534424
19750.9
1.68842e+06
1.55662e+06
2.25658e+06
1.90844e+06
263825
231283
213392
321160
-213846
-176809
-38079.1
-300991
-1.02323e+06
-921221
-1.11152e+06
-1.21545e+06
-587265
-576261
-1.17421e+06
-588571
-73457.1
-108844
-554579
1439.67
1.73623e+06
1.60304e+06
2.31711e+06
1.96301e+06
254465
225781
226201
307334
-185301
-133354
65632.2
-275649
-989338
-881095
-1.0367e+06
-1.1751e+06
-584296
-559350
-1.16226e+06
-581938
-70035.4
-99588.2
-584509
14426.4
1.77189e+06
1.64387e+06
2.35814e+06
2.00946e+06
233958
208902
230089
276685
-163724
-123703
123626
-270973
-989261
-884304
-1.02599e+06
-1.18659e+06
-557537
-544483
-1.11552e+06
-563286
-44408.4
-72934.5
-527099
42227
1.83432e+06
1.6932e+06
2.43898e+06
2.07082e+06
229170
205624
252568
268904
-182848
-139008
124195
-288985
-1.01215e+06
-905336
-1.05872e+06
-1.20679e+06
-591153
-583139
-1.16266e+06
-599388
-30388.6
-62147.6
-514234
74652.8
1.89142e+06
1.7453e+06
2.51789e+06
2.13211e+06
246273
228786
290062
282124
-181260
-140606
126517
-286952
-1.03802e+06
-941958
-1.11211e+06
-1.24981e+06
-629216
-614669
-1.21451e+06
-630574
-4676.1
-50495.2
-509089
90506.1
1.9326e+06
1.78065e+06
2.56504e+06
2.18465e+06
249832
229913
302711
287780
-184193
-151687
106569
-290316
-1.06384e+06
-955153
-1.12281e+06
-1.27046e+06
-651641
-635966
-1.25027e+06
-652972
-44438.1
-90197.1
-547668
37271.6
1.94275e+06
1.79676e+06
2.5773e+06
2.20317e+06
268631
253772
334843
307746
-248759
-193515
31974.7
-355021
-1.10331e+06
-991224
-1.16457e+06
-1.31506e+06
-674185
-653532
-1.29472e+06
-684120
-96467.7
-132817
-617949
-13691.7
1.99893e+06
1.8472e+06
2.63575e+06
2.26882e+06
284646
269299
372446
323348
-234038
-173209
88710.8
-347699
-1.07634e+06
-962744
-1.08954e+06
-1.2905e+06
-670800
-640927
-1.27557e+06
-679519
-104116
-137222
-669727
-16486.2
2.03864e+06
1.88619e+06
2.68182e+06
2.31501e+06
302264
280053
416554
333421
-239042
-188090
88283
-368085
-1.08113e+06
-966376
-1.06858e+06
-1.30766e+06
-652842
-634124
-1.23882e+06
-671968
-109551
-137932
-633790
-35650.9
2.09863e+06
1.93808e+06
2.76746e+06
2.37191e+06
298207
282853
428333
329280
-266335
-206211
81033.7
-399547
-1.09998e+06
-974583
-1.05808e+06
-1.33496e+06
-674960
-655145
-1.24685e+06
-701505
-107443
-131565
-615176
-13478.9
2.15028e+06
1.97555e+06
2.85238e+06
2.42052e+06
311193
285847
442290
347559
-254685
-201589
100949
-382263
-1.14844e+06
-1.02785e+06
-1.11159e+06
-1.39768e+06
-721192
-699450
-1.3005e+06
-741375
-78637.3
-114684
-606947
16172.9
2.16474e+06
1.9913e+06
2.87593e+06
2.44058e+06
292715
265722
391502
331364
-240583
-191713
108852
-360191
-1.18471e+06
-1.05001e+06
-1.1439e+06
-1.42731e+06
-760057
-733478
-1.36132e+06
-777588
-98907.3
-140295
-613081
-30964.2
2.16609e+06
1.99478e+06
2.8903e+06
2.4423e+06
310529
279106
396106
348905
-260981
-203355
73517.2
-385322
-1.22642e+06
-1.09193e+06
-1.19978e+06
-1.47752e+06
-777343
-755954
-1.41424e+06
-813426
-150600
-173113
-648910
-83742.7
2.18456e+06
2.01504e+06
2.92138e+06
2.46635e+06
295185
269005
382997
331998
-232403
-161365
163155
-358485
-1.22186e+06
-1.08046e+06
-1.16441e+06
-1.46723e+06
-803704
-762019
-1.42903e+06
-836218
-141313
-162695
-647740
-74316.2
2.19727e+06
2.02989e+06
2.94252e+06
2.4813e+06
292024
262158
379651
329773
-207808
-150288
202215
-344430
-1.22801e+06
-1.08454e+06
-1.16072e+06
-1.48442e+06
-773112
-743330
-1.37672e+06
-811942
-114840
-131684
-560501
-45033.5
2.23719e+06
2.06093e+06
3.00336e+06
2.51755e+06
284678
254269
346434
333830
-211403
-153251
220194
-342482
-1.25359e+06
-1.11067e+06
-1.18146e+06
-1.51369e+06
-805194
-780356
-1.42177e+06
-845667
-99523.2
-120194
-556870
-14934.1
2.26446e+06
2.08471e+06
3.0437e+06
2.54527e+06
290240
258996
359481
328063
-198909
-153276
220416
-334367
-1.30057e+06
-1.16876e+06
-1.26802e+06
-1.58178e+06
-847877
-814376
-1.48577e+06
-890632
-75939.7
-111685
-542261
580.535
2.27901e+06
2.09932e+06
3.05718e+06
2.5677e+06
275026
247578
349776
308414
-206467
-161664
212902
-344860
-1.34998e+06
-1.20489e+06
-1.30832e+06
-1.63133e+06
-876562
-837902
-1.49799e+06
-916879
-110507
-148107
-590351
-48666.6
2.26009e+06
2.08273e+06
3.02609e+06
2.55495e+06
309685
281718
396255
349433
-245454
-181965
159857
-381937
-1.41217e+06
-1.26071e+06
-1.39005e+06
-1.70137e+06
-887463
-842342
-1.53154e+06
-939967
-162022
-183561
-642184
-103606
2.2705e+06
2.09748e+06
3.01706e+06
2.5743e+06
309226
286904
397798
356925
-221889
-144847
253272
-361894
-1.40643e+06
-1.24292e+06
-1.33798e+06
-1.69644e+06
-867620
-806510
-1.46248e+06
-921970
-163452
-190582
-674130
-104626
2.2816e+06
2.10555e+06
3.01999e+06
2.58796e+06
337002
303521
435801
378388
-208878
-154240
280067
-370775
-1.41609e+06
-1.26297e+06
-1.32559e+06
-1.72818e+06
-823465
-787643
-1.36541e+06
-898828
-179394
-194703
-634741
-125784
2.30315e+06
2.12142e+06
3.05499e+06
2.60619e+06
324247
290757
417056
367736
-254923
-190611
247332
-412702
-1.47563e+06
-1.30818e+06
-1.36571e+06
-1.78927e+06
-864874
-818479
-1.37357e+06
-945741
-183532
-193799
-637932
-109698
2.33343e+06
2.1463e+06
3.09894e+06
2.62762e+06
297187
274715
381626
341967
-265434
-202602
244437
-428147
-1.53263e+06
-1.36827e+06
-1.4508e+06
-1.86057e+06
-912875
-862885
-1.41387e+06
-990413
-166889
-198097
-654745
-105210
2.34801e+06
2.16022e+06
3.12781e+06
2.64583e+06
273980
247545
320720
320958
-276314
-212377
229344
-438927
-1.57663e+06
-1.39936e+06
-1.49263e+06
-1.90485e+06
-961379
-910519
-1.47009e+06
-1.04812e+06
-164192
-184767
-640168
-93309.1
2.37412e+06
2.19271e+06
3.17904e+06
2.6856e+06
320944
292817
370264
377890
-284052
-201270
222293
-434794
-1.59562e+06
-1.4142e+06
-1.51197e+06
-1.91918e+06
-944741
-876737
-1.45997e+06
-1.01813e+06
-165388
-184258
-637117
-95046.5
2.4104e+06
2.22374e+06
3.22467e+06
2.72285e+06
325067
296535
382722
379070
-235397
-146884
342325
-391177
-1.56932e+06
-1.38577e+06
-1.43943e+06
-1.89728e+06
-917457
-842923
-1.40389e+06
-989351
-152896
-176611
-661251
-81595.9
2.42372e+06
2.23655e+06
3.24271e+06
2.73896e+06
317750
287215
363748
374795
-217928
-147009
378737
-394387
-1.57345e+06
-1.39185e+06
-1.42006e+06
-1.91363e+06
-870044
-820547
-1.33343e+06
-958415
-130226
-157680
-609000
-60193.9
2.45677e+06
2.25871e+06
3.29415e+06
2.7614e+06
319194
276982
342520
373968
-239581
-171675
362529
-414789
-1.59815e+06
-1.41553e+06
-1.44823e+06
-1.93884e+06
-911748
-867689
-1.39962e+06
-1.00763e+06
-118672
-135350
-586725
-25668
2.51198e+06
2.31809e+06
3.39363e+06
2.81952e+06
334902
304467
381600
392884
-229581
-160961
344802
-389994
-1.61915e+06
-1.44098e+06
-1.50012e+06
-1.96772e+06
-935823
-880225
-1.41323e+06
-1.00981e+06
-59971.1
-94815.2
-554025
34755
2.55279e+06
2.35828e+06
3.43849e+06
2.87094e+06
354589
323296
395814
419674
-189836
-122453
344343
-327602
-1.60702e+06
-1.41835e+06
-1.49778e+06
-1.94043e+06
-938054
-883346
-1.45429e+06
-1.00282e+06
-71335.1
-121269
-577008
2879.34
2.56942e+06
2.36929e+06
3.46629e+06
2.88466e+06
404825
363821
437232
475824
-188989
-128937
288529
-324995
-1.6184e+06
-1.43846e+06
-1.5353e+06
-1.95611e+06
-936697
-895147
-1.50353e+06
-1.01012e+06
-143963
-182058
-677909
-70306.2
2.57531e+06
2.37165e+06
3.46654e+06
2.9029e+06
406335
360815
431737
481851
-164600
-103276
327168
-294803
-1.58706e+06
-1.40664e+06
-1.48232e+06
-1.90924e+06
-965791
-910862
-1.55694e+06
-1.03121e+06
-156671
-185050
-750844
-61063.6
2.56921e+06
2.37837e+06
3.44058e+06
2.91129e+06
407662
367347
415598
495824
-166724
-106804
284794
-285519
-1.57599e+06
-1.3917e+06
-1.48886e+06
-1.89529e+06
-945721
-894324
-1.55511e+06
-1.00157e+06
-156637
-187392
-718613
-69149.4
2.62795e+06
2.41926e+06
3.51512e+06
2.9634e+06
425689
376265
404486
521425
-168798
-121994
242309
-278739
-1.57308e+06
-1.39981e+06
-1.49075e+06
-1.89187e+06
-960066
-923206
-1.58685e+06
-1.0223e+06
-1.07225e+06
-1.10376e+06
-2.7674e+06
-935455
-407560
-416047
-960869
-378451
-231298
-168858
219948
-378917
161626
253103
1.50282e+06
-89956.7
-643051
-545629
-273997
-847814
868089
658932
-457611
1.31219e+06
-1.10011e+06
-1.14039e+06
-2.84644e+06
-967369
-435403
-425987
-989611
-396813
-261822
-196626
173160
-410473
158384
246686
1.5251e+06
-98200.2
-678912
-583043
-325389
-889139
870598
660098
-461567
1.32015e+06
-1.10367e+06
-1.13062e+06
-2.89759e+06
-932906
-485285
-494801
-1.10403e+06
-453120
-319006
-249815
99957.3
-470809
173307
262310
1.54938e+06
-80593.2
-721948
-630280
-393832
-936322
931110
730909
-372392
1.38793e+06
-1.11324e+06
-1.15762e+06
-2.97576e+06
-954611
-501692
-498986
-1.16587e+06
-465680
-310475
-245973
90280.6
-458746
180068
285131
1.57488e+06
-82811.4
-771960
-651605
-424565
-986683
919880
703740
-394340
1.37593e+06
-1.20872e+06
-1.25466e+06
-3.13657e+06
-1.06436e+06
-506233
-512626
-1.17708e+06
-474418
-290656
-226962
117235
-434717
197595
293976
1.61677e+06
-71407.2
-729124
-624301
-368599
-951119
847792
633184
-585128
1.30973e+06
-1.27139e+06
-1.29115e+06
-3.2268e+06
-1.11205e+06
-517080
-513281
-1.18892e+06
-454114
-249869
-177698
192672
-388779
198705
293915
1.62371e+06
-58766.2
-736776
-634249
-361291
-946984
788551
572460
-750435
1.24976e+06
-1.27273e+06
-1.30617e+06
-3.25302e+06
-1.11702e+06
-519303
-533151
-1.25933e+06
-484150
-268541
-207117
163658
-426318
188971
291360
1.63426e+06
-82624.7
-792063
-678057
-460186
-1.01931e+06
800977
578835
-727600
1.27022e+06
-1.26704e+06
-1.304e+06
-3.27005e+06
-1.11074e+06
-552793
-545791
-1.29521e+06
-509714
-282167
-207752
178631
-443091
190566
294701
1.6781e+06
-83952
-802600
-695314
-493347
-1.02875e+06
828295
610435
-688062
1.30614e+06
-1.26339e+06
-1.28937e+06
-3.27628e+06
-1.08295e+06
-621373
-633240
-1.40841e+06
-594965
-331448
-257550
158895
-510992
195401
298441
1.71343e+06
-86540
-859152
-752406
-564654
-1.09494e+06
901465
687675
-556571
1.37958e+06
-1.26027e+06
-1.30418e+06
-3.2961e+06
-1.09276e+06
-651339
-649872
-1.46088e+06
-617537
-320820
-244072
215373
-502056
184757
305282
1.73807e+06
-103175
-908310
-776837
-591595
-1.14194e+06
903935
677326
-570198
1.39577e+06
-1.2948e+06
-1.34178e+06
-3.33724e+06
-1.14123e+06
-645114
-652160
-1.44447e+06
-622754
-267988
-195503
339072
-456073
226592
336954
1.82379e+06
-73872.2
-825771
-712533
-468689
-1.06811e+06
863990
636754
-715186
1.36207e+06
-1.31777e+06
-1.34159e+06
-3.32825e+06
-1.16401e+06
-647873
-639784
-1.41229e+06
-604650
-219532
-132037
483323
-418535
244984
358027
1.88319e+06
-47273.6
-794068
-680464
-376812
-1.02695e+06
843576
610826
-809732
1.34066e+06
-1.31772e+06
-1.3545e+06
-3.33158e+06
-1.16188e+06
-621947
-627419
-1.4071e+06
-594122
-247250
-163524
464022
-441800
242325
351446
1.89807e+06
-57099.6
-828494
-712087
-440145
-1.0819e+06
874762
645940
-718697
1.38402e+06
-1.31891e+06
-1.36734e+06
-3.35866e+06
-1.17388e+06
-627052
-614288
-1.39884e+06
-586679
-265039
-177749
425275
-462779
213466
320438
1.86584e+06
-90340.7
-852646
-732447
-461677
-1.10455e+06
931011
694611
-647906
1.44871e+06
-1.3198e+06
-1.35351e+06
-3.37505e+06
-1.1474e+06
-637392
-638047
-1.41658e+06
-606711
-301807
-210397
410396
-510376
210721
320258
1.88594e+06
-100160
-875489
-758565
-474193
-1.14293e+06
1.03818e+06
814120
-468489
1.56644e+06
-1.33973e+06
-1.39174e+06
-3.43616e+06
-1.1798e+06
-623460
-622585
-1.40725e+06
-587102
-315930
-232486
384312
-526544
177148
298910
1.84952e+06
-151055
-927517
-784106
-492448
-1.1992e+06
1.0937e+06
841014
-409645
1.63041e+06
-1.42621e+06
-1.47916e+06
-3.57795e+06
-1.28043e+06
-609328
-615862
-1.40063e+06
-574571
-317613
-229162
370134
-511804
165590
283151
1.84449e+06
-162106
-880526
-751310
-420787
-1.1598e+06
1.06727e+06
813489
-548880
1.62023e+06
-1.49412e+06
-1.5178e+06
-3.67049e+06
-1.3423e+06
-594972
-590471
-1.36976e+06
-541224
-288142
-192800
390648
-481405
144678
262638
1.79767e+06
-174764
-880092
-755619
-395346
-1.15809e+06
1.07073e+06
816030
-633051
1.62836e+06
-1.49694e+06
-1.52252e+06
-3.68152e+06
-1.34471e+06
-589751
-598777
-1.38696e+06
-555490
-303745
-210931
358741
-501780
123807
249211
1.78367e+06
-197469
-929951
-787903
-448755
-1.2218e+06
1.10924e+06
848232
-562255
1.68042e+06
-1.48406e+06
-1.51446e+06
-3.66115e+06
-1.33229e+06
-618306
-603462
-1.39646e+06
-567562
-288417
-197604
383019
-483593
99407.2
220730
1.75841e+06
-222358
-930759
-785918
-430027
-1.21373e+06
1.15953e+06
897650
-501853
1.74449e+06
-1.44851e+06
-1.46566e+06
-3.61274e+06
-1.26871e+06
-646262
-650173
-1.45192e+06
-613605
-309528
-215562
388530
-521506
92852.3
220418
1.76136e+06
-235690
-938601
-800296
-423295
-1.23686e+06
1.25897e+06
1.00704e+06
-333059
1.84949e+06
-1.43518e+06
-1.46895e+06
-3.60653e+06
-1.27404e+06
-650393
-642409
-1.45667e+06
-623096
-304344
-216082
420464
-511921
81907
219470
1.7623e+06
-269197
-967063
-805861
-400594
-1.27339e+06
1.29866e+06
1.0172e+06
-298715
1.89249e+06
-1.46827e+06
-1.506e+06
-3.65571e+06
-1.31994e+06
-633714
-635176
-1.42323e+06
-609836
-253597
-165131
479287
-451101
99686.5
227904
1.80252e+06
-246649
-874485
-728563
-261073
-1.18194e+06
1.26184e+06
985696
-445959
1.87654e+06
-1.50105e+06
-1.51673e+06
-3.66695e+06
-1.34735e+06
-636202
-631069
-1.40196e+06
-590979
-196558
-112380
565354
-394566
95747.2
220209
1.78742e+06
-246228
-838632
-698745
-169572
-1.1344e+06
1.25332e+06
967949
-543502
1.86662e+06
-1.49115e+06
-1.52345e+06
-3.6477e+06
-1.34606e+06
-603296
-603649
-1.36469e+06
-567404
-202968
-120818
549952
-403860
103899
230833
1.84148e+06
-238996
-838489
-690685
-166551
-1.14821e+06
1.29179e+06
1.01134e+06
-446881
1.91906e+06
-1.51239e+06
-1.54451e+06
-3.67655e+06
-1.37894e+06
-611060
-594522
-1.35949e+06
-567086
-226727
-137817
513797
-430207
79115.3
200085
1.81367e+06
-274946
-838076
-691752
-167239
-1.14178e+06
1.3464e+06
1.05651e+06
-402620
1.98305e+06
-1.47746e+06
-1.4926e+06
-3.63659e+06
-1.30016e+06
-584706
-586455
-1.35409e+06
-532195
-226487
-136060
525874
-421932
120393
249713
1.88467e+06
-213427
-802937
-661626
-136505
-1.09559e+06
1.47169e+06
1.18964e+06
-218741
2.13214e+06
-1.46663e+06
-1.50696e+06
-3.63845e+06
-1.32149e+06
-541663
-547442
-1.32155e+06
-489141
-214610
-136829
531603
-421767
129444
258044
1.88506e+06
-231990
-820802
-671650
-141484
-1.12535e+06
1.51974e+06
1.20739e+06
-186576
2.18178e+06
-1.57095e+06
-1.6051e+06
-3.77042e+06
-1.44494e+06
-547456
-555673
-1.33591e+06
-494089
-234726
-153632
494693
-434242
95852.6
222372
1.851e+06
-266782
-801962
-664475
-130398
-1.11254e+06
1.46771e+06
1.15947e+06
-365704
2.14818e+06
-1.65669e+06
-1.66559e+06
-3.8607e+06
-1.5312e+06
-550491
-551963
-1.34415e+06
-475172
-232981
-144463
485333
-427348
61190.9
188130
1.77905e+06
-290199
-821239
-684257
-159734
-1.1186e+06
1.44533e+06
1.12931e+06
-507336
2.13314e+06
-1.64796e+06
-1.66745e+06
-3.87063e+06
-1.51133e+06
-520864
-535083
-1.35172e+06
-445093
-257744
-174955
435310
-457690
19696.5
155321
1.73581e+06
-333708
-866090
-726809
-257030
-1.16816e+06
1.48604e+06
1.16062e+06
-476116
2.19091e+06
-1.64093e+06
-1.67805e+06
-3.91499e+06
-1.51052e+06
-519313
-524959
-1.3507e+06
-432919
-272716
-182466
433490
-479164
-19174.6
111706
1.70292e+06
-391683
-920725
-782537
-350995
-1.23067e+06
1.50782e+06
1.17819e+06
-463335
2.21954e+06
-1.66307e+06
-1.68682e+06
-3.98282e+06
-1.50437e+06
-579347
-596549
-1.48116e+06
-501310
-352532
-256036
353200
-576086
-83292.2
60630.2
1.63805e+06
-455988
-1.02318e+06
-884023
-502358
-1.3425e+06
1.56342e+06
1.2394e+06
-398928
2.28586e+06
-1.66809e+06
-1.70706e+06
-4.0541e+06
-1.51359e+06
-566405
-576938
-1.51411e+06
-468776
-344263
-252908
382378
-563662
-133677
20167.4
1.5828e+06
-535006
-1.08704e+06
-931441
-575501
-1.42094e+06
1.56996e+06
1.22535e+06
-454846
2.30171e+06
-1.73058e+06
-1.77417e+06
-4.16847e+06
-1.5852e+06
-533629
-550005
-1.4673e+06
-429468
-310306
-212348
471008
-525146
-167957
-11395.7
1.60684e+06
-579923
-1.05918e+06
-911797
-496791
-1.39652e+06
1.50301e+06
1.16077e+06
-632855
2.24759e+06
-1.77254e+06
-1.79261e+06
-4.22485e+06
-1.61775e+06
-494067
-503656
-1.41202e+06
-375233
-255577
-146520
597050
-482494
-216434
-42077.8
1.57137e+06
-632492
-1.07637e+06
-918747
-475558
-1.41524e+06
1.46589e+06
1.12771e+06
-774891
2.21441e+06
-333283
-412114
-1.70814e+06
-95829.2
514046
558402
1.65723e+06
375674
-155713
-80503.4
690434
-373044
-787860
-747428
-1.18611e+06
-873059
372877
302728
-109715
550728
-1.10122e+06
-1.01744e+06
-1.51193e+06
-1.25212e+06
-371691
-444945
-1.76035e+06
-152418
531230
570216
1.66525e+06
409993
-196929
-106227
627074
-402346
-816151
-759125
-1.22458e+06
-881645
414261
329148
-81514.6
592064
-1.0927e+06
-1.01466e+06
-1.4558e+06
-1.23215e+06
-383727
-472022
-1.82182e+06
-157110
581630
620741
1.74345e+06
451572
-162081
-84573.5
645265
-368449
-766451
-722030
-1.16983e+06
-842807
448160
372889
22447.8
638321
-1.16382e+06
-1.06589e+06
-1.5622e+06
-1.3216e+06
-419227
-492117
-1.87719e+06
-189966
605889
645946
1.8141e+06
471571
-143652
-55850.8
709693
-349402
-783983
-731665
-1.17261e+06
-865975
450464
367758
4508.51
638256
-1.14589e+06
-1.04022e+06
-1.49983e+06
-1.28854e+06
-404182
-482080
-1.86089e+06
-163740
640790
684114
1.92283e+06
489779
-73602.7
3938.58
860748
-288630
-821853
-775403
-1.19451e+06
-923994
427555
356614
-9656.25
614329
-1.1124e+06
-1.01007e+06
-1.45536e+06
-1.26967e+06
-405846
-489053
-1.87565e+06
-186942
623310
668186
1.93423e+06
477864
-107195
-12199.7
843268
-318358
-893882
-815015
-1.27407e+06
-970030
451878
369610
-29843.4
646960
-1.09377e+06
-1.00342e+06
-1.41994e+06
-1.22541e+06
-392048
-476474
-1.85091e+06
-153872
633912
675455
1.95988e+06
474377
-78640.9
-6842.67
864668
-304907
-918030
-866561
-1.34111e+06
-1.02696e+06
459730
377115
-16747.1
651913
-1.08713e+06
-1.00534e+06
-1.4858e+06
-1.23725e+06
-437896
-516035
-1.89567e+06
-223389
654507
692024
1.99577e+06
510871
-121032
-33313.2
809062
-336831
-961502
-892588
-1.399e+06
-1.05387e+06
498041
402501
29128.6
684922
-1.08312e+06
-1.00304e+06
-1.41801e+06
-1.22558e+06
-479536
-567017
-1.99754e+06
-260291
679990
721639
2.02423e+06
527661
-109476
-33187.3
784609
-328817
-939771
-879872
-1.39354e+06
-1.04035e+06
503177
418684
77068.3
700492
-1.16931e+06
-1.07204e+06
-1.56767e+06
-1.32654e+06
-523614
-598458
-2.06391e+06
-306611
702803
742343
2.09407e+06
542912
-97362.9
-6228.2
836859
-314397
-972205
-904902
-1.42829e+06
-1.08052e+06
491238
402093
42149.9
684547
-1.15745e+06
-1.04901e+06
-1.51928e+06
-1.2984e+06
-530018
-609811
-2.08387e+06
-305383
724931
766227
2.17216e+06
547236
-34093.9
44602.2
965194
-262158
-1.02799e+06
-966406
-1.49063e+06
-1.15644e+06
454252
374588
-1973.54
646221
-1.11959e+06
-1.01751e+06
-1.47715e+06
-1.27318e+06
-547025
-627807
-2.0957e+06
-346422
700873
749462
2.1963e+06
530670
-64154.4
28467.4
963111
-287420
-1.10991e+06
-1.01698e+06
-1.58728e+06
-1.21234e+06
462965
372717
-32029.1
656564
-1.10209e+06
-1.01239e+06
-1.43783e+06
-1.23411e+06
-541596
-609267
-2.06659e+06
-311587
680838
740325
2.21034e+06
495796
-55864.3
32897.4
1.02352e+06
-290775
-1.13299e+06
-1.06115e+06
-1.63681e+06
-1.2544e+06
425540
352245
-71684.4
623290
-1.10865e+06
-1.02698e+06
-1.52143e+06
-1.25043e+06
-558299
-619503
-2.12341e+06
-346772
706934
758422
2.2275e+06
521560
-70571.4
20837.7
985520
-302637
-1.13766e+06
-1.06064e+06
-1.66618e+06
-1.24332e+06
457579
370808
-69600.5
645595
-1.13335e+06
-1.06023e+06
-1.56545e+06
-1.26794e+06
-532775
-614894
-2.11758e+06
-298804
754255
813384
2.3489e+06
578226
-56046.7
31571.6
1.02292e+06
-281031
-1.1104e+06
-1.03871e+06
-1.61546e+06
-1.21625e+06
477858
400514
32372.8
686087
-1.19717e+06
-1.11102e+06
-1.69037e+06
-1.33156e+06
-529186
-596659
-2.14313e+06
-284435
774368
827357
2.40116e+06
578015
-60294.3
33963
1.04459e+06
-292138
-1.12779e+06
-1.0546e+06
-1.64014e+06
-1.24453e+06
475480
392718
-10299.7
681261
-1.19782e+06
-1.10268e+06
-1.70032e+06
-1.31491e+06
-474379
-546422
-2.0878e+06
-202709
790863
856784
2.50199e+06
583130
-36435.8
59574.5
1.15186e+06
-275057
-1.17384e+06
-1.10126e+06
-1.68232e+06
-1.2996e+06
450030
383784
-38099.6
665514
-1.18577e+06
-1.09337e+06
-1.69777e+06
-1.30857e+06
-417639
-507653
-2.05223e+06
-172728
800904
863442
2.53201e+06
595183
-62921.2
39277.7
1.09494e+06
-310006
-1.222e+06
-1.12705e+06
-1.7751e+06
-1.32276e+06
513732
423365
-25757.8
729038
-1.17049e+06
-1.09494e+06
-1.71888e+06
-1.27176e+06
-400201
-488163
-2.00078e+06
-130758
798365
866293
2.55577e+06
584695
-74619.6
22551.8
1.10125e+06
-348214
-1.23169e+06
-1.15597e+06
-1.8142e+06
-1.36048e+06
505193
419600
-2780.34
709350
-1.18324e+06
-1.10751e+06
-1.79038e+06
-1.30965e+06
-449397
-534047
-2.06324e+06
-204719
822385
886292
2.57486e+06
631267
-124326
-10409.3
1.03735e+06
-388364
-1.22421e+06
-1.13219e+06
-1.80193e+06
-1.33132e+06
530918
430260
41132.4
725509
-1.19299e+06
-1.10936e+06
-1.73011e+06
-1.30907e+06
-463805
-556825
-2.09366e+06
-212946
863474
930816
2.66287e+06
658613
-109541
-2066.87
1.07677e+06
-385471
-1.16366e+06
-1.08581e+06
-1.6927e+06
-1.28617e+06
528840
450074
141437
722754
-1.25119e+06
-1.15748e+06
-1.81396e+06
-1.39291e+06
-510714
-601936
-2.18401e+06
-267088
882522
938547
2.70692e+06
667888
-118238
-1288.35
1.10864e+06
-398457
-1.17101e+06
-1.0913e+06
-1.68131e+06
-1.30202e+06
501975
409881
89067.2
687748
-1.24982e+06
-1.14305e+06
-1.77189e+06
-1.37424e+06
-550878
-641164
-2.25848e+06
-299053
879853
942185
2.74458e+06
647560
-95280.5
17343.2
1.20256e+06
-393079
-1.2166e+06
-1.1407e+06
-1.71582e+06
-1.36322e+06
421723
345206
-12307.2
598102
-1.23779e+06
-1.13572e+06
-1.75061e+06
-1.38193e+06
-562138
-652893
-2.28475e+06
-324238
878017
947904
2.77574e+06
667082
-124688
4236.28
1.17818e+06
-411407
-1.25232e+06
-1.14091e+06
-1.75811e+06
-1.36787e+06
434560
347027
-41787.9
618139
-1.21715e+06
-1.1187e+06
-1.70162e+06
-1.33366e+06
-551053
-635106
-2.26888e+06
-289226
902954
967677
2.82808e+06
670057
-79794.2
29230.4
1.22775e+06
-370029
-1.23503e+06
-1.15762e+06
-1.75827e+06
-1.37253e+06
432981
357672
-24477.2
620543
-1.20865e+06
-1.13157e+06
-1.75247e+06
-1.35465e+06
-574712
-650291
-2.31667e+06
-318895
942693
1.01003e+06
2.88654e+06
731013
-86158.8
35811.4
1.17977e+06
-357611
-1.23246e+06
-1.14044e+06
-1.76866e+06
-1.35067e+06
476133
390264
23632.2
660115
-1.23623e+06
-1.14651e+06
-1.72298e+06
-1.37342e+06
-578570
-671646
-2.38745e+06
-309091
1.00438e+06
1.06977e+06
2.98163e+06
788760
-47299.1
54715.2
1.19836e+06
-319539
-1.17962e+06
-1.10498e+06
-1.69994e+06
-1.30878e+06
498648
421023
112320
691586
-1.31717e+06
-1.21865e+06
-1.85051e+06
-1.48363e+06
-596910
-685007
-2.44784e+06
-315883
1.04351e+06
1.1009e+06
3.0744e+06
820563
-20407.1
93339.5
1.25587e+06
-283020
-1.19031e+06
-1.10498e+06
-1.69263e+06
-1.32003e+06
487146
400478
76685
680554
-1.33589e+06
-1.22218e+06
-1.82008e+06
-1.49109e+06
-581839
-675434
-2.46757e+06
-279314
1.07845e+06
1.13911e+06
3.184e+06
841408
57154
160472
1.40503e+06
-205704
-1.21397e+06
-1.13542e+06
-1.69689e+06
-1.35385e+06
446439
372271
28234.1
643672
-1.32967e+06
-1.22047e+06
-1.78599e+06
-1.50737e+06
-551604
-646426
-2.45946e+06
-261838
1.08451e+06
1.16015e+06
3.23264e+06
861888
54911.8
169827
1.39904e+06
-205316
-1.25426e+06
-1.14565e+06
-1.75514e+06
-1.37654e+06
479695
397929
10870.4
677922
-1.32739e+06
-1.21023e+06
-1.74492e+06
-1.48243e+06
-515481
-629622
-2.41838e+06
-210369
1.09908e+06
1.15219e+06
3.2597e+06
854790
69811.9
157193
1.42477e+06
-206656
-1.26002e+06
-1.18273e+06
-1.77868e+06
-1.40386e+06
476838
388412
-692.965
666059
-1.32207e+06
-1.24056e+06
-1.80582e+06
-1.50633e+06
-561030
-655729
-2.50044e+06
-264256
1.09609e+06
1.15113e+06
3.2316e+06
875165
14215
121661
1.32636e+06
-251702
-1.27395e+06
-1.1748e+06
-1.81639e+06
-1.39269e+06
501054
411565
-1680.09
701249
-1.36972e+06
-1.2797e+06
-1.84467e+06
-1.54161e+06
-562127
-683467
-2.55797e+06
-259188
1.1216e+06
1.1773e+06
3.26027e+06
892769
18013.5
107694
1.29707e+06
-250414
-1.22252e+06
-1.14882e+06
-1.77625e+06
-1.3451e+06
537360
449105
84164.8
749127
-1.46377e+06
-1.36336e+06
-2.0096e+06
-1.65534e+06
-579420
-676490
-2.59047e+06
-266630
1.12746e+06
1.18217e+06
3.29952e+06
886349
17227.2
125141
1.32448e+06
-251429
-1.23442e+06
-1.14799e+06
-1.79254e+06
-1.3591e+06
555364
471611
85067.1
780465
-1.48481e+06
-1.36847e+06
-2.00659e+06
-1.66785e+06
-519476
-631532
-2.52951e+06
-186904
1.14484e+06
1.19869e+06
3.37583e+06
887118
78676.9
171710
1.45453e+06
-194915
-1.25461e+06
-1.17988e+06
-1.80486e+06
-1.38475e+06
580325
498787
108322
814081
-1.48421e+06
-1.3812e+06
-2.01055e+06
-1.68417e+06
-490770
-606288
-2.51414e+06
-172674
1.12334e+06
1.192e+06
3.37265e+06
887065
39362.5
153008
1.41721e+06
-230020
-1.29149e+06
-1.18275e+06
-1.87383e+06
-1.38972e+06
649702
550162
128800
898328
-1.50301e+06
-1.39266e+06
-2.03309e+06
-1.67352e+06
652058
598685
745630
761142
-979812
-955593
-1.85237e+06
-986632
995775
881535
754224
1.25138e+06
1.42e+06
1.28127e+06
1.45846e+06
1.69684e+06
1.29594e+06
1.27715e+06
2.55052e+06
1.29131e+06
-285307
-279055
-496600
-314795
681386
623266
806655
783855
-983137
-955570
-1.87549e+06
-990713
1.03317e+06
902441
815203
1.28936e+06
1.46197e+06
1.31468e+06
1.50795e+06
1.7395e+06
1.34852e+06
1.31226e+06
2.66072e+06
1.342e+06
-308009
-295681
-507385
-333817
703341
639977
866826
806887
-1.00828e+06
-970023
-1.90283e+06
-1.02314e+06
1.03205e+06
897606
773561
1.28505e+06
1.46318e+06
1.30911e+06
1.49057e+06
1.74648e+06
1.36436e+06
1.31834e+06
2.65834e+06
1.35934e+06
-307101
-291643
-483716
-331726
739255
671460
909239
855068
-1.01568e+06
-964898
-1.90723e+06
-1.02171e+06
1.07082e+06
935101
824407
1.33859e+06
1.47797e+06
1.31283e+06
1.49008e+06
1.75478e+06
1.33987e+06
1.28638e+06
2.60629e+06
1.32974e+06
-292776
-274963
-475806
-299267
753611
703195
939427
873644
-1.02578e+06
-990721
-1.91665e+06
-1.03773e+06
1.11497e+06
985635
878036
1.40619e+06
1.48629e+06
1.33946e+06
1.52097e+06
1.78214e+06
1.29285e+06
1.26582e+06
2.57363e+06
1.28651e+06
-292862
-274623
-494484
-310645
781301
709153
933882
896046
-1.03581e+06
-1.00274e+06
-1.89525e+06
-1.06819e+06
1.1355e+06
991784
874789
1.41093e+06
1.53659e+06
1.37918e+06
1.5674e+06
1.83964e+06
1.28611e+06
1.26084e+06
2.56116e+06
1.27694e+06
-290193
-280800
-491948
-313803
813269
749508
1.00378e+06
936444
-1.08651e+06
-1.05046e+06
-1.96886e+06
-1.1135e+06
1.15052e+06
1.01145e+06
882952
1.43701e+06
1.55479e+06
1.39609e+06
1.56413e+06
1.86929e+06
1.34621e+06
1.32632e+06
2.65953e+06
1.34517e+06
-319888
-310419
-509154
-360067
867382
795279
1.06986e+06
992397
-1.06874e+06
-1.03044e+06
-1.95972e+06
-1.09647e+06
1.17343e+06
1.02032e+06
896688
1.46461e+06
1.6022e+06
1.43515e+06
1.59144e+06
1.92248e+06
1.40934e+06
1.36961e+06
2.75201e+06
1.41193e+06
-337395
-320400
-524550
-372348
891444
814323
1.10868e+06
1.02196e+06
-1.10338e+06
-1.05603e+06
-1.98881e+06
-1.14647e+06
1.14332e+06
989684
790558
1.43432e+06
1.57495e+06
1.40626e+06
1.51365e+06
1.90427e+06
1.42379e+06
1.37509e+06
2.73703e+06
1.43072e+06
-355844
-332769
-526174
-391756
919674
831343
1.12659e+06
1.0553e+06
-1.1182e+06
-1.05676e+06
-1.98299e+06
-1.15821e+06
1.15515e+06
998615
805656
1.45048e+06
1.57218e+06
1.3907e+06
1.48944e+06
1.88572e+06
1.39978e+06
1.34028e+06
2.68449e+06
1.39525e+06
-351803
-326429
-520261
-377666
917538
848887
1.13183e+06
1.06364e+06
-1.12497e+06
-1.07817e+06
-1.97548e+06
-1.1703e+06
1.18035e+06
1.02951e+06
845592
1.4981e+06
1.56406e+06
1.39825e+06
1.51185e+06
1.89395e+06
1.352e+06
1.31537e+06
2.6533e+06
1.35229e+06
-354656
-329884
-525352
-393957
981653
892575
1.16421e+06
1.13336e+06
-1.12083e+06
-1.07401e+06
-1.92482e+06
-1.18207e+06
1.20222e+06
1.04282e+06
828742
1.51825e+06
1.62472e+06
1.45529e+06
1.56362e+06
1.97349e+06
1.36598e+06
1.33744e+06
2.65505e+06
1.37931e+06
-342380
-322115
-502998
-380761
1.00661e+06
920179
1.22422e+06
1.14667e+06
-1.16469e+06
-1.12306e+06
-2.00408e+06
-1.22976e+06
1.21548e+06
1.05569e+06
849257
1.51323e+06
1.66807e+06
1.48651e+06
1.58761e+06
1.99552e+06
1.44869e+06
1.42043e+06
2.79356e+06
1.44362e+06
-370166
-349789
-517225
-448359
1.01645e+06
934676
1.29449e+06
1.15271e+06
-1.19034e+06
-1.13184e+06
-2.04724e+06
-1.24098e+06
1.19632e+06
1.03413e+06
855772
1.50349e+06
1.69407e+06
1.51012e+06
1.6533e+06
2.02998e+06
1.51392e+06
1.47291e+06
2.94916e+06
1.50981e+06
-405569
-371042
-524197
-467030
1.02895e+06
935131
1.32931e+06
1.17328e+06
-1.18921e+06
-1.13472e+06
-2.07282e+06
-1.23486e+06
1.19915e+06
1.02932e+06
810265
1.51546e+06
1.70057e+06
1.49767e+06
1.62825e+06
2.04904e+06
1.5745e+06
1.51595e+06
3.0316e+06
1.56928e+06
-399200
-373389
-508489
-456438
1.03649e+06
943087
1.33077e+06
1.1829e+06
-1.20504e+06
-1.13754e+06
-2.11882e+06
-1.23627e+06
1.20058e+06
1.02926e+06
796370
1.52349e+06
1.66362e+06
1.45957e+06
1.55113e+06
2.00189e+06
1.5584e+06
1.50079e+06
3.01366e+06
1.55147e+06
-414423
-386493
-544390
-459866
1.04965e+06
977072
1.36038e+06
1.20057e+06
-1.19736e+06
-1.14086e+06
-2.12895e+06
-1.23262e+06
1.22048e+06
1.06349e+06
816119
1.55753e+06
1.63878e+06
1.45591e+06
1.52533e+06
1.98247e+06
1.53955e+06
1.5018e+06
3.01341e+06
1.53113e+06
-422210
-377837
-564529
-480304
1.09233e+06
993617
1.39669e+06
1.23714e+06
-1.21587e+06
-1.17584e+06
-2.14349e+06
-1.27493e+06
1.23236e+06
1.05941e+06
797052
1.56108e+06
1.68227e+06
1.49604e+06
1.58604e+06
2.04173e+06
1.56278e+06
1.52374e+06
3.06759e+06
1.55403e+06
-409583
-386640
-549360
-477522
1.08628e+06
999873
1.40559e+06
1.23295e+06
-1.29616e+06
-1.24851e+06
-2.27599e+06
-1.34729e+06
1.22447e+06
1.0651e+06
786487
1.55958e+06
1.67938e+06
1.49415e+06
1.56162e+06
2.03747e+06
1.60945e+06
1.58514e+06
3.16833e+06
1.61162e+06
-466637
-434672
-601025
-544749
1.08448e+06
995000
1.40507e+06
1.22677e+06
-1.3328e+06
-1.28102e+06
-2.36782e+06
-1.38344e+06
1.22015e+06
1.04843e+06
765273
1.55997e+06
1.6931e+06
1.50324e+06
1.54456e+06
2.05866e+06
1.66588e+06
1.62094e+06
3.24797e+06
1.67135e+06
-509039
-465900
-668234
-575389
1.06299e+06
976008
1.39937e+06
1.21051e+06
-1.36899e+06
-1.3058e+06
-2.40611e+06
-1.42816e+06
1.20803e+06
1.04065e+06
722031
1.55415e+06
1.67616e+06
1.48414e+06
1.50183e+06
2.05691e+06
1.69875e+06
1.64952e+06
3.27985e+06
1.71627e+06
-521551
-469595
-657040
-581217
1.07997e+06
983897
1.41266e+06
1.23024e+06
-1.3943e+06
-1.32447e+06
-2.42898e+06
-1.45486e+06
1.24318e+06
1.07049e+06
773042
1.59456e+06
1.68207e+06
1.47673e+06
1.48522e+06
2.0481e+06
1.70777e+06
1.63765e+06
3.25422e+06
1.71682e+06
-485780
-438136
-612975
-534372
1.07731e+06
1.00509e+06
1.41978e+06
1.23071e+06
-1.42301e+06
-1.36069e+06
-2.46251e+06
-1.48995e+06
1.288e+06
1.13019e+06
849872
1.658e+06
1.6821e+06
1.49868e+06
1.50962e+06
2.06197e+06
1.67207e+06
1.63075e+06
3.22265e+06
1.68726e+06
-458605
-406639
-580924
-517648
1.08902e+06
990167
1.37599e+06
1.23216e+06
-1.45503e+06
-1.39433e+06
-2.48773e+06
-1.53874e+06
1.30795e+06
1.12724e+06
819755
1.66608e+06
1.72486e+06
1.52702e+06
1.52129e+06
2.11768e+06
1.68371e+06
1.64354e+06
3.21542e+06
1.7093e+06
-445523
-411280
-585396
-507609
1.09482e+06
1.00357e+06
1.40515e+06
1.23043e+06
-1.50573e+06
-1.44385e+06
-2.5766e+06
-1.57993e+06
1.33065e+06
1.15704e+06
843173
1.6939e+06
1.75213e+06
1.557e+06
1.52866e+06
2.13879e+06
1.77434e+06
1.73001e+06
3.33615e+06
1.80053e+06
-456787
-424698
-591568
-534129
1.10053e+06
1.00767e+06
1.44744e+06
1.23414e+06
-1.50996e+06
-1.44413e+06
-2.6238e+06
-1.56798e+06
1.34539e+06
1.15922e+06
864572
1.718e+06
1.80807e+06
1.60257e+06
1.6014e+06
2.20444e+06
1.85117e+06
1.79087e+06
3.46492e+06
1.88306e+06
-459498
-422996
-595608
-519564
1.06506e+06
969417
1.42603e+06
1.19169e+06
-1.5276e+06
-1.45956e+06
-2.68193e+06
-1.58408e+06
1.34737e+06
1.15792e+06
827432
1.72326e+06
1.80539e+06
1.59132e+06
1.58822e+06
2.20248e+06
1.9201e+06
1.85089e+06
3.55948e+06
1.9592e+06
-444762
-405182
-563107
-497912
1.04458e+06
949758
1.38978e+06
1.18352e+06
-1.55639e+06
-1.48308e+06
-2.74535e+06
-1.60544e+06
1.3653e+06
1.17691e+06
847916
1.75809e+06
1.79195e+06
1.57502e+06
1.5794e+06
2.18158e+06
1.92171e+06
1.84613e+06
3.55091e+06
1.96585e+06
-424078
-389934
-547954
-464006
1.01522e+06
935631
1.3306e+06
1.14473e+06
-1.57852e+06
-1.51576e+06
-2.80439e+06
-1.63294e+06
1.40505e+06
1.22322e+06
889207
1.80715e+06
1.78675e+06
1.58937e+06
1.60581e+06
2.17797e+06
1.90984e+06
1.85071e+06
3.5481e+06
1.94577e+06
-415292
-376029
-553938
-467802
1.02308e+06
930187
1.31805e+06
1.14495e+06
-1.58018e+06
-1.51969e+06
-2.79905e+06
-1.64639e+06
1.42862e+06
1.2281e+06
874129
1.81904e+06
1.859e+06
1.65139e+06
1.6921e+06
2.26384e+06
1.94703e+06
1.88398e+06
3.59969e+06
1.9863e+06
-378132
-349442
-516502
-428805
1.02946e+06
955467
1.38351e+06
1.16175e+06
-1.62618e+06
-1.56336e+06
-2.86152e+06
-1.69163e+06
1.44493e+06
1.25821e+06
927083
1.83502e+06
1.90969e+06
1.70734e+06
1.77856e+06
2.31295e+06
2.01921e+06
1.96083e+06
3.76393e+06
2.04724e+06
-376824
-344744
-471596
-447516
1.04002e+06
961807
1.39639e+06
1.17388e+06
-1.62245e+06
-1.55797e+06
-2.88674e+06
-1.68023e+06
1.4619e+06
1.25869e+06
969177
1.85162e+06
1.96522e+06
1.74816e+06
1.88151e+06
2.36251e+06
2.07114e+06
1.99316e+06
3.90053e+06
2.08891e+06
-380677
-349534
-446900
-449222
1.08068e+06
998855
1.44992e+06
1.23498e+06
-1.62182e+06
-1.55014e+06
-2.89749e+06
-1.68114e+06
1.47275e+06
1.27269e+06
934530
1.87253e+06
1.99114e+06
1.76917e+06
1.91575e+06
2.40913e+06
2.11582e+06
2.03307e+06
3.96369e+06
2.13822e+06
-353504
-318175
-401252
-405369
1.10973e+06
1.01123e+06
1.43823e+06
1.26766e+06
-1.62881e+06
-1.55117e+06
-2.91617e+06
-1.68206e+06
1.49419e+06
1.28345e+06
964420
1.89034e+06
1.99432e+06
1.7579e+06
1.91037e+06
2.38804e+06
2.07385e+06
1.9769e+06
3.91107e+06
2.06693e+06
-336688
-312356
-404413
-384843
1.1166e+06
1.04107e+06
1.44226e+06
1.29233e+06
-1.64392e+06
-1.57675e+06
-2.94142e+06
-1.6928e+06
1.52128e+06
1.32949e+06
1.02227e+06
1.94558e+06
1.99121e+06
1.78312e+06
1.95131e+06
2.39881e+06
2.00878e+06
1.9498e+06
3.8902e+06
2.00962e+06
-338587
-298591
-411439
-387182
1.1758e+06
1.08186e+06
1.45061e+06
1.36137e+06
-1.64025e+06
-1.57421e+06
-2.93028e+06
-1.69478e+06
1.57436e+06
1.37261e+06
1.06285e+06
1.99932e+06
2.08094e+06
1.87611e+06
2.07472e+06
2.52137e+06
2.03575e+06
1.98733e+06
3.95647e+06
2.04295e+06
-299236
-271718
-372818
-340604
-52098.9
-119121
-750130
73699.6
313798
370624
1.36191e+06
168960
-763397
-768734
-1.7263e+06
-707551
938367
897926
1.80611e+06
934261
-140821
-59047
610254
-324196
35409.1
21.9203
-280568
100388
-106738
-162250
-831971
24103.1
304511
364881
1.33535e+06
163617
-803894
-806879
-1.81034e+06
-747949
950179
926148
1.86746e+06
943773
-172802
-92589.3
599979
-367743
11888.6
-20404.3
-304032
78386.3
-89553
-140002
-828678
47791.9
326431
378701
1.37589e+06
163962
-802901
-801885
-1.83973e+06
-745349
996022
973986
1.93857e+06
999679
-157153
-71461.6
658876
-354217
3205.32
-20342.8
-296092
66211.4
-67817.9
-126956
-809294
67726.7
330204
390240
1.45404e+06
163027
-804217
-806123
-1.8583e+06
-740453
1.02911e+06
993623
1.97783e+06
1.02093e+06
-141744
-48535.8
703854
-331907
9333.1
-11409.9
-245669
59650.1
-120794
-187166
-901157
17500.2
333170
408740
1.50836e+06
172195
-860450
-860767
-1.95648e+06
-784519
1.05317e+06
1.01112e+06
2.03821e+06
1.04377e+06
-197127
-111530
627470
-407694
-11914.7
-27559.5
-230728
25088.1
-144995
-186776
-911292
-13821.1
361081
423608
1.51963e+06
195255
-842680
-839552
-1.94104e+06
-779000
1.04281e+06
1.01701e+06
2.05378e+06
1.04702e+06
-187373
-92373.6
631855
-389271
-1739.48
-6528.01
-218089
53116.4
-136503
-198772
-912654
-7506.65
393202
456732
1.59078e+06
234070
-863513
-871085
-1.98688e+06
-792729
1.04535e+06
1.00799e+06
2.03357e+06
1.04265e+06
-154367
-59162.2
672238
-348703
30867.3
7608.47
-171487
77276.9
-165023
-221631
-956759
-30218.2
407706
468216
1.59734e+06
251046
-893761
-901855
-2.0584e+06
-822844
1.06147e+06
1.03308e+06
2.08522e+06
1.05468e+06
-161529
-76162.5
678317
-366315
29483.5
3180.57
-178304
79416.6
-149781
-203020
-966133
-11166.6
438443
492170
1.64732e+06
265938
-898411
-905346
-2.11243e+06
-824762
1.11763e+06
1.09175e+06
2.14498e+06
1.12876e+06
-128332
-40319.9
738912
-328313
45554.6
25522.3
-158100
101613
-126407
-188942
-946361
14619.4
464984
525027
1.74987e+06
292270
-909376
-919015
-2.16476e+06
-823408
1.17296e+06
1.13007e+06
2.18852e+06
1.18119e+06
-100198
-7331.28
778513
-285658
72880.8
50464.8
-104215
122819
-157251
-222864
-1.01491e+06
-9031.87
507634
579313
1.85782e+06
343259
-946774
-955957
-2.25837e+06
-842620
1.22683e+06
1.17324e+06
2.26285e+06
1.24715e+06
-111912
-29229.7
739145
-306428
89403
70045.3
-43566.3
130551
-188265
-238563
-1.04079e+06
-51792
529622
586213
1.84507e+06
364172
-938260
-950908
-2.2675e+06
-849706
1.19511e+06
1.1541e+06
2.22211e+06
1.22213e+06
-98015.6
-16911.2
706621
-281498
100416
86998.9
-46869.9
160394
-184765
-246710
-1.03233e+06
-62811.6
542613
588391
1.91138e+06
361723
-978987
-999831
-2.34449e+06
-889670
1.23218e+06
1.16982e+06
2.28275e+06
1.24255e+06
-90574
-15286.9
743871
-293892
133753
98429.3
-2283.25
176329
-226071
-274179
-1.06315e+06
-104819
505849
563867
1.87415e+06
329301
-1.03786e+06
-1.05156e+06
-2.43144e+06
-956102
1.21288e+06
1.17546e+06
2.30106e+06
1.22936e+06
-127129
-45044.1
746318
-345359
102173
74737.7
-37642.8
150989
-210995
-241633
-1.02251e+06
-76856.9
489004
549140
1.87104e+06
288042
-1.05899e+06
-1.05989e+06
-2.46864e+06
-977152
1.26307e+06
1.22707e+06
2.38728e+06
1.28799e+06
-134944
-39528.7
809772
-358865
109057
98205.8
-18391.1
169435
-159709
-202063
-946245
-41584.9
472767
542681
1.92947e+06
261019
-1.05143e+06
-1.06014e+06
-2.48075e+06
-968867
1.30589e+06
1.25655e+06
2.45385e+06
1.31969e+06
-122791
-20681.5
855130
-350461
153183
133957
67858.2
195438
-181062
-241652
-974065
-54852.4
456190
539889
1.98847e+06
242301
-1.10325e+06
-1.11473e+06
-2.5732e+06
-1.00195e+06
1.35175e+06
1.28293e+06
2.53326e+06
1.35863e+06
-165399
-74988
812371
-404249
154049
131146
118254
188645
-199562
-224933
-968765
-81274.9
507184
582119
2.03849e+06
284326
-1.11154e+06
-1.11466e+06
-2.5793e+06
-1.03835e+06
1.33742e+06
1.28902e+06
2.5127e+06
1.36195e+06
-116291
-13654.9
896723
-355692
193903
191253
178854
244991
-187016
-244520
-959663
-69184.7
491367
565538
2.04956e+06
266260
-1.16903e+06
-1.17819e+06
-2.65208e+06
-1.0898e+06
1.32116e+06
1.26795e+06
2.47232e+06
1.34147e+06
-109726
-2700.44
930113
-339796
200773
166630
175047
237528
-247871
-295076
-1.07152e+06
-126740
460800
536886
1.97228e+06
238958
-1.22324e+06
-1.22913e+06
-2.75274e+06
-1.14961e+06
1.32336e+06
1.28259e+06
2.47274e+06
1.34076e+06
-129059
-29265
905990
-372664
148311
118561
52210.6
196122
-250478
-295737
-1.09114e+06
-130652
448246
517228
1.95175e+06
209744
-1.24634e+06
-1.24899e+06
-2.79891e+06
-1.17877e+06
1.3747e+06
1.3339e+06
2.54333e+06
1.41156e+06
-126335
-23014.2
947313
-372609
125024
95753.6
-22434.4
184951
-243637
-295391
-1.0776e+06
-129528
414833
489220
1.95255e+06
166289
-1.27271e+06
-1.2756e+06
-2.84726e+06
-1.20296e+06
1.41829e+06
1.35906e+06
2.57436e+06
1.44379e+06
-132427
-22704.5
957356
-376702
92174.9
59019.4
-86940.2
140771
-307999
-353189
-1.17706e+06
-188529
381959
479756
1.96223e+06
129595
-1.34759e+06
-1.33703e+06
-2.95376e+06
-1.26777e+06
1.44013e+06
1.37613e+06
2.60802e+06
1.47249e+06
-191772
-79992.9
877439
-452619
34837.7
12623.3
-157970
67915.5
-332016
-363362
-1.17332e+06
-223445
400790
488739
1.97991e+06
151013
-1.33939e+06
-1.33139e+06
-2.9082e+06
-1.28584e+06
1.42e+06
1.36936e+06
2.60227e+06
1.46612e+06
-167658
-57488.5
928513
-427237
20264.3
12708.1
-171664
81226.8
-339787
-378641
-1.18318e+06
-234933
425398
514656
2.04345e+06
169023
-1.38192e+06
-1.3702e+06
-2.95145e+06
-1.32943e+06
1.42158e+06
1.35367e+06
2.56298e+06
1.4556e+06
-147740
-33679.5
976379
-414039
51650.6
20823.6
-147054
91193.4
-365763
-395907
-1.22597e+06
-259453
416641
506155
2.02052e+06
163391
-1.40582e+06
-1.38802e+06
-2.98953e+06
-1.35541e+06
1.40971e+06
1.35775e+06
2.56094e+06
1.44677e+06
-142089
-27916.6
1.01849e+06
-416554
51178.3
23239.8
-154755
99002
-348946
-378635
-1.21483e+06
-230796
406760
493092
2.03341e+06
135591
-1.4175e+06
-1.39723e+06
-3.00426e+06
-1.36968e+06
1.43973e+06
1.38621e+06
2.58788e+06
1.49169e+06
-116971
1197.13
1.12155e+06
-391789
45568.8
22185.5
-150887
98130.2
-324752
-360264
-1.19888e+06
-207587
395164
489778
2.08841e+06
113052
-1.42229e+06
-1.40139e+06
-3.01734e+06
-1.37346e+06
1.45761e+06
1.39097e+06
2.58077e+06
1.50338e+06
-91093.7
34284.8
1.18834e+06
-364313
59751.9
35759.1
-116876
104075
-348148
-396235
-1.26391e+06
-230163
406490
514391
2.16506e+06
117385
-1.45765e+06
-1.43786e+06
-3.07664e+06
-1.3993e+06
1.48222e+06
1.40374e+06
2.58965e+06
1.53187e+06
-97649.3
14815.3
1.18818e+06
-389571
67220.4
39869.5
-87457.1
97083.6
-378932
-404842
-1.27403e+06
-255654
420915
526388
2.16832e+06
143273
-1.44653e+06
-1.41944e+06
-3.0296e+06
-1.40276e+06
1.41792e+06
1.35814e+06
2.4991e+06
1.48453e+06
-59533.4
63033.6
1.25258e+06
-334915
67398.6
58697.6
-94196.5
132219
-340893
-376756
-1.25206e+06
-209364
455338
559850
2.23433e+06
186369
-1.43925e+06
-1.41732e+06
-3.02635e+06
-1.37875e+06
1.45226e+06
1.38442e+06
2.53843e+06
1.5134e+06
-34400.7
72014.6
1.27701e+06
-330458
123891
90499.1
-54177.1
183233
-341264
-379097
-1.27825e+06
-202684
459360
564160
2.20992e+06
204603
-1.46374e+06
-1.44314e+06
-3.0788e+06
-1.40771e+06
1.47764e+06
1.42276e+06
2.60332e+06
1.53911e+06
-59973.3
55359.4
1.27705e+06
-361055
129469
95515.3
-84333.8
209345
-311370
-339279
-1.2645e+06
-159214
469754
560012
2.20747e+06
193343
-1.46903e+06
-1.44331e+06
-3.09571e+06
-1.42342e+06
1.53579e+06
1.48269e+06
2.69387e+06
1.60657e+06
-66185.9
44199.8
1.31284e+06
-383124
136571
103159
-96059
220298
-268961
-320888
-1.22654e+06
-125765
457767
552825
2.23459e+06
182471
-1.46276e+06
-1.44766e+06
-3.09189e+06
-1.41505e+06
1.5851e+06
1.51003e+06
2.75937e+06
1.63974e+06
-83391.2
32512.1
1.29799e+06
-401002
145180
98719.2
-94104.6
219208
-295867
-355402
-1.3068e+06
-136020
457774
568947
2.24005e+06
192396
-1.51346e+06
-1.49019e+06
-3.18911e+06
-1.44355e+06
1.62609e+06
1.5416e+06
2.82342e+06
1.68794e+06
-139137
-26076
1.20491e+06
-458238
132293
92597.8
-125748
205234
-294720
-331813
-1.29605e+06
-141949
488852
580023
2.23091e+06
219121
-1.49204e+06
-1.47773e+06
-3.17631e+06
-1.45363e+06
1.6195e+06
1.54845e+06
2.82805e+06
1.69008e+06
-132016
-17409
1.19135e+06
-456167
165756
129102
-109166
258238
-307094
-331743
-927646
-247404
200289
146843
-145715
309144
-173390
-277420
-1.47722e+06
66311.1
1.15296e+06
975106
460276
1.53142e+06
772835
674944
618686
957822
-440690
-345627
227223
-675854
-333993
-355878
-967833
-275589
206484
161065
-134623
316423
-193465
-274742
-1.50654e+06
44923.2
1.17921e+06
1.00209e+06
464522
1.57474e+06
776284
696439
623593
984708
-450026
-344284
224219
-677171
-366029
-374174
-1.02801e+06
-296139
209444
156158
-134214
313533
-173390
-263580
-1.50214e+06
68176.4
1.18642e+06
989214
395066
1.58548e+06
823270
717759
620230
1.02938e+06
-403310
-299388
293807
-628160
-349871
-357956
-996229
-278684
193530
127730
-203983
310083
-153778
-260667
-1.48042e+06
89069.3
1.17672e+06
981886
348313
1.58925e+06
882244
758209
684437
1.08657e+06
-404139
-302063
311685
-642450
-331299
-344429
-964508
-257443
150220
94443.3
-258817
265577
-189857
-285352
-1.5637e+06
58675.7
1.19002e+06
993274
343582
1.60481e+06
921543
805199
737894
1.13325e+06
-405851
-297154
380938
-659892
-336825
-347054
-985918
-260965
158493
116571
-237639
285491
-203766
-290213
-1.57249e+06
57353.4
1.2128e+06
1.01431e+06
330331
1.6397e+06
926779
811339
744397
1.15932e+06
-378306
-270490
453731
-622762
-305556
-331650
-925461
-240469
145656
95882.3
-260484
255599
-177629
-287595
-1.55774e+06
77490.4
1.27103e+06
1.06737e+06
424714
1.70883e+06
927203
809246
710053
1.15585e+06
-404085
-296136
448420
-663499
-314810
-337311
-958765
-246625
133083
91401.3
-268476
237708
-184578
-270763
-1.56162e+06
69314.8
1.28837e+06
1.08497e+06
423136
1.7368e+06
928526
826831
722235
1.17632e+06
-429052
-310211
407855
-682565
-314475
-334691
-984884
-235759
122138
77711.7
-265818
213302
-133546
-230927
-1.50295e+06
122147
1.28878e+06
1.06669e+06
358103
1.73766e+06
969419
846594
731746
1.20905e+06
-391450
-275810
455416
-643149
-305352
-326063
-964997
-226124
73957.7
17962.6
-364905
167012
-111091
-223700
-1.45388e+06
139615
1.23128e+06
1.01328e+06
256369
1.68188e+06
993368
855684
763620
1.22276e+06
-430443
-317570
400016
-696796
-293549
-313267
-937900
-210393
-3835.35
-46010
-442855
81763.5
-126138
-226406
-1.4839e+06
129972
1.20877e+06
997874
233210
1.65189e+06
1.02638e+06
898896
839232
1.25855e+06
-470321
-346001
411284
-755645
-288468
-310018
-951358
-202322
-9780.7
-36930.1
-424125
78416
-122213
-215756
-1.46318e+06
145872
1.22254e+06
1.00601e+06
217080
1.67591e+06
1.03473e+06
906526
857923
1.28134e+06
-450815
-330739
469145
-730471
-290747
-323771
-960602
-229132
9702.92
-12439.4
-384506
100189
-106731
-216165
-1.45764e+06
154006
1.25407e+06
1.04619e+06
270992
1.707e+06
1.026e+06
909072
809666
1.28532e+06
-462625
-344661
435735
-749605
-322127
-357106
-1.01259e+06
-257976
70543.8
38979.3
-291338
163235
-128730
-229755
-1.48998e+06
127006
1.29732e+06
1.08174e+06
317774
1.76633e+06
1.04007e+06
925358
832432
1.30839e+06
-466684
-355731
406946
-741928
-367761
-385268
-1.07768e+06
-298613
87761.9
55442.8
-264346
188839
-145409
-248145
-1.52431e+06
112733
1.31653e+06
1.08482e+06
277218
1.78674e+06
1.03901e+06
906772
782935
1.30427e+06
-464433
-349119
397029
-731603
-349531
-351325
-1.01621e+06
-278343
141315
101775
-248656
265950
-150310
-250722
-1.52004e+06
108693
1.32901e+06
1.10677e+06
262354
1.81776e+06
1.05854e+06
921873
795122
1.32947e+06
-455735
-331031
395419
-719392
-317398
-332648
-970024
-236193
157113
104421
-270969
282822
-158968
-257400
-1.56623e+06
111391
1.3274e+06
1.09602e+06
222236
1.82274e+06
1.07107e+06
934111
789097
1.34069e+06
-438757
-319305
414823
-705223
-314725
-330179
-987702
-246146
181107
143580
-239966
324470
-176101
-275193
-1.60505e+06
90291.9
1.36123e+06
1.12586e+06
215551
1.85964e+06
1.06151e+06
925670
757244
1.34351e+06
-421616
-314122
433502
-688820
-307461
-343066
-955940
-243561
209665
151949
-231773
343185
-182716
-301746
-1.65211e+06
87187.7
1.41313e+06
1.17237e+06
301113
1.93008e+06
1.05625e+06
913927
716938
1.33215e+06
-460436
-352839
397906
-736713
-355850
-386225
-1.06516e+06
-287727
223618
168723
-222709
359079
-222995
-320984
-1.73257e+06
47408.7
1.42549e+06
1.18392e+06
273343
1.9543e+06
1.02286e+06
895881
684932
1.30389e+06
-493456
-374915
331151
-763192
-383736
-407587
-1.12766e+06
-308010
230860
175206
-215773
367234
-221912
-328042
-1.76322e+06
51640.7
1.43273e+06
1.17626e+06
205361
1.97039e+06
1.022e+06
880233
670178
1.28606e+06
-467081
-349310
369570
-734048
-392688
-414492
-1.11171e+06
-325214
245256
176248
-224215
390737
-218721
-335268
-1.74643e+06
51933.5
1.42204e+06
1.16526e+06
179814
1.96417e+06
1.00976e+06
863754
715861
1.25339e+06
-492119
-374388
364025
-776402
-388587
-403161
-1.08733e+06
-312621
235266
171855
-226688
382343
-228229
-334978
-1.78501e+06
52780.6
1.44068e+06
1.18542e+06
197011
1.98859e+06
1.03126e+06
899212
793798
1.27567e+06
-502242
-370247
423888
-798630
-411718
-431769
-1.13512e+06
-343283
247439
197141
-196429
401454
-254067
-357867
-1.82666e+06
34342.8
1.45584e+06
1.19639e+06
175849
2.00955e+06
1.00736e+06
876553
774396
1.25135e+06
-491743
-367344
468940
-786919
-430803
-452747
-1.15017e+06
-379808
247634
185030
-215262
397130
-247889
-366164
-1.84549e+06
37454.7
1.5034e+06
1.24843e+06
278895
2.05827e+06
989281
864564
734203
1.24425e+06
-556410
-427218
390137
-873783
-477241
-499084
-1.22095e+06
-430016
249836
183580
-229647
399313
-259416
-369007
-1.87126e+06
13473.9
1.53624e+06
1.28234e+06
328582
2.09765e+06
1.00024e+06
887401
759094
1.26108e+06
-612406
-475563
317891
-933580
-535817
-539116
-1.29762e+06
-484177
223366
160032
-270425
378521
-264664
-373601
-1.87759e+06
15151.2
1.56097e+06
1.30012e+06
327727
2.12691e+06
1.03522e+06
905840
786952
1.29203e+06
-619439
-477390
341801
-946466
-551055
-548017
-1.29342e+06
-499657
217032
146392
-345190
394605
-258641
-372565
-1.8546e+06
31505.1
1.57404e+06
1.31256e+06
341987
2.14761e+06
1.07648e+06
936523
874920
1.33435e+06
-674448
-525608
293494
-1.01366e+06
-543335
-547596
-1.28726e+06
-488136
195434
118782
-416515
367850
-262275
-378087
-1.91193e+06
32068
1.59596e+06
1.32743e+06
386456
2.16516e+06
1.13562e+06
996150
974758
1.3887e+06
-710203
-557192
286914
-1.06658e+06
-562820
-557946
-1.33089e+06
-507978
195534
137511
-419703
387296
-280759
-384467
-1.94747e+06
21159.5
1.63161e+06
1.37305e+06
416958
2.21144e+06
1.14787e+06
1.02027e+06
1.00142e+06
1.41745e+06
-716516
-558389
306774
-1.06866e+06
-542757
-556098
-1.30395e+06
-493166
247387
181617
-360540
437061
-260966
-384870
-1.96009e+06
56437
1.7329e+06
1.45383e+06
575048
2.32612e+06
1.17287e+06
1.0383e+06
987282
1.45678e+06
-700398
-542888
342358
-1.04556e+06
-571377
-579884
-1.3674e+06
-526713
295019
225302
-290639
474119
-258371
-366006
-1.98604e+06
57395.9
1.76504e+06
1.47953e+06
610993
2.34979e+06
1.19297e+06
1.06382e+06
999915
1.48129e+06
-694223
-534102
331783
-1.04305e+06
-602890
-599154
-1.42684e+06
-543899
320163
247673
-243617
501904
-230996
-350077
-1.99033e+06
97326.2
1.77821e+06
1.4836e+06
596983
2.37024e+06
1.20665e+06
1.05845e+06
963729
1.49453e+06
-655134
-501840
368558
-992187
-592249
-586703
-1.412e+06
-521218
326695
237562
-277441
524658
-198699
-334013
-1.97555e+06
143169
1.77507e+06
1.48301e+06
603681
2.38062e+06
1.2325e+06
1.0697e+06
983227
1.52949e+06
-671089
-524336
327702
-1.00585e+06
-592336
-600687
-1.4481e+06
-529640
291684
201108
-339787
475594
-223671
-355600
-2.07985e+06
121465
1.75665e+06
1.45793e+06
557708
2.34079e+06
1.24072e+06
1.07796e+06
962963
1.53227e+06
-700206
-545201
302557
-1.05575e+06
-620577
-618971
-1.51249e+06
-546995
289865
218972
-338867
490911
-244527
-371164
-2.12703e+06
118388
1.7444e+06
1.45106e+06
508813
2.33697e+06
1.21736e+06
1.05914e+06
908387
1.5243e+06
-701625
-555038
298516
-1.04503e+06
