-5199.36
-927.724
-5528.16
-412.243
-8182.64
-10331.5
-7307.95
-5789.08
21048.4
14598.9
16163
9738.98
17763.2
11537.2
13814
6998.24
3515.73
96.8736
2797.31
-520.431
323.148
4372.04
-6701.96
-1369.67
-21492.5
-14662.6
-18127.4
-6344.87
-25923.9
-19247.4
-14829.4
-7505.94
16683.5
9592.61
19993.4
4774.38
48823.6
29659.6
49916.8
19089.1
-14743.9
-11308.8
-10538.7
-3809.89
-9751
3170.67
-9001.47
1465.83
-37529
-25870.9
-31947.1
-10280.6
-16083.1
-15530.9
-8546.8
-1110.16
-2460.02
-4435.68
2767.62
437.699
78667.8
44252.9
78848.1
30809.3
-1445.33
-9630.09
2410.53
-924.896
383.959
6326.48
-4858.53
3274.61
-33011.3
-27671.9
-24543
-12107.8
27481
13766
27915.2
9754.54
6198.5
-1425.53
10031
1325.12
92785.1
46430
88121.8
27280.9
-27677.6
-28616.6
-21070.4
-14376.2
-12450.7
-2110.01
-14241.8
-4131.62
-36919.5
-24707.7
-34290.4
-8878.43
22267.5
4842.27
21961.3
6952.27
10069.2
28.9914
13589.2
2084.55
109171
58102.3
102842
36304.3
-47137.9
-38284.2
-42432.1
-19634.9
-23415.8
-6564.78
-27746.2
-6937.42
-25327.2
-18769.4
-15825
-8227.19
54707.4
31936.5
54377.9
17701
12035
-1370.37
12904
2204.05
132741
75654.1
124782
42070
-34659.5
-26695.4
-32104.1
-15219.8
-26777.4
-1902.82
-37171.2
-7701.1
-29158.3
-27591.3
-19536.7
-12153
36255.5
12921
33172.5
5327.34
22184.1
8201.73
23166.2
8105.57
132444
76059.2
119495
41332.5
-39134.8
-29132.8
-29612.9
-13268.2
-28227.7
-3379.97
-34165.3
-9087.03
-60463.3
-50185.5
-50167.8
-24235.4
5432.7
-128.693
6967.83
945.402
1347.04
-5739.59
3683.32
-1412.8
124540
73086.6
113503
40701.8
-71176.7
-48959.4
-61118.8
-23128.8
-41688.9
-6704.08
-50367.9
-8909.55
-96923.8
-75784.9
-83063.1
-38475.8
5108.14
1581.8
2131.93
678.115
-20817.2
-20698.4
-15391.6
-10047.3
125767
75956
113592
41541.1
-67057.1
-52207.8
-53330.7
-24518.9
-10470.1
15695.6
-25948.7
-948.937
-114530
-84916.5
-93657.7
-40040.6
44321.5
34554.2
38670.3
19974.4
-14217.8
-12440.8
-7123.39
-1579.68
128088
77018.8
116615
42825.2
-95465.8
-69480.3
-76000.5
-32930
12943.6
40025.1
2056.27
17339.7
-117462
-86227.4
-98447.6
-41111.9
53071.2
37143.6
42922.1
17935.8
6814.39
-3145.92
13510
975.807
130690
82757.7
117124
43262.9
-97962.6
-71959.4
-80186.6
-35302.3
49716.7
56818.2
34033.8
21351.8
-129299
-96295.2
-109713
-46267.4
73078.8
53844.1
59672.7
24950.3
18351.5
567.807
19494.2
6016.77
118615
71291.9
103656
36886.9
-97263.2
-77755.6
-78650.1
-37257.5
55377.1
58725.9
33685.9
24145.6
-138723
-97358.7
-115806
-47754.5
45242.1
31631
38313.2
14220.6
35889.2
15839.9
35484
12116.3
116825
80890.2
103537
43089
-111015
-86018.1
-91240.1
-42161.9
46694.5
58780.4
27049
21998.8
-124566
-94335.1
-105073
-44553.4
41861.4
29612.2
37566.5
15781.9
37577.1
12945
32921.5
7409.77
136106
89242.5
120850
47598.2
-144906
-105086
-128032
-50890.5
77650.9
75311.8
47877.5
32582.8
-134234
-103141
-105408
-50425.9
59913.9
40514.4
55683.2
24687.2
9319.67
225.567
8774.49
-968.736
139572
93508.5
128845
50556.7
-163266
-122076
-141300
-60778.7
106953
98075.7
77945.1
41890.4
-154969
-122639
-120852
-59171.4
111526
70129.4
105091
39219
-3950.61
-5279.97
-5676.65
-2262.03
132860
81875.9
119584
41560.2
-212284
-152475
-183819
-77921
105075
94603.8
79939.8
42816.7
-166602
-127847
-134851
-58919.7
99092.5
53948
91588
33300.5
-11670.1
-9221.38
-13196.7
-6446.69
119481
80197.9
105872
42722
-245833
-167456
-220584
-87188.4
122424
105282
92068.8
47655.5
-163597
-128186
-129077
-61126.6
113045
65175.4
108315
35600.7
-23195.9
-13131
-29346.3
-5885.25
118098
78690.4
102564
38250.9
-259705
-174141
-235918
-92449.3
112161
102881
76522.4
44074
-148858
-120094
-119157
-53988.3
87657.9
39843.3
85091.1
22848
5973.64
9312.6
2822.77
4556.6
114845
76132.8
99642
40392.8
-268332
-177415
-235070
-90474.3
131556
120019
103133
53727.4
-155696
-127363
-130603
-59680.5
47931.2
19305.4
50857.2
13111.9
-5581.9
3974.65
-6664.48
-1134.91
110028
73173.5
99089
37946.9
-291419
-191748
-258402
-97053.2
132431
124879
98836.6
55484.5
-175734
-137365
-146281
-65579.9
36265.4
13794.9
36129.6
11168.8
-29060.7
-13949.1
-30122.7
-11841.9
97679
62282.7
89010.6
35184.2
-282946
-193844
-244515
-96978.3
145076
130958
112917
57126.4
-184322
-141806
-158572
-69317
76693.5
46364.3
69787.9
26576.6
-40680.6
-16241.5
-41019.3
-12217.4
90689.3
55345.2
76569.8
26478.3
-296684
-200185
-260122
-102704
141388
131245
107583
56691.6
-189865
-135292
-164093
-66103.2
57299
30332.8
52367.6
17459.9
-47065
-22414.6
-41823.2
-16701.9
68679.9
45928
58762
22430.1
-304427
-203376
-267245
-104678
136721
130209
106881
55195.3
-161811
-118524
-135935
-55206.7
78985.2
45957
77500.3
25599.4
-46256.8
-24603.8
-44776.1
-12628.9
62994
40421.8
55391.2
19698.6
-282351
-195755
-242603
-98408.8
146601
131511
112009
57669.5
-149234
-114176
-119447
-55198.9
63623.3
32701.6
58622
17019.4
-33060.1
-19344.3
-32782.9
-10376.1
67768.4
46942.7
58623.4
22749.7
-272677
-191983
-233470
-95682.2
144820
131086
113159
56363.5
-174333
-133524
-144107
-64119.7
43279.9
23043.9
42869.1
13684.6
-57687.9
-38390.2
-52740.3
-23308.4
71415
49175
62436.8
24605.2
-293896
-205944
-255990
-103077
139176
129801
101912
56124.5
-203407
-156670
-166972
-76784.7
32163.5
19225.5
25427.6
11079.7
-110065
-71934.7
-101968
-38721.9
78505.1
57550.7
68572.4
29439
-304942
-213992
-268046
-107471
148602
138039
107452
58642.5
-236280
-180139
-191564
-86067.6
52359.1
36174.9
45147.4
20606.5
-120556
-77711
-112966
-40551.9
82337.6
55389.8
72117.1
28084.2
-329354
-227479
-291645
-116060
137563
131748
102445
58416.9
-244171
-185711
-197812
-86060.6
61159.8
42278.6
50267.5
23928.5
-125965
-81313
-114341
-42041
93121
65063.7
83300
35312.2
-331014
-223956
-291605
-113390
156676
145363
120849
66277.8
-251234
-195453
-200812
-93374.2
92293.7
68351.1
83131
34083.3
-128835
-81675.8
-119382
-42330.2
106350
69355.9
99159
35072.5
-324550
-220731
-283634
-112636
166382
149993
131441
66562.8
-251467
-194448
-208525
-92894.7
79007.2
49827.7
72921.8
26472.7
-126945
-75089.1
-119524
-41570.8
112738
72451.6
101202
38712.7
-312385
-209895
-271141
-105326
176208
154348
139889
71073.4
-255063
-202631
-214002
-94516.8
48228.9
25865.3
47176
15070.6
-168219
-104387
-156903
-59832.5
110077
65251.1
101318
35062.6
-326527
-225286
-288944
-112772
190756
158110
143846
72841.9
-250944
-198117
-209701
-93941.3
35252.1
17256.9
29675.9
9298.45
-244769
-154004
-228234
-90301.8
112968
67303.1
104416
37405.9
-309281
-213358
-271506
-109110
219395
179119
170556
79483
-273063
-212996
-226188
-102654
44786
31948.5
41654.2
17112
-318203
-190007
-292777
-106562
104058
61353.5
95444.6
30582.4
-333450
-222257
-294704
-115509
207186
181370
159644
82034.3
-301795
-228855
-256791
-109777
14462.5
3276.73
11581.7
2186.37
-388955
-241611
-357418
-137521
56584.8
29237.5
52326.6
15294.7
-360576
-240548
-320462
-126775
197608
167359
152562
71602.3
-271704
-199934
-230920
-96957.8
42266.6
30605.7
39130.6
17734.9
-429974
-252801
-412362
-139114
59589.3
36224.4
53453
18688.1
-335465
-220615
-299378
-112100
212035
187991
154295
87015.1
-8193.95
-3965.45
-15979.9
-5301.89
10260.8
4852.87
2796.61
680.944
12884.2
10620
8256.89
5120.87
41675.5
28181
30004.7
13845.2
22154.4
11116.4
21769
4377.7
20439.6
16023.7
10692.9
7203.3
-29207
-11993.9
-35420.4
-11013.2
-11832.7
-5286.33
-13218.7
-4766.61
15393
18586.3
6222.54
7006.72
83035.5
59279.6
69998.6
30270.5
47993.5
30255
48643.3
16387.2
48236
41524.1
32710.8
17607
-31663.5
-9347.24
-36187.6
-9787.77
-34441
-20351.9
-30892.1
-10716.2
21006
25588.1
12129
11473.5
124841
88553.1
110742
46468.9
65896.7
37432.1
68324.2
22518.5
60307.7
49447.3
46865.6
21361.7
-43129.3
-17387
-41249.1
-11371
-65039
-42895.2
-58541.4
-24229.7
13227.8
19997
3660.69
8076.57
153772
105417
136194
54855.9
75523.2
41787.2
70728.4
22567.3
39779.7
37290.7
27208.8
12525.7
-32072.9
-3553.92
-38757.9
-4662.66
-68620.5
-37840.1
-62649
-20110.8
16058.4
26892
1564.12
9855.65
203789
145625
180874
77794.5
82215.3
50095.7
77817.1
29177.3
13324
26730.8
5299.06
7880.71
-3436.54
17932.2
-12195.5
3733.52
-45249.9
-28792
-37457.6
-13747.6
37378.4
46467.5
24381
20997.5
269334
178993
243239
94741.7
113390
63224.5
111438
36279.5
33383.9
41866.4
20480.6
16507.4
-18437.8
8826.11
-29152.6
-1620.69
-47789.8
-29608
-41667.7
-17211
25233.1
28021.9
17862.2
8949.14
260099
163739
232166
87019.4
83645.1
38186.6
85567.7
24120.1
20670.1
35382.9
4267.39
12959.1
-15299
8345.98
-25531.5
-2198.39
-29089
-21448.7
-23404.5
-11479.9
2848.23
8887.63
397.394
281.428
256420
156397
236201
85295.5
47081.3
8859.34
57194.3
9176.12
33565.7
45368
19706.4
19303.3
-5085.51
16311.5
-17495.9
2505.99
-17437.3
-15468
-12013.7
-6890.76
-2799.44
1617.15
-2829.13
-1148.34
255292
151769
239180
84162.7
17759
-12655.8
28096.9
820.951
57373.2
55292.2
43144.8
22711.6
3586.45
27690.3
-13838.1
7989.6
8625.29
5597.46
5797.57
971.565
145.664
5264.41
-3672.01
-495.682
268122
159600
247684
87855.2
18990.8
-15197.1
26181.3
-1736.65
46973.8
47949.6
36253.4
18415.2
17200.4
36585.7
-89.0955
12343.3
10103.1
6009.7
7915.35
1339.97
-8873.48
-3713.72
-10053.6
-4145.77
286192
170872
270173
96233.7
-4246.18
-28913.6
7348.96
-9499.98
25923.2
34052.8
22421.6
12007.4
-13960.4
16583.8
-31534.8
-3294.41
660.438
498.51
-1831.41
-2234.46
-46830.3
-30197
-46838
-20682.2
264238
140878
253040
79517.7
-44270.5
-57308.9
-30522.3
-24711.3
8879.85
18193.9
3457.05
5275.02
-47953.2
4120.31
-64073.8
-8254.06
-34274.9
-18251.1
-31686.9
-10193.7
-85099.6
-44996
-78945.6
-26651.6
240995
131365
224542
76770.6
-69961.1
-74379.1
-47504.8
-33572
-23581.3
-5499.17
-27411.7
-6838.43
-31225.1
15137
-51030.5
-4538.21
-40879.3
-25191.4
-39308.1
-14276.5
-99307.5
-51476.7
-95986.9
-30436.7
231003
128548
215429
74283.7
-70495.7
-73166.5
-44094.5
-32178.3
-43282.7
-13290.8
-45931.5
-12109.9
-8110.51
36072.3
-34199.2
8340.32
-44346.9
-22312
-44742.9
-10940.4
-89914.3
-40870.8
-89415.1
-23719.9
229026
131182
213299
75944.7
-78882.7
-80976.5
-56221.4
-35500.3
-56440.6
-22746.2
-59211.7
-18517
15329.4
52975.7
-10081.9
17727.9
-33712.7
-16153.1
-32304.9
-6281.94
-82493.9
-37468.2
-79251.8
-19988.5
229408
131503
218698
76807.4
-78537.6
-78521.4
-55490.2
-33765.1
-102163
-51497.2
-94830.8
-32753.2
18154.3
57128.6
-16734.4
15399.4
-16877.9
-6185.06
-24766.4
-4805.5
-69188.3
-29791.1
-77707.5
-19802.5
228004
130022
213500
74055.3
-92037
-89536.7
-68646.6
-39668.7
-150305
-83521.3
-142803
-51367.8
32472.5
80557.8
-5059.35
26947.1
-186.676
14767.2
-8044.05
7019.45
-51560.8
-7144.61
-57244.5
-7694.74
247907
146797
230336
83661.3
-98494.3
-92154.4
-76895
-42471.7
-173525
-89953.9
-164432
-52763.6
48743.7
94663.2
7344.01
30291
35279.7
38315.3
21502.4
16392.1
-22500.1
7476.24
-27644.3
-964.494
284077
168817
260321
94084.1
-111457
-94774.9
-81815.1
-42645.6
-152636
-72165.9
-150125
-40632.5
74710.1
114551
32401.8
39806.6
54616.9
49308.7
45199.7
22161.4
-6808.02
16349
-12587.9
2853.88
329778
200323
305169
110896
-87675.6
-81800.2
-56312.6
-34463.7
-76895.7
-19579.8
-83255.5
-15155.4
104578
131014
53351.9
47288.5
64884.8
48744.4
51398.2
23737.6
7095.11
19147.7
-2564.68
5221.98
368355
221982
340227
121745
-70428.5
-77719.5
-41810.5
-30168
-19954.6
11705.4
-32677.5
-521.138
110372
138642
59493.1
50803.5
53543.5
42847.1
35161.6
16326.4
-2819.23
13291.5
-13786.5
370.524
378939
230334
346402
124309
-70637.1
-78137.4
-50481.8
-33502.7
-16798.7
17101.4
-32041.1
420.729
113348
149310
57956.6
53727.4
55170.6
53731.6
39100.2
20582.5
-9823.83
13276.6
-21554.7
-2129.81
412429
260257
377992
140057
-64666.3
-71707
-41811.2
-29943.1
-16638.2
18147.2
-24774.2
-832.972
111076
151427
54138.9
53311.6
31160.1
33123.7
18353
11172.3
-34113
-134.35
-42900.2
-8267.49
427273
261021
393588
140779
-98594
-99459.5
-67520.9
-44320
-33189.5
8811.26
-45206.8
-4900.25
54852.4
119267
1267.84
37783.5
10013.3
31914.6
-10558.5
11648.9
-54602.8
-8517.81
-59873.6
-8203.15
425263
267827
386795
146228
-113852
-100726
-88922.2
-42697.9
-45082.3
5277.85
-62083.3
-3382.8
44084.6
117600
-8495.89
34537.9
54701.1
67284
30618.4
25965
-23599
11984
-31197.6
1220.47
450707
286361
409817
153355
-59674.9
-63803
-40097.9
-25324.3
-10472.3
31473.3
-30381.5
7855.96
39735.9
113993
-14504.9
31007.3
53739.4
65122.4
25614.2
22896.1
-2146.07
20533.7
-9739.69
4598.32
458101
289836
414502
153591
-35036.4
-46925
-19419.3
-15629.9
5514.73
39977
-17800.7
9907.98
-9826.66
82933.7
-54600.7
15255.8
18717.1
49300.9
-10155.5
9778.58
-22623.9
4080.01
-25453
-3161.47
428142
271177
390110
142271
-7535.64
-23695.9
-4231.33
-6504.68
-4135.16
35385
-25785.4
7098.64
-37109
67487.7
-79521.9
6404.97
1769.18
47847.8
-21851.7
7602.81
-16198.4
7795.85
-17572.3
-1711.91
418583
268143
381870
139922
18284.4
-4029.8
22622.5
2387.9
-12091.5
31742.7
-27407.5
3814.84
-85448.2
35767.6
-123409
-10790.4
-29361.9
23307.7
-46588.4
-973.686
-38692.2
-13348.8
-30927.4
-8800.65
396735
250681
364557
132966
19817.4
-2687.01
26327
4384.06
-36428.7
13369.3
-50228.6
-2496.79
-97495.9
32506.4
-133691
-12798.6
-31575.1
22654.3
-45333.3
-190.919
-36877
-15989.1
-34629.8
-9615.24
373667
232204
340082
123636
22098.5
-1675.14
38147
5829.39
-14237.6
28572.1
-36929.4
6202.74
-121896
12059
-154091
-22543.3
-70782.8
-13635.8
-76941.7
-17420.3
-51385.4
-27396.9
-47799.7
-15694.2
343293
207957
316138
113339
16651
-13976.7
31767.5
757.311
-6691.35
31748.4
-29613.6
5702.11
-127060
9857.07
-161153
-22837.4
-103632
-36639.4
-107236
-26706
-62741.6
-34331.4
-61404.4
-19831.5
326925
197992
296856
107888
16191.3
-15195
33115.9
2567.5
-3135.31
37548.8
-27849.4
9446.95
-111750
22645.8
-144216
-14891
-91913.3
-34692.8
-88778.7
-23834.4
-54695.4
-26180.6
-50056.1
-14570.6
341990
207858
315147
113747
33692.2
-10369.7
50454.9
7074.6
21413.3
53239.5
-2234.46
17373.6
-113427
15777.7
-152064
-20362.6
-92686.8
-42157.7
-94295.5
-30016
-63364.5
-38807.4
-60181.2
-23625.1
330853
197366
302426
106700
34020.3
-17447.9
48645.4
1122.18
11628.4
47125.1
-11472.8
10786.9
-121697
21404.1
-164212
-20530.1
-80924.1
-28027.6
-86437.4
-21582.3
-69239.9
-33194.4
-69864.3
-20485.6
326464
198679
294655
107463
29958
-11233.1
44084.6
4104.75
31802.8
70006.4
-3290.87
24038.1
-13428.7
-16816.4
-3140.26
-6945.91
-5663.22
-7460.68
6871.66
2011.01
-17510.8
-14806.1
-12892
-7358.15
18294.3
15750.1
18330.3
10823.7
2911.16
-800.445
10651.9
2006.77
4911.56
2280.42
8880.55
692.258
-33230.5
-36399
-15327.2
-16122
11553.4
1303.2
21269.8
5011.27
-32584.9
-31025.7
-17932.2
-14262.3
25245.1
16725.9
28149.2
10031
1967.17
-5959.5
9230.57
-2793.78
-36972.5
-31730.7
-23691.6
-15849.8
-49525.8
-50205.3
-35595.8
-21170.1
32815.4
13034.8
33531.7
10888.7
-43630.6
-39245.1
-34003.4
-16566.8
60831
35495.3
54674.9
21180
-20425.5
-16028
-17130.4
-7984.65
-46045.4
-44600.8
-28746.7
-18432.2
-60538.9
-61848.5
-43571.9
-27371.4
69806.3
42299.8
66641.3
23543.1
-31230.1
-34869.6
-17066
-13257.5
78983.1
49493.9
76557
28270.1
-28174
-17412.5
-31195.4
-12522.2
-71883.8
-64143.8
-54648
-29404.3
-78140.2
-75372.6
-58540
-32932.1
72959.3
38925.5
77272.6
25160.3
-31184.8
-38415.7
-16935.2
-13764.5
83796.4
46973.8
82031.5
29718.3
-29977.1
-12631.8
-30295.3
-7044.9
-89436.3
-74505
-71151.9
-34864.6
-100048
-89116
-76162.5
-43779.8
112660
72260.7
102675
38651.9
-37036.1
-46573.6
-19165.4
-20607.2
89722.7
45950.6
89246.1
26605.6
-9225.62
6496.9
-16216.8
-1629.17
-128826
-101698
-106299
-50897.5
-121300
-92727.2
-92722.9
-41411
108943
63673.6
105983
38018.3
-64858
-57470.1
-49711.7
-25134.8
62693.5
24986.3
61691.5
16206.9
-27344.5
-9594.73
-26977.5
-9383.31
-150660
-105598
-125006
-49918.2
-68581.6
-61031.8
-44485.5
-23915.1
115973
64585
112422
38024
-38378.9
-41464.7
-20506.1
-14437
45764
13955.5
50262.6
10393.8
-21361.7
-5852.72
-21111.4
-6620.64
-111939
-89285
-82859.5
-38266.5
-23763.7
-37476
-11839.1
-12970.5
110736
58754.2
103036
34331.4
-8107.69
-23038.2
3020.05
-6958.64
46389
14926.3
42468.8
9140.77
-30364.6
-9763.73
-35069
-9051.67
-73737.8
-73217.4
-50770.3
-32796.3
-21687.7
-37917.2
-10341.4
-15320.2
93752.5
50196.8
85367.6
27005.8
-2140.41
-20660.2
10178.8
-5182.39
7911.11
-8633.07
12609.8
-3608.37
-45651.5
-19376.8
-52572.7
-16348.3
-118023
-107780
-88070.1
-49759.8
-2636.8
-23799.8
5873.23
-7089.45
89129.4
47542.3
80128.6
26240
14238.3
-10130.7
23430.7
-23.3345
-23637.9
-34631.3
-16832.7
-16451.5
-43576.2
-15044.4
-53958.6
-15398
-139898
-124284
-109234
-57105.2
-14391
-26163.7
3336.13
-6617.81
83200.3
54566
77049.2
30994.6
-1559.88
-21407.7
12658.6
-4302.74
-72057
-64110.5
-56823.8
-30733.7
-51220.7
-12749.8
-53929.6
-12059
-169261
-137639
-130112
-60201
-2666.5
-24683
17090.8
-3066.02
89272.2
53620.6
85279.2
32150
-23750.3
-41314.1
-12928
-14109.6
-103133
-80543.7
-89202.9
-37744.7
-65089.2
-23064.4
-64304.3
-17486
-145047
-126656
-118373
-54741.4
34099.5
-8988.03
56101.1
7931.62
97956.2
54944.3
94551.5
32044.7
-28548
-49035
-11555.5
-16048.5
-114067
-89375.5
-93193.1
-41912.3
-53168.1
-16703.3
-51304.1
-13539
-139274
-129923
-108750
-55064.5
85349.9
16828.4
96909.7
19455.3
101624
60506.4
100758
34661.7
-11359
-36382.1
4553.06
-12030
-96292.4
-76615.7
-82175
-37002.2
-45398.4
-11380.2
-51384.7
-12001.7
-104003
-106356
-66901.5
-46118.2
65936.3
-249.609
82133.3
10771.4
96767.6
57651.1
91764.8
31217.4
-33952.4
-53712.5
-14622.3
-19703.5
-132408
-98665.4
-109365
-48983.4
-77324.2
-30868
-84419.4
-25887.2
-164358
-151030
-124209
-68023.7
52940.4
-10645.5
74210.9
7281.08
96092.3
55442.1
96288.1
32305.6
-53411.3
-67262.1
-30470.6
-26708.8
-157357
-121345
-129317
-59692.5
-92220.9
-36475.4
-96670.7
-28217.1
-194765
-168456
-150100
-75989.9
46164.9
-11373.8
65837.3
6752.87
110944
70862
95976.3
38967.2
-71583.2
-80115.9
-48061.3
-31095
-189265
-145104
-162222
-70171.2
-105304
-33461.7
-117060
-28855.6
-223295
-189528
-184638
-84384
50676.2
-13073.7
71718.3
6677.21
142894
88723.5
129021
45556.8
-78409.7
-80786.2
-55853.7
-34082.5
-203377
-150517
-179306
-74910.2
-78785.1
-15758.6
-91093
-19874.7
-194929
-162993
-157556
-73405.5
62952.3
-2592.96
86467.8
14555.1
154437
104694
136260
53396.5
-68103.6
-72952.2
-39801.6
-27033.4
-236804
-169172
-205297
-85244.6
-64264.7
-4084.96
-76318.7
-13318.4
-196983
-169309
-150074
-74349.4
89901.6
5553.62
106782
20598.7
152540
100568
129252
50712.3
-59451.4
-71536.6
-33803.2
-24111.6
-239535
-170567
-212328
-84222.8
-59821.9
-1472.9
-73068.2
-9617.36
-165447
-154081
-120449
-63441.6
99626.4
12390.6
117563
22625.3
161206
115897
136877
56682.4
-37705.1
-57654.7
-10149.1
-15783.3
-256169
-176824
-221706
-88484.5
-53434.6
2829.13
-70594
-10435.5
-172482
-164293
-122708
-69234.2
100681
9900.2
114346
19026.1
176572
124896
148256
58980.5
-6602.96
-41054.6
15912
-8677.61
-272641
-193791
-238113
-97995.1
-37941.9
15616.5
-63387.9
-6088.19
-190081
-176710
-142875
-76883
83623.9
4271.63
108723
21451.5
173154
131364
141621
61470.9
-3796.46
-47597.5
28340.8
-8731.35
-304643
-218716
-262996
-108701
-20384.5
35285.3
-43232.5
8370.73
-204850
-186913
-155506
-79611.7
94359.9
1550.69
116660
17634.5
159854
118116
134801
58255.7
-23972.3
-62037.3
3135.31
-18942
-325552
-223114
-289658
-115112
-14556.5
31438.7
-28388.9
4281.53
-163774
-152408
-123100
-64384.2
68399.9
-24024
101011
5368.35
138701
99839.9
122521
47941.8
-38267.9
-78278.8
523.966
-25500.4
-348210
-235711
-301086
-121522
-31318.5
14575.6
-39836.3
-3571.6
-142198
-141430
-95291.8
-57474.3
46444.9
-40641
79505
-686.601
117132
87778.1
99226.9
44088.8
-56544.5
-94591.8
-13645.7
-32471.8
-344240
-234347
-302620
-119665
-64393.4
-9016.32
-69390.5
-13981.6
-110901
-127117
-61512.6
-47636.4
32971.7
-57224
70856.3
-8742.67
136934
99510.4
120883
49220.3
-64131.8
-107612
-12278.9
-37065.1
-353797
-239346
-302406
-121982
-74391.2
-18046.8
-81620.6
-19772.1
-98719.2
-125477
-48877.3
-46901
10695.7
-71885.2
46664.1
-15595.2
122904
81805.2
107930
42299.8
-84931.3
-128172
-32082.1
-47386.8
-378437
-264056
-329672
-135632
-89764.4
-30117.1
-93439.2
-24202.9
-88540.4
-120514
-45010.2
-44729.5
-8884.09
-82445.1
34074.8
-21773.9
134359
95853.3
114670
48195.7
-113889
-151983
-57372.5
-55164.2
-395425
-273360
-345337
-137965
-70922.8
-7962.02
-80998.4
-12927.3
-76762.8
-108243
-39504.6
-35687
-28948.2
-98398.9
24251.6
-30001.1
118573
81725.3
109069
41922.9
-130575
-167275
-72323.6
-64760.4
-390235
-269175
-347064
-137599
-66546.5
-20219.7
-70746.7
-20862.5
-52374.7
-92212.4
-8443.56
-30594.4
-46864.9
-115320
13704.4
-35800.1
122047
80592.5
117810
44450.1
-132905
-170954
-65380.5
-62422.7
-387746
-263117
-337309
-133519
-73807.1
-20871.7
-77786
-19328.8
-42995.6
-90088.9
6054.25
-25445.2
-54472
-124760
-968.736
-37561.5
124070
78454.2
111529
43074.1
-138513
-180189
-72175.8
-66336.5
-355480
-244879
-316130
-124336
-96419
-34077.6
-99638.4
-24482.2
-17950.6
-86040.8
27347.4
-23427.9
-41675.5
-121557
11951.5
-36124
144282
90104.5
133177
49734.4
-122943
-175461
-50626.7
-60554.5
-341274
-233202
-295425
-117217
-67919
-17356.6
-77072.5
-16381.5
-27194.6
-95981.3
21950
-26632.5
-39396.5
-120820
9984.35
-36150.8
151174
88857.2
138564
49911.1
-111108
-175437
-41768.8
-61444
-341921
-241811
-301524
-121847
-49020.2
-4956.82
-63776.8
-11540.7
-38715.5
-104167
7498.87
-31975.4
-33973.7
-112602
29743.7
-31150.2
176113
112889
165025
61642
-117831
-186975
-37940.5
-63344.7
-344343
-241893
-299240
-121579
-22292.2
17700.3
-32786.4
2305.88
-49084.5
-108284
7440.88
-31082.3
-55125.3
-40496.7
-50971.1
-22973.2
-22469
-18104.1
-23663.3
-12024.4
4492.96
9569.98
2475.58
4157.08
-35318.6
-28301.9
-31178.5
-17275.3
-12638.1
-8464.78
-15535.8
-3326.23
-57726.8
-52245.3
-46817.5
-28723.4
-90652.5
-65767.3
-75987.1
-35132.6
-23315.4
-14813.2
-24866.1
-12070.3
22960.5
24021.1
13980.9
10371.1
-67694.9
-46794.9
-58924.6
-25440.3
51673.2
29081.2
42343
14479.4
-78359.5
-62595.9
-61090.5
-33634.2
-110198
-77291.7
-94288.4
-40831.9
-36799.3
-16873
-32639.3
-13174.1
44322.2
43421.3
34149
20694.9
-84681
-53668
-76052.2
-29380.3
100116
69129.6
90887.3
35523.6
-85446.8
-61482.9
-67509.6
-31378.6
-101944
-69115.4
-88300
-34079
-10681.6
9603.22
-20507.5
-1394.41
71738.1
57870.3
62035.2
28997
-67009
-33991.3
-67407.8
-21420.4
167910
111577
151268
59867.2
-72232.4
-52862.6
-64510.1
-29023.9
-101973
-66223.4
-88020.7
-34970.7
-11448.1
15168.9
-19711.3
-2483.36
90548.6
75110.3
77986.1
36786.5
-56388.9
-18590.5
-58148.9
-13963.2
223366
149877
199378
77920.3
-80401.6
-48857.5
-72069.7
-29230.4
-130269
-83693.9
-118846
-44605
-68371.6
-23003.6
-86439.6
-22068.1
99717.6
74435.7
83638.7
36051.8
-69102
-29833.5
-72902.7
-22337.5
232812
156363
197472
79948.3
-141228
-97413.9
-132451
-56469.5
-120398
-67158.9
-110075
-36612.6
-85308.9
-24403
-100483
-25839.8
131291
106141
109870
50734.2
-51137.3
-8877.73
-60774.4
-10526
249696
176229
222546
90798.9
-178746
-109101
-166887
-61594
-110744
-65204.4
-106351
-32585.6
-92469.1
-27898.9
-109703
-27283.7
144744
112273
113620
52644.1
-44068.3
-5783.43
-61548
-9136.53
271422
178831
232422
91179.3
-186725
-117591
-170520
-64091.5
-90052.9
-55139.5
-82716.6
-27885.5
-111610
-37840.1
-122220
-32638.6
139557
108264
112754
51198.1
-43849.8
-114.551
-58252.2
-7432.4
271151
182089
241623
93659.1
-199462
-121795
-179225
-65695.9
-63811.4
-34120
-62810.9
-19632.1
-89698.6
-14223.5
-113990
-23625.1
157060
121115
128895
57953.8
-15052.9
31199
-40639.5
4278.7
294997
198230
263148
103276
-161563
-88602.6
-157146
-51600.4
-38697.1
-14196.6
-38082.6
-4606.09
-105319
-16230.9
-127500
-24454.6
140665
110393
113781
54338.3
29508.3
66594.6
-3490.28
25471.4
301507
207100
261040
107305
-134365
-68741.4
-131363
-39738
14030.4
18553.1
14841.5
10121.5
-131893
-38316.7
-147744
-40537
135548
101871
118500
45460.6
80973.6
99415.7
50924.4
38407.2
306650
209924
269997
104191
-146245
-79493.7
-136187
-49313.6
22263.3
12151.6
18610.3
5150.57
-175834
-61405.9
-185494
-50107.7
138947
111299
115988
52707.7
84229.9
92984.5
58414.1
35031.5
308349
213598
272609
108228
-181728
-112156
-164667
-63377.3
13318.4
10598.8
9599.68
6240.22
-168971
-53293.9
-180203
-41906.7
160515
128705
126490
62475.7
72989
88379.9
45212.4
37988.6
339483
233279
293562
118348
-174287
-103040
-158284
-54674.9
35822
19683.7
33192.3
9260.98
-163702
-56398.8
-166350
-44438.1
187518
144246
154005
68965.5
89306.9
94870.4
64173.5
38678
356960
244720
315660
123016
-164288
-96759.8
-147597
-53682.8
29086.1
19252.4
22342.5
9399.57
-146073
-36436.5
-165320
-36842.4
193122
146159
160703
70778.6
101967
110586
65058.8
45003.8
375946
261286
329631
132878
-147817
-80325.9
-146511
-47905.1
43689.3
31701
42425.7
15257.2
-160153
-45650.1
-166962
-42674.6
194943
148780
166443
71644.1
129850
130910
100610
56520.5
378774
262360
330608
128853
-152309
-78828.3
-140981
-47670.3
56063.7
39528.7
44043.6
21216.7
-201048
-80319.6
-217577
-57772.7
197192
143036
167167
69176.3
147780
132908
109742
58885
345329
244367
291037
120425
-192631
-116906
-184690
-67701.2
78281
62706.9
59521.4
29168.9
-174912
-45391.3
-198604
-44362.5
228534
178529
188827
85301.8
148784
142227
106951
60009.3
380767
280888
325341
140096
-209475
-114635
-205706
-67677.9
58711.8
49573.1
43668.8
23087.7
-170684
-35016.6
-200525
-40725.1
215546
170271
171683
80321
130492
130463
88890.4
57311
383992
277502
323543
137426
-225305
-118991
-221948
-71581.1
72721.7
55894
52946
26745.6
-183957
-40991
-212217
-45096.4
204550
159372
162444
74766.6
143331
135759
99984.9
58480.6
367078
266750
311143
131799
-251893
-129940
-249046
-78596.3
73795.8
55813.4
62072.7
27533.3
-180820
-30929.6
-212916
-43031.7
175277
136590
143852
63288.2
136147
131390
97068.1
55201.7
357091
260830
306803
128819
-264516
-133340
-261326
-82300.2
110353
79594.1
94197.9
40471.3
-183428
-26085.2
-216628
-39334.2
173332
135096
143543
66450.4
150240
143301
111004
65123.8
366373
269116
308654
135666
-259979
-123222
-257931
-76774.8
156771
115095
135067
59899.7
-150208
491.439
-192737
-29170.3
198773
150691
171263
72697.6
203153
179680
161044
83534.1
395936
292916
342345
145233
-251007
-116679
-254445
-76063.5
170621
127677
138981
63547.7
-130720
13223.6
-166616
-22214.5
233965
182709
196657
88827.5
205241
176070
155397
77894.9
428319
316201
364985
160425
-246116
-112923
-246980
-72680
151179
111732
124927
53892.1
-151293
-4439.92
-188474
-34671.6
216740
164900
175177
75990.6
170854
154839
125235
66550.1
438918
309301
366561
150026
-249121
-116289
-245131
-76892.2
145803
105625
121485
52678.7
-201807
-40882.8
-223992
-52807.4
191576
148041
156786
67938.1
149736
140807
105333
57972.1
400850
289232
339476
140421
-267252
-126989
-259174
-80888.8
147326
110904
124574
55720
-249660
-71056.5
-268322
-67800.9
168687
131333
146748
62549.3
123508
134465
77893.5
51847.9
373832
274356
322444
134837
-265639
-121207
-262513
-77317.9
146138
104798
122226
52129.3
-321840
-124613
-336261
-94811
156129
115314
129002
54027.9
100830
121526
52529.5
45669.9
329790
238808
268260
115423
-272346
-133102
-268872
-86211.9
172383
132510
144304
68702.5
-353785
-139221
-363688
-99224.1
170857
132219
150154
65759.5
98428.6
132779
53814.4
52260.1
323710
248925
272497
121470
-303563
-148811
-300386
-92047.6
222010
165795
185906
82686.9
-348611
-135804
-358349
-97803.5
223707
172216
191782
85261.5
122426
145859
73047
57974.3
353618
271216
299658
134870
-321066
-161185
-313745
-99340.7
213205
156134
174106
75207.2
-353979
-144987
-365027
-103853
239798
178597
194580
85106
105940
130874
54336.9
47951
384634
279328
319129
135650
-333088
-172217
-325545
-107028
205790
153933
172139
74031.3
-380918
-160993
-381460
-111807
234055
177663
193930
83909.5
81239.5
120360
35328.5
41210.2
394837
291095
336367
142314
-345657
-174227
-333998
-107771
199699
153663
167138
75026.2
-390976
-165969
-393972
-113350
221550
167279
189129
79825.3
71498.4
121270
24526
41775.2
397620
292220
342861
144502
-351091
-173954
-343843
-108993
219552
165687
185153
81897.8
-410007
-177635
-413862
-119586
202481
154409
166666
74216.5
86279.8
132215
36478.9
48743
409906
297531
344935
146916
-350005
-171715
-344572
-107319
257396
194912
215403
96423.2
-425607
-185012
-429026
-124663
208918
164000
178766
78084.4
107535
148842
56387.5
56381.2
424314
314238
360969
154591
-367169
-181326
-360375
-113449
17246.3
14446.2
12386.4
9852.12
-9569.28
-5151.98
-6814.39
-3864.34
10422
10715.5
5364.82
7575.94
-17043.4
-12220.2
-14072.1
-5743.83
-13971
-9270.17
-9427.85
-3293
1533.71
2683.47
-4823.88
-86.267
60553.1
42148.5
41740.5
19731.8
-12185.6
-3440.78
-11361.8
-2694.08
34459.4
28997
19176
12940.8
-24886.6
-10721.9
-30729.4
-6665.19
-8872.07
-8070.21
-13229.3
-4094.86
13260.4
8429.42
5115.92
1962.93
68522.2
53887.2
60698.8
25291.1
-4497.2
3112.68
-788.424
1677.26
30577.4
29062.8
27222.2
13278.8
-15991.2
4557.3
-19642
1257.94
-18910.2
-14007.1
-11921.8
-5767.16
10460.2
11199.2
8379.22
5094.7
75948.2
59983.9
59054
29645.5
-10303.3
-3338.25
-5516.14
-3273.2
28600.3
31953.4
10668.8
11668
-12609.8
-2327.8
-19540.9
-4689.53
-26073.9
-19989.9
-18029.8
-12163.7
14147.8
10157.6
2020.91
320.319
112639
78602
99118
42147.1
-18930
-14762.3
-14432
-8094.25
98254.6
82784.5
75212.8
42141.4
-8751.86
8601.25
-23615.2
3240.67
-69542.5
-54030
-63213.2
-27815.5
-2975.51
5415.73
-17167.8
813.173
122907
78277.4
104345
38873.9
-40449.3
-34863.2
-29936.8
-16754.9
148046
109380
115893
50889.8
17616.2
25487
-1669.48
7142.49
-133649
-94987.8
-119932
-52114.5
-7433.81
-1783.32
-21982.5
-7326.33
128717
92441.5
105647
46941.3
-31864.4
-32564.4
-24681.6
-13579.3
155811
126387
124272
61321.7
-3295.82
13347.3
-13486.6
-481.54
-174565
-114797
-156274
-58009.6
-33676.7
-4709.33
-45836.1
-8523.47
141969
101737
112183
46326.1
-20199.2
-20757.1
-15165.3
-9916.47
172625
138099
136694
63395
-36802.8
-1591.7
-48519.5
-10210.6
-160645
-104672
-150764
-56500.7
-22254.8
3452.1
-36532
-8357.3
126926
98328.9
106922
45000.3
-22720.8
-21939.4
-17441.5
-9590.49
152519
130019
126231
59711.6
-63737.9
-16699
-67031.6
-18048.2
-191472
-122398
-173569
-63963.5
-60044
-15308.9
-62980.6
-15507.6
123792
98844.3
97090
47733.2
-15885.2
-15952.3
-13877
-4900.25
167406
143836
128408
68370.2
-92488.2
-40857.3
-94879.6
-29463.7
-177285
-112953
-162564
-59465.6
-47944.7
-8517.1
-58004
-9553.72
148362
115421
128424
53943.1
-3923.03
-8626.7
5717.67
-3041.27
251130
199294
213447
98782.1
-112062
-46824.6
-112698
-35139
-213136
-132688
-193590
-71184.4
-69691
-23669.7
-71418.5
-20818.6
138114
107842
115094
49709.6
-261.63
-9764.44
12264.8
666.095
303979
224117
258501
109471
-108158
-40814.9
-111649
-30946.5
-266678
-165537
-240896
-89770.7
-114117
-56727.6
-110818
-38053
116499
91538.5
95181.5
44192.8
2455.78
-11082.5
5847.07
-2532.15
298346
220185
250167
108206
-135978
-63965.6
-133878
-43622.8
-290912
-180717
-266042
-95881.6
-146800
-75531
-143801
-46420.1
100655
84994.2
79557.3
38115.9
6620.64
-2591.55
10692.2
2562.55
294376
217424
250123
106488
-155296
-65848.6
-153908
-43827.9
-277567
-173269
-254483
-92710.2
-159795
-87488.9
-147764
-51831.6
128931
107405
106135
52279.9
79967.4
43906.4
70585.5
27412.4
308106
221006
268250
110623
-114298
-38987.7
-122822
-29081.9
-221508
-133442
-199065
-68983.9
-132218
-67883
-122517
-37584.1
124674
101396
99070.6
47849.2
90637.7
51355.8
78096.4
27577.2
302229
215920
256833
107513
-125210
-53009
-126731
-40495.3
-188283
-117661
-167458
-60894.6
-127283
-73985.3
-118271
-44161.6
146806
112134
126461
53933.9
109483
71375.4
93648.5
36650.1
334580
238353
287937
119995
-155263
-68411.9
-162301
-48469.3
-173753
-114756
-156829
-60918
-147341
-87251.3
-138753
-49653
133787
101160
117392
48662.4
125014
81750
110443
45211
354461
247648
306320
123628
-157387
-63370.2
-160271
-45370.1
-184744
-121869
-163090
-65285.8
-170059
-104956
-153529
-59555.4
136267
97450.6
115992
48006.9
164308
104892
146422
54916
358270
248619
310402
125590
-169443
-76238.8
-166748
-52803.9
-196879
-131748
-173721
-67781.8
-176873
-106533
-165954
-60152.9
116626
83430.8
100135
39519.5
159805
106202
144043
55800.6
327873
229333
284685
114602
-184997
-78535.5
-180308
-51501.4
-199956
-136940
-176558
-71155.4
-187950
-116566
-169215
-66053
107563
76894.3
97505.1
39890.7
167152
111251
145800
59659.3
269367
191036
235996
97193.9
-159959
-64351.7
-157572
-40906.8
-212440
-141568
-182610
-70430.7
-209321
-122122
-189272
-66014.8
98765.1
64536.9
82801.5
32203.1
173919
115048
146366
57768.5
246954
174693
205343
85289.1
-148515
-69807
-149065
-47917.8
-191396
-132385
-164722
-66822.3
-191649
-118713
-178238
-66871.8
89237.6
59420.3
83591.3
32683.9
184743
135141
156017
69310.6
248678
186585
208476
92725
-148895
-57188
-154634
-37274.4
-210201
-144373
-183409
-74887.6
-213024
-124016
-197826
-68117.7
79464
44859.6
74804.8
24134.3
214523
155556
181418
79561.5
245329
181711
203365
86242.3
-95145.5
-25190.7
-104918
-22643
-238979
-159124
-209917
-85052.9
-215961
-128150
-199799
-72655.2
61684.5
39241.6
56862
22066
237145
165169
207005
84125.9
229380
178846
188477
85097.5
-91494
-30660.2
-95144
-25689.2
-243944
-158341
-218012
-80818.1
-218934
-120252
-207513
-66440.5
69649.3
37618.1
63957.1
20690.7
230888
154958
204128
78886.2
222624
172230
180038
80426.3
-124811
-54977.6
-123901
-36722.9
-193121
-130728
-172143
-67384.4
-177666
-99973.6
-169059
-56927
36479.6
12024.4
43667.4
6292.54
205582
135455
178060
65803.4
161696
135519
133095
57541.5
-177096
-97805.6
-171224
-60801.3
-183247
-122018
-160868
-64604.1
-171557
-89818.1
-164963
-53067.7
24425.6
10582.6
27676.9
8609.03
194077
138246
163125
68317.1
147420
137039
109244
61033.2
-218065
-118954
-208648
-72206.2
-138433
-85036.7
-125621
-44013.2
-127280
-54180.6
-128565
-33985
37484.4
15758.6
44508.1
11032.3
205574
147354
184902
73469.8
195774
170468
158026
79000.8
-229530
-119102
-221148
-71843.5
-93249
-55297.9
-81358.3
-29418.5
-82431
-24444.7
-86286.1
-19180.3
36022.1
10320.9
39501.1
9538.87
220415
151217
197304
81066.3
231325
188975
181144
86449.5
-201195
-94839.3
-198256
-57714.8
-58159.5
-29593.1
-54344.7
-17153
-55134.5
-10291.9
-64052.6
-12438.7
58878
27000.2
58274.8
20468.6
254986
168838
229054
89158.4
244891
203215
196979
96502.4
-185528
-89173.2
-183107
-56613.1
-53481.3
-27548.9
-49911.8
-14068.6
-35199.1
3413.91
-45318.5
-3852.32
33009.9
3891.92
27420.2
2061.92
227413
147775
202616
75939.7
218374
181677
167470
80758
-225401
-113906
-222594
-71738.8
-82400.6
-54462.8
-82505.2
-31547.6
-62531.6
-26020.1
-69507.2
-22771.7
6711.15
-4379.11
13444.2
-2329.92
239322
154554
211448
81503.2
172502
155462
137653
67102.3
-230256
-113003
-227843
-71610.1
-97280.2
-60363.6
-88616
-33531
-84265.2
-32672.6
-81849.7
-23343.7
-10192.2
-11708.3
-801.859
-1873.83
242065
159226
219251
84634.3
148069
140039
111555
61814.6
-246883
-126635
-241012
-79133.7
-99055.8
-61477.3
-86610.7
-33439.8
-71273.5
-28650.6
-69378.5
-17430.2
18580.6
-3063.19
29895.1
234.052
266269
168451
244804
86991.1
208469
179741
168163
83636.6
-248998
-120013
-247761
-77497.5
-99629.2
-63911.1
-92524.2
-34842.7
-59495.3
-27061
-55273.8
-18654.2
9310.47
-7906.87
18514.2
-514.774
276349
177319
257192
96984.6
265299
212450
217169
100649
-224862
-95120
-229032
-64121.2
-103477
-61540.2
-96443
-34159.6
-59063.2
-28405.9
-56502.8
-18587.7
-7510.18
2146.07
-7813.53
969.443
-26428.1
-20982
-21013.8
-11807.3
-33982.1
-20518.8
-30542.1
-8734.18
-46507.1
-25657.4
-42045.3
-14161.2
-44979.1
-29832.1
-40223.1
-17556
-4857.82
-1309.56
-6742.26
-1788.27
-18239.8
-11276.2
-20182.2
-7985.36
-35708.2
-23014.9
-33661.1
-12609.8
-16022.3
-19569.9
-9899.49
-9167.64
-62137
-38103.2
-58317.9
-20871
-68635.3
-43690
-60220
-25434.6
4072.94
5389.57
388.202
3256.93
-26022.2
-4992.17
-31066
-6046.47
-37447
-25492.6
-32633
-14714.9
-17174.9
-17276.7
-13734.1
-6666.6
-96939.4
-55346.7
-89230.5
-29707
-106272
-68731.5
-94243.2
-40617.6
46541.8
36824
33400.2
17343.2
-6023.14
13749
-13882.6
2657.31
-55867.1
-36488.1
-50552.5
-20091
13735.5
4918.63
17645.8
5519.68
-113314
-64787.2
-103344
-37245.4
-154362
-94706.3
-143873
-54979
85592.4
67959.3
66793.3
31867.9
22451.3
33381.1
10406.5
13125.3
-67929.6
-42485.8
-59105.6
-23555.8
31569.5
12947.1
30194.2
11004.7
-117927
-66635.6
-110628
-37727
-177308
-102625
-164545
-58186.4
104571
80615.1
87378.6
38643.4
38992.7
43480
24888.7
16594.4
-77180.7
-49018.8
-69239.9
-25723.8
44133.4
16131.2
49397.8
10725.4
-140454
-79117.5
-130306
-46114.7
-201627
-117212
-185996
-67397.2
130524
96887.8
108633
45678.4
43591.7
55856.5
27795.7
24552.2
-82620.5
-52400.1
-69128.9
-26339
35218.9
15680.1
31813.4
14511.2
-158067
-87700.3
-147266
-49062.6
-223912
-132235
-209335
-73622.5
129332
99650.4
109051
48082.6
56193.1
48482.1
43140.6
19021.2
-52766.4
-33287.1
-46656.3
-18118.9
109592
59398.4
106898
34750.8
-138128
-84311.2
-125164
-46456.2
-180920
-105022
-161997
-59619.7
118121
87755.5
99936.1
41662
13048.2
22749
9438.46
7721.61
-70241.2
-44546.3
-54431
-22858.6
139871
78105.6
134343
47598.9
-152589
-91919.6
-131895
-47168.3
-182301
-113598
-156787
-63261.3
113895
84835.8
100983
40444.4
-16240.1
-1936.77
-18193.2
-5548.67
-97333.2
-67296.8
-82705.3
-34810.2
190826
110816
180232
64420.3
-138586
-94601
-114626
-48357.6
-194936
-125268
-174216
-68990.3
91293.8
63315.8
79739.7
28973.7
-22495.9
153.442
-30523.7
-1787.57
-106431
-67336.4
-94890.2
-33081.3
225844
133523
202416
77911.9
-141715
-99656.8
-123976
-48339.2
-201655
-125205
-184211
-65235.6
61299.1
47635
50657.8
24591.1
-16953.6
-8213.75
-15551.4
-7293.1
-99972.9
-67163.8
-88238.4
-34388.7
266126
156122
248546
86244.4
-113811
-84841.5
-93986.5
-41815.5
-179109
-115004
-159087
-61820.2
52184.5
34168.1
45921.6
14403.1
-33965.9
-10551.4
-39325.7
-9375.53
-130671
-89323.1
-115781
-47214.2
248004
146930
221903
81042.9
-133226
-96300.2
-113717
-48266.4
-192302
-125383
-175896
-68346.8
38016.2
28890.3
29818.7
12991
-33690.8
-10409.3
-37673.9
-8149.41
-127800
-85313.1
-113283
-42043.2
284294
173913
257902
96041.4
-132546
-96059.7
-112184
-44416.2
-185348
-114825
-167207
-60628
37499.3
33884.6
30204.8
19024.7
-18584.2
3522.1
-25614.9
-145.664
-127284
-90752.2
-109652
-43500.5
327962
204227
290962
111820
-120198
-88033.4
-101058
-39366.8
-168763
-109265
-153293
-59090.8
101260
75620.1
84537.4
41000.2
2701.15
20888.6
-7199.76
7108.54
-145785
-103592
-125860
-50844.5
384388
251564
340040
134409
-89298.4
-68779.6
-71750.1
-30073.3
-165590
-100014
-157669
-55242
151240
111033
130435
58160.2
22377.8
31482.5
9565.74
11123.5
-162242
-115638
-139910
-59534.1
421220
271329
372771
143062
-65667.6
-57563.4
-50364.4
-26028.6
-155918
-89903
-145552
-51442.7
175542
119679
155399
60785
40225.2
42008.5
26244.3
17957.7
-183377
-131159
-158273
-63535
443568
287331
392379
150373
-54998.8
-50474
-42518.3
-20773.4
-145949
-83631.6
-138232
-46736.9
192989
130370
170032
68569.6
49431
50746.2
32861.4
22130.3
-196840
-142607
-169211
-73076
419587
272413
370327
142339
-62534.4
-54458.5
-51841.5
-25854.7
-148447
-87876.4
-142733
-48863.9
208667
138934
185431
71155.4
52412.9
48350.5
38451.1
20243.8
-195910
-135924
-172451
-69494.5
421120
276054
378083
143737
-73616.2
-59254.8
-63214.6
-27519.2
-125759
-70625.8
-113464
-38844.9
215769
144265
194341
76856.1
15147.6
22017.9
5143.49
8519.22
-225858
-157771
-196204
-81197.1
383620
244675
343996
130043
-103194
-81509.6
-89018.4
-38621.5
-133087
-87907.5
-116356
-47115.2
233502
148128
211211
78845.2
9194.51
17235.7
3988.79
7197.64
-267730
-185443
-235651
-95798.8
374562
240209
340409
128357
-113493
-88573.6
-96777.5
-42470.2
-139898
-93048.2
-124381
-47369.8
244503
152699
223493
82431
18096.3
21035
10088.3
8962.58
-288403
-194442
-254852
-101813
369261
234041
330237
124359
-116003
-88727.1
-99246
-43788.3
-134364
-89963.1
-118667
-45856.6
241755
148779
223427
80108.8
12703.9
15662.4
8881.97
5927.68
-300202
-199268
-267400
-103230
331836
214052
300809
111622
-137978
-100120
-121222
-49750.6
-132796
-88526.9
-114446
-42036.1
240165
147142
222140
79950.4
36133.2
37123.8
27747.6
18421.5
-311208
-214005
-268617
-111285
318116
207362
285557
113455
-151088
-106545
-130830
-54163
-107879
-79018.5
-96218.8
-38871.8
268220
165112
248467
89012.7
30349.7
29310.3
23183.2
12232.2
-328903
-215291
-291658
-112082
334913
217474
302920
116248
-189113
-128895
-167376
-65635.8
-102624
-66040.2
-90384.5
-34360.4
235237
147756
215822
80834.3
39062
41616.8
31528.5
19292
-308203
-202367
-267303
-104543
377879
250766
341234
135092
-206564
-132026
-182942
-67093.1
-92402.6
-58415.5
-80994.8
-31843.8
273672
174368
250596
91746.4
68522.9
56497.8
62487.7
29017.5
-321549
-222669
-275285
-112483
445571
290299
410873
158261
-196781
-131914
-169771
-66673.8
-96667.9
-57330.8
-89981.5
-31352.4
286495
178419
263524
94726.9
98831.6
68495.3
87069.6
36264
-351037
-247755
-302312
-126262
488149
304016
444746
166832
-191948
-134995
-167162
-68230.9
-86333.5
-49609.2
-80969.4
-26942.9
280505
169228
261762
92162.2
131660
89831.6
118981
48899.3
-351114
-242206
-304856
-119490
518673
328052
475628
179316
-187678
-123343
-170863
-62381
-72340.6
-34713.3
-72092.4
-18719.9
280437
170928
257691
93321.1
138967
93182.5
122482
48404.3
-372413
-261140
-323688
-132240
500923
306768
455205
165122
-207084
-135100
-188204
-72081.8
-70521.9
-35664.3
-66333
-20374.6
287360
171449
266719
92626
130443
82832.6
111854
42253.9
-371275
-255178
-332014
-129560
506489
308535
462106
166350
-209973
-133830
-196827
-71164.6
-35984
-13324.7
-33313.2
-9161.98
285443
168598
261448
94927
116267
77843.3
99305.4
39536.5
-377979
-258834
-331575
-132261
495714
298113
453847
161745
-218124
-134617
-204628
-72521.6
-30215.4
-13864.2
-22862.9
-10185.9
316976
184998
290511
100905
111618
75986.4
95614.3
39107.2
-412098
-281697
-364333
-143876
488603
295008
448695
160475
-219493
-133599
-206078
-73166.5
-35914
-17221.6
-31834.7
-11725.2
324789
191965
295597
105414
115709
82165.1
99332.2
42166.9
-427718
-284087
-376798
-146421
473890
288575
433034
157296
-218493
-129302
-204292
-72110
-30751.4
-11310.2
-27664.1
-6559.12
317905
191707
297068
104901
123831
81782.6
107859
41598.4
-428746
-287181
-380752
-145949
461387
276709
426723
149475
-211923
-122468
-202591
-69078
-12466.3
-738.219
-8290.83
-722.663
321686
186845
296785
103350
-37413.7
-29120.1
-29632
-17234.3
-26241.4
-21612.7
-23608.2
-15458.8
-17163.6
-17422.4
-21778.2
-12996.6
-17781.6
-11826.4
-16759.8
-3239.26
17056.1
9046.02
15103.8
1232.49
-10267.2
-8326.18
-9248.96
-7765.45
-95261.4
-60030.5
-87998.7
-32949.8
-74072.3
-42690.9
-76048.6
-26636.7
-58099.4
-29604.4
-62398.6
-16011.7
-31940
-17257.6
-31141
-8431.54
22493.8
22547.5
11747.2
6748.63
-50039.8
-22596.3
-55957.6
-18851.5
-107985
-73746.3
-93520.5
-37886.1
-61895.2
-33673.1
-55587.8
-21122.7
-34752.2
-18046.8
-33776.4
-10142
13896.8
11494
18725.6
11262.1
48332.9
44345.5
40482.6
20994
-41707.3
-15984.1
-39189.3
-9246.84
-157453
-111854
-129048
-57838.5
-71316
-37288.6
-62782.6
-23053.1
-39507.5
-23931.3
-30986.1
-11042.9
43043
22469
47102.5
19082
105452
76804.5
90608.7
36020
-31942.8
-15628.5
-30122.7
-10801.8
-202802
-136482
-177108
-67529.4
-69499.4
-35428.9
-69585.7
-19021.9
-55927.9
-37999.9
-51363.5
-15661
64940.7
34327.2
59208.2
23106.8
165453
116408
142718
57291.9
-25967.8
-3591.4
-29185.8
-5583.32
-231408
-160831
-196803
-81978.4
-55978.8
-28003.5
-49721.6
-15600.2
-61792.6
-51302.7
-46972.4
-24056.5
77380.1
38612.3
77646
26734.3
216629
149287
192030
75164
-27491.6
-11805.1
-25092.4
-9673.22
-255112
-172313
-217553
-87362.3
-68843.2
-41041.2
-64999.4
-23758.1
-54538.4
-42190.2
-46104.8
-18814
76318
32270.2
79911.6
19432
190647
136380
163142
65280.8
-69312.7
-44375.9
-63993.2
-25488.4
-279442
-190262
-241823
-96865.1
-99371.8
-62325.8
-93938.4
-34080.4
-51182.5
-38896.5
-41488.8
-16364.6
52960.2
13522.7
54643.8
8923.69
165564
122199
140979
57851.2
-105157
-61989.2
-102229
-35641
-277272
-194842
-244985
-98843.6
-95722.5
-57986.3
-95772.7
-34400.7
-24368.3
-26910.4
-20453.1
-11379.5
45731.4
7927.37
51005.7
7045.61
151012
117069
120980
54356.7
-96324.2
-56240.4
-94662.5
-29235.3
-299070
-205400
-255221
-107575
-112854
-58773.3
-108759
-37451.2
-12599.2
-14014.1
-1510.38
-4482.35
29048.7
-1391.59
38547.2
3556.04
148176
119631
117668
51094.1
-95589.5
-58112.2
-89537.4
-33438.4
-337532
-227138
-288237
-114285
-140610
-75505.6
-133533
-43568.4
-18770.1
-18958.9
-6522.35
-4562.25
20672.3
-3925.86
25599.4
871.863
126325
112784
101346
47332.3
-124553
-68901.2
-114994
-40325.6
-342663
-238499
-292184
-120929
-146012
-78183.4
-137478
-45228
-948.23
-17511.5
12831.9
-3794.33
13179.1
-8683.98
21497.5
-1266.43
102108
99086.2
73380.7
39076.1
-161778
-100694
-147833
-58061.2
-304654
-213150
-261184
-107091
-146470
-81344.1
-143198
-52428.4
1682.91
-20543.6
5439.77
-8874.19
12992.4
-2349.01
12492.5
890.955
96111.4
98287.1
65828.8
38398
-179440
-107312
-163902
-61606
-266571
-183632
-228981
-89744.6
-167260
-87281.7
-163427
-53279.8
-16749.9
-20286.9
-10122.2
-6216.18
37693
17643.7
37050.3
12191.2
106584
110164
77235.2
47528.9
-163775
-89463.1
-150472
-50478.9
-258423
-188655
-220980
-93270.2
-193122
-108216
-181835
-65485.9
-51412.3
-48879.5
-39075.4
-23790.6
37982.9
12935.8
42113.2
9858.48
97557.4
97044
70669.7
41160
-174583
-107994
-157289
-56987.9
-243478
-176545
-199092
-85077.7
-214671
-118071
-198753
-69503.6
-85357.7
-70214.3
-64031.3
-33417.9
47323.8
20178.7
46429.3
16164.5
99953.8
96675.6
75858.4
41545.4
-174143
-115019
-146325
-59471.9
-224352
-166047
-186980
-78731.4
-235679
-132597
-225510
-77572.4
-135466
-99303.2
-117952
-49705.4
77961.4
44218.9
61354.9
22058.9
76431.2
75979.3
56375.5
29284.1
-194656
-125432
-170204
-67402.1
-196733
-154632
-154532
-71590.3
-249814
-139156
-231673
-79504.3
-179825
-131086
-152203
-67089.6
85256.6
59362.3
69626
30249.3
43551.4
47640.6
33164
18585.6
-229619
-157587
-196204
-82945
-203141
-160561
-161246
-75291.3
-255794
-143362
-239796
-83563.8
-184807
-129893
-161234
-68171.5
82317.1
59761.8
69111.2
32293.6
42920
53411.3
24846.3
19775.7
-246385
-165207
-217355
-84439.9
-200857
-155375
-164195
-73038.5
-260579
-144450
-246748
-84101.9
-181283
-125147
-154383
-63092.3
86169.4
56483
73959.1
28875.4
65840.1
75678.8
39489.8
30291
-212965
-137948
-194221
-71826.5
-205918
-168791
-163579
-78643.7
-254345
-142009
-234810
-81721
-185559
-133005
-154903
-68039.9
92227.9
58086
86784.6
33041
70615.9
81608.6
43417.1
33509.8
-180956
-120030
-161255
-58289.6
-228533
-186543
-178154
-86719.6
-252280
-140530
-232722
-80319.6
-201542
-149421
-164094
-73109.9
89620.8
48583.9
82398.4
31964.8
108537
108745
74529.8
46048.2
-150578
-104677
-130883
-50672
-250453
-202281
-199152
-92506.5
-247432
-143642
-230675
-79963.2
-228371
-173627
-188979
-84140.1
101589
54537
85249.5
29801.7
142318
129449
107201
55471.1
-115212
-78934.3
-102340
-39293.2
-264353
-219563
-206762
-101338
-236237
-137776
-215163
-75062.9
-256509
-199104
-209649
-96883.5
89420.7
47770.7
80282.8
28538.1
149646
133344
115464
58414.8
-111203
-84729.8
-93844.4
-43013.3
-256488
-212625
-206144
-97457
-240674
-150214
-229880
-83192.5
-268010
-209855
-231128
-102132
74558.8
42834.4
65898.1
24419.2
140687
130915
99856.2
55940.6
-123061
-89486.5
-111702
-44168.7
-237072
-195551
-188582
-87629.6
-234680
-136377
-227469
-75493.5
-267651
-202875
-226606
-95629.1
70244
36987.3
75159.8
24142.7
159252
151934
117363
66452.5
-114267
-75561.4
-101898
-38462.4
-217594
-190611
-169426
-87021.5
-214560
-124285
-198433
-72363.9
-254774
-201313
-209537
-97593.5
86877.3
40298.7
93771.6
24630.7
162588
154055
124360
67328.6
-98448.4
-69284.4
-82099.3
-33632.8
-224635
-194469
-171333
-87528.5
-226483
-128713
-212606
-70817.5
-274003
-216795
-222795
-101687
39211.9
1450.98
51603.2
8045.46
179820
163349
135284
71768.5
-96455
-75217.8
-81243
-35814.3
-240346
-207170
-185764
-91424
-230247
-139360
-217186
-74233.5
-312126
-247964
-258511
-116264
5906.46
-21162.3
20409.9
-2562.55
170629
153710
131248
66173.9
-125282
-93830.2
-105204
-47174.6
-235212
-206694
-179807
-92331.2
-228731
-136609
-211110
-72950.1
-338058
-270161
-276808
-128266
-18470.3
-37653.4
-4995
-13186.8
152329
140871
113305
60053.9
-158848
-118993
-135848
-59626.1
-255114
-219452
-202865
-99917.7
-239171
-148078
-228221
-80960.2
-351157
-275407
-292683
-130038
-42641.4
-55642.9
-24954.5
-20617.1
120193
125039
75412.2
49549.8
-191380
-137044
-173474
-67545
-273276
-224286
-221624
-104834
-249831
-150256
-238172
-83825.4
-355717
-277049
-289998
-132137
-49620.5
-64016.5
-29687.9
-28118.8
106790
125985
60667.6
46657.7
-179793
-115477
-168900
-58660.9
-267923
-224999
-212771
-102567
-219951
-126228
-208539
-70946.1
-342267
-274502
-270220
-127112
-41591.3
-59314.9
-14140.7
-20969.3
116086
140016
68505.9
55231.4
-120010
-76358.3
-111787
-34541.5
-283843
-237870
-230439
-113003
-201372
-114017
-195340
-65589.1
-338842
-284712
-266911
-132148
-48810.2
-74315.5
-28301.2
-29115.1
126120
147737
68001
53383.7
-64914.5
-41230.7
-65756.7
-19803.9
-333887
-267375
-270181
-127499
-220470
-131914
-208333
-76148.3
-383704
-320814
-300742
-149412
-71697.1
-90045.1
-46671.2
-39960.7
91157.4
128124
44994.6
40680.6
-67559.1
-42995.6
-61528.9
-24255.9
-369344
-294236
-302393
-140283
-237885
-142494
-221131
-78811.3
-405808
-345248
-318465
-158855
-99717.6
-104994
-73931.5
-45568.1
38591.8
97326.9
-6322.24
26210.3
-94610.2
-64946.3
-85260.1
-34396.5
-21626.9
-20324.4
-15057.8
-7930.91
-2803.68
-4348
3301.48
317.491
33258.8
25024.5
32263.2
13708.7
-12561.8
-1003.38
-10727.5
-3722.92
13205.9
10026.1
12120.5
5405.12
12643.8
13488.1
12165.1
6513.16
-39693.4
-31004.5
-34844.8
-14021.9
-16127.7
-13613.2
-12615.5
-6101.62
63343.3
39886.5
61871.1
23502.1
-20718.9
-6708.32
-20260
-7596.45
12516.5
9075.01
11482
4792.77
27882.6
27304.2
20322.2
11984.8
-32346.6
-25418.4
-27007.2
-4894.59
-27606.9
-21934.5
-25692.7
-9577.76
76125.7
48524.5
67675.8
29837.8
-45351
-26713.1
-44208.3
-12982.5
8768.83
4045.36
2185.67
3199.66
35056.2
32934.2
23570
17157.9
-13350.2
-18596.9
-5919.19
-7562.51
-24988.4
-19512.6
-17285.9
-9495.03
106287
59806.4
107476
34080.4
-52036
-28249.6
-44289.6
-17677
-14004.2
-9017.03
-11090.3
-7555.44
27679.7
27795.7
20132
10597.4
-29156.1
-29504
-20621.4
-10393.8
-24815.2
-20360.4
-20456.6
-8913.79
86842.6
45147.4
86090.3
29685
-44719.6
-29141.3
-40361.7
-14062.9
-41440.7
-30093.1
-39327.2
-15772
35862.3
37900.2
21720.2
17405.4
-52157.6
-47437
-43081.9
-18703
-34481.4
-28864.1
-27964
-13587.8
94477.2
45224.4
93484.5
31075.2
-55668.4
-42582.7
-48508.9
-23990
-71648.3
-53277.7
-64821.9
-27693.8
20267.8
23793.4
7316.43
7959.19
-49832.6
-49312.2
-30795.2
-24766.4
-59085.8
-49339.8
-49089.5
-22643
100644
40644.5
98290
23281.5
-86960
-60907.3
-80094
-31877.8
-80071.4
-54991.7
-71514.7
-29057.8
29399.4
24947.4
24760.8
7543.42
-76923.3
-68413.3
-56071.4
-33441.2
-86511
-67563.3
-75180.3
-34347.7
67069.8
18601.9
67559.8
11868.1
-103346
-71468
-94285.6
-39278.4
-102687
-69781.5
-92630.3
-37413
-4838.02
3433.71
-6988.34
-4566.5
-78914.5
-66079.1
-47995.6
-27196.7
-104902
-71347.8
-88419.5
-35472
26839.7
1622.1
40707.4
6262.84
-119128
-78398.3
-105954
-40646.6
-108643
-67660.2
-95648.2
-34976.3
-2604.27
11618.5
-724.784
1949.49
-21141.1
-35447.3
-6663.07
-11569.7
-68810.7
-49792.3
-69558.1
-24797.5
60722.8
14995.6
58660.2
14543.1
-105642
-69408.9
-105020
-38301.1
-99171.7
-60675.4
-95702.7
-32957.5
11457.3
17165.7
-2780.34
2992.48
-36683.3
-43035.2
-15629.2
-15800.3
-72624.8
-44992.5
-67044.3
-25199.2
30232.4
830.143
39453
4060.91
-120891
-71865.4
-113226
-41095.6
-118986
-71748.7
-109182
-40117
-3434.42
18985.8
-9606.75
3799.99
-17566.7
-25749.3
-1122.18
-5400.17
-57386
-29023.2
-55984.5
-14687.3
29038
2251.43
34833.5
7565.34
-121760
-69158.6
-119142
-41020
-126798
-73768.2
-118885
-40032.9
6711.86
26626.1
-2883.58
7102.18
32908.7
-4314.77
47622.2
11261.4
-62337.8
-44608.5
-46304.9
-19525.3
61990.6
25403.5
60098.4
17282.4
-137121
-78503.7
-118078
-44189.9
-93563
-46819.7
-89764.4
-26056.2
28103.3
34318
23458.3
15929
51628
1921.21
67289
16001.1
-84462.5
-65179
-64148
-29359.8
65871.2
29364
66713.4
21757.7
-187074
-118331
-162426
-64351.7
-66995.5
-31112.7
-62140.5
-16142.5
32502.2
33685.9
28893.8
16810.8
120434
46260.3
128505
42229.8
-94762.9
-77512.3
-75875.4
-35365.9
88474.6
45616.9
80034.6
27419.5
-218043
-147558
-190876
-74717.9
-20858.9
-2689.13
-27307
-1852.62
77426.1
59927.3
66765.7
32519.1
194452
86749.3
204155
62226.1
-115409
-95962.2
-83099.2
-42036.8
90781.2
42113.9
95791.8
27556.7
-235470
-160400
-195094
-80826.5
-14272.2
1524.52
-13159.3
-1279.16
87619
64015.1
80659
33425.6
229143
101333
237307
75351.4
-123143
-109405
-90589.6
-44938.8
67446.7
27017.1
68093.7
22093.6
-267455
-194003
-225559
-93612.5
-6487
2990.35
-8858.63
3654.33
102139
70166.2
94835
41250.5
272330
121659
279458
86594.4
-117829
-114112
-76130.7
-46664.1
73339
25583.8
78461.3
21463.5
-280740
-210730
-230099
-103010
11202.7
10333.7
8658.52
5852.02
127331
80823.7
118649
44821.4
273172
106017
290713
76175.2
-130424
-127825
-89855.6
-51958.2
89608.8
35927.4
92696
25689.2
-326260
-239887
-274004
-115173
26768.2
22364.4
23550.9
12564.6
141008
86091
133903
48721.1
225274
67623.4
246348
55300
-137177
-133552
-100438
-57631.3
93852.9
36017.9
93924.3
24960.9
-345742
-255435
-295644
-126957
33492.1
24829.3
28200.1
12822
147193
88006.5
135529
46505.7
187603
39281.2
222573
44707.5
-156802
-144249
-111816
-64245.6
72622
27527.7
79370.6
19856.3
-391439
-288374
-334015
-140774
43456
30980.5
38471.6
15184.4
142634
86664.4
135611
46948.4
174322
27452
204026
39023.8
-145234
-136186
-107891
-55551.7
83400.4
30354
86064.1
25140.5
-395280
-282090
-343211
-138912
25348.4
23657.7
19421.4
12225.9
137934
84694.4
121018
46791.4
138260
601.041
178465
27155
-122204
-122313
-85641.9
-51544.5
85699.9
33690.1
91290.3
25069.1
-403903
-290353
-349004
-144510
32398.9
26188.4
25644.6
12319.9
153877
101718
139944
54264.1
100738
-28943.3
150587
12195.5
-127713
-124919
-84915
-51788.5
69820.4
18092
80615.8
18368.5
-432705
-308909
-375553
-155974
17706
15244.5
15600.2
6979.85
147032
93997.8
134321
48272.8
59470.5
-64177.7
114430
144.957
-147425
-151493
-96444.4
-62747.2
60629.5
10576.9
66760.1
12871.5
-479095
-339942
-406340
-170307
26173.6
25357.6
23786.4
12720.1
123471
71702
121394
40438.7
59636.7
-67774.8
113584
-1829.99
-170420
-167748
-118920
-71885.2
54340.4
6056.37
60399.6
10613
-518241
-371073
-441749
-188059
47065.7
38803.2
42734
20265.7
125775
71753
121257
39639
78645.8
-59064.6
135347
9216.43
-189546
-183264
-137176
-78496.6
29337.2
-3922.32
36082.2
6629.13
-576740
-418216
-497581
-206793
77974.1
55253.3
66989.9
29634.8
125034
66668.9
117674
40824.1
132540
-27120.4
184286
23186
-174701
-174425
-118432
-72822.1
58556.2
11798.8
64542.6
14156.3
-587402
-419266
-501083
-210906
87766.1
65565.1
80634.9
33263
118466
66142.1
112229
37566.5
154221
-18767.3
208412
30300.9
-169229
-173831
-114902
-71046.6
35648.8
-1078.34
44697.6
7317.85
-611706
-441650
-521652
-217898
111937
77315.1
98755.2
41453.4
135019
76885.8
130279
46291.5
186521
543.765
235518
42089.1
-152305
-164882
-95661.6
-65532.5
29092.5
-8427.3
38674.5
5951.72
-624230
-457054
-531198
-227703
131670
88950.5
117863
47422.8
154284
84248.2
144464
48279.1
188048
-8462.65
230678
29148.4
-159540
-169467
-110385
-68466.3
38504.1
1421.28
41246.2
5650.49
-672285
-479108
-579072
-235518
140279
92334
121870
47730.4
148029
78949.9
138316
46225.7
159423
-19948.9
199938
22492.4
-153821
-163475
-107140
-67068.4
46760.3
10691.5
45861.5
11035.8
-657973
-469964
-567349
-232410
142131
95569
122032
49109.3
149786
80963
138590
46249
157421
-16984.7
205374
23977.3
-155348
-163328
-101106
-69779.4
36802.1
3491.69
44465
4451.24
-656177
-473759
-558938
-233613
153890
101048
136481
50637.3
161051
87047
156588
48769.2
169356
-861.963
210231
34156.8
-134428
-142121
-91179.3
-53517.4
42282.2
14041
48927.5
17142.4
-638723
-455602
-550747
-222288
148815
105495
131036
56159.1
159839
91643.9
146265
54519.3
190303
12453.6
230121
38238.9
-91498.9
-119544
-52783.4
-45902.5
71487.1
24475.1
73204.6
17995.2
-594408
-433676
-509797
-212591
176699
115673
154074
58331.4
195945
111519
183025
62093.2
190616
13225.7
229782
37267.4
-83047.6
-108837
-38279.9
-39544.9
78441.5
30798
82462.8
22552.5
-586522
-424582
-501055
-209936
176810
117952
157850
60580.7
204325
117918
192338
65051.7
