12325.6
8859.34
4621.65
4833.78
-371.938
1813.02
-2466.39
1430.48
-1890.8
-2665.09
1337.14
1371.08
16883.6
10078.4
8476.09
8669.13
7491.8
5702.82
4037.58
7305.83
24141.3
15719
13353.7
17106.3
25991.8
15441.1
14260.2
16217.5
20327.9
10141.3
11354
8323.35
-6045.76
-504.874
-4676.1
588.313
33750.9
20581.8
18177.6
18776.5
47210.7
28882.5
26245
31356.7
42979.4
28366.3
24368.3
34933.2
22660.7
12938.6
13083.6
15446.7
17959.8
7286.74
14136.5
15678
-7164.41
-3790.09
-4753.88
-447.599
26276.8
13768.8
16338.4
17435.8
64912.4
39216.8
39156
49064
47191.6
28126.6
31614.7
45584.3
22959.1
16703.3
9799.09
13384.8
18169.8
10367.6
11234.5
13548.2
-33246
-21751.3
-17890.5
-18848.6
-14077.8
-8933.59
-9294.21
-14844.3
74133.8
46295.7
41746.2
52060.7
46589.9
29076.2
29372.5
47170.4
31197.6
19787
14466
15390.2
17830.4
12648.7
10208.5
17188.4
-52488.5
-31605.6
-31372.9
-37118.2
-38268.6
-23908.7
-22693.2
-32949.1
68605.6
42565
39095.2
50077.3
53408.5
33209.3
33407.3
53321.5
6579.63
3771
4016.37
3590.69
27848
16282.5
19212.8
23977.3
-57541.5
-32727.7
-37007.8
-45755.5
-49258.5
-31824
-27894.7
-42619.4
64993
41423
36469.7
47347.9
46091.3
28442
29546.5
47085.5
-19367.7
-11582.4
-11583.1
-18273.8
12385
9603.22
7245.02
20462.3
-86518.8
-56201.6
-46148.6
-65546.7
-52021.8
-33682.3
-29331.5
-45104.9
57491.3
38175.3
31543.3
49455.8
9864.14
9857.07
7666.45
30281.8
-17646.6
-10963.7
-10758.6
-13463.3
7592.91
3737.06
7913.94
16238.7
-116788
-71605.9
-67333.5
-86289.7
-49621.2
-30246.5
-27860.7
-36768.8
75048.8
48728.8
39492.6
55985.9
-15240.3
-6581.04
-6783.98
11508.9
-16216.1
-9375.53
-10648.3
-14793.4
3197.54
1192.89
8452.05
21790.9
-127489
-78961.9
-74611.8
-100155
-44225.3
-28340.1
-22867.1
-31129
95749.3
60908.8
52714.8
68817.8
-23183.9
-12218.8
-8674.08
3884.84
15340
9833.03
5743.12
3593.52
22510.7
14221.3
20368.9
42900.9
-121533
-79920
-67850.4
-98124.5
-38702.1
-25730.9
-18123.9
-22801.4
128585
78830.4
70736.1
86588.8
-4767.31
-4123.14
4432.85
21633.2
35393.5
20782.6
16613.5
14522.6
30385.1
20810.9
25289.7
58436
-131107
-84731.2
-74956.1
-106596
-44016.7
-28854.2
-21440.2
-25283.3
128362
78126.8
69858.6
82674.9
-15689.3
-9683.83
-1461.59
20942.4
21088
11728.8
10683.7
7711.71
33470.9
23536
29024.6
68331.3
-146080
-92255.5
-86000.4
-118501
-60452.7
-36616.8
-31567.4
-31802.1
121460
76505.4
61389.6
71762.9
-45491.7
-25879.4
-19238.3
3512.2
25254.3
16445.9
8411.74
-1427.65
24010.5
21867.3
14811.1
60532.6
-173110
-112458
-96414
-142991
-54344
-31700.3
-31397.7
-33574.1
120956
73948.5
62324.4
65167.7
-62627.7
-35477
-32860
-16035.8
33575.6
17203.2
17457.8
5975.05
26744.9
16495.4
20449.5
48786.1
-194407
-124206
-107942
-152124
-47296.3
-28383.3
-24779.9
-24634.9
153714
91822.8
83157.2
87508
-80100.3
-49650.2
-38465.9
-29630.6
26969.8
16235.9
10420.6
-288.5
22024.3
13713.6
20461.5
48931.8
-197947
-123295
-113199
-154677
-46555.2
-27548.2
-23349.4
-19589
169263
103534
93627.3
104266
-84102.6
-49678.5
-40335.5
-31107.7
40685.5
26674.2
14398.8
1990.51
32007.2
22053.2
23036.1
55331.1
-191040
-121711
-106748
-146517
-46528.3
-26521.5
-25293.2
-18324
211320
130489
115025
134997
-78231.5
-46599
-38677.3
-23390.4
56806.8
32448.4
25358.3
7298.05
29220.5
21431.7
21403.4
52849.9
-193957
-123324
-108156
-150774
-43595.3
-26438.7
-22319.1
-21918.2
229943
139630
127385
147772
-90888
-56881.1
-42673.2
-34718.2
50985.9
29451.7
22795.7
3548.97
44078.2
29259.4
32071.5
63175.7
-180870
-114003
-101113
-141501
-28171.1
-15456.6
-15399.4
-13078.6
248299
152379
137194
161131
-97698.1
-59740.6
-46029.8
-37135.8
36399
18444.9
18662.7
-3568.06
31249.2
24491.4
22375.7
62801.7
-185678
-118036
-99101
-133973
-10932.6
-8193.25
-1648.97
1192.18
252041
156200
139431
174862
-102664
-58250.7
-50478.2
-27514.9
25909.8
12794.4
13479.6
601.041
44123.5
29847
31244.9
68629
-200180
-121550
-113110
-139613
8595.59
7359.57
6455.88
18678.9
271134
168868
148442
186933
-101063
-57391.6
-51528.3
-26208.9
3652.21
2170.11
-2189.2
-13066.6
45719.4
30871.6
33993.5
76568.4
-207870
-127306
-119805
-152452
21234.4
13312.7
14274.4
28338.7
277114
172996
152077
192202
-111338
-63086.7
-56982.2
-35336.2
14782.8
9461.09
4244.05
-7353.2
60717.8
43649
41559.5
91824.2
-207860
-130520
-115929
-154050
26331.2
16563.3
17345.3
28517.6
295187
183899
161659
200918
-93514.2
-54587.9
-43886.6
-21283.9
22995.8
12738.5
9581.3
-1682.91
61186.7
45749.8
41795.7
99068.5
-210960
-131096
-119664
-155410
28271.5
18468.9
16962.1
28255.3
285487
176672
156196
192660
-89359.2
-51509.9
-41560.9
-13853.6
10994.8
3403.3
5827.27
-4207.29
72477.7
51326.8
51615.3
114162
-211711
-131266
-122501
-158788
39437.5
25687.1
21816.4
36104.9
272979
169995
146848
181044
-83698.8
-47229.1
-41223.6
-11687.1
7871.51
6116.47
-1033.79
-12977.5
70468.8
51725.6
47402.3
115756
-233688
-149274
-128440
-179897
32721.4
22762.5
16818.5
27225.7
252257
156346
137399
162794
-98303.4
-53694.2
-50631
-24103.1
17331.2
8459.12
5992.02
-6684.28
67701.9
47581.9
49175.7
114306
-240558
-151948
-134516
-181154
24544.4
16201.2
14850.7
23956.1
258294
160389
140017
169560
-108305
-63319.3
-54621.2
-33129.4
13858.6
6831.36
2361.74
-15499.8
62373.2
43472.9
48030.9
115489
-244520
-154461
-138475
-186924
12724.4
7697.56
8651.45
14270.1
262446
162015
143373
170351
-119391
-70085.6
-60116.8
-44883.6
42002.1
24835
14380.4
-8792.17
66234
49732.9
48757.8
121318
-230233
-147992
-129045
-184645
8294.36
5981.42
3601.29
4818.93
284620
176331
154040
181373
-99588.9
-58223.2
-49632.5
-35205.4
79783.6
45539.1
35882.1
12844.6
81851.9
59525.7
58342.7
138188
-205663
-130812
-117727
-167938
11876.6
7435.93
6010.41
4471.74
301722
185757
164188
192414
-72552.7
-42129.4
-33846.4
-13282.3
82800.1
45051.9
39554.8
12950
92464.1
63723
68280.4
153101
-188980
-123030
-105906
-155215
21992.4
11645.3
12615.5
10919.1
314590
191707
172272
201798
-66715.5
-41686.8
-28683.8
-8253.35
79658.4
46893.2
36155.1
9697.26
70878.3
54941.5
52084.8
144773
-185410
-119987
-99241.7
-144028
28062.2
17516.4
15521.7
18013.5
300770
187038
166055
203005
-101946
-59883.5
-46749
-21370.9
83474
45068.9
42044.6
17607.7
68733.6
51543.1
51439.2
138024
-169758
-107180
-93360.7
-124457
35549.1
21960.6
19900.1
27296.4
301278
186567
165463
206142
-127300
-76566.2
-62913.4
-40578
69911.6
38949.6
34038
9629.38
79879
58771.9
57982.8
145186
-147865
-89832.3
-84813.2
-107086
35710.3
22063.9
20557
28707.1
302729
189731
165184
204877
-135629
-78041.3
-69440.7
-51315.4
85988.4
51370.6
39149
16424.7
96382.2
71798.9
65815.4
161556
-113921
-72099.4
-62726
-79687.4
42779.3
26867.2
22982.4
31254.8
320418
199673
175177
217522
-121013
-72908.4
-58460.1
-37262.4
92972.5
52723.3
45751.2
21301.6
85471.5
65010
60458.3
154264
-95936
-60328.9
-52881
-66779.9
44175.1
28032.5
23562.2
29615
302180
186987
166638
204320
-146202
-88541.1
-70321.1
-50805.6
84729.8
46351.6
44877.9
21740
98381.9
73308.6
69165.6
165438
-78032.1
-46572.2
-43732.4
-55737
59162.2
37427.9
31889.1
37409.5
286955
179386
156865
192997
-154174
-92021.5
-75429.9
-55466.9
1597.35
-413.657
-1046.52
-4875.5
30290.3
17311.4
16269.8
16089.5
-11133.4
-5558.57
-6494.07
-4770.14
691.55
-1323.7
-178.898
-5690.09
13840.2
9461.8
6069.1
5627.16
-6979.85
-4754.59
-3594.22
-5745.24
-8738.43
-7715.95
-10237.5
-26500.2
71931.9
41455.5
40134.7
43576.9
-23646.4
-14824.5
-13662
-15390.9
7435.93
1969.29
2287.49
-6911.97
45266.9
26616.2
24241.7
23162
2167.99
-1883.03
2146.07
-6309.51
-9362.09
-11786.1
-8318.4
-39144
73625.4
42892.4
41123.9
44892.8
-29747.3
-18677.5
-16951.5
-23080.7
-16909.8
-13495.1
-9725.55
-24873.2
31930.1
21240.8
15795.4
14080.6
2737.21
-2645.99
3278.85
-3980.3
-2597.91
-5403
-4608.92
-30709.6
88710.1
55464
45945.7
54260.5
-35534.9
-21375.1
-20713.3
-23610.3
-41473.2
-26653.7
-26052.6
-40732.9
38022.5
24209.9
17177
16605.7
-5089.75
-3044.09
-4158.49
-8016.47
35117.8
15407.9
16853.2
-9692.31
120980
72056.3
67868.8
77401.3
-35770.4
-20713.3
-18707.2
-18574.3
-55296.5
-37014.9
-31820.5
-52445.4
28620.9
18480.9
12585.8
7439.47
9393.91
2835.5
8800.65
4615.29
34115.1
15716.9
16576
-4471.74
123887
73287.4
69877.7
80126.5
-52829.4
-30589.4
-26776.7
-21561.1
-73445.1
-49713.1
-40983.9
-65933.5
15137.7
6931.77
6611.45
-8386.99
-3046.22
-4127.38
3291.58
6314.46
27640.8
11433.9
14236.9
-9605.34
99344.3
60254
57038.1
66804.6
-72392.9
-44228.1
-36546.8
-37799.8
-65244.7
-44710.4
-36936.4
-64994.4
22961.9
13814.7
11195.6
3322.69
-3279.56
297.692
-1178.75
7448.66
26054.1
14275.8
8961.87
-9707.16
86781.8
55655.7
49728.7
66422.8
-89945.4
-51679.6
-49235.1
-48760.7
-43781.9
-27830.3
-28367.7
-48724.6
51300.6
31940
26713.8
29775.6
22628.1
15844.8
14915.7
23713.5
31541.9
16624.1
14961.7
-5980.71
71805.3
47509.1
40875
59905.4
-81656.7
-48376.7
-43102.4
-44513.1
-34480.6
-24137.1
-20805.2
-44960.7
56291.4
35945.1
28688.7
30553.4
43656.8
28369.8
27687.5
46967.4
38923.4
21250.7
22249.1
9821.01
70013.5
45831.1
40201.1
60213
-64072.4
-39431.8
-32712.2
-33775.7
-8906.01
-8355.88
-7329.87
-27926.5
99723.3
60528.3
53460.8
57095.3
41516.4
30141.1
23593.3
47970.8
59771.7
36055.4
31109.2
28655.5
63452.2
41690.3
36806.3
57488.5
-50284.5
-29784
-26945.7
-25042.9
3626.04
-343.654
-1692.11
-18452.7
132199
81757.8
69513.5
78800.7
45904
30214
28473.1
48483.5
74645.7
43917.7
40469.1
38599.5
72227.4
45896.2
42753.1
61929.1
-35972.6
-21467.1
-17104.2
-13838.1
23020.6
9033.29
9529.68
-14283.6
164104
100050
87766.8
93290.7
61660.4
38762.9
36845.9
56857
53730.9
32145.8
27981.6
24854.1
82805
51194.5
48595.2
72246.5
-37693.7
-19823
-20180.1
-10971.5
24327.3
13386.9
8237.79
-12600.6
173274
106953
89767.9
94404.4
53871.6
37476
28160.5
48407.8
15238.9
10057.2
2839.74
-7393.51
78977.5
51374.8
43363.3
65989.3
-53634
-28952.5
-30197
-23427.2
30420.4
18885.4
10926.2
-5876.76
179518
109790
94014.8
97605.5
51282.9
35102.9
26967.6
39587.4
-217.082
-1451.69
-4978.74
-24265.8
78591.4
51179
42693
64005.2
-50128.9
-26840.4
-27764.5
-23292.8
29787.6
16316.5
13501.5
-1272.79
168003
102513
88105.5
88023.5
73354.6
47062.2
39529.4
55342.4
-14706.4
-11163.8
-12791.6
-36347.4
79790.6
49207.6
44638.2
59394.8
-56806.8
-32366.4
-30805.1
-23327.5
9257.44
5728.98
-406.586
-12962
169629
102067
89194.4
86305.9
79885.4
51920
41637.3
56926.3
-14557.2
-10873.9
-15542.2
-45277.5
85145.6
53819.3
43399.4
54740.7
-69225.8
-37431.4
-39553.4
-35650.2
-5890.2
-4540.33
-7619.08
-25757.1
146882
87890.5
74519.2
64893.3
89104.6
56280.8
46630.9
57339.3
-34880.9
-22675.5
-27499.4
-60126
76800.3
48779.8
36739.1
40633.9
-76030.2
-41710.8
-43164.6
-38601
-14637.1
-9864.14
-12322.7
-30032.2
128768
75958.1
63427.5
45853
85658.9
55213.7
43629.9
55428.7
-36840.3
-26809.2
-28355
-72518.8
102325
59603.4
54760.5
47131.5
-84730.5
-50488.8
-46478.8
-50552.5
-14478
-13070.9
-11754.9
-38374
143867
84118.8
72376.6
51433.5
80604.5
47697.9
43595.3
46575.7
-49206.9
-35962.7
-35812.1
-90485.6
125094
73324.9
67062.7
62758.6
-96035
-57754.4
-54517.2
-64103.5
-5154.1
-6261.43
-8846.61
-38035.3
156659
91006.1
79830.9
60303.5
70703.6
39721
38780.6
33123.7
-49035
-35729.4
-35839
-93286.5
126229
77384.4
65566.5
65812.5
-89829.4
-52989.2
-52601.7
-62834.2
-8557.41
-7521.49
-10091.8
-37642.8
149352
91104.3
72275.5
52142.8
65106.9
37106.1
35097.2
33572.7
-56176.1
-39344.8
-38383.2
-96001.1
132709
81989.7
69105.5
66410.8
-86041.5
-52750.9
-49287.5
-66377.5
-21401.3
-15311
-17501.6
-47927.7
171243
101603
86566.8
64366.5
34267.8
19677.4
18929.2
12661.5
-38383.9
-28901.6
-29028.1
-80869.7
162700
99044.4
87329.1
96177.1
-69815.5
-41395.4
-41237.1
-49225.9
-26774.6
-18742.6
-20639
-46854.3
179346
108230
89456.1
74976.7
22350.2
11796
14346.5
14954.6
-62634.1
-44132.7
-42980.8
-97010.8
142475
84779.3
76030.2
76985.5
-92838.2
-55734.9
-53786.1
-65920.7
-49076.7
-34803.8
-32968.1
-68963.4
168703
98607.5
84349.4
58462.2
-23608.9
-16626.2
-11462.9
-13611.1
-51336.7
-38677.3
-38685.1
-100321
145486
87206.8
77356.1
72723.8
-99227.6
-60922.2
-59030
-80396.6
-49025.1
-32740.5
-34076.9
-73987.4
167615
98373.4
85281.3
59873.6
-39603.6
-24303.3
-22785.8
-28429.2
-35440.2
-29031.7
-31709.5
-96716.7
165913
99575.5
89602.4
92657.9
-99983.5
-62260.8
-61543.7
-89519.7
-26157.3
-17983.8
-22901.8
-57900.7
157920
92029.9
80270.8
58704
-39056.3
-25974.9
-20788.9
-29018.2
-2500.33
-11241.6
-10972.9
-76410
170790
103409
92395.5
102049
-81710.4
-52514.7
-51859.2
-84378.3
-12070.3
-9543.11
-14038.9
-44813.6
126209
75431.3
61128.7
38215.6
-41085.7
-27606.9
-22230
-28717.7
18607.5
5306.13
277.186
-56992.1
173537
109355
91373
101917
-70002.2
-45605.6
-46910.2
-85280.6
-13951.2
-8519.93
-17072.4
-47482.9
117669
68604.9
56977.3
28612.4
-41167.8
-25779
-23534.6
-34005.5
44956.4
20158.2
15297.5
-38594.6
166926
102704
91893.5
108756
-76346.3
-49701.1
-50541.2
-90770.6
-17906.1
-12157.3
-18224.3
-48763.5
86709
49467.8
40109.2
10431.2
-46783.6
-31424.5
-24453.2
-34965
52062.9
24186.6
18553.1
-32751.1
138278
84154.2
74966.8
86935.2
-91818.5
-59723.7
-60666.2
-107680
-20496.9
-14888.1
-20212.6
-55232.1
47346.5
23542.4
18524.8
-21775.4
-73648
-47535.3
-41258.3
-55723.5
16487.6
5732.51
-3556.04
-58418.3
132816
81105.1
69719.3
74756.7
-112554
-72408.4
-71584
-127853
-11074
-11686.4
-13241.3
-54950.7
32446.3
12554
8562.36
-37492.2
-109848
-68400.6
-61834.4
-84239
-32753.9
-22559.5
-32195.3
-90407.8
128381
80079.1
66117.3
73174.9
-137973
-87407.6
-83741.9
-139272
-10954.5
-10229.7
-10260.8
-46973.8
18932.1
4541.04
-941.159
-52229
-128865
-78988.1
-73104.9
-95000.5
-61141.4
-40641.7
-48834.9
-115389
119801
74732.7
58770.5
60667.6
-151852
-96106.4
-92248.4
-146204
-12963.4
-10288.4
-12687.6
-43100.3
13967.5
3159.35
-7582.31
-67571.8
-151699
-94432
-85453.1
-107571
-80240.4
-55818.3
-56763.7
-130439
104027
62270.7
50566.6
38312.5
-175671
-112342
-104361
-165227
-24135
-17334
-18054.6
-49484
12058.3
-2177.89
-4713.57
-73476.2
-191729
-118585
-109152
-142324
-78543.3
-55519.2
-58416.9
-135497
111350
64747.6
52936.8
34953
-190830
-122113
-113243
-176190
-22481
-17129.7
-18200.9
-50930.1
18030.5
2947.22
-5274.31
-74576.4
-203336
-129150
-114298
-155228
-80750.9
-55425.2
-58873.7
-135346
112234
66579.1
52184.5
30155.3
-206837
-130103
-122504
-184357
-9194.51
-8577.21
-11911.2
-45087.2
21866.6
5175.31
-3676.25
-77757
-223920
-140275
-125907
-167847
9893.84
5308.25
6656
2774.69
-13226.4
-6882.98
-3002.38
2142.53
593.263
421.436
1412.8
-255.266
12841.1
8683.27
7010.26
4229.21
9203.7
5776.36
7488.97
7915.35
27782.2
18280.1
12206.1
8972.48
12071
7888.48
4242.64
6996.82
-8729.94
-4111.83
-4946.92
6636.9
7618.37
1805.24
4493.66
3250.57
24470.8
13172.7
13637.3
15324.4
9617.36
7819.89
4977.32
21446.5
52970.8
33646.3
24086.2
23447.7
21296.6
12489.6
8070.21
3073.79
-33986.4
-16324.3
-19507
-6564.78
5907.17
1038.03
-75.6604
-9603.92
-7638.87
-4328.91
-5341.48
-5902.22
-7945.76
1016.82
-4938.43
10451
83081.5
50547.5
40087.3
32612.5
55314.1
29534.4
29523.1
14946.1
-54107.1
-32988.7
-26831.2
-26444.4
16996
7150.97
8272.44
-10681.6
-23438.5
-13864.9
-12771.8
-17645.8
17240.7
9919.29
11867.4
17937.9
116832
71983.5
60713.6
57060
65669.7
40810
29678.7
20281.2
-81455.2
-49375.1
-44103.7
-45334.7
21132.6
10347.8
6397.2
-11880.8
-11361.1
-6598.01
-9939.8
-11105.8
2932.37
8535.49
340.118
20607.9
117495
76884.4
55466.9
60892.5
81718.9
48666.6
42236.9
33778.5
-87549.7
-50795
-49069.7
-49651.6
14462.5
7324.92
4367.8
-13695.2
-20412.8
-14298.4
-11812.9
-22528.4
1854.03
2998.13
4443.46
17242.1
129929
81011.1
65520.5
61119.5
62815.1
41296.5
27700.9
21187
-94832.9
-56445.5
-51997.8
-56985
-11580.3
-5544.42
-13069.5
-32179.7
-18290
-10941.8
-12495.3
-28010.6
3879.89
4250.42
3352.39
16484.8
146423
90438.3
71011.2
65229.2
12944.3
8409.62
839.336
-18805.5
-105058
-66547.9
-56635.7
-69458.4
-32128.8
-21254.2
-24019
-54679.2
-20030.9
-13895.4
-13010.8
-32497.9
-16525.1
-8022.83
-7688.37
4567.2
105602
62857.6
50027.1
24779.9
-21871.5
-16563.3
-17168.6
-42159.1
-98764.4
-62936
-52077.7
-57957.3
-47133.6
-33683.7
-32132.3
-68113.5
-30234.5
-21187.7
-17070.3
-33210.7
-20959.4
-12054.8
-8018.59
3853.02
77803.7
40768.2
35885
3134.6
-35258.5
-25596.6
-22109.1
-54563.2
-90570.5
-56635.7
-46580
-52213.5
-48614.3
-33111
-29876.7
-68869.4
-6444.57
-4585.59
-4479.52
-17065.3
5007.02
1832.11
6460.13
15894.3
80653.3
43899.3
36313.5
366.988
-37042.5
-23887.5
-24345
-48964.3
-87810.6
-54117.7
-44628.3
-44129.8
-46203.1
-29653.9
-31531.3
-60805.5
46411
28221.3
24108.1
22678.3
16155.3
12911.8
12122.6
32603.3
98059.4
57354.8
45757.6
18382.7
-69379.9
-43327.3
-40394.2
-65202.3
-95895.7
-57998.3
-48962.2
-45523.5
-74200.3
-44757
-45039.9
-72909.1
51646.4
30588
30182.1
28205.1
5523.92
3801.41
9770.09
28508.4
73117
41933.6
32898.1
2148.19
-83819.7
-53678.6
-50300.7
-79075.8
-107728
-64050.4
-54827.6
-43331.5
-81308.1
-53343.4
-49640.3
-81670.8
72215.4
44945.1
38240.3
43952.3
-6974.19
-159.099
291.328
26300.8
79871.2
42715.6
34864.6
-212.132
-150719
-95960
-89493.6
-135915
-134710
-80787.7
-74756
-74555.2
-107388
-71544.4
-66042.4
-115325
47857
27127.4
24469.4
17976.8
-58725.9
-31628.2
-29389.5
-8693.88
29067
11757.1
3510.08
-54691.9
-197795
-129210
-115071
-178536
-135392
-81874.5
-74447
-80873.9
-109624
-77596.5
-67106.6
-129934
27246.9
13378.5
13935
2427.5
-83739.8
-48401.5
-41195.3
-25260
16506
-1454.52
-1269.96
-74582.8
-183811
-121806
-107874
-180370
-110071
-65333.1
-59986
-61294.1
-74430.8
-52984.2
-48181.5
-110237
64812.7
39832.7
31767.5
25590.2
-51871.9
-30351.1
-24477.9
-9590.49
63415.5
30952.9
22609.7
-40227.3
-192271
-123865
-111840
-179141
-125470
-74073
-67820
-66504.8
-64058.2
-45906.1
-42588.3
-98126.6
100242
60404.6
53519.5
56056.6
-66267.9
-34158.2
-29234.6
-884.591
71665.3
39596.6
28668.2
-21588.7
-221780
-139231
-129432
-193216
-149122
-86408.4
-81456.6
-78295.1
-78952.7
-51328.2
-51871.2
-101640
89077.8
55297.9
47083.4
46572.2
-88989.4
-47566.4
-40537
-8794.99
57357.7
31492.4
19502.7
-30032.9
-223383
-139408
-135139
-202397
-151701
-91676.4
-78237.1
-81277
-74435
-48559.9
-54003.2
-105940
126448
77554.1
65446.3
67465.1
-74267.4
-41568
-35136.1
-1328.65
82521.5
41717.2
31976.1
-24109.5
-225853
-145650
-133556
-215166
-143433
-87372.2
-72217.5
-72136.9
-75339.4
-53319.4
-52316
-114166
148538
87510.8
79828.8
76917.7
-92747.7
-54041.3
-42133
-13646.5
76122.2
36166.4
29315.9
-38888
-242134
-157642
-143359
-228132
-150568
-90081.2
-73103.5
-60520.6
-82930.2
-58216.1
-60220
-131228
148662
88553.1
78574.4
76173.1
-109633
-64202.5
-50980.3
-22634.5
64267.5
25886.5
20289.7
-61630
-253181
-163409
-149279
-239317
-170729
-100903
-84739
-64737.7
-77000.4
-54449.3
-56212.9
-132153
161855
101232
83707.3
90127.1
-118309
-69206.7
-58042.2
-30099.4
56214.3
23555.1
14781.4
-67940.2
-259647
-168159
-152195
-239270
-177499
-105913
-85948.8
-63069.7
-82353.2
-58858.2
-61561.4
-139510
196636
118278
104311
112928
-137906
-80712
-65702.9
-34498.3
39324.3
12640.2
7375.12
-74034.8
-279083
-178986
-163432
-256486
-180907
-107818
-87304.4
-62133.5
-106717
-73090.1
-74097.7
-161617
191553
115117
101829
101045
-168137
-101937
-81950.8
-61350.7
10159
-4305.57
-12124.1
-102072
-275033
-176880
-161562
-255233
-175619
-102393
-83593.5
-47070
-114456
-76516
-82039.2
-174407
214643
132861
111911
117289
-177371
-102357
-90921.9
-64334
-4705.8
-11457.3
-23792
-119172
-271426
-177942
-158292
-256133
-146921
-87927.3
-68737.1
-32304.2
-99765
-73289.5
-71953.1
-177678
234643
140528
127136
130614
-178201
-104894
-90422
-65428.6
-24796.1
-26025.1
-32928.5
-139352
-257892
-170831
-153885
-255920
-143323
-82957.8
-69689.6
-29806
-80930.5
-64073.8
-64013
-178158
220905
133734
118644
127356
-178631
-102383
-92563.1
-65867.7
-37565.8
-36102.8
-40446.5
-152381
-249904
-164409
-148941
-256295
-155238
-89512.6
-75065.7
-40708.8
-63746.4
-48030.2
-57402.9
-172644
220416
138439
115686
129366
-169304
-98310.5
-88914.4
-68857.4
-58646
-44767.6
-53007.6
-164597
-246730
-162285
-148885
-256845
-152372
-90471.5
-74826.7
-44288.2
-45150.9
-41099.9
-47762.2
-166644
247308
150739
131516
148863
-184009
-107028
-96394.2
-78585.7
-87676.3
-63492.5
-69797.1
-181272
-246060
-161484
-147878
-253840
-158910
-93526.9
-78139.5
-49365.2
-48583.9
-40177.8
-50313.5
-173519
234376
142809
126755
135229
-189773
-111029
-99621.4
-87038.5
-121309
-84425
-87853.1
-209308
-258030
-165270
-157275
-262307
-179607
-103437
-88851.5
-58424.7
-49064.7
-39791
-53070.5
-174913
250129
155095
134365
148422
-198817
-117149
-103687
-89985.7
-114478
-78961.2
-87720.1
-210026
-257970
-169118
-154275
-260265
-182081
-108865
-87120.5
-56706.4
-41379.9
-40150.2
-45691.1
-175078
255700
154917
141579
158019
-193047
-114299
-97060.3
-77209
-110867
-80632.8
-81011.8
-208162
-265592
-172198
-163033
-266579
-201412
-117309
-100408
-57961.5
-38747.3
-38481.5
-47853.5
-178524
211916
130173
117083
140612
-198549
-113923
-101524
-70548.8
-128820
-92222.3
-92755.4
-218200
-278155
-184184
-165926
-286600
-229751
-138512
-113090
-87640.9
-32576.4
-35506
-43841.3
-186632
192246
118654
105992
123383
-213131
-128201
-108725
-91000.4
-147354
-105265
-101731
-238465
-291682
-190795
-176604
-299304
-241337
-145006
-120789
-97219.4
-25726.7
-32519.1
-43434.7
-190656
211636
130623
114720
139604
-230231
-137174
-117981
-102272
-161401
-111488
-111538
-244964
-299834
-195709
-180662
-305278
-249346
-147666
-126460
-99101
-24318.8
-29755.1
-42147.1
-192960
203082
123100
115045
133464
-225400
-136024
-114659
-101379
-163721
-113044
-112671
-251193
19743.8
12097.9
10067.8
13411
36965.4
20236
21247.9
26819.9
4467.5
4206.58
2382.95
7807.87
31818.4
18595.5
16251.4
16580.9
-4642.86
-2957.83
58.6899
7975.46
31025.7
17203.2
15323
14340.1
49660.1
33096.8
24747.3
31896.2
50628.8
31128.3
28138.6
31549
12434.5
9611
4427.2
8111.93
42969.5
27370.7
21623.3
21400.6
-15901.4
-9649.18
-6861.06
-3249.16
59574.5
35996.7
30305.2
24147.7
42204.4
27912.3
21194.8
29301.8
42140.7
29953
21484.7
35196.2
18363.6
9413.01
10238.9
9456.14
28607.4
19483.6
13629.5
17089.4
-51828.1
-31126.8
-28325.3
-28601.8
56956
36099.9
28786.3
30622.7
53679.3
33626.5
25109.4
24326.6
56251.8
33888.8
32796.3
38816.6
22546.8
13939.9
12150.2
11744.3
41814.1
25259.3
20484.9
17717.3
-85972.9
-55198.9
-44797.3
-54757.6
55302.8
33282.1
28707.1
23751.7
86694.1
55641.5
47218.5
57893
86612.1
53479.9
50911
68759.8
35581.6
23516.3
17394.1
25704
63689.1
40413.3
34752.2
36830.4
-102497
-61885.3
-56134.4
-60529.8
110846
65291.4
61734.7
62804.5
100474
62651.8
53173.7
66465.2
90871
54638.8
52847.7
73255.6
36514.3
20165.3
19377.6
18387.6
64799.3
38918.5
35289.6
39462.9
-130195
-79468.9
-72909.1
-85388.1
104027
62069.1
56248.9
61045.9
85643.4
53511.7
44642.5
56427.8
110514
69140.9
60396.1
81532.2
64697.4
42549.4
29869.6
31017.9
62814.4
37920
32297.1
35095.8
-132097
-81608.6
-74840.2
-92654.3
115467
73322.7
53327.9
56836.5
58793.8
35443.7
32099.1
37352.9
121998
73505.9
70423.6
88722.8
94374.7
56512.7
48710.5
48546.4
21088.8
10053.6
12392.8
7011.67
-123943
-78112.7
-69305.7
-87576.6
118800
69524.9
62661
52922
40339
26490.3
18502.2
20479.2
117042
74844.4
65090.6
83563.8
108648
64348.1
58375.9
50660
-10192.2
-5359.16
-7516.55
-14067.2
-146353
-89952.5
-80487.8
-103619
113650
71727.5
55833.2
49122.7
48163.2
28725.5
24016.9
23345.8
151790
93172.6
86969.9
111293
155002
94044.5
83812.7
87221.6
-2288.2
-4321.84
-210.718
-5962.32
-143787
-90337.8
-78494.5
-97920.1
143022
85964.4
75847.8
73095
12281.7
7942.22
4111.12
-2250.72
159890
97434.4
92635.9
117552
164412
101290
85735.3
92991.6
-46164.9
-28448.3
-25803.7
-35729.4
-143835
-87908.2
-82773.2
-103380
146994
89462.4
78176.3
80295.5
19565.6
9337.35
9035.41
-2352.54
181200
110447
102786
126830
200900
121402
105958
105048
-63651.6
-41496.6
-35442.3
-53941.6
-122728
-76652.5
-72462.2
-99216.3
127311
76707.7
65533.9
61183.1
220.617
-510.531
-2122.03
-12703.2
210492
130485
113843
149666
215986
133682
112982
120082
-64355.9
-39268.5
-41548.9
-59840.3
-103035
-64008
-60557.3
-86060.6
130851
79943.4
62096
53803
-4649.23
-2740.75
-5409.37
-15103.1
204451
125391
112488
133863
224779
136763
117264
122177
-91660.8
-58121.3
-55263.9
-86563.3
-86828.5
-55134.5
-51121.7
-75988.5
131092
76405
65766.6
43485.7
-21400.6
-10958
-16156.7
-25650.3
200510
129343
105070
131447
237401
142140
126023
120692
-116907
-69823.3
-72816.4
-107033
-92089.3
-56022.7
-52729
-77938
124246
78115.5
57737.4
41263.9
-24726.8
-14022.6
-17814.1
-30590.9
218822
136697
117745
140920
260353
159166
137568
142206
-111788
-68742.1
-70295.6
-107704
-81799.5
-50139.5
-46030.5
-63253.5
131962
81097.4
63958.5
48821.5
-29916.3
-19845
-17637.4
-31721.5
239403
143821
131679
147714
265635
160487
139250
142457
-123340
-79751.7
-73921.7
-124903
-66124.4
-40993.1
-39034.4
-52378.9
157507
90595.2
82358.1
60889
-37712.1
-24697.8
-22466.2
-33869.7
235789
140194
129690
144767
275486
163608
146860
142300
-157367
-102895
-91472
-146224
-63576
-40317.8
-37101.2
-51336.7
127339
74093.5
66239.6
48484.9
-49008.2
-30745
-29922.6
-45270.4
229072
140997
124843
141329
291590
177487
151628
148963
-164573
-102794
-100199
-154792
-70812.5
-43754.4
-43561.3
-61863.4
135144
80362.7
67518.1
49427.5
-49103.6
-29257.3
-31160.8
-42996.3
232011
142237
129473
152169
312963
188884
164108
165506
-170588
-108940
-101092
-157245
-71171
-46188.9
-41266
-60548.8
149295
88364.3
78008
65692.3
-38559.2
-28232.7
-23360.7
-45559.6
245821
152715
135094
165424
350264
206783
186460
177213
-158646
-103538
-96624
-163053
-64148
-42553
-37378.4
-60925.7
173409
102663
90778.4
81851.1
-15428.4
-13184.7
-11923.2
-35396.4
266105
162671
151916
185328
394764
235711
210622
208609
-130184
-87288.8
-80451.8
-145842
-46186.1
-32725.6
-26056.2
-45445.8
196230
115678
107265
103873
-41036.2
-25426.9
-27187.5
-44759.9
248349
156739
139284
184192
391432
238014
204009
206483
-160525
-101931
-99558.5
-166740
-57147
-34645.4
-37237.7
-54834
199873
122187
106851
114898
-38678.7
-29237.5
-23828.1
-48984.1
265509
166290
150716
198819
440677
263347
233662
229194
-151618
-100489
-93235.6
-167383
-26017.3
-18104.1
-20207
-42969.5
211240
127288
115134
123573
-41403.9
-29931.8
-21464.9
-44016.7
286851
180343
160216
217814
460412
279952
243607
250169
-129510
-86457.9
-80729.7
-151213
-992.778
-3587.15
-3034.9
-21771.1
224137
136950
120231
134248
-45016.5
-28267.3
-25793.1
-37876.2
289219
179918
163487
215113
460716
280351
241796
250331
-129574
-86240.9
-78861.5
-145360
-562.857
-4414.47
-2366.69
-20081.1
223980
136581
121003
132288
-49492.5
-32242.7
-26587.9
-39460.1
299180
192042
163726
223051
469940
283158
248418
247488
-130760
-83366.5
-82052.7
-143044
-4024.14
-3741.3
-4824.59
-23512.7
218420
135961
118056
135891
-43774.2
-30215.4
-24209.9
-39658.8
322451
200637
180689
232264
498896
300720
263269
261972
-107476
-73291.6
-67067
-129560
12419.6
1736.65
7039.25
-11714.6
219403
134705
119666
136501
-66748.1
-40434.5
-38234.7
-49116.3
329281
205982
180598
229658
484505
296120
250527
251369
-115965
-75112.4
-71350.6
-129265
949.644
400.93
-6665.19
-23435.6
225387
138365
122134
142063
-60282.3
-38240.3
-36196.8
-50123.3
368821
232327
197860
248039
515890
311136
266939
256147
-98527.6
-63705.4
-64162.9
-118044
30072.5
19381.8
4791.36
-19782.7
205781
128474
108305
127450
-72823.5
-45558.9
-42036.8
-62559.2
390694
243107
212109
261632
531158
322845
277857
270779
-84514.8
-56973.7
-56078.5
-113098
44363.9
23731.2
17362.3
-11810.8
214761
131011
112854
119947
-74946.2
-47004.2
-42673.2
-59024.3
398325
245521
219445
266593
550761
332465
289559
288328
-93403.9
-63446.6
-59855.2
-118649
41662.7
20265
16993.2
-12902.6
225243
136030
120876
125252
-81019.6
-50155.1
-46012.1
-63426.1
394292
247495
214657
266842
569332
343158
301174
296029
-107462
-69826.8
-69501.5
-128504
27850.8
13659.2
9714.94
-23425
221660
137389
116781
126624
-69927.9
-46048.2
-38003.5
-56695.1
403204
249109
222440
272927
599973
362172
319798
324613
-92502.3
-64783.7
-59314.2
-122285
22150.1
7079.55
8939.24
-22558.8
230588
138669
125050
131627
-91530.7
-53725.3
-53771.2
-64760.4
409189
255248
223083
276837
599745
367057
313732
326630
-104777
-67140.5
-68754.1
-127882
6528.72
2491.14
-6466.49
-35393.5
241967
148883
129174
142812
-93350.8
-56928.5
-55476.1
-72610
427988
267870
230599
285385
640357
390136
336619
345100
-105222
-69092.1
-70567.1
-135446
7802.92
2668.62
-7781
-46215.1
237162
146306
124312
135489
561.443
1530.18
151.321
-2863.78
24449.6
17671.3
10881.7
15607.3
16844.7
12222.3
9492.91
12644.5
19490
12696.8
12384.3
16023.7
22573.7
16794.5
9931.31
11071.9
12792.3
8722.16
5855.55
3900.4
24511.9
15325.1
15207
17960.5
31971.8
19060.1
18529.7
22120.4
36907.4
22822.6
24797.5
35641
19135.7
11365.3
12831.2
23516.3
48602.3
27348.8
29128.6
32142.2
38044.5
22114.1
23229.9
25653.8
16744.3
9392.5
11503.9
14607.4
11265.6
7407.65
5133.6
3944.95
14159.1
9399.57
14442.7
36638
23326.7
11675.7
19078.4
32838
61519
37455.4
33882.4
39333.5
17283.1
8857.93
13350.9
12663.6
7267.64
7102.89
4968.84
18091.3
19794
11255.7
9372.7
5614.43
8392.65
9015.61
9770.09
39479.9
13015.7
8903.18
10866.8
31657.2
81376.7
49988.9
45590
56589.8
35435.2
21592.9
21793
34504.7
-4055.26
-5036.72
4744.69
15497
34081.8
19667.5
16369.5
9904.44
-7722.31
-3077.33
3186.93
30651
8341.03
4806.2
10908.5
27784.3
102622
63949.3
58298.8
75234
46570.1
26844.6
30737.9
44258.5
-10879.5
-6088.19
-911.461
12071
44259.2
26300.8
20594.5
14642.1
-25315.8
-9743.22
-7277.54
24868.9
13580.7
8798.53
12113.4
32192.5
131583
81639.7
73418.9
93082.1
51092
34230.3
29263.6
47596.1
-8389.11
-2117.08
-953.887
15899.3
39096.6
20412.8
19709.2
11090.3
-6887.93
987.828
2728.73
41116.8
27440.7
19220.6
19338.7
42157.7
141809
88395.4
80393.1
107475
64566.6
41827.5
35715.3
55995.8
19867.6
16766.2
14165.5
33429.2
32053.9
16017.4
17901.8
4938.43
-9850.7
1511.79
2744.99
43990.5
40396.3
27086.4
25275.5
49389.3
142220
87924.5
82525.7
107846
85085.5
55125.3
47753.7
61514.8
46095.6
33830.1
27450.6
54148.8
23896.7
12901.2
7986.06
-6250.12
-6742.97
3286.63
3725.75
54679.2
85888
55826.8
49641
79618.8
186375
116987
102130
135837
117594
75797.6
61606.7
76388.7
43126.4
33282.1
27758.9
61044.5
15547.2
6349.82
4681.05
-17715.9
-24621.5
-7649.48
-5527.45
42789.2
115871
75749.5
65357.9
97594.9
187868
117969
106685
142092
150801
95277.7
82855.2
105979
36511.5
25629.1
29832.8
67069.1
3919.49
-316.077
-3222.99
-28910.8
-53955.1
-30410.5
-19505.5
17709.5
135927
87825.5
78314.9
112368
190739
121250
109190
151723
164780
101077
95656.7
123393
60363.6
41798.5
42311.9
86865.9
8080.11
2234.46
-595.384
-25284
-81394.4
-42835.1
-35837.6
5383.2
161215
101736
92962.6
129144
215774
136052
123075
169412
174069
109934
98405.2
132426
76830
53277.7
50570.9
106903
-6218.3
-6733.78
-5397.35
-29745.2
-82573.8
-44105.8
-37324.6
772.161
172337
110337
100679
148472
201546
129367
112948
162543
177979
114643
96418.3
134107
99501.9
67197.8
58429.6
109710
-22320.5
-19079.2
-13693.1
-40635.3
-66878.2
-35714.5
-30164.5
1287.64
166875
107035
92529.2
141602
197146
121958
110581
144576
196456
123923
103593
128186
111983
73403.3
68440.9
121154
-53579.6
-36414.6
-28455.4
-52352.8
-47548
-23250.4
-17235
24033.9
176391
109999
103613
147329
210550
131473
117892
154052
206597
128469
112981
133077
103229
66948.2
63527.9
113613
-78253.4
-51810.4
-42169.7
-68695.4
-52229
-27224.3
-20044.4
19138.6
183197
115157
106386
152858
208094
127831
118046
153939
218061
132958
119169
141673
103762
67965.7
65087.1
115524
-84866.2
-50720.1
-48950.2
-66685.8
-79179.7
-42799.1
-34948.8
1532.3
201552
131454
114825
169991
188212
117692
108798
148776
221712
137465
120432
145091
146563
93206.6
88888.3
144634
-57233.9
-36740.6
-32750.4
-49753.4
-76999.7
-41314.8
-33270.1
2817.82
229174
143230
132172
187695
197773
121867
113821
152548
246109
152427
131532
155542
164288
106503
96317.8
153510
-48016.8
-31529.2
-24428.4
-33032.5
-34499.7
-14784.9
-12362.3
30582.4
231720
146912
134407
196103
187484
119709
103115
146259
245854
152432
131079
153887
189169
123496
106123
165147
-53936
-34153.3
-27741.2
-27697.4
-7763.33
2979.75
3949.9
56009.2
211687
135596
118809
182357
193401
121780
106758
144789
250732
156421
132638
151959
208386
133349
117147
169489
-88494.4
-54829.1
-45356
-47623.6
21349
20782.6
20453.8
80061.5
205063
128367
118080
171625
225999
142702
122216
159518
246832
153670
130810
145627
202644
128505
112359
157705
-121868
-76006.2
-64928.7
-76704.8
18433.6
18302
17304.3
72095.2
182182
114581
103018
147556
238291
148234
130363
164850
251751
153548
134300
147721
200446
125509
111747
145919
-141578
-85021.1
-79116.1
-94026.1
4929.95
8114.76
9156.33
49439.5
165224
106994
91105.1
127689
235197
146837
130149
164205
253216
154786
134850
144984
241093
151253
132291
169919
-122037
-74009.3
-67555.6
-77799.4
29447.5
26770.4
21473.4
71672.3
170268
107275
93910.1
125773
252889
157712
139521
177142
266506
165105
138930
152826
264028
165366
145403
183733
-107902
-69219.4
-57306.8
-68714.5
65562.9
45784.5
45404
96830.5
187727
113245
106925
134243
219942
137679
123275
164067
254316
156370
133345
145088
284321
177806
157777
194660
-131866
-83121.1
-66398.7
-75704.3
74954
54136.1
53318.7
118165
201490
123665
113430
148648
186237
116566
106986
142130
211732
130736
113322
119674
313398
196687
172923
221667
-145270
-88708.7
-78209.5
-83290.8
100913
70736.8
68083.1
148954
225427
137087
128904
169696
179192
115063
99706.3
142838
177927
110615
94215.6
102078
332460
209575
183960
235856
-132161
-80463.1
-71862.6
-83705.2
128754
89721.2
82434.5
168052
250630
155665
140419
180891
176409
113006
100815
144361
183930
115225
98740.4
113757
346769
215670
193452
250657
-96127.6
-59214.5
-56817.4
-70405.2
147977
96315
95654.6
179276
276049
173138
150704
196403
164766
105569
95636.9
144755
198078
121104
107724
127370
327547
206021
182106
234984
-104153
-62299.6
-61835.1
-79612.4
114452
80719.8
76742.3
163878
264031
165267
146280
188042
119137
78537.6
71346.4
115534
148069
93763.8
78276
94671
349252
218108
192184
242939
-82128.3
-53307.4
-47826.6
-69029.2
158221
106347
98826.7
189017
270739
168082
151767
194175
133358
84905.8
78791.5
120004
151287
93276.6
76394.4
82651.6
388882
241518
215730
265604
-95308.1
-62273.5
-53520.2
-81307.4
179146
118585
113399
203254
273899
169889
152058
194698
152842
93908.7
92491
131461
166472
101548
85890.1
79885.4
397260
249360
219596
281732
-129185
-79352.9
-76325.8
-103173
191413
127106
120787
227126
277657
173994
156201
208266
164409
104283
97622.5
150794
161176
100808
79789.2
76908.5
410077
256919
228900
291977
-142404
-90507.5
-81124.2
-123505
191492
128891
120137
224434
286350
180039
161462
213287
164585
103788
100591
151355
173018
105378
88394
80598.9
424982
263682
240242
311879
-137533
-85590.3
-81980.5
-123325
180787
119183
114283
213908
302474
192725
169655
230507
167521
108192
101183
163124
178423
106080
93524.8
85132.8
446445
277735
251253
329517
-118674
-76301.8
-70597.5
-110313
162025
110283
102765
202001
324404
203537
182860
245993
185066
118115
110325
173957
184474
111943
93673.3
87033.5
-12760.4
-8005.16
-5874.64
-2906.21
10720.4
5913.53
8211.63
9553.72
2572.45
1813.02
2288.2
8623.87
6201.33
7206.83
3042.68
13550.3
11863.8
6027.38
10881
15324.4
-27334.6
-16914
-14441.2
-12671.4
-24832.2
-16198.4
-10970.1
-13321.2
20158.2
11028
14258.1
21284.6
-13406.7
-7305.12
-7188.45
-10709.1
-2749.94
554.372
-847.821
6895.71
29663.8
20639.7
17148
33534.5
-44426.1
-26718.7
-26121.2
-33650.5
-22397.6
-13023.5
-12612
-9558.67
19496.3
12605.6
11424.7
19620.8
53.033
-863.377
-2718.83
-6646.8
22218.7
17551.1
10057.2
21054.1
50761.1
32503.6
30139
47365.5
-37850
-21923.8
-24614.4
-33705.7
-29248.1
-18007.2
-13674
-10697.1
26888.4
16585.9
15184.4
23741.1
-7452.91
-7863.73
-4301.33
-18618.8
53301
35244.3
27524.8
41698.1
78099.2
50092.2
46299.9
71488.5
-37404.5
-25636.2
-20952.3
-31844.6
-25796.7
-16517.3
-12043.4
-9077.13
32842.3
20883.7
17270.4
22036.3
-6687.11
-5996.27
-6655.29
-24930.5
69939.9
43942.4
38629.2
47927.7
106001
68329.8
61197.3
89806.1
-39136.9
-25914
-22361.5
-36787.9
-43365.4
-26494.6
-22471.9
-21332
45148.1
29262.2
21876.5
26068.2
-9864.85
-7981.82
-10799.6
-35190.6
80197.9
51262.4
43392.3
57639.8
135884
89156.3
74285.8
111634
-41057.4
-25388.7
-25341.3
-43488.5
-38279.2
-23352.9
-21986.1
-24888.7
71741.6
46025.6
37127.3
40404.8
-17866.5
-13231.4
-14755.2
-36859.4
76885.8
53554.9
37792
55222.9
157934
98900.9
90851.2
122781
-28111.7
-17326.2
-19897.3
-34295.4
-29530.9
-18108.3
-17090.1
-25586.7
89206.5
54967.7
49366.7
60625.9
-40615.5
-26007.4
-27221.5
-56042.5
53867.4
36756.8
27831
36565.2
177187
113090
99062.1
140953
48.7904
363.453
-5449.67
-22519.9
-5263.7
-5417.85
-3069.55
-12520.7
70850.7
47214.2
39289.7
56120.2
-55939.9
-38339.3
-33244.6
-59648.7
60960.4
39296
28604.6
31384.9
172460
107967
98104.7
135818
40857.3
24064.3
17469.1
3803.53
31002.4
17202.5
17033.5
8076.57
76214.1
51059.5
41905.3
60621.7
-76067.7
-51863.5
-42653.4
-77850.3
76290.5
46575.7
37311.9
31375.7
186390
116326
106046
141095
75915
43264.3
38523.9
23242.6
49924.6
26312.2
30720.3
30080.3
69693.9
43615.8
40532.1
59604.9
-102025
-68744.2
-55362.9
-88205.2
74434.3
44140.4
37625.2
29997.6
197810
123161
113650
152484
92285.2
52360.6
51372.7
46499.3
33999.1
18593.4
20325.8
23513.4
54720.2
35503.8
31824.8
57142.7
-123853
-81233.8
-67716.1
-97045.5
43818.7
23638.6
21269.1
8517.1
200828
126440
112530
158451
111621
67581
58023.1
58682.1
7121.27
5685.85
1772.72
2484.77
63677.8
41106.9
35764.8
51450.5
-136867
-84862.7
-76580.4
-101693
19169.7
12420.3
4116.07
-9926.36
191696
118466
111822
150731
92446.4
56908.7
45326.3
44456.5
16894.2
10151.2
9393.21
5509.07
81562.6
50009.4
47980
67006.9
-125089
-78305.7
-67039.4
-94255.2
4335.27
154.856
-784.181
-22151.5
208399
130976
118893
166381
106775
63966.3
53699.8
44086
18616.7
10363.4
12040.6
10944.6
91723.8
55319.1
55111.2
69898.9
-125651
-79502.8
-63935.9
-81030.2
-3721.5
-4659.13
-6084.65
-28398.1
208959
130556
123086
171921
104499
62348.4
53639
44143.3
56282.9
33484.3
30289.6
35110
142025
89012.7
77698.3
104199
-99322.3
-64475.4
-50756.8
-63676.4
13786.5
5482.91
1230.37
-21567.5
232519
145173
134555
192370
131920
77886.4
65965.3
58786
47591.1
28182.4
29913.4
39301.7
137529
86268.4
77023
101221
-131023
-80824.4
-65428.6
-69889
9468.16
2793.07
526.087
-24212.8
238550
151518
139029
201543
120270
70862.7
63481.9
55515.7
19470.2
11210.5
14783.5
24045.2
134388
82914.6
76952.3
99707
-152622
-94555
-76012.6
-82474.8
-15605.1
-14455.4
-10110.9
-38313.9
237864
152332
138650
206842
106448
62268.5
56328.8
45433
-2455.78
1092.48
263.044
15889.4
138336
87713.8
78844.5
106727
-149936
-87150.9
-78365.1
-61968.7
-29448.2
-18763.8
-18113.2
-36288
254308
159578
152331
224698
94178.1
56666.1
46937.7
40999.5
-41474.6
-21650.9
-21557.6
-12536.3
124615
78638.8
72777.6
107287
-178880
-102969
-93715.7
-77981.9
-71581.8
-44713.2
-39889.3
-57323.7
243756
156283
143096
225394
77837.6
47360.6
37031.9
26723.7
-58443.1
-34472.9
-29567
-21542
105087
66853.4
62805.2
94572.7
-177698
-105814
-89781.3
-68179.2
-72616.3
-45904.7
-40574.5
-58086.7
228166
143492
138220
212658
77706.1
44921.8
38269.3
24939.7
-73155.1
-44538.5
-38205.7
-39557.7
114219
74525.5
65693.8
102185
-192833
-115564
-98249
-84099
-71877.4
-45648.7
-40877.1
-58511.7
217073
137847
129893
202732
71577.6
39301
35013.1
15819.4
-82074.6
-48722.5
-42831.6
-40730.8
111095
72325.7
63544.2
98994.9
-203199
-118728
-104677
-86392.9
-71595.3
-44049.2
-40751.3
-56497.8
220694
143079
129188
202699
62475.7
36286.6
28713.5
11363.2
-99277.8
-58962.8
-53825.7
-51542.4
102996
67496.2
58372.4
94535.9
-187876
-108848
-97570.8
-71607.3
-70841.5
-44329.2
-39407.1
-53868.8
228419
146431
133599
207591
67347.7
39357.6
32097.7
13254.7
-127584
-76048.6
-69806.3
-75772.1
115273
76150.5
64884.8
94322.4
-199781
-116953
-102584
-76018.9
-78429.5
-45073.8
-45332.6
-53498.3
225322
142599
135178
203630
58270.5
33993.5
25892.8
3944.95
-144796
-88880.5
-76848.4
-87643.8
124015
76931.1
73237.9
109986
-227737
-136342
-116771
-100725
-112991
-69280.9
-61190.9
-68674.9
235447
150198
139492
222972
72684.9
40799.4
33852.7
11501.8
-177270
-110081
-95455.9
-110770
84728.4
54495.3
48749.4
75746
-256341
-155350
-133886
-121755
-124067
-76316.6
-71134.2
-88030.6
216754
139480
130537
210517
78068.1
44059.8
35965.6
8358
-191923
-117072
-105432
-126429
69541.1
49956.4
35793
62041.5
-306734
-184954
-163009
-163375
-126677
-74840.9
-73731.4
-87665.7
215476
141430
129690
219584
82824.8
48863.9
37519.8
12131.1
-200332
-122258
-110216
-125541
65817.5
44612.8
31220.2
47986.4
-329649
-200297
-177198
-184457
-125388
-75464.6
-73014.4
-90781.9
215630
142668
128876
220607
97983.8
58531.5
45341.1
26262.7
-246631
-154156
-134367
-160725
57229
34347.7
28103.3
31435.1
-354075
-218601
-190835
-210319
-151366
-96557.6
-83691
-108150
209299
137220
126035
221392
100829
58030.8
47147.8
18804.1
-297565
-184061
-162856
-196680
41829.6
23873.3
23492.9
20287.6
-387178
-236133
-208845
-230224
-188937
-115961
-102815
-125209
197394
128628
123220
212961
80455.3
43994.1
37642.8
7107.13
-329867
-203250
-180331
-219779
21770.4
10361.2
14160.5
14154.9
-410901
-249158
-222121
-247592
-236174
-145204
-127817
-152494
198795
131419
121482
218268
68163.7
37086.3
30216.8
-4027.68
-327923
-203066
-180351
-220047
16457.2
9765.85
8796.41
9014.9
-389467
-238308
-210608
-233091
-236560
-145040
-130118
-156617
191954
126891
118689
213185
83005.1
46474.6
37099.1
2419.01
-320077
-200210
-173689
-214610
26012.3
13995.8
15093.9
19581.9
-383854
-238110
-204527
-231964
-223183
-138924
-121409
-145053
196520
128928
120807
215472
92602
48294
45868.6
11280.5
-328693
-204135
-178484
-214271
13227.1
5830.8
7345.43
6885.81
-388526
-237985
-209039
-234851
-235851
-145872
-128065
-153215
197651
129855
121343
213231
83111.2
45587.2
38411.5
6808.73
-348911
-214721
-192783
-231009
9753.83
6699.84
1598.77
1555.63
-375752
-227246
-207070
-231855
-249750
-153663
-136747
-163991
198616
132344
119056
214074
89009.9
51536.1
39202.7
2086.67
34284.8
14891
20683.6
15467.3
-2929.54
-3308.55
-1524.52
-2131.93
14370.5
3568.77
11837
8222.94
-6129.91
-7312.19
-3835.35
-8415.98
-3492.4
-5869.69
-1984.14
-6436.09
17814.8
8041.22
9849.29
7549.07
31904
17622.5
17370.8
19424.9
-23785
-15181.6
-10632.8
-9363.51
-8396.19
-4792.06
-5335.83
-4306.28
-41705.2
-26934.4
-23710.7
-33908.6
-51628.7
-30024.5
-28028.3
-31276
-3360.17
-1518.87
-2495.38
-4210.11
46211.5
25861
25577.5
25111.5
-34801
-22783.7
-16112.8
-14582
-4689.53
-6477.1
704.985
-5085.51
-50058.2
-34930.4
-27908.1
-44301.7
-72415.5
-45321.3
-37666.2
-45080.9
-3674.83
-3167.84
-1231.78
-7440.88
72351.2
44861
36246.3
42813.2
-53347.7
-30273.4
-28396
-21541.3
1937.47
3219.46
-1868.18
2810.04
-59595.7
-35880.7
-38628.5
-54819.9
-93054.5
-53737.3
-52006.3
-53023.1
-2817.11
1900
-2597.91
2793.78
108320
62555.6
58036.5
58322.9
-57948.1
-36179.1
-31071
-32824.6
13120.4
7391.39
5746.66
2912.57
-51034.7
-35369.5
-32584.9
-60153.6
-61462.4
-40049.1
-32727
-41437.2
26163
13262.5
16418.3
18157.1
98331
57159
53190
50375.7
-89890.2
-56726.9
-45386.4
-54841.8
-4323.96
-6745.09
-1137.03
-12819.1
-88581.4
-57512.5
-54297.3
-91086
-96094.4
-58158.8
-51656.3
-60187.5
-8886.92
-6037.28
-2480.53
-3676.96
84129.4
49870.1
44537.1
38593.9
-105824
-63516.6
-55036.2
-56327.4
-56362.8
-34782.6
-31694.6
-46485.9
-145976
-91636.1
-88109
-139388
-99903.6
-60814
-52617.2
-54515.8
-49950
-30911.2
-26858.7
-30965.6
71258.7
42204.4
37105.4
33907.2
-107644
-67545.7
-52749.5
-49981.8
-83251.2
-51718.5
-48209.1
-66463.8
-150049
-97355.2
-88172
-143833
-93638.6
-55424.4
-49195.5
-45780.2
-61031.8
-38414.3
-35352.5
-42755.9
66615.8
43140.6
31628.2
27192.5
-115286
-69311.3
-58853.9
-52081.2
-99570.5
-60028.4
-58489
-80720.5
-152001
-96213.2
-91584.5
-148572
-76199.2
-43800.3
-38010.5
-29439.7
-60519.9
-36973.9
-36345.3
-52134.3
86636.1
53050.7
42961.7
38141.3
-119012
-72019.5
-59686.9
-51550.9
-103006
-62120.7
-62767
-87170
-139314
-88830.3
-84925.6
-140382
-65241.2
-35292.4
-30614.9
-10041.6
-28340.1
-15773.4
-18617.4
-28730.5
92426.6
54618.3
48763.5
41112.6
-147592
-88940.6
-75286.4
-69174.8
-117004
-72037.9
-68902.6
-99531.6
-151331
-97913.1
-91731.5
-152162
-57836.4
-33391
-25909.1
-5530.99
-28663.3
-18296.4
-18243.4
-25699.1
74810.5
43030.3
39330.7
31143.1
-169933
-105577
-84347.2
-80358.4
-135856
-87148.1
-77674.3
-114745
-172972
-111915
-100778
-167301
-71533
-39457.3
-33332.3
-7234.41
-55264.6
-36703.1
-30955
-46620.3
68425.3
38837.8
36553.2
23953.2
-150185
-92261.2
-74833.8
-66120.8
-131598
-85740.2
-72414.8
-110082
-170018
-111373
-100596
-165036
-49991
-27877
-19888.8
6890.05
-60795.6
-41512.1
-33834.4
-54966.9
38907.1
24288.4
16237.3
9534.63
-148029
-87884.2
-73793.7
-53661.6
-131791
-81755.7
-77953.6
-108279
-174154
-115145
-102487
-170075
-49756.3
-22020.7
-24876
10673.1
-67221.1
-41762.4
-44214.7
-63899.1
494.268
3395.53
-5701.4
-16897
-144546
-85665.3
-69991.6
-47107.5
-127090
-78891.2
-71091.1
-97725.7
-185584
-121204
-107692
-173113
-50144.5
-21919.6
-23879
7123.39
-80525.3
-49112.8
-51352.2
-82766.8
-743.876
-2395.68
-9659.08
-30917.5
-148941
-88913.7
-74659.9
-47922.7
-97452.7
-60793.5
-60275.9
-83799.2
-199369
-130946
-115463
-182814
-24101.7
-10538.7
-11955.8
16296
-55215.8
-36437.2
-40271.9
-74491.6
-1263.6
-1470.78
-8227.19
-36119.7
-153405
-91225.3
-77274
-58750.7
-81925.4
-48174.5
-50952
-72108.6
-202138
-131832
-119184
-189508
-20868.1
-6789.64
-9685.24
13845.2
-53000.5
-35703.9
-38137.8
-76368.9
-1091.77
-4466.09
-7911.11
-41239.2
-149485
-90089.6
-72206.9
-53793.9
-48240.2
-32069.4
-29642.6
-53853.3
-205350
-132452
-119908
-192381
-5699.99
1100.97
-1851.91
21493.2
-45303.6
-32541.1
-33552.2
-78445
21057.6
7032.88
4667.61
-37432.8
-133586
-78269.6
-65823.9
-40316.4
-27812.6
-19972.9
-15620.7
-35834.8
-200741
-130518
-120014
-195958
30112.1
19799
21940.8
45105.6
-54303.7
-40173.6
-35784.6
-87783.8
7726.56
2831.26
-4867.02
-38831.5
-145400
-83601.9
-71165.3
-40033.6
-36935.7
-20354.8
-25642.5
-37377
-199538
-132152
-117786
-199166
14228.4
15697.8
12944.3
52094
-79169.8
-54051.2
-51514.1
-97611.1
778.525
193.747
-9137.23
-46019.9
-154530
-90038
-75882.5
-47127.3
-38359.1
-23597.6
-22491.7
-38765.7
-195576
-129350
-116914
-200854
4783.58
10489.9
9873.33
51443.4
-117875
-76868.2
-73094.3
-132532
25297.5
9961.72
3486.04
-38398.7
-169017
-100084
-84391.8
-57331.5
-20962.2
-14587.6
-16491.9
-31836.1
-174446
-117332
-106503
-193303
9268.05
10545.8
13177.6
60562.3
-109297
-74650.7
-67752.1
-129258
45568.8
23512
16699.7
-25936.7
-177711
-105073
-89038.9
-67527.3
-12558.2
-6466.49
-10465.9
-25047.8
-164091
-111014
-101270
-188865
23992.8
19912.1
23795.6
72037.9
-120205
-81015.3
-71633.5
-129652
46367.8
23374.1
16484.1
-25514.5
-186002
-110287
-93019.2
-71506.2
1076.22
-613.769
-3170.67
-19720.5
-177877
-118143
-108786
-199327
8418.81
11314.4
15316.6
72213.3
-159325
-106429
-91546.3
-151039
34082.5
14275.8
11469.3
-36358.7
-187075
-110653
-94125.8
-69643.7
-5475.83
-5562.81
-4562.25
-22075.9
-206849
-136584
-126418
-220571
7225.92
11325.7
15127.1
75917.1
-200668
-129581
-118761
-186126
-1799.59
-4397.5
-10971.5
-55580
-206420
-119948
-103211
-71566.3
-30160.2
-19931.2
-21411.2
-40564.6
-204649
-133082
-128924
-227758
-13499.4
4787.82
125.865
67724.6
-223188
-140455
-133860
-206243
-29566.3
-21602.8
-24410
-71232.5
-224069
-134381
-109524
-77734.4
-41512.1
-29221.9
-25293.9
-50004.5
-185954
-125741
-115669
-218131
-21008.1
-3352.39
1708.37
68476.9
-227490
-145779
-133218
-209092
-36293.7
-28787
-31485.3
-86845.4
-260279
-156324
-132583
-106581
-32093.5
-24658.9
-23880.4
-56521.9
-181837
-121089
-116814
-223261
-24346.4
-6661.65
-3254.81
61301.9
-228357
-145927
-136542
-215187
-38983.5
-27535.4
-31727.2
-88543.2
-288315
-169679
-149682
-128722
-37997.8
-22093.6
-28677.4
-56464.6
-161773
-108417
-108069
-217203
-30846.8
-7146.73
-6590.24
59487.5
-215926
-137249
-129492
-205793
-38813.1
-30402.8
-32151.4
-92553.9
-287433
-172731
-146540
-127491
-20115.1
-18215.1
-15871
-53971.3
-146718
-97643
-102201
-212612
-23847.2
-3775.95
-4640.74
63644.6
-202298
-129343
-123056
-200874
-23990
-21979.7
-24153.4
-87287.4
-289225
-172714
-148246
-124349
-26991.7
-19586.2
-22311.3
-57714.8
-158601
-108287
-109057
-230495
-9140.06
2397.8
8345.98
79721.3
-216058
-140130
-127838
-204608
-47000
-34160.3
-36746.2
-98308.3
-318703
-189668
-160769
-134683
-68433.8
-42213.6
-49014.5
-93682.5
-175148
-120236
-116102
-248095
-27022.8
-3129.65
-199.404
85416.4
-263981
-166918
-155629
-231509
-52562.8
-37352.2
-38982.8
-101808
-325156
-195758
-163407
-138526
-68515.1
-46411.7
-46929.3
-102023
-173099
-120811
-114912
-252054
-27607.6
-4978.03
3548.26
93005.8
-295129
-187423
-171604
-258495
-37607.5
-31925.2
-29795.4
-97585.7
-331744
-198621
-169361
-144740
-51273
-37240.5
-41667.7
-108116
-161413
-115556
-107819
-252145
-23892.4
-3604.12
6170.21
101769
-303072
-193774
-175906
-265984
-22569.4
-19775.7
-20584.6
-80294.8
-342803
-204024
-174425
-151045
-32746.8
-22323.4
-31616.2
-93642.2
-153412
-108496
-105094
-243384
-16671.5
2983.28
11995.4
114492
-330913
-209152
-190876
-278767
-26278.9
-23018.4
-23011.4
-81149.7
-357486
-215721
-178969
-153347
-21177.1
-17786.6
-27654.9
-97051.1
-159220
-110165
-109809
-249486
-22425.9
13.435
9219.97
123837
-368215
-235443
-210414
-304062
-7488.26
-3871.41
-7951.42
-6036.57
-1857.57
1186.53
-3785.85
-922.067
6953.69
6014.65
282.136
2022.33
-3194.71
671.044
-5564.93
-6693.47
-1755.04
-1105.21
-3038.44
-5091.88
-16422.6
-6713.98
-10545.8
-8313.45
-4198.09
-3727.87
-2646.7
-14526.1
3964.04
6349.82
1175.92
4877.62
-8099.91
-5691.5
-6689.94
-18042.5
17901.1
12242.8
10925.5
9420.78
1192.89
673.166
-327.39
-8276.68
-28330.2
-13238.5
-13503.6
-8709.43
27872.7
14793.4
16839
15122.9
13748.3
10413.6
9729.08
18004.4
-13435.7
-9200.17
-11986.2
-24252.3
9335.93
5002.78
10021.8
17631.7
8801.36
2913.28
5311.79
-1900.7
-28683.8
-17135.3
-10607.3
-1615.03
35046.3
22635.2
16788.8
21158.8
31199.7
19065.7
19023.3
32611.8
-24602.4
-16143.2
-19318.2
-41307.8
8191.83
7956.37
4746.81
22060.3
3990.2
2805.8
1776.25
1038.74
-41597.7
-20327.9
-21346.1
-2534.27
37209.4
21596.5
20944.5
23490.8
14921.4
12152.3
8003.74
22386.3
-16012.4
-13371.4
-11856.8
-36410.3
-10026.8
-3174.91
-4888.94
3375.73
10990.6
4976.62
5994.85
618.718
-44795.2
-24639.8
-21195.5
-8737.72
22812
12871.5
14360.6
20475.7
-6776.91
-1779.08
-1777.67
9947.58
-31834.7
-21853.8
-23912.2
-51084.2
-33363.4
-17581.5
-17674.1
-9066.52
1001.97
-2101.52
1341.38
-4874.79
-64037.7
-36201
-32111.8
-17801.4
22338.2
16974.8
10347.8
16068.3
4312.64
2749.23
4912.98
11454.4
-10766.4
-11050
-11972
-55482.4
-33807.5
-20676.5
-16537.8
-15878.8
8568.72
5639.18
3737.06
721.956
-77446.6
-43042.3
-39855.4
-29203.5
22081.5
13234.9
12689.7
12396.3
24535.2
14524
19234.7
36088.6
24563.5
6905.6
10861.2
-25107.2
-15388.1
-12510.1
-1622.1
5122.99
18880.5
10687.9
11374.5
11827.1
-77537.1
-46282.3
-35228.1
-20293.3
33326.6
23111.8
13973.1
20740.9
34400
22390.5
24078.4
49218.2
38866.8
21056.2
11265.6
-16654.5
-12512.3
-8681.86
-542.351
14158.4
27612.5
17759
14391
18837.3
-65031.9
-35914.7
-31742.7
-9674.63
10700.6
7773.22
-926.31
-16922.5
40215.3
23582.7
28404.5
52162.6
39870.9
19707.8
13181.2
-29354.1
-10625.7
-7776.76
306.177
18547.4
20076.2
12416.8
10715.5
12720.1
-72291.1
-41762.4
-34566.2
-17585
43476.5
27775.2
18381.9
6647.51
27384.1
19717
18919.3
48750.1
70664
38249.5
31816.3
-5090.46
-28997.7
-16624.8
-9693.02
11254.3
36085.1
22828.2
19386
23818.9
-60036.2
-32815.4
-28097.6
-6169.51
69380.6
43979.9
32158.5
23188.2
25205.5
19089.8
18338.1
47045.9
96333.4
56612.4
41934.3
7979.7
-31535.5
-16113.5
-12561
12923.8
56525.4
35095.8
31635.3
38850.6
-37929.2
-18331.7
-16865.9
10500.5
59223.7
35546.3
23719.9
17759
44402.8
28938.3
24500.5
51903.1
137577
77655.9
68684.1
36125.4
-2159.5
3423.1
-3996.57
19540.9
53719.6
35182.1
28419.3
42408.7
-41993.7
-20062
-22020.7
10922
18613.9
8454.88
1846.96
-27634.4
42033.3
28653.4
21834.8
38814.5
128109
73286.7
62255.8
28256.7
29628.5
22317
14926.3
31386.3
25464.3
17313.5
12450.7
16080.3
-76565.5
-42106.8
-40466.3
-19883.1
11464.3
4420.83
-1776.25
-36105.6
49532.1
31118.4
26020.1
32118.2
140692
80507.6
68761.2
32305.6
42845.7
27423
23980.8
38272.9
14824.5
9079.25
8181.93
4965.3
-84804
-49754.2
-43268.6
-32090.6
2943.69
-1359.77
-8664.18
-41616.8
86279
49892.7
46337.4
50609
145916
85099.6
72629.8
41913.8
70618.8
43589.6
36011.5
48586
-3505.84
-309.006
-2933.79
928.431
-82279.7
-48403.6
-43748
-29055
-28280
-23120.3
-21911.1
-64635.9
92122.6
55534.8
47095.4
49100.1
161359
92159.3
83318.4
55010.8
77110
49164.4
38277.1
44963.5
-8461.95
-6202.03
-3462.7
-7028.64
-96780.3
-58164.5
-50022.9
-42657.6
-48758.5
-34752.2
-35875.1
-80992.7
96593.6
57000.6
47997
42288.5
178421
103925
89015.6
61513.3
84429.3
53162.4
40294.5
42089.1
-5436.24
-4936.31
-3340.37
-7957.07
-97097.1
-58402.1
-53407.8
-48764.9
-57745.2
-38741.7
-44653.1
-99065
91981.2
54089.4
47185.2
34882.3
183298
106572
93356.5
62262.2
95233.1
57246
47130.8
39068.4
-26551.9
-17153
-14068.6
-18130.2
-122986
-71913.5
-65784.3
-66924.8
-27717.2
-22964
-26047
-87368.7
91944.4
56289.2
48079
46402.5
194360
114339
99176.7
78068.1
125567
76464.4
66353.5
66369.7
-31599.9
-19552.9
-17618.3
-20892.2
-127740
-75538.8
-65538.2
-58378
11661.6
3268.95
-6830.65
-62595.2
81130.6
50282.4
42242.6
41039.8
200353
119425
101178
82036.4
133908
79408.8
75178.2
80030.3
-26205.4
-16162.3
-14992.8
-19324.5
-133044
-78693.9
-67890.7
-60126
28807.5
11559.1
1795.34
-59808.5
90653.2
52014.8
48452.4
45514.3
206962
123558
105529
87606.3
146969
88258.9
78644.4
91305.2
-30822.8
-17859.4
-17491
-17172.1
-136803
-82153.1
-70635.7
-58714.6
55913.8
30453
14614.5
-43731
76871.7
49047.8
35885.7
35392.8
213143
128290
107895
92492.4
129567
81529.4
67202.7
77748.5
-27566.6
-16376.6
-15777.7
-18505.7
-147809
-85544.4
-78969
-68629.7
73860.1
40857.3
26781
-30392.9
61780.6
38881
30158.8
24484.3
212372
129027
106195
88236.3
116311
73684.8
61505.6
72346.9
-23364.9
-14300.5
-11832
-11831.3
-154045
-88973.1
-81795.3
-70456.1
66760.1
34771.3
20252.2
-33392.4
63737.2
37302.7
28685.9
16652.4
251176
147238
130373
107569
120857
75924.9
57423.4
58757
-48287.6
-27936.4
-27236.3
-23660.5
-176502
-104604
-95584.6
-90781.2
54771.1
25168.8
13647.2
-58031.5
62306.7
37589.1
28486.5
13421.6
268459
158207
140102
121397
163786
100570
83586.4
79550.2
-72854.6
-42641.4
-42302
-48333.6
-190965
-113607
-103475
-104892
55985.9
25762
15354.1
-54993.8
62072
36458.4
28874
13713.6
284876
168719
148512
135581
184032
110930
97987.3
99389.5
-79625.9
-48579.7
-44678.5
-53506.8
-200253
-122668
-106088
-113167
52992
23718.5
8331.13
-73542.6
87201.8
47430.6
42663.3
20137.7
290639
174362
150835
136983
216356
129743
113083
116889
-94707.1
-55959.7
-54903.3
-64739.2
-199635
-121841
-109248
-117618
44696.9
18553.8
5487.86
-80103.9
78348.1
46139.4
34831.4
14525.4
305312
182425
160211
150245
207187
127433
106441
107344
-97460.5
-59876.4
-54919.6
-70798.4
-203528
-123691
-111515
-127549
27460.5
8267.49
-2748.52
-87648.7
61157
35089.5
25879.4
1033.79
305867
184478
158499
148414
190661
117400
97482.4
96781
-107036
-66738.2
-59034.9
-74177.6
-211079
-128993
-116265
-133507
13101.3
-4832.37
-5062.88
-95302.4
55819
28029
27705.2
-4599.02
319083
188287
170732
157150
184978
109829
95715.4
87657.2
-125376
-80656.1
-66496.3
-84181.1
-233652
-146918
-124778
-149583
123.037
-12204.7
-10606.6
-97697.4
48153.3
25257.9
23382.6
-830.143
319994
191528
168347
162614
174291
103997
90241.7
82954.9
-134214
-84970.2
-72890
-91485.5
-248122
-156069
-132556
-156703
6945.91
-2294.56
-12104.3
-90426.9
34211.2
20028.1
13538.3
-9373.41
317090
193609
161576
153478
149858
88079.3
78115.5
65118.2
-139499
-85708.4
-78893.3
-98413
-261987
-161263
-144167
-171611
13567.3
-615.183
-6694.89
-85617.9
29248.8
13872.7
13208.8
-7778.17
330154
198903
171517
161102
143638
84952.5
72342.7
63845.4
-138458
-86426.1
-76385.9
-94704.9
-260589
-162396
-141559
-167492
21137.5
4272.34
540.937
-75744.6
14894.5
8046.88
2847.52
-18708.6
337998
202863
178447
166908
109893
64471.9
54501
36346.7
-142720
-89569.2
-77938.7
-100819
-277066
-172355
-149632
-181420
41752.5
18321.8
12459.9
-48926.1
8591.35
3138.14
2057.68
-19692.2
346878
209998
180690
172740
91070.4
52924.8
43031
22423.1
-142102
-89649.1
-76511.8
-95137.7
-278099
-172223
-151445
-179153
