235004
206132
210982
155433
-530852
-398501
31035.6
-100426
-147338
-96471.3
124764
24467.3
-366658
-276165
-4611.75
-86375.9
-553127
-427363
-40491.1
-150106
-282586
-182997
223785
43886.6
253269
222413
215569
158949
-463148
-343792
71134.9
-78879.2
-116861
-68047.7
148951
49303
-365021
-273345
11798.8
-72272.7
-579615
-446936
-27976.7
-148429
-234873
-140473
273798
83610.4
291378
252011
226786
174225
-401914
-292190
114845
-34768.4
-130530
-77036.5
149066
55314.1
-390771
-295420
16745
-77760.5
-586146
-450008
-16847.5
-144512
-245360
-143472
299226
98859.2
273634
239368
203936
176021
-443555
-321303
91587.3
-30757.7
-136609
-79718.5
154566
57954.5
-437981
-328684
-4596.9
-86588.8
-583874
-446597
-23688.1
-131506
-225230
-123420
316529
125084
329821
283582
209782
184027
-438966
-314113
89113.1
-38274.3
-123822
-69113.3
158227
62741.6
-446303
-340338
-19511.2
-95557.7
-502417
-381053
10218.4
-114335
-247203
-138221
324701
121681
332667
284840
205127
183961
-523247
-384406
53740.8
-66465.2
-142535
-82097.2
158151
57598.1
-486424
-370358
-31015.1
-116690
-487361
-366579
18135.2
-90754.3
-290949
-169194
313825
113167
383545
320436
211284
195683
-549268
-407156
41975.3
-102561
-126405
-72301.7
158375
54434.5
-478583
-363415
-22329
-115746
-537934
-407141
-3611.19
-106779
-338551
-212135
303243
88028.4
402117
339662
224736
206371
-451393
-327189
96658.7
-54597.8
-112016
-60135.2
161703
65161.3
-478286
-364695
-6466.49
-107603
-661147
-507295
-43512.5
-150503
-351861
-220518
315475
94398
391439
328054
218862
206520
-431887
-309721
116970
-31678.4
-166855
-107682
136497
47075.6
-552838
-424925
-21414.7
-128933
-774457
-600636
-95627.7
-204594
-426391
-279717
292491
71338.6
385170
326045
227548
200532
-392421
-273273
148312
-13446.3
-197633
-127083
128890
26014.5
-539580
-410393
-7288.86
-129874
-845290
-659456
-124157
-242367
-422878
-275975
303552
67525.9
383055
324636
229009
214069
-376862
-257327
160780
14672.5
-204990
-136474
114005
31219.5
-501698
-383212
3285.93
-96121.3
-870699
-681200
-140518
-254459
-458030
-304325
296073
68121.3
337025
291282
221728
192367
-419641
-290233
149414
-4232.03
-268430
-188686
82826.2
-7518.67
-564851
-429297
-19105.3
-131294
-971308
-762498
-188723
-294793
-535761
-365996
259514
31170.7
361363
307046
245678
207534
-460515
-327863
145446
-24245.3
-255192
-178551
88780.8
-6999.65
-528033
-397852
4269.51
-115696
-1.044e+06
-821473
-203280
-333044
-567832
-394023
244507
5885.25
378065
322324
256015
211264
-387247
-269833
181503
2160.92
-257190
-183148
85381.7
-4599.73
-517286
-392037
19284.9
-103764
-1.06997e+06
-844797
-204334
-343838
-595680
-417991
240798
-962.372
411526
350171
259772
228686
-366381
-250927
192912
21066.1
-318064
-232982
51727
-31187.7
-565391
-430838
7797.97
-117842
-1.07084e+06
-842448
-205509
-344526
-661698
-470418
212102
-25893.5
418056
356699
262755
229314
-355354
-239343
192814
31598.5
-349019
-252846
40720.2
-48366.8
-550951
-413283
18635.8
-114089
-1.03848e+06
-815059
-194953
-325428
-664758
-470761
213546
-28535.3
459332
393210
283990
248837
-376504
-253107
186112
23826
-375983
-276310
24740.3
-57284.8
-535887
-403971
24999.1
-96312.2
-1.0136e+06
-794601
-179984
-323670
-738496
-530672
190242
-51809.7
494677
421088
304618
263589
-405022
-277179
173922
12362.3
-389504
-288703
9318.96
-71862.6
-546354
-408866
24059.3
-106864
-988234
-772973
-170353
-303073
-784372
-566985
162863
-76240.3
500525
421499
311275
274333
-431987
-302266
168752
-9537.46
-396772
-298543
7456.44
-89886
-517449
-383531
41088.6
-90851.2
-996563
-779500
-161783
-300633
-817053
-594086
154023
-95583.9
464818
395749
294860
256263
-376223
-257139
192325
14475.2
-382941
-286213
14858.4
-79561.5
-521485
-387706
52256.6
-84059.4
-1.08992e+06
-854823
-189690
-326722
-826737
-601804
156118
-99328.7
468967
399493
296256
260245
-353324
-236893
210233
31664.2
-387621
-289295
17627.5
-78066.7
-556642
-414075
54895.5
-92346
-1.1604e+06
-912109
-220801
-360069
-817401
-591585
165840
-87266.9
463987
395918
308613
262163
-277595
-171024
249670
66019.7
-374212
-274172
30810.1
-65504.3
-524228
-385895
74343.1
-76846.2
-1.21131e+06
-952933
-242599
-381087
-777700
-557586
188174
-67758.5
482086
412045
316954
278750
-230277
-133183
265471
101724
-362812
-267834
25727.4
-53164.5
-496680
-367452
77353.2
-54628.2
-1.23569e+06
-973970
-254235
-394339
-766744
-549554
198927
-52381.8
478336
412774
331623
270496
-236071
-135565
272645
87319.2
-381382
-280671
23885.4
-75164
-504786
-368061
79671.1
-73727.9
-1.29237e+06
-1.01925e+06
-272935
-419995
-764213
-543957
198895
-61502.7
483647
413930
334423
278621
-223009
-125793
290327
105855
-353092
-259628
36033.5
-51158.5
-440456
-315524
109255
-36090.7
-1.29535e+06
-1.01699e+06
-254768
-419232
-725329
-513583
224113
-35120.6
544373
468222
348286
296129
-138240
-57589.6
322388
137806
-367824
-273077
22000.2
-60845.1
-413153
-294994
124086
-25420.5
-1.25682e+06
-985189
-239086
-400502
-699699
-489413
249087
-15239.6
597246
509151
357735
313862
-69211.6
2151.73
357141
172071
-375875
-280750
15016.1
-70630.8
-384809
-270810
143436
-11837.7
-1.20973e+06
-946734
-221246
-385226
-686104
-474850
274566
-1991.21
600653
507607
355368
318209
-80439.8
-9077.13
353846
180126
-425345
-320037
-6566.19
-81916.2
-385920
-273218
145251
-5357.75
-1.16186e+06
-909093
-211010
-358297
-655928
-450366
299906
21333.4
561493
477038
334042
296706
-115856
-33376.9
335690
159355
-502151
-383327
-52161.9
-125810
-377343
-267528
138004
-3967.58
-1.11519e+06
-871208
-202815
-354244
-675667
-462417
302633
19768.6
544101
460265
338747
288908
-183991
-93528.3
321981
138128
-573527
-445165
-83695.3
-160867
-428227
-307856
127021
-23977.3
-1.11516e+06
-874846
-201012
-345246
-717537
-497692
296619
9977.28
556446
470223
347789
310016
-216503
-117062
321357
122667
-560673
-438590
-74126.7
-163736
-425411
-301094
127194
-11866.7
-1.05216e+06
-820336
-171007
-314244
-724521
-504263
299494
7562.51
417395
359398
283670
253176
-211354
-113476
325253
121786
-634523
-495375
-110217
-183556
-507245
-369492
76474.3
-48063.5
-1.09809e+06
-856624
-190524
-327532
-790445
-553784
275781
-12992.4
364301
313433
252207
219991
-167325
-75696.5
355607
145950
-732177
-576088
-152299
-224631
-553881
-412154
51012.1
-84129.4
-1.08514e+06
-848725
-187880
-334097
-811317
-571462
273239
-27930.7
322401
274572
230228
194484
-152401
-62845.5
359240
157368
-766644
-602765
-153541
-253955
-536596
-398561
44147.5
-88648.6
-988630
-771453
-156159
-299863
-718234
-497439
311969
9109.66
345048
294058
223894
192719
-85671.6
-4893.89
382294
181043
-733510
-575291
-141838
-232319
-477997
-354596
49788.1
-70784.2
-812449
-630531
-86182.2
-238126
-662939
-448311
340340
39048.6
358174
302306
223836
193830
-45270.4
24702.8
394926
198709
-742875
-583738
-145807
-241147
-451550
-335361
44676.4
-72261.4
-708912
-545700
-54238.6
-180687
-643930
-433191
336281
51652.7
2.10355e+06
1.75332e+06
1.06548e+06
1.03157e+06
723400
671319
810304
591817
1.24125e+06
1.06388e+06
834426
701394
-2.96572e+06
-2.38251e+06
-917834
-1.1354e+06
60676.8
148213
683303
382473
-899395
-651782
197254
-85086.2
2.16251e+06
1.80352e+06
1.073e+06
1.04209e+06
801897
735274
837547
618846
1.34895e+06
1.15408e+06
878438
753034
-2.98169e+06
-2.39362e+06
-912542
-1.12926e+06
-28981.5
76387.3
647557
356903
-954365
-694731
180532
-102484
2.23126e+06
1.85542e+06
1.08788e+06
1.06535e+06
820893
750967
849303
635972
1.41002e+06
1.20422e+06
902207
785231
-3.05341e+06
-2.45195e+06
-929387
-1.15637e+06
-114476
5308.25
605044
312934
-1.04057e+06
-763880
148461
-136049
2.26523e+06
1.88047e+06
1.10072e+06
1.07653e+06
847984
771017
868987
644593
1.46428e+06
1.24741e+06
930043
809221
-3.06788e+06
-2.46592e+06
-925518
-1.16762e+06
-195518
-65678.9
572462
272656
-1.10978e+06
-823651
124160
-168115
2.30898e+06
1.91407e+06
1.11547e+06
1.10131e+06
853863
775442
872631
663062
1.49063e+06
1.26549e+06
931905
829033
-3.08916e+06
-2.48537e+06
-934066
-1.16002e+06
-257348
-115847
551482
244657
-1.2428e+06
-931222
82482.6
-214545
2.34373e+06
1.947e+06
1.13744e+06
1.10608e+06
814483
747730
866204
637986
1.4863e+06
1.26551e+06
940165
815571
-3.1243e+06
-2.50648e+06
-931419
-1.18518e+06
-321208
-165151
536260
218782
-1.34382e+06
-1.0104e+06
41143.7
-265801
2.38947e+06
1.97922e+06
1.15182e+06
1.13476e+06
846985
774961
899448
656012
1.57806e+06
1.33866e+06
984957
861966
-3.0799e+06
-2.46843e+06
-912058
-1.15363e+06
-321409
-162034
551316
228924
-1.33835e+06
-1.00728e+06
45725.8
-263319
2.38468e+06
1.97751e+06
1.13903e+06
1.12837e+06
995663
894349
968205
720151
1.62918e+06
1.3819e+06
1.00804e+06
893195
-3.07769e+06
-2.46663e+06
-920715
-1.14841e+06
-263407
-116507
575412
251069
-1.3252e+06
-994648
61522.5
-247308
2.44351e+06
2.02268e+06
1.14678e+06
1.14195e+06
1.13104e+06
1.00859e+06
1.03999e+06
790548
1.62078e+06
1.37801e+06
1.0056e+06
898294
-3.10307e+06
-2.49083e+06
-932682
-1.16545e+06
-194352
-58620.6
606729
276903
-1.32498e+06
-993671
73906.8
-242965
2.42535e+06
2.01047e+06
1.13068e+06
1.14039e+06
1.20411e+06
1.07595e+06
1.0741e+06
837494
1.61603e+06
1.37752e+06
1.01661e+06
895280
-3.14778e+06
-2.52223e+06
-956294
-1.18895e+06
-133437
-5602.41
620042
307858
-1.26742e+06
-942486
106378
-219243
2.43236e+06
2.01017e+06
1.13238e+06
1.12669e+06
1.26775e+06
1.12615e+06
1.11731e+06
863623
1.62915e+06
1.38622e+06
1.03703e+06
897901
-3.16441e+06
-2.54468e+06
-972929
-1.2015e+06
-8087.18
87945.7
672874
339764
-1.25298e+06
-930247
126854
-197865
2.47438e+06
2.04403e+06
1.14727e+06
1.14876e+06
1.30506e+06
1.15824e+06
1.135e+06
899687
1.66003e+06
1.41269e+06
1.05669e+06
927100
-3.18127e+06
-2.55949e+06
-979223
-1.21475e+06
97531.9
176178
710340
401072
-1.27946e+06
-951229
115137
-201079
2.52477e+06
2.08172e+06
1.16267e+06
1.16045e+06
1.29838e+06
1.15352e+06
1.13553e+06
882672
1.6472e+06
1.40389e+06
1.05322e+06
915814
-3.13787e+06
-2.51791e+06
-967326
-1.2005e+06
127356
207889
735531
420459
-1.30968e+06
-973942
116227
-231918
2.56849e+06
2.12479e+06
1.16905e+06
1.17858e+06
1.40485e+06
1.24225e+06
1.17596e+06
923915
1.69625e+06
1.44803e+06
1.06652e+06
932012
-3.09388e+06
-2.47936e+06
-946751
-1.18132e+06
89475.9
181393
728858
418116
-1.2637e+06
-931533
154519
-199553
2.631e+06
2.17199e+06
1.20015e+06
1.20366e+06
1.45452e+06
1.28217e+06
1.22073e+06
961566
1.70649e+06
1.45358e+06
1.08482e+06
948913
-3.11126e+06
-2.49781e+06
-934381
-1.17791e+06
31177
130582
722341
396777
-1.31101e+06
-968506
171181
-197373
2.66046e+06
2.1988e+06
1.21641e+06
1.22731e+06
1.48915e+06
1.31651e+06
1.23806e+06
994067
1.70086e+06
1.45206e+06
1.08058e+06
956740
-3.09425e+06
-2.48105e+06
-934812
-1.16822e+06
-3257.64
105528
704705
392514
-1.30194e+06
-957441
190442
-179010
2.70397e+06
2.2312e+06
1.22193e+06
1.25223e+06
1.51238e+06
1.3336e+06
1.23569e+06
1.00975e+06
1.70179e+06
1.44929e+06
1.06217e+06
954192
-3.03167e+06
-2.43684e+06
-929667
-1.13848e+06
9177.54
112450
707134
391994
-1.31479e+06
-966303
198133
-167088
2.61436e+06
2.16143e+06
1.19065e+06
1.209e+06
1.38509e+06
1.23159e+06
1.1851e+06
954128
1.56513e+06
1.33849e+06
1.00634e+06
892735
-3.14363e+06
-2.52359e+06
-973226
-1.19184e+06
-105404
22831.8
662414
351261
-1.44356e+06
-1.06773e+06
155139
-219810
2.61111e+06
2.15447e+06
1.19281e+06
1.19955e+06
1.30188e+06
1.15824e+06
1.14768e+06
893301
1.54137e+06
1.31565e+06
997454
859628
-3.14742e+06
-2.52689e+06
-969024
-1.20708e+06
-159593
-22469.7
659729
309839
-1.47643e+06
-1.09445e+06
145742
-241208
2.60791e+06
2.15464e+06
1.20247e+06
1.20139e+06
1.40204e+06
1.23975e+06
1.19548e+06
932393
1.53712e+06
1.31373e+06
1.00734e+06
870707
-3.15914e+06
-2.53681e+06
-960718
-1.19719e+06
-155068
-18701.6
686753
323656
-1.45638e+06
-1.07604e+06
175644
-222416
2.66338e+06
2.20322e+06
1.2267e+06
1.22824e+06
1.48199e+06
1.30684e+06
1.23774e+06
974764
1.53422e+06
1.31513e+06
1.0086e+06
877809
-3.23041e+06
-2.59282e+06
-976765
-1.22269e+06
-140890
-1106.62
706361
339951
-1.44484e+06
-1.06282e+06
201050
-211532
2.66625e+06
2.20411e+06
1.22945e+06
1.23952e+06
1.54487e+06
1.36147e+06
1.26066e+06
1.01735e+06
1.51005e+06
1.29605e+06
1.00771e+06
872417
-3.26801e+06
-2.6215e+06
-995034
-1.23343e+06
-87731.4
41617.5
734873
372849
-1.3746e+06
-1.00335e+06
239602
-166922
2.73658e+06
2.26168e+06
1.26452e+06
1.2654e+06
1.57204e+06
1.38146e+06
1.27747e+06
1.02864e+06
1.4886e+06
1.27681e+06
998372
862133
-3.29721e+06
-2.65061e+06
-1.00882e+06
-1.24367e+06
-12124.8
102976
781499
403201
-1.40105e+06
-1.02376e+06
245486
-164015
2.81566e+06
2.32834e+06
1.32276e+06
1.3077e+06
1.59243e+06
1.40086e+06
1.29766e+06
1.04506e+06
1.46876e+06
1.26373e+06
1.01145e+06
861095
-3.32198e+06
-2.66846e+06
-1.00442e+06
-1.26292e+06
46966.7
156034
829781
445892
-1.40715e+06
-1.02446e+06
253297
-162031
2.91041e+06
2.40407e+06
1.36133e+06
1.34661e+06
1.62642e+06
1.42888e+06
1.31553e+06
1.05648e+06
1.51226e+06
1.30162e+06
1.04151e+06
875122
-3.32404e+06
-2.66231e+06
-994326
-1.25925e+06
111181
216234
874200
491166
-1.4054e+06
-1.02237e+06
262938
-167292
3.01891e+06
2.49749e+06
1.39815e+06
1.39043e+06
1.74966e+06
1.52903e+06
1.36721e+06
1.10625e+06
1.56008e+06
1.34185e+06
1.0683e+06
907161
-3.30834e+06
-2.6511e+06
-981321
-1.24318e+06
139614
241348
895899
515354
-1.35343e+06
-978583
310025
-135946
3.13117e+06
2.58692e+06
1.43557e+06
1.43966e+06
1.8431e+06
1.60602e+06
1.4131e+06
1.1556e+06
1.58921e+06
1.36706e+06
1.08623e+06
925423
-3.32487e+06
-2.66331e+06
-978102
-1.24768e+06
172915
268751
911234
528217
-1.32182e+06
-948186
347381
-109263
3.20524e+06
2.6488e+06
1.47296e+06
1.47555e+06
1.87977e+06
1.64138e+06
1.43113e+06
1.18515e+06
1.61581e+06
1.39167e+06
1.1099e+06
945528
-3.33579e+06
-2.66925e+06
-976558
-1.24416e+06
188351
282670
919203
542894
-1.2458e+06
-882174
399916
-61074.2
3.2454e+06
2.68096e+06
1.49269e+06
1.49704e+06
1.86391e+06
1.62842e+06
1.42327e+06
1.18294e+06
1.60259e+06
1.38041e+06
1.10471e+06
945842
-3.36371e+06
-2.69636e+06
-991994
-1.25052e+06
232591
318479
936436
553221
-1.23517e+06
-869898
421260
-37961
3.23988e+06
2.67899e+06
1.50191e+06
1.50392e+06
1.78071e+06
1.56009e+06
1.3917e+06
1.15121e+06
1.52874e+06
1.32275e+06
1.08513e+06
922093
-3.461e+06
-2.77228e+06
-1.02326e+06
-1.29502e+06
202066
293876
927664
556584
-1.26164e+06
-889114
421967
-44712.5
3.20544e+06
2.64553e+06
1.4826e+06
1.49194e+06
1.69997e+06
1.49375e+06
1.36371e+06
1.10319e+06
1.49603e+06
1.29204e+06
1.06989e+06
894909
-3.49319e+06
-2.79962e+06
-1.03538e+06
-1.31222e+06
191018
284623
935003
545130
-1.25795e+06
-886540
426856
-34098.1
3.19956e+06
2.64434e+06
1.47348e+06
1.47603e+06
1.75305e+06
1.53706e+06
1.39552e+06
1.12029e+06
1.49494e+06
1.29094e+06
1.06257e+06
896493
-3.53434e+06
-2.83377e+06
-1.04965e+06
-1.32019e+06
169720
269627
938550
544336
-1.27404e+06
-896946
428481
-34355.5
3.22477e+06
2.66381e+06
1.47016e+06
1.49259e+06
1.78859e+06
1.56832e+06
1.42071e+06
1.15372e+06
1.44343e+06
1.24885e+06
1.03418e+06
878053
-3.63515e+06
-2.91724e+06
-1.09005e+06
-1.36126e+06
150077
254450
932118
538760
-1.30588e+06
-923543
421455
-41854.4
3.22003e+06
2.65927e+06
1.4705e+06
1.48425e+06
1.79335e+06
1.57559e+06
1.43232e+06
1.16133e+06
1.4381e+06
1.24733e+06
1.03599e+06
865977
-3.69027e+06
-2.95903e+06
-1.11072e+06
-1.39646e+06
190212
286512
948460
552403
-1.27027e+06
-891865
447299
-30032.2
3.21988e+06
2.66032e+06
1.47057e+06
1.48761e+06
1.76197e+06
1.55248e+06
1.41949e+06
1.16054e+06
1.44525e+06
1.25178e+06
1.03261e+06
874480
-3.72703e+06
-2.99347e+06
-1.13639e+06
-1.40188e+06
267144
350226
984998
584271
-1.28193e+06
-898784
453473
-16338.4
3.20734e+06
2.64852e+06
1.48233e+06
1.47428e+06
1.6673e+06
1.47423e+06
1.39476e+06
1.11405e+06
1.39651e+06
1.21065e+06
1.02081e+06
845898
-3.80892e+06
-3.06137e+06
-1.16385e+06
-1.45602e+06
279489
359922
1.00383e+06
596003
-1.33742e+06
-943933
438082
-45851.6
800469
590979
-62401.5
144784
370893
250064
-186651
-19834.3
1.9093e+06
1.6029e+06
1.076e+06
992175
-734922
-577593
-119696
-210767
1.16313e+06
930248
346011
445279
735659
536989
-108829
108183
736241
539334
-98790.6
104211
376710
253497
-183661
-28314
1.8927e+06
1.59239e+06
1.0694e+06
988984
-793123
-625391
-147150
-243282
1.03677e+06
829733
305165
394385
719859
524187
-121365
93751.8
741023
543465
-113489
101367
384577
264424
-174688
-14338
1.85851e+06
1.56573e+06
1.05079e+06
976965
-830992
-657035
-176253
-262182
956267
765248
267137
358417
720549
524351
-134860
91000.4
721686
521796
-140690
81322.2
352787
236962
-194616
-30333.5
1.85254e+06
1.56007e+06
1.05659e+06
963813
-846615
-670851
-200728
-285623
935744
744061
251321
338276
753077
547146
-140257
91055.6
757329
555512
-134716
86882.2
347351
239009
-193708
-31780.2
1.85772e+06
1.56884e+06
1.06273e+06
972852
-841514
-667302
-211318
-287920
931996
744555
249793
333713
734208
533504
-152688
78193.3
788226
578118
-117300
95685.7
345258
235458
-183110
-34036.6
1.89646e+06
1.59989e+06
1.08807e+06
983780
-808495
-640947
-197285
-286243
918681
733471
249918
331478
758122
550909
-155598
82858.1
776908
568000
-113691
101917
337675
228422
-174986
-24263.7
1.93951e+06
1.63505e+06
1.11861e+06
1.01706e+06
-810363
-641624
-192706
-274514
885523
708520
258769
321827
762568
553101
-155087
74671.9
805552
596643
-102535
107692
467494
337161
-119716
24231.8
1.99286e+06
1.6835e+06
1.14457e+06
1.04215e+06
-831187
-657515
-196787
-283676
930316
750601
297459
356443
846672
624481
-106771
115958
866589
645632
-77503.1
134217
571548
420962
-61411.5
79040.4
2.03342e+06
1.71512e+06
1.16829e+06
1.06437e+06
-877929
-698503
-212136
-299521
935497
755069
317540
369337
877389
649631
-79522.6
143263
888946
662448
-67338.5
151693
617250
462051
-37804
113794
2.05817e+06
1.73837e+06
1.18199e+06
1.08606e+06
-915715
-727747
-234961
-315409
948379
766635
328491
386379
912829
681368
-62017.5
166487
917697
685609
-65196
163316
647364
485734
-41600.5
128428
2.05396e+06
1.73319e+06
1.1626e+06
1.08145e+06
-932816
-747559
-269532
-327593
973856
787673
336436
391637
877561
651667
-77045.6
154309
911309
680514
-52557.8
153266
625891
467487
-44215.4
107255
2.01804e+06
1.70273e+06
1.15743e+06
1.0551e+06
-1.0337e+06
-830877
-307920
-388101
928556
751295
334678
376585
838675
621681
-92092.2
132143
971318
725732
-23347.3
192023
587196
433379
-56019.1
95467.9
2.09567e+06
1.76455e+06
1.19869e+06
1.08253e+06
-993171
-794123
-277133
-365661
920473
748228
345503
385724
818177
603316
-94238.2
122622
938483
703438
-40613.4
173588
552310
403699
-75973.7
79299.2
2.09948e+06
1.76868e+06
1.20615e+06
1.10314e+06
-1.07161e+06
-856308
-302155
-382883
843578
685145
300382
360291
783063
576518
-106257
116819
984305
738398
-39359.7
189029
544042
397362
-86103.7
71765
2.10029e+06
1.77346e+06
1.21613e+06
1.10632e+06
-1.11336e+06
-889900
-310199
-405381
823909
665103
275777
330932
767826
564417
-121023
107133
971163
726182
-56190.9
172308
508203
368652
-109448
47623.6
2.11566e+06
1.78916e+06
1.23826e+06
1.11209e+06
-1.10604e+06
-882300
-303683
-411156
876630
707672
275881
341219
804494
594609
-117747
105742
1.00125e+06
752223
-63632.5
180609
486553
352826
-137603
41409.6
2.16224e+06
1.82532e+06
1.24304e+06
1.14115e+06
-1.06596e+06
-851301
-296569
-381621
962852
774744
287676
358920
807081
595902
-125779
109853
1.04385e+06
785403
-52409.3
189643
436634
310168
-169769
9328.86
2.19577e+06
1.85352e+06
1.26031e+06
1.14393e+06
-1.05617e+06
-840752
-289027
-389436
1.0188e+06
816995
291027
382125
831285
614592
-127426
109703
1.05686e+06
791646
-46010.7
199586
440465
308644
-156700
2596.5
2.33417e+06
1.96436e+06
1.32816e+06
1.19964e+06
-979909
-776293
-243755
-352146
1.07623e+06
862557
321195
403806
867068
640466
-90546.4
120497
986573
732883
-70268.7
167123
450629
313058
-139816
11455.1
2.40356e+06
2.02118e+06
1.36585e+06
1.2448e+06
-996950
-791310
-239146
-341749
1.03847e+06
827444
315386
393335
881886
653568
-63598.6
145321
976633
722790
-87971.2
155208
487557
346149
-115190
34872.4
2.4229e+06
2.04071e+06
1.3723e+06
1.26067e+06
-1.0374e+06
-823866
-247482
-358297
1.03885e+06
829759
310109
388250
881503
657285
-53859.6
154523
913962
675071
-120463
132814
437595
309091
-134186
24453.9
2.45985e+06
2.07324e+06
1.39431e+06
1.27701e+06
-1.07788e+06
-851835
-257969
-372684
1.0301e+06
822891
295189
387564
915517
688636
-34794.6
173665
918762
673660
-135608
121616
466591
330812
-127943
30741.5
2.50727e+06
2.1072e+06
1.408e+06
1.2983e+06
-1.1016e+06
-879012
-277967
-376468
1.06662e+06
846992
303528
383647
926625
695453
-27358.7
183363
957043
707219
-134355
130048
445396
316813
-145798
26083.8
2.56098e+06
2.15461e+06
1.42566e+06
1.31475e+06
-1.11011e+06
-880491
-282219
-395755
1.12217e+06
894829
312317
410285
917504
692799
-37055.9
176099
980966
718686
-135071
142111
405978
282805
-168508
-1984.85
2.61719e+06
2.199e+06
1.44342e+06
1.34236e+06
-1.05183e+06
-832373
-253023
-359205
1.15716e+06
924354
325003
420139
944216
707845
-34137.7
185812
944664
690954
-150750
123127
420611
295192
-160785
3186.22
2.6115e+06
2.19544e+06
1.43763e+06
1.34634e+06
-1.0982e+06
-869686
-267112
-368753
1.15168e+06
922900
323953
428615
959888
723297
-29090.4
199047
971428
710905
-160726
123221
457354
324822
-152043
16817.1
2.61812e+06
2.19844e+06
1.4238e+06
1.34223e+06
-1.13797e+06
-904521
-288035
-393356
1.18491e+06
948089
329317
429611
987306
745270
-25417.7
202228
955086
691707
-177000
108250
433246
301568
-164450
11776.9
2.63157e+06
2.20559e+06
1.43012e+06
1.33223e+06
-1.15269e+06
-917365
-296834
-409812
1.2439e+06
992405
351101
448965
1.00876e+06
758190
-23734
205515
938468
678313
-201301
92591.4
372530
253624
-200465
-23125.2
2.62329e+06
2.20048e+06
1.42038e+06
1.3318e+06
-1.16139e+06
-925656
-311426
-412365
1.32226e+06
1.05648e+06
372876
476017
972083
729063
-43815.9
187854
967543
700610
-195828
99411.4
350577
233641
-211338
-34834.9
2.64402e+06
2.21537e+06
1.42707e+06
1.33842e+06
-1.17275e+06
-935458
-319237
-424737
1.37792e+06
1.10134e+06
391582
503548
964926
722676
-58404.2
182749
1.04143e+06
759031
-164921
129886
383381
259703
-193853
-29475
2.78559e+06
2.32931e+06
1.48921e+06
1.38514e+06
-1.06263e+06
-842921
-267686
-377451
1.46274e+06
1.17472e+06
431790
543069
987112
738982
-60773
176191
1.01166e+06
735868
-184703
112136
434014
296593
-180734
-13173.4
2.90807e+06
2.43051e+06
1.54017e+06
1.4424e+06
-1.05915e+06
-841306
-261223
-373087
1.45969e+06
1.16953e+06
427269
547277
1.02427e+06
765474
-49001.8
182798
1.05289e+06
770370
-183570
115297
492828
348958
-155740
7110.67
3.00419e+06
2.51227e+06
1.57571e+06
1.48716e+06
-1.06396e+06
-843655
-263054
-371820
1.47824e+06
1.18601e+06
426361
545411
1.07613e+06
808928
-40066.1
201272
1.06582e+06
774168
-189160
127498
511282
360120
-155479
29583.2
3.11147e+06
2.59654e+06
1.61542e+06
1.54158e+06
-1.03303e+06
-821107
-257914
-356402
1.52211e+06
1.21862e+06
435318
568660
1.17736e+06
887805
-21595
240872
1.06213e+06
772522
-204117
114020
505107
358449
-168279
16768.3
3.16726e+06
2.64424e+06
1.63515e+06
1.55531e+06
-1.06446e+06
-848899
-275263
-372641
1.53621e+06
1.23029e+06
432928
560472
1.17071e+06
880983
-37541
232405
1.07076e+06
780684
-203901
118240
476692
335077
-182313
9731.91
3.22807e+06
2.69616e+06
1.66371e+06
1.59005e+06
-1.07177e+06
-849360
-271960
-379077
1.54615e+06
1.23818e+06
431269
569171
1.18666e+06
892850
-54568.1
230405
535505
461128
392806
329280
570786
479229
325814
297184
-9152.79
10718.3
139876
67826.4
-1.45031e+06
-1.15157e+06
-359173
-506525
536074
447970
282053
273450
1.40677e+06
1.21754e+06
1.0252e+06
848564
517626
449817
382196
318825
601994
505239
344472
307037
-30937.3
-5515.43
126658
61646.3
-1.45951e+06
-1.15639e+06
-349699
-501873
490473
411127
262487
255449
1.40203e+06
1.21652e+06
1.0403e+06
859732
548725
473005
391188
328845
601529
505360
351659
314572
-112308
-73959.8
91371.6
30112.8
-1.52169e+06
-1.20886e+06
-359591
-519396
444381
371433
238272
227256
1.35079e+06
1.17596e+06
1.03415e+06
851870
554922
480777
395964
331910
614105
517742
358094
323318
-174163
-119568
70277.2
-977.929
-1.50307e+06
-1.18792e+06
-345856
-516223
454558
380932
233594
229543
1.34129e+06
1.17241e+06
1.04579e+06
848496
606460
524549
420453
355638
622248
528745
364436
327419
-198849
-140260
56621.6
-10661
-1.42625e+06
-1.12634e+06
-312208
-472296
495427
414765
254166
236553
1.31071e+06
1.15023e+06
1.05404e+06
848814
599365
518398
421689
358923
597429
508048
355890
325173
-243030
-177562
33842.8
-30448.7
-1.46269e+06
-1.15389e+06
-322574
-486494
503830
420290
249581
252089
1.26036e+06
1.11132e+06
1.03691e+06
835408
624124
534774
432136
360807
555688
471379
344135
303014
-209202
-149644
57409.3
-23577.8
-1.4513e+06
-1.14498e+06
-316207
-481021
520678
433734
262561
250449
1.28463e+06
1.12823e+06
1.0495e+06
840610
630490
545285
438891
363466
600778
508262
361904
322328
-221790
-157623
68327.7
-13096.3
-1.53954e+06
-1.21747e+06
-340982
-508181
481497
403254
255052
244301
1.28382e+06
1.12943e+06
1.06643e+06
853822
732425
626548
477612
402203
660648
557826
393260
350073
-201081
-137341
90666.6
738.927
-1.61536e+06
-1.27957e+06
-370917
-546809
495492
414075
260050
240645
1.29125e+06
1.13881e+06
1.08306e+06
858325
727737
621703
472711
412368
629689
533620
379328
349675
-174176
-114797
119852
21201.9
-1.68435e+06
-1.33573e+06
-406790
-575618
515107
428119
253884
252680
1.3304e+06
1.17012e+06
1.10529e+06
882860
747211
637192
472757
410770
636625
537785
371547
340450
-179148
-117899
120318
25857.5
-1.72607e+06
-1.37354e+06
-442303
-597201
570830
471522
265196
260810
1.31214e+06
1.1575e+06
1.10764e+06
880721
763477
653519
478172
422930
617204
523626
355436
341447
-186913
-120028
122803
27170.6
-1.79381e+06
-1.42736e+06
-479883
-635118
569702
472448
253358
268372
1.30983e+06
1.1596e+06
1.1058e+06
885352
791117
668925
479155
431010
591686
500289
337113
308684
-134828
-77914
149692
42686.6
-1.77736e+06
-1.4132e+06
-472317
-641180
586475
485323
266433
267090
1.3299e+06
1.17673e+06
1.12041e+06
887577
835111
710441
488639
438032
665276
562478
365745
338295
-56985
-11739.4
178290
80734.6
-1.74826e+06
-1.39118e+06
-464170
-627876
574746
480514
267219
273906
1.41534e+06
1.24997e+06
1.16657e+06
929450
894382
755961
505968
463381
703126
592106
394479
359641
-463.155
32148.6
204903
108035
-1.73697e+06
-1.38334e+06
-459969
-625865
559572
466086
264729
265706
1.49229e+06
1.31342e+06
1.20787e+06
966528
943997
792443
527921
477960
725102
610930
407829
376795
54928.8
78882.7
227891
135654
-1.69135e+06
-1.3487e+06
-451374
-614501
602191
499256
286168
281343
1.6064e+06
1.40627e+06
1.25913e+06
1.01871e+06
989353
830775
538081
505325
718394
606705
394103
383397
71561.3
91580.2
218507
144084
-1.63412e+06
-1.30538e+06
-449212
-586964
657809
547414
310313
308092
1.6434e+06
1.43784e+06
1.27769e+06
1.04691e+06
1.00062e+06
839636
551345
504050
651296
550272
375327
345137
6052.13
36893.3
198995
112735
-1.65548e+06
-1.32048e+06
-455753
-607828
640767
532619
312942
308277
1.66114e+06
1.45377e+06
1.28578e+06
1.05103e+06
1.04108e+06
869875
568363
521968
660330
555676
382322
341006
53819.3
70553.7
208716
124225
-1.60499e+06
-1.27878e+06
-437081
-585100
694785
577858
355953
324234
1.72159e+06
1.49972e+06
1.30515e+06
1.06954e+06
1.07792e+06
902188
584278
537632
786566
656478
426827
387362
78965.4
90858.3
209657
136206
-1.60211e+06
-1.27715e+06
-434099
-575642
795024
662083
405680
381511
1.77042e+06
1.53869e+06
1.33241e+06
1.09587e+06
1.13985e+06
953097
599321
558348
937928
781207
481844
449412
91811.5
99492
199774
135477
-1.63736e+06
-1.30757e+06
-446485
-593670
901691
751023
452835
422438
1.81336e+06
1.57758e+06
1.3531e+06
1.11552e+06
1.13241e+06
944978
596833
566897
972178
808120
488416
483025
72855.3
83971.1
191143
127308
-1.69953e+06
-1.35657e+06
-466253
-611409
975357
812417
485294
470085
1.85031e+06
1.60871e+06
1.36835e+06
1.1442e+06
1.16487e+06
973967
608865
570171
1.00814e+06
842085
504041
481856
67008.3
81665.2
186336
115410
-1.73939e+06
-1.39046e+06
-483567
-631031
1.07524e+06
894948
534503
503094
1.82445e+06
1.58912e+06
1.36851e+06
1.1334e+06
1.20097e+06
1.00381e+06
632516
597381
1.02091e+06
850454
521078
506701
85093.2
95639
198166
131739
-1.773e+06
-1.41558e+06
-492378
-641656
1.16099e+06
966346
579499
557587
1.80155e+06
1.57117e+06
1.36101e+06
1.13361e+06
1.21773e+06
1.01508e+06
647840
606397
1.00208e+06
833391
518726
485333
62168.8
75340.1
185709
114572
-1.76009e+06
-1.40151e+06
-477191
-638509
1.19617e+06
998213
601641
582983
1.7963e+06
1.56452e+06
1.37128e+06
1.11626e+06
1.23431e+06
1.03193e+06
667347
618867
1.09744e+06
910882
577069
529100
64724.3
75492.8
180966
114790
-1.74163e+06
-1.38984e+06
-449640
-624331
1.17146e+06
974232
597677
574820
1.88054e+06
1.63246e+06
1.42479e+06
1.1573e+06
1.24029e+06
1.03666e+06
669855
621367
1.16974e+06
973605
614213
567492
47346.5
58276.9
154212
97116.2
-1.74506e+06
-1.39053e+06
-445077
-620989
1.18492e+06
986036
592468
570876
1.9558e+06
1.69887e+06
1.45895e+06
1.19937e+06
1.2027e+06
1.00991e+06
664859
621258
1.18907e+06
992277
628419
602029
2532.86
24971.5
130386
83819
-1.72984e+06
-1.37416e+06
-437608
-605060
1.18166e+06
986064
583738
583420
2.01248e+06
1.74734e+06
1.48761e+06
1.2361e+06
1.10271e+06
928735
631213
578599
1.11405e+06
934047
598599
562755
-100110
-59947.1
81602.2
29069.2
-1.73823e+06
-1.38455e+06
-449052
-611534
1.13224e+06
943260
554273
543445
1.98464e+06
1.72438e+06
1.48196e+06
1.22309e+06
1.04491e+06
883917
606304
560127
1.07369e+06
901283
581177
554041
-154099
-105675
43635.6
3826.15
-1.7722e+06
-1.40908e+06
-470288
-627582
1.08886e+06
906765
520277
532752
1.99184e+06
1.732e+06
1.47459e+06
1.22986e+06
1.05657e+06
887804
622737
551028
1.03198e+06
866534
584639
521882
-128227
-87211.7
60124.6
-3256.93
-1.73669e+06
-1.38041e+06
-448154
-626929
1.08011e+06
897908
525957
509212
2.01604e+06
1.75032e+06
1.48604e+06
1.22772e+06
1.02663e+06
867157
617671
547858
1.10041e+06
921458
624867
559010
-122291
-83905.3
66309.6
9363.51
-1.74005e+06
-1.38576e+06
-439849
-616190
1.04431e+06
867393
519624
505904
2.03847e+06
1.76752e+06
1.50412e+06
1.24515e+06
1.06795e+06
902652
626720
562916
1.17719e+06
989597
667271
601677
-107831
-69697.4
74293.6
18194.6
-1.75112e+06
-1.39367e+06
-436207
-617176
1.0576e+06
880159
526108
505562
2.06183e+06
1.79079e+06
1.51865e+06
1.26048e+06
1.04439e+06
883874
619537
558365
1.17051e+06
986533
664703
613572
-128611
-83073.7
71929.7
16978.3
-1.78488e+06
-1.41857e+06
-450495
-628953
1.06989e+06
892033
521182
517829
2.09675e+06
1.82062e+06
1.53182e+06
1.27797e+06
1.04166e+06
880936
605068
559299
1.15303e+06
972695
646856
608825
-146507
-101463
44075.4
6559.12
-1.8034e+06
-1.44051e+06
-480492
-633917
1.1159e+06
924314
525955
523875
2.08744e+06
1.80903e+06
1.51707e+06
1.28146e+06
1.01076e+06
857380
597394
539149
1.07318e+06
909944
617725
573333
-172275
-121716
32130.2
-11250.8
-1.87167e+06
-1.49149e+06
-507894
-676341
1.12485e+06
933651
523049
530645
2.05742e+06
1.78686e+06
1.49882e+06
1.25779e+06
-1.34729e+06
-1.07093e+06
-339073
-468011
-111656
-79451.9
56774.3
9292.8
236601
176383
-7896.26
46775.8
1.06106e+06
828559
162101
329851
-194582
-165166
-123276
-94581.2
-518427
-411658
-114196
-166319
-1.41237e+06
-1.12399e+06
-353620
-497894
-184223
-136775
44494.7
-14705.7
211436
156457
-12964.8
36659.2
970696
753481
123988
287936
-317126
-265845
-157934
-146087
-612688
-488872
-126422
-206506
-1.47912e+06
-1.17503e+06
-379552
-517003
-230074
-170870
32561.6
-30902.7
200757
149642
-23554.4
32325.4
908480
703181
101946
249825
-420022
-346873
-203206
-194864
-676240
-533391
-149463
-225655
-1.50874e+06
-1.20104e+06
-394584
-531833
-188653
-133997
54738.6
-6771.25
152280
108835
-33715.6
14795.5
880388
680482
91786
242533
-444382
-369847
-225385
-210183
-652956
-516901
-147856
-212689
-1.5867e+06
-1.26303e+06
-414782
-564613
-218237
-159087
64163.6
-20639.7
52975.7
29786.9
-57842.7
-22958.3
884003
681632
108880
240689
-509047
-422085
-237070
-237251
-713107
-565714
-148305
-239535
-1.54847e+06
-1.23173e+06
-399785
-544466
-112245
-69053.2
119705
34114.4
10301.8
-1371.79
-69413.1
-32118.9
900022
701873
124135
265142
-516739
-427107
-230132
-228709
-614948
-484282
-102331
-188726
-1.5803e+06
-1.25478e+06
-408448
-555470
-100548
-56089.8
123715
46954.7
24596.7
9666.15
-57661
-34115.8
910802
708332
115460
265642
-559789
-460080
-241581
-244753
-676379
-529578
-126240
-212242
-1.54439e+06
-1.22384e+06
-387649
-541326
-50417.4
-15863.2
135765
61934.8
161904
123844
-11626.2
24133.6
957469
747048
121003
280825
-540589
-442491
-223077
-233885
-659168
-515738
-118317
-211788
-1.58732e+06
-1.26022e+06
-406236
-546473
-22382.8
4939.85
138094
70869.8
237746
181622
4251.13
59341.1
989164
768588
129598
283520
-560841
-459317
-228120
-241659
-648637
-507590
-120287
-203748
-1.68766e+06
-1.34487e+06
-443219
-593363
-47470.9
-14760.1
116007
60522
224336
168127
-9492.2
44729.5
958297
741597
115794
271437
-642619
-526634
-254629
-270709
-704019
-555357
-152768
-226220
-1.68566e+06
-1.34114e+06
-446978
-603757
45682.6
56827.3
137697
72563.3
280306
213579
3580.08
55797.8
1.0526e+06
816894
146538
294478
-620004
-508138
-246327
-276062
-687319
-542511
-150551
-238224
-1.72482e+06
-1.37471e+06
-473472
-614647
122088
117044
155653
103622
295886
226495
-3258.35
63186.4
1.08596e+06
847441
150426
315243
-592319
-485577
-233623
-253611
-663671
-526770
-157210
-230816
-1.7319e+06
-1.38202e+06
-477889
-627104
156312
144113
171816
129577
294299
221634
-2534.27
62579
1.0686e+06
831729
135287
312559
-661897
-541775
-260502
-274240
-700869
-555338
-170436
-236444
-1.6744e+06
-1.33504e+06
-434020
-609717
154312
142806
178993
124295
377427
291032
36568
91520.8
1.04685e+06
811563
120761
293017
-688814
-567480
-264232
-295731
-711721
-565509
-149577
-249916
-1.70952e+06
-1.35871e+06
-441003
-594024
101764
98829.5
162722
109435
367527
284656
25548.5
102209
1.00561e+06
775040
108143
267392
-768775
-630550
-304178
-329549
-756456
-594071
-157655
-246221
-1.67991e+06
-1.33554e+06
-421883
-594376
148084
144129
188514
133208
362823
281401
38755.8
88322.6
1.01438e+06
784934
112004
271490
-792159
-653041
-319427
-350838
-730780
-574271
-147871
-238691
-1.60388e+06
-1.26926e+06
-385687
-553490
247222
222503
228284
165643
416394
328200
75241.1
121692
1.16719e+06
907765
178270
328463
-725687
-597148
-302541
-329559
-665815
-520214
-104935
-208583
-1.57619e+06
-1.24918e+06
-356547
-533859
309297
274285
272048
206067
390628
308768
82686.9
125453
1.20603e+06
944404
217119
370308
-689466
-569604
-273485
-305182
-601167
-467873
-66064.3
-170789
-1.66289e+06
-1.31855e+06
-379096
-562585
263443
238421
264947
208625
365873
288097
72900.6
121882
1.20176e+06
942660
210808
384542
-706632
-578770
-275296
-299485
-661925
-512472
-67672.2
-170816
-1.69285e+06
-1.34099e+06
-369725
-571925
210304
196298
255021
188554
392849
307742
75909.3
124456
1.16255e+06
908632
189580
365172
-679230
-555726
-242815
-281393
-742420
-577252
-73098.6
-199980
-1.73737e+06
-1.37097e+06
-374274
-572192
171707
169236
242823
172958
428657
338966
66601
136916
1.13685e+06
889470
182699
338850
-672712
-546089
-236577
-279114
-790981
-607198
-80240.4
-214389
-1.76142e+06
-1.39651e+06
-379372
-587726
157412
153786
239255
162934
454392
349225
57422.7
126419
1.17007e+06
911906
192735
351285
-587502
-480964
-202722
-245904
-811635
-631118
-89883.2
-216459
-1.79102e+06
-1.41297e+06
-377956
-586304
177640
172009
256192
174555
437401
336494
42107.5
115929
1.23802e+06
967770
223866
381259
-555468
-452059
-175081
-218967
-841502
-649605
-78768.2
-221684
-1.78267e+06
-1.40934e+06
-383061
-588766
217649
204900
267522
191709
454905
348979
22999.4
113146
1.25573e+06
983887
217645
390561
-483024
-392683
-148326
-185763
-849245
-657629
-85151.9
-221825
-1.80955e+06
-1.4303e+06
-389883
-601423
187226
178235
259127
186207
449051
341201
21160.9
108676
1.27874e+06
1.00218e+06
216742
403192
-505258
-405581
-147429
-185690
-912935
-708319
-103323
-243807
-1.79487e+06
-1.4168e+06
-375082
-589796
120901
125014
231489
160962
486007
372408
29715.5
124334
1.26948e+06
993960
203064
396256
-489551
-391476
-131902
-173023
-943914
-733263
-105809
-255901
-1.8116e+06
-1.42793e+06
-377868
-589940
64980.3
80663.9
208166
132826
499928
382693
24180.2
124579
1.26289e+06
987161
200813
380332
-500118
-397167
-136018
-180568
-980512
-758849
-121509
-272443
-1.86676e+06
-1.47604e+06
-402617
-617166
14799
38835
182139
112330
460725
348904
3824.03
103217
1.24371e+06
969199
189739
372782
-486815
-391472
-134239
-180787
-1.02398e+06
-798421
-150299
-291829
-1.87925e+06
-1.48196e+06
-398785
-616962
-1321.58
24389.5
172902
94499.2
434474
329582
-4142.94
97028.5
1.30256e+06
1.01611e+06
209930
392183
-461157
-368529
-117940
-164520
-1.01091e+06
-785789
-130753
-288425
-1.84907e+06
-1.46065e+06
-395882
-609998
20163.1
41012.2
180180
102380
405140
304140
-26630.3
76400.8
1.32304e+06
1.03459e+06
210449
403134
-420545
-335799
-101784
-144120
-963922
-750051
-119403
-269040
-1.8991e+06
-1.49934e+06
-415304
-629162
-10291.2
16514.5
168500
91365.3
415398
310866
-10646.2
83688.9
1.30973e+06
1.02503e+06
200600
401682
-471830
-375084
-105789
-157958
-1.03079e+06
-800675
-147495
-291819
-1.912e+06
-1.50844e+06
-407916
-633121
-41779.4
-7580.18
167052
82636.7
467294
357476
15097.4
111399
1.27953e+06
999960
189249
385300
-464733
-366213
-83956.9
-147124
-1.03846e+06
-806890
-140574
-297201
-1.96758e+06
-1.55293e+06
-424787
-645333
-77875.1
-35655.9
158991
69171.3
497570
380221
26988.1
123663
1.25311e+06
975544
187651
369477
-492735
-390463
-91346.2
-160278
-1.06626e+06
-828079
-155290
-306960
-1.98131e+06
-1.56674e+06
-435633
-664981
-23351.5
9167.64
179706
90902.1
552550
426296
62189.3
143789
1.26738e+06
987362
191568
374489
-466807
-370589
-86836.2
-157360
-1.02166e+06
-794175
-155185
-301655
-1.95667e+06
-1.54441e+06
-418510
-651474
45667.1
64891.2
220264
108425
625757
488043
113252
183161
1.38237e+06
1.07953e+06
241974
411002
-367193
-287657
-35317.2
-121049
-932272
-722059
-106786
-269102
-1.93839e+06
-1.52921e+06
-415353
-638811
166164
166536
270849
178488
628151
495033
127824
203280
1.45629e+06
1.14581e+06
280962
463540
-262144
-199124
21148.9
-55642.2
-839591
-646310
-85178.8
-222831
-315935
-283432
-294794
-230278
179348
148355
92030.7
86103.7
812030
614030
-4901.66
164152
-181961
-173735
-248414
-157018
-577104
-484454
-316188
-290122
541951
424962
83822.6
166406
-231328
-212850
-268408
-193701
231606
194015
106167
109199
926208
708539
13169.9
208518
-257144
-235855
-306349
-201933
-611013
-509793
-332858
-302570
570318
447463
90896.5
171584
-210533
-200487
-263404
-184043
287629
234851
125507
126815
991994
752181
19420
220542
-336935
-308882
-351582
-259241
-675908
-566521
-357689
-338534
577169
453178
84326
173718
-240315
-222577
-287009
-194550
328252
272317
134459
153342
976354
741348
-1586.75
214910
-463017
-411920
-419066
-313503
-753731
-628473
-387765
-365735
555934
433021
62491.3
162833
-222055
-208693
-292802
-203021
375602
305778
143582
151906
949245
718077
-22836.7
189519
-510123
-453685
-447126
-354181
-804455
-670344
-405620
-396273
578581
450025
77092.3
157338
-224136
-214904
-299591
-206894
448572
366821
176200
182577
893313
671746
-56616.6
165004
-613503
-534643
-488777
-390628
-857719
-712001
-418503
-407488
604940
471256
85793.3
175387
-243335
-229459
-321758
-207364
422778
342721
164069
184714
949067
712655
-27977.4
190734
-629213
-549971
-503535
-394939
-904124
-749359
-435950
-415221
529479
407178
43066.3
151684
-332286
-303830
-356284
-258390
343385
277787
135879
148673
957032
720028
-24785.5
193076
-665904
-583952
-522369
-423540
-956351
-792085
-455639
-445424
414710
308149
-8492.35
82999.5
-420738
-374455
-388649
-293997
290546
234947
117682
117684
984924
744269
-12452.9
202239
-676435
-590035
-524385
-434247
-986475
-817763
-470320
-468170
318957
233221
-60736.2
36138.8
-483569
-425609
-403288
-317989
269084
219090
109701
117224
1.00992e+06
765744
11884.3
219029
-684691
-599443
-519609
-430967
-1.01114e+06
-837909
-482901
-475857
236158
160740
-107679
-2213.95
-515348
-452246
-415597
-339529
247278
199867
107784
89196.6
1.05094e+06
799772
33777.8
235061
-626502
-552906
-493682
-422730
-1.02068e+06
-849488
-491611
-499217
189748
119739
-136404
-44983.3
-563568
-486459
-428773
-346387
305363
250034
134185
131380
1.05549e+06
807954
55073
251907
-586976
-513778
-468129
-381361
-1.00592e+06
-832440
-481864
-474955
164103
97614
-161371
-53130.6
-593883
-515675
-434154
-362763
296315
244893
136925
139832
1.0202e+06
780514
50461.3
251706
-601674
-524673
-467116
-379035
-1.01137e+06
-838110
-481763
-477306
132410
75285.7
-172831
-62441.8
-525667
-459251
-400589
-337905
275574
229125
127991
132216
1.08033e+06
830328
67827.8
269058
-598100
-524331
-466438
-379178
-966715
-802863
-466128
-458400
150004
87886.3
-159141
-61153.4
-514363
-448543
-391659
-319896
251736
207479
118443
118383
1.10157e+06
846972
64259.7
280146
-604424
-528767
-455615
-386386
-971873
-805982
-476204
-466004
123810
70942.6
-171795
-64467.6
-473507
-415260
-380711
-307462
265132
222676
128884
127008
1.08053e+06
829342
60205.2
261497
-586264
-510441
-432532
-370991
-927829
-774109
-460492
-460440
110174
56258.8
-176443
-77184.2
-429516
-377097
-369698
-284503
282514
235807
124787
129258
1.07211e+06
824549
60225.7
268660
-486537
-429531
-385247
-324351
-877914
-732951
-453100
-434615
134254
77906.9
-164491
-62818
-426933
-380393
-371974
-291696
327265
270697
147332
145320
1.01579e+06
776051
39496.9
238965
-472311
-413245
-361256
-304939
-841682
-704254
-438669
-421477
144321
82532.1
-166140
-62941.7
-441961
-391151
-367797
-302246
285299
233555
144334
140308
1.02128e+06
777943
46059.5
243336
-451558
-393211
-354484
-288229
-851238
-708857
-437669
-424678
123298
68734.3
-151481
-66422.8
-406657
-362911
-344983
-285871
208916
173977
125639
111057
1.03493e+06
787235
45240.7
242608
-435463
-383583
-356048
-286189
-804804
-672874
-419362
-404661
133836
76776.2
-127690
-55872.7
-418305
-368575
-347450
-276020
118232
103269
89680.2
81957.2
1.02615e+06
780336
22719.3
240138
-434098
-383202
-365233
-295897
-809724
-675645
-436706
-412187
99693.6
57034.5
-128903
-56663.3
-416622
-367630
-341890
-278821
103926
94552.9
97811.3
70101.9
1.02497e+06
778015
25199.2
228133
-358401
-318972
-335905
-272291
-754127
-631859
-415987
-402560
141140
91673.6
-104978
-37257.5
-450694
-392565
-338497
-276207
54298
55002.3
95299.6
66808.9
979436
742347
21585.1
220774
-277567
-256426
-291081
-223689
-725229
-607924
-395495
-372273
170732
118613
-59023.6
-3568.06
-474165
-413817
-346733
-289904
1010.46
12591.5
90480.7
45716.6
932668
704728
3833.93
201962
-274454
-250729
-285439
-218993
-719251
-604472
-388359
-368529
179662
128063
-44612.1
8244.16
-457289
-403105
-352486
-291168
-16218.2
-3203.19
68895.5
39347
987144
748482
20898.5
227046
-233534
-216934
-280755
-189635
-737985
-620823
-398554
-370617
163558
113619
-66759.4
12749.1
-441139
-389061
-350547
-293809
-50679.1
-31608.4
49107.2
19640.6
1.03989e+06
790601
27656.4
240535
-258303
-239299
-300757
-207486
-781629
-655574
-410898
-386827
146044
96571.7
-83570.1
-14357.8
-436619
-385522
-353101
-287223
-33369.8
-17625.3
51901.6
16279
1.07749e+06
819639
28944.7
250761
-281465
-257056
-310976
-228434
-800818
-668453
-418425
-403473
94434.8
56238.3
-118162
-36903.9
-450510
-398846
-366631
-294836
82124.1
79207.3
96076
66529.6
1.1102e+06
847265
46168.4
263628
-246495
-227746
-288774
-216534
-773862
-648621
-397740
-391935
101567
59485.4
-125886
-41573.6
-448552
-395795
-372166
-295673
158642
139625
131473
92296.5
1.13431e+06
868694
65147.2
280313
-152014
-151685
-244151
-167252
-769188
-642319
-384834
-376333
131899
83795
-105517
-31590
-392777
-353896
-351320
-274953
326274
278239
205240
176237
1.17701e+06
904538
86481.3
302314
-72086.7
-81217.6
-199414
-123603
-754586
-628453
-367478
-354899
214555
151045
-75623.7
7721.61
-372358
-336148
-347448
-268520
361368
304188
209762
195595
1.21434e+06
930784
92037
311809
-56897.3
-72458.6
-213034
-121223
-843467
-699263
-404295
-399138
232613
166736
-74704.4
14335.2
-328057
-298087
-330903
-256369
396570
334735
223828
206858
1.27597e+06
980730
96370.2
326738
-56935.5
-73233.6
-234141
-126337
-867039
-716849
-410280
-406593
254473
183312
-64090.7
13191.8
-305935
-281083
-326176
-239779
463177
387237
246188
228053
1.30836e+06
1.00386e+06
86686.3
332427
-105569
-116284
-260850
-164785
-915422
-756611
-436129
-435323
252980
185326
-66075.6
19719.1
-278966
-257909
-315030
-227175
601897
507329
305056
291298
1.32068e+06
1.01357e+06
88240.6
329276
-104431
-114802
-264522
-174911
-908183
-751047
-429351
-439307
334350
251293
-33904.4
49134
-250904
-235355
-307733
-215884
733073
610049
365675
340956
1.32574e+06
1.01664e+06
87549.7
329947
-22493.1
-52142.8
-228282
-139553
-880361
-728285
-406240
-417042
407838
310451
12722.3
84720.6
-222744
-214810
-298495
-205629
884267
733338
433932
418632
1.30211e+06
997729
68242.9
323430
-36478.9
-58607.1
-232063
-132970
-899516
-741730
-399290
-410087
493418
381582
56801.2
131328
-1.91534e+06
-1.57909e+06
-880237
-882398
527350
423107
161826
199811
71771.3
38024
-102362
-43413.5
-204138
-217604
-437325
-265295
-224492
-239069
-463939
-289785
1.20162e+06
948785
252284
396780
-1.95082e+06
-1.60856e+06
-879944
-897797
543728
436324
180734
211736
113536
71839.9
-88906.7
-33003.5
-236772
-246876
-450202
-288097
-287547
-289190
-470992
-312531
1.22714e+06
967983
285917
409612
-1.99008e+06
-1.63628e+06
-888224
-897663
570602
459964
187914
230125
122155
78887.7
-102479
-20248.7
-257588
-263510
-460380
-298676
-329550
-322560
-488264
-335350
1.22903e+06
974513
293103
425680
-2.02222e+06
-1.66527e+06
-892521
-914807
635678
511753
214734
255879
84615.2
43537.3
-115290
-48663.1
-313516
-313453
-481590
-322267
-362426
-353048
-504299
-344058
1.26584e+06
1.00223e+06
309550
441936
-2.05386e+06
-1.68806e+06
-894025
-927590
653239
524777
233453
253218
11786.8
-16412.7
-137501
-80386.7
-289164
-295820
-467716
-327933
-394413
-378020
-503722
-367083
1.29514e+06
1.0277e+06
341940
453944
-2.00328e+06
-1.64477e+06
-882357
-901410
815363
660344
294804
323997
-7642.41
-27454.1
-155256
-91424
-244839
-251825
-454487
-297958
-338720
-329799
-483444
-331610
1.45372e+06
1.15896e+06
397118
524875
-2.0374e+06
-1.67763e+06
-893253
-925129
820856
664222
302123
332568
-3256.23
-28086.3
-153166
-86455.8
-229676
-240242
-445477
-290902
-401287
-375555
-494665
-351342
1.42719e+06
1.13888e+06
394100
514054
-2.05228e+06
-1.68733e+06
-893877
-924568
814294
660763
306664
339213
-35399.2
-53742.2
-173757
-99716.9
-240020
-246719
-449180
-284915
-429108
-394647
-493952
-350771
1.37514e+06
1.09683e+06
385807
503386
-2.05954e+06
-1.69311e+06
-897628
-927250
807281
655895
298364
333923
-31652.2
-51265.2
-187802
-105022
-233321
-241766
-442424
-290557
-474319
-431955
-514704
-373912
1.33162e+06
1.06521e+06
372147
483998
-2.0984e+06
-1.72516e+06
-919276
-938466
785503
637354
277050
325671
-53339.9
-72229.5
-203368
-120268
-256263
-262173
-450658
-290708
-508080
-462575
-536840
-389836
1.30623e+06
1.04182e+06
354303
474744
-2.18614e+06
-1.79602e+06
-949906
-980363
752049
609525
274675
301494
-144915
-148095
-235495
-159704
-264890
-269609
-440759
-303893
-570697
-511974
-549294
-419880
1.26074e+06
1.00668e+06
355866
456853
-2.1774e+06
-1.79079e+06
-960416
-984561
803469
648384
284239
318280
-183459
-176795
-264104
-178935
-234728
-240812
-436570
-281733
-565404
-506701
-543957
-413513
1.27608e+06
1.01854e+06
351042
463201
-2.19393e+06
-1.80613e+06
-963304
-997132
800717
649224
290644
329204
-129321
-136037
-237946
-166943
-207976
-221763
-437257
-274740
-629951
-563688
-564563
-437782
1.28881e+06
1.03134e+06
370078
470680
-2.197e+06
-1.80531e+06
-952978
-990859
791553
644502
297734
332682
-35190.6
-57405.8
-198337
-121120
-171702
-194421
-431555
-266912
-624621
-557339
-557988
-430106
1.33449e+06
1.06843e+06
400758
492426
-2.20561e+06
-1.81101e+06
-946849
-983083
756197
617953
286876
319664
20716.8
-11239.5
-186714
-91341.9
-158202
-181882
-430575
-263735
-640936
-570550
-574428
-445588
1.36123e+06
1.09413e+06
415907
513951
-2.20677e+06
-1.81525e+06
-949379
-984458
787999
642158
292943
331317
49141.1
8525.59
-179234
-88503.6
-129597
-165163
-431396
-262524
-623696
-563095
-581182
-448801
1.43465e+06
1.15122e+06
437568
545946
-2.1999e+06
-1.80657e+06
-947706
-981888
856644
698006
324370
349855
85217.7
40537.7
-164865
-73864.4
-18460.4
-75732.6
-394850
-228359
-571671
-518261
-556735
-434863
1.50771e+06
1.21393e+06
479568
573082
-2.16668e+06
-1.7802e+06
-938740
-971459
968411
788261
370509
399237
130097
75834.4
-146754
-56915
58173
-9830.91
-367589
-191633
-501586
-460073
-531029
-394160
1.62607e+06
1.30794e+06
529390
627101
-2.18155e+06
-1.79041e+06
-940796
-967345
953089
775997
368787
409222
91060.5
44042.9
-159265
-64331.2
57755.1
-10511.1
-374069
-177357
-529703
-482196
-539775
-395926
1.63565e+06
1.32064e+06
539696
650460
-2.21753e+06
-1.82266e+06
-949538
-992396
923716
750743
357764
387747
40909
-77.0746
-192197
-94613
37898.1
-30454.4
-397864
-203605
-539110
-491996
-544703
-411135
1.59585e+06
1.28421e+06
524328
620707
-2.2647e+06
-1.85869e+06
-976812
-1.00039e+06
927930
754565
345181
384722
-994.192
-36149.4
-237065
-120480
40610.6
-32139.4
-413140
-216184
-556480
-506931
-567805
-424522
1.57196e+06
1.26767e+06
503857
614786
-2.31465e+06
-1.9034e+06
-992352
-1.03318e+06
917045
744910
338059
380413
-81441.7
-106844
-281040
-172028
48758.5
-27345.2
-418682
-219593
-557925
-509728
-574556
-432677
1.55642e+06
1.25154e+06
489411
598410
-2.33833e+06
-1.92147e+06
-994860
-1.04156e+06
921446
745987
342083
370740
-149147
-163356
-304351
-207287
116158
23826.7
-392462
-202084
-536490
-494516
-564775
-432921
1.59747e+06
1.28501e+06
517865
611936
-2.40694e+06
-1.97431e+06
-1.02692e+06
-1.06589e+06
899853
730339
323698
365079
-250044
-242605
-357390
-245787
85161.1
3468.36
-413753
-208327
-532477
-490786
-569619
-426619
1.59033e+06
1.28146e+06
506030
613731
-2.45088e+06
-2.01356e+06
-1.04844e+06
-1.09295e+06
859136
693870
308569
351739
-256933
-248584
-343853
-246693
120065
28874.7
-402702
-184937
-532038
-489664
-569968
-413808
1.54362e+06
1.23818e+06
481701
588082
-2.45416e+06
-2.01527e+06
-1.03897e+06
-1.09192e+06
818692
662946
301804
338396
-196942
-194372
-299298
-211052
125830
34387.3
-397894
-183081
-524927
-482872
-555782
-412933
1.52906e+06
1.22748e+06
482017
582232
-2.54214e+06
-2.08584e+06
-1.0714e+06
-1.1187e+06
754752
610735
269133
315966
-177964
-176172
-277014
-185023
153284
54538.4
-380523
-177004
-541846
-495543
-569441
-418686
1.49672e+06
1.20189e+06
462016
571738
-2.58354e+06
-2.12067e+06
-1.09228e+06
-1.14976e+06
716472
579895
238719
285265
-210739
-202332
-276392
-198419
202187
97537.6
-364210
-154287
-543857
-501184
-587366
-433656
1.49815e+06
1.20247e+06
444025
559513
-2.56679e+06
-2.1048e+06
-1.08111e+06
-1.13876e+06
744816
602616
250242
289306
-173538
-168186
-240575
-171661
336914
206571
-305691
-104634
-464862
-435748
-562938
-409999
1.52738e+06
1.22557e+06
451022
566281
-2.60961e+06
-2.14191e+06
-1.09934e+06
-1.15775e+06
756438
609759
254544
293606
-206651
-192889
-234509
-179357
372752
237694
-281803
-80002.1
-441112
-420972
-551893
-394977
1.54452e+06
1.23386e+06
439543
562967
-2.61017e+06
-2.14275e+06
-1.10717e+06
-1.15799e+06
737145
593071
249617
292568
-167533
-160443
-209773
-157877
399691
258677
-284961
-62689.3
-473597
-446223
-575717
-404105
1.50043e+06
1.19612e+06
411999
548346
-2.60654e+06
-2.13734e+06
-1.10668e+06
-1.15564e+06
716052
578030
242536
284300
-76662.4
-85004.8
-182238
-117377
402435
260466
-300061
-66562.8
-519124
-481188
-602552
-421940
1.43955e+06
1.14553e+06
380264
514187
-2.63643e+06
-2.16495e+06
-1.12314e+06
-1.16543e+06
693179
559551
233402
272107
-19792.6
-40447.9
-175471
-91555.5
399016
255563
-311217
-79131.6
-572260
-529747
-640487
-465540
1.39575e+06
1.1086e+06
348424
490997
-2.68075e+06
-2.20054e+06
-1.14005e+06
-1.18163e+06
674602
545218
229273
272649
-38852.7
-58107.9
-180073
-104331
372332
231311
-323404
-93991.5
-646412
-593148
-680039
-496619
1.34872e+06
1.06727e+06
317599
469597
-2.70974e+06
-2.22314e+06
-1.15864e+06
-1.20314e+06
692543
559708
236340
263319
-22870.7
-43984.9
-176968
-105609
426252
273836
-305812
-83704.5
-661465
-605901
-701031
-524180
1.30041e+06
1.02717e+06
290443
431841
-2.70521e+06
-2.22086e+06
-1.16762e+06
-1.2035e+06
768047
620959
270593
297717
18777.9
-8893.99
-165702
-89533.9
468834
313201
-294643
-61610.9
-668388
-613446
-713040
-519800
1.3224e+06
1.0431e+06
279883
435189
-655540
-540719
-304822
-305024
466029
397363
300708
265801
711699
528314
-75043.1
111745
565089
441179
68225.2
170616
-1.21183e+06
-1.0414e+06
-822089
-700622
674240
499270
-84533.2
100372
-688710
-569316
-301640
-321869
447079
383028
304461
257256
736654
545592
-69775.9
115457
512679
393561
45540.5
135944
-1.249e+06
-1.07291e+06
-827044
-717942
604502
438400
-93797.7
68918.9
-736855
-603965
-314597
-321277
449181
385875
301330
261557
715362
528227
-96216
113189
485469
372087
32219.3
121861
-1.2921e+06
-1.10523e+06
-854820
-737490
556439
407111
-111772
61948.9
-742772
-610739
-302614
-324241
534282
455165
337436
299809
675081
492036
-108494
86969.9
457838
346436
21785.3
108335
-1.27543e+06
-1.09711e+06
-851762
-737738
587149
427354
-96342.6
75599.6
-769802
-630246
-310235
-333657
566958
480304
353522
307113
638845
462490
-129299
64389.9
488744
369110
33444.7
111330
-1.25808e+06
-1.08273e+06
-840111
-734226
565196
411207
-93995
63448
-714990
-583127
-283034
-307017
707774
598809
413890
370446
658013
479635
-122383
70013.5
538597
416872
58858.9
142065
-1.1786e+06
-1.01429e+06
-803642
-688395
675982
502868
-45786.6
117043
-675049
-556767
-260456
-296589
780925
656470
445863
403055
700243
510491
-102017
84871.9
590768
458231
77022.3
167072
-1.19436e+06
-1.02822e+06
-809619
-690250
722519
542750
-25301.7
139054
-610743
-498374
-232850
-260732
818000
690478
463569
428640
783114
581295
-81240.9
125099
625359
489344
76940.3
185624
-1.19159e+06
-1.02284e+06
-813601
-689047
768982
583978
-2649.53
163308
-577144
-472433
-212517
-246013
876244
737805
499084
447614
835275
621144
-73030.7
136197
653693
509136
92898.3
181369
-1.18129e+06
-1.01871e+06
-819887
-696673
790626
601787
3014.4
171699
-560022
-458367
-218774
-235856
952925
804937
534904
495644
836389
620723
-86513.8
132952
648630
504058
83427.3
187168
-1.16438e+06
-1.00768e+06
-825872
-698558
822243
624925
1927.57
182341
-490340
-397673
-203648
-210637
1.06246e+06
894989
583338
531210
844025
628821
-90902.8
132408
731127
574335
113225
212167
-1.10812e+06
-957541
-811007
-678382
902916
693781
38660.4
211205
-394095
-327782
-170126
-186600
1.21493e+06
1.01781e+06
657119
603736
848834
628069
-103576
125627
784444
615563
132461
237358
-1.03932e+06
-904732
-785238
-650489
1.02239e+06
787070
81361.1
261002
-353616
-289548
-152645
-156055
1.25711e+06
1.05387e+06
684409
641055
835021
612578
-107315
115621
792571
621253
131829
249588
-1.0584e+06
-920833
-787008
-648519
1.0276e+06
790329
85195.8
269458
-312021
-253134
-124308
-135205
1.3167e+06
1.1032e+06
711610
665259
875593
648109
-92451.4
135365
795126
623294
123526
248643
-1.0961e+06
-951251
-792710
-658482
1.02423e+06
787887
97655.7
269748
-333165
-270494
-131538
-134685
1.33891e+06
1.12089e+06
718928
677045
895217
662186
-95318
139725
773726
604120
113723
229280
-1.18804e+06
-1.02553e+06
-828472
-701840
1.00998e+06
778580
92553.2
264260
-340715
-276424
-127971
-143611
1.35002e+06
1.1339e+06
727702
683412
828942
608176
-119565
107473
741670
578444
106258
215427
-1.26562e+06
-1.08975e+06
-861926
-738977
997021
766980
84365.6
261147
-310270
-249559
-95149
-121934
1.42984e+06
1.19446e+06
770500
715750
773819
563544
-125898
90054.3
794796
620036
145363
242037
-1.27998e+06
-1.10239e+06
-855454
-743036
971281
746068
98907.3
256803
-341146
-274211
-113197
-125458
1.45121e+06
1.21389e+06
773118
727763
674270
484347
-177868
53451.6
706396
552554
106745
218436
-1.34188e+06
-1.1511e+06
-878512
-763158
955930
733778
84303.4
252154
-361228
-291872
-128064
-143244
1.45274e+06
1.21418e+06
773698
729043
709507
512586
-166268
57800.3
697301
542289
92615.4
206185
-1.39621e+06
-1.19167e+06
-910548
-779277
895452
687587
61381.1
229927
-390788
-315480
-137362
-160718
1.38905e+06
1.16497e+06
754915
705686
768020
559794
-151621
80038.8
671751
518722
68990.3
189152
-1.47485e+06
-1.25669e+06
-948169
-814952
845670
644814
44354.7
198331
-433917
-351353
-156976
-172943
1.37794e+06
1.15475e+06
757971
695728
814883
597159
-151073
100091
665518
511177
64904.6
170248
-1.523e+06
-1.29863e+06
-978284
-851916
797444
608423
14408.7
180689
-504468
-408883
-193179
-195975
1.36143e+06
1.14501e+06
755085
705635
790963
573017
-168576
83338.2
653473
501239
57963
171785
-1.54794e+06
-1.32175e+06
-997891
-860780
740037
554969
-19672.4
157160
-627820
-508258
-249034
-254730
1.30045e+06
1.09424e+06
728524
669388
737157
531290
-192752
53781.1
674846
516572
68150.2
173581
-1.64239e+06
-1.39924e+06
-1.04778e+06
-908715
662585
493005
-54450.1
112467
-674452
-549677
-269136
-282657
1.34622e+06
1.13117e+06
761886
687693
744471
536206
-194426
54737.8
692141
535551
78486
185826
-1.67497e+06
-1.42778e+06
-1.06537e+06
-925195
662435
490347
-57273.5
110358
-683904
-559349
-268737
-298514
1.3468e+06
1.13528e+06
769204
703107
808768
588589
-154457
81973.5
736134
572551
95895
216682
-1.72536e+06
-1.46921e+06
-1.07783e+06
-947493
656807
487223
-59344.6
104822
-627552
-512856
-241533
-273796
1.38301e+06
1.16752e+06
790009
721545
897415
661629
-116797
124985
759292
593113
101587
224497
-1.69748e+06
-1.44614e+06
-1.05567e+06
-936361
719922
538029
-30467.1
126499
-632467
-515672
-243450
-261094
1.42081e+06
1.19771e+06
801800
740462
930911
690725
-105228
149089
776547
604783
118246
230216
-1.69948e+06
-1.44758e+06
-1.05723e+06
-932222
755843
569843
-24430.5
150306
-663786
-545117
-265455
-286446
1.47256e+06
1.2368e+06
799748
756372
931113
688085
-101908
141342
755556
585963
104505
224667
-1.69733e+06
-1.44914e+06
-1.0708e+06
-942432
760532
567288
-46536.8
141469
-637766
-520506
-267640
-278244
1.53952e+06
1.291e+06
815944
768838
990324
740737
-75137.9
168129
831549
648770
126751
240999
-1.63611e+06
-1.39657e+06
-1.05198e+06
-924503
820556
616349
-34150.4
151191
-603280
-498273
-256881
-274736
1.65214e+06
1.37936e+06
856594
808570
1.01054e+06
756616
-58736.5
182654
890923
697833
155197
272353
-1.54356e+06
-1.32359e+06
-1.01389e+06
-887700
919592
691985
-8073.04
182783
-561772
-466729
-246282
-261750
1.6336e+06
1.35957e+06
848706
811689
985157
732174
-62790.4
175290
930609
728850
172373
296129
-1.56081e+06
-1.33523e+06
-1.02073e+06
-882805
926067
696870
-11911.2
198621
-564239
-465777
-246618
-260594
1.55726e+06
1.30007e+06
812695
778187
962444
715539
-83915.2
163733
904962
708628
151085
287404
-1.63642e+06
-1.39511e+06
-1.05059e+06
-908085
870085
652512
-35549.8
173102
-567597
-470562
-248767
-261023
1.52335e+06
1.27004e+06
798942
753578
915476
674424
-114112
136882
885192
690842
153845
263894
-1.71061e+06
-1.45443e+06
-1.08126e+06
-953364
843757
633120
-52940.4
153796
-539955
-447592
-251228
-247135
1.58644e+06
1.32652e+06
818321
789700
838086
613434
-143398
106311
910397
715941
172538
285244
-1.6664e+06
-1.42128e+06
-1.06608e+06
-935472
889649
667616
-46780.1
173923
-602403
-496788
-286745
-273545
1.55015e+06
1.29453e+06
796040
767266
710007
511718
-189362
60345.2
951853
749317
190138
310264
-1.73054e+06
-1.47126e+06
-1.09424e+06
-949225
863734
648641
-51316.9
166016
-547931
-459867
-271015
-268442
1.59993e+06
1.3321e+06
824364
783609
648144
457242
-217322
21397.8
984532
776950
215808
324891
-1.75221e+06
-1.49209e+06
-1.09862e+06
-962174
940385
707045
-24410.7
193092
