224011
223227
356531
244671
1.25222e+06
1.20687e+06
2.17872e+06
1.31694e+06
212943
153260
-99593.9
308546
733552
725038
1.56976e+06
706868
397294
380084
801390
377006
-586059
-502209
-186552
-795760
207165
201448
330164
232170
1.29893e+06
1.24925e+06
2.27807e+06
1.35887e+06
196669
142800
-109621
292214
691474
677545
1.50791e+06
648163
387202
381126
816583
363307
-650791
-545518
-240242
-874272
215126
207117
335297
243489
1.36519e+06
1.3136e+06
2.38628e+06
1.43929e+06
196182
139018
-122542
289833
675452
659581
1.51482e+06
619469
382381
374317
832369
347181
-661737
-563395
-214000
-906381
235199
224480
338463
270802
1.4393e+06
1.38003e+06
2.48789e+06
1.51616e+06
232343
180864
-59288.1
342034
654977
642937
1.46697e+06
610668
396547
392549
869344
372464
-653117
-542416
-153582
-887536
225498
213809
311553
254465
1.49069e+06
1.42914e+06
2.57839e+06
1.5681e+06
233933
174896
-77003.2
335114
620278
617886
1.41084e+06
578301
392999
386176
855711
368506
-670834
-558676
-171186
-908076
198993
187595
263853
236075
1.52128e+06
1.45755e+06
2.64139e+06
1.59443e+06
217032
160365
-92733.5
319246
605299
598336
1.38116e+06
557021
408380
408879
883807
383444
-677872
-559510
-164501
-924313
196393
177103
230253
210892
1.53224e+06
1.46548e+06
2.64721e+06
1.59652e+06
230363
190700
-60640.8
329292
596175
611311
1.37015e+06
559346
415745
412818
923754
398062
-686840
-570544
-163880
-932215
167682
150920
192518
194749
1.51222e+06
1.44389e+06
2.6266e+06
1.57878e+06
297582
261270
76329.3
414006
585806
591140
1.32018e+06
558036
405177
401930
896181
388494
-692177
-573008
-188321
-931060
164968
149699
215565
182558
1.51764e+06
1.4591e+06
2.66118e+06
1.58303e+06
360931
323232
190480
466548
605861
607158
1.33299e+06
572138
417884
417918
942801
389761
-677186
-559865
-141074
-937428
168559
148233
216435
193342
1.51711e+06
1.4469e+06
2.64719e+06
1.58365e+06
453661
413105
381343
572818
632712
624167
1.33155e+06
621862
445066
438830
989531
430485
-652643
-537419
-73413.2
-900933
145244
123498
158829
161106
1.49131e+06
1.42444e+06
2.60751e+06
1.55251e+06
524174
476731
489206
636563
618416
615257
1.24899e+06
620526
439573
432585
945026
433193
-644926
-528849
-100914
-879591
133302
113795
137145
162652
1.48149e+06
1.41797e+06
2.59086e+06
1.54534e+06
586981
540758
612673
705569
635932
625162
1.21183e+06
653567
455631
451872
934068
457084
-596013
-484669
-71132.1
-824291
129335
125107
123633
147847
1.51059e+06
1.44489e+06
2.61868e+06
1.58452e+06
595193
532452
566971
722288
631507
612219
1.2084e+06
639875
402026
386388
815221
392444
-621550
-528777
-141334
-846238
145389
137792
153050
172717
1.56342e+06
1.49627e+06
2.69438e+06
1.63768e+06
611662
548246
536962
757263
612284
600557
1.20118e+06
612764
387321
390951
812807
372847
-661892
-549596
-186158
-896974
157033
142737
164032
186818
1.57771e+06
1.50511e+06
2.71861e+06
1.66073e+06
603828
531044
457413
755952
598830
585057
1.22759e+06
585573
331677
335505
769863
301314
-698876
-591819
-218589
-948348
174525
159090
180216
199922
1.61173e+06
1.5358e+06
2.77047e+06
1.68312e+06
645719
573655
478676
817311
586245
580354
1.24209e+06
569097
303779
316922
765019
267951
-721306
-602192
-216218
-973533
171444
153041
176891
189821
1.63583e+06
1.55549e+06
2.81842e+06
1.7103e+06
648029
563787
418606
824473
577299
572411
1.25211e+06
555237
279331
288556
744972
241169
-751668
-635275
-255254
-1.00234e+06
159339
142679
168203
184609
1.65198e+06
1.57147e+06
2.85289e+06
1.72644e+06
652718
565791
376955
843142
565997
566961
1.25279e+06
541298
273327
294126
737437
232181
-764267
-639249
-281631
-1.01839e+06
188457
181542
238081
199999
1.67131e+06
1.61045e+06
2.91272e+06
1.75032e+06
635545
545354
333976
817398
591865
594980
1.3127e+06
558897
260925
264819
779555
199352
-813317
-690425
-328668
-1.07736e+06
214344
201687
296324
240730
1.71682e+06
1.64871e+06
2.98953e+06
1.79783e+06
625690
531724
302780
818422
596029
588385
1.30425e+06
566237
228487
243467
770534
152166
-860397
-727875
-399395
-1.125e+06
246389
238225
378131
273826
1.75508e+06
1.69196e+06
3.07796e+06
1.84085e+06
600744
516800
263744
787935
611278
605467
1.3597e+06
567518
191120
218476
805658
100682
-909345
-765185
-433562
-1.19115e+06
288487
271335
443142
311022
1.81074e+06
1.73433e+06
3.1527e+06
1.89416e+06
630467
541565
311787
827466
665672
653290
1.43953e+06
640601
193907
220894
852045
97758.2
-906227
-762084
-390388
-1.18331e+06
309925
291071
481917
323290
1.85204e+06
1.77692e+06
3.2186e+06
1.94325e+06
617190
521899
271598
802431
687546
681637
1.44256e+06
672475
176425
207928
855062
78373.6
-936467
-785867
-430529
-1.2154e+06
326336
306115
520409
353224
1.89728e+06
1.81508e+06
3.27375e+06
1.99152e+06
595851
499531
229446
783372
729027
715970
1.48896e+06
719735
169173
212083
866589
63344
-942125
-787852
-444937
-1.22557e+06
310829
281024
502616
324284
1.95388e+06
1.8562e+06
3.36115e+06
2.03837e+06
595656
476171
198744
762167
776442
751726
1.56105e+06
748733
195700
234012
908355
81352.6
-958075
-826650
-482660
-1.27339e+06
245435
224373
395276
265200
1.93332e+06
1.8446e+06
3.35911e+06
2.01835e+06
529793
425777
141020
691951
759914
746338
1.5816e+06
723657
195856
237369
919984
82042.8
-1.03435e+06
-880808
-564504
-1.35147e+06
218220
198212
346487
250406
1.99158e+06
1.90195e+06
3.45966e+06
2.0889e+06
504376
398233
85161.8
667999
825372
799996
1.71843e+06
782809
248390
286100
997995
134068
-1.05024e+06
-902010
-572383
-1.38179e+06
214596
195704
298784
252431
2.04273e+06
1.94976e+06
3.51824e+06
2.14693e+06
489843
394911
78764.6
658053
879065
863436
1.80446e+06
851568
293460
331514
1.05497e+06
197023
-1.03783e+06
-875926
-525444
-1.35699e+06
178824
148812
218269
202762
2.05759e+06
1.95434e+06
3.54012e+06
2.14964e+06
461405
354676
38883.8
606527
923773
904320
1.8753e+06
898064
325179
358769
1.07681e+06
236269
-1.051e+06
-891882
-535506
-1.38109e+06
109535
92896.2
108731
148668
2.04353e+06
1.94743e+06
3.53616e+06
2.14071e+06
381276
284893
-40334.8
517057
967176
948406
1.96291e+06
939538
365701
399497
1.11743e+06
279425
-1.062e+06
-893908
-523459
-1.39902e+06
120099
104602
109054
143101
2.02152e+06
1.925e+06
3.4994e+06
2.11163e+06
326593
243710
-77205.5
471798
1.01037e+06
977806
2.08866e+06
977547
390095
411827
1.17066e+06
302650
-1.08192e+06
-943957
-513031
-1.42024e+06
134857
123311
119065
170089
1.99115e+06
1.90606e+06
3.4511e+06
2.0817e+06
309695
243804
-83682.6
455751
1.01072e+06
991061
2.11966e+06
971030
411907
450561
1.2181e+06
331449
-1.1295e+06
-966200
-569058
-1.47646e+06
176876
168952
212454
216874
1.99125e+06
1.91237e+06
3.4651e+06
2.08846e+06
304818
236696
-58413.4
439270
1.04513e+06
1.02078e+06
2.23451e+06
984325
453482
488028
1.32708e+06
360685
-1.15563e+06
-993286
-538233
-1.5253e+06
211593
199307
263153
245744
1.96328e+06
1.88212e+06
3.40004e+06
2.05403e+06
298239
243151
-16977.6
429605
1.05824e+06
1.04802e+06
2.31833e+06
999866
488416
528883
1.42344e+06
396978
-1.19229e+06
-1.01466e+06
-520134
-1.57503e+06
252637
223051
314371
283244
1.9576e+06
1.86288e+06
3.38871e+06
2.04314e+06
308492
236432
3319.87
427137
1.1125e+06
1.09636e+06
2.41404e+06
1.05868e+06
536027
563718
1.49145e+06
448818
-1.20896e+06
-1.04045e+06
-524432
-1.59651e+06
265203
244436
326846
305829
1.92994e+06
1.84459e+06
3.32695e+06
2.01666e+06
274394
211991
-37717.1
394465
1.15124e+06
1.13851e+06
2.49347e+06
1.09431e+06
585901
623847
1.55123e+06
507972
-1.22891e+06
-1.04868e+06
-549618
-1.62013e+06
343801
350279
988420
268637
-66021.9
-162705
-1.31755e+06
187959
843095
838950
1.84137e+06
812019
558816
677371
2.77814e+06
201236
1.03419e+06
921894
1.15122e+06
1.21033e+06
1715.44
10705.6
177338
-40657.2
305223
324131
915204
240923
-85253
-175530
-1.35826e+06
176693
872321
863119
1.85903e+06
843142
581595
698880
2.85992e+06
214565
1.01113e+06
909476
1.09896e+06
1.19661e+06
-58405.6
-36732.1
111208
-109736
259554
274404
852839
180848
-90190.8
-178908
-1.39774e+06
167917
915771
908474
1.9045e+06
891831
602931
725731
2.92889e+06
232219
990134
888289
1.05043e+06
1.16872e+06
-66285.6
-49798
103970
-120318
247028
273799
871122
166394
-87324.9
-174018
-1.38193e+06
181301
961777
951904
1.9623e+06
947154
611827
735750
2.9806e+06
233619
993180
896754
1.07374e+06
1.17954e+06
-82887.8
-55692.4
122972
-148574
234462
247065
841815
140518
-83584.3
-179633
-1.40151e+06
182694
1.00362e+06
984990
2.00852e+06
994645
644340
770176
3.06028e+06
264957
992794
889023
1.05048e+06
1.17865e+06
-113472
-84544.5
109767
-189149
183517
202125
774000
91809.3
-105462
-196690
-1.46088e+06
164192
1.02478e+06
998328
2.01414e+06
1.01035e+06
662481
785694
3.11407e+06
277136
977017
878867
1.0114e+06
1.16637e+06
-171959
-133950
54113.5
-259437
143088
179439
713252
41631.6
-76936
-198495
-1.48101e+06
186180
1.04923e+06
1.01827e+06
2.08543e+06
1.03923e+06
685128
813674
3.19372e+06
273624
1.02392e+06
920843
1.07923e+06
1.21082e+06
-181629
-141927
67349.1
-273423
135797
173231
690766
56805.4
-114959
-231116
-1.53823e+06
152199
1.02036e+06
998001
2.09415e+06
1.00107e+06
690488
826300
3.28606e+06
274705
1.0617e+06
965783
1.15149e+06
1.26486e+06
-241378
-193539
1954.44
-333713
140632
175513
695460
56816
-136510
-247185
-1.59688e+06
135808
1.03472e+06
1.0206e+06
2.14077e+06
1.02061e+06
702170
848872
3.3657e+06
284406
1.14149e+06
1.03634e+06
1.26719e+06
1.35028e+06
-217005
-173854
35988.9
-301348
150578
186472
715470
67996.8
-171932
-290825
-1.65535e+06
97902.5
1.02065e+06
1.00633e+06
2.14285e+06
999244
705172
851763
3.42533e+06
268776
1.21236e+06
1.10827e+06
1.3736e+06
1.4315e+06
-234191
-187505
882.469
-319523
148876
169436
685727
50005.2
-229178
-354388
-1.76856e+06
29106.6
1.00337e+06
984655
2.14361e+06
963787
725845
870783
3.51955e+06
269723
1.2829e+06
1.16538e+06
1.45565e+06
1.50441e+06
-272212
-227565
-62508.2
-368804
124022
145988
645137
40854.5
-305638
-424641
-1.90336e+06
-42594
957495
942079
2.09765e+06
915200
724072
878177
3.59899e+06
261487
1.34867e+06
1.23017e+06
1.54613e+06
1.58786e+06
-316239
-268883
-139180
-401719
140259
182663
671959
48563.4
-310882
-417009
-1.93612e+06
-39608.6
954859
947806
2.10313e+06
893709
709727
865111
3.616e+06
213420
1.41461e+06
1.27402e+06
1.61981e+06
1.64198e+06
-271325
-238441
-107784
-377249
191451
236259
761304
126277
-326905
-430209
-1.96369e+06
-43376.1
928193
928888
2.09614e+06
869687
650105
809668
3.57984e+06
146578
1.4083e+06
1.26937e+06
1.59525e+06
1.64766e+06
-318279
-283019
-178618
-426627
275393
326430
917084
209644
-274151
-367021
-1.90696e+06
14050.2
979271
1.00155e+06
2.20176e+06
925845
621254
812307
3.59349e+06
118742
1.4543e+06
1.32543e+06
1.67009e+06
1.70097e+06
-261235
-218495
-86937.4
-353766
375046
414024
1.09883e+06
312309
-245094
-354239
-1.87441e+06
61130.8
1.02676e+06
1.0355e+06
2.28577e+06
979959
597677
771982
3.59353e+06
78079.4
1.50527e+06
1.36282e+06
1.74851e+06
1.75587e+06
-230322
-203503
-54123.4
-326113
443181
468095
1.2007e+06
368677
-246809
-364293
-1.92928e+06
57813.8
1.0372e+06
1.03705e+06
2.31656e+06
971589
530622
706610
3.5465e+06
-23845.1
1.52299e+06
1.37119e+06
1.75049e+06
1.76933e+06
-269401
-246009
-127650
-374612
499215
527992
1.29963e+06
439293
-248450
-363874
-1.98003e+06
71154.7
1.03736e+06
1.04282e+06
2.33349e+06
969490
447654
638141
3.47721e+06
-116444
1.53037e+06
1.37956e+06
1.74689e+06
1.78489e+06
-316331
-291940
-218345
-421278
545760
566641
1.38319e+06
477698
-210508
-335576
-1.95705e+06
115430
1.07594e+06
1.07016e+06
2.41284e+06
1.01159e+06
457519
674692
3.54059e+06
-83363.6
1.54178e+06
1.39097e+06
1.7672e+06
1.79714e+06
-325122
-281780
-180596
-434183
586374
608062
1.44205e+06
538386
-208993
-333266
-1.95921e+06
124408
1.06167e+06
1.05349e+06
2.37783e+06
992977
489155
691164
3.57841e+06
-54037.8
1.5331e+06
1.387e+06
1.7499e+06
1.79178e+06
-370558
-316224
-201023
-491853
641013
654351
1.52768e+06
581072
-164257
-287586
-1.92818e+06
171539
1.08148e+06
1.07468e+06
2.40075e+06
1.00776e+06
517218
717388
3.60568e+06
-26758.3
1.57632e+06
1.42582e+06
1.81235e+06
1.83028e+06
-305856
-259411
-82003.2
-431044
685956
710613
1.63301e+06
632992
-153207
-275610
-1.91435e+06
197089
1.06979e+06
1.06776e+06
2.38758e+06
1.00051e+06
506092
705922
3.57743e+06
-35123.4
1.60148e+06
1.463e+06
1.87615e+06
1.86177e+06
-303291
-242096
-32507.1
-432090
767381
779768
1.75534e+06
711719
-121152
-252451
-1.89617e+06
231746
1.08377e+06
1.07687e+06
2.39968e+06
1.0177e+06
540359
744809
3.61435e+06
14957.4
1.65018e+06
1.50546e+06
1.95536e+06
1.91037e+06
-287654
-225263
33115.2
-425169
829030
839781
1.87752e+06
777822
-101732
-232540
-1.89116e+06
261202
1.08484e+06
1.0704e+06
2.38329e+06
1.01358e+06
576711
766326
3.64071e+06
54805.7
1.69044e+06
1.5451e+06
2.03584e+06
1.94945e+06
-282771
-220409
88582.1
-435356
849754
856617
1.90314e+06
792364
-85019.7
-227472
-1.92668e+06
280895
1.09403e+06
1.08648e+06
2.42216e+06
1.03876e+06
600766
804873
3.67819e+06
81975.6
1.68455e+06
1.53039e+06
2.01627e+06
1.94555e+06
-237188
-172408
169863
-367712
871928
875742
1.94817e+06
824499
-89282.8
-231001
-1.93018e+06
282042
1.08856e+06
1.08081e+06
2.42659e+06
1.02418e+06
639748
829527
3.75422e+06
114235
1.66512e+06
1.51151e+06
1.97855e+06
1.92578e+06
-218860
-157586
192661
-349773
872659
867677
1.94578e+06
809511
-95994.7
-238178
-1.99334e+06
274619
1.1011e+06
1.09568e+06
2.44862e+06
1.03117e+06
631267
824156
3.74749e+06
101148
1.64605e+06
1.48613e+06
1.92373e+06
1.9024e+06
-158732
-111502
228044
-277677
855741
858061
1.95852e+06
785788
-114119
-260795
-2.02882e+06
268831
1.0888e+06
1.08341e+06
2.46819e+06
1.01171e+06
613194
800049
3.72718e+06
74543.2
1.6061e+06
1.45173e+06
1.87129e+06
1.85713e+06
-150559
-103552
224624
-268983
849818
851824
1.96431e+06
768875
-131858
-277137
-2.08296e+06
251655
1.0741e+06
1.0692e+06
2.46735e+06
989662
620068
815491
3.76018e+06
83856.5
1.56896e+06
1.41379e+06
1.8121e+06
1.81364e+06
-147935
-102464
210760
-261581
834904
836404
1.97023e+06
751242
-139065
-283976
-2.11306e+06
248816
1.03931e+06
1.03453e+06
2.42994e+06
942623
625295
815377
3.78389e+06
83366.5
1.52955e+06
1.37198e+06
1.74731e+06
1.7697e+06
-155760
-117947
176728
-271281
804342
810197
1.94287e+06
708924
-104661
-269374
-2.10617e+06
289177
1.06801e+06
1.07149e+06
2.47822e+06
992703
640054
842042
3.81304e+06
85918.4
1.54154e+06
1.39456e+06
1.78275e+06
1.80382e+06
-149003
-99565.6
213441
-248855
776686
789265
1.91818e+06
687511
-88516.3
-252084
-2.09342e+06
314023
1.10641e+06
1.10782e+06
2.54237e+06
1.0304e+06
656209
853246
3.88115e+06
102242
1.56936e+06
1.4195e+06
1.81583e+06
1.83614e+06
-166046
-116410
207312
-273408
719883
727063
1.86004e+06
605928
-66946.7
-237012
-2.0978e+06
327463
1.15225e+06
1.14997e+06
2.62004e+06
1.06743e+06
649878
849837
3.89297e+06
78904.6
1.59286e+06
1.43582e+06
1.84244e+06
1.86088e+06
-161638
-124563
201465
-277030
638676
658294
1.79527e+06
506749
-109505
-273217
-2.14655e+06
289971
1.14445e+06
1.14759e+06
2.63408e+06
1.05685e+06
612761
812166
3.8766e+06
32967.4
1.57364e+06
1.41922e+06
1.80975e+06
1.83899e+06
-214900
-166004
146532
-337351
589328
603291
1.74174e+06
434738
-103262
-277142
-2.17785e+06
299247
1.18265e+06
1.17459e+06
2.68885e+06
1.09534e+06
612736
817202
3.89633e+06
27453.4
1.59563e+06
1.43379e+06
1.81725e+06
1.86713e+06
-230192
-176543
129432
-350841
503233
523556
1.64499e+06
347718
-108259
-285670
-2.23432e+06
309309
1.20145e+06
1.18887e+06
2.70573e+06
1.11868e+06
611587
812855
3.90795e+06
27715.8
1.60153e+06
1.43774e+06
1.79376e+06
1.88852e+06
-260257
-210270
73337.6
-376942
311210
227891
-304225
497062
301254
312979
620939
304499
5904.34
-71960.8
-1.0131e+06
235624
-359763
-320993
-439440
-408190
-225211
-149212
299283
-386325
-143529
-122626
-87748.4
-183279
297326
214869
-331826
486840
318719
325176
662684
326561
94916.4
6165.97
-902606
337870
-310127
-279914
-385028
-345156
-219134
-146102
346588
-382415
-132853
-108540
-39446
-173091
303487
214071
-350013
489032
324738
328701
673472
317750
173001
75207.2
-828684
423878
-295613
-257600
-388359
-327641
-191250
-112040
412272
-362028
-116629
-102098
-38594.6
-167760
295294
204178
-392680
495874
309805
315046
651803
315426
235660
135392
-757775
506238
-263735
-233713
-378260
-274444
-161236
-82126.2
456788
-316522
-101031
-79653.5
-22078
-125695
280142
191427
-450919
488648
328005
339473
675948
336890
333337
224234
-663358
627038
-215151
-192863
-339442
-221579
-134137
-54920.3
515608
-299571
-65746.1
-42784.9
7892.02
-81234.5
285369
194806
-475110
499268
358169
364339
725281
368710
434472
316898
-533754
738902
-152686
-137087
-255055
-155687
-98648.5
-22995.8
607398
-272324
-24559.9
-4951.87
79261.7
-42330.9
287264
207129
-459521
502295
388253
385969
771091
394612
460307
324109
-538059
768780
-152491
-138992
-221835
-163128
-86788.9
-4941.26
661851
-247213
-3180.57
8482.45
109853
-28636.4
312971
225362
-443659
537782
420810
403909
783196
435872
473980
329047
-575511
786950
-139710
-135681
-218987
-150289
-53507.5
10212
653191
-204015
-11914
-762.261
75960.2
-31913.1
319924
240158
-398594
529634
403474
392639
783590
409421
450891
308845
-613575
766266
-176449
-155108
-213070
-201356
-51456.2
22329
658444
-194179
-6499.73
3873.53
91469.2
-41988
371129
278230
-306931
588263
398614
378805
768441
401688
465398
317147
-596396
775052
-166256
-153162
-166467
-198895
-23789.2
35477
650916
-162018
11520.9
22447.8
129606
-11685.6
385068
304013
-281754
609515
408024
391233
767091
419378
457783
308895
-630199
775541
-159215
-142626
-128032
-197476
-16932.4
40129
630680
-149174
19595.3
33424.9
124361
3808.48
430085
347557
-213427
651886
421468
398887
770457
438214
454184
302810
-666196
776810
-155998
-143458
-97623.9
-205188
7345.43
56628.6
631642
-116244
38755.1
47881.7
143929
17644.4
489548
388408
-126383
704781
401847
377649
721730
405014
416057
268679
-750751
733782
-175903
-155385
-151808
-226459
18261.7
58070.4
630540
-119173
45720.8
41111.2
177031
-1416.33
514368
419987
-65112.5
734417
395580
371399
706881
401083
387345
249290
-769308
701185
-147768
-133278
-133700
-189867
20576.8
64783
667464
-123511
21353.2
33850.6
231272
-37721.3
591566
501280
64780.9
811780
385782
371219
699625
396175
371479
238591
-813466
692802
-152565
-123677
-162034
-188719
37111.8
92879.2
717456
-97490.2
24130.7
43025.3
271815
-52217
680078
579145
210996
914440
381594
366127
679551
393406
341119
210555
-861763
662847
-97102.7
-80289.9
-105439
-113369
86933.1
138782
793784
-42623.7
16782.5
43760.7
343412
-59020.8
725423
621622
275586
961624
389442
365501
688734
392724
314045
178298
-893212
621292
-64421
-52698.5
-74747.6
-84424.3
116627
159164
859244
-27409.6
18106.2
47182.4
395611
-75919.9
793397
688721
359044
1.03517e+06
394361
371659
707639
397197
277848
148510
-941605
585220
-28793.4
-22892.6
-19139.3
-56220.6
136327
184911
936577
-17229.4
9178.25
41486.7
439910
-105781
842533
725236
442768
1.09689e+06
381195
365223
703490
395060
282673
142442
-965136
597408
-49988.2
-48008.3
-39763.4
-68357.4
137984
181953
968183
-5410.07
3522.1
47002.8
486853
-97828.2
853749
733995
441423
1.1064e+06
379184
357407
671665
386488
294743
154984
-963692
607743
-39202
-36349.5
-31866.5
-60438.5
126753
176543
974998
-32973.1
2486.89
50707.3
514347
-102789
891995
775884
508626
1.15023e+06
358151
337062
643164
368808
307608
163427
-988960
640673
-67424
-50966.8
-71064.2
-78941.4
149313
205739
1.03377e+06
4857.82
30991.8
81441
559054
-78082.3
959236
827901
586228
1.22547e+06
329266
306522
583394
329299
292580
146189
-1.04141e+06
620208
-51133
-43877.4
-55111.9
-67965.7
165873
221013
1.04791e+06
16729.4
57927.6
106467
616700
-41028.5
961604
839895
587411
1.23814e+06
309317
287604
553070
313880
277039
129784
-1.08225e+06
611232
-57400.8
-54167.9
-43880.9
-83528.4
166908
216597
1.07568e+06
10063.5
70847.1
123744
643503
-26945
1.00436e+06
880642
627180
1.28096e+06
292377
266877
510724
295351
277040
126922
-1.11491e+06
616180
-74413.1
-68356.7
-47403
-114747
165583
220339
1.09537e+06
1730.29
98922.8
149410
688767
-6047.18
1.00812e+06
862607
607760
1.28995e+06
278721
281182
508392
295989
256171
100909
-1.16968e+06
598937
-124821
-107907
-103289
-146189
156279
224773
1.1023e+06
-8155.06
105099
140424
690097
-63.6396
956397
814315
508147
1.23886e+06
328302
319191
581437
348231
245263
88825.3
-1.19907e+06
587961
-112914
-100964
-105829
-129270
162641
226800
1.13417e+06
-7449.37
71960.8
109848
659712
-36632.4
938208
790340
442686
1.22951e+06
335494
322089
582577
353883
221731
64219.4
-1.2715e+06
571674
-150631
-133261
-194182
-157938
181783
246726
1.16523e+06
20387.3
43057.9
75941.1
572271
-64534.1
916234
764910
341197
1.22474e+06
330674
316905
555582
354825
199845
45068.9
-1.32782e+06
556482
-154245
-140540
-258789
-143104
196679
259494
1.1465e+06
46971
4473.86
41078.7
488785
-86792.4
866226
724348
227205
1.1824e+06
373568
366686
617115
410497
188416
33231.2
-1.36847e+06
547898
-133719
-122532
-255572
-118365
212939
276644
1.17718e+06
58535
-19238.3
27551.7
429989
-104249
852938
712378
165691
1.18154e+06
428206
415180
700599
469670
182755
29122.2
-1.38806e+06
545798
-109327
-99877.4
-227053
-90029.5
240476
300908
1.23677e+06
85869.6
-26637.4
18223.6
409022
-112257
843004
687842
118558
1.16527e+06
450435
421539
743586
480154
131798
-20753.6
-1.48069e+06
490063
-160506
-176231
-325239
-174540
192105
239815
1.15766e+06
17780.2
-38312.5
-3278.15
385566
-131501
821849
671157
50501.6
1.14994e+06
460575
427765
736857
486219
103608
-43442.5
-1.52231e+06
456793
-230266
-238434
-444558
-248397
126670
178078
1.03428e+06
-53868.1
-59270.4
-23024.8
332928
-149202
803512
652102
22269.6
1.14163e+06
460100
427002
781812
483756
45851.6
-105157
-1.62161e+06
398414
-330064
-325976
-561464
-350382
47055.8
105446
935911
-128025
-92836.8
-50235.7
274973
-174481
808089
649049
10253
1.13878e+06
452337
422410
789810
454120
-13381.3
-154619
-1.69207e+06
322349
-386018
-378728
-629803
-426290
-1965.05
58430.4
850516
-195934
-98817.5
-59164.3
265753
-187192
758538
607255
-76033.8
1.09317e+06
458197
427810
819767
462452
-58858.2
-197287
-1.74148e+06
270837
-456061
-453910
-712707
-518244
-76531.6
-17601.3
758253
-287499
-129481
-87807.1
215904
-219830
735902
589760
-147979
1.08745e+06
463397
428575
823560
467843
-108830
-243836
-1.81694e+06
218690
-551278
-539879
-837852
-617774
-152101
-86810.8
656493
-363770
-158813
-112052
162199
-243998
384864
486796
2.05112e+06
110068
231138
140265
-592565
455096
-159953
-98592.6
198224
-245926
-704003
-628201
-756567
-815771
-58973.4
-53226.8
-88324
-79804.8
157127
170954
505431
110874
361401
460179
2.03157e+06
78694.6
252329
159612
-594483
491651
-135511
-89357.1
160852
-204724
-712888
-643653
-812498
-826063
-58634.7
-52185.9
-49082.4
-79873.4
137442
154678
528948
73372.9
309349
406945
1.98997e+06
10323.1
282609
184950
-561025
526691
-126215
-83651.4
146752
-181466
-758953
-697853
-915220
-879297
-79245.5
-76802.4
-35940.1
-131074
99392.3
132206
510267
37186
271757
374316
1.94192e+06
-32904.5
319820
223478
-511744
570072
-96672.1
-64334.7
128381
-147254
-810211
-744925
-996987
-933509
-101333
-89562.9
18389.7
-161828
84176.1
115853
512661
9676.05
230582
340106
1.89643e+06
-77594.4
328351
216141
-534409
569512
-114974
-83382
43864
-154055
-866939
-799328
-1.10548e+06
-987203
-123370
-100717
17318.5
-193364
79038.3
113897
564442
-7718.78
198245
316082
1.86223e+06
-110821
332858
222122
-562170
598007
-96158
-65915.8
-3874.24
-106091
-926262
-858884
-1.2309e+06
-1.04205e+06
-130970
-111091
37475.2
-202490
57410.7
105031
579761
-39946.6
223785
347746
1.91308e+06
-78998
310761
198541
-614315
562661
-63924.6
-47585.5
9714.94
-84247.5
-919305
-837113
-1.2371e+06
-1.02565e+06
-139398
-98962.4
59867.9
-190835
80419.3
99803.9
616444
-34341.3
254663
375095
1.97082e+06
-45139.6
287856
173622
-663833
544771
-66871.1
-51881.8
-29554.9
-78637.3
-875667
-793684
-1.15818e+06
-978480
-128575
-94115.9
43827.2
-170482
51109
74785
614204
-78722.9
288413
405410
2.04152e+06
-11182.2
280321
164278
-670065
531356
-46507.8
-32529
20045.8
-53245.8
-827526
-755476
-1.09985e+06
-932298
-115904
-88469.7
41825.4
-166413
50418.1
85106.7
614665
-63123.4
316439
437297
2.06859e+06
22109.1
256093
150409
-688068
503931
-14022.6
178.898
62289.7
-28058.7
-785157
-708446
-1.03179e+06
-879567
-115590
-84428.5
33820.2
-152768
32039.7
68929.5
580480
-87527.1
372775
493426
2.164e+06
83783
242969
127916
-713611
475447
1226.83
7787.37
81618.5
-13948.4
-731608
-658244
-952515
-821021
-89688
-56276.5
33507
-110619
24652.6
54989.6
600463
-112719
438226
556352
2.2844e+06
154379
210990
93244.8
-766512
451227
10638.4
18798.4
89019.1
3074.5
-682038
-614382
-866091
-772661
-44288.2
-23094.1
56109.6
-49784.6
-7632.51
27784.3
590287
-156089
499606
608009
2.38883e+06
205054
175578
70717
-852673
420878
30852.5
38342.9
138518
15866.1
-629027
-576226
-778528
-712288
1573.31
12641.7
78657.9
-9591.2
44630.5
84432.8
690263
-81898.5
537193
643754
2.48098e+06
234761
143849
42807.5
-915775
395188
12261.9
32022.7
160801
-17282.4
-634021
-576030
-751455
-733901
1567.66
7397.04
59120.5
-6520.94
79946.2
117264
767966
-57502.6
530837
629981
2.51136e+06
216889
137877
26307.2
-945786
392407
22734.2
36102.8
231726
-5589.68
-623937
-583201
-727773
-734557
12400.5
8843.08
39511
-1772.01
139596
179014
843554
25213.3
521705
624664
2.51463e+06
198066
108199
-794.788
-1.02365e+06
362819
15333.6
35778.9
239729
-34603.7
-671256
-614713
-761676
-795924
-15218.4
-18051.7
-4404.57
-28683.1
168583
201958
850696
56604.6
546425
659234
2.58325e+06
234086
76028.8
-40858.8
-1.10666e+06
327437
15579
38320.9
295408
-36453.5
-684294
-620822
-756080
-800629
-27614.6
-27837.4
-55918.7
-28481.6
219964
249001
920345
120941
570080
684216
2.65735e+06
249211
37594
-79710.7
-1.19765e+06
302241
1208.45
35744.2
313830
-56387.5
-708040
-645650
-778477
-833832
-47931.9
-56979.4
-129799
-48970.7
261013
288485
977315
160231
598910
701111
2.71829e+06
262251
23790.6
-85557.8
-1.22056e+06
268119
-14185.3
2064.04
322158
-98545.2
-712708
-640402
-752251
-856018
-53315.9
-42941.9
-130147
-40636
267960
281725
961701
164600
618942
719328
2.77549e+06
279381
57427
-39703.3
-1.12175e+06
312373
-54846.7
-28998.4
273816
-141090
-710166
-628230
-676344
-868312
-19536.7
-12798.6
-88976.7
9263.1
241659
254020
919389
132405
607947
709082
2.78594e+06
261365
114224
9506.34
-1.01092e+06
354960
-101667
-68782.4
257366
-199663
-713471
-633541
-652568
-892721
-22657.8
-22296.5
-111988
-14954.6
218888
243791
832606
133662
608429
715825
2.79315e+06
266711
150559
59302.9
-897232
398667
-109672
-69251.9
284884
-214213
-726880
-631896
-595551
-910732
-10332.2
-2237.29
-56101.9
10605.9
200611
219114
739419
128282
638928
746785
2.84209e+06
300266
214432
107436
-795127
449033
-131759
-91580.9
279421
-249677
-711506
-613521
-517276
-903417
35860.9
41593.4
-16944.4
65775.1
187735
195922
678520
114444
674335
782039
2.9271e+06
335080
267165
157280
-693905
508040
-153622
-105830
287520
-273546
-711478
-611331
-455097
-928383
83116.9
79785
37252.5
122145
162075
170441
604981
91094.4
702014
841123
2.99161e+06
375184
284009
184424
-667088
563654
-187406
-114722
256667
-309403
-688590
-594801
-401498
-871112
118979
111789
54070.3
168994
196675
201435
638754
131932
792489
921642
3.16737e+06
465805
334819
220528
-651533
624312
-196730
-125567
260377
-321531
-696084
-599745
-389702
-900068
138773
120194
79607.5
187026
200351
204922
697453
112883
818974
941303
3.20405e+06
491057
372248
254143
-666818
685276
-213029
-137003
237581
-334005
-715469
-627773
-454387
-916301
106282
85176.7
-19292
154882
211400
227582
701316
152593
875272
997037
3.28991e+06
554155
419281
293324
-651894
742342
-185946
-116296
277597
-310605
-754408
-659306
-523497
-955731
86993.2
64029.2
-37101.2
129763
226934
235082
697193
161736
948765
1.08366e+06
3.43897e+06
636255
439112
303262
-668945
766015
-208408
-131506
280690
-346315
-787028
-683228
-554911
-983236
65880.4
51323.2
-61371.9
107390
237695
245365
754453
163202
1.0215e+06
1.15089e+06
3.59777e+06
700933
440776
293358
-725227
777902
-241610
-160947
262714
-387610
-834609
-733644
-616054
-1.0516e+06
14700.7
-7198.35
-133399
45651.5
214462
223878
765198
120654
1.00649e+06
1.10498e+06
3.57981e+06
654002
379001
227226
-848431
708701
-235646
-173369
270324
-391740
-865403
-762981
-654999
-1.08267e+06
-10899.3
-25453
-187880
12175
196290
212597
730641
119324
946697
1.05411e+06
3.52334e+06
582582
325220
184415
-933699
651467
-228187
-159079
296628
-387362
-885513
-765770
-646202
-1.11229e+06
4049.6
-5323.1
-127515
26382.2
206424
220249
727833
125796
853542
966400
3.44127e+06
467966
269111
129871
-992552
584383
-228197
-160885
361489
-396978
-907975
-794479
-669733
-1.14323e+06
-9621.6
-19876.8
-122687
-4408.1
200726
221703
655421
153538
787848
908313
3.37488e+06
390640
229893
97534.1
-1.02488e+06
540944
-185700
-118510
453282
-358369
-931315
-807921
-657637
-1.17482e+06
-7853.84
-12975.4
-47459.6
-10255.2
188312
195683
569799
138647
721225
847366
3.31239e+06
310341
185918
45595
-1.09811e+06
486236
-183347
-114577
469072
-354444
-960548
-837366
-679337
-1.20789e+06
-6404.97
-6050.71
-21966.3
-10299.7
162442
161935
495476
118423
652036
791895
3.26236e+06
225382
125976
-6158.9
-1.19556e+06
424709
-160863
-89053.7
514504
-331072
-998404
-865152
-709471
-1.25743e+06
-559.321
608.819
16776.1
-15286.9
122851
128250
388952
79121
-502173
-517162
-1.31411e+06
-429519
-68455
-15202.8
446954
-202123
1.7123e+06
1.70622e+06
3.69861e+06
1.65004e+06
381278
387840
985366
332383
-437645
-438985
-1.00869e+06
-403986
-48789
-4157.79
387498
-160918
-498919
-520613
-1.33183e+06
-421866
-30391.4
19428.5
558478
-175133
1.7506e+06
1.73816e+06
3.77882e+06
1.68383e+06
391678
399408
1.06275e+06
333003
-454067
-458815
-1.02084e+06
-424479
-43919.8
-12630.3
410707
-169074
-519878
-531305
-1.37997e+06
-433698
-22816.2
39690.6
589367
-162743
1.80197e+06
1.79392e+06
3.8317e+06
1.7446e+06
388232
407930
1.0641e+06
316909
-459894
-464572
-1.05767e+06
-415248
-19900.8
35351.1
488497
-138219
-528419
-546961
-1.4152e+06
-434758
6810.15
64762.5
638599
-133806
1.85491e+06
1.83988e+06
3.90254e+06
1.79895e+06
391884
409848
1.10461e+06
308185
-479473
-487914
-1.13389e+06
-425420
44034.4
84823.1
592653
-83448.5
-513608
-542232
-1.45726e+06
-415010
24390.2
79656.3
702011
-125932
1.9103e+06
1.88927e+06
4.00113e+06
1.86027e+06
386138
409623
1.1776e+06
290257
-517065
-531602
-1.23819e+06
-467242
50952.7
92861.5
610123
-75183.8
-520342
-544851
-1.49795e+06
-410177
50509.3
108450
787894
-108638
1.95963e+06
1.93488e+06
4.10305e+06
1.90507e+06
380129
406143
1.2356e+06
274958
-560827
-564891
-1.31406e+06
-507888
42811.1
77296.7
618857
-92934.3
-537687
-565642
-1.53774e+06
-438048
29249.5
89477.3
789143
-120698
1.96891e+06
1.94807e+06
4.16889e+06
1.89416e+06
369893
412317
1.25278e+06
264954
-588978
-593286
-1.37534e+06
-541255
8895.4
66370.5
602039
-108486
-550283
-572168
-1.5278e+06
-456111
11745
73021.5
766135
-134746
1.98098e+06
1.96657e+06
4.27907e+06
1.88526e+06
401333
443868
1.3107e+06
299607
-620201
-620855
-1.41378e+06
-575859
24924.1
76026
605207
-86419.1
-559110
-580067
-1.51649e+06
-481032
-8415.98
50396.9
703171
-155013
2.01661e+06
2.00794e+06
4.39479e+06
1.90805e+06
425734
467376
1.33283e+06
319028
-623771
-631052
-1.42937e+06
-581298
63800.1
115854
645031
-30037.9
-568892
-583593
-1.48965e+06
-486750
-12923.8
49612
661929
-143826
2.05177e+06
2.0439e+06
4.51538e+06
1.93719e+06
457874
494509
1.37609e+06
357074
-639589
-643705
-1.4584e+06
-593360
119466
160737
678272
32319
-571112
-586440
-1.48169e+06
-501254
-37330.3
19964.5
600981
-172391
2.0728e+06
2.07018e+06
4.62219e+06
1.93913e+06
475256
512953
1.41998e+06
369182
-683523
-681360
-1.53235e+06
-640899
137547
179383
666331
61594
-577056
-583975
-1.46161e+06
-496207
-51557.3
5255.22
567436
-182954
2.09939e+06
2.10421e+06
4.76282e+06
1.95976e+06
491323
527137
1.46368e+06
397103
-725052
-720462
-1.59287e+06
-681079
150217
176580
654383
79271.6
-544807
-563756
-1.46087e+06
-454414
-29823.6
25037.9
617841
-178472
2.14626e+06
2.14959e+06
4.84724e+06
2.001e+06
501788
536916
1.48166e+06
406591
-719788
-715809
-1.57916e+06
-671650
124478
158251
596341
54545.5
-530619
-556717
-1.48079e+06
-434076
-40722.3
11081.8
661824
-208293
2.14973e+06
2.1521e+06
4.91294e+06
1.97482e+06
504879
537504
1.51028e+06
396778
-722325
-723401
-1.59051e+06
-674751
91167.3
111837
568054
1048.64
-487046
-509914
-1.4551e+06
-382819
-63382.9
3526.34
668010
-245110
2.20016e+06
2.21166e+06
5.05221e+06
2.00153e+06
512720
549506
1.50488e+06
391437
-714654
-718801
-1.61149e+06
-662201
74633.7
116777
571689
-19185.2
-458665
-497292
-1.44434e+06
-336294
-72793.1
-8970.36
698011
-258420
2.23978e+06
2.24784e+06
5.20241e+06
2.03345e+06
509956
537978
1.51801e+06
382030
-729616
-738788
-1.66529e+06
-662490
77300.2
108559
590366
-26994.5
-435206
-488155
-1.48959e+06
-309262
-99025.4
-39018.2
689389
-306035
2.26052e+06
2.27059e+06
5.29874e+06
2.04417e+06
484110
518458
1.52269e+06
349937
-752716
-772675
-1.76655e+06
-688557
42613.1
76489.9
558619
-72828.5
-426479
-465419
-1.51234e+06
-267991
-129630
-49184.2
703194
-336192
2.26655e+06
2.2938e+06
5.40478e+06
2.03949e+06
460882
504454
1.53391e+06
327193
-784396
-786593
-1.84218e+06
-700782
-14834.4
24639.8
502875
-133606
-380119
-436291
-1.48686e+06
-235357
-131966
-57306.8
739906
-363785
2.2964e+06
2.31073e+06
5.4792e+06
2.08268e+06
476212
512983
1.55133e+06
350656
-754550
-763413
-1.79364e+06
-690334
-60266
-20629.8
458641
-189382
-397927
-445353
-1.46919e+06
-261456
-176769
-90190.1
746722
-420443
2.25367e+06
2.27137e+06
5.4198e+06
2.04012e+06
467393
506689
1.53348e+06
349570
-765078
-762952
-1.74367e+06
-708123
-104395
-61817.4
411714
-233893
-371874
-412288
-1.3818e+06
-241081
-188499
-90120.1
789596
-441266
2.27116e+06
2.28998e+06
5.42985e+06
2.06404e+06
484511
522036
1.51638e+06
371947
-714339
-709884
-1.6174e+06
-650832
-90656
-36133.2
461426
-213367
-351602
-380307
-1.29696e+06
-221687
-189380
-77802.3
827664
-449330
2.27975e+06
2.29861e+06
5.42144e+06
2.07298e+06
487312
521964
1.48271e+06
375262
-677284
-664888
-1.53595e+06
-618641
-66770.7
-15592.4
491821
-200386
-281593
-326269
-1.19464e+06
-146156
-158069
-56500
908932
-418310
2.30473e+06
2.31647e+06
5.43584e+06
2.11144e+06
505327
536410
1.50476e+06
402001
-617522
-611936
-1.42895e+06
-552803
-56386.1
-8197.49
500654
-182277
-248127
-288031
-1.14166e+06
-112663
-154793
-54777.4
933012
-433561
2.29923e+06
2.30392e+06
5.41358e+06
2.09844e+06
513599
535447
1.48868e+06
420045
-590939
-589950
-1.38806e+06
-533955
-79375.6
-41097
448934
-212416
-257973
-306214
-1.12594e+06
-124356
-191843
-66711.3
945064
-452974
2.32119e+06
2.34303e+06
5.43012e+06
2.14881e+06
511285
550065
1.46318e+06
434794
-569972
-565692
-1.33888e+06
-514984
-94552.9
-29146.9
443808
-206552
-286144
-334509
-1.18411e+06
-152386
-205651
-86928.9
935591
-471310
2.37961e+06
2.39086e+06
5.46616e+06
2.21487e+06
536131
566154
1.44541e+06
468455
-552298
-553394
-1.33578e+06
-496840
-59298
-5818.07
470466
-167393
-305775
-352714
-1.21711e+06
-177032
-233304
-112768
893241
-503881
2.47729e+06
2.47123e+06
5.56103e+06
2.31426e+06
542920
561479
1.38349e+06
475278
-522992
-530247
-1.30657e+06
-459959
-2370.93
49368.8
552978
-110394
-345794
-402093
-1.27968e+06
-228161
-249013
-133863
857001
-522582
2.5447e+06
2.52547e+06
5.62353e+06
2.39035e+06
531349
538274
1.30747e+06
470628
-520477
-542807
-1.33849e+06
-456936
47853.5
85501.9
613292
-65618.8
-380614
-428037
-1.32922e+06
-266840
-302106
-174911
812737
-594057
2.58553e+06
2.57226e+06
5.6834e+06
2.44566e+06
506091
522344
1.26434e+06
448051
-544969
-561132
-1.391e+06
-484791
73419.6
118496
651912
-32162.8
-421267
-465370
-1.3856e+06
-298511
-350022
-223001
774966
-640077
2.62795e+06
2.60284e+06
5.73773e+06
2.4975e+06
487452
498627
1.21821e+06
443052
-574732
-583161
-1.44828e+06
-499036
83606.2
115017
661181
-11620.6
-452125
-488442
-1.46308e+06
-319981
-357102
-228304
746364
-648522
2.66319e+06
2.6398e+06
5.7889e+06
2.54026e+06
527925
526665
1.24643e+06
488084
-567228
-568966
-1.44618e+06
-477909
82783.8
136370
649314
-4183.95
-486562
-517425
-1.52882e+06
-360944
-356902
-230210
718986
-641805
2.67776e+06
2.64889e+06
5.81631e+06
2.53596e+06
566114
557656
1.28662e+06
522854
-544952
-552639
-1.41409e+06
-466094
103209
143514
697314
-2781.05
-507309
-544531
-1.57171e+06
-395193
-375102
-255628
633900
-654972
2.66657e+06
2.62756e+06
5.79474e+06
2.5074e+06
574760
554203
1.26623e+06
521901
-530491
-553882
-1.41477e+06
-442540
128322
174891
756430
23513.4
-546145
-584843
-1.60395e+06
-435408
-394723
-280628
565373
-667975
2.61965e+06
2.5772e+06
5.76858e+06
2.44085e+06
548341
520063
1.23243e+06
483212
-554353
-582875
-1.47414e+06
-466971
159267
193599
823438
39348.4
-591257
-622040
-1.6835e+06
-480802
-435732
-321502
469742
-708184
2.56735e+06
2.54907e+06
5.75645e+06
2.38673e+06
503940
496524
1.20567e+06
440646
-604472
-619521
-1.55895e+06
-515585
130947
180256
825193
5193.7
-619493
-639802
-1.72196e+06
-500418
-444698
-326693
423778
-702526
2.56005e+06
2.54495e+06
5.79269e+06
2.36987e+06
505714
495224
1.21712e+06
446869
-613067
-624857
-1.57762e+06
-524274
129632
175688
858788
2210.42
120053
85797.5
-89867.6
203604
-551618
-389571
706462
-927978
-702684
-699234
-1.56083e+06
-645897
-2.02799e+06
-1.89663e+06
-3.04268e+06
-2.20649e+06
-620131
-665621
-2.02012e+06
-435393
481325
522128
1.57643e+06
352136
150964
109636
-115310
260157
-558239
-382674
769489
-941675
-679400
-673662
-1.55331e+06
-604773
-2.01852e+06
-1.88976e+06
-3.02622e+06
-2.19599e+06
-644694
-688456
-2.0492e+06
-465445
526070
565265
1.67213e+06
395812
169099
113785
-179711
279948
-547864
-357408
828144
-942068
-666440
-670126
-1.61174e+06
-602551
-2.03273e+06
-1.9053e+06
-3.06617e+06
-2.21656e+06
-657626
-709170
-2.0982e+06
-492267
570624
605710
1.73211e+06
438864
191458
134128
-207345
318833
-510283
-320356
933225
-914784
-656887
-664085
-1.63765e+06
-578083
-2.04455e+06
-1.91149e+06
-3.08233e+06
-2.23517e+06
-690198
-734942
-2.1339e+06
-523905
606550
639037
1.78823e+06
475331
193539
127486
-275371
338549
-467714
-278464
1.04427e+06
-874618
-661376
-675547
-1.67872e+06
-576255
-2.05608e+06
-1.92243e+06
-3.09476e+06
-2.23561e+06
-731674
-774949
-2.17623e+06
-572150
625313
658713
1.81914e+06
499213
180708
108421
-368594
342409
-414181
-232782
1.15642e+06
-811880
-650070
-665945
-1.69743e+06
-537565
-2.05163e+06
-1.92726e+06
-3.1118e+06
-2.23718e+06
-754820
-789022
-2.17747e+06
-598412
652916
682141
1.86577e+06
532860
179201
105967
-413618
343236
-393462
-227050
1.17508e+06
-814173
-695642
-725161
-1.81977e+06
-604998
-2.09298e+06
-1.96174e+06
-3.16919e+06
-2.27429e+06
-774653
-816472
-2.25751e+06
-610628
653388
682123
1.86987e+06
517212
191054
108035
-417151
360344
-420393
-244390
1.13905e+06
-834018
-774174
-805175
-1.95025e+06
-685086
-2.12539e+06
-1.99924e+06
-3.24301e+06
-2.30376e+06
-803232
-856773
-2.36363e+06
-633476
633966
664560
1.8659e+06
493326
191868
115600
-406647
354449
-422887
-230139
1.15454e+06
-834877
-860383
-874362
-2.08547e+06
-781441
-2.19487e+06
-2.0543e+06
-3.33986e+06
-2.37896e+06
-813222
-865529
-2.43412e+06
-632669
626458
671799
1.89524e+06
484304
200144
119572
-385321
355289
-400611
-211411
1.19241e+06
-817606
-940800
-960208
-2.21222e+06
-877165
-2.24791e+06
-2.106e+06
-3.41435e+06
-2.45057e+06
-839919
-902342
-2.52303e+06
-659004
628571
670939
1.92054e+06
473135
204919
123083
-376998
361605
-340665
-164698
1.26112e+06
-744093
-1.01656e+06
-1.03611e+06
-2.32848e+06
-960218
-2.26255e+06
-2.12167e+06
-3.43924e+06
-2.45339e+06
-866414
-928740
-2.60305e+06
-678101
652007
691021
1.96284e+06
501556
180594
97411
-417232
335739
-308827
-140858
1.28214e+06
-706576
-1.10265e+06
-1.11398e+06
-2.46044e+06
-1.04757e+06
-2.29195e+06
-2.16002e+06
-3.52035e+06
-2.4951e+06
-907586
-969945
-2.68366e+06
-721429
640188
677442
1.95356e+06
480678
186659
127902
-411797
361563
-315317
-140674
1.30387e+06
-717064
-1.12763e+06
-1.10445e+06
-2.49192e+06
-1.05146e+06
-2.34934e+06
-2.19939e+06
-3.6202e+06
-2.5452e+06
-923623
-952301
-2.75024e+06
-697937
648105
714661
2.0163e+06
510973
266921
192083
-315473
442865
-333965
-160205
1.32164e+06
-752697
-1.06785e+06
-1.05806e+06
-2.41047e+06
-998476
-2.3668e+06
-2.22654e+06
-3.66777e+06
-2.57724e+06
-853984
-902076
-2.72015e+06
-627103
715411
769900
2.14672e+06
560222
302957
215125
-278399
478530
-380396
-203904
1.28674e+06
-798369
-1.05153e+06
-1.05098e+06
-2.40892e+06
-985929
-2.43749e+06
-2.29863e+06
-3.79202e+06
-2.65296e+06
-789700
-854272
-2.69447e+06
-548819
754286
797699
2.22427e+06
600747
331713
250332
-239262
516009
-432326
-247388
1.22853e+06
-855641
-1.05524e+06
-1.05636e+06
-2.42162e+06
-981253
-2.52774e+06
-2.38432e+06
-3.93132e+06
-2.75033e+06
-753214
-828289
-2.69472e+06
-493913
763152
808269
2.25903e+06
606318
348990
263242
-221232
539806
-466137
-282072
1.18599e+06
-902684
-1.07126e+06
-1.06971e+06
-2.43968e+06
-1.00433e+06
-2.61047e+06
-2.46083e+06
-4.05694e+06
-2.83268e+06
-733015
-809419
-2.70973e+06
-460720
761843
813441
2.28387e+06
599757
365460
280323
-219081
550070
-483561
-288900
1.18231e+06
-926022
-1.06882e+06
-1.05837e+06
-2.42194e+06
-996427
-2.66847e+06
-2.50886e+06
-4.15939e+06
-2.90655e+06
-698407
-774149
-2.68986e+06
-417129
779838
838967
2.34107e+06
613174
360885
281938
-185556
553869
-525269
-331029
1.18242e+06
-999143
-1.05672e+06
-1.04846e+06
-2.40251e+06
-972535
-2.72174e+06
-2.56065e+06
-4.19875e+06
-2.95704e+06
-708409
-788598
-2.74948e+06
-401070
793232
846936
2.38603e+06
621133
379231
299204
-146172
572962
-582648
-374020
1.18638e+06
-1.07438e+06
-1.02674e+06
-1.01966e+06
-2.37669e+06
-929828
-2.7734e+06
-2.60593e+06
-4.26444e+06
-3.01292e+06
-714876
-798536
-2.81544e+06
-399624
800499
858825
2.41006e+06
632771
382122
292019
-113892
557985
-634255
-414411
1.193e+06
-1.13992e+06
-989629
-997634
-2.36094e+06
-896982
-2.83877e+06
-2.67388e+06
-4.3464e+06
-3.0942e+06
-703715
-804641
-2.85785e+06
-387801
815939
862398
2.43856e+06
649126
383233
307018
-75005.6
559480
-683306
-449446
1.18772e+06
-1.20707e+06
-972321
-975416
-2.36047e+06
-861109
-2.91395e+06
-2.73045e+06
-4.43399e+06
-3.17759e+06
-719859
-817810
-2.92338e+06
-387808
811270
867839
2.42598e+06
651336
391685
321113
-9207.94
557803
-699196
-455833
1.25766e+06
-1.24532e+06
-947778
-953212
-2.31978e+06
-840314
-2.95308e+06
-2.76555e+06
-4.45335e+06
-3.21924e+06
-718270
-811702
-2.93373e+06
-380901
835612
891515
2.46964e+06
673322
375694
302756
-3944.95
531135
-713655
-470307
1.31229e+06
-1.27857e+06
-927975
-936756
-2.28881e+06
-810856
-2.99765e+06
-2.81158e+06
-4.51387e+06
-3.28889e+06
-735651
-834010
-2.96225e+06
-404614
842004
894353
2.48187e+06
677882
375892
312693
8197.49
529957
-754797
-507346
1.27252e+06
-1.324e+06
-932115
-951141
-2.31208e+06
-821771
-3.02937e+06
-2.82666e+06
-4.52887e+06
-3.30287e+06
-736894
-846027
-3.00492e+06
-396790
837869
878002
2.45329e+06
665682
409022
344398
67223.9
561125
-800336
-545363
1.20227e+06
-1.36861e+06
-939786
-958649
-2.35122e+06
-825355
-3.0133e+06
-2.80991e+06
-4.5303e+06
-3.27736e+06
-715782
-829368
-3.01358e+06
-370740
818382
862842
2.40481e+06
649914
448767
378715
162070
588470
-848967
-591133
1.12225e+06
-1.42563e+06
-953466
-985332
-2.40642e+06
-853181
-2.99794e+06
-2.80308e+06
-4.52955e+06
-3.26549e+06
-675918
-808828
-3.01238e+06
-324644
823555
857735
2.39606e+06
647317
500574
436397
280140
635931
-880017
-621194
1.07755e+06
-1.45785e+06
-983074
-1.0178e+06
-2.45936e+06
-883722
-2.98272e+06
-2.78554e+06
-4.50906e+06
-3.24696e+06
-676176
-811520
-3.0428e+06
-321047
815661
850694
2.38572e+06
640371
532032
468875
360624
669583
-912919
-647849
1.03053e+06
-1.49596e+06
-1.05205e+06
-1.07562e+06
-2.56298e+06
-957984
-2.97538e+06
-2.78158e+06
-4.51598e+06
-3.23224e+06
-691536
-821833
-3.08512e+06
-327439
789541
828308
2.33241e+06
616328
545599
478146
397975
676769
-937370
-675580
990337
-1.5105e+06
-1.09081e+06
-1.11037e+06
-2.62355e+06
-982284
-2.96681e+06
-2.77358e+06
-4.52454e+06
-3.21747e+06
-686833
-817070
-3.08736e+06
-320457
757907
800621
2.27714e+06
591368
538488
461554
407103
669541
-972800
-710939
967255
-1.58395e+06
-1.08565e+06
-1.0904e+06
-2.62625e+06
-968355
-2.95415e+06
-2.76983e+06
-4.52534e+06
-3.20689e+06
-682097
-789719
-3.06954e+06
-301534
766506
828682
2.32135e+06
597842
520679
437516
375362
649732
-1.02634e+06
-753998
964758
-1.65004e+06
-1.04559e+06
-1.06212e+06
-2.58383e+06
-925106
-2.95362e+06
-2.78072e+06
-4.5451e+06
-3.21365e+06
-641172
-766882
-2.99882e+06
-279700
804263
857989
2.42039e+06
619348
489471
408816
321797
613156
-1.0768e+06
-779682
954144
-1.70339e+06
-1.04554e+06
-1.05781e+06
-2.61464e+06
-920069
-2.99082e+06
-2.81222e+06
-4.60399e+06
-3.248e+06
-611046
-732932
-2.94414e+06
-247594
826625
885969
2.49761e+06
645046
468721
391872
285994
586756
-1.09398e+06
-795775
961348
-1.7361e+06
-1.04019e+06
-1.05877e+06
-2.63183e+06
-912183
-3.03063e+06
-2.85332e+06
-4.6709e+06
-3.30484e+06
-600939
-728942
-2.91522e+06
-245104
845138
903407
2.55048e+06
654772
432150
358666
237291
556159
-1.09115e+06
-798814
995222
-1.7414e+06
-1.0355e+06
-1.05614e+06
-2.62612e+06
-903754
-3.06499e+06
-2.87793e+06
-4.70347e+06
-3.32511e+06
-589791
-714339
-2.85833e+06
-235433
871421
932157
2.62727e+06
679508
384794
306507
151500
487723
-1.10139e+06
-807652
1.00592e+06
-1.76099e+06
-1.01731e+06
-1.04053e+06
-2.62076e+06
-883753
-3.0813e+06
-2.90482e+06
-4.75765e+06
-3.3672e+06
-576101
-696186
-2.79349e+06
-240119
889522
950154
2.68401e+06
682475
316314
264835
49940.8
434447
1.87045e+06
1.70333e+06
2.11523e+06
2.19988e+06
245243
217468
281466
277696
-881853
-929421
-2.7076e+06
-659748
29788.3
37420.8
-19444.7
59802.1
-266114
-186887
145018
-380143
310106
261535
46368.5
419146
1.88735e+06
1.71821e+06
2.15787e+06
2.21264e+06
248856
219429
283003
280175
-859066
-916627
-2.71865e+06
-635543
67714.7
66541.6
22288.7
90142
-238134
-166260
181735
-360274
300973
240952
58989
401873
1.90864e+06
1.73888e+06
2.20185e+06
2.24681e+06
258920
223305
322792
293380
-907107
-979183
-2.79454e+06
-684123
94541.6
84010.6
65103.3
117737
-235244
-173318
224489
-371461
270936
220144
48860.4
356151
1.93389e+06
1.75885e+06
2.22048e+06
2.25978e+06
255249
222270
320639
285434
-975640
-1.04545e+06
-2.90255e+06
-775751
83186.2
65447
43878.8
94021.9
-259064
-187472
237682
-415894
259211
220841
79176.2
345907
1.96976e+06
1.80593e+06
2.30858e+06
2.30237e+06
261998
235105
336793
294435
-996809
-1.04333e+06
-2.90107e+06
-787976
83618.9
81490.5
97909.5
90953
-232386
-142742
374062
-391620
272213
226489
106736
350166
2.01924e+06
1.82981e+06
2.37328e+06
2.35326e+06
278074
242248
349673
307717
-998341
-1.06537e+06
-2.93094e+06
-796145
101616
92934.3
148743
110043
-211381
-137772
441364
-387225
278563
237878
118018
359027
2.05894e+06
1.86152e+06
2.38682e+06
2.3991e+06
239395
211753
308190
256411
-1.01524e+06
-1.05665e+06
-2.97888e+06
-788606
85048
79432.8
123428
93400.3
-210686
-129058
443448
-383155
275812
229492
108439
350161
2.08767e+06
1.88123e+06
2.4073e+06
2.43822e+06
190610
164841
252406
200933
-966736
-1.02512e+06
-2.97977e+06
-727828
64459.9
53381.6
95101.6
64721.5
-167683
-92991.6
485394
-335414
238969
201096
62205.6
319370
2.08631e+06
1.88873e+06
2.3692e+06
2.44737e+06
117128
106908
169852
122627
-1.03365e+06
-1.09128e+06
-3.12764e+06
-785903
-2944.39
-2397.09
-22648.6
-2176.47
-167212
-85197.9
480439
-340044
231459
195901
52199.3
315037
2.12301e+06
1.92661e+06
2.39177e+06
2.49462e+06
79563.7
74128.1
127650
80009.1
-1.06818e+06
-1.12734e+06
-3.21886e+06
-825034
-60120.3
-61597.5
-126740
-61666.1
-141500
-55254
532145
-315896
216761
175145
13203.1
299338
2.17925e+06
1.96838e+06
2.43476e+06
2.56903e+06
30379.4
22087.2
62244.5
22852.3
-1.07365e+06
-1.13071e+06
-3.25711e+06
-813536
-110228
-111520
-193360
-118898
-85319.5
-3973.23
639448
-244660
227471
189269
17300.8
301404
2.2313e+06
2.00402e+06
2.46586e+06
2.61662e+06
-18217.9
-20213.4
-5435.53
-43537.3
-1.0656e+06
-1.13692e+06
-3.31788e+06
-809095
-155691
-149396
-241589
-181110
-54602.1
14244
679380
-235377
267196
241068
108001
373284
2.28535e+06
2.06945e+06
2.54867e+06
2.68401e+06
-27622.4
-17243.5
25097.3
-51449.8
-1.05033e+06
-1.11334e+06
-3.32634e+06
-763732
-138654
-120915
-204287
-146036
-55171.3
18400.3
688667
-199534
342933
308519
178455
461246
2.36521e+06
2.14441e+06
2.66205e+06
2.77048e+06
-13536.1
-186.676
59564.6
-39253.6
-1.00616e+06
-1.08407e+06
-3.32146e+06
-716791
-82298
-68785.9
-155850
-79491.5
-25438.9
44995.3
682756
-159757
390481
335013
180194
528608
2.44076e+06
2.20494e+06
2.74066e+06
2.85977e+06
-20354.8
-11776.2
53257.2
-40500.2
-1.05229e+06
-1.15286e+06
-3.45275e+06
-755826
-35146.7
-41132.4
-156451
-15457.4
-8245.57
34858.2
636842
-143104
417242
359783
157802
573196
2.5047e+06
2.27352e+06
2.80511e+06
2.9375e+06
-25595.1
-12640.9
37083.5
-42515.5
-1.12761e+06
-1.22167e+06
-3.60697e+06
-833974
-23982.9
-38727.5
-215302
10267.2
-30342
26530.6
566566
-148321
442071
378576
149670
608670
2.58841e+06
2.34739e+06
2.91711e+06
3.03746e+06
-34599.4
-23631.5
22565.9
-53386.6
-1.16784e+06
-1.24937e+06
-3.68837e+06
-862516
-27346.6
-42569.9
-248267
9699.38
-14437.7
41027
570084
-117806
500286
434301
198445
676172
2.67892e+06
2.42456e+06
3.02289e+06
3.131e+06
-21020.2
-6809.44
37666.2
-43882.3
-1.17573e+06
-1.26638e+06
-3.74624e+06
-873714
-16056.3
-27676.2
-252874
34260.7
-4692.36
43846.3
551365
-116417
534822
448794
217689
703215
2.71012e+06
2.45208e+06
3.06156e+06
3.16756e+06
-22303.6
-16707.5
69220.8
-48372.5
-1.16921e+06
-1.24734e+06
-3.73721e+06
-844700
19933.3
-196.576
-214205
77372.3
-30453.7
8711.56
457255
-141548
527517
436586
217257
686973
2.72625e+06
2.4662e+06
3.07748e+06
3.1895e+06
-47387.5
-40350.3
56675.3
-75998.4
-1.12324e+06
-1.21761e+06
-3.70562e+06
-795760
33732.5
2097.99
-183025
79771.5
-65169.8
-28257.4
374254
-178634
510141
418532
181410
680158
2.7746e+06
2.52226e+06
3.1188e+06
3.25745e+06
-64888.4
-49143.2
33297
-82797.3
-1.13063e+06
-1.23036e+06
-3.76207e+06
-783135
60117.5
32951.2
-153719
121798
-73665.7
-37448.4
341686
-188225
496499
401985
137020
660938
2.8452e+06
2.57275e+06
3.17241e+06
3.3315e+06
-64143.8
-56199.4
9751.71
-84261
-1.13808e+06
-1.2535e+06
-3.83449e+06
-796108
68706.7
23134.4
-168555
117725
-88403.2
-58264.9
310218
-212508
446059
366379
72764.1
611159
2.87511e+06
2.60446e+06
3.19215e+06
3.37092e+06
-106027
-92216.6
-53049.3
-133120
-1.17183e+06
-1.26686e+06
-3.90054e+06
-821789
25372.4
-2326.38
-201493
68184.9
-134742
-84200.2
264749
-254136
442940
350850
68851
597208
2.90694e+06
2.62017e+06
3.22718e+06
3.41734e+06
-131845
-120038
-85724.7
-162089
-1.16812e+06
-1.28185e+06
-3.91999e+06
-815488
3033.49
-27559.5
-197303
39860.3
-178295
-141922
214211
-310524
424603
352322
85987
570215
2.8954e+06
2.6091e+06
3.19666e+06
3.38638e+06
-124037
-103110
-90484.9
-159533
-1.18496e+06
-1.28672e+06
-3.95874e+06
-838414
-23188.2
-24705.6
-213231
18914.4
-225712
-161674
168973
-354145
412627
341679
113302
541384
2.84899e+06
2.56974e+06
3.19091e+06
3.32046e+06
-103902
-87347.5
-50915.9
-139083
-1.15987e+06
-1.2707e+06
-3.91114e+06
-819488
6001.92
-2717.41
-147855
40394.2
-227184
-165459
203287
-370342
407363
340256
160491
543095
2.82847e+06
2.56996e+06
3.22265e+06
3.2961e+06
-50085.1
-29362.6
40077.4
-62893.6
-1.17562e+06
-1.28741e+06
-3.90973e+06
-827526
50688.2
43024.6
-71559.2
103331
-217306
-146658
289863
-367530
396268
328735
171343
527517
2.8318e+06
2.5741e+06
3.27934e+06
3.29437e+06
1737.36
18454.1
90448.1
4620.94
-1.20058e+06
-1.31055e+06
-3.9402e+06
-858310
68800.1
54148.1
-62769.2
132341
-204329
-123343
384984
-361038
393228
330498
168287
515475
2.85254e+06
2.59107e+06
3.32964e+06
3.30666e+06
57514.7
58614.9
122781
63399.9
-1.2045e+06
-1.30889e+06
-3.95343e+06
-862489
106330
87862.3
-17841.7
160186
-165266
-85207.1
496880
-333316
409567
350755
223488
529375
2.84743e+06
2.59256e+06
3.37858e+06
3.28964e+06
95315.9
99284.9
157941
107288
-1.20522e+06
-1.31114e+06
-3.9533e+06
-873087
123851
114529
42892.4
179430
-168588
-81371.7
565133
-361937
413730
350702
207927
537159
2.86121e+06
2.58548e+06
3.38902e+06
3.3014e+06
112126
107949
165742
119282
-1.24252e+06
-1.32937e+06
-4.02635e+06
-896505
129258
105073
20318.7
179493
-183352
-114830
546500
-375749
422621
355194
206667
550866
2.82902e+06
2.55767e+06
3.34892e+06
3.2692e+06
112924
110553
176368
121901
-1.24086e+06
-1.33202e+06
-4.0431e+06
-893516
122705
96867.3
7277.54
179022
-201699
-129804
498651
-387342
404703
340536
152758
536326
2.81531e+06
2.55439e+06
3.31513e+06
3.24679e+06
113235
117453
165969
127100
-1.30393e+06
-1.39469e+06
-4.15767e+06
-955142
102004
81106.6
-80082
169147
-211264
-143698
446006
-413115
412629
343959
131360
555584
2.82316e+06
2.56276e+06
3.34095e+06
3.24989e+06
142082
144273
185401
166882
-1.34045e+06
-1.4324e+06
-4.23575e+06
-998648
87058.3
54831.9
-155224
157428
-224148
-151121
435354
-423559
398048
328861
89786.3
540200
2.834e+06
2.5705e+06
3.37526e+06
3.26606e+06
150941
145796
189548
175394
-1.38208e+06
-1.46258e+06
-4.30051e+06
-1.03511e+06
44885
16503.2
-209392
104044
-239103
-163175
444595
-438820
403597
330559
81328.6
548785
2.8375e+06
2.5683e+06
3.38821e+06
3.26541e+06
162002
156890
192559
187751
-1.40635e+06
-1.49794e+06
-4.35931e+06
-1.06445e+06
2352.54
-20146.2
-261531
66806.7
-274620
-196819
409065
-484379
1.52516e+06
1.45514e+06
2.42338e+06
1.63941e+06
-320754
-322045
-855015
-279854
451288
472689
1.26871e+06
359251
-1.69264e+06
-1.53734e+06
-1.85881e+06
-2.01621e+06
-741748
-663290
-635439
-926716
-261743
-255485
-656480
-221124
1.579e+06
1.5067e+06
2.51964e+06
1.69263e+06
-308740
-316483
-868329
-263648
435170
466058
1.31826e+06
331805
-1.7814e+06
-1.62096e+06
-1.97361e+06
-2.11995e+06
-802791
-725254
-706333
-993589
-237440
-240631
-652293
-184571
1.64698e+06
1.56853e+06
2.63323e+06
1.774e+06
-319874
-323687
-891879
-264596
425028
469866
1.34544e+06
314276
-1.86486e+06
-1.6906e+06
-2.06334e+06
-2.2158e+06
-835920
-747632
-753943
-1.01794e+06
-221476
-230630
-659205
-150485
1.71175e+06
1.6413e+06
2.71368e+06
1.86472e+06
-327442
-338089
-936924
-267213
441754
494633
1.40655e+06
339148
-1.95667e+06
-1.77258e+06
-2.1724e+06
-2.30936e+06
-877493
-788100
-853769
-1.05079e+06
-201718
-202200
-687406
-102798
1.7946e+06
1.70152e+06
2.81048e+06
1.94739e+06
-313972
-331558
-942144
-257254
459996
500098
1.4588e+06
341870
-2.02035e+06
-1.847e+06
-2.26939e+06
-2.38959e+06
-913291
-833848
-927101
-1.09931e+06
-171785
-195740
-708901
-71970.7
1.86601e+06
1.77964e+06
2.9124e+06
2.01928e+06
-311740
-327139
-945417
-248877
463351
516100
1.52453e+06
334026
-2.1074e+06
-1.90685e+06
-2.37048e+06
-2.49567e+06
-972327
-883234
-988295
-1.17667e+06
-151206
-170941
-719623
-53233.8
1.91473e+06
1.80317e+06
3.00195e+06
2.06009e+06
-307201
-320492
-940852
-231058
500029
531886
1.59523e+06
366385
-2.13039e+06
-1.9343e+06
-2.3568e+06
-2.51512e+06
-988348
-888677
-1.00689e+06
-1.18389e+06
-167857
-203462
-734726
-80651.2
1.93392e+06
1.83466e+06
3.03537e+06
2.08814e+06
-286833
-299507
-937416
-203220
510853
556603
1.62709e+06
388762
-2.17473e+06
-1.96956e+06
-2.41285e+06
-2.56215e+06
-991914
-894053
-1.0318e+06
-1.18246e+06
-186120
-215248
-766540
-88844.4
1.96515e+06
1.84793e+06
3.07337e+06
2.12656e+06
-309134
-331379
-968939
-225293
537369
577238
1.64851e+06
416956
-2.22061e+06
-2.01187e+06
-2.43823e+06
-2.61865e+06
-978105
-883630
-1.03632e+06
-1.15422e+06
-220934
-264722
-826754
-132608
1.97889e+06
1.86818e+06
3.08146e+06
2.14436e+06
-344289
-365088
-1.02449e+06
-267141
571907
613378
1.69635e+06
459298
-2.27664e+06
-2.05834e+06
-2.47898e+06
-2.68508e+06
-987597
-895266
-1.08396e+06
-1.16374e+06
-263381
-283681
-885578
-167777
1.99695e+06
1.8857e+06
3.10558e+06
2.16522e+06
-341897
-354328
-1.01425e+06
-265724
600940
639195
1.72944e+06
491609
-2.30127e+06
-2.08297e+06
-2.49309e+06
-2.71742e+06
-976411
-883509
-1.07976e+06
-1.14555e+06
-283580
-309726
-918156
-190065
2.03503e+06
1.92255e+06
3.14331e+06
2.21383e+06
-331929
-349989
-1.00052e+06
-250720
638857
673129
1.78371e+06
543556
-2.33547e+06
-2.10522e+06
-2.52818e+06
-2.76486e+06
-978645
-891450
-1.09112e+06
-1.15489e+06
-295215
-319578
-955547
-212155
2.02828e+06
1.89029e+06
3.12705e+06
2.17097e+06
-315053
-336355
-1.00017e+06
-225716
643857
653254
1.75332e+06
526339
-2.38281e+06
-2.15549e+06
-2.59149e+06
-2.82222e+06
-1.01148e+06
-917024
-1.12944e+06
-1.18987e+06
-310544
-336669
-966334
-247804
1.97053e+06
1.85453e+06
3.07957e+06
2.11482e+06
-297161
-323313
-1.00558e+06
-198785
606399
627441
1.68777e+06
497458
-2.43755e+06
-2.19993e+06
-2.6835e+06
-2.87141e+06
-1.04888e+06
-953207
-1.1824e+06
-1.23237e+06
-307133
-326135
-948846
-236621
1.94448e+06
1.82578e+06
3.06859e+06
2.08816e+06
-300221
-333230
-1.03769e+06
-192988
584791
600315
1.6351e+06
475051
-2.47797e+06
-2.23535e+06
-2.74436e+06
-2.91025e+06
-1.03987e+06
-941391
-1.15329e+06
-1.22529e+06
-288927
-313824
-894558
-218131
1.9302e+06
1.82532e+06
3.05895e+06
2.08407e+06
-310314
-344806
-1.08671e+06
-195154
565048
587973
1.59284e+06
463571
-2.51359e+06
-2.26897e+06
-2.8077e+06
-2.93962e+06
-1.03709e+06
-933458
-1.13794e+06
-1.22026e+06
-257139
-269340
-835368
-172276
1.91909e+06
1.80489e+06
3.01902e+06
2.06773e+06
-307094
-340941
-1.11119e+06
-189804
545551
566080
1.54075e+06
447627
-2.55024e+06
-2.31279e+06
-2.88239e+06
-2.98454e+06
-1.04194e+06
-942086
-1.13615e+06
-1.22633e+06
-225862
-248323
-811797
-140760
1.9153e+06
1.81066e+06
3.00582e+06
2.0628e+06
-304363
-341877
-1.12806e+06
-181919
530784
552361
1.49543e+06
431008
-2.59063e+06
-2.33794e+06
-2.94829e+06
-3.02827e+06
-1.06531e+06
-961464
-1.15668e+06
-1.26649e+06
-201325
-222489
-784304
-120334
1.9325e+06
1.82086e+06
3.06012e+06
2.07709e+06
-280601
-320475
-1.08851e+06
-167292
519317
534317
1.4989e+06
410828
-2.59255e+06
-2.36101e+06
-2.95765e+06
-3.03949e+06
-1.07454e+06
-971432
-1.12641e+06
-1.27877e+06
-201349
-231097
-759069
-133768
1.95024e+06
1.85123e+06
3.12343e+06
2.10166e+06
-248021
-287998
-1.03993e+06
-128752
495381
523767
1.49438e+06
390957
-2.6438e+06
-2.4019e+06
-3.03342e+06
-3.08876e+06
-1.08085e+06
-974434
-1.1128e+06
-1.28882e+06
-201119
-225417
-744910
-126344
1.98807e+06
1.87696e+06
3.18191e+06
2.13763e+06
-246148
-295218
-1.02963e+06
-136439
477442
504227
1.45702e+06
365091
-2.68007e+06
-2.43844e+06
-3.08374e+06
-3.13892e+06
-1.05762e+06
-954564
-1.06947e+06
-1.27123e+06
-204949
-236618
-732366
-146741
2.03372e+06
1.94441e+06
3.26671e+06
2.20159e+06
-254652
-294664
-1.02707e+06
-142472
478265
518569
1.47508e+06
369917
-2.71705e+06
-2.46143e+06
-3.11491e+06
-3.16924e+06
-1.05255e+06
-936187
-1.04119e+06
-1.26317e+06
-196018
-201096
-684321
-122613
2.08773e+06
1.97951e+06
3.33852e+06
2.25531e+06
-233366
-279427
-1.00215e+06
-123001
476775
509857
1.47563e+06
368808
-2.74821e+06
-2.50632e+06
-3.18395e+06
-3.20519e+06
-1.03432e+06
-927197
-1.00672e+06
-1.24133e+06
-164462
-191427
-649707
-94533.8
2.15286e+06
2.04564e+06
3.40892e+06
2.33351e+06
-205517
-251979
-970737
-82573.1
488554
520160
1.4843e+06
383808
-2.7802e+06
-2.52187e+06
-3.24542e+06
-3.23657e+06
-1.01259e+06
-906191
-971873
-1.22835e+06
-137623
-159103
-628940
-64907.5
2.21307e+06
2.09301e+06
3.53648e+06
2.37296e+06
-212582
-258694
-991396
-97264.7
535567
555492
1.57886e+06
418648
-2.75871e+06
-2.51066e+06
-3.17316e+06
-3.21529e+06
-998265
-895713
-936020
-1.21482e+06
-149314
-160713
-584275
-82949.3
2.22033e+06
2.10953e+06
3.59543e+06
2.37205e+06
-239685
-289347
-1.03301e+06
-136146
560359
587106
1.64767e+06
441796
-2.76303e+06
-2.51432e+06
-3.17861e+06
-3.21497e+06
-1.02591e+06
-920770
-1.00474e+06
-1.23475e+06
-139627
-151261
-545925
-78937.2
2.22503e+06
2.10488e+06
3.63085e+06
2.36949e+06
-317592
-364157
-1.14201e+06
-228580
591256
614996
1.7117e+06
456780
-2.81114e+06
-2.55996e+06
-3.24135e+06
-3.27045e+06
-1.0202e+06
-913833
-1.03308e+06
-1.22679e+06
-145038
-160544
-539192
-90866
2.22295e+06
2.11484e+06
3.66023e+06
2.36799e+06
-411907
-459573
-1.26367e+06
-343556
615703
642859
1.8026e+06
469534
-2.86654e+06
-2.61327e+06
-3.31379e+06
-3.33089e+06
-1.03076e+06
-925797
-1.07579e+06
-1.2344e+06
-151504
-157972
-531386
-100184
2.24122e+06
2.13103e+06
3.70075e+06
2.38e+06
-481895
-515744
-1.3359e+06
-425304
637689
671757
1.89435e+06
489898
-2.90035e+06
-2.65067e+06
-3.37123e+06
-3.37702e+06
-1.00688e+06
-913015
-1.066e+06
-1.20055e+06
-148064
-158480
-505847
-103295
2.28345e+06
2.17381e+06
3.77527e+06
2.43644e+06
-528157
-558850
-1.38063e+06
-467120
675454
705121
1.98562e+06
533167
-2.91946e+06
-2.65795e+06
-3.40847e+06
-3.38288e+06
-1.00359e+06
-911970
-1.08241e+06
-1.19314e+06
-127443
-137262
-460839
-79832.4
2.30659e+06
2.18415e+06
3.84243e+06
2.43834e+06
-524093
-525115
-1.34651e+06
-438087
644355
674069
1.95847e+06
494072
-2.89967e+06
-2.62736e+06
-3.38246e+06
-3.36491e+06
-1.05579e+06
-950192
-1.12318e+06
-1.24706e+06
-141206
-153671
-487635
-97830.3
2.30826e+06
2.19384e+06
3.90819e+06
2.43262e+06
-468629
-483623
-1.28389e+06
-383905
590050
628484
1.87677e+06
446360
-2.87385e+06
-2.60436e+06
-3.3387e+06
-3.33788e+06
-1.11973e+06
-1.0095e+06
-1.18438e+06
-1.32567e+06
-172724
-186620
-536793
-133259
2.33864e+06
2.22272e+06
4.00363e+06
2.45068e+06
-441504
-454900
-1.23261e+06
-355451
564086
608149
1.81145e+06
417166
-2.83654e+06
-2.55558e+06
-3.25642e+06
-3.30191e+06
-1.1324e+06
-1.00775e+06
-1.15045e+06
-1.35046e+06
-190218
-198732
-543643
-162350
2.37466e+06
2.26579e+06
4.10908e+06
2.48503e+06
-418829
-448072
-1.20308e+06
-342952
560133
596523
1.78707e+06
412571
-2.78337e+06
-2.51362e+06
-3.15971e+06
-3.24593e+06
-1.13992e+06
-1.01765e+06
-1.12564e+06
-1.37012e+06
-189042
-192798
-520482
-162390
2.38192e+06
2.27358e+06
4.15997e+06
2.47727e+06
-401413
-420517
-1.16368e+06
-325377
526455
566445
1.72546e+06
376658
-2.74605e+06
-2.4853e+06
-3.10589e+06
-3.21402e+06
-1.15586e+06
-1.0314e+06
-1.11892e+06
-1.39257e+06
-198100
-206445
-537885
-170800
2.39841e+06
2.29538e+06
4.21175e+06
2.50665e+06
-379944
-406545
-1.13659e+06
-287387
482717
521320
1.65158e+06
345507
-2.73168e+06
-2.45924e+06
-3.07773e+06
-3.18736e+06
-1.20026e+06
-1.07216e+06
-1.15394e+06
-1.44626e+06
-220960
-227767
-588234
-193466
