252879
234500
291670
204067
44824.2
69000.9
237941
135678
1.30188e+06
1.10527e+06
782776
703967
-1.78813e+06
-1.44731e+06
-620058
-723421
-195125
-124220
155851
46531.2
724695
594346
314815
333696
291081
270085
308250
234797
72489.8
95738
266351
148133
1.35172e+06
1.1533e+06
825911
729000
-1.73052e+06
-1.39309e+06
-595293
-691273
-90641.2
-31976.8
208808
79572.1
699638
585279
312840
315013
239969
223232
283572
207486
53705.5
78767.5
272113
161574
1.3703e+06
1.1623e+06
841304
758888
-1.75238e+06
-1.41589e+06
-605044
-694767
-14413.7
23980.1
235626
129101
756907
620126
328575
348094
298178
269407
297918
222522
41241.3
71411.4
266181
153031
1.39713e+06
1.18754e+06
846091
761455
-1.73554e+06
-1.40304e+06
-608078
-695642
18426.5
51125.2
248006
134985
802695
655687
341192
350243
314848
285079
298022
235064
61403
89947.5
282473
165283
1.40571e+06
1.19788e+06
847738
770866
-1.72312e+06
-1.39057e+06
-606294
-692893
34084.7
65599.7
247286
145122
810499
669697
335186
370565
262016
240765
265962
203804
22082.9
58105.1
271535
152080
1.3401e+06
1.14293e+06
816817
739136
-1.79453e+06
-1.44971e+06
-640144
-719577
25936.7
58164.5
239211
134998
721147
592012
279404
316541
267467
240628
263435
201174
6919.04
43794
258175
142420
1.33084e+06
1.1301e+06
817027
726974
-1.80345e+06
-1.46216e+06
-633541
-737235
17388.5
47979.3
239678
132381
696557
566439
269120
298688
291616
265265
274471
218282
36766
71395.9
265452
149156
1.39819e+06
1.19043e+06
864687
757637
-1.71197e+06
-1.38301e+06
-589483
-696525
112793
133475
280449
168332
688301
566730
267492
284555
279006
254004
283140
205217
99450.3
123443
307101
178732
1.43262e+06
1.22053e+06
906034
789645
-1.61652e+06
-1.30132e+06
-536029
-650402
200171
204401
332130
212155
789698
646915
314093
332721
282437
261009
303717
229146
111696
138489
324059
209016
1.4183e+06
1.2154e+06
924165
808187
-1.55681e+06
-1.25006e+06
-487926
-601138
234145
237037
373070
251559
821694
673294
340531
356095
312688
279921
313053
239805
114881
134238
319798
200395
1.43972e+06
1.2305e+06
940190
814240
-1.47219e+06
-1.18483e+06
-448330
-567305
262121
254669
386824
266460
836705
683434
347238
365198
311790
282933
315126
233378
159000
173714
335216
213478
1.44097e+06
1.23424e+06
956079
821492
-1.42273e+06
-1.14028e+06
-420776
-546472
272503
267466
395007
263749
861378
705587
352711
368804
397987
350028
339814
261301
214813
213058
350946
227528
1.50136e+06
1.2837e+06
984316
851622
-1.33358e+06
-1.07104e+06
-394745
-502781
341819
317197
405732
292573
960581
783516
393318
421511
435605
386959
357159
296121
285226
274839
399757
268779
1.61422e+06
1.3841e+06
1.05996e+06
906239
-1.25134e+06
-997061
-357040
-467774
431552
398781
450990
327454
1.00831e+06
836869
435845
448118
397089
350745
336763
264582
283678
274097
409964
276378
1.65953e+06
1.41782e+06
1.08173e+06
943944
-1.24545e+06
-996864
-363599
-461877
445593
404217
445085
338684
1.07791e+06
885426
462709
484424
409625
360660
326869
269292
238767
240798
391005
264758
1.64048e+06
1.40568e+06
1.07503e+06
935835
-1.27119e+06
-1.01822e+06
-386392
-478724
378989
350297
406133
304663
1.09649e+06
901242
466106
487896
368573
325647
293893
247213
232114
233461
389807
257228
1.65116e+06
1.41358e+06
1.07909e+06
935348
-1.30475e+06
-1.04712e+06
-409819
-499963
302594
284225
367001
261583
1.12905e+06
928657
467215
501470
313277
279033
257454
214318
237999
239064
394336
262844
1.63597e+06
1.40084e+06
1.06968e+06
930694
-1.33756e+06
-1.07519e+06
-435752
-517140
282695
267972
347595
251962
1.10451e+06
907912
447788
487363
292861
259461
258444
195449
223216
227372
402452
254315
1.6286e+06
1.3965e+06
1.08496e+06
931784
-1.37093e+06
-1.1053e+06
-437165
-534519
231538
225062
337373
230312
1.10595e+06
905812
457645
487622
267696
241039
252858
207496
213258
219177
415115
265620
1.67332e+06
1.43474e+06
1.11972e+06
962541
-1.37465e+06
-1.10505e+06
-435936
-526307
263818
254169
356873
245116
1.1349e+06
935083
471981
501523
222501
203384
221872
158350
176627
195068
408528
248615
1.6738e+06
1.43585e+06
1.11523e+06
957193
-1.41057e+06
-1.13565e+06
-463422
-559291
278131
265486
347992
236645
1.25168e+06
1.02486e+06
506403
534455
261731
233589
244877
187003
195286
211984
429384
272668
1.73528e+06
1.4877e+06
1.1507e+06
995092
-1.37377e+06
-1.10576e+06
-442624
-535100
314226
293851
373511
262429
1.38384e+06
1.13027e+06
568645
595986
205199
192130
216609
177157
176280
199268
435557
274355
1.68491e+06
1.45149e+06
1.133e+06
986022
-1.42117e+06
-1.14102e+06
-461694
-541109
264652
255925
355073
256630
1.38673e+06
1.14088e+06
553400
617511
106007
109491
168197
118433
123521
157566
423583
253245
1.58349e+06
1.36743e+06
1.09227e+06
936487
-1.55151e+06
-1.24841e+06
-521102
-608827
186328
192174
318622
208286
1.34552e+06
1.10217e+06
520001
577391
67395.8
74843.7
149324
106366
97098.5
136361
412347
253820
1.56782e+06
1.35171e+06
1.08592e+06
934447
-1.56864e+06
-1.2656e+06
-523434
-613544
194814
198705
321135
227025
1.30187e+06
1.06349e+06
504654
569623
53244.4
63641
144023
85162.5
63038.6
109012
398911
220771
1.58511e+06
1.36906e+06
1.08505e+06
929807
-1.59282e+06
-1.27992e+06
-531668
-627587
228745
230625
340584
222334
1.24612e+06
1.02236e+06
474041
520544
52808.1
55394.7
133143
81223.2
75670.3
112850
409497
237263
1.64272e+06
1.40361e+06
1.09276e+06
950513
-1.59071e+06
-1.28648e+06
-529315
-622029
306241
285227
371985
267463
1.33881e+06
1.08501e+06
505589
561815
109911
103998
163316
98381.2
131928
163818
441725
258674
1.71488e+06
1.46411e+06
1.11523e+06
967746
-1.53919e+06
-1.24266e+06
-497397
-605484
352892
327704
407428
288279
1.42474e+06
1.15772e+06
552891
591440
134758
129023
170261
132855
167655
198066
456111
292936
1.73473e+06
1.48549e+06
1.10308e+06
988552
-1.49087e+06
-1.19314e+06
-475110
-565270
388703
363056
420212
319059
1.45806e+06
1.19466e+06
560957
634261
102911
101559
149556
94483.6
159390
189457
453689
274013
1.71018e+06
1.45832e+06
1.06477e+06
950970
-1.55095e+06
-1.24661e+06
-504458
-599262
389755
360755
413618
303379
1.43277e+06
1.16755e+06
529223
595771
73556.1
71052.2
122804
88546
85021.1
121899
415945
249418
1.65021e+06
1.39903e+06
1.03381e+06
918127
-1.66348e+06
-1.34779e+06
-550051
-646366
290343
269930
366665
274419
1.38509e+06
1.11904e+06
505318
580541
5762.21
21659.4
96240.8
43478.6
6379.52
61283.5
394463
187797
1.66738e+06
1.41815e+06
1.05416e+06
901234
-1.75673e+06
-1.41553e+06
-579504
-708829
255857
251133
360137
225575
1.31526e+06
1.07234e+06
478184
524021
-90987.7
-59112
62349.1
21129.8
-6702.67
55121.1
416253
224436
1.66256e+06
1.41453e+06
1.06615e+06
936932
-1.83085e+06
-1.4779e+06
-601396
-706473
259321
252808
375325
264740
1.35858e+06
1.10323e+06
505301
572037
-226574
-164769
10081.9
-31237.9
-105109
-17134.6
392787
196970
1.59882e+06
1.37123e+06
1.05569e+06
919711
-1.9722e+06
-1.58738e+06
-649368
-763824
146607
167301
351431
228185
1.32539e+06
1.0806e+06
498772
558213
-251204
-186430
8056.77
-46502.9
-68447.2
12829
430139
209691
1.622e+06
1.38877e+06
1.0782e+06
928342
-1.9773e+06
-1.59009e+06
-637245
-769346
127264
151170
362474
221249
1.35581e+06
1.10658e+06
514279
574934
-260935
-192443
987.121
-52255.9
32695.2
98311.9
484181
262786
1.66973e+06
1.43055e+06
1.10466e+06
951279
-2.00065e+06
-1.60833e+06
-647433
-774263
171621
190614
386023
243598
1.40745e+06
1.1493e+06
529851
591759
-665480
-517687
-107277
-192066
-198803
-157678
-49853.9
-72536.4
-214490
-145646
109809
14497.8
-401680
-285615
104698
-29618.6
3.37525e+06
2.75856e+06
1.33347e+06
1.44442e+06
1.02928e+06
866407
534957
512423
-551320
-422160
-65287.2
-151685
-104628
-78920.9
-5521.8
-27072.3
-136554
-80956.7
137887
50818.4
-385317
-272711
105682
-14187.4
3.46531e+06
2.83158e+06
1.36331e+06
1.48771e+06
1.10023e+06
920186
540720
539946
-562334
-434901
-83401.8
-154894
-109199
-81004.7
-12852.4
-21824.9
-178006
-115575
117789
33523.9
-454647
-329469
79804.1
-47411.5
3.45261e+06
2.81829e+06
1.35036e+06
1.47697e+06
1.08931e+06
909996
539695
531886
-593525
-467899
-99257.3
-180681
-137045
-112291
-34137.7
-44414.1
-282560
-207385
74464.7
-11848.3
-522414
-391744
56416.5
-76431.9
3.41073e+06
2.77784e+06
1.33077e+06
1.45519e+06
1.02057e+06
846491
506152
500349
-491147
-376387
-59075.2
-143145
-86377.3
-64371.5
-17112.7
-32841.6
-263686
-182631
84799.8
-14793.4
-510208
-372181
73878.5
-80045.2
3.45722e+06
2.82468e+06
1.35857e+06
1.46681e+06
989792
831150
507097
472733
-411926
-315678
-23719.2
-108855
-53494
-43173.8
-2627.61
-17674.1
-243110
-169014
101759
3475.43
-477982
-348737
105961
-51318.3
3.5497e+06
2.89708e+06
1.40593e+06
1.51436e+06
1.01186e+06
847934
530167
497386
-424262
-324722
-39706.9
-91052
-24251.6
-15405.7
8378.51
11701.2
-304624
-215238
72469.3
-3905.35
-548176
-400966
76519.6
-56076.4
3.53401e+06
2.88763e+06
1.39607e+06
1.53155e+06
980676
825863
513398
516631
-429172
-323530
-40556.8
-113941
-25970.6
-11015.3
23799.1
6284.77
-358119
-255406
46130.9
-45220.9
-623928
-458856
46785
-101807
3.46984e+06
2.84052e+06
1.37532e+06
1.49382e+06
873637
736843
444858
448490
-522411
-402834
-78116.9
-135021
-69924.4
-44995.3
10431.9
8659.23
-491890
-365512
-4159.2
-84498.6
-746282
-560987
-7297.34
-142727
3.37261e+06
2.75753e+06
1.34269e+06
1.46672e+06
721323
610469
385736
389389
-585385
-455654
-86655.9
-179988
-44251.4
-30882.2
32645.7
-5386.03
-562255
-431081
-20770.6
-141885
-808000
-617147
-26602.8
-192513
3.33875e+06
2.72562e+06
1.34679e+06
1.43207e+06
634378
531453
357964
326540
-550304
-426410
-74840.9
-150329
47249.6
46468.2
68794.4
50485.3
-565833
-429393
-28110.3
-130110
-798090
-608365
-32724.2
-178412
3.37777e+06
2.76118e+06
1.37202e+06
1.46561e+06
575156
484446
334610
307688
-540387
-420572
-66604.5
-157791
107011
90843.4
98507
62300.4
-519646
-395283
-1066.32
-124951
-778295
-596495
-29707.7
-187131
3.46299e+06
2.82981e+06
1.42138e+06
1.49089e+06
593188
497486
344877
301727
-595520
-462374
-71334.3
-157439
113545
102755
118694
85464.5
-504055
-379062
16006.8
-98501.4
-774634
-584922
-14369.8
-171925
3.47342e+06
2.84799e+06
1.44396e+06
1.52725e+06
633678
538883
375419
344646
-550153
-423568
-50174.2
-151884
171372
151131
147936
105227
-412669
-308662
29768.5
-73014.4
-705601
-531833
2319.31
-150935
3.56353e+06
2.92024e+06
1.46973e+06
1.55858e+06
743901
621514
384166
374490
-615178
-474785
-83296.5
-163393
147632
135798
133682
109359
-478520
-360646
-16749.9
-98152.8
-702736
-527261
-12270.4
-149837
3.53581e+06
2.89666e+06
1.44503e+06
1.54644e+06
705914
591613
354528
356266
-699265
-541512
-98439.2
-206721
158446
143745
153614
102581
-534736
-410286
-39342
-135233
-698226
-523991
1557.05
-153047
3.51224e+06
2.87786e+06
1.44343e+06
1.53038e+06
654426
550213
331820
331718
-779050
-606406
-134868
-220499
129514
120157
139699
108783
-589686
-456071
-80292
-159170
-731607
-551132
-12545.5
-160118
3.47941e+06
2.85234e+06
1.42272e+06
1.52316e+06
554122
465798
274062
281996
-909911
-717875
-197838
-290577
44429.6
46216.5
102257
64899
-610857
-480212
-104572
-182523
-779188
-595347
-36132.4
-184922
3.45591e+06
2.82864e+06
1.40576e+06
1.50597e+06
495622
412803
227498
244185
-937787
-741679
-199095
-313166
39814.4
46889
100498
60244.8
-607396
-474181
-104995
-190519
-743393
-563281
-7582.31
-173678
3.49618e+06
2.86313e+06
1.42278e+06
1.51444e+06
509301
425186
243380
236799
-835184
-655296
-148267
-272218
137752
124370
134275
98386.1
-495729
-387116
-77101.5
-147027
-645045
-483609
30651
-123015
3.61804e+06
2.95762e+06
1.45144e+06
1.5656e+06
592663
486984
252396
272421
-810695
-635647
-128710
-252679
142493
129908
127412
101573
-499290
-389554
-83715.8
-153509
-645499
-483414
37599
-123840
3.61168e+06
2.95067e+06
1.44357e+06
1.55438e+06
570729
469574
254774
254212
-757437
-586992
-100394
-220627
195752
171291
129422
120703
-488580
-381960
-100341
-145046
-583333
-434421
51807.6
-92171.4
3.64974e+06
2.98064e+06
1.43984e+06
1.5757e+06
580730
476934
251038
271526
-718099
-555314
-75522.5
-203928
186775
162012
106417
101353
-507688
-398701
-121236
-178035
-543334
-402617
69461.2
-94818.8
3.63723e+06
2.96974e+06
1.42179e+06
1.54571e+06
516210
426222
233395
222261
-821662
-637560
-94345
-232423
82400.6
73638.8
66372.6
58578.8
-543404
-428261
-129096
-184672
-548064
-404996
87351.7
-79712.9
3.62638e+06
2.96064e+06
1.42163e+06
1.54674e+06
432578
361926
218125
208046
-817712
-634468
-79278.7
-223566
170112
143391
108315
85472.2
-489867
-387956
-88947
-169223
-497947
-359253
110605
-52697.1
3.74379e+06
3.05371e+06
1.46309e+06
1.58499e+06
563751
470093
288241
267714
-851053
-653719
-66531
-233966
182163
158027
141213
103695
-494883
-389334
-78636.6
-159486
-569586
-416414
89907.2
-73160.1
3.74435e+06
3.05609e+06
1.47024e+06
1.59551e+06
543356
451172
272687
266254
-825462
-632637
-34275.6
-200016
315222
270989
210540
180213
-441742
-341511
-36365.1
-120326
-519346
-375161
114933
-51954
3.84361e+06
3.13639e+06
1.51628e+06
1.64318e+06
621682
519078
328378
307517
-823864
-627546
-21303
-195629
383014
327714
236580
212127
-435174
-337048
-36081.5
-112671
-471843
-338435
128672
-33552.9
3.89342e+06
3.17584e+06
1.52205e+06
1.66359e+06
680571
565878
346861
338646
-791473
-597447
-10521
-165994
427528
366503
250462
238122
-430482
-329335
-34481.4
-115166
-434661
-306232
143798
-18831.7
3.95117e+06
3.22542e+06
1.53668e+06
1.68141e+06
671223
562235
347492
330271
-833104
-632300
-22157.2
-183839
389781
333369
233712
220369
-399230
-305647
-15216.2
-99241.7
-407991
-286193
160229
-2358.91
4.04439e+06
3.29992e+06
1.57081e+06
1.71989e+06
670013
561368
351814
337511
-920351
-706882
-55773.8
-216235
350178
293241
214333
191871
-440262
-338155
-25383.7
-107935
-495337
-354834
128960
-27389.1
4.00466e+06
3.26286e+06
1.54939e+06
1.70379e+06
600708
504761
323928
311693
-950044
-724485
-34409.9
-227263
382684
326251
268490
214586
-451358
-342298
-14.1421
-102573
-561011
-400941
138292
-49073.2
4.00664e+06
3.27044e+06
1.57852e+06
1.70889e+06
532780
451795
309153
285891
-944845
-717711
-36126.1
-215323
434809
376418
282681
251868
-434130
-325089
1390.88
-91487.6
-574241
-410333
132373
-45643.7
4.03233e+06
3.29127e+06
1.58105e+06
1.72177e+06
540772
459158
313841
285873
-903946
-684748
-19352.8
-205672
544439
461131
314956
282184
-378125
-283856
21585.1
-78808.5
-551267
-395901
140080
-48245.9
4.11003e+06
3.35323e+06
1.60777e+06
1.7437e+06
565946
475621
317680
291314
-819083
-621834
7360.27
-164778
657182
547212
344498
333443
-280598
-206253
60380.6
-35557.6
-482902
-344174
165801
-16344.8
4.24044e+06
3.4544e+06
1.65524e+06
1.79989e+06
612610
510444
342353
301157
-797286
-605781
5831.51
-171664
716136
591744
360860
340626
-227424
-164704
92686.8
-17067.4
-471311
-334669
182079
-15614.3
4.31977e+06
3.51845e+06
1.69166e+06
1.82549e+06
667405
557875
378123
329246
-67539.3
-68985.3
-72127.7
-52869.7
167696
181094
396816
248803
-1.16031e+06
-982559
-668770
-613436
726429
619771
476238
409554
-336986
-258600
6384.47
-73499.5
-1.60711e+06
-1.29641e+06
-518016
-621944
-133176
-118819
-90774.8
-74594.8
89367.7
121297
368811
230408
-1.21529e+06
-1.02502e+06
-681679
-623175
690947
592821
485788
411707
-374566
-287338
6851.86
-73621.1
-1.71073e+06
-1.38159e+06
-542487
-659351
-214021
-183979
-139899
-116811
-33845.7
24743.1
322696
173089
-1.28441e+06
-1.07853e+06
-717672
-662888
645325
560676
464699
390806
-458529
-350427
-31540.5
-117346
-1.77727e+06
-1.42966e+06
-561582
-686257
-154556
-135628
-132569
-101555
-48093.9
15786.9
308991
159165
-1.24397e+06
-1.04378e+06
-706539
-650544
716881
620574
492349
413523
-383548
-287196
-5731.1
-94187.3
-1.73895e+06
-1.39769e+06
-547869
-676857
-156392
-143661
-130923
-105458
-88674
-24847
298786
144028
-1.22569e+06
-1.03429e+06
-690363
-637746
805634
688238
543393
457219
-305583
-230291
38569.1
-56286.4
-1.71145e+06
-1.37681e+06
-514774
-654088
-215209
-187434
-157691
-131448
-164173
-79394.7
277503
117699
-1.30357e+06
-1.09359e+06
-715289
-664765
767373
663611
538449
451770
-383645
-286874
19165.4
-75138.6
-1.77802e+06
-1.4256e+06
-527035
-666452
-204540
-179001
-156269
-135844
-165048
-83400.4
279029
110925
-1.27747e+06
-1.07501e+06
-705403
-664435
755059
652389
540171
449708
-347108
-256318
38070.6
-60900.3
-1.80486e+06
-1.44813e+06
-544732
-685657
-137297
-121956
-133120
-103422
-119370
-44137.6
283816
137120
-1.203e+06
-1.01314e+06
-681078
-629204
772914
666103
550584
459713
-282056
-202529
62495.5
-22292.2
-1.77948e+06
-1.42814e+06
-538045
-675259
-228178
-197911
-189417
-147606
-249872
-152404
225013
73655.8
-1.25922e+06
-1.05932e+06
-714795
-655151
676729
588096
496950
421087
-378934
-282182
13145.1
-72517.3
-1.84085e+06
-1.47713e+06
-568935
-701704
-218912
-193624
-213763
-147930
-285148
-180500
191891
54063.3
-1.27687e+06
-1.07286e+06
-722509
-658696
681046
591100
487096
412136
-382270
-284745
2773.98
-76189.3
-1.82687e+06
-1.46531e+06
-568896
-698801
-246626
-221558
-244819
-186567
-364765
-251141
141405
5581.19
-1.31388e+06
-1.1068e+06
-743294
-683425
663208
572074
478130
394427
-370894
-278897
-5511.9
-84285.7
-1.82998e+06
-1.47031e+06
-577241
-706086
-264974
-237520
-254136
-200400
-387511
-270002
134794
-12319.2
-1.28977e+06
-1.08797e+06
-731614
-681043
675462
586061
487426
399617
-410164
-309815
-12771.8
-96657.3
-1.82908e+06
-1.47103e+06
-574222
-708100
-224805
-200651
-241874
-174630
-318518
-211645
169665
32055.3
-1.33424e+06
-1.12072e+06
-759822
-677533
708843
615606
498674
430114
-444135
-338777
-23809
-91844.7
-1.89705e+06
-1.52469e+06
-613898
-714262
-146650
-138893
-199307
-142678
-273520
-173889
198744
58286.8
-1.36738e+06
-1.15224e+06
-788558
-705706
721506
621948
508525
434373
-490537
-376762
-36848
-115491
-1.93772e+06
-1.56486e+06
-628015
-753907
-100205
-96691.2
-157384
-119773
-206539
-118621
263927
83222.9
-1.38931e+06
-1.17227e+06
-794040
-727592
712785
618152
508681
429519
-554949
-428821
-42992.1
-146740
-1.95681e+06
-1.57775e+06
-615804
-755075
-76344.2
-76423.4
-109348
-90366.8
-144765
-63539.9
330915
130884
-1.3967e+06
-1.1774e+06
-780897
-733864
750595
648861
539564
440199
-592217
-455490
-28383.3
-153478
-1.98279e+06
-1.59852e+06
-601841
-767757
-38313.2
-38046.6
-81205.6
-56251.8
-86457.2
-6906.31
370386
185740
-1.409e+06
-1.18466e+06
-789118
-721011
824969
709164
573700
480994
-618514
-472629
-27452
-143701
-1.95112e+06
-1.56648e+06
-580532
-735291
5241.78
799.738
-39926.1
-26014.5
-19239.7
52333
418918
228013
-1.46472e+06
-1.22824e+06
-822118
-741349
845043
734777
585197
507538
-707691
-542313
-45262.6
-166732
-1.99241e+06
-1.60003e+06
-598210
-738382
30687
21414
-11011.1
-13047.5
-46365.7
30110.7
434594
221715
-1.51291e+06
-1.27143e+06
-841719
-781271
821905
711335
589955
492479
-802956
-618439
-62958
-204841
-2.09244e+06
-1.67823e+06
-632451
-787512
99209.2
80883.1
26966.9
28705.7
-12222.3
60128.1
452681
244678
-1.47219e+06
-1.23881e+06
-832876
-766826
855220
738828
613526
510856
-818972
-629436
-56133
-205962
-2.12935e+06
-1.70695e+06
-636949
-803624
126005
104906
41790
43857.6
-11684.9
62891.5
466313
252325
-1.4419e+06
-1.21341e+06
-817962
-750995
864029
747128
621711
519055
-857381
-658760
-60695.2
-214683
-2.15195e+06
-1.72357e+06
-626717
-801431
146293
120670
55273.1
61917.8
-52538.7
30827.7
457691
239460
-1.45489e+06
-1.224e+06
-817357
-756782
890889
769294
642852
530015
-912395
-702074
-72916.1
-234091
-2.22291e+06
-1.77914e+06
-636560
-823213
180894
150393
67499.7
72657.3
-46987.2
35481.2
460527
243698
-1.42635e+06
-1.20003e+06
-813075
-744032
959012
826446
671534
561646
-895655
-686778
-62961.5
-225476
-2.23891e+06
-1.78736e+06
-637806
-820973
229087
189150
104001
92374.3
-16341.2
61468.1
480013
259483
-1.38028e+06
-1.16479e+06
-798198
-727520
1.0111e+06
870282
697414
588895
-934251
-719270
-68464.9
-235411
-2.25553e+06
-1.80503e+06
-629389
-827127
202318
164078
96728
103370
-36918
44547
489261
261040
-1.41842e+06
-1.1966e+06
-812377
-737674
1.01165e+06
871319
709813
600227
-958418
-735754
-60788.6
-236546
-2.34936e+06
-1.87691e+06
-657228
-850324
192582
158606
102615
88883.3
-23712.1
57730.3
501457
266490
-1.43543e+06
-1.21153e+06
-820728
-754944
1.03784e+06
891396
731541
609045
-925101
-706744
-37471.7
-219284
-2.36886e+06
-1.89487e+06
-661986
-870661
204005
169406
103655
105031
14589
92918.8
532059
294651
-1.39323e+06
-1.17351e+06
-806724
-732263
1.10559e+06
952360
757944
646791
-854713
-646990
-980.05
-187707
-2.29759e+06
-1.83323e+06
-621000
-831681
257889
209768
116637
119968
57697.8
127448
544993
309397
-1.35917e+06
-1.14785e+06
-796527
-723109
1.21627e+06
1.04028e+06
796943
684897
-756892
-568061
35003.2
-147781
-2.20044e+06
-1.75712e+06
-590695
-797575
232055
189243
108329
107305
35027.2
108699
541707
302972
-1.39013e+06
-1.17434e+06
-805172
-732594
1.2682e+06
1.08049e+06
828168
709329
-692387
-514262
64420.3
-117254
-2.16034e+06
-1.72046e+06
-566792
-774114
236976
194891
124559
107559
88297.1
156642
580878
326147
-1.39049e+06
-1.17219e+06
-799920
-734525
1.33652e+06
1.14161e+06
863845
742674
-669648
-492762
85172.4
-102815
-2.11976e+06
-1.68735e+06
-541182
-752771
320237
271772
151827
156227
208005
255492
627323
384103
-1.30429e+06
-1.0972e+06
-765183
-696429
1.35558e+06
1.16081e+06
867151
770266
-562024
-401122
126528
-49061.2
-2.07047e+06
-1.63927e+06
-536987
-727677
457594
383497
207008
205068
377630
392754
679308
446873
-1.15854e+06
-980075
-713370
-642738
1.3978e+06
1.19066e+06
871905
768535
-420261
-286923
181175
4031.92
-1.95698e+06
-1.55159e+06
-502773
-696946
478245
398404
223446
226105
439388
439624
715944
481867
-1.05771e+06
-901044
-663629
-594955
1.35252e+06
1.14951e+06
851376
755265
-383537
-259114
202020
30445.9
-1.85979e+06
-1.47338e+06
-455812
-647626
383655
316355
190506
197747
377774
386276
691218
461700
-1.08888e+06
-929362
-665033
-595284
1.26146e+06
1.07061e+06
807691
713774
-469692
-333227
170551
2643.17
-1.89795e+06
-1.50921e+06
-470058
-657478
361325
305306
161111
171404
360919
376407
662988
442295
-1.08157e+06
-917128
-674130
-595167
1.17413e+06
1.00263e+06
758939
666000
-479326
-335437
149132
-15243.8
-1.89269e+06
-1.49764e+06
-486823
-662177
383808
317784
182028
179804
455291
448671
698862
475292
-1.02382e+06
-874093
-654478
-573622
1.14592e+06
977983
741124
653876
-466226
-330316
161139
-9265.22
-1.84688e+06
-1.4685e+06
-475058
-649827
1.83733e+06
1.50558e+06
769438
805709
1.31872e+06
1.12549e+06
832197
733635
-265302
-238373
-279561
-207551
-2.00244e+06
-1.66019e+06
-981558
-959079
-2.50982e+06
-2.05767e+06
-1.0735e+06
-1.11199e+06
-1.51794e+06
-1.30368e+06
-1.04704e+06
-879847
1.78837e+06
1.46699e+06
764308
788973
1.2697e+06
1.08276e+06
834592
709803
-274417
-247786
-258310
-210287
-2.01745e+06
-1.67262e+06
-974544
-966809
-2.58971e+06
-2.12464e+06
-1.09948e+06
-1.14798e+06
-1.63541e+06
-1.40168e+06
-1.095e+06
-935683
1.69257e+06
1.39453e+06
718460
764968
1.15813e+06
1.00006e+06
790193
684161
-345145
-297778
-277050
-220841
-2.0673e+06
-1.71038e+06
-998204
-977695
-2.73956e+06
-2.24491e+06
-1.1694e+06
-1.20678e+06
-1.76852e+06
-1.50913e+06
-1.1585e+06
-994340
1.73096e+06
1.41543e+06
722119
759022
1.12434e+06
963287
770220
655595
-323612
-284610
-272286
-215230
-2.1142e+06
-1.7563e+06
-1.02978e+06
-1.00052e+06
-2.76625e+06
-2.2724e+06
-1.19333e+06
-1.23555e+06
-1.8396e+06
-1.57245e+06
-1.1991e+06
-1.03912e+06
1.77753e+06
1.45142e+06
733003
770624
1.10188e+06
942931
759899
642343
-293739
-261198
-259915
-204578
-2.1897e+06
-1.81922e+06
-1.06559e+06
-1.0431e+06
-2.75491e+06
-2.26395e+06
-1.19845e+06
-1.23783e+06
-1.87506e+06
-1.60491e+06
-1.22824e+06
-1.06085e+06
1.88997e+06
1.54438e+06
779261
807749
1.13609e+06
970262
768782
648235
-202587
-188652
-220784
-174769
-2.1988e+06
-1.83212e+06
-1.07534e+06
-1.05627e+06
-2.70615e+06
-2.22665e+06
-1.18366e+06
-1.2255e+06
-1.88023e+06
-1.61326e+06
-1.24151e+06
-1.07989e+06
1.902e+06
1.55806e+06
782808
829822
1.15278e+06
989269
771779
663926
-194551
-179351
-219800
-160015
-2.25526e+06
-1.86947e+06
-1.10158e+06
-1.0697e+06
-2.73843e+06
-2.25169e+06
-1.20046e+06
-1.23291e+06
-1.91973e+06
-1.64059e+06
-1.2569e+06
-1.08485e+06
1.91786e+06
1.57142e+06
795796
832161
1.17605e+06
1.00723e+06
784287
668923
-175133
-164008
-213536
-153740
-2.27894e+06
-1.88812e+06
-1.10752e+06
-1.08517e+06
-2.74435e+06
-2.25781e+06
-1.20485e+06
-1.23967e+06
-1.92484e+06
-1.64632e+06
-1.27096e+06
-1.09391e+06
1.92542e+06
1.5766e+06
805370
844367
1.1908e+06
1.01729e+06
788360
679611
-146014
-142956
-195845
-143290
-2.28136e+06
-1.89285e+06
-1.10097e+06
-1.08356e+06
-2.77528e+06
-2.28766e+06
-1.21928e+06
-1.25618e+06
-1.88533e+06
-1.61969e+06
-1.25443e+06
-1.0889e+06
1.90245e+06
1.5601e+06
793995
841407
1.17915e+06
1.01132e+06
775365
674776
-146044
-133792
-199879
-133174
-2.34522e+06
-1.93959e+06
-1.12845e+06
-1.09785e+06
-2.78835e+06
-2.29025e+06
-1.2239e+06
-1.2618e+06
-1.90029e+06
-1.62171e+06
-1.26662e+06
-1.08506e+06
1.87643e+06
1.54068e+06
792639
833481
1.15936e+06
995512
774498
673621
-164957
-149272
-211424
-135057
-2.44203e+06
-2.01767e+06
-1.16577e+06
-1.13568e+06
-2.7651e+06
-2.26971e+06
-1.20659e+06
-1.24103e+06
-1.90794e+06
-1.62973e+06
-1.28222e+06
-1.08687e+06
1.88593e+06
1.55e+06
808905
839337
1.16898e+06
1.00072e+06
779092
677699
-156416
-146158
-207079
-140728
-2.50419e+06
-2.07329e+06
-1.18863e+06
-1.16845e+06
-2.74602e+06
-2.25616e+06
-1.18683e+06
-1.22691e+06
-1.92284e+06
-1.64652e+06
-1.29251e+06
-1.10446e+06
1.86731e+06
1.53431e+06
792349
837102
1.18175e+06
1.01369e+06
787759
680318
-226131
-203971
-242500
-168220
-2.60728e+06
-2.1559e+06
-1.23367e+06
-1.21562e+06
-2.81067e+06
-2.30933e+06
-1.21128e+06
-1.25145e+06
-1.98672e+06
-1.69658e+06
-1.30865e+06
-1.12377e+06
1.87347e+06
1.54169e+06
783713
836192
1.26315e+06
1.08119e+06
817844
711707
-290873
-258665
-276496
-206258
-2.62506e+06
-2.16912e+06
-1.25148e+06
-1.22936e+06
-2.82289e+06
-2.32018e+06
-1.22424e+06
-1.26343e+06
-1.98912e+06
-1.70014e+06
-1.32435e+06
-1.12728e+06
1.89937e+06
1.55805e+06
788609
840939
1.36168e+06
1.16043e+06
857868
757220
-289627
-259937
-270597
-207494
-2.61818e+06
-2.16827e+06
-1.24865e+06
-1.23098e+06
-2.80353e+06
-2.30758e+06
-1.21583e+06
-1.2589e+06
-1.90306e+06
-1.63361e+06
-1.2795e+06
-1.10573e+06
1.85865e+06
1.52388e+06
761529
827801
1.40244e+06
1.1933e+06
875820
779036
-400444
-348685
-318355
-251167
-2.69961e+06
-2.23327e+06
-1.28138e+06
-1.25836e+06
-2.82559e+06
-2.32227e+06
-1.22311e+06
-1.26644e+06
-1.90226e+06
-1.62534e+06
-1.27736e+06
-1.08922e+06
1.7391e+06
1.42741e+06
708817
780026
1.38233e+06
1.18005e+06
877167
780669
-570445
-485406
-381259
-311659
-2.82045e+06
-2.32781e+06
-1.32218e+06
-1.30129e+06
-2.87902e+06
-2.36295e+06
-1.23733e+06
-1.27541e+06
-1.94345e+06
-1.6575e+06
-1.30139e+06
-1.09966e+06
1.69716e+06
1.38937e+06
697938
736084
1.40935e+06
1.19933e+06
902576
783078
-660393
-563247
-411784
-371106
-2.88457e+06
-2.38592e+06
-1.33643e+06
-1.34006e+06
-2.88577e+06
-2.37231e+06
-1.22658e+06
-1.29113e+06
-1.92692e+06
-1.65237e+06
-1.2909e+06
-1.11902e+06
1.68087e+06
1.37467e+06
680245
736115
1.42633e+06
1.21685e+06
906925
803020
-682550
-578043
-436251
-367354
-2.94274e+06
-2.43056e+06
-1.37584e+06
-1.36263e+06
-2.95554e+06
-2.42619e+06
-1.26691e+06
-1.30802e+06
-1.92748e+06
-1.65243e+06
-1.29686e+06
-1.10278e+06
1.65921e+06
1.35644e+06
678146
728044
1.41049e+06
1.20201e+06
917899
795101
-709317
-602208
-447114
-383272
-2.9665e+06
-2.44963e+06
-1.38677e+06
-1.37094e+06
-3.06039e+06
-2.51303e+06
-1.29835e+06
-1.3512e+06
-1.95664e+06
-1.67979e+06
-1.32328e+06
-1.11934e+06
1.6415e+06
1.34012e+06
681606
723625
1.39657e+06
1.1902e+06
920447
797775
-736835
-628558
-452251
-398303
-2.98777e+06
-2.47236e+06
-1.3957e+06
-1.38749e+06
-3.17015e+06
-2.60681e+06
-1.34057e+06
-1.40057e+06
-1.92262e+06
-1.65796e+06
-1.30694e+06
-1.12052e+06
1.64652e+06
1.35609e+06
691694
726412
1.40715e+06
1.21013e+06
940613
801046
-780613
-651563
-465452
-412713
-3.0505e+06
-2.51176e+06
-1.41101e+06
-1.41644e+06
-3.24758e+06
-2.65523e+06
-1.35039e+06
-1.43795e+06
-1.91367e+06
-1.63499e+06
-1.30209e+06
-1.11451e+06
1.68831e+06
1.38896e+06
696999
754175
1.43833e+06
1.23571e+06
957502
833355
-796974
-666407
-488182
-412072
-3.07375e+06
-2.53255e+06
-1.4328e+06
-1.41418e+06
-3.24128e+06
-2.64878e+06
-1.34369e+06
-1.415e+06
-1.86259e+06
-1.59743e+06
-1.314e+06
-1.09045e+06
1.70088e+06
1.39343e+06
713646
749147
1.42002e+06
1.21616e+06
966081
827668
-842639
-712595
-509129
-444937
-3.1544e+06
-2.60786e+06
-1.46239e+06
-1.45584e+06
-3.31906e+06
-2.71705e+06
-1.355e+06
-1.44289e+06
-1.86275e+06
-1.60916e+06
-1.32452e+06
-1.10913e+06
1.74235e+06
1.43322e+06
742642
777743
1.47953e+06
1.27075e+06
1.01325e+06
855598
-867892
-732182
-509103
-463596
-3.17628e+06
-2.62079e+06
-1.46143e+06
-1.46581e+06
-3.31475e+06
-2.71065e+06
-1.3363e+06
-1.43529e+06
-1.85377e+06
-1.59769e+06
-1.30774e+06
-1.09597e+06
1.76876e+06
1.45934e+06
761912
793884
1.55909e+06
1.33819e+06
1.0569e+06
896947
-866187
-731438
-504504
-461849
-3.17482e+06
-2.6197e+06
-1.46409e+06
-1.46444e+06
-3.28863e+06
-2.69031e+06
-1.32367e+06
-1.42646e+06
-1.83703e+06
-1.58708e+06
-1.31511e+06
-1.09905e+06
1.983e+06
1.63146e+06
866864
882876
1.83009e+06
1.56104e+06
1.17806e+06
1.01192e+06
-673000
-574597
-411158
-384529
-2.97333e+06
-2.45863e+06
-1.37205e+06
-1.39227e+06
-3.06762e+06
-2.51087e+06
-1.22399e+06
-1.3378e+06
-1.5834e+06
-1.38449e+06
-1.19579e+06
-1.00639e+06
2.067e+06
1.71253e+06
913765
952790
1.93452e+06
1.65349e+06
1.22982e+06
1.08922e+06
-669822
-561144
-404309
-350721
-2.95571e+06
-2.43366e+06
-1.35986e+06
-1.35001e+06
-2.99253e+06
-2.4391e+06
-1.18847e+06
-1.27867e+06
-1.53675e+06
-1.33123e+06
-1.17803e+06
-945795
1.94247e+06
1.60846e+06
847191
900295
1.80426e+06
1.54504e+06
1.16643e+06
1.03488e+06
-850223
-712026
-500096
-432120
-3.19395e+06
-2.63294e+06
-1.47424e+06
-1.4549e+06
-3.09968e+06
-2.52906e+06
-1.25219e+06
-1.32523e+06
-1.68123e+06
-1.45474e+06
-1.27985e+06
-1.02016e+06
1.8974e+06
1.56579e+06
816384
855162
1.75404e+06
1.49667e+06
1.12132e+06
986470
-939555
-794630
-569151
-503922
-3.35518e+06
-2.77438e+06
-1.56495e+06
-1.55264e+06
-3.13195e+06
-2.5642e+06
-1.29015e+06
-1.3699e+06
-1.74764e+06
-1.52231e+06
-1.3508e+06
-1.09213e+06
1.88637e+06
1.54979e+06
805899
845551
1.80945e+06
1.54095e+06
1.12707e+06
999601
-958604
-812820
-586843
-513164
-3.3877e+06
-2.8005e+06
-1.59985e+06
-1.58186e+06
-3.15419e+06
-2.58649e+06
-1.32016e+06
-1.37721e+06
-1.78803e+06
-1.56192e+06
-1.38358e+06
-1.11806e+06
1.84086e+06
1.51077e+06
776415
825355
1.80039e+06
1.53006e+06
1.1199e+06
992057
-1.02716e+06
-871085
-606975
-543991
-3.41831e+06
-2.82749e+06
-1.62538e+06
-1.59442e+06
-3.30445e+06
-2.71244e+06
-1.38965e+06
-1.44779e+06
-1.90356e+06
-1.66063e+06
-1.45373e+06
-1.17627e+06
1.7172e+06
1.40978e+06
711250
765589
1.72584e+06
1.47031e+06
1.0753e+06
954500
-1.14789e+06
-966498
-652774
-594610
-3.51001e+06
-2.90323e+06
-1.67317e+06
-1.64725e+06
-3.49861e+06
-2.87258e+06
-1.48169e+06
-1.54276e+06
-2.01477e+06
-1.75321e+06
-1.51191e+06
-1.24287e+06
1.7289e+06
1.41617e+06
700731
754409
1.7292e+06
1.46861e+06
1.05816e+06
941422
-1.17371e+06
-985708
-662461
-606720
-3.54174e+06
-2.93099e+06
-1.70243e+06
-1.66939e+06
-3.58766e+06
-2.94505e+06
-1.53151e+06
-1.59539e+06
-2.05385e+06
-1.78432e+06
-1.54737e+06
-1.27203e+06
1.73123e+06
1.41662e+06
692264
755430
1.73011e+06
1.46817e+06
1.05716e+06
945660
-1.20385e+06
-1.01005e+06
-666904
-607639
-3.57369e+06
-2.95861e+06
-1.72869e+06
-1.68585e+06
-3.65377e+06
-2.99995e+06
-1.56477e+06
-1.61833e+06
-2.07416e+06
-1.80417e+06
-1.58109e+06
-1.28262e+06
1.77857e+06
1.45399e+06
717943
757253
1.75724e+06
1.48984e+06
1.07435e+06
942666
-1.22317e+06
-1.02762e+06
-660425
-627324
-3.58752e+06
-2.97539e+06
-1.73399e+06
-1.7105e+06
-3.7208e+06
-3.05613e+06
-1.58597e+06
-1.66495e+06
-2.07522e+06
-1.81208e+06
-1.59284e+06
-1.31413e+06
899301
694277
95050.7
243793
341067
303041
306797
242381
-1.83049e+06
-1.46127e+06
-513478
-659505
-1.3647e+06
-1.12256e+06
-603800
-609306
643741
446039
-277505
-5454.62
-2.16897e+06
-1.81285e+06
-1.11753e+06
-1.06857e+06
907403
698506
102801
250490
244170
222793
272834
203438
-1.9001e+06
-1.51955e+06
-550820
-697658
-1.42922e+06
-1.17368e+06
-626172
-640701
576834
386229
-326290
-45770.3
-2.2496e+06
-1.87738e+06
-1.13143e+06
-1.08983e+06
941613
730808
113040
259061
308543
278365
292753
219741
-1.88976e+06
-1.51196e+06
-547404
-697663
-1.4288e+06
-1.17491e+06
-627957
-642223
634518
433971
-310942
-29846.3
-2.34493e+06
-1.9517e+06
-1.16871e+06
-1.14044e+06
972471
755202
133151
277163
307716
278652
317539
226326
-1.8957e+06
-1.51388e+06
-539821
-701495
-1.44959e+06
-1.19153e+06
-621942
-656267
672488
461764
-295602
-24163.3
-2.37704e+06
-1.97588e+06
-1.15484e+06
-1.14845e+06
1.04579e+06
815439
160055
304520
384104
343546
371775
271430
-1.87162e+06
-1.49454e+06
-530456
-685733
-1.46719e+06
-1.2052e+06
-620473
-653873
789810
556060
-256085
23898.1
-2.3761e+06
-1.97219e+06
-1.12932e+06
-1.13329e+06
1.08574e+06
848247
177458
325330
302828
280067
357571
255575
-1.91764e+06
-1.53384e+06
-549956
-705108
-1.53804e+06
-1.26261e+06
-647453
-674443
789548
554599
-283109
17497.4
-2.46814e+06
-2.0447e+06
-1.15673e+06
-1.14952e+06
1.11192e+06
865449
184642
335593
284396
264301
351164
249967
-2.01315e+06
-1.61767e+06
-592398
-746143
-1.59136e+06
-1.30828e+06
-666084
-701576
760751
524957
-312281
-3034.2
-2.50694e+06
-2.07954e+06
-1.17762e+06
-1.18266e+06
1.16254e+06
906866
215543
354810
230426
221191
340642
226430
-2.05793e+06
-1.65236e+06
-603031
-774890
-1.55081e+06
-1.2705e+06
-630821
-683745
741931
508314
-325866
-22853.7
-2.47867e+06
-2.0539e+06
-1.15005e+06
-1.16435e+06
1.18025e+06
924175
220642
371476
264273
252194
354254
239061
-2.08155e+06
-1.66843e+06
-600361
-771816
-1.55746e+06
-1.27451e+06
-625885
-673709
715533
488591
-336203
-26136.8
-2.52495e+06
-2.08892e+06
-1.17196e+06
-1.18309e+06
1.17064e+06
920265
220585
374984
257353
251490
366822
249530
-2.14314e+06
-1.71257e+06
-607499
-790379
-1.56802e+06
-1.27965e+06
-618383
-672567
664212
448352
-361863
-46311.3
-2.54077e+06
-2.09875e+06
-1.17317e+06
-1.18154e+06
1.14661e+06
897690
201199
363531
271624
261677
374524
258716
-2.20965e+06
-1.76935e+06
-634174
-810037
-1.60342e+06
-1.31087e+06
-635182
-684909
594651
387155
-406976
-78671.3
-2.56725e+06
-2.12327e+06
-1.18847e+06
-1.19484e+06
1.20519e+06
946230
231287
371014
272139
263705
393645
256038
-2.23067e+06
-1.78516e+06
-631766
-833014
-1.57882e+06
-1.28921e+06
-615827
-681600
554434
353569
-436201
-123116
-2.54837e+06
-2.10738e+06
-1.17932e+06
-1.19368e+06
1.29231e+06
1.01755e+06
252931
433068
315168
299298
403795
310517
-2.26274e+06
-1.81152e+06
-667651
-811896
-1.57881e+06
-1.28904e+06
-639101
-656680
538510
338430
-468569
-114296
-2.49382e+06
-2.06566e+06
-1.191e+06
-1.15513e+06
1.25213e+06
981024
231121
391889
161585
171880
336905
218647
-2.38903e+06
-1.91687e+06
-733345
-906052
-1.67387e+06
-1.36846e+06
-685157
-730284
447413
257746
-526507
-193865
-2.61444e+06
-2.16698e+06
-1.25692e+06
-1.23212e+06
1.32447e+06
1.03661e+06
235529
427033
247255
238211
349767
255126
-2.39291e+06
-1.92591e+06
-753828
-899544
-1.6498e+06
-1.35359e+06
-698894
-711207
507977
304118
-525577
-159162
-2.63242e+06
-2.1885e+06
-1.30309e+06
-1.2523e+06
1.33875e+06
1.05074e+06
253555
413015
204488
208558
359432
224467
-2.48098e+06
-1.99385e+06
-770963
-961355
-1.68109e+06
-1.38099e+06
-693803
-754907
489286
287889
-523475
-198491
-2.68123e+06
-2.22774e+06
-1.31777e+06
-1.29883e+06
1.4901e+06
1.17491e+06
307352
488671
306724
293627
411577
289615
-2.44801e+06
-1.96638e+06
-758200
-925393
-1.61977e+06
-1.32925e+06
-664035
-706142
602417
380688
-480782
-135271
-2.64144e+06
-2.19608e+06
-1.30922e+06
-1.26777e+06
1.62189e+06
1.28234e+06
360950
528154
298163
287341
421919
276791
-2.43968e+06
-1.96155e+06
-754096
-945033
-1.63082e+06
-1.33643e+06
-668361
-718537
663422
428990
-470629
-130509
-2.66245e+06
-2.21516e+06
-1.33602e+06
-1.29338e+06
1.69781e+06
1.34614e+06
403908
578768
384143
361085
468576
333923
-2.36336e+06
-1.89514e+06
-708296
-888390
-1.63407e+06
-1.33416e+06
-655239
-706753
739564
496494
-426233
-71873.2
-2.62234e+06
-2.18211e+06
-1.31535e+06
-1.27884e+06
1.65046e+06
1.29999e+06
395201
563551
278297
267508
425803
291315
-2.36428e+06
-1.90298e+06
-705882
-890404
-1.67067e+06
-1.37061e+06
-666566
-719917
663866
427509
-462699
-103264
-2.66175e+06
-2.22034e+06
-1.3212e+06
-1.28543e+06
1.6423e+06
1.30315e+06
400843
560958
347097
331807
454198
306850
-2.28557e+06
-1.82896e+06
-657275
-851750
-1.6503e+06
-1.3467e+06
-651916
-712781
714087
476490
-423616
-80393.1
-2.71127e+06
-2.25331e+06
-1.3383e+06
-1.31681e+06
1.58542e+06
1.2592e+06
382949
546289
317412
309692
450035
305166
-2.28992e+06
-1.82917e+06
-642382
-844821
-1.69992e+06
-1.38775e+06
-676757
-729779
658753
434550
-450952
-94155.5
-2.76404e+06
-2.2949e+06
-1.36053e+06
-1.33125e+06
1.49889e+06
1.19119e+06
362229
511304
290099
290490
459085
296918
-2.29593e+06
-1.8307e+06
-622050
-837151
-1.83372e+06
-1.49651e+06
-728753
-791153
570907
363228
-479284
-132655
-2.86247e+06
-2.37382e+06
-1.38885e+06
-1.37414e+06
1.51903e+06
1.20304e+06
386102
526919
258375
260135
464592
300167
-2.26122e+06
-1.80731e+06
-594677
-814900
-1.82283e+06
-1.49439e+06
-725043
-786216
535372
327426
-504492
-155963
-2.85125e+06
-2.3718e+06
-1.38335e+06
-1.3627e+06
1.42598e+06
1.13294e+06
349793
503288
229129
244017
456751
305860
-2.36244e+06
-1.8825e+06
-628534
-834653
-1.9423e+06
-1.58835e+06
-784398
-831498
462744
272424
-526283
-173977
-2.92409e+06
-2.42578e+06
-1.41539e+06
-1.38674e+06
1.40672e+06
1.11676e+06
330036
483497
206025
223524
432270
283723
-2.35347e+06
-1.87517e+06
-631456
-848595
-1.89862e+06
-1.55482e+06
-786879
-837666
506161
305730
-517215
-175279
-2.94323e+06
-2.4401e+06
-1.42083e+06
-1.39256e+06
1.36759e+06
1.08128e+06
305910
464257
278757
279782
451211
307128
-2.35876e+06
-1.87983e+06
-620060
-833976
-1.89688e+06
-1.55553e+06
-795523
-829254
577173
365720
-472912
-125655
-3.05608e+06
-2.53457e+06
-1.47346e+06
-1.44763e+06
1.33579e+06
1.05232e+06
282587
444084
299385
294523
458678
314687
-2.38186e+06
-1.89766e+06
-615285
-849608
-1.88596e+06
-1.55543e+06
-800617
-848694
616294
394177
-447359
-120319
-3.10831e+06
-2.58144e+06
-1.49589e+06
-1.47439e+06
1.25027e+06
979001
228198
406060
275424
273398
443076
310087
-2.44145e+06
-1.9459e+06
-629991
-856953
-1.95401e+06
-1.61441e+06
-843065
-875167
638738
412433
-431457
-95744.4
-3.23359e+06
-2.6861e+06
-1.55088e+06
-1.51998e+06
1.25941e+06
986669
213599
382953
247896
251326
424491
279519
-2.44456e+06
-1.94864e+06
-631687
-874562
-1.94624e+06
-1.60738e+06
-858182
-886746
688674
454503
-428206
-94072.1
-3.28793e+06
-2.72876e+06
-1.58986e+06
-1.55922e+06
1.31112e+06
1.02532e+06
213007
398438
308489
301203
431437
308626
-2.49545e+06
-1.98678e+06
-668754
-878564
-1.94947e+06
-1.60569e+06
-874502
-884126
662659
436812
-452609
-91341.9
-3.29287e+06
-2.73447e+06
-1.61941e+06
-1.57792e+06
1.42031e+06
1.11498e+06
246287
426983
354970
340318
444299
318808
-2.49538e+06
-1.98812e+06
-682804
-904692
-1.87731e+06
-1.54619e+06
-846616
-861947
647810
425851
-469616
-116563
-3.24852e+06
-2.69667e+06
-1.60864e+06
-1.5625e+06
1.47504e+06
1.15534e+06
261106
465742
417453
387270
464636
347874
-2.49063e+06
-1.98731e+06
-675918
-882206
-1.89875e+06
-1.56539e+06
-846611
-850398
644401
419094
-463593
-97757.5
-3.32048e+06
-2.75989e+06
-1.64206e+06
-1.58867e+06
1.52832e+06
1.19646e+06
270093
473515
473754
433100
490656
368248
-2.52593e+06
-2.01643e+06
-688714
-910565
-1.87061e+06
-1.54704e+06
-836246
-853544
648648
420451
-461008
-113491
-3.32358e+06
-2.76522e+06
-1.65108e+06
-1.59958e+06
1.63201e+06
1.27963e+06
287487
510685
573137
514382
520095
412472
-2.54351e+06
-2.03138e+06
-706540
-909100
-1.87323e+06
-1.54874e+06
-848602
-850097
685739
452335
-454542
-90317.3
-3.32398e+06
-2.76654e+06
-1.67085e+06
-1.60082e+06
1.81226e+06
1.42668e+06
352549
565053
679185
602600
571187
448133
-2.50048e+06
-1.99698e+06
-689817
-916603
-1.79191e+06
-1.4793e+06
-818444
-825324
720667
482548
-452618
-90331.5
-3.26936e+06
-2.72104e+06
-1.66389e+06
-1.59501e+06
-941242
-827643
-753990
-619481
-1.50222e+06
-1.28562e+06
-977602
-850507
1.89554e+06
1.52077e+06
582155
706868
3.83811e+06
3.08093e+06
1.18166e+06
1.44364e+06
1.64047e+06
1.38463e+06
934384
849462
-8708.02
13547.5
129956
61816.7
-911180
-805564
-756813
-605743
-1.49991e+06
-1.28756e+06
-990114
-850611
1.89118e+06
1.5147e+06
569966
713348
3.87436e+06
3.11186e+06
1.19779e+06
1.47676e+06
1.64746e+06
1.39066e+06
930152
857560
18957.5
33101.1
123969
73535.6
-844254
-749358
-743217
-582186
-1.47035e+06
-1.26217e+06
-990606
-851700
1.95519e+06
1.56703e+06
586327
732872
3.90171e+06
3.13245e+06
1.19491e+06
1.48495e+06
1.75145e+06
1.47321e+06
972049
903446
58318.6
66729
132903
93715
-847666
-759660
-731131
-591314
-1.48616e+06
-1.28116e+06
-998738
-869111
2.01901e+06
1.61454e+06
622675
753639
3.93443e+06
3.15547e+06
1.2076e+06
1.49345e+06
1.81908e+06
1.52922e+06
1.00144e+06
929304
91337.7
89520.4
152131
99598.1
-770202
-692147
-694223
-547424
-1.46551e+06
-1.26525e+06
-996281
-850058
2.13808e+06
1.71473e+06
677172
816384
4.03438e+06
3.24141e+06
1.25561e+06
1.53364e+06
1.88269e+06
1.58231e+06
1.04286e+06
961922
169728
158031
201753
145243
-706654
-633203
-684522
-515670
-1.48336e+06
-1.27163e+06
-1.01077e+06
-856204
2.15156e+06
1.732e+06
664113
822853
4.14784e+06
3.33907e+06
1.29115e+06
1.5877e+06
1.88259e+06
1.58539e+06
1.03267e+06
966665
211762
197679
189794
160795
-712771
-647156
-697825
-524427
-1.52349e+06
-1.3106e+06
-1.03787e+06
-878058
2.1744e+06
1.74589e+06
661123
828895
4.15203e+06
3.33511e+06
1.2899e+06
1.58346e+06
1.88004e+06
1.57867e+06
1.02186e+06
963888
213702
190767
187223
150235
-634093
-584644
-690494
-504299
-1.46475e+06
-1.26381e+06
-1.02696e+06
-860417
2.23036e+06
1.78722e+06
650692
838065
4.20512e+06
3.37849e+06
1.29136e+06
1.60473e+06
1.9713e+06
1.65253e+06
1.03125e+06
985551
327935
284599
210900
192206
-699430
-639715
-717538
-540958
-1.58236e+06
-1.36063e+06
-1.07159e+06
-918006
2.19253e+06
1.75249e+06
632441
810568
4.05753e+06
3.25155e+06
1.21919e+06
1.52612e+06
1.95671e+06
1.63726e+06
1.02817e+06
975303
215089
191445
176415
142715
-731590
-662078
-734328
-558832
-1.65247e+06
-1.41376e+06
-1.10505e+06
-955537
2.19733e+06
1.76115e+06
622402
808167
3.99087e+06
3.20387e+06
1.17731e+06
1.49696e+06
2.01258e+06
1.68994e+06
1.03487e+06
995714
150931
147474
152444
122142
-781096
-707780
-767078
-565265
-1.76094e+06
-1.50928e+06
-1.16549e+06
-982158
2.16558e+06
1.72946e+06
593844
805065
3.90735e+06
3.13187e+06
1.13781e+06
1.46681e+06
1.97381e+06
1.65204e+06
1.00539e+06
990183
36652.9
49768.3
112305
91136.9
-741500
-681512
-756234
-573783
-1.81203e+06
-1.55428e+06
-1.1739e+06
-1.02519e+06
2.1965e+06
1.7455e+06
587938
782223
3.96528e+06
3.16928e+06
1.15706e+06
1.46276e+06
1.99191e+06
1.65456e+06
1.00516e+06
960810
92776.7
87725.8
130410
86656.6
-709744
-651074
-735187
-568363
-1.82127e+06
-1.55848e+06
-1.17135e+06
-1.03004e+06
2.23591e+06
1.77995e+06
609583
800699
4.07834e+06
3.2602e+06
1.20154e+06
1.50785e+06
2.05821e+06
1.71072e+06
1.04314e+06
985575
170691
150643
173711
110669
-712691
-646586
-712760
-549841
-1.83585e+06
-1.56122e+06
-1.14742e+06
-1.01855e+06
2.14569e+06
1.71496e+06
596536
783766
4.11338e+06
3.29974e+06
1.23345e+06
1.54469e+06
2.04061e+06
1.70867e+06
1.06908e+06
1.00961e+06
198261
183466
201685
142565
-696538
-632352
-718427
-529636
-1.79839e+06
-1.52943e+06
-1.1453e+06
-997020
2.15743e+06
1.72296e+06
587121
791314
4.18085e+06
3.34956e+06
1.22864e+06
1.5738e+06
2.07559e+06
1.73575e+06
1.08036e+06
1.03972e+06
243825
220591
204419
176584
-754549
-683326
-743497
-559693
-1.78528e+06
-1.52433e+06
-1.15644e+06
-1.00358e+06
2.1799e+06
1.74105e+06
594636
792039
4.21648e+06
3.37608e+06
1.22459e+06
1.57112e+06
2.1055e+06
1.76205e+06
1.09834e+06
1.05167e+06
209632
189347
183160
153014
-741044
-668817
-738519
-566055
-1.74344e+06
-1.49088e+06
-1.15668e+06
-999565
2.2567e+06
1.80329e+06
624594
823208
4.30913e+06
3.45245e+06
1.24978e+06
1.60044e+06
2.16803e+06
1.81647e+06
1.12925e+06
1.07794e+06
193796
179889
181785
137380
-739898
-667003
-734312
-546546
-1.756e+06
-1.49856e+06
-1.1417e+06
-987578
2.21309e+06
1.76879e+06
605964
812543
4.42679e+06
3.54641e+06
1.29403e+06
1.6496e+06
2.1444e+06
1.79364e+06
1.13775e+06
1.07152e+06
250257
223854
194633
164736
-775126
-700121
-751901
-577741
-1.79384e+06
-1.53591e+06
-1.16805e+06
-1.01661e+06
2.21718e+06
1.76815e+06
607363
798007
4.50653e+06
3.60522e+06
1.31601e+06
1.66398e+06
2.17998e+06
1.82039e+06
1.16892e+06
1.08024e+06
290031
247115
214250
162573
-788110
-709476
-746336
-576107
-1.82506e+06
-1.55839e+06
-1.17943e+06
-1.02793e+06
2.19152e+06
1.75057e+06
604752
800141
4.57715e+06
3.66753e+06
1.34543e+06
1.70288e+06
2.17853e+06
1.82761e+06
1.1826e+06
1.10253e+06
339039
293445
238063
196025
-865306
-771999
-784959
-604591
-1.86751e+06
-1.59494e+06
-1.20905e+06
-1.05384e+06
2.15289e+06
1.71614e+06
592778
785800
4.57729e+06
3.66079e+06
1.3222e+06
1.69824e+06
2.14842e+06
1.80005e+06
1.18405e+06
1.10093e+06
285238
248525
211853
180050
-843884
-754098
-773223
-599755
-1.80732e+06
-1.54573e+06
-1.19863e+06
-1.03989e+06
2.28497e+06
1.82939e+06
648575
836736
4.71995e+06
3.77857e+06
1.36413e+06
1.74327e+06
2.27649e+06
1.91378e+06
1.24402e+06
1.15551e+06
376157
323591
251512
212467
-804893
-726578
-754910
-592999
-1.80242e+06
-1.55128e+06
-1.21273e+06
-1.04798e+06
2.40161e+06
1.91752e+06
698146
884313
4.84732e+06
3.8769e+06
1.40826e+06
1.78583e+06
2.34655e+06
1.96577e+06
1.28213e+06
1.18437e+06
445945
378047
294045
237955
-910134
-802421
-817072
-607745
-1.92924e+06
-1.6472e+06
-1.27923e+06
-1.08549e+06
2.31907e+06
1.8569e+06
643363
866276
4.87779e+06
3.90625e+06
1.38886e+06
1.81281e+06
2.27064e+06
1.90453e+06
1.24039e+06
1.16496e+06
438864
380843
263010
257230
-958432
-849997
-838781
-657980
-1.94599e+06
-1.66646e+06
-1.29253e+06
-1.11169e+06
2.33527e+06
1.86588e+06
640371
845345
4.92985e+06
3.94422e+06
1.39885e+06
1.8122e+06
2.30846e+06
1.9369e+06
1.25574e+06
1.17201e+06
465213
395691
270034
248694
-1.01595e+06
-900337
-860284
-685418
-1.99532e+06
-1.71057e+06
-1.31279e+06
-1.13621e+06
2.26047e+06
1.79947e+06
601177
809441
4.91262e+06
3.92704e+06
1.39248e+06
1.80505e+06
2.28574e+06
1.91708e+06
1.23964e+06
1.15861e+06
488519
411437
271304
249896
-1.03071e+06
-909614
-875475
-684084
-1.95919e+06
-1.67641e+06
-1.30415e+06
-1.12114e+06
2.32101e+06
1.85204e+06
618291
833846
4.94369e+06
3.95365e+06
1.39382e+06
1.81664e+06
2.40255e+06
2.01637e+06
1.29517e+06
1.22187e+06
504749
430321
289905
272735
-1.07653e+06
-953944
-894153
-709992
-1.97277e+06
-1.69571e+06
-1.31601e+06
-1.13482e+06
2.36774e+06
1.88328e+06
635722
850380
4.9816e+06
3.97979e+06
1.39997e+06
1.82919e+06
2.48685e+06
2.07997e+06
1.32569e+06
1.25525e+06
523012
441173
299744
279919
-1.08013e+06
-951241
-891135
-718887
-1.98983e+06
-1.70794e+06
-1.33234e+06
-1.14585e+06
2.44786e+06
1.9523e+06
663314
879149
5.05586e+06
4.04306e+06
1.42472e+06
1.84995e+06
2.54205e+06
2.12918e+06
1.34805e+06
1.27182e+06
540506
459943
316695
288985
-1.09929e+06
-963783
-908382
-720255
-2.06122e+06
-1.76159e+06
-1.3633e+06
-1.17449e+06
2.4071e+06
1.92e+06
627980
858253
5.06957e+06
4.0547e+06
1.42097e+06
1.85804e+06
2.53591e+06
2.12371e+06
1.33126e+06
1.26284e+06
551989
470577
307908
291462
-1.11348e+06
-988889
-917280
-737376
-2.10097e+06
-1.80379e+06
-1.38646e+06
-1.19572e+06
2.41817e+06
1.9216e+06
634021
857820
5.11483e+06
4.08112e+06
1.4444e+06
1.86067e+06
2.54635e+06
2.12749e+06
1.34277e+06
1.27155e+06
583101
485467
334484
294238
-1.20842e+06
-1.06186e+06
-962444
-779894
-2.18782e+06
-1.87228e+06
-1.43775e+06
-1.24209e+06
2.3311e+06
1.85672e+06
596532
826182
5.12526e+06
4.09998e+06
1.44973e+06
1.883e+06
2.46692e+06
2.07035e+06
1.30083e+06
1.23946e+06
571016
485248
329724
301472
-1.23068e+06
-1.08264e+06
-975494
-795784
-2.2119e+06
-1.89418e+06
-1.45668e+06
-1.26775e+06
2.35652e+06
1.87227e+06
604952
823389
5.13308e+06
4.09976e+06
1.44745e+06
1.8775e+06
2.50964e+06
2.10097e+06
1.32475e+06
1.25737e+06
544534
463338
334521
296117
-1.25523e+06
-1.09589e+06
-970796
-806171
-2.21871e+06
-1.89581e+06
-1.46552e+06
-1.277e+06
2.41559e+06
1.92934e+06
639692
856243
5.17921e+06
4.14538e+06
1.46702e+06
1.90537e+06
2.55116e+06
2.1454e+06
1.33868e+06
1.28194e+06
545139
473124
357514
308731
-1.22803e+06
-1.07822e+06
-955740
-772736
-2.24307e+06
-1.92451e+06
-1.49217e+06
-1.2723e+06
2.50114e+06
1.99357e+06
682170
909336
5.24604e+06
4.19671e+06
1.49647e+06
1.93645e+06
2.55477e+06
2.14188e+06
1.33621e+06
1.29225e+06
554366
478277
385782
335243
-1.28343e+06
-1.12669e+06
-998457
-808553
-2.34794e+06
-2.0142e+06
-1.5497e+06
-1.33722e+06
2.46104e+06
1.9576e+06
655974
881203
5.3515e+06
4.27537e+06
1.53267e+06
1.96224e+06
2.49625e+06
2.08123e+06
1.30437e+06
1.2337e+06
562848
481934
375614
325575
496403
427623
328045
290821
-900814
-676289
26603.5
-179121
1.46205e+06
1.2039e+06
623976
650120
1.75977e+06
1.40318e+06
471138
631016
652232
548637
395610
348344
1.01755e+06
828841
379503
427027
497479
429582
325951
281059
-822921
-610211
49304.4
-159636
1.59769e+06
1.31644e+06
672183
696793
1.8995e+06
1.52216e+06
525463
680157
709676
600777
408107
368772
1.11942e+06
914757
413349
453566
420637
358193
272665
246673
-840295
-634067
21054.1
-164746
1.60855e+06
1.31711e+06
662989
708818
1.93033e+06
1.53566e+06
511052
693240
693535
578827
389653
356247
1.13925e+06
922243
403077
464851
282666
242590
209948
175703
-950801
-727759
-27276.6
-221144
1.49769e+06
1.22538e+06
610986
655075
1.86224e+06
1.4782e+06
461790
649658
569428
476114
327606
303155
1.07243e+06
866912
366991
426044
166815
154300
179948
123475
-1.03512e+06
-789010
-45789.4
-257545
1.41629e+06
1.16443e+06
587585
615447
1.80893e+06
1.43844e+06
439791
622096
386744
331958
261717
222429
1.02665e+06
834143
359545
407018
137875
124686
181004
134818
-993132
-763299
-33975.1
-222144
1.52228e+06
1.24541e+06
643293
679702
1.8553e+06
1.46907e+06
464492
653787
385734
325753
279678
236680
1.03777e+06
833103
363874
429502
150299
139050
182579
136094
-968917
-740910
-22299.3
-222227
1.58488e+06
1.29808e+06
662291
695580
1.89378e+06
1.49797e+06
467171
651375
427112
358688
304434
241488
1.04643e+06
841092
357365
418034
165087
153536
179605
147005
-930359
-703168
-714.178
-195759
1.6714e+06
1.37188e+06
692996
734107
1.98175e+06
1.57692e+06
505591
697628
471808
402887
315310
274538
1.07615e+06
867690
360982
433058
175138
158558
174587
133726
-925710
-700950
12753.4
-196351
1.73752e+06
1.42228e+06
715357
757877
2.0702e+06
1.64362e+06
525092
723665
557053
469014
349575
296863
1.12625e+06
908509
383847
440707
196475
173199
184710
145347
-911041
-688789
41486.7
-177483
1.7529e+06
1.43412e+06
719573
767600
2.12166e+06
1.68291e+06
532266
743557
622617
521197
377284
330345
1.16668e+06
941609
406882
470478
255230
227185
208418
172700
-871147
-644871
83092.1
-144735
1.80725e+06
1.48399e+06
729793
784695
2.20062e+06
1.75444e+06
554457
770000
665479
561661
386436
354434
1.2338e+06
1.00321e+06
437568
502192
309549
267139
217920
184580
-800105
-592447
98246.8
-121024
1.90789e+06
1.55964e+06
755316
815619
2.25625e+06
1.79167e+06
558789
786518
751299
625159
401093
372086
1.24901e+06
1.00706e+06
425572
498314
265964
236076
226522
181036
-839832
-619549
115462
-111620
1.87639e+06
1.53648e+06
769565
822504
2.26945e+06
1.80086e+06
580370
799557
742743
620029
423734
375740
1.23285e+06
996226
427736
497979
209643
196279
229078
161563
-901724
-664259
107552
-138471
1.85498e+06
1.52245e+06
779751
811911
2.24544e+06
1.78613e+06
582212
787520
707392
599994
425547
374694
1.21695e+06
985502
421766
482729
204121
192724
238783
176712
-932691
-689664
106017
-133524
1.85531e+06
1.52295e+06
787741
832706
2.32972e+06
1.85394e+06
606374
831949
728283
617788
448363
393081
1.27634e+06
1.03279e+06
446382
514317
205093
191905
262384
167596
-1.00065e+06
-748213
105837
-165438
1.78045e+06
1.46145e+06
767656
799517
2.33954e+06
1.85818e+06
607142
827155
727200
615067
461765
390165
1.30361e+06
1.05438e+06
467702
522220
220730
210040
295054
192733
-1.06046e+06
-788377
113567
-176059
1.7213e+06
1.41723e+06
752091
773112
2.33535e+06
1.85803e+06
595962
824877
667394
571564
450697
378585
1.35306e+06
1.09776e+06
493206
550384
280950
260340
329847
238343
-971750
-718883
146602
-119525
1.77123e+06
1.45682e+06
782196
814998
2.37055e+06
1.88037e+06
593551
841151
776032
660801
505925
439680
1.39569e+06
1.12528e+06
494274
569303
278237
261244
315384
235910
-943343
-687171
167552
-123336
1.68514e+06
1.39001e+06
742490
757920
2.39355e+06
1.8994e+06
598943
822249
825240
699659
535416
450254
1.40924e+06
1.14233e+06
494526
564768
287189
264219
300301
227274
-873370
-630362
193093
-91209
1.68954e+06
1.38985e+06
740426
754762
2.48546e+06
1.9765e+06
636755
865862
889763
755228
546141
483138
1.4852e+06
1.20139e+06
509307
587574
320159
286077
295576
236176
-803899
-574400
230362
-48908.5
1.69386e+06
1.39291e+06
747898
764889
2.6272e+06
2.0895e+06
698484
930019
973275
820170
584109
518624
1.57567e+06
1.27323e+06
552453
630714
301495
271728
267752
226334
-786312
-557137
243028
-35136.8
1.62014e+06
1.33789e+06
707236
742806
2.68392e+06
2.14116e+06
708088
964703
977804
827706
572255
530050
1.58739e+06
1.28864e+06
550823
648633
268636
242544
232903
187064
-780763
-549721
244201
-38923.4
1.49418e+06
1.23308e+06
633032
666464
2.68622e+06
2.14278e+06
688173
949472
914606
774678
522696
486844
1.58569e+06
1.28707e+06
537722
631770
247711
220672
222289
185169
-696541
-483509
278853
2240.82
1.47106e+06
1.21327e+06
646581
663833
2.7186e+06
2.16664e+06
715203
965613
934901
788758
537435
501653
1.56434e+06
1.26304e+06
534714
626400
223319
203152
198404
169839
-626161
-426633
298253
32740.5
1.51834e+06
1.24925e+06
649208
686525
2.75039e+06
2.18784e+06
714872
984926
945821
794410
523115
491860
1.55783e+06
1.25985e+06
500541
623355
137145
126164
155512
126953
-664199
-462205
275454
13731.3
1.50573e+06
1.23043e+06
620783
669389
2.77499e+06
2.20614e+06
717940
992241
892422
746447
484485
464184
1.48979e+06
1.1952e+06
454120
577098
50635.9
56952.5
122704
79252.5
-685670
-475688
280039
-4072.23
1.51272e+06
1.23766e+06
623066
655051
2.80967e+06
2.23553e+06
738084
990606
855946
718967
482344
437915
1.42898e+06
1.14808e+06
437861
540008
23558
39675.8
118394
77253.5
-676385
-463547
301786
18899.6
1.51962e+06
1.24782e+06
621694
674162
2.87111e+06
2.29211e+06
759689
1.0362e+06
854239
724654
483952
454413
1.41757e+06
1.14655e+06
436448
551219
-44653.1
-19856.3
102816
66043.1
-688209
-473576
315483
37994.3
1.47013e+06
1.20242e+06
590824
658002
2.87877e+06
2.29537e+06
772291
1.05109e+06
754461
634377
445687
426364
1.36749e+06
1.09977e+06
418160
540995
-164116
-114433
67036.6
-8761.05
-746666
-520177
288841
-18393.3
1.42387e+06
1.16288e+06
570595
598097
2.85275e+06
2.27454e+06
772397
1.01362e+06
628025
535113
396502
340649
1.21264e+06
970199
350791
439968
-34585.3
-2015.25
123756
56217.8
-595287
-392371
354827
64741.3
1.58566e+06
1.30098e+06
640687
682586
2.96584e+06
2.36972e+06
822350
1.075e+06
765174
654236
454916
405116
1.33641e+06
1.07653e+06
384937
500590
52016.2
62569.1
164279
91572.4
-510914
-327926
390633
99837.1
1.66503e+06
1.35881e+06
676984
715051
3.02563e+06
2.41497e+06
854509
1.10039e+06
826522
700545
488277
433420
1.40417e+06
1.12187e+06
400102
515192
97453.5
98640.7
189927
123586
-490569
-310867
411811
121628
1.72278e+06
1.40629e+06
712558
752447
3.13544e+06
2.50479e+06
897607
1.15008e+06
894767
759848
537831
480924
1.46863e+06
1.17476e+06
433851
549454
116709
122410
206577
141513
-521842
-330876
413594
126347
1.71645e+06
1.40996e+06
719034
769021
3.16704e+06
2.53639e+06
905493
1.17768e+06
934055
802116
567069
512988
1.4815e+06
1.19439e+06
441137
573980
189690
183657
239032
166837
-506187
-312049
437333
126499
1.73315e+06
1.42686e+06
727800
762968
3.20359e+06
2.56903e+06
916030
1.18036e+06
952435
816020
583228
522744
1.51245e+06
1.21946e+06
450081
570445
284919
255671
264654
203610
-421158
-249903
445246
158295
1.82705e+06
1.49591e+06
749085
797669
3.25601e+06
2.60282e+06
916766
1.19342e+06
1.04615e+06
889819
601482
554874
1.55077e+06
1.23993e+06
436608
572011
687235
653933
889896
621472
-873488
-703031
-268795
-334466
-55744.8
-75264.4
-211052
-122812
-264814
-207175
-36085.1
-77252.8
1.40393e+06
1.19417e+06
897571
777063
649517
618399
849280
587679
704569
666711
903101
645142
-897661
-721585
-272308
-340228
-53836.3
-73313.5
-215531
-122665
-229446
-179865
-30903.4
-61207.9
1.46144e+06
1.23967e+06
912207
810371
699236
659905
878430
621622
665272
638199
903320
634319
-924462
-740677
-276549
-351773
-63163.7
-82403.4
-221554
-129024
-218261
-170573
-42956
-59848.8
1.4401e+06
1.22551e+06
898786
806862
751676
707585
915039
649553
701451
674936
937215
645617
-878748
-701909
-259364
-340050
-1159.66
-31217.4
-208371
-113717
-193859
-150250
-51587.7
-67496.2
1.54593e+06
1.31513e+06
926895
834261
873296
813837
982348
703869
725483
690005
957340
664494
-923887
-739128
-260323
-350528
-123075
-135864
-263904
-175845
-232278
-186088
-64221.6
-89301.2
1.50732e+06
1.27301e+06
899564
804129
921113
847019
1.01931e+06
735340
755034
717361
986757
685416
-891297
-711600
-226755
-324486
-135943
-143217
-257938
-171131
-217462
-174071
-59782.3
-72882.9
1.49959e+06
1.26942e+06
897999
809017
954378
878313
1.05053e+06
763590
716400
699156
996072
689787
-967388
-766163
-237783
-338307
-207206
-194697
-273530
-191359
-233298
-181207
-50593.5
-81057.8
1.46656e+06
1.24481e+06
903429
787679
920126
858871
1.06047e+06
762817
728323
704609
1.00714e+06
704983
-974241
-775216
-241670
-337848
-205602
-195069
-271716
-183737
-242561
-193501
-65017.8
-75166.9
1.55973e+06
1.31973e+06
944811
845755
961667
890540
1.08597e+06
793150
716995
697800
1.02347e+06
703351
-971840
-770531
-236330
-341040
-176325
-172321
-257021
-180159
-263895
-211708
-87027.2
-98871.2
1.57779e+06
1.34155e+06
968034
865011
1.0344e+06
954674
1.13229e+06
832094
745892
725002
1.06143e+06
716313
-931697
-739716
-218962
-335122
-97884.1
-109090
-222443
-150355
-299404
-240853
-110341
-130383
1.65055e+06
1.40537e+06
1.00791e+06
899144
1.11082e+06
1.02146e+06
1.18451e+06
861577
834330
794764
1.0944e+06
769158
-854321
-674850
-187764
-290921
-85821.6
-100078
-230074
-146037
-294093
-238323
-111658
-125225
1.70375e+06
1.4427e+06
1.02603e+06
920966
1.22813e+06
1.11284e+06
1.24323e+06
926062
873287
829774
1.12863e+06
782718
-768661
-606003
-140021
-252922
-59025.7
-75989.2
-209288
-131964
-284002
-230527
-113269
-115466
1.71716e+06
1.45843e+06
1.04095e+06
930504
1.29652e+06
1.17256e+06
1.28631e+06
967888
908404
865921
1.15829e+06
817800
-717204
-560749
-126074
-221024
1327.24
-23547.4
-185561
-96865.9
-243157
-194033
-88671.2
-99098.9
1.76038e+06
1.49352e+06
1.06679e+06
948292
1.34534e+06
1.21909e+06
1.31754e+06
1.00015e+06
870535
831506
1.13925e+06
815583
-712340
-560247
-132864
-215978
-12831.2
-36658.5
-197837
-92509.4
-264521
-213785
-102038
-96119.9
1.80603e+06
1.53025e+06
1.08232e+06
982539
1.31056e+06
1.19036e+06
1.31445e+06
1.0027e+06
818860
786839
1.11706e+06
773150
-710396
-560651
-149472
-232342
-16459.3
-44090.2
-210653
-113086
-266586
-217469
-110109
-112117
1.80313e+06
1.52842e+06
1.08283e+06
974086
1.29378e+06
1.17653e+06
1.32552e+06
993094
826589
799002
1.14785e+06
773518
-639218
-502006
-112148
-213077
30194.2
-1589.58
-169139
-93453.4
-282221
-226633
-97787.9
-119922
1.8678e+06
1.58968e+06
1.14081e+06
1.00942e+06
1.24681e+06
1.14693e+06
1.34799e+06
983759
955458
904778
1.20687e+06
845994
-529122
-411270
-68896.2
-160753
121330
72867.4
-132718
-47852.7
-245843
-196108
-78931.5
-94661.8
1.98064e+06
1.67857e+06
1.19235e+06
1.06715e+06
1.32036e+06
1.20756e+06
1.40613e+06
1.03478e+06
1.004e+06
945198
1.23198e+06
868403
-461654
-358869
-44894.2
-128305
121709
72922.5
-142544
-44757.7
-261594
-209746
-93046.8
-96370.9
1.98021e+06
1.68056e+06
1.18768e+06
1.06856e+06
1.32993e+06
1.21886e+06
1.41934e+06
1.05274e+06
954304
916125
1.23856e+06
886570
-599396
-462886
-78569.5
-155795
8963.99
-16289.6
-177723
-81861.8
-310488
-243100
-88288.6
-105196
1.87732e+06
1.59426e+06
1.16636e+06
1.03008e+06
1.23435e+06
1.14939e+06
1.40279e+06
1.0365e+06
870652
844310
1.21967e+06
849594
-738876
-579318
-122455
-220233
-104020
-111369
-220499
-135668
-374721
-300279
-108651
-131442
1.83349e+06
1.55827e+06
1.15723e+06
1.01318e+06
1.16158e+06
1.08672e+06
1.38461e+06
1.00046e+06
880253
852240
1.2365e+06
855503
-792179
-623227
-138625
-240826
-113499
-123326
-233010
-147979
-356145
-285302
-110800
-126912
1.84096e+06
1.56685e+06
1.16845e+06
1.02426e+06
1.16864e+06
1.09373e+06
1.39633e+06
1.01583e+06
903705
872538
1.27568e+06
863378
-849481
-672629
-149204
-275012
-106536
-121299
-230796
-158435
-376955
-305059
-115805
-151891
1.86025e+06
1.58447e+06
1.19005e+06
1.03212e+06
1.11771e+06
1.05252e+06
1.3923e+06
985228
1.02844e+06
978786
1.32651e+06
934152
-819429
-640559
-135557
-253157
-76035.9
-92937.9
-238015
-148043
-304520
-241922
-91908.3
-113646
1.93694e+06
1.6464e+06
1.21451e+06
1.06357e+06
1.21173e+06
1.13182e+06
1.44318e+06
1.03647e+06
1.10866e+06
1.03905e+06
1.38221e+06
963514
-769541
-607375
-96930.9
-228848
-38132.1
-68141.1
-216641
-134569
-238652
-195395
-63060.5
-87370.8
1.97919e+06
1.6802e+06
1.2477e+06
1.08493e+06
1.28091e+06
1.18461e+06
1.48783e+06
1.07273e+06
1.03784e+06
995616
1.38337e+06
969300
-890549
-695324
-139941
-257383
-108516
-117292
-234817
-146309
-325491
-256859
-71960.1
-110534
1.93823e+06
1.65235e+06
1.2443e+06
1.08293e+06
1.18185e+06
1.11456e+06
1.45784e+06
1.04362e+06
991589
955200
1.37365e+06
952513
-941709
-739615
-163000
-291534
-111354
-118574
-228343
-151433
-381942
-304491
-82880.7
-133995
2.01328e+06
1.71282e+06
1.27669e+06
1.11316e+06
1.14616e+06
1.08457e+06
1.45527e+06
1.02606e+06
957773
930079
1.36158e+06
940717
-983428
-773986
-193591
-308460
-62465.1
-79135.1
-211521
-127675
-376760
-296521
-81607.9
-127644
2.08193e+06
1.7738e+06
1.30267e+06
1.15033e+06
1.15298e+06
1.09444e+06
1.46955e+06
1.04275e+06
985048
948823
1.36701e+06
940094
-976256
-777036
-218133
-324870
39161.7
-1091.07
-178973
-89552.2
-395324
-318434
-101943
-144725
2.23652e+06
1.89731e+06
1.36134e+06
1.20891e+06
1.15961e+06
1.09721e+06
1.47502e+06
1.04359e+06
1.08738e+06
1.03709e+06
1.39039e+06
989896
-975442
-771009
-237521
-331907
82611.3
38052.2
-178404
-74527.6
-437807
-347641
-134594
-160312
2.3603e+06
1.9977e+06
1.40104e+06
1.26268e+06
1.16434e+06
1.10261e+06
1.47488e+06
1.05017e+06
1.17966e+06
1.10421e+06
1.43843e+06
1.01084e+06
-915671
-731283
-209842
-317548
144487
84174
-145262
-58124.2
-395849
-320229
-108631
-155769
2.46579e+06
2.08222e+06
1.45457e+06
1.29829e+06
1.20037e+06
1.12889e+06
1.5011e+06
1.06054e+06
1.2587e+06
1.17574e+06
1.45682e+06
1.06408e+06
-954340
-756386
-246893
-325191
177071
111521
-161317
-42462.5
-276780
-217569
-58581.7
-99385.3
2.52669e+06
2.13212e+06
1.45767e+06
1.32684e+06
1.27722e+06
1.19693e+06
1.5066e+06
1.09965e+06
1.2241e+06
1.14707e+06
1.45208e+06
1.0474e+06
-1.04655e+06
-831535
-279133
-372213
153265
93830.9
-173373
-62641.2
-271135
-209007
-34595.9
-84512.7
2.50663e+06
2.11711e+06
1.44772e+06
1.31605e+06
1.24707e+06
1.17248e+06
1.49024e+06
1.07721e+06
1.16447e+06
1.09704e+06
1.4407e+06
1.03026e+06
-1.15465e+06
-921642
-315602
-414623
140403
78197.5
-181742
-71372.5
-251729
-192787
-13855.1
-69444.2
2.44788e+06
2.06879e+06
1.43313e+06
1.29446e+06
1.19192e+06
1.12562e+06
1.47059e+06
1.06047e+06
1.16933e+06
1.09984e+06
1.44968e+06
1.0353e+06
-1.1838e+06
-949611
-328571
-429335
231562
147804
-158456
-33552.9
-200159
-150873
13904.5
-38794
2.49128e+06
2.104e+06
1.45486e+06
1.3212e+06
1.17112e+06
1.10803e+06
1.46466e+06
1.05457e+06
1.20816e+06
1.13531e+06
1.45156e+06
1.05649e+06
-1.23404e+06
-983460
-353259
-442012
249892
165723
-175942
-31559.6
-183261
-130796
28844.3
-16476.3
2.51367e+06
2.12359e+06
1.44367e+06
1.33242e+06
1.22884e+06
1.15696e+06
1.49505e+06
1.08354e+06
1.17997e+06
1.10791e+06
1.43577e+06
1.02573e+06
-1.29466e+06
-1.03967e+06
-380660
-482028
211839
131301
-202689
-64944.2
-198121
-146287
22888.3
-32053.9
2.45371e+06
2.07224e+06
1.41362e+06
1.28429e+06
1.15409e+06
1.09449e+06
1.45414e+06
1.04877e+06
