465108
434111
548730
544081
559243
518700
763237
627817
587662
496065
263992
772747
373852
410935
1.29139e+06
260558
623543
583407
951152
675925
17046.9
-13541.8
-296107
80487.1
482166
430825
548806
565570
594873
560724
815587
687284
627102
551994
318459
842702
380063
419903
1.28182e+06
279222
622549
593406
931572
710465
18886.8
897.319
-256890
101537
454813
404974
527596
521803
639359
586679
864384
708310
666438
559144
332589
851366
389412
417550
1.28856e+06
264593
633966
586981
886650
693095
17930.8
-17039.9
-312498
67362.5
441577
389295
487049
512973
642667
590238
879521
716682
645733
542554
302408
841185
363478
386544
1.24531e+06
239040
621055
572153
861651
693392
-6605.79
-40800.8
-354464
60984.4
419307
378794
449352
495049
652073
610501
890372
739992
634011
544321
286682
839166
341452
387032
1.22139e+06
233890
593958
554591
818212
671755
-33156.2
-60169.1
-398207
35908.3
388360
347086
429359
454715
665734
622058
923654
747307
627651
539129
304784
821429
342597
378800
1.24423e+06
217065
585358
548406
812341
658718
-73448.6
-93739
-416788
-25554.8
395005
364161
434882
454884
663023
615645
920763
730614
646622
554877
333886
836346
353735
399554
1.27262e+06
236725
600742
556028
831111
669171
-68084.5
-85253.7
-397440
-14914.3
399758
336956
428854
476050
638189
586269
884456
732486
681188
586774
368352
905194
361608
392260
1.25111e+06
271878
587657
535357
787928
689277
-83821.1
-103711
-397465
-9352.9
406794
379922
460035
485594
668603
635375
906343
761909
755025
662423
452551
974742
391152
439895
1.25891e+06
303214
629896
592778
811204
728276
-66378.9
-71229.7
-420118
-967.322
479826
425940
546451
556067
718850
658112
954685
807479
823999
712676
545001
1.04425e+06
460066
480435
1.31474e+06
376808
705828
640708
890404
810130
-29965.8
-56888.2
-390231
43270.7
467811
413306
509577
538719
693341
637425
916066
779879
829032
721943
545181
1.05616e+06
457475
480743
1.27537e+06
386481
698037
632419
860037
802941
-39095.2
-65180.4
-413155
35730.8
458141
405617
508700
542493
675938
623914
883935
776888
868247
759042
603636
1.10462e+06
468656
491055
1.27883e+06
411548
702741
642497
876913
820597
-50628.1
-72518.8
-431761
28965.9
435190
396664
441822
519787
658450
604568
832292
756207
883145
763310
592507
1.12099e+06
454909
462521
1.20621e+06
391000
670320
604443
787165
777880
-40097.2
-77024.4
-473904
41105.5
452644
403885
443736
542255
706238
659514
875373
823644
934161
832155
635907
1.20471e+06
449892
476115
1.17936e+06
403859
668127
624150
767595
800976
-6797.42
-26679.8
-423663
101162
423665
375178
423906
510970
734081
673243
908747
849220
964090
834579
633881
1.2192e+06
443103
453599
1.15193e+06
380106
662631
601993
734693
775631
4404.57
-32890.4
-458361
96726.6
399947
347669
378791
474488
744939
681848
939100
850374
964236
835529
645912
1.21931e+06
413655
422592
1.12111e+06
343512
634604
573051
723925
737775
-6542.15
-49491.1
-479854
87778.8
356289
313069
334053
422665
740026
679486
937160
847459
949297
825729
625539
1.21295e+06
378707
398343
1.09093e+06
311005
601955
549440
715094
703778
-47526.1
-86704
-550733
51998.5
322271
282954
312504
382000
747594
689921
945728
857231
952466
834226
634672
1.20878e+06
358026
381692
1.07335e+06
277950
587504
541667
701787
679027
-61782.7
-92180.6
-560527
25349.8
352495
329312
374069
416963
789078
729671
1.01597e+06
904245
1.00682e+06
877156
714668
1.26812e+06
394959
411929
1.14079e+06
318381
623959
570549
774817
718722
-28898
-66572.7
-516633
65526.2
372140
319119
394278
435908
826849
760267
1.06703e+06
952226
1.03051e+06
901667
730479
1.31143e+06
390021
401111
1.13357e+06
321399
616711
559359
757314
730587
-39499
-81110.1
-536732
68461.4
313056
286923
351438
373277
840212
778948
1.10832e+06
958304
1.0194e+06
887915
712759
1.28453e+06
352663
378487
1.10369e+06
267822
577219
533494
700972
676110
-80291.3
-114505
-642722
19796.2
346718
306490
370648
406219
890283
816017
1.16172e+06
1.00982e+06
1.0523e+06
912137
728589
1.32651e+06
378945
391121
1.11789e+06
298302
610712
553122
725001
715751
-65264.5
-111613
-681473
53285.4
346671
311015
387652
393588
924587
857029
1.21955e+06
1.04985e+06
1.06065e+06
928454
761316
1.33448e+06
387881
406362
1.14653e+06
304408
624611
568641
758146
723654
-95796
-142860
-736404
10966.5
318332
285434
399475
364719
944332
874514
1.27243e+06
1.07239e+06
1.06543e+06
935637
814368
1.33286e+06
367829
390792
1.17979e+06
274843
606766
559005
778404
706164
-138634
-179327
-771055
-36128.2
320247
298821
411971
355826
968559
894669
1.30488e+06
1.07815e+06
1.08315e+06
943348
833472
1.33576e+06
392777
422275
1.21719e+06
292701
627911
576970
787718
707355
-123537
-164671
-744025
-33664.6
302515
272544
405361
352397
947329
873984
1.30685e+06
1.07292e+06
1.04974e+06
909766
790952
1.30934e+06
390482
417034
1.23353e+06
294996
611263
564528
774708
717803
-167237
-201491
-758260
-69737.7
269994
242427
349447
303313
969105
890494
1.31458e+06
1.07815e+06
1.01151e+06
867655
695597
1.25639e+06
406478
426267
1.23921e+06
294292
626985
574079
741300
715276
-174877
-211262
-827639
-90467.2
281469
262914
355436
336802
982895
911117
1.32363e+06
1.11447e+06
981286
845853
636658
1.24432e+06
418691
442791
1.24566e+06
326677
652961
602195
769317
764451
-161546
-191238
-828649
-46170.5
303173
265239
356655
344468
1.00698e+06
917069
1.32903e+06
1.13046e+06
950049
802025
572007
1.19773e+06
438791
456934
1.25078e+06
352129
660878
594230
756234
769391
-152254
-209191
-848726
-50841.7
252640
234822
318182
300905
982707
908083
1.31147e+06
1.11346e+06
866052
733500
471807
1.10525e+06
423701
445834
1.25393e+06
324505
632252
582092
725468
740660
-216858
-250739
-917675
-122929
257890
221055
316353
282008
995695
901217
1.34098e+06
1.10559e+06
854942
717189
474321
1.09078e+06
436516
443087
1.30595e+06
326624
650677
573232
764054
734177
-205958
-261800
-899993
-116075
218180
211209
318315
262473
963163
914597
1.37024e+06
1.10378e+06
826778
732377
469136
1.10331e+06
399804
454505
1.33607e+06
316396
598478
567548
757901
723405
-260462
-271887
-902659
-144709
263882
249421
403061
281566
1.07793e+06
1.00683e+06
1.50832e+06
1.19793e+06
911418
788124
554429
1.15758e+06
479638
511257
1.44334e+06
356640
691107
640168
851183
783904
-187173
-221225
-852083
-97609
282442
261996
486274
287964
1.12528e+06
1.04743e+06
1.61713e+06
1.24319e+06
951955
824240
644277
1.20366e+06
506803
533624
1.54703e+06
380925
746615
685672
979248
841324
-177594
-217998
-818724
-81873.8
307529
286172
536659
321558
1.18299e+06
1.0974e+06
1.69073e+06
1.32192e+06
986072
853186
685399
1.24981e+06
539969
570906
1.60711e+06
434204
788069
722928
1.05018e+06
897270
-166022
-212775
-815650
-60984.4
288512
282363
519258
299296
1.1991e+06
1.12635e+06
1.67214e+06
1.34591e+06
988094
870474
674122
1.25849e+06
533145
576863
1.60481e+06
414665
799656
750894
1.0526e+06
908884
-189326
-219407
-864705
-85912.8
480668
456047
950429
470914
98943.3
93126
225791
94747.4
524726
480944
823465
564964
713033
667553
1.17315e+06
765458
-289034
-395215
-1.84611e+06
-12476.9
244794
177019
-94557.1
371780
465042
448594
889712
467055
121842
112697
217305
125970
530835
487780
796096
571284
727934
680237
1.1762e+06
767294
-290888
-395990
-1.8944e+06
-20151.1
208044
144179
-186245
319264
406348
387404
801063
396800
91407.7
82967
169407
86873
499415
460847
768233
536017
707647
667848
1.18132e+06
745976
-334460
-438565
-1.95138e+06
-66987.8
182840
125194
-213075
299914
398407
386590
808209
391955
75373.3
68981.8
157007
65401
516425
476157
830078
539623
736402
696537
1.24468e+06
766075
-327282
-424051
-1.92554e+06
-66732.5
185456
136147
-185338
290928
400044
388912
781071
415507
64629.6
61517.6
135565
70608.1
519888
488883
848322
562078
756089
724225
1.29002e+06
809084
-319490
-414094
-1.91441e+06
-32622.4
201866
164115
-119914
335260
374253
366633
706897
389926
45809.2
39010.4
86478.5
46022.8
529004
492648
841548
563828
797440
757111
1.32277e+06
847933
-308707
-407232
-1.94647e+06
-19179.6
231868
191399
-98330.3
359456
404283
375481
728203
388683
66487.1
60939.9
95284.1
63951.4
550508
510998
886333
572496
827134
779769
1.37677e+06
856635
-283961
-394437
-1.92347e+06
-10221.2
276737
203731
-52919.9
376562
382008
376547
726047
382755
93647.1
98205.8
151295
106740
525807
507806
894826
551953
821680
786875
1.41913e+06
858259
-283281
-372942
-1.87713e+06
-6419.12
212784
162985
-86066.2
296503
391375
371336
756781
370943
113358
103394
179496
110249
547132
517005
964224
553414
817953
777745
1.45005e+06
830979
-254731
-363881
-1.81335e+06
6335.68
220733
164934
-17768.2
292229
408408
410113
832228
411236
113926
118184
189610
135156
551869
545481
1.02307e+06
576274
811906
788530
1.48586e+06
837383
-233560
-319839
-1.74727e+06
48204.2
215050
190058
32681.1
300329
440437
423084
844036
428847
140684
120772
171331
153491
567718
541249
1.03312e+06
576406
820132
775531
1.47724e+06
829873
-192035
-299554
-1.71787e+06
87622.6
239798
196642
84050.2
316780
430583
420427
836051
428934
133276
116057
143589
157928
572018
550016
1.03097e+06
595127
791078
750943
1.43701e+06
808503
-170847
-272766
-1.70969e+06
131764
232163
200556
77991.8
319876
490585
469496
929817
476027
176153
167055
199994
204387
601279
571146
1.05382e+06
617522
811925
778888
1.46895e+06
834749
-115789
-232340
-1.64956e+06
180838
278899
220563
111820
356437
476507
457478
906839
483663
174796
153332
180558
224091
535620
500832
922683
556921
776336
728710
1.38913e+06
810418
-150588
-279427
-1.73626e+06
158746
183285
120006
-73874.3
260395
480216
460500
924459
463647
187286
171129
198179
216668
500029
471582
894456
500131
749547
715746
1.34835e+06
767443
-177825
-295517
-1.76706e+06
113265
152115
100975
-100891
217198
503775
506064
1.0134e+06
504548
198095
195970
225904
249682
487610
476226
912094
494670
758431
741611
1.3717e+06
794073
-172942
-274282
-1.73782e+06
130585
140309
109494
-87744.2
207809
539711
519538
1.07454e+06
514868
221945
204280
252921
255441
459719
438931
886884
447937
773213
739325
1.39674e+06
797290
-175143
-289943
-1.7363e+06
117508
109394
66491.4
-94599.6
160800
507990
492868
1.08922e+06
475205
214144
191303
276556
242533
414437
392420
830902
397356
761718
725545
1.39672e+06
782026
-189792
-307548
-1.74828e+06
101754
57238.9
17839.6
-144383
98924.2
520964
519163
1.1312e+06
494263
210376
196869
280412
236051
395111
381300
815042
386483
783766
761200
1.42568e+06
817668
-207965
-315819
-1.78191e+06
86789.6
53569.7
27380.6
-137226
111852
528614
525383
1.10749e+06
521639
193236
166178
212857
230561
357960
338358
708918
349352
795133
756406
1.38997e+06
832813
-252695
-371649
-1.90889e+06
38612.3
9247.54
-26044.9
-251182
53289.7
552796
546379
1.12513e+06
547167
168611
151799
175162
199645
330845
321169
677475
325246
796416
766956
1.39527e+06
835814
-275552
-386058
-1.93269e+06
17479
17998
-2573.87
-214753
77334.1
576460
561448
1.13558e+06
579700
126465
104806
88937.8
157885
299046
282705
616659
280806
786997
743350
1.3428e+06
818071
-302649
-419527
-1.9993e+06
-20755
22209.5
-6420.53
-228666
67706.2
586689
588540
1.13993e+06
600363
67925.4
63094.4
18673.3
93285.1
239527
245685
561056
228205
761844
737836
1.31195e+06
813259
-369622
-464969
-2.0679e+06
-79171.9
4859.24
5613.72
-195462
73624
646113
642033
1.26331e+06
655617
74960.4
65038.3
67870.9
90506.8
266094
265916
607665
249151
822427
784731
1.39115e+06
874980
-347218
-449033
-2.0354e+06
-57571.9
70654.1
63986.1
-76602.3
130443
700543
689280
1.33338e+06
708950
88232.8
83855.8
57649
116944
300405
302434
641468
303849
824731
792812
1.37616e+06
884909
-367552
-468673
-2.10899e+06
-65855.7
110570
85368.3
-77859.5
185589
755229
749192
1.43907e+06
781918
153190
139250
145972
199121
339966
340251
695382
343636
859404
817685
1.44923e+06
915611
-343356
-449277
-2.08078e+06
-41959.7
110405
82815.6
-81377.4
170584
815326
792614
1.49636e+06
836550
192489
168829
135849
243015
388749
376252
736313
397745
862799
823164
1.43356e+06
920783
-341825
-454997
-2.12486e+06
-35510.2
153936
122052
-48500.5
231824
845792
813114
1.54177e+06
874178
189802
153921
100614
246096
397038
372686
736941
399646
853451
804905
1.39629e+06
911536
-366006
-489111
-2.18696e+06
-65468.9
153929
111190
-84124.5
224261
868799
831087
1.54804e+06
884625
191924
153195
78061.8
238318
390862
374550
734420
395808
850941
803745
1.37987e+06
911610
-396351
-515833
-2.24897e+06
-93065.2
153925
115818
-69839.5
233801
874487
835714
1.57407e+06
889446
184995
143350
81568.3
226664
405942
385422
739295
412250
862066
809205
1.37912e+06
924140
-406619
-531077
-2.30493e+06
-97947
172091
130369
-49957.8
246731
894986
859860
1.63391e+06
901674
172323
151644
87155.9
219673
408059
402580
760937
420364
882076
844824
1.44223e+06
934176
-432040
-540013
-2.32591e+06
-126209
169953
133324
-23372
242659
958659
929474
1.75453e+06
988443
257681
233808
207291
334261
481371
470068
875132
509349
967320
926095
1.60485e+06
1.04105e+06
-376073
-484093
-2.23507e+06
-49259.9
206428
168606
60889.7
281600
967504
926470
1.75309e+06
986258
263827
228264
181784
328993
478213
460244
857663
497090
978018
931315
1.61364e+06
1.0362e+06
-379225
-497089
-2.25869e+06
-62026.7
212766
175727
68174.3
287879
947850
911285
1.71625e+06
977105
206321
175358
60971
282956
451264
435200
800859
481768
951444
908004
1.57307e+06
1.01947e+06
-413242
-526150
-2.33164e+06
-83312.7
182426
150004
14542.4
259087
951947
891271
1.66756e+06
971308
185693
128907
-34600.9
250407
459807
432329
765464
488378
972558
912628
1.56303e+06
1.03295e+06
-420637
-551319
-2.40884e+06
-92336.1
195437
157191
18665.5
281887
895735
849570
1.59054e+06
923584
139779
91434.6
-114127
216290
468149
446189
760280
509622
978713
925410
1.5755e+06
1.05385e+06
-429248
-552342
-2.44476e+06
-83568
216348
184967
29830.7
316902
-106674
-98466
-127894
-130931
841545
773279
1.10083e+06
948067
-441682
-365928
-120465
-593971
423461
378902
286352
541488
380120
367638
677195
396495
443297
465534
1.30545e+06
350504
-87491
-82516.5
-73840.3
-115961
865381
784133
1.15609e+06
954895
-405550
-343036
-56316.8
-568568
495462
430605
391785
608228
435880
407859
759714
442412
493181
514911
1.41625e+06
392902
-118520
-111375
-81414.9
-158096
871995
808809
1.23105e+06
964991
-432291
-354202
-52816.6
-595570
485141
430854
403710
596209
415318
401117
779991
422571
514617
533356
1.48035e+06
411800
-156367
-141803
-156133
-197730
856178
798438
1.22167e+06
946936
-445139
-361963
-83762.5
-607698
472831
421644
363679
593174
397837
387229
731631
414081
502409
526662
1.45342e+06
406422
-160254
-147323
-163387
-200055
878539
811351
1.25971e+06
957428
-415738
-340324
-58370.3
-580156
511718
456385
376213
641830
430940
418182
738563
450938
558858
588794
1.52012e+06
471612
-163453
-135267
-136390
-207164
901782
850652
1.33316e+06
983829
-400087
-313127
-56.5685
-567335
534528
485458
426701
665136
467442
458333
822696
483385
608300
635980
1.6136e+06
514820
-184674
-159716
-165452
-220156
901351
840811
1.3332e+06
989278
-415579
-338263
-29563.4
-574947
554095
491627
455282
686567
480127
458543
826255
508432
588524
611392
1.59802e+06
491730
-198698
-177266
-215020
-230353
870572
804837
1.263e+06
951916
-433454
-360270
-89411.5
-589205
559674
493285
452531
692448
482093
450708
791297
506135
577058
603403
1.57196e+06
484151
-245681
-227473
-246676
-291708
847414
794769
1.29169e+06
925249
-458088
-377859
-99231.1
-618598
534549
464375
451015
650202
450124
427719
793263
469937
568949
594303
1.58482e+06
464967
-299400
-282382
-335473
-362833
811146
761593
1.25454e+06
877055
-450459
-370620
-83743.4
-616094
502934
437959
410569
619688
426728
403745
760394
441199
551446
574996
1.55613e+06
451382
-365596
-337396
-403986
-426758
771604
718483
1.23076e+06
820550
-466958
-391872
-92310.7
-639590
488750
429114
402729
607957
399183
378873
719797
410220
533748
562725
1.53343e+06
430067
-385872
-340296
-418065
-444315
758924
724219
1.23334e+06
816648
-473308
-391831
-104206
-637304
490930
435653
406577
616788
409285
396003
752557
422916
531808
562117
1.53138e+06
430557
-370064
-329942
-417791
-433758
808664
759431
1.2651e+06
867682
-466864
-397962
-95843.4
-651573
519270
458892
421083
637242
447920
426029
803526
445188
546203
561490
1.55773e+06
418838
-347790
-314972
-418500
-397955
831359
776340
1.27489e+06
894485
-500088
-425966
-127270
-694588
533528
462845
429145
645349
462301
442819
847247
458813
538221
568864
1.57676e+06
416704
-303207
-258006
-361701
-329459
902818
864721
1.36691e+06
1.00184e+06
-508547
-413767
-115179
-688552
534976
476475
443549
653450
500530
498625
942375
510161
583417
620587
1.65354e+06
470034
-212610
-176439
-248724
-227405
997245
948838
1.47248e+06
1.11515e+06
-479996
-382498
-62159.6
-647339
553519
490572
462398
689514
567644
562887
1.05778e+06
589711
620136
659395
1.72674e+06
525859
-172804
-143549
-215757
-190093
1.0581e+06
992417
1.5183e+06
1.16874e+06
-472279
-384932
-63373
-660463
567160
505880
442897
701350
616681
603923
1.12537e+06
625096
660174
698370
1.76226e+06
560951
-99298.3
-86199.9
-132506
-108928
1.12461e+06
1.04614e+06
1.58107e+06
1.24478e+06
-469646
-392610
-41942
-670964
597902
524543
472270
730297
687366
664998
1.25635e+06
686713
693294
704291
1.80681e+06
569855
-78117.6
-66847
-109778
-73158.7
1.17258e+06
1.08426e+06
1.66174e+06
1.30368e+06
-501382
-413295
-52180.2
-692973
611374
540782
507211
759274
731767
702102
1.3645e+06
740509
687364
711890
1.85549e+06
573218
-47705
-44686.3
-99893
-33719.8
1.18812e+06
1.09317e+06
1.66405e+06
1.3189e+06
-513963
-426734
-87688.3
-705106
639233
565721
530749
790037
766519
737587
1.42126e+06
777788
712170
745155
1.91344e+06
606251
-33892.3
-34899.3
-92203.2
-18151.4
1.21958e+06
1.13266e+06
1.71121e+06
1.35821e+06
-510685
-416458
-94446.1
-696200
651318
578051
542818
802911
799854
773203
1.48433e+06
811112
769592
800262
2.00044e+06
661274
-19417.9
-24844.9
-88444.2
-8128.19
1.23722e+06
1.14954e+06
1.75254e+06
1.37339e+06
-503737
-409845
-76837.8
-685848
662763
585794
551395
826090
817501
790204
1.53321e+06
829370
806936
834644
2.08434e+06
704184
-28741.1
-31866.5
-111876
-10597.4
1.24875e+06
1.15184e+06
1.7621e+06
1.38119e+06
-516365
-428201
-111391
-703808
663436
588521
523603
831612
835173
805807
1.55177e+06
849052
834452
862810
2.12841e+06
729223
6107.28
1086.82
-76259.3
42132.3
1.2668e+06
1.16505e+06
1.77598e+06
1.40781e+06
-523809
-445566
-142968
-707323
684110
595112
527425
857327
867148
829635
1.6085e+06
878494
876316
893782
2.19217e+06
774700
27102
20977
-59544.8
37232
1.30252e+06
1.20815e+06
1.83204e+06
1.4415e+06
-529429
-441768
-139318
-723411
706300
622319
555004
879485
899434
864706
1.66518e+06
914255
900515
910659
2.25732e+06
788250
34767.7
44136.9
-25820.7
66359.9
1.31e+06
1.22316e+06
1.84407e+06
1.46034e+06
-540235
-442439
-138041
-725449
724142
644002
573430
907974
918503
888879
1.68194e+06
943744
897640
928903
2.27544e+06
798069
57553.5
32075.1
-17932.2
67666.6
1.36014e+06
1.25131e+06
1.8912e+06
1.51048e+06
-534746
-453337
-153924
-726404
735542
632915
552729
913253
941646
892708
1.68293e+06
971919
940091
936383
2.2952e+06
837243
36590.7
15847
-67572.5
50597.7
1.35234e+06
1.24544e+06
1.86449e+06
1.50694e+06
-540794
-456139
-173985
-728647
715496
614976
482615
905438
930224
881017
1.62569e+06
967753
910870
911012
2.21527e+06
816844
8437.91
8988.03
-87703.9
33336.5
1.34621e+06
1.24936e+06
1.86704e+06
1.50355e+06
-549816
-453915
-174302
-737703
713553
627583
461647
917210
919888
881126
1.58731e+06
967640
907136
928599
2.20106e+06
827659
56285
59954.9
-14410.8
88810.5
1.39344e+06
1.30145e+06
1.92215e+06
1.56896e+06
-523578
-426083
-130960
-706273
744085
653613
479145
956760
955309
915906
1.63044e+06
1.01e+06
943143
955873
2.23203e+06
866093
50513.6
38800.4
-65075
81609.3
1.39001e+06
1.27887e+06
1.8571e+06
1.56848e+06
-535848
-446967
-183095
-709148
745118
635212
456030
947914
954637
901000
1.57789e+06
1.01552e+06
910117
912209
2.16107e+06
827598
33972.9
21196.2
-136516
87876.4
1.33673e+06
1.22329e+06
1.7131e+06
1.52792e+06
-563225
-479266
-279600
-719937
699495
597299
382753
908873
935246
880597
1.49576e+06
1.01291e+06
868136
878552
2.06415e+06
803739
56698.7
37734.8
-122708
111465
1.35497e+06
1.2418e+06
1.70786e+06
1.55703e+06
-554017
-466309
-311349
-698676
698921
591494
391270
899930
953008
892558
1.49631e+06
1.03189e+06
880885
885115
2.03504e+06
823371
74248.3
53093.8
-72629.8
108791
1.35899e+06
1.2475e+06
1.73092e+06
1.54619e+06
-520813
-437093
-263075
-675242
686346
585871
407603
871820
962540
903661
1.53486e+06
1.02324e+06
882324
886150
2.04347e+06
814448
25184.3
9393.21
-117380
64768.9
1.31164e+06
1.19515e+06
1.67638e+06
1.49496e+06
-543214
-466384
-294893
-697587
653933
557892
407799
837577
925110
867232
1.49783e+06
991446
841411
848054
1.99106e+06
774450
47511.9
27810.5
-96888.5
90052.9
1.29765e+06
1.17487e+06
1.6166e+06
1.4877e+06
-554355
-488998
-339737
-709937
648470
545065
406400
820624
937572
871277
1.50474e+06
1.00313e+06
821243
815669
1.93641e+06
750295
-47216.3
-108172
-850419
110824
685557
593314
397671
886842
-424932
-381437
-473567
-489473
-314566
-217945
421308
-527053
13873.4
97485.3
1.09284e+06
-210023
-1.00809e+06
-888804
-768324
-1.26931e+06
-25424.7
-77844.7
-794297
138072
723290
640941
479937
935851
-380322
-331448
-400882
-430019
-293814
-193100
463335
-496667
18336.7
115961
1.13773e+06
-205375
-1.02013e+06
-887044
-729726
-1.28378e+06
-8927.22
-75651.2
-744400
130814
754732
665381
560521
946991
-336507
-291643
-315497
-396191
-286224
-187084
486222
-507899
20338.5
112484
1.1966e+06
-227673
-1.02647e+06
-892183
-683726
-1.30957e+06
-39356.9
-105173
-801634
104485
743741
648490
554287
925429
-333693
-295391
-328843
-404830
-305426
-213800
466322
-542408
-13285.1
86520.9
1.1643e+06
-264054
-1.05314e+06
-911007
-689373
-1.34613e+06
-80436.2
-142276
-876634
63151
726563
631264
540151
905569
-349038
-316468
-362841
-416318
-327500
-233633
474008
-567456
-47606.7
53257.9
1.11322e+06
-299218
-1.09384e+06
-955834
-736054
-1.39789e+06
-96858.1
-152865
-933563
72950.1
711622
620623
510817
899481
-353616
-317596
-399993
-402028
-340415
-239042
459982
-582179
-64127.5
42193.1
1.07412e+06
-306940
-1.12957e+06
-968377
-772267
-1.4262e+06
-90714
-147904
-938889
70696.5
714263
622577
507032
901347
-352074
-319491
-408498
-411320
-336835
-234361
490546
-583104
-70110.3
34161
1.07446e+06
-324886
-1.11136e+06
-965520
-737399
-1.41984e+06
-82317.8
-139117
-927839
87913.2
716108
619694
502484
909048
-357808
-334273
-426371
-415252
-334599
-229728
510868
-574725
-78585
21462.1
1.06564e+06
-330927
-1.14238e+06
-1.00185e+06
-779637
-1.45299e+06
-60483.8
-119481
-906258
111285
716228
623242
491129
906657
-350562
-317444
-424560
-396946
-312507
-205704
539978
-552789
-81059.2
26109.2
1.07391e+06
-337890
-1.15709e+06
-1.00156e+06
-808657
-1.45444e+06
-47306.2
-114217
-884565
111295
698582
605264
471257
879202
-346929
-317312
-421171
-405935
-303368
-198188
573725
-558410
-82385
28700.1
1.08721e+06
-337100
-1.16138e+06
-1.01153e+06
-809851
-1.47139e+06
-22717.2
-89276.5
-836990
137375
724410
624773
511591
902699
-344676
-321094
-417731
-412126
-287623
-184064
635187
-551060
-47709.2
56159.1
1.11952e+06
-303996
-1.17565e+06
-1.03112e+06
-835285
-1.49758e+06
-2778.93
-77390.7
-809106
172833
725794
615695
504962
907845
-352740
-333361
-429149
-410374
-283147
-182200
667126
-547991
-18389
76972.1
1.14825e+06
-266978
-1.19844e+06
-1.04547e+06
-855159
-1.51321e+06
-16080.3
-84830.2
-828430
144477
721200
630743
503800
913502
-378874
-341534
-436661
-441966
-298258
-185910
694743
-567790
-19997.7
81855.4
1.17241e+06
-272931
-1.17354e+06
-1.0212e+06
-793525
-1.48581e+06
-37562.9
-101148
-858870
116643
717756
624256
466457
914587
-394325
-351611
-425917
-460712
-318709
-201722
677717
-590774
-34980.6
67773.4
1.15804e+06
-292051
-1.19707e+06
-1.04783e+06
-830850
-1.51905e+06
-57345.7
-137355
-903475
97036.3
708962
601906
405270
910382
-387392
-354970
-418797
-451067
-322666
-215743
664121
-598679
-39358.3
52980
1.14084e+06
-294776
-1.19801e+06
-1.05197e+06
-858153
-1.49941e+06
-75798.3
-141295
-914318
70108.9
711133
610213
390920
915420
-384185
-327764
-364045
-464570
-313405
-190284
713182
-595602
-35592.9
76352
1.16362e+06
-290919
-1.18822e+06
-1.02752e+06
-844193
-1.49354e+06
-69809.1
-138408
-858541
63376.6
750971
641728
452832
956433
-339127
-294782
-236461
-432611
-271285
-154196
822767
-558694
7978.99
106265
1.23919e+06
-252596
-1.18669e+06
-1.03852e+06
-833648
-1.50158e+06
-83482.4
-145203
-840505
64966.8
767755
652438
471125
984785
-347361
-298673
-196629
-434910
-254343
-139546
877785
-540455
19374
118928
1.26786e+06
-228575
-1.20677e+06
-1.04429e+06
-852784
-1.50698e+06
-88208
-148242
-850962
42923.5
772508
669530
466623
985140
-351742
-308629
-208368
-462425
-275971
-153383
866879
-584411
10044.5
116200
1.27343e+06
-262839
-1.19431e+06
-1.04882e+06
-855310
-1.51696e+06
-66694.3
-130721
-812664
62793.2
815344
705580
535959
1.03534e+06
-351722
-310358
-196332
-462690
-270776
-157740
881561
-579766
42601.1
144192
1.36305e+06
-232255
-1.22129e+06
-1.08427e+06
-887720
-1.55411e+06
-35158.8
-100280
-761587
100276
846323
736295
580427
1.06493e+06
-338194
-290059
-163489
-445549
-271843
-149982
890034
-584278
60299.9
167915
1.43336e+06
-224739
-1.22867e+06
-1.0769e+06
-901210
-1.54682e+06
-34194.3
-98229.2
-747657
111760
852421
745474
602888
1.08806e+06
-340166
-286008
-136043
-448357
-282648
-152034
922016
-580812
81789.6
200017
1.52489e+06
-181429
-1.24918e+06
-1.09438e+06
-917952
-1.55966e+06
-39423.3
-110705
-789132
88549.6
891798
774987
627526
1.11331e+06
-351965
-306715
-161377
-479925
-278272
-153419
919389
-602203
129082
240261
1.57098e+06
-152104
-1.30123e+06
-1.15511e+06
-1.03285e+06
-1.63721e+06
-33108.2
-101249
-777008
115642
926782
802207
681287
1.15555e+06
-365318
-317299
-159280
-490816
-269147
-142516
962800
-597690
180104
288300
1.67197e+06
-98628.7
-1.34309e+06
-1.18227e+06
-1.0872e+06
-1.67213e+06
-344.361
-54339.7
-743747
154096
976237
857840
740244
1.23e+06
-357343
-293278
-121701
-467918
-249451
-119087
1.01225e+06
-559471
220290
325688
1.73156e+06
-43690
-1.31169e+06
-1.15274e+06
-1.04446e+06
-1.62876e+06
15603
-46724.9
-731392
175077
1.00581e+06
869548
743392
1.26328e+06
-347372
-294779
-112651
-461350
-249947
-126946
1.00697e+06
-566458
223821
320882
1.72309e+06
-42963.8
-1.3494e+06
-1.19534e+06
-1.10649e+06
-1.67422e+06
51391.8
-17425.9
-768392
239168
1.01748e+06
880195
651996
1.30901e+06
-325570
-269868
-154120
-408822
-246632
-120620
937293
-533591
229612
325611
1.64587e+06
-5137.84
-1.34032e+06
-1.17876e+06
-1.18429e+06
-1.62026e+06
91715.3
20764.9
-755387
284223
1.05351e+06
909327
641248
1.33734e+06
-292714
-241167
-123100
-390638
-224622
-100733
947524
-519513
256726
351814
1.6428e+06
14903.7
-1.31883e+06
-1.16482e+06
-1.19257e+06
-1.61911e+06
41006.5
-21868
-782611
208464
1.01361e+06
869573
632945
1.27921e+06
-356185
-300163
-143826
-481926
-269405
-142068
977078
-595817
203986
296059
1.60401e+06
-58629.1
-1.42839e+06
-1.27253e+06
-1.29545e+06
-1.75975e+06
12697.5
-53870.2
-793054
183041
957954
812190
581048
1.21557e+06
-430386
-369900
-203376
-567555
-320981
-185317
977490
-666522
140182
238513
1.53727e+06
-124918
-1.54073e+06
-1.36803e+06
-1.41405e+06
-1.88203e+06
-9391.79
-78534.8
-825641
154139
904016
778090
490422
1.1721e+06
-443944
-382099
-216353
-582236
-369690
-229388
929406
-719169
91452.9
189923
1.46671e+06
-189785
-1.57755e+06
-1.41085e+06
-1.45425e+06
-1.92888e+06
-33404.4
-97138.8
-844583
117780
898789
773816
484368
1.16151e+06
-424412
-356074
-158533
-566782
-390406
-246223
907362
-752423
75812.5
186745
1.50846e+06
-223692
-1.62682e+06
-1.45028e+06
-1.47854e+06
-2.00094e+06
-69881.2
-135854
-843407
67154.6
852051
728587
452004
1.10669e+06
-418965
-349582
-96334.1
-566323
-432598
-283121
893827
-801055
42024.8
153863
1.54707e+06
-271917
-1.67192e+06
-1.48912e+06
-1.48373e+06
-2.0485e+06
-103277
-163938
-888287
37703.6
808376
688759
390965
1.05716e+06
-403761
-330167
-61221.3
-555929
-470063
-316060
856382
-842623
13297.9
140451
1.55505e+06
-306157
-1.71406e+06
-1.51968e+06
-1.5192e+06
-2.0974e+06
-117770
-182251
-914150
16120.6
821790
692302
404250
1.06798e+06
-367094
-309033
-5948.89
-522884
-485658
-337080
844930
-866125
25029.5
142978
1.59069e+06
-307133
-1.75723e+06
-1.57331e+06
-1.58303e+06
-2.15732e+06
-124538
-176739
-926728
26232.2
816662
700270
399675
1.07335e+06
-346938
-276498
42941.2
-494082
-500329
-333923
840733
-880293
17924.4
157143
1.62668e+06
-308765
-1.81135e+06
-1.59792e+06
-1.63921e+06
-2.20473e+06
-749988
-723016
-1.43543e+06
-759889
428326
387289
446746
492843
711355
724387
1.7717e+06
619290
-40197.6
9119.56
521388
-175589
-1.41886e+06
-1.34648e+06
-2.26738e+06
-1.53223e+06
-485867
-365137
246710
-743214
-732899
-712248
-1.41859e+06
-739243
452898
403656
519728
516218
688517
699387
1.77183e+06
594898
-21073.2
27267.5
581837
-153293
-1.46771e+06
-1.39898e+06
-2.31065e+06
-1.59346e+06
-422996
-313714
363721
-681456
-753684
-722944
-1.45243e+06
-754689
414048
385587
452273
484481
683422
705347
1.76357e+06
586085
-37743.9
18710.8
557354
-175143
-1.49585e+06
-1.41207e+06
-2.36582e+06
-1.61352e+06
-431675
-303996
406424
-691574
-743920
-719724
-1.45406e+06
-735359
465234
430512
528171
554537
693670
714670
1.78897e+06
611069
-18134.5
42374.8
604709
-141803
-1.51593e+06
-1.43772e+06
-2.40651e+06
-1.62345e+06
-374600
-247783
506427
-619612
-758604
-729257
-1.5025e+06
-745453
527251
493522
581741
621996
698452
719831
1.78e+06
609419
8094.25
67248.7
643215
-122790
-1.54682e+06
-1.4719e+06
-2.50249e+06
-1.65091e+06
-314858
-183253
588258
-560326
-747104
-721222
-1.50614e+06
-732147
591015
539281
695433
682731
704449
719801
1.80364e+06
609626
32301.3
81605.1
696749
-110768
-1.6008e+06
-1.51883e+06
-2.58132e+06
-1.71927e+06
-254719
-146899
693235
-514500
-749460
-732200
-1.52705e+06
-737404
597942
553713
711184
681379
707982
733651
1.84266e+06
596124
39210.5
97950.6
733585
-101209
-1.6479e+06
-1.55081e+06
-2.63622e+06
-1.77063e+06
-278219
-157722
687597
-532685
-740117
-726181
-1.52934e+06
-712510
615808
560623
763115
710342
708944
730494
1.87536e+06
611554
77960.6
131139
780835
-43179.5
-1.67618e+06
-1.57612e+06
-2.65977e+06
-1.79308e+06
-242779
-134413
726740
-484432
-727461
-713116
-1.52507e+06
-709243
614940
576018
754928
708119
755430
786408
1.94692e+06
646169
104182
158146
812602
-26212.4
-1.65421e+06
-1.55387e+06
-2.62399e+06
-1.78403e+06
-242159
-125140
748960
-492481
-722316
-703856
-1.51203e+06
-698230
649159
600906
805308
755481
790908
819916
2.0301e+06
695374
128011
179928
854489
7722.31
-1.66973e+06
-1.56773e+06
-2.62442e+06
-1.80264e+06
-232141
-115869
768965
-478021
-740098
-721095
-1.53296e+06
-725831
661202
618649
812522
760877
808275
839713
2.07181e+06
694817
125644
178448
860206
-3825.45
-1.70456e+06
-1.60089e+06
-2.65196e+06
-1.85425e+06
-245871
-123790
758260
-499458
-746891
-726595
-1.54967e+06
-710825
696778
642329
870346
814930
816810
843454
2.10782e+06
720707
136530
187914
874144
18110.4
-1.75687e+06
-1.64026e+06
-2.68806e+06
-1.89795e+06
-246146
-133126
754271
-492755
-742387
-749740
-1.60992e+06
-727044
731074
651757
862466
814837
820057
824977
2.08583e+06
681877
126759
160413
830307
-20309.5
-1.77556e+06
-1.68314e+06
-2.73648e+06
-1.95017e+06
-291384
-188397
640231
-566776
-789283
-790238
-1.64402e+06
-768396
687702
615846
885684
776181
745923
765908
2.06295e+06
613063
86030.9
137709
838243
-57480.7
-1.86636e+06
-1.75571e+06
-2.80233e+06
-2.03815e+06
-350236
-241640
621284
-633131
-818359
-813635
-1.72909e+06
-814530
656852
599565
798015
729782
734926
764942
2.03117e+06
573961
52853.4
104800
761191
-114329
-1.8875e+06
-1.77522e+06
-2.87506e+06
-2.07872e+06
-423606
-298456
519298
-730549
-830223
-812884
-1.72495e+06
-793585
681030
635152
878993
792559
735395
782081
2.10369e+06
606732
47880.3
124612
801494
-87621.1
-1.91636e+06
-1.78276e+06
-2.87486e+06
-2.07352e+06
-453271
-307080
526640
-735629
-836855
-834457
-1.81225e+06
-799610
731416
670983
889927
838284
764936
796448
2.10967e+06
620251
80451.8
139905
802309
-63086.7
-1.91081e+06
-1.79563e+06
-2.93158e+06
-2.07156e+06
-455364
-318209
489280
-752591
-854138
-845328
-1.87801e+06
-802754
755500
691666
938228
871651
747561
783607
2.0981e+06
611595
79534
137233
811362
-66965.1
-1.95908e+06
-1.83222e+06
-3.01248e+06
-2.1184e+06
-497433
-368233
441394
-805047
-832690
-829828
-1.8889e+06
-776515
787242
723412
936772
901402
792001
819796
2.1183e+06
663987
110539
161719
858014
-21405.5
-1.91365e+06
-1.80228e+06
-2.9929e+06
-2.06727e+06
-501397
-366350
427260
-793326
-808147
-806267
-1.8425e+06
-755070
791354
720637
977040
897080
791948
811553
2.11254e+06
666778
127312
172213
888801
-8173.45
-1.92788e+06
-1.81472e+06
-2.98968e+06
-2.09368e+06
-466123
-342902
479842
-764360
-778420
-774664
-1.78467e+06
-715549
776455
722753
951021
901412
832555
859590
2.14924e+06
723817
137948
187383
906398
12959.1
-1.87538e+06
-1.76248e+06
-2.92411e+06
-2.02135e+06
-465430
-328981
521939
-751793
-774023
-758663
-1.75557e+06
-715045
789361
734890
977763
914738
856810
887541
2.18803e+06
758253
118644
176096
896749
-14322.4
-1.89068e+06
-1.77573e+06
-2.92959e+06
-2.05139e+06
-467733
-326783
535857
-764142
-729198
-707858
-1.65044e+06
-672485
848747
805077
1.08014e+06
975259
924332
957254
2.28711e+06
827964
130906
196699
975881
-12015.9
-1.86714e+06
-1.74858e+06
-2.85577e+06
-2.03202e+06
-438826
-287535
624454
-740602
-675352
-668201
-1.59034e+06
-609421
916317
847286
1.17284e+06
1.04777e+06
969929
983251
2.32673e+06
882355
146907
201291
984227
3461.99
-1.88387e+06
-1.75992e+06
-2.86483e+06
-2.04931e+06
-413370
-280666
640339
-715674
-668085
-672049
-1.55143e+06
-622478
934792
858043
1.20273e+06
1.05271e+06
1.00035e+06
1.01067e+06
2.40199e+06
895008
122052
180588
994602
-43749.4
-1.85599e+06
-1.74416e+06
-2.80343e+06
-2.03556e+06
-417425
-280567
665576
-729409
-706125
-713270
-1.59235e+06
-661032
888734
806219
1.15039e+06
1.00779e+06
965242
974098
2.35997e+06
867946
64672.7
125270
906797
-95733.1
-1.89536e+06
-1.78094e+06
-2.86575e+06
-2.06632e+06
-403138
-281626
689927
-718143
-717680
-717177
-1.59496e+06
-682880
857706
785256
1.07783e+06
975459
1.01459e+06
1.02317e+06
2.42136e+06
909017
43400.8
105785
865187
-129490
-1.84572e+06
-1.73544e+06
-2.83486e+06
-2.01218e+06
-418238
-281049
720311
-743809
-738876
-735531
-1.61173e+06
-708115
856189
783769
1.06682e+06
981642
1.04165e+06
1.05819e+06
2.48145e+06
950834
6955.81
80363.4
818767
-160566
-1.83699e+06
-1.72277e+06
-2.83089e+06
-1.99031e+06
-414147
-272408
746568
-746186
-776652
-775198
-1.63832e+06
-766372
854960
778522
1.06572e+06
966934
1.08459e+06
1.09257e+06
2.55324e+06
980119
-19035.3
50691.1
799849
-205366
-1.81362e+06
-1.71331e+06
-2.82056e+06
-1.97198e+06
-412677
-272853
790056
-766732
-849513
-843858
-1.72722e+06
-830735
812500
731155
1.02994e+06
932358
1.06108e+06
1.06115e+06
2.53163e+06
964933
-80363.4
-14869
715847
-267092
-1.87896e+06
-1.7709e+06
-2.91962e+06
-2.02948e+06
-466114
-337145
744661
-821841
-896010
-883094
-1.81551e+06
-874994
788915
716190
965998
901321
1.05619e+06
1.05614e+06
2.53256e+06
945201
-94279.3
-24450.3
701096
-271956
-1.89529e+06
-1.78344e+06
-2.93828e+06
-2.04707e+06
-537689
-380664
659363
-885148
-950323
-932795
-1.92643e+06
-921197
757944
681845
908471
874878
999682
1.01047e+06
2.46881e+06
889735
-103991
-29763.5
662900
-281903
-1.94214e+06
-1.81324e+06
-2.98257e+06
-2.0956e+06
-558616
-406260
610966
-911603
-943101
-937827
-1.96016e+06
-923426
751814
678134
866914
867189
1.03773e+06
1.04043e+06
2.50043e+06
915193
-62443.9
-4387.6
711275
-248604
-1.89038e+06
-1.78363e+06
-2.9318e+06
-2.05584e+06
-549747
-400543
643348
-915379
-984242
-977019
-2.03474e+06
-962100
752582
676184
848013
878082
1.03217e+06
1.04506e+06
2.51988e+06
913019
-72300.3
-3858.68
693141
-257993
-1.90754e+06
-1.78619e+06
-2.94314e+06
-2.06426e+06
-569630
-413834
619387
-940175
-1.04331e+06
-1.04564e+06
-2.16519e+06
-1.01547e+06
735873
651518
776967
863836
1.02757e+06
1.02798e+06
2.50732e+06
897073
-92175.6
-34255.8
658760
-280675
-1.92066e+06
-1.81331e+06
-2.98549e+06
-2.07633e+06
-611652
-461369
554063
-988086
-1.09701e+06
-1.08447e+06
-2.29841e+06
-1.0515e+06
731155
644219
736672
876513
991738
1.00248e+06
2.46018e+06
877974
-113737
-51695.2
604022
-295934
-1.96355e+06
-1.84421e+06
-3.04963e+06
-2.12344e+06
-663719
-513741
466942
-1.03964e+06
-920741
-823957
-876694
-1.09346e+06
-864824
-760072
-568166
-1.09062e+06
-613500
-637778
-1.65807e+06
-493965
-1.21644e+06
-1.25522e+06
-3.32829e+06
-991443
570881
475224
107424
801018
334360
306595
477769
383196
-950008
-852543
-939890
-1.13646e+06
-889679
-777335
-612343
-1.13445e+06
-618896
-643191
-1.67862e+06
-521392
-1.19498e+06
-1.24421e+06
-3.32997e+06
-983461
574775
474527
101402
792392
307953
280415
419672
341806
-970692
-872848
-996356
-1.16144e+06
-920203
-803092
-658029
-1.16361e+06
-643605
-664921
-1.73755e+06
-549100
-1.22014e+06
-1.27238e+06
-3.38203e+06
-1.01957e+06
568653
465689
43583.2
785033
291403
258455
373193
314943
-960793
-853335
-977526
-1.14724e+06
-944634
-817057
-683710
-1.19028e+06
-629022
-646059
-1.74034e+06
-523486
-1.21709e+06
-1.26779e+06
-3.39187e+06
-1.01541e+06
576779
479978
32268.1
803889
313599
283564
395462
344349
-934295
-857688
-980383
-1.10793e+06
-933180
-833313
-691929
-1.18287e+06
-612970
-659643
-1.77707e+06
-492928
-1.22189e+06
-1.28346e+06
-3.43249e+06
-996426
600611
484152
37687.4
845657
345890
294573
404237
393735
-973046
-882247
-1.05773e+06
-1.14543e+06
-959020
-843945
-709961
-1.20459e+06
-662312
-694407
-1.84723e+06
-545934
-1.2521e+06
-1.30683e+06
-3.52257e+06
-1.02113e+06
584685
472714
12685.5
820848
268942
232387
282371
313860
-1.00722e+06
-920268
-1.11267e+06
-1.18694e+06
-988704
-872986
-740984
-1.24042e+06
-701187
-738315
-1.91626e+06
-580516
-1.28031e+06
-1.33582e+06
-3.56546e+06
-1.0415e+06
553035
434007
-38415
787343
242244
215349
246255
295006
-1.07099e+06
-976331
-1.23253e+06
-1.25424e+06
-1.0183e+06
-892685
-806353
-1.27808e+06
-774920
-805523
-2.04676e+06
-671826
-1.32246e+06
-1.37622e+06
-3.65398e+06
-1.10008e+06
486366
374542
-164628
719266
194493
170578
129946
240582
-1.08061e+06
-974555
-1.21027e+06
-1.26354e+06
-1.01677e+06
-875757
-744283
-1.27907e+06
-796959
-813772
-2.05436e+06
-694161
-1.3599e+06
-1.39672e+06
-3.63849e+06
-1.15016e+06
469310
370064
-178060
705760
208679
197279
202959
250971
-1.0951e+06
-983347
-1.21171e+06
-1.28378e+06
-1.03504e+06
-887541
-733169
-1.30528e+06
-819064
-832970
-2.08479e+06
-726485
-1.36983e+06
-1.40359e+06
-3.62348e+06
-1.1784e+06
448488
347235
-227715
678895
236659
222100
271886
271241
-1.09544e+06
-1.00332e+06
-1.21542e+06
-1.30299e+06
-1.0305e+06
-908450
-713275
-1.3312e+06
-842363
-878333
-2.12519e+06
-759277
-1.38081e+06
-1.42786e+06
-3.61393e+06
-1.19339e+06
423189
306093
-267868
640362
269431
241129
346610
289171
-1.13359e+06
-1.02851e+06
-1.26986e+06
-1.32585e+06
-1.03153e+06
-890687
-669965
-1.30889e+06
-920191
-936946
-2.2293e+06
-824722
-1.42229e+06
-1.45636e+06
-3.68296e+06
-1.21929e+06
373107
278162
-326649
606051
228854
210067
281349
267007
-1.12782e+06
-1.00004e+06
-1.25821e+06
-1.31351e+06
-1.01216e+06
-858093
-631301
-1.28996e+06
-903681
-903066
-2.21586e+06
-802023
-1.41578e+06
-1.44135e+06
-3.71891e+06
-1.20776e+06
396699
319054
-311443
634328
246625
243069
286986
301647
-1.07064e+06
-957076
-1.17951e+06
-1.2452e+06
-944839
-802879
-528182
-1.21025e+06
-835694
-850773
-2.0864e+06
-735291
-1.36848e+06
-1.41109e+06
-3.67006e+06
-1.14936e+06
498418
398225
-166537
746512
293656
274334
340465
360294
-1.07213e+06
-970346
-1.20574e+06
-1.26579e+06
-963724
-834788
-580185
-1.23522e+06
-859227
-883158
-2.13628e+06
-773615
-1.4343e+06
-1.48964e+06
-3.81054e+06
-1.23442e+06
501879
394642
-194352
735445
271854
234423
268088
319373
-1.07647e+06
-980385
-1.18791e+06
-1.27358e+06
-1.00936e+06
-883586
-651498
-1.2857e+06
-865593
-889740
-2.14652e+06
-770884
-1.47663e+06
-1.53156e+06
-3.87798e+06
-1.27649e+06
528168
404498
-167244
770138
265555
229441
276948
308815
-1.09208e+06
-980564
-1.19982e+06
-1.2812e+06
-1.05674e+06
-915407
-728399
-1.337e+06
-876168
-896440
-2.19366e+06
-778056
-1.53017e+06
-1.57629e+06
-3.98521e+06
-1.32118e+06
520474
409647
-196849
771286
254778
229278
281617
306265
-1.06271e+06
-956897
-1.17253e+06
-1.25746e+06
-1.00151e+06
-860633
-648977
-1.27303e+06
-867460
-888915
-2.16913e+06
-777856
-1.54164e+06
-1.58904e+06
-4.05341e+06
-1.32321e+06
572134
461887
-115811
828502
237308
210066
225805
288057
-1.08257e+06
-975354
-1.1801e+06
-1.27838e+06
-1.02959e+06
-889863
-674996
-1.31078e+06
-893138
-902207
-2.19507e+06
-791115
-1.59962e+06
-1.63821e+06
-4.16138e+06
-1.37475e+06
580943
475671
-110258
852293
217927
198508
187549
274747
-1.05028e+06
-943232
-1.1272e+06
-1.23558e+06
-1.02094e+06
-874615
-644678
-1.29949e+06
-855588
-869290
-2.13592e+06
-756553
-1.59334e+06
-1.63217e+06
-4.18171e+06
-1.35791e+06
633771
520144
-39234.5
911892
235152
216404
192362
302549
-1.06382e+06
-968002
-1.12466e+06
-1.27307e+06
-1.06417e+06
-925024
-690116
-1.35511e+06
-855126
-878864
-2.12815e+06
-772042
-1.65783e+06
-1.70948e+06
-4.28864e+06
-1.4472e+06
657228
534101
-6806.61
921199
221126
183927
179741
265630
-1.05709e+06
-952385
-1.11354e+06
-1.24459e+06
-1.10135e+06
-950721
-756688
-1.37396e+06
-848736
-861318
-2.15794e+06
-732949
-1.68893e+06
-1.72941e+06
-4.37727e+06
-1.45348e+06
688595
571709
1997.58
990538
240216
214576
182579
313466
-1.06517e+06
-955062
-1.1393e+06
-1.2561e+06
-1.14007e+06
-986162
-822437
-1.43373e+06
-860907
-882111
-2.23279e+06
-743398
-1.74091e+06
-1.78207e+06
-4.50409e+06
-1.49958e+06
689494
571962
-30803
990565
248424
221939
166302
325918
-1.07378e+06
-981326
-1.13077e+06
-1.30472e+06
-1.15433e+06
-1.01244e+06
-801808
-1.47719e+06
-888649
-925821
-2.25503e+06
-806501
-1.79842e+06
-1.85813e+06
-4.61925e+06
-1.58762e+06
688355
549580
-21254.9
954951
206887
159955
88188.9
250790
-1.09687e+06
-977649
-1.12184e+06
-1.31131e+06
-1.17024e+06
-1.01925e+06
-806411
-1.48192e+06
-927465
-942156
-2.29367e+06
-822048
-1.83862e+06
-1.87536e+06
-4.67887e+06
-1.60736e+06
690444
560113
-21721.6
972924
191822
162140
68928.1
250215
-1.09898e+06
-979582
-1.10127e+06
-1.3158e+06
-1.17329e+06
-1.01748e+06
-790714
-1.49053e+06
-946193
-961310
-2.29429e+06
-853962
-1.84189e+06
-1.88243e+06
-4.68062e+06
-1.6133e+06
673501
544947
-35384.3
955803
167616
140961
27279.5
228210
-1.10681e+06
-995463
-1.11407e+06
-1.33196e+06
-1.18865e+06
-1.03505e+06
-823832
-1.50021e+06
-967823
-983515
-2.34835e+06
-871930
-1.87072e+06
-1.91231e+06
-4.73521e+06
-1.64305e+06
691528
551354
-65305.6
984224
198889
162690
59075.2
261801
-1.1042e+06
-990528
-1.09242e+06
-1.33362e+06
-1.212e+06
-1.05789e+06
-855552
-1.5292e+06
-970567
-995376
-2.37867e+06
-874458
-1.88489e+06
-1.93564e+06
-4.77776e+06
-1.65975e+06
685437
537727
-115001
980779
214395
170061
68324.9
276738
-1.10708e+06
-985082
-1.08086e+06
-1.3284e+06
-1.22828e+06
-1.07206e+06
-869756
-1.55273e+06
-994889
-1.01395e+06
-2.43897e+06
-890713
-1.91946e+06
-1.95644e+06
-4.84505e+06
-1.68497e+06
665759
527642
-154286
970361
226522
189273
84975.1
293768
-1.1294e+06
-1.00178e+06
-1.1064e+06
-1.3536e+06
-1.23972e+06
-1.06913e+06
-847735
-1.56154e+06
-1.04474e+06
-1.04905e+06
-2.4894e+06
-947450
-1.9463e+06
-1.97636e+06
-4.89063e+06
-1.71408e+06
626073
498021
-204156
930277
185012
158127
25569.7
257110
-1.12806e+06
-1.0131e+06
-1.10869e+06
-1.35951e+06
-1.24902e+06
-1.09122e+06
-856604
-1.58047e+06
-1.0451e+06
-1.05485e+06
-2.49702e+06
-937363
-1.94404e+06
-1.97185e+06
-4.89988e+06
-1.69136e+06
639473
508242
-195100
949763
211285
182261
51265.2
300453
-1.14984e+06
-1.02194e+06
-1.09222e+06
-1.39042e+06
-1.292e+06
-1.11719e+06
-873507
-1.64042e+06
-1.03954e+06
-1.04484e+06
-2.45185e+06
-948009
-1.92836e+06
-1.96207e+06
-4.8874e+06
-1.68457e+06
633141
499886
-168432
928561
226164
198314
78051.9
307683
-1.15146e+06
-1.02455e+06
-1.0856e+06
-1.3983e+06
-1.32274e+06
-1.14159e+06
-897856
-1.67044e+06
-1.05525e+06
-1.05748e+06
-2.48018e+06
-961148
-1.94589e+06
-1.98082e+06
-4.91801e+06
-1.7049e+06
636990
506170
-182861
936843
261496
227041
134748
339785
-1.13401e+06
-995145
-1.03644e+06
-1.37177e+06
-1.34864e+06
-1.15941e+06
-923258
-1.69742e+06
-1.03377e+06
-1.02867e+06
-2.46635e+06
-928964
-1.93366e+06
-1.96635e+06
-4.91784e+06
-1.69331e+06
641320
507699
-190475
938830
323781
295106
231288
412456
-1.08939e+06
-975193
-1.01112e+06
-1.33542e+06
-1.34904e+06
-1.18121e+06
-944162
-1.72198e+06
-1.00041e+06
-1.0198e+06
-2.47636e+06
-891524
-1.93748e+06
-1.97995e+06
-4.95634e+06
-1.68467e+06
637688
493027
-213009
932101
396081
345584
310669
486405
-1.13351e+06
-1.03029e+06
-1.05353e+06
-1.39486e+06
-1.3965e+06
-1.22361e+06
-958324
-1.77398e+06
-1.02102e+06
-1.051e+06
-2.49089e+06
-924690
-1.9647e+06
-2.01852e+06
-5.03851e+06
-1.70663e+06
605073
467671
-223512
901625
360779
299433
256956
446703
300590
259391
205843
378780
1.05657e+06
1.0052e+06
1.86751e+06
1.11087e+06
-13145.1
-70765.8
-640099
124410
-731815
-751241
-1.7773e+06
-655944
290842
247144
127308
383865
-152502
-181777
-649094
-71016.9
280354
244740
184757
360965
1.01497e+06
974283
1.78631e+06
1.07305e+06
-47866.2
-96169.4
-737273
101755
-755400
-766608
-1.85533e+06
-658980
270639
224053
78177.7
364593
-185579
-213027
-724909
-91075.4
241876
200736
146766
296687
980312
934155
1.72539e+06
1.0147e+06
-65208
-125171
-787263
65045.3
-818526
-840290
-1.98051e+06
-745426
241232
195796
35905.5
326881
-215718
-246541
-793617
-139504
224535
202771
191080
275810
970283
932756
1.76395e+06
1.0023e+06
-86071.9
-137405
-764815
38686.5
-879416
-889334
-2.02933e+06
-810209
216670
178725
50853.7
285334
-251995
-267805
-807086
-174165
262182
257470
308799
314897
1.00739e+06
982371
1.86614e+06
1.0426e+06
-63850.3
-100630
-684501
63048.5
-874199
-868102
-1.98946e+06
-807597
241577
224076
177052
302392
-230072
-235838
-747246
-149955
329228
287224
384777
367170
1.02598e+06
963157
1.84152e+06
1.04694e+06
-16028
-84713.5
-685622
115357
-844166
-867048
-1.98815e+06
-778870
306630
258685
249488
366038
-189173
-231784
-729247
-129418
323541
287562
381162
370583
1.01928e+06
972703
1.83994e+06
1.0588e+06
-38437.6
-99111.6
-731688
104824
-884624
-894233
-2.04893e+06
-812360
304813
264840
243158
381404
-231298
-257634
-777721
-162428
303260
261987
339710
340863
1.04363e+06
992386
1.85456e+06
1.0782e+06
-46233.5
-108349
-780047
99559.9
-868346
-885454
-2.0637e+06
-789321
308500
253453
220964
377992
-242418
-277399
-810333
-181432
255197
231814
279261
294452
1.04459e+06
1.01017e+06
1.86088e+06
1.08252e+06
-86988.3
-136708
-864903
58088.1
-943337
-943101
-2.20592e+06
-867613
272190
233846
143896
353672
-263729
-272935
-845106
-190900
268183
239691
283871
309144
1.11723e+06
1.07082e+06
1.95151e+06
1.16174e+06
-84279.4
-143678
-872697
59483.9
-973878
-983511
-2.27717e+06
-901823
276950
226210
115336
359415
-240029
-258686
-838832
-168713
266300
229802
260945
323556
1.17716e+06
1.1129e+06
2.02422e+06
1.24717e+06
-114681
-179952
-930682
44141.1
-1.0003e+06
-1.01203e+06
-2.33496e+06
-906867
264431
208528
79739
354626
-243451
-275633
-865545
-148264
232951
207778
191233
277107
1.14962e+06
1.09395e+06
1.9499e+06
1.20395e+06
-159750
-209905
-1.03672e+06
-7571.7
-1.04028e+06
-1.04172e+06
-2.42338e+06
-965723
204570
158806
-38835.7
286025
-275544
-293934
-924637
-206746
291095
276955
297681
350282
1.22997e+06
1.17416e+06
2.07749e+06
1.29876e+06
-85474.4
-143212
-923494
75316.8
-1.01461e+06
-1.01445e+06
-2.39212e+06
-925215
261841
234326
55541.1
363212
-258139
-273933
-889069
-174073
348453
329304
410380
417626
1.27003e+06
1.21204e+06
2.16917e+06
1.34438e+06
-46805.5
-105597
-850510
127526
-989744
-997004
-2.33875e+06
-890143
313171
271646
141828
415332
-262890
-287563
-882314
-173888
384859
350057
451186
450184
1.30432e+06
1.23973e+06
2.21679e+06
1.36637e+06
-19411.5
-85139.9
-828272
143572
-1.01991e+06
-1.02797e+06
-2.42831e+06
-925111
348924
300262
179652
458480
-257245
-282983
-905498
-167899
423939
404421
521993
507590
1.36938e+06
1.3093e+06
2.34538e+06
1.44256e+06
7866.56
-59476.2
-754890
171340
-1.03537e+06
-1.04748e+06
-2.45252e+06
-939707
371013
326683
214840
483607
-249279
-269283
-899042
-147981
505117
477769
625089
590615
1.45919e+06
1.39677e+06
2.50151e+06
1.5358e+06
38208.5
-19247.4
-679356
197989
-1.03976e+06
-1.04474e+06
-2.45554e+06
-953105
423090
379869
311722
529224
-229124
-252891
-893709
-128343
546442
495764
640924
629325
1.47548e+06
1.3894e+06
2.46245e+06
1.54075e+06
77337
3280.27
-662782
236574
-1.07414e+06
-1.08865e+06
-2.53328e+06
-997225
456986
390725
300389
568499
-252041
-286130
-960607
-165922
516007
449644
596742
595620
1.45793e+06
1.38112e+06
2.45484e+06
1.55603e+06
47972.2
-22232.9
-649988
206078
-1.10961e+06
-1.11718e+06
-2.56962e+06
-1.01759e+06
455358
384285
287244
586714
-291579
-329884
-1.00845e+06
-192824
457894
402725
513897
534214
1.45194e+06
1.38e+06
2.41376e+06
1.54641e+06
37512
-21983.2
-665470
194292
-1.10703e+06
-1.11248e+06
-2.6048e+06
-1.00809e+06
426016
351392
213343
552700
-332041
-364716
-1.0962e+06
-235383
424369
368412
444926
488843
1.47988e+06
1.39957e+06
2.41386e+06
1.57646e+06
54143.9
-9141.48
-650116
209936
-1.11073e+06
-1.12078e+06
-2.6752e+06
-999133
435856
363075
190118
570866
-314394
-347964
-1.11369e+06
-210069
379605
324851
387941
438403
1.49819e+06
1.41153e+06
2.4309e+06
1.59747e+06
44658
-22302.9
-638519
183639
-1.13783e+06
-1.15595e+06
-2.74518e+06
-1.03443e+06
410826
324959
142259
532972
-325435
-360721
-1.13992e+06
-226462
308214
277462
317812
366889
1.48527e+06
1.408e+06
2.42042e+06
1.59135e+06
-19912.1
-68294.5
-663359
110331
-1.19259e+06
-1.19346e+06
-2.81204e+06
-1.08766e+06
343693
284275
85917
459136
-376203
-395585
-1.19678e+06
-270688
319929
272646
328176
370262
1.48788e+06
1.3921e+06
2.37917e+06
1.6021e+06
33097.5
-17619.7
-577681
178457
-1.16717e+06
-1.17621e+06
-2.79064e+06
-1.04681e+06
367110
289265
100697
485033
-348494
-385484
-1.16115e+06
-245021
280775
246791
287207
317354
1.46384e+06
1.37825e+06
2.31223e+06
1.56946e+06
7793.02
-54805
-649521
128136
-1.17473e+06
-1.20083e+06
-2.83579e+06
-1.0846e+06
308429
246091
15999.7
410792
-414297
-449583
-1.26038e+06
-340156
252163
224480
279215
275356
1.43729e+06
1.359e+06
2.28584e+06
1.52894e+06
-53839.8
-111040
-736812
53725.3
-1.19142e+06
-1.2147e+06
-2.86932e+06
-1.09813e+06
270821
211535
-18036.9
363702
-464487
-492759
-1.30176e+06
-401854
262504
232233
342563
294738
1.46543e+06
1.3882e+06
2.35275e+06
1.58046e+06
-65055.9
-116762
-736660
61910
-1.19425e+06
-1.21089e+06
-2.8694e+06
-1.07982e+06
303420
242409
59919.5
417042
-445089
-468486
-1.23219e+06
-368247
291171
267960
396741
326082
1.52008e+06
1.44031e+06
2.4205e+06
1.63551e+06
-62900.7
-117283
-745921
55205.2
-1.19439e+06
-1.21372e+06
-2.90529e+06
-1.08435e+06
316628
254269
73196.9
424745
-429191
-443874
-1.20611e+06
-353073
336840
308429
471883
353599
1.58467e+06
1.48684e+06
2.4978e+06
1.694e+06
-78853.7
-141602
-762060
22481
-1.1609e+06
-1.19318e+06
-2.87236e+06
-1.05085e+06
337115
272769
122675
419356
-421817
-446365
-1.19144e+06
-359286
336985
320858
552122
374675
1.5373e+06
1.46148e+06
2.48708e+06
1.66649e+06
-129555
-157977
-775623
-2414.06
-1.16977e+06
-1.17232e+06
-2.84289e+06
-1.03772e+06
307047
264854
169822
410453
-454019
-455538
-1.14389e+06
-385710
356627
326106
520902
401557
1.57496e+06
1.47004e+06
2.46012e+06
1.70643e+06
-101629
-155805
-815211
34262.2
-1.16064e+06
-1.1799e+06
-2.88845e+06
-1.02377e+06
321804
274362
132807
433768
-476045
-498763
-1.23854e+06
-411286
350258
319977
472539
404575
1.56818e+06
1.46873e+06
2.41246e+06
1.70493e+06
-104383
-157529
-856738
38449.6
-1.14904e+06
-1.17282e+06
-2.89868e+06
-1.00239e+06
331189
282445
118237
453009
-518625
-538501
-1.32807e+06
-450230
381512
346053
487160
430876
1.60853e+06
1.50967e+06
2.4544e+06
1.74019e+06
-69745.5
-121866
-838378
73111.3
-1.15862e+06
-1.17424e+06
-2.95929e+06
-1.00556e+06
402784
344606
185281
534711
-489591
-505400
-1.31612e+06
-419582
411132
366607
523184
469880
1.66347e+06
1.54875e+06
2.53675e+06
1.79178e+06
-27623.8
-95421.9
-783111
112866
-1.16366e+06
-1.19268e+06
-2.9893e+06
-1.01819e+06
433973
366628
211781
570591
-474376
-499190
-1.30728e+06
-406528
393410
353603
474159
461683
1.67399e+06
1.56249e+06
2.56233e+06
1.82469e+06
-55479.6
-115176
-813937
98847.9
-1.19005e+06
-1.21213e+06
-3.0281e+06
-1.03213e+06
439444
374075
211684
579780
-522086
-540532
-1.37379e+06
-441394
361208
329918
385708
434212
1.61653e+06
1.51701e+06
2.43731e+06
1.75918e+06
-96401.3
-140309
-914376
60313.4
-1.24304e+06
-1.24833e+06
-3.12827e+06
-1.08833e+06
387528
331514
100452
533261
-584880
-585180
-1.4822e+06
-513315
1.50937e+06
1.39123e+06
1.82483e+06
1.74727e+06
256033
288804
735251
204231
-494373
-446527
-670337
-559466
184807
191133
372296
180966
733546
645174
430401
947987
1.44324e+06
1.33868e+06
1.75209e+06
1.67391e+06
1.55915e+06
1.42626e+06
1.87131e+06
1.79068e+06
286279
303119
785001
241864
-490203
-451218
-666786
-552337
178816
171671
341529
174416
748808
645026
412801
956233
1.48985e+06
1.36326e+06
1.78681e+06
1.72809e+06
1.59891e+06
1.46439e+06
1.94752e+06
1.83158e+06
296225
320162
815549
246850
-494008
-451878
-668227
-562613
141362
136088
282609
127923
748023
637619
417404
946235
1.52319e+06
1.39311e+06
1.81639e+06
1.76945e+06
1.61832e+06
1.48736e+06
1.97806e+06
1.87758e+06
285954
318668
790506
242619
-539159
-494475
-751032
-600435
75423.5
78425.2
190383
64598.4
680739
571052
292268
895921
1.54515e+06
1.41952e+06
1.80747e+06
1.81176e+06
1.65411e+06
1.50376e+06
2.00668e+06
1.91454e+06
338174
352161
879211
302362
-553190
-507803
-716658
-620906
85429.1
87097.2
223589
79982.3
649303
541524
264533
864552
1.58984e+06
1.44521e+06
1.83888e+06
1.86531e+06
1.70322e+06
1.57854e+06
2.06777e+06
1.96138e+06
393876
418713
940829
357315
-511089
-454981
-653757
-584837
101912
105660
229149
79764.5
673713
577511
296082
868904
1.6517e+06
1.51596e+06
1.90915e+06
1.92392e+06
1.76803e+06
1.6125e+06
2.17552e+06
2.04134e+06
449760
452563
1.04812e+06
417723
-475738
-434515
-573335
-545525
121160
122052
275622
118567
688322
591240
346598
909269
1.70263e+06
1.54707e+06
1.9969e+06
1.98898e+06
1.79714e+06
1.64982e+06
2.20091e+06
2.05821e+06
455245
456715
1.05108e+06
417296
-464996
-422547
-565688
-540974
116836
109220
255212
95501.8
723321
623965
338950
930512
1.74096e+06
1.58122e+06
2.02263e+06
2.02532e+06
1.84053e+06
1.68764e+06
2.27269e+06
2.11839e+06
455125
455264
1.05771e+06
428296
-467825
-424876
-575201
-532148
72030.8
70751
210345
57318.1
766702
660177
395677
988473
1.78062e+06
1.60385e+06
2.04907e+06
2.08329e+06
1.88141e+06
1.73203e+06
2.3323e+06
2.18818e+06
440204
454011
1.03097e+06
425137
-477974
-434651
-617924
-527898
26690.5
39161.7
175662
17165.7
771431
655402
377005
1.01338e+06
1.80088e+06
1.63681e+06
2.0629e+06
2.12998e+06
1.90137e+06
1.72612e+06
2.29884e+06
2.19046e+06
463127
456135
1.01712e+06
441776
-498669
-458665
-658031
-558746
34595.2
41239.9
177307
17818.4
774474
650555
350848
1.01502e+06
1.84248e+06
1.65936e+06
2.05374e+06
2.1679e+06
1.9221e+06
1.77568e+06
2.33156e+06
2.23514e+06
475073
476082
1.00309e+06
474015
-482772
-434603
-640542
-531314
30544.2
38200.7
161274
6272.74
792198
682125
375742
1.03056e+06
1.88161e+06
1.70165e+06
2.08038e+06
2.2202e+06
1.9763e+06
1.80222e+06
2.38131e+06
2.28214e+06
471535
462960
965791
453915
-478518
-445173
-669524
-535070
42597.5
48117.2
166693
25928.2
787573
672047
352846
1.03739e+06
1.90643e+06
1.72274e+06
2.09261e+06
2.2419e+06
1.98832e+06
1.80844e+06
2.39665e+06
2.27893e+06
460132
445569
938213
437960
-472448
-446965
-668542
-541461
51216.5
46695.9
171741
18788.5
809552
679875
347694
1.04958e+06
1.95466e+06
1.76071e+06
2.16286e+06
2.28552e+06
1.96024e+06
1.79457e+06
2.3953e+06
2.25954e+06
403235
398866
865483
380614
-517493
-481423
-720511
-579245
23755.3
29754.3
145309
2085.97
799039
677966
344893
1.05107e+06
1.98895e+06
1.79634e+06
2.22561e+06
2.32971e+06
2.00446e+06
1.85249e+06
2.47632e+06
2.33481e+06
400867
410229
849119
401865
-482096
-442027
-676233
-519634
48453.8
59546.9
198737
41174.8
855758
734446
410712
1.13532e+06
2.07545e+06
1.89292e+06
2.38299e+06
2.43815e+06
2.0419e+06
1.85966e+06
2.45504e+06
2.36976e+06
405317
393587
800076
409131
-479063
-448820
-718257
-516453
67038.7
70183.9
201517
57159
879258
740650
383642
1.16198e+06
2.14841e+06
1.94518e+06
2.44285e+06
2.51832e+06
2.04236e+06
1.88649e+06
2.44285e+06
2.37609e+06
394705
395377
752799
397769
-494589
-457117
-744595
-541484
63198.4
70674.6
195900
39757.1
874611
749627
378074
1.14758e+06
2.18754e+06
1.99374e+06
2.49144e+06
2.5553e+06
2.15019e+06
1.95725e+06
2.59857e+06
2.48078e+06
476190
457516
914115
468229
-455996
-427354
-646427
-510087
125941
125008
308703
112953
922571
786667
487172
1.19848e+06
2.25811e+06
2.04423e+06
2.62263e+06
2.62089e+06
2.17426e+06
1.99248e+06
2.67035e+06
2.50418e+06
493819
485354
1.00366e+06
485420
-458289
-418146
-597890
-516957
137547
139896
347295
116415
940689
815740
532656
1.21445e+06
2.2784e+06
2.07372e+06
2.68735e+06
2.64494e+06
2.21333e+06
2.02367e+06
2.72144e+06
2.54807e+06
522948
507480
1.06391e+06
507223
-471508
-438075
-615882
-537209
123739
118131
317478
100760
978404
839653
578590
1.25213e+06
2.32222e+06
2.09751e+06
2.73495e+06
2.68211e+06
2.26586e+06
2.08468e+06
2.79976e+06
2.62603e+06
540520
541780
1.12472e+06
532299
-489419
-446106
-634921
-546635
107868
113136
317317
94811.7
992953
858590
598703
1.28139e+06
2.34143e+06
2.13221e+06
2.79865e+06
2.71369e+06
2.28684e+06
2.07862e+06
2.75838e+06
2.63672e+06
563822
547826
1.13992e+06
550398
-525802
-485032
-701002
-592642
109119
106608
282391
91639.6
994986
850917
565060
1.28317e+06
2.38426e+06
2.1585e+06
2.81246e+06
2.75956e+06
2.30839e+06
2.12774e+06
2.76958e+06
2.68988e+06
588674
585138
1.15438e+06
594261
-527577
-477451
-717648
-581325
104107
108032
245022
94753
1.0135e+06
883597
577896
1.31271e+06
2.41647e+06
2.20074e+06
2.82836e+06
2.80845e+06
2.40913e+06
2.19759e+06
2.93137e+06
2.78881e+06
629873
612341
1.25614e+06
620238
-486130
-449885
-633993
-544047
170151
172231
383659
172724
1.0501e+06
901721
641713
1.35158e+06
2.44869e+06
2.22931e+06
2.91935e+06
2.83797e+06
2.4296e+06
2.2268e+06
2.9756e+06
2.79835e+06
611449
607055
1.25909e+06
599269
-477816
-429084
-613703
-533486
192673
199229
439231
189113
1.05351e+06
912791
615518
1.35735e+06
2.47468e+06
2.26189e+06
2.9758e+06
2.86628e+06
2.43728e+06
2.22395e+06
2.99927e+06
2.80608e+06
591032
579350
1.23996e+06
564437
-475120
-440344
-637916
-531015
206674
203001
454955
204229
1.05955e+06
902357
590950
1.36845e+06
2.52017e+06
2.29004e+06
3.02982e+06
2.91062e+06
2.41502e+06
2.20333e+06
2.96158e+06
2.79033e+06
523930
516237
1.14137e+06
488716
-499792
-473624
-720335
-551569
168912
162126
404246
155016
1.03069e+06
869110
487170
1.35594e+06
2.52315e+06
2.29386e+06
3.03024e+06
2.9126e+06
2.39973e+06
2.17797e+06
2.88804e+06
2.76623e+06
489631
482161
1.09802e+06
449383
-531491
-498650
-780345
-587588
153238
153420
399871
127355
1.02413e+06
854008
419811
1.34909e+06
2.52742e+06
2.29355e+06
3.03039e+06
2.91247e+06
2.37632e+06
2.16779e+06
2.83015e+06
2.77051e+06
467605
463315
1.0443e+06
443713
-543136
-510499
-815960
-578882
149743
149139
384104
140500
1.0117e+06
850090
368575
1.35925e+06
2.54121e+06
2.30981e+06
3.04003e+06
2.94233e+06
2.37422e+06
2.15055e+06
2.78005e+06
2.75917e+06
431888
432017
1.00598e+06
390806
-604293
-567577
-924305
-657981
153675
164973
345099
160276
958641
799202
262373
1.30197e+06
2.48228e+06
2.25261e+06
2.91849e+06
2.87542e+06
2.38698e+06
2.16976e+06
2.81733e+06
2.77236e+06
437425
439207
1.06063e+06
397078
-624474
-580591
-931253
-672734
205673
211363
415546
216452
955371
799858
268402
1.29193e+06
2.46604e+06
2.24108e+06
2.91667e+06
2.86172e+06
2.4252e+06
2.19909e+06
2.88872e+06
2.80273e+06
461918
463734
1.13638e+06
409278
-632477
-592339
-944125
-692543
242306
239293
453002
250416
980060
824964
327593
1.31548e+06
2.48747e+06
2.25513e+06
2.96039e+06
2.86915e+06
2.45175e+06
2.21708e+06
2.92003e+06
2.8304e+06
474385
473752
1.16098e+06
411677
-650776
-624320
-1.02042e+06
-717233
271171
249926
462378
277728
1.00128e+06
828795
329381
1.33617e+06
2.50425e+06
2.26485e+06
2.98742e+06
2.87822e+06
2.40757e+06
2.18156e+06
2.83881e+06
2.7798e+06
460304
464509
1.16283e+06
390918
-729429
-682869
-1.13196e+06
-795517
275793
269387
464145
291236
951200
787416
246275
1.27781e+06
2.49938e+06
2.27029e+06
2.96115e+06
2.88652e+06
2.38704e+06
2.162e+06
2.8322e+06
2.76681e+06
452490
450819
1.17982e+06
385090
-760498
-722868
-1.15516e+06
-828361
284768
264382
481898
294024
923042
761864
244896
1.2505e+06
2.49267e+06
2.25403e+06
2.9777e+06
2.86593e+06
