-208693
-149267
46185.4
-34980.6
-792879
-568568
212022
-65430
1.74844e+06
1.4496e+06
828015
824979
-1.98399e+06
-1.58067e+06
-514955
-712346
-992317
-776013
-147177
-282765
-1.77224e+06
-1.4738e+06
-871583
-837759
-200131
-143913
61699.3
-6388
-816298
-589071
238677
-63911.1
1.86446e+06
1.55646e+06
910978
890581
-1.91201e+06
-1.51408e+06
-516932
-676165
-920647
-695728
-101425
-248838
-1.74714e+06
-1.43506e+06
-843499
-845407
-226775
-165746
57417.1
-23531.1
-873415
-630394
235054
-73293
1.86655e+06
1.54452e+06
916299
908842
-2.03793e+06
-1.62699e+06
-557435
-726556
-947189
-731658
-94557.1
-246649
-1.80525e+06
-1.49806e+06
-860560
-831633
-79792.8
-45401.9
109050
34748.6
-845001
-605914
244880
-62078.3
1.88887e+06
1.57004e+06
923825
907789
-2.01396e+06
-1.60757e+06
-559022
-730406
-1.00245e+06
-770492
-113352
-263520
-1.87788e+06
-1.5533e+06
-893082
-880188
-25574.6
4896.01
126541
71721.8
-828967
-585606
274561
-39165.2
1.96729e+06
1.64074e+06
937981
953683
-2.003e+06
-1.5967e+06
-559995
-726163
-1.00209e+06
-768470
-126504
-268114
-1.94693e+06
-1.60846e+06
-925866
-902309
-75547.3
-38387.4
100910
37396
-923303
-664313
255882
-71465.9
1.87348e+06
1.5601e+06
894305
900583
-2.08607e+06
-1.6665e+06
-606621
-758956
-1.07723e+06
-829937
-158092
-295773
-2.09372e+06
-1.72717e+06
-990447
-968186
-85118.7
-51624.5
88889
36434.4
-927979
-662457
257316
-55688.9
1.90878e+06
1.58378e+06
899034
898897
-2.06113e+06
-1.65069e+06
-590638
-772923
-1.11346e+06
-872196
-170676
-336081
-2.11384e+06
-1.75646e+06
-1.00133e+06
-1.00048e+06
-106977
-69418.1
77139.7
35037.1
-980602
-705483
225485
-75654.8
1.9307e+06
1.60978e+06
963050
922421
-1.94778e+06
-1.54882e+06
-548455
-712757
-1.02591e+06
-781814
-129316
-296095
-2.048e+06
-1.68625e+06
-961838
-976462
-152537
-107378
75482.2
287.085
-989822
-710939
241675
-95708.3
1.84419e+06
1.53559e+06
958346
908542
-1.87368e+06
-1.48996e+06
-500267
-679098
-1.01892e+06
-786113
-96155.2
-282508
-2.03169e+06
-1.67821e+06
-931568
-943446
-109794
-66799
105817
42673.9
-934662
-662859
267909
-45478.3
1.68072e+06
1.41234e+06
913725
860942
-1.74002e+06
-1.37973e+06
-425217
-605783
-1.03765e+06
-792633
-85195.1
-267457
-2.08947e+06
-1.71921e+06
-927175
-951009
-115496
-74687.4
86286.8
43443.2
-949859
-677287
249982
-58325
1.65624e+06
1.39702e+06
914797
852972
-1.63795e+06
-1.2983e+06
-383108
-560239
-981026
-749593
-67268.5
-244256
-2.12634e+06
-1.75347e+06
-934102
-965428
-168399
-116381
68170.8
5279.26
-993428
-713276
231956
-80901.5
1.53556e+06
1.29857e+06
886512
809603
-1.60073e+06
-1.26366e+06
-368714
-546052
-1.00521e+06
-768263
-86465
-261942
-2.11069e+06
-1.73615e+06
-919590
-952918
-81212.6
-47025.4
104236
23234.1
-935630
-672235
253156
-71126.5
1.6725e+06
1.41098e+06
944792
862650
-1.61508e+06
-1.28269e+06
-391517
-556922
-992444
-773589
-122270
-263481
-1.99988e+06
-1.65111e+06
-888188
-905819
-73270.4
-39380.2
119863
67258.6
-900249
-643097
298399
-32628.7
2.00292e+06
1.68832e+06
1.1174e+06
1.01459e+06
-1.61807e+06
-1.27798e+06
-399334
-566649
-864152
-653211
-59807.1
-231681
-1.9314e+06
-1.57771e+06
-843974
-883905
-134101
-87706.7
102909
20035.2
-989225
-708971
274886
-67245.9
2.14269e+06
1.79566e+06
1.18538e+06
1.10065e+06
-1.72071e+06
-1.36757e+06
-437512
-599948
-858572
-658500
-57646.2
-208751
-1.9402e+06
-1.5976e+06
-846907
-862250
-54554.7
-23232.7
126335
60951.2
-1.04312e+06
-752220
244701
-84343.7
2.23734e+06
1.87988e+06
1.2338e+06
1.14163e+06
-1.82849e+06
-1.45434e+06
-489997
-651493
-1.00105e+06
-770568
-122793
-267090
-1.99327e+06
-1.6377e+06
-884285
-899065
-64937.9
-28844.3
112240
56035.4
-1.07362e+06
-778997
238190
-105410
2.37295e+06
1.99214e+06
1.26951e+06
1.19438e+06
-1.91382e+06
-1.52626e+06
-521177
-689974
-1.0991e+06
-857064
-175495
-332384
-2.06196e+06
-1.69706e+06
-928553
-939025
-151855
-102007
75841.4
17687.6
-1.16495e+06
-851982
217758
-128354
2.47421e+06
2.07208e+06
1.31277e+06
1.23634e+06
-2.00774e+06
-1.60141e+06
-569227
-733181
-1.09744e+06
-854346
-184204
-324230
-2.10031e+06
-1.72762e+06
-951084
-950811
-222133
-158457
76888
-17874.2
-1.21059e+06
-887852
225754
-152059
2.55028e+06
2.13369e+06
1.35408e+06
1.26777e+06
-2.05616e+06
-1.64436e+06
-574872
-761578
-1.24638e+06
-985085
-247974
-390418
-2.10794e+06
-1.73667e+06
-968892
-967937
-356266
-273585
30665.8
-33062.9
-1.28505e+06
-951944
218844
-163180
2.71853e+06
2.27507e+06
1.43907e+06
1.35374e+06
-2.01525e+06
-1.60131e+06
-560594
-725552
-1.27531e+06
-993363
-262724
-410678
-2.04825e+06
-1.67711e+06
-942525
-959633
-448422
-340893
-5340.07
-114629
-1.34434e+06
-988544
203698
-194833
2.75808e+06
2.30085e+06
1.44519e+06
1.36744e+06
-2.1228e+06
-1.69433e+06
-596343
-776820
-1.35594e+06
-1.07031e+06
-302905
-458696
-2.02503e+06
-1.67018e+06
-948428
-945491
-329447
-244625
53966.4
-39271.3
-1.25987e+06
-921657
249340
-144128
2.82911e+06
2.36432e+06
1.47693e+06
1.40394e+06
-2.10254e+06
-1.67601e+06
-563069
-758373
-1.41149e+06
-1.11384e+06
-326163
-474512
-2.06015e+06
-1.70023e+06
-961685
-963635
-396277
-291611
26935.1
-48769.2
-1.30245e+06
-950131
253008
-148888
2.81383e+06
2.35659e+06
1.45352e+06
1.40266e+06
-2.08427e+06
-1.65587e+06
-543208
-730231
-1.51344e+06
-1.19505e+06
-377369
-510139
-2.19635e+06
-1.80559e+06
-1.03407e+06
-1.01136e+06
-547049
-416022
-24205.7
-122396
-1.39679e+06
-1.02685e+06
236451
-177130
2.77542e+06
2.31985e+06
1.42564e+06
1.37174e+06
-2.20676e+06
-1.75398e+06
-592934
-787560
-1.68475e+06
-1.33764e+06
-469228
-600691
-2.27607e+06
-1.87452e+06
-1.08756e+06
-1.06493e+06
-587614
-450421
-46134.5
-144277
-1.42123e+06
-1.03864e+06
238063
-168139
2.78951e+06
2.32394e+06
1.43424e+06
1.38592e+06
-2.24969e+06
-1.79582e+06
-602336
-800229
-1.69166e+06
-1.35156e+06
-463429
-616067
-2.29511e+06
-1.90006e+06
-1.09962e+06
-1.06983e+06
-568585
-436870
-52668.1
-149439
-1.47484e+06
-1.08663e+06
221073
-206402
2.79392e+06
2.33074e+06
1.44155e+06
1.38104e+06
-2.30074e+06
-1.82968e+06
-620285
-825187
-1.65542e+06
-1.31067e+06
-434565
-601560
-2.2696e+06
-1.86972e+06
-1.09516e+06
-1.08201e+06
-514697
-401430
-53601.5
-149308
-1.49507e+06
-1.10371e+06
220385
-208862
2.84122e+06
2.353e+06
1.43545e+06
1.39514e+06
-2.42206e+06
-1.9369e+06
-643275
-853660
-1.61406e+06
-1.28553e+06
-385846
-561597
-2.28183e+06
-1.89866e+06
-1.10588e+06
-1.07433e+06
-348488
-264500
7382.19
-86489.1
-1.40473e+06
-1.02444e+06
260668
-166136
2.89321e+06
2.39932e+06
1.44459e+06
1.39391e+06
-2.39325e+06
-1.90744e+06
-607673
-845746
-1.54657e+06
-1.22344e+06
-335016
-526635
-2.28485e+06
-1.89878e+06
-1.09639e+06
-1.09186e+06
-273715
-200770
11511.7
-26953.5
-1.35927e+06
-984443
283058
-129296
2.96099e+06
2.4604e+06
1.44023e+06
1.43898e+06
-2.33968e+06
-1.85376e+06
-563887
-800817
-1.43688e+06
-1.12543e+06
-282071
-466870
-2.347e+06
-1.94045e+06
-1.13036e+06
-1.09769e+06
-261316
-192887
-3942.83
-70746
-1.43373e+06
-1.0452e+06
263779
-173875
2.93003e+06
2.42552e+06
1.40046e+06
1.39168e+06
-2.45281e+06
-1.9477e+06
-596464
-838347
-1.38808e+06
-1.09018e+06
-258544
-441672
-2.40209e+06
-1.99077e+06
-1.16948e+06
-1.13563e+06
-266910
-207807
-13743.3
-66415.7
-1.50151e+06
-1.10676e+06
224984
-188962
2.92866e+06
2.41918e+06
1.3749e+06
1.37658e+06
-2.63504e+06
-2.09701e+06
-667444
-913165
-1.48937e+06
-1.17617e+06
-307566
-475336
-2.47526e+06
-2.06279e+06
-1.2227e+06
-1.17875e+06
-373423
-291962
-49981.1
-120676
-1.60192e+06
-1.19068e+06
178061
-272228
2.93503e+06
2.43151e+06
1.40194e+06
1.36002e+06
-2.79008e+06
-2.21055e+06
-719303
-992055
-1.52197e+06
-1.18478e+06
-289860
-504174
-2.54449e+06
-2.10686e+06
-1.25153e+06
-1.24491e+06
-448427
-348341
-55332.5
-137319
-1.57068e+06
-1.15871e+06
203604
-229052
2.87567e+06
2.37451e+06
1.38531e+06
1.37308e+06
-2.97642e+06
-2.3697e+06
-767881
-1.02839e+06
-1.56976e+06
-1.22883e+06
-260377
-477743
-2.66752e+06
-2.21637e+06
-1.29994e+06
-1.25737e+06
-491547
-376464
-51203
-132264
-1.56662e+06
-1.15207e+06
207717
-219902
2.72959e+06
2.26489e+06
1.32236e+06
1.30221e+06
-3.19288e+06
-2.53947e+06
-833832
-1.12287e+06
-1.7495e+06
-1.36434e+06
-303318
-530719
-2.88918e+06
-2.39133e+06
-1.39813e+06
-1.36152e+06
-467120
-350745
-18557.3
-107748
-1.5336e+06
-1.12376e+06
232669
-209173
2.74161e+06
2.27578e+06
1.32164e+06
1.30819e+06
-3.17521e+06
-2.51731e+06
-802773
-1.10528e+06
-1.73608e+06
-1.34958e+06
-272666
-526219
-3.01166e+06
-2.4958e+06
-1.44735e+06
-1.42093e+06
-454678
-339434
-2104.35
-105513
-1.41011e+06
-1.02151e+06
291317
-151966
2.72024e+06
2.25486e+06
1.30411e+06
1.28534e+06
-3.29035e+06
-2.611e+06
-843465
-1.14483e+06
-1.69601e+06
-1.31515e+06
-247422
-494094
-3.05033e+06
-2.52422e+06
-1.46633e+06
-1.43749e+06
618307
515482
339834
325862
3.15284e+06
2.55835e+06
1.14514e+06
1.28812e+06
-1.71346e+06
-1.39885e+06
-702573
-756638
-5.31897e+06
-4.3416e+06
-2.07788e+06
-2.24755e+06
734117
650011
622708
500042
-749586
-647728
-570357
-465759
749800
628427
395860
368319
3.2426e+06
2.63117e+06
1.17119e+06
1.31686e+06
-1.67635e+06
-1.36881e+06
-685438
-724717
-5.48785e+06
-4.47381e+06
-2.14462e+06
-2.32676e+06
846352
744364
670407
541682
-636236
-561017
-572908
-438970
716663
598259
365502
370302
3.27296e+06
2.6572e+06
1.18514e+06
1.34492e+06
-1.76142e+06
-1.43191e+06
-709808
-752800
-5.65638e+06
-4.61185e+06
-2.21029e+06
-2.39397e+06
859227
754377
676375
557145
-745841
-654760
-597756
-477765
632409
519354
313937
310744
3.2546e+06
2.6344e+06
1.16468e+06
1.32996e+06
-1.7708e+06
-1.45054e+06
-699634
-755708
-5.83242e+06
-4.76475e+06
-2.27173e+06
-2.48149e+06
784808
687046
642555
528188
-882544
-768593
-668093
-541501
726559
604269
337781
339789
3.26154e+06
2.64655e+06
1.17528e+06
1.31472e+06
-1.73059e+06
-1.40807e+06
-671109
-750577
-5.88116e+06
-4.80022e+06
-2.28598e+06
-2.50531e+06
793064
706633
654695
521821
-1.00043e+06
-859580
-738787
-612305
823713
676406
382074
368438
3.33917e+06
2.70704e+06
1.2167e+06
1.35213e+06
-1.64655e+06
-1.3437e+06
-617958
-702332
-5.88978e+06
-4.8052e+06
-2.2635e+06
-2.49957e+06
871290
770185
693065
557880
-1.12826e+06
-968560
-792148
-663938
859286
704715
377305
404537
3.47068e+06
2.81337e+06
1.2624e+06
1.4375e+06
-1.76144e+06
-1.42277e+06
-653584
-700794
-6.10428e+06
-4.97087e+06
-2.3491e+06
-2.53962e+06
858324
751738
700558
573001
-1.17498e+06
-1.00692e+06
-809115
-671716
960020
798797
436320
420297
3.45131e+06
2.79803e+06
1.24853e+06
1.41107e+06
-1.97593e+06
-1.59908e+06
-763936
-813444
-6.36248e+06
-5.17669e+06
-2.45438e+06
-2.67613e+06
833960
740981
711965
556500
-1.10272e+06
-948232
-824307
-679723
923443
764831
408701
441822
3.49675e+06
2.83869e+06
1.26034e+06
1.44825e+06
-2.21842e+06
-1.79616e+06
-872063
-912202
-6.58413e+06
-5.3588e+06
-2.54784e+06
-2.75801e+06
739115
665216
698250
545548
-1.24222e+06
-1.07012e+06
-879543
-728016
909740
748511
407484
399302
3.49669e+06
2.8357e+06
1.24552e+06
1.43241e+06
-2.31051e+06
-1.88956e+06
-903569
-998785
-6.79012e+06
-5.53447e+06
-2.61733e+06
-2.87849e+06
697217
626365
714468
520998
-1.24841e+06
-1.07964e+06
-881758
-763414
1.06535e+06
875736
450912
478574
3.48646e+06
2.82142e+06
1.2234e+06
1.42329e+06
-2.37671e+06
-1.9402e+06
-951107
-1.01795e+06
-6.92714e+06
-5.64533e+06
-2.67471e+06
-2.91328e+06
735933
668144
756470
558992
-1.19625e+06
-1.03792e+06
-891748
-742840
1.20334e+06
982535
514603
513087
3.5633e+06
2.87973e+06
1.218e+06
1.42376e+06
-2.28462e+06
-1.87415e+06
-933285
-1.01512e+06
-7.06657e+06
-5.75994e+06
-2.71624e+06
-2.98457e+06
829910
749059
820438
596500
-1.11403e+06
-974697
-857575
-722509
1.22212e+06
1.00325e+06
544140
555080
3.71318e+06
2.99756e+06
1.27958e+06
1.48334e+06
-2.23451e+06
-1.82088e+06
-908853
-957063
-7.22296e+06
-5.87863e+06
-2.78705e+06
-3.02298e+06
865509
782853
871629
660165
-1.00132e+06
-876743
-775381
-633957
1.34282e+06
1.11129e+06
627573
603661
3.8181e+06
3.08266e+06
1.31479e+06
1.51128e+06
-2.24545e+06
-1.83595e+06
-940299
-980695
-7.33766e+06
-5.9791e+06
-2.86122e+06
-3.10429e+06
1.02153e+06
914005
944640
719528
-776914
-699395
-723519
-554947
1.29157e+06
1.07209e+06
609621
618748
3.89542e+06
3.14894e+06
1.34252e+06
1.56388e+06
-2.38053e+06
-1.94322e+06
-1.0167e+06
-1.0343e+06
-7.43009e+06
-6.05431e+06
-2.94489e+06
-3.15136e+06
1.00006e+06
900032
936463
732573
-846586
-754224
-751175
-575691
1.21915e+06
1.01283e+06
611411
572039
3.9418e+06
3.19024e+06
1.36284e+06
1.58462e+06
-2.42848e+06
-1.99085e+06
-1.02151e+06
-1.07641e+06
-7.5578e+06
-6.16148e+06
-2.99925e+06
-3.23466e+06
938909
849327
923177
704300
-877903
-775647
-759394
-591737
1.2032e+06
1.00577e+06
611934
602298
3.8907e+06
3.14304e+06
1.3441e+06
1.56141e+06
-2.56664e+06
-2.09967e+06
-1.08532e+06
-1.11931e+06
-7.74893e+06
-6.32785e+06
-3.10785e+06
-3.30233e+06
901246
822395
903551
697978
-929120
-823506
-817558
-617252
1.11875e+06
932243
598454
556517
3.91922e+06
3.1658e+06
1.34143e+06
1.55724e+06
-2.6585e+06
-2.18213e+06
-1.12474e+06
-1.17471e+06
-7.95389e+06
-6.50393e+06
-3.22649e+06
-3.42326e+06
846677
776048
868323
661005
-1.03907e+06
-920171
-887186
-679494
1.07041e+06
897894
601212
549098
4.02154e+06
3.25003e+06
1.38716e+06
1.60956e+06
-2.69313e+06
-2.20591e+06
-1.12387e+06
-1.1864e+06
-8.06914e+06
-6.60089e+06
-3.2618e+06
-3.49625e+06
865814
790878
886193
666322
-1.05461e+06
-925946
-878160
-700108
1.22313e+06
1.03236e+06
699141
611210
4.09943e+06
3.31281e+06
1.41614e+06
1.62804e+06
-2.63792e+06
-2.16414e+06
-1.11371e+06
-1.16252e+06
-8.0652e+06
-6.59237e+06
-3.25135e+06
-3.49297e+06
1.00251e+06
902304
943867
718150
-923483
-827036
-867746
-658966
1.23193e+06
1.04035e+06
721703
651131
4.19873e+06
3.39883e+06
1.4617e+06
1.686e+06
-2.70311e+06
-2.21468e+06
-1.14955e+06
-1.19319e+06
-8.09437e+06
-6.61701e+06
-3.26077e+06
-3.50123e+06
1.0094e+06
909680
961992
732957
-1.06092e+06
-941409
-898451
-713631
1.22097e+06
1.03474e+06
723315
649742
4.26371e+06
3.45273e+06
1.4834e+06
1.7232e+06
-2.68558e+06
-2.20791e+06
-1.15816e+06
-1.1879e+06
-8.06345e+06
-6.59656e+06
-3.25491e+06
-3.49665e+06
980620
888475
952313
743241
-1.11573e+06
-980609
-931965
-726964
1.22225e+06
1.04301e+06
728751
660482
4.21472e+06
3.4124e+06
1.47321e+06
1.69158e+06
-2.69546e+06
-2.21905e+06
-1.17288e+06
-1.22041e+06
-7.99077e+06
-6.54316e+06
-3.22729e+06
-3.48136e+06
878655
813610
915088
692019
-1.30407e+06
-1.13599e+06
-1.03567e+06
-823639
1.10027e+06
944263
713981
617984
4.16351e+06
3.37474e+06
1.47302e+06
1.6788e+06
-2.67988e+06
-2.20648e+06
-1.15861e+06
-1.21144e+06
-7.96752e+06
-6.51828e+06
-3.18511e+06
-3.45286e+06
711495
682393
863218
632896
-1.5953e+06
-1.37383e+06
-1.15169e+06
-942498
1.08066e+06
922634
716139
618734
4.37483e+06
3.54253e+06
1.55368e+06
1.77292e+06
-2.63136e+06
-2.16001e+06
-1.11838e+06
-1.18091e+06
-7.96961e+06
-6.51092e+06
-3.16891e+06
-3.42359e+06
758764
701952
877589
630673
-1.5236e+06
-1.31752e+06
-1.07911e+06
-924767
1.07234e+06
926829
744217
605667
4.35084e+06
3.5245e+06
1.54931e+06
1.75572e+06
-2.72423e+06
-2.23779e+06
-1.16183e+06
-1.21792e+06
-8.12614e+06
-6.63387e+06
-3.21156e+06
-3.48284e+06
769257
714270
885607
629615
-1.42971e+06
-1.24084e+06
-1.04577e+06
-879362
1.09331e+06
943324
768720
653286
4.54907e+06
3.68692e+06
1.64208e+06
1.85902e+06
-2.75608e+06
-2.25909e+06
-1.16039e+06
-1.21587e+06
-8.10307e+06
-6.61398e+06
-3.19958e+06
-3.46657e+06
814922
752026
913674
670288
-1.38802e+06
-1.20077e+06
-989043
-835236
1.0567e+06
915300
753344
632101
4.64269e+06
3.7661e+06
1.67101e+06
1.90368e+06
-2.81165e+06
-2.30702e+06
-1.19189e+06
-1.23699e+06
-8.08549e+06
-6.60106e+06
-3.1922e+06
-3.46923e+06
812792
747897
893657
668299
-1.30672e+06
-1.13354e+06
-957229
-796631
1.07581e+06
933855
735870
650681
4.6315e+06
3.75785e+06
1.6746e+06
1.90223e+06
-2.93844e+06
-2.41087e+06
-1.25752e+06
-1.30715e+06
-8.04674e+06
-6.57615e+06
-3.17358e+06
-3.44937e+06
836755
770307
876896
666582
-1.28781e+06
-1.11803e+06
-966922
-793573
1.07576e+06
930370
734318
635198
4.62714e+06
3.75686e+06
1.67336e+06
1.9e+06
-2.95671e+06
-2.43196e+06
-1.29493e+06
-1.33557e+06
-8.12165e+06
-6.63769e+06
-3.1866e+06
-3.47273e+06
916565
833946
889856
686670
-1.339e+06
-1.16186e+06
-982088
-812133
985666
845396
685219
599184
4.65483e+06
3.7656e+06
1.67905e+06
1.90407e+06
-2.98804e+06
-2.45726e+06
-1.29353e+06
-1.33495e+06
-8.26226e+06
-6.74193e+06
-3.25024e+06
-3.50067e+06
846615
762138
868218
650907
-1.38137e+06
-1.19642e+06
-981384
-823982
939503
815850
698719
569104
4.69298e+06
3.80257e+06
1.72928e+06
1.92386e+06
-3.09811e+06
-2.54278e+06
-1.30378e+06
-1.36844e+06
-8.41433e+06
-6.85772e+06
-3.28389e+06
-3.57234e+06
828617
755497
899520
648868
-1.37892e+06
-1.19197e+06
-987538
-833994
887109
773845
655586
567084
4.8289e+06
3.92167e+06
1.77769e+06
1.99861e+06
-3.15442e+06
-2.5789e+06
-1.33048e+06
-1.38024e+06
-8.4962e+06
-6.92648e+06
-3.33236e+06
-3.59907e+06
846988
777867
911657
671770
-1.41418e+06
-1.22235e+06
-993057
-840683
862380
747671
615371
522754
4.92631e+06
3.99738e+06
1.79117e+06
2.0416e+06
-3.09448e+06
-2.54157e+06
-1.30803e+06
-1.36814e+06
-8.56185e+06
-6.98899e+06
-3.36333e+06
-3.65511e+06
905282
821606
928755
690214
-1.41109e+06
-1.22521e+06
-1.01321e+06
-853940
916460
782166
593239
542151
4.98215e+06
4.03613e+06
1.80499e+06
2.04363e+06
-3.04906e+06
-2.50655e+06
-1.29523e+06
-1.35642e+06
-8.5341e+06
-6.97627e+06
-3.3597e+06
-3.64087e+06
1.00413e+06
898392
966565
727809
-1.38249e+06
-1.20785e+06
-1.02466e+06
-863882
956349
804740
571313
509534
5.08836e+06
4.12573e+06
1.8501e+06
2.07537e+06
-2.95547e+06
-2.43471e+06
-1.24891e+06
-1.33685e+06
-8.55447e+06
-6.99033e+06
-3.35183e+06
-3.65965e+06
1.10117e+06
978620
1.00041e+06
755602
-1.37849e+06
-1.20347e+06
-1.0168e+06
-865888
788268
657683
477371
418220
2.41632e+06
1.97063e+06
982665
1.03421e+06
3.07371e+06
2.54043e+06
1.45618e+06
1.42267e+06
2.00306e+06
1.68999e+06
1.13635e+06
1.03913e+06
-1.92272e+06
-1.48789e+06
-208703
-517024
-1.3317e+06
-1.05057e+06
-251048
-423950
802365
676274
494169
434625
2.39523e+06
1.95929e+06
983341
1.0485e+06
3.00993e+06
2.49453e+06
1.46965e+06
1.43655e+06
2.03025e+06
1.71542e+06
1.1779e+06
1.0851e+06
-2.09091e+06
-1.62412e+06
-248397
-580287
-1.41454e+06
-1.11576e+06
-261644
-441820
795967
674512
483836
436175
2.33395e+06
1.91045e+06
955351
1.01076e+06
3.05435e+06
2.54089e+06
1.51143e+06
1.4596e+06
2.04626e+06
1.7312e+06
1.2047e+06
1.07345e+06
-2.24045e+06
-1.74473e+06
-306249
-651877
-1.43305e+06
-1.12781e+06
-270864
-460250
856040
724137
499124
458101
2.45105e+06
2.00778e+06
987841
1.04929e+06
3.16592e+06
2.63882e+06
1.57112e+06
1.51705e+06
2.23396e+06
1.89256e+06
1.31287e+06
1.16566e+06
-2.1776e+06
-1.68695e+06
-257708
-624761
-1.31448e+06
-1.02869e+06
-211572
-412096
943577
790458
532327
484945
2.5144e+06
2.05318e+06
1.01717e+06
1.07627e+06
3.25586e+06
2.71077e+06
1.65566e+06
1.57845e+06
2.39372e+06
2.02449e+06
1.40508e+06
1.26579e+06
-2.18656e+06
-1.69394e+06
-228971
-598802
-1.19443e+06
-931961
-134616
-341224
981478
819887
557605
500397
2.50875e+06
2.05519e+06
1.03557e+06
1.08111e+06
3.31057e+06
2.76564e+06
1.72267e+06
1.62868e+06
2.41389e+06
2.05267e+06
1.43974e+06
1.29313e+06
-2.30513e+06
-1.78039e+06
-256362
-637014
-1.2553e+06
-974721
-142536
-348261
994017
833504
565114
505924
2.63454e+06
2.15875e+06
1.10362e+06
1.14502e+06
3.4703e+06
2.89763e+06
1.7991e+06
1.70553e+06
2.41424e+06
2.04495e+06
1.45269e+06
1.29914e+06
-2.30844e+06
-1.78236e+06
-235131
-634893
-1.28839e+06
-1.00095e+06
-154248
-363688
1.02108e+06
863428
576991
533173
2.73236e+06
2.2398e+06
1.13851e+06
1.2037e+06
3.60599e+06
3.00933e+06
1.8391e+06
1.77005e+06
2.44721e+06
2.07309e+06
1.46242e+06
1.32412e+06
-2.24103e+06
-1.72627e+06
-182322
-589977
-1.32101e+06
-1.02534e+06
-169182
-367039
901041
767836
514437
481427
2.69342e+06
2.20703e+06
1.11275e+06
1.17899e+06
3.67037e+06
3.05896e+06
1.8556e+06
1.79365e+06
2.25551e+06
1.90833e+06
1.37443e+06
1.2253e+06
-2.28634e+06
-1.76016e+06
-202497
-610744
-1.40402e+06
-1.09405e+06
-219395
-415295
871554
745299
494924
468300
2.78105e+06
2.27741e+06
1.12524e+06
1.20711e+06
3.64689e+06
3.03902e+06
1.84227e+06
1.78619e+06
2.23476e+06
1.8952e+06
1.3587e+06
1.20541e+06
-2.16537e+06
-1.65866e+06
-145117
-556073
-1.36351e+06
-1.05877e+06
-205904
-404298
846367
717634
463704
433507
2.83056e+06
2.31143e+06
1.13563e+06
1.20847e+06
3.67967e+06
3.06404e+06
1.83876e+06
1.78655e+06
2.1862e+06
1.85345e+06
1.32479e+06
1.18341e+06
-2.06676e+06
-1.57844e+06
-94284.2
-512295
-1.32758e+06
-1.03355e+06
-195009
-387896
820139
696124
484422
417883
2.94131e+06
2.40993e+06
1.18354e+06
1.26211e+06
3.73444e+06
3.10707e+06
1.85642e+06
1.80561e+06
2.08481e+06
1.7726e+06
1.28764e+06
1.13638e+06
-2.00596e+06
-1.52257e+06
-51034.7
-475765
-1.38691e+06
-1.0803e+06
-207335
-405393
810342
684284
484176
446071
3.08544e+06
2.5273e+06
1.24416e+06
1.3418e+06
3.75163e+06
3.12006e+06
1.8514e+06
1.81939e+06
2.18204e+06
1.85734e+06
1.31932e+06
1.20317e+06
-2.04385e+06
-1.55097e+06
-48005.5
-446339
-1.57319e+06
-1.23407e+06
-286890
-460338
802671
679880
501839
437235
3.11371e+06
2.55037e+06
1.25249e+06
1.36283e+06
3.7174e+06
3.09162e+06
1.83035e+06
1.8001e+06
2.20163e+06
1.87177e+06
1.33962e+06
1.21131e+06
-2.11923e+06
-1.61372e+06
-63658
-483849
-1.73422e+06
-1.3697e+06
-346018
-548576
667237
577941
484490
410297
3.14625e+06
2.57325e+06
1.27588e+06
1.3579e+06
3.76626e+06
3.13263e+06
1.85414e+06
1.8143e+06
2.26053e+06
1.91969e+06
1.38231e+06
1.22397e+06
-2.18484e+06
-1.6655e+06
-64237.8
-516554
-1.89044e+06
-1.49569e+06
-397541
-610765
447138
404488
446397
336671
3.24248e+06
2.65477e+06
1.32725e+06
1.40684e+06
3.76197e+06
3.13137e+06
1.8654e+06
1.81446e+06
2.39041e+06
2.03184e+06
1.49249e+06
1.29173e+06
-2.17546e+06
-1.65321e+06
-19718.4
-497151
-2.05692e+06
-1.62882e+06
-442267
-690006
366867
344562
427186
311715
3.28079e+06
2.68836e+06
1.34354e+06
1.43959e+06
3.76531e+06
3.13509e+06
1.86437e+06
1.82779e+06
2.477e+06
2.11083e+06
1.54758e+06
1.37172e+06
-2.19793e+06
-1.66531e+06
-3519.98
-475768
-2.10166e+06
-1.66168e+06
-456494
-695015
324469
303719
457716
296795
3.31351e+06
2.72384e+06
1.36182e+06
1.46519e+06
3.79154e+06
3.15433e+06
1.86923e+06
1.83004e+06
2.51167e+06
2.15043e+06
1.58681e+06
1.40621e+06
-2.31017e+06
-1.74786e+06
-27281.6
-498189
-2.33311e+06
-1.85261e+06
-539520
-776986
302676
294716
468181
307600
3.335e+06
2.72958e+06
1.38879e+06
1.45983e+06
3.86075e+06
3.21088e+06
1.91786e+06
1.86727e+06
2.50003e+06
2.13635e+06
1.60401e+06
1.41702e+06
-2.47198e+06
-1.8842e+06
-69314.8
-564816
-2.51438e+06
-1.99539e+06
-596586
-860959
340070
335282
495181
338566
3.39883e+06
2.7839e+06
1.41262e+06
1.49308e+06
3.90692e+06
3.25192e+06
1.94957e+06
1.89349e+06
2.47163e+06
2.11652e+06
1.59944e+06
1.41015e+06
-2.57294e+06
-1.96503e+06
-101089
-602889
-2.60334e+06
-2.06487e+06
-620152
-890440
281239
288915
479441
324146
3.40849e+06
2.7899e+06
1.40882e+06
1.50208e+06
4.05533e+06
3.37559e+06
2.0257e+06
1.96975e+06
2.47818e+06
2.11683e+06
1.60276e+06
1.39803e+06
-2.66707e+06
-2.04061e+06
-128290
-644775
-2.66481e+06
-2.11467e+06
-632040
-917743
213422
235266
467454
308627
3.42288e+06
2.80053e+06
1.39694e+06
1.49684e+06
4.05926e+06
3.37783e+06
2.03102e+06
1.97802e+06
2.50997e+06
2.1471e+06
1.64104e+06
1.4199e+06
-2.70331e+06
-2.06538e+06
-128081
-652964
-2.70866e+06
-2.14584e+06
-631268
-932569
251193
267261
466504
307888
3.46965e+06
2.83465e+06
1.40508e+06
1.50347e+06
4.1844e+06
3.48491e+06
2.0754e+06
2.02416e+06
2.54532e+06
2.17931e+06
1.65272e+06
1.44975e+06
-2.7456e+06
-2.09868e+06
-133783
-659217
-2.67333e+06
-2.1141e+06
-610080
-906432
269874
278088
509649
316068
3.55211e+06
2.90389e+06
1.42739e+06
1.54024e+06
4.27112e+06
3.5512e+06
2.115e+06
2.06791e+06
2.53621e+06
2.17401e+06
1.63907e+06
1.44533e+06
-2.8208e+06
-2.15991e+06
-157528
-687103
-2.76667e+06
-2.19307e+06
-627009
-940186
276886
285346
509697
336719
3.61174e+06
2.95332e+06
1.47011e+06
1.558e+06
4.32239e+06
3.59627e+06
2.14794e+06
2.09127e+06
2.55167e+06
2.18211e+06
1.66836e+06
1.44834e+06
-2.96823e+06
-2.28219e+06
-198416
-742365
-2.83105e+06
-2.24106e+06
-640568
-951511
408773
394051
552092
382830
3.66444e+06
2.99909e+06
1.50917e+06
1.59311e+06
4.36769e+06
3.63189e+06
2.16317e+06
2.10912e+06
2.62966e+06
2.2476e+06
1.7127e+06
1.49164e+06
-3.04664e+06
-2.34193e+06
-208901
-771452
-2.83291e+06
-2.24277e+06
-636340
-956023
501605
473473
585869
425828
3.72879e+06
3.05603e+06
1.54177e+06
1.63285e+06
4.52495e+06
3.76355e+06
2.22205e+06
2.17543e+06
2.72996e+06
2.32709e+06
1.75621e+06
1.51418e+06
-3.08833e+06
-2.37675e+06
-214218
-792063
-2.70705e+06
-2.14065e+06
-585827
-908839
643193
583103
629342
484131
3.84408e+06
3.14823e+06
1.57469e+06
1.67397e+06
4.62049e+06
3.83989e+06
2.25823e+06
2.21527e+06
2.99439e+06
2.54586e+06
1.87639e+06
1.63019e+06
-2.96286e+06
-2.27058e+06
-151715
-736351
-2.53575e+06
-2.00392e+06
-528483
-844775
747109
669395
648406
511682
3.87248e+06
3.16833e+06
1.5969e+06
1.68358e+06
4.6894e+06
3.89533e+06
2.28694e+06
2.24736e+06
3.08902e+06
2.6265e+06
1.92643e+06
1.69786e+06
-2.96327e+06
-2.26779e+06
-128505
-713995
-2.38883e+06
-1.87978e+06
-469225
-777506
850610
747935
705396
551309
3.98247e+06
3.26775e+06
1.6636e+06
1.73911e+06
4.76289e+06
3.95856e+06
2.31747e+06
2.28115e+06
3.15288e+06
2.68462e+06
1.96741e+06
1.72634e+06
-2.98994e+06
-2.28337e+06
-118620
-719929
-2.38238e+06
-1.87628e+06
-459826
-768800
968100
849422
731174
604998
4.16939e+06
3.41882e+06
1.74105e+06
1.83068e+06
4.85185e+06
4.02847e+06
2.34839e+06
2.31677e+06
3.25917e+06
2.77061e+06
1.98529e+06
1.7955e+06
-2.96509e+06
-2.25946e+06
-122048
-682951
-2.34686e+06
-1.83526e+06
-454650
-746173
1.17433e+06
1.01752e+06
792107
680737
4.29605e+06
3.5231e+06
1.77626e+06
1.88569e+06
4.95742e+06
4.11452e+06
2.36974e+06
2.34856e+06
3.39987e+06
2.87995e+06
2.00592e+06
1.82436e+06
-2.85704e+06
-2.17342e+06
-96156.6
-662668
-2.27475e+06
-1.78051e+06
-434195
-723025
1.23228e+06
1.06564e+06
810602
711069
4.28342e+06
3.5026e+06
1.77246e+06
1.88113e+06
5.11897e+06
4.23775e+06
2.42094e+06
2.41331e+06
3.39459e+06
2.86299e+06
1.97974e+06
1.80281e+06
-2.86977e+06
-2.19175e+06
-124297
-671889
-2.20125e+06
-1.72172e+06
-411301
-699614
1.16388e+06
1.00115e+06
771332
691050
4.18783e+06
3.4215e+06
1.72029e+06
1.84285e+06
5.07398e+06
4.19566e+06
2.38874e+06
2.39267e+06
3.36499e+06
2.83403e+06
1.95678e+06
1.7843e+06
-2.88601e+06
-2.20964e+06
-150033
-687997
-2.19472e+06
-1.7205e+06
-412560
-691907
1.20429e+06
1.03906e+06
737009
665625
4.1215e+06
3.36917e+06
1.66471e+06
1.79559e+06
5.08684e+06
4.20731e+06
2.36074e+06
2.38281e+06
3.30502e+06
2.78806e+06
1.89006e+06
1.74856e+06
-2.90724e+06
-2.2255e+06
-191647
-712392
-2.14583e+06
-1.67495e+06
-412809
-681688
1.27068e+06
1.07809e+06
775764
684437
4.13201e+06
3.37753e+06
1.66133e+06
1.80061e+06
5.08754e+06
4.20097e+06
2.32779e+06
2.36716e+06
3.25774e+06
2.7431e+06
1.83429e+06
1.7134e+06
-2.9441e+06
-2.2626e+06
-232866
-739827
-2.14762e+06
-1.6838e+06
-414509
-685252
-4.08052e+06
-3.3744e+06
-1.90892e+06
-1.90468e+06
786885
592041
-51963.9
137743
-1.55453e+06
-1.23872e+06
-424469
-581027
-3.52156e+06
-2.87265e+06
-1.40264e+06
-1.52326e+06
-1.12367e+06
-902963
-327188
-403666
1.3982e+06
1.0296e+06
-252497
177233
-4.18656e+06
-3.45897e+06
-1.95675e+06
-1.94539e+06
783831
585309
-18005.8
136213
-1.56264e+06
-1.24234e+06
-394689
-567317
-3.45427e+06
-2.81678e+06
-1.36336e+06
-1.48285e+06
-1.31173e+06
-1.05358e+06
-401333
-491811
1.36985e+06
999623
-270638
149965
-4.29649e+06
-3.55028e+06
-2.02377e+06
-1.99848e+06
673058
504812
-58062
115461
-1.67239e+06
-1.32289e+06
-424571
-595851
-3.49543e+06
-2.84427e+06
-1.39717e+06
-1.48331e+06
-1.61752e+06
-1.30505e+06
-536653
-602909
1.37557e+06
1.00424e+06
-263542
137259
-4.33867e+06
-3.59262e+06
-2.06351e+06
-2.0378e+06
720901
542866
-48216.2
124087
-1.5717e+06
-1.24815e+06
-390884
-554440
-3.48595e+06
-2.85175e+06
-1.39934e+06
-1.51542e+06
-1.82969e+06
-1.48248e+06
-612890
-722964
1.23954e+06
888816
-342921
110683
-4.45694e+06
-3.69249e+06
-2.13174e+06
-2.09596e+06
807179
610304
-7993.14
168216
-1.41327e+06
-1.11469e+06
-314967
-494279
-3.41971e+06
-2.79796e+06
-1.37021e+06
-1.48896e+06
-1.80969e+06
-1.46028e+06
-605319
-715373
1.05217e+06
729061
-460734
-1984.14
-4.47622e+06
-3.71228e+06
-2.14348e+06
-2.1358e+06
935876
715216
49836.9
212679
-1.18131e+06
-918154
-188047
-389811
-3.32698e+06
-2.72342e+06
-1.34959e+06
-1.4517e+06
-1.85182e+06
-1.49916e+06
-620626
-718241
937530
626157
-535076
-93034
-4.45612e+06
-3.68762e+06
-2.13941e+06
-2.10414e+06
1.00709e+06
772050
61125.1
247540
-1.16243e+06
-905191
-169469
-346279
-3.28856e+06
-2.68902e+06
-1.32632e+06
-1.42227e+06
-1.93241e+06
-1.55742e+06
-651105
-769291
967823
653734
-528183
-71178.8
-4.45523e+06
-3.68551e+06
-2.13828e+06
-2.1066e+06
1.01313e+06
774254
58822.8
237702
-1.11625e+06
-866035
-145787
-328262
-3.31707e+06
-2.71066e+06
-1.31469e+06
-1.42712e+06
-1.85546e+06
-1.49695e+06
-626798
-741072
988326
667995
-536126
-70471.7
-4.38798e+06
-3.63759e+06
-2.10628e+06
-2.08739e+06
938404
708083
11186.4
207622
-1.13894e+06
-884309
-139762
-330751
-3.28125e+06
-2.68083e+06
-1.27977e+06
-1.3977e+06
-1.82724e+06
-1.4794e+06
-611510
-725725
1.15405e+06
799093
-466258
-20221.8
-4.38136e+06
-3.62455e+06
-2.10444e+06
-2.06225e+06
884152
667978
-42169
174761
-1.13893e+06
-880335
-140634
-318099
-3.29767e+06
-2.68403e+06
-1.25073e+06
-1.39847e+06
-1.80619e+06
-1.45642e+06
-585206
-717958
1.16082e+06
814344
-491725
14075.7
-4.52884e+06
-3.74346e+06
-2.14666e+06
-2.11709e+06
871563
656537
-54359.5
173305
-1.08129e+06
-827110
-104235
-283762
-3.32119e+06
-2.70104e+06
-1.23742e+06
-1.38779e+06
-1.6351e+06
-1.30864e+06
-503009
-640773
996721
670897
-605023
-72844.7
-4.61713e+06
-3.81399e+06
-2.15507e+06
-2.15467e+06
910100
681724
-47933.4
175163
-971224
-733695
-33212.8
-237879
-3.39077e+06
-2.7561e+06
-1.253e+06
-1.40226e+06
-1.49842e+06
-1.19995e+06
-422625
-555205
880648
563694
-695994
-167484
-4.70032e+06
-3.88124e+06
-2.19519e+06
-2.17844e+06
1.01107e+06
761958
-24256.6
208236
-1.03452e+06
-788114
-68398.4
-240795
-3.50556e+06
-2.84847e+06
-1.29535e+06
-1.44468e+06
-1.51329e+06
-1.21392e+06
-421782
-559063
877146
564350
-692246
-179230
-4.73762e+06
-3.90618e+06
-2.22145e+06
-2.19281e+06
1.06281e+06
798926
-27175.5
207342
-1.12968e+06
-867452
-113979
-296727
-3.62054e+06
-2.93896e+06
-1.35651e+06
-1.49306e+06
-1.44149e+06
-1.15065e+06
-408658
-528292
943985
619875
-670235
-143988
-4.70805e+06
-3.89064e+06
-2.2215e+06
-2.19832e+06
1.09098e+06
817325
-33714.9
217423
-1.18627e+06
-912749
-117192
-321380
-3.68294e+06
-2.99206e+06
-1.38536e+06
-1.51659e+06
-1.3332e+06
-1.06688e+06
-369550
-477327
1.15623e+06
792101
-560212
-71456
-4.77781e+06
-3.94816e+06
-2.25235e+06
-2.21672e+06
1.15311e+06
866497
-44086.7
236430
-1.31781e+06
-1.02432e+06
-184932
-358964
-3.82126e+06
-3.10891e+06
-1.43505e+06
-1.59686e+06
-1.32083e+06
-1.05464e+06
-355625
-489741
1.21357e+06
848245
-535551
-2515.89
-5.0372e+06
-4.15577e+06
-2.34365e+06
-2.31624e+06
1.13094e+06
847255
-74133.1
222480
-1.535e+06
-1.19886e+06
-274316
-451261
-3.95202e+06
-3.20917e+06
-1.47239e+06
-1.63513e+06
-1.20787e+06
-957548
-311762
-428440
1.09656e+06
750144
-596665
-53846.2
-5.20413e+06
-4.29528e+06
-2.38597e+06
-2.41049e+06
1.22529e+06
919561
-47186.6
230269
-1.59867e+06
-1.25007e+06
-291954
-514808
-4.02981e+06
-3.27611e+06
-1.50437e+06
-1.67635e+06
-1.1058e+06
-880974
-266714
-385660
1.03117e+06
687265
-622551
-114725
-5.2316e+06
-4.31536e+06
-2.40259e+06
-2.40627e+06
1.24424e+06
928550
-63059.8
251415
-1.6585e+06
-1.30165e+06
-337229
-524820
-4.1026e+06
-3.33955e+06
-1.55152e+06
-1.70006e+06
-1.15245e+06
-916675
-282660
-402738
1.15592e+06
789892
-567711
-61876.1
-5.23468e+06
-4.31403e+06
-2.41237e+06
-2.396e+06
1.09118e+06
799882
-106982
168448
-1.67159e+06
-1.31448e+06
-350794
-533249
-4.2894e+06
-3.48857e+06
-1.62852e+06
-1.77608e+06
-1.14649e+06
-911253
-276158
-397641
1.29941e+06
901355
-527338
-1203.5
-5.20358e+06
-4.29978e+06
-2.40699e+06
-2.40781e+06
937349
671842
-174876
113639
-1.78295e+06
-1.40817e+06
-389815
-585018
-4.39196e+06
-3.57748e+06
-1.67074e+06
-1.82362e+06
-1.20198e+06
-964761
-301492
-414751
1.56213e+06
1.11227e+06
-409618
85278.5
-5.19945e+06
-4.28171e+06
-2.40563e+06
-2.38901e+06
870256
632753
-194166
70720.6
-1.84962e+06
-1.45605e+06
-420003
-608185
-4.59055e+06
-3.72828e+06
-1.72585e+06
-1.92288e+06
-1.26386e+06
-1.00069e+06
-283766
-454646
1.71453e+06
1.25077e+06
-369526
186423
-5.30535e+06
-4.3683e+06
-2.46214e+06
-2.42753e+06
842266
607750
-196581
93251.8
-1.81353e+06
-1.42453e+06
-422243
-599191
-4.74145e+06
-3.8518e+06
-1.79371e+06
-1.96494e+06
-1.07549e+06
-838178
-198237
-353150
1.73593e+06
1.25683e+06
-427610
171181
-5.41183e+06
-4.46612e+06
-2.4896e+06
-2.49701e+06
741922
520535
-224345
46186.8
-1.79098e+06
-1.41035e+06
-409914
-596411
-4.97742e+06
-4.05433e+06
-1.90277e+06
-2.07304e+06
-1.03519e+06
-811341
-153132
-308082
1.76869e+06
1.26646e+06
-451680
137715
-5.43885e+06
-4.48298e+06
-2.49715e+06
-2.505e+06
794013
572315
-179721
49906.2
-1.82886e+06
-1.44355e+06
-424271
-618385
-5.01111e+06
-4.07772e+06
-1.90302e+06
-2.10166e+06
-1.0271e+06
-802389
-135115
-309624
1.83854e+06
1.32946e+06
-416279
174959
-5.51383e+06
-4.5363e+06
-2.50859e+06
-2.5254e+06
899310
658390
-111649
104882
-1.86139e+06
-1.47025e+06
-436920
-637123
-5.05778e+06
-4.113e+06
-1.93439e+06
-2.10769e+06
-962753
-745860
-117503
-278703
1.90078e+06
1.37774e+06
-401781
194807
-5.32213e+06
-4.39083e+06
-2.42468e+06
-2.46521e+06
1.16444e+06
877879
8292.95
219835
-1.71926e+06
-1.35631e+06
-357543
-578900
-4.86861e+06
-3.96052e+06
-1.85715e+06
-2.04284e+06
-707773
-545079
-17797.9
-174776
2.21584e+06
1.63371e+06
-242970
308458
-5.33501e+06
-4.38374e+06
-2.40468e+06
-2.42565e+06
1.34055e+06
1.03465e+06
84253.2
325310
-1.75382e+06
-1.37365e+06
-366402
-556004
-4.84495e+06
-3.93534e+06
-1.83758e+06
-2.03067e+06
-725787
-550156
-6877.32
-163162
2.23765e+06
1.66267e+06
-243284
392132
-5.67168e+06
-4.65835e+06
-2.52299e+06
-2.55151e+06
1.33427e+06
1.02784e+06
84473.8
333962
-1.89825e+06
-1.49219e+06
-458130
-634362
-5.07136e+06
-4.12357e+06
-1.93812e+06
-2.11763e+06
-773672
-585152
-46611.1
-188836
1.95316e+06
1.42102e+06
-409005
241922
-5.9441e+06
-4.884e+06
-2.61638e+06
-2.68364e+06
1.4077e+06
1.08171e+06
104510
347114
-1.93935e+06
-1.53387e+06
-501394
-682989
-5.23743e+06
-4.26739e+06
-2.04455e+06
-2.2109e+06
-809732
-626218
-89538.1
-219569
1.76257e+06
1.25203e+06
-539774
106231
-6.0209e+06
-4.95167e+06
-2.67024e+06
-2.71543e+06
1.46594e+06
1.12489e+06
109124
372915
-2.05067e+06
-1.63637e+06
-551785
-723138
-5.3085e+06
-4.3267e+06
-2.09085e+06
-2.24821e+06
-871024
-683550
-137330
-247707
1.8716e+06
1.34426e+06
-508342
124729
-6.117e+06
-5.03166e+06
-2.74896e+06
-2.76459e+06
1.39045e+06
1.05385e+06
54540.6
329454
-2.23566e+06
-1.79001e+06
-622377
-806877
-5.45607e+06
-4.44935e+06
-2.16018e+06
-2.31235e+06
-1.07324e+06
-845882
-227432
-336562
1.99915e+06
1.44858e+06
-453499
186963
-6.27161e+06
-5.16717e+06
-2.85363e+06
-2.85899e+06
1.19318e+06
889195
-70000.7
220322
-2.49951e+06
-2.00098e+06
-721109
-919838
-5.6588e+06
-4.61329e+06
-2.24865e+06
-2.40137e+06
-1.32821e+06
-1.05919e+06
-342991
-450813
2.20105e+06
1.61781e+06
-364457
258008
-6.39337e+06
-5.27297e+06
-2.94625e+06
-2.93417e+06
1.15235e+06
853229
-127392
174187
-2.55586e+06
-2.04753e+06
-744551
-938407
-5.80878e+06
-4.73849e+06
-2.30866e+06
-2.49157e+06
-1.5248e+06
-1.21605e+06
-411028
-550900
2.32438e+06
1.71656e+06
-343634
333037
-6.61626e+06
-5.45842e+06
-3.06395e+06
-3.04125e+06
1.15199e+06
850248
-140409
176484
-2.62519e+06
-2.10074e+06
-762859
-963908
-5.88522e+06
-4.8004e+06
-2.34059e+06
-2.51424e+06
-1.53574e+06
-1.21896e+06
-410169
-545687
2.30466e+06
1.69138e+06
-389607
310373
-6.75649e+06
-5.57918e+06
-3.13437e+06
-3.13683e+06
1.19262e+06
879502
-135035
165838
-2.63496e+06
-2.10699e+06
-740679
-977179
-5.99038e+06
-4.88839e+06
-2.39106e+06
-2.57119e+06
-1.64397e+06
-1.31028e+06
-437924
-583908
2.33287e+06
1.70595e+06
-399518
270798
1.10705e+06
828938
-62842
210210
-119198
-73024.3
111415
41446.4
-2.66324e+06
-2.08101e+06
-469891
-811090
-2.77242e+06
-2.26271e+06
-1.09213e+06
-1.16152e+06
1.73063e+06
1.35691e+06
300255
532447
-2.35351e+06
-1.94164e+06
-1.06627e+06
-1.06679e+06
1.0532e+06
786571
-72136.2
189806
-245425
-178539
49517.3
-12274
-2.84427e+06
-2.22732e+06
-535708
-892879
-2.99158e+06
-2.44209e+06
-1.1938e+06
-1.27683e+06
1.81161e+06
1.41546e+06
312504
555258
-2.44352e+06
-2.01319e+06
-1.09047e+06
-1.07966e+06
1.07857e+06
803881
-99224.1
181256
-213659
-148541
80861.9
-4113.95
-2.80165e+06
-2.19696e+06
-525676
-878774
-3.00152e+06
-2.4541e+06
-1.20403e+06
-1.27966e+06
1.93161e+06
1.51928e+06
365110
608945
-2.7108e+06
-2.23013e+06
-1.19876e+06
-1.22772e+06
1.09738e+06
815320
-88674
176968
-234403
-164742
101153
-1972.83
-2.79998e+06
-2.18908e+06
-486833
-881600
-3.18741e+06
-2.60365e+06
-1.26285e+06
-1.36289e+06
1.97447e+06
1.54725e+06
377049
624923
-2.75059e+06
-2.26462e+06
-1.18219e+06
-1.23996e+06
1.2643e+06
950971
-36393.4
242581
-233532
-159014
135188
16010.3
-2.67077e+06
-2.0751e+06
-392751
-791033
-3.42192e+06
-2.79608e+06
-1.34443e+06
-1.43672e+06
2.02083e+06
1.58586e+06
392201
637124
-2.73707e+06
-2.25022e+06
-1.1619e+06
-1.21864e+06
1.32113e+06
1.00061e+06
-19338
270919
-391304
-287329
80683.7
-33082.7
-2.79379e+06
-2.17569e+06
-419689
-822454
-3.72096e+06
-3.04183e+06
-1.4753e+06
-1.58588e+06
2.09758e+06
1.64308e+06
387890
652025
-2.82166e+06
-2.31394e+06
-1.19727e+06
-1.22503e+06
1.35012e+06
1.01149e+06
-24921.3
281170
-446504
-333061
59739.2
-72222.5
-2.9244e+06
-2.28768e+06
-473415
-872945
-3.82651e+06
-3.13104e+06
-1.52452e+06
-1.63942e+06
2.13264e+06
1.66885e+06
388159
663978
-2.87991e+06
-2.36628e+06
-1.23103e+06
-1.29608e+06
1.25752e+06
936600
-52733.2
230959
-365223
-270007
80313.2
-46150
-3.18897e+06
-2.50004e+06
-577196
-993871
-3.87558e+06
-3.16647e+06
-1.53489e+06
-1.67327e+06
2.24729e+06
1.76009e+06
433994
706616
-2.81737e+06
-2.31165e+06
-1.17789e+06
-1.24378e+06
1.21088e+06
897576
-100290
211234
-270576
-188385
125769
2397.09
-3.30901e+06
-2.60071e+06
-625395
-1.04462e+06
-3.85093e+06
-3.14527e+06
-1.51715e+06
-1.64702e+06
2.23344e+06
1.7542e+06
438649
716357
-2.93648e+06
-2.40175e+06
-1.21151e+06
-1.30285e+06
1.09951e+06
809035
-151904
160161
-187666
-118200
171168
39630.5
-3.47164e+06
-2.725e+06
-672016
-1.10855e+06
-3.91126e+06
-3.19093e+06
-1.51713e+06
-1.66984e+06
2.18133e+06
1.71015e+06
406032
702438
-2.86928e+06
-2.3477e+06
-1.16769e+06
-1.2609e+06
1.01242e+06
731499
-213922
118063
-94104.6
-41719.3
216601
82331.3
-3.56831e+06
-2.80248e+06
-697825
-1.13216e+06
-3.99925e+06
-3.26385e+06
-1.53764e+06
-1.68692e+06
2.03525e+06
1.58726e+06
329444
631830
-2.78435e+06
-2.27728e+06
-1.12944e+06
-1.22557e+06
986943
713960
-222900
77709.6
-13494.4
21942.9
253232
119534
-3.7272e+06
-2.93031e+06
-745810
-1.20886e+06
-4.07885e+06
-3.32534e+06
-1.56127e+06
-1.73323e+06
2.0588e+06
1.60299e+06
318529
605073
-2.67554e+06
-2.18554e+06
-1.08597e+06
-1.16279e+06
1.12133e+06
821582
-186374
168963
-62211.3
-8160.01
223036
141974
-3.77295e+06
-2.97282e+06
-764992
-1.18095e+06
-4.15648e+06
-3.38803e+06
-1.62099e+06
-1.73281e+06
2.09026e+06
1.63081e+06
306036
627941
-2.64488e+06
-2.16387e+06
-1.11682e+06
-1.14177e+06
1.04174e+06
753600
-210760
101154
-251391
-168011
114489
28840.1
-4.05582e+06
-3.20578e+06
-898267
-1.34225e+06
-4.32069e+06
-3.52399e+06
-1.71261e+06
-1.84895e+06
2.14426e+06
1.6647e+06
312493
614579
-2.81007e+06
-2.30455e+06
-1.20519e+06
-1.22557e+06
1.15656e+06
843901
-201398
157336
-227906
-156768
102635
28854.2
-4.16129e+06
-3.30057e+06
-960928
-1.377e+06
-4.31102e+06
-3.52378e+06
-1.73003e+06
-1.83258e+06
2.27102e+06
1.77092e+06
343264
685162
-2.92104e+06
-2.40077e+06
-1.29062e+06
-1.3077e+06
1.22009e+06
896860
-157051
150016
-327702
-234426
78876.3
-29674.4
-4.35269e+06
-3.45142e+06
-1.00403e+06
-1.48968e+06
-4.43095e+06
-3.62239e+06
-1.76468e+06
-1.91542e+06
2.28077e+06
1.77138e+06
343436
661124
-2.96487e+06
-2.44111e+06
-1.30426e+06
-1.35112e+06
1.5006e+06
1.12516e+06
-59691.1
283910
-315296
-220733
90823.6
-4586.29
-4.37927e+06
-3.46643e+06
-980476
-1.45338e+06
-4.4907e+06
-3.67124e+06
-1.78665e+06
-1.91027e+06
2.37101e+06
1.8449e+06
365789
700020
-2.96088e+06
-2.43784e+06
-1.31878e+06
-1.33717e+06
1.72419e+06
1.31235e+06
37997.1
363217
-376342
-278230
58415.5
-51453.3
-4.58763e+06
-3.63503e+06
-1.04757e+06
-1.5514e+06
-4.61882e+06
-3.77719e+06
-1.85697e+06
-1.99713e+06
2.56157e+06
1.99647e+06
417719
748488
-2.9734e+06
-2.45025e+06
-1.35764e+06
-1.35602e+06
1.92556e+06
1.47638e+06
130159
486477
-368714
-268070
78635.9
-40348.9
-4.54816e+06
-3.58979e+06
-999078
-1.51437e+06
-4.57926e+06
-3.74206e+06
-1.83401e+06
-1.9696e+06
2.61554e+06
2.05068e+06
465118
799100
-2.96132e+06
-2.44407e+06
-1.36973e+06
-1.38095e+06
1.83827e+06
1.39813e+06
114913
451155
-454769
-351667
26561.8
-78094.3
-4.59582e+06
-3.63394e+06
-1.02688e+06
-1.53555e+06
-4.55892e+06
-3.7314e+06
-1.82707e+06
-1.97454e+06
2.59287e+06
2.02453e+06
464515
797864
-2.99405e+06
-2.476e+06
-1.37555e+06
-1.37688e+06
1.84019e+06
1.40702e+06
98847.9
448598
-396500
-291738
66264.4
-58965.6
-4.46551e+06
-3.52606e+06
-975826
-1.48943e+06
-4.37061e+06
-3.56912e+06
-1.73473e+06
-1.8795e+06
2.6423e+06
2.08127e+06
524540
834766
-3.11209e+06
-2.56606e+06
-1.42503e+06
-1.45373e+06
1.7419e+06
1.32833e+06
62607.2
408322
-467256
-348920
46075.1
-78990.9
-4.42016e+06
-3.48477e+06
-940142
-1.46721e+06
-4.34957e+06
-3.55242e+06
-1.71074e+06
-1.86636e+06
2.52991e+06
1.9884e+06
474599
804774
-3.13884e+06
-2.59047e+06
-1.43885e+06
-1.45896e+06
1.67207e+06
1.2735e+06
43337.2
381717
-572844
-429751
38220.5
-116784
-4.27887e+06
-3.36198e+06
-847446
-1.3888e+06
-4.41066e+06
-3.60132e+06
-1.71751e+06
-1.87638e+06
2.32231e+06
1.82316e+06
408063
711079
-3.18875e+06
-2.63058e+06
-1.45721e+06
-1.48561e+06
1.67098e+06
1.27051e+06
63116.4
383307
-637754
-492992
20780.5
-130205
-4.27453e+06
-3.36618e+06
-838172
-1.37365e+06
-4.40248e+06
-3.59827e+06
-1.71229e+06
-1.88412e+06
2.34808e+06
1.83601e+06
401837
714290
-3.11655e+06
-2.57662e+06
-1.44128e+06
-1.44435e+06
1.58578e+06
1.20727e+06
31570.9
372140
-790336
-600679
-28742.5
-174937
-4.25881e+06
-3.34792e+06
-811231
-1.34365e+06
-4.43623e+06
-3.62081e+06
-1.72355e+06
-1.87447e+06
2.23619e+06
1.75158e+06
360630
688050
-3.18395e+06
-2.63324e+06
-1.47364e+06
-1.47423e+06
1.48713e+06
1.12601e+06
-16164.5
311539
-809510
-617856
-59821.2
-199903
-4.26337e+06
-3.35213e+06
-809941
-1.36354e+06
-4.34286e+06
-3.54424e+06
-1.70136e+06
-1.86581e+06
2.33859e+06
1.82964e+06
384731
703380
-3.22495e+06
-2.66486e+06
-1.46488e+06
-1.48786e+06
1.46083e+06
1.09735e+06
-59821.2
288467
-775642
-594057
-41507.2
-186440
-4.18309e+06
-3.28513e+06
-759397
-1.29876e+06
-4.19973e+06
-3.42622e+06
-1.62837e+06
-1.77177e+06
2.39769e+06
1.88312e+06
432984
755480
-3.40147e+06
-2.80739e+06
-1.5429e+06
-1.56439e+06
1.42244e+06
1.0619e+06
-92995.9
252311
-796991
-610343
-45803.5
-191163
-4.13272e+06
-3.24262e+06
-697175
-1.28994e+06
-4.16761e+06
-3.40599e+06
-1.60218e+06
-1.77425e+06
2.37631e+06
1.856e+06
416245
734004
-3.47073e+06
-2.86952e+06
-1.54802e+06
-1.60239e+06
1.40965e+06
1.0465e+06
-127709
243444
-922101
-712161
-93029.8
-233089
-4.02403e+06
-3.14666e+06
-598666
-1.19539e+06
-4.22276e+06
-3.45232e+06
-1.61262e+06
-1.77427e+06
2.27314e+06
1.77127e+06
369192
693272
-3.55412e+06
-2.93632e+06
-1.56408e+06
-1.61406e+06
1.44379e+06
1.07398e+06
-129978
229803
-1.01185e+06
-791657
-144323
-299549
-4.0486e+06
-3.16128e+06
-585209
-1.20017e+06
-4.26275e+06
-3.48182e+06
-1.64366e+06
-1.81628e+06
2.37445e+06
1.85147e+06
375720
697503
-3.57563e+06
-2.94837e+06
-1.56813e+06
-1.62426e+06
1.50809e+06
1.11967e+06
-135787
261260
-948411
-735122
-144770
-278157
-4.08801e+06
-3.17946e+06
-606371
-1.18196e+06
-4.28909e+06
-3.49598e+06
-1.66376e+06
-1.80409e+06
2.36165e+06
1.8444e+06
362884
695659
-3.58885e+06
-2.9517e+06
-1.60609e+06
-1.62098e+06
1.50865e+06
1.12395e+06
-147036
233248
-799763
-612841
-97668.4
-229854
-4.15871e+06
-3.23679e+06
-654055
-1.23009e+06
-4.30146e+06
-3.50515e+06
-1.67369e+06
-1.82513e+06
2.44967e+06
1.91303e+06
383458
718846
-3.6418e+06
-2.99207e+06
-1.6294e+06
-1.6392e+06
1.48804e+06
1.09678e+06
-184727
237318
-640461
-486357
-24038.8
-147620
-4.21664e+06
-3.2936e+06
-684851
-1.24302e+06
-4.27866e+06
-3.48997e+06
-1.65641e+06
-1.79326e+06
2.4857e+06
1.94547e+06
417937
761117
-3.82181e+06
-3.14362e+06
-1.6974e+06
-1.72526e+06
1.44914e+06
1.06443e+06
-218315
191149
-516400
-383187
34840.6
-97992.3
-4.30888e+06
-3.37192e+06
-725886
-1.29796e+06
-4.32734e+06
-3.53274e+06
-1.67092e+06
-1.82265e+06
2.53913e+06
1.98058e+06
423554
769452
-3.85753e+06
-3.17456e+06
-1.70069e+06
-1.74405e+06
1.54336e+06
1.1376e+06
-216126
225670
-355859
-249957
101269
-25556.3
-4.35177e+06
-3.4048e+06
-747744
-1.29972e+06
-4.4002e+06
-3.59261e+06
-1.7059e+06
-1.83856e+06
2.59841e+06
2.03131e+06
430424
783716
-3.89455e+06
-3.20207e+06
-1.72399e+06
-1.7493e+06
1.66332e+06
1.23977e+06
-175244
250948
-168283
-97959.7
186354
51419.4
-4.44278e+06
-3.47884e+06
-788044
-1.36766e+06
-4.42319e+06
-3.60999e+06
-1.72042e+06
-1.8809e+06
2.78069e+06
2.17748e+06
474774
840174
-3.89864e+06
-3.20253e+06
-1.73895e+06
-1.75642e+06
2.07093e+06
1.69373e+06
819001
868712
-3.94862e+06
-3.30002e+06
-2.05218e+06
-1.95411e+06
4.30832e+06
3.4731e+06
1.42183e+06
1.65663e+06
2.63473e+06
2.06938e+06
522724
828913
4.38995e+06
3.67228e+06
2.27479e+06
2.15206e+06
-643982
-495238
-15381
-163016
2.26379e+06
1.8479e+06
898420
957536
-4.07655e+06
-3.40956e+06
-2.1301e+06
-2.01582e+06
4.41367e+06
3.55648e+06
1.45046e+06
1.72031e+06
2.65912e+06
2.09015e+06
515141
842826
4.46994e+06
3.73529e+06
2.29118e+06
2.20151e+06
-745534
-576309
-59937.2
-191909
2.47193e+06
2.02514e+06
986797
1.06083e+06
-4.21471e+06
-3.52421e+06
-2.18317e+06
-2.10071e+06
4.48383e+06
3.61121e+06
1.46254e+06
1.74054e+06
2.66656e+06
2.09254e+06
501398
843151
4.5417e+06
3.78479e+06
2.28677e+06
2.22118e+06
-740406
-572434
-49539.9
-190413
2.67629e+06
2.17991e+06
1.06474e+06
1.13974e+06
-4.36053e+06
-3.64247e+06
-2.2121e+06
-2.15067e+06
4.64861e+06
3.73998e+06
1.54414e+06
1.8038e+06
2.65422e+06
2.07909e+06
491883
835124
4.46479e+06
3.72189e+06
2.24469e+06
2.18543e+06
-702590
-543270
-24567.7
-175577
2.85615e+06
2.33766e+06
1.14565e+06
1.21451e+06
-4.44978e+06
-3.71553e+06
-2.22807e+06
-2.16597e+06
4.90869e+06
3.96125e+06
1.67132e+06
1.93093e+06
2.70239e+06
2.12578e+06
536304
855019
4.42991e+06
3.69754e+06
2.25858e+06
2.16421e+06
-622667
-473250
31471.9
-134308
3.12064e+06
2.55868e+06
1.22638e+06
1.32988e+06
-4.52884e+06
-3.77114e+06
-2.25062e+06
-2.19599e+06
5.04954e+06
4.08334e+06
1.70533e+06
1.99644e+06
2.84188e+06
2.24108e+06
570259
911916
4.47308e+06
3.72957e+06
2.25137e+06
2.18043e+06
-585722
-436576
32368.5
-108583
3.20436e+06
2.61757e+06
1.26904e+06
1.37309e+06
-4.58668e+06
-3.81646e+06
-2.28165e+06
-2.21066e+06
5.12047e+06
4.13787e+06
1.70916e+06
2.03314e+06
2.92268e+06
2.29877e+06
591133
936076
4.64451e+06
3.8681e+06
2.31861e+06
2.24831e+06
-638973
-482360
15570.5
-121580
3.30968e+06
2.70069e+06
1.30646e+06
1.41889e+06
-4.4299e+06
-3.69155e+06
-2.24271e+06
-2.16448e+06
5.26565e+06
4.24979e+06
1.71179e+06
2.06757e+06
3.14818e+06
2.48389e+06
650671
1.0212e+06
4.91682e+06
4.09333e+06
2.41163e+06
2.3647e+06
-599437
-449830
3394.11
-119425
3.23234e+06
2.64117e+06
1.28487e+06
1.39127e+06
-4.50328e+06
-3.75273e+06
-2.25241e+06
-2.20367e+06
5.22495e+06
4.20684e+06
1.66325e+06
2.02365e+06
3.07073e+06
2.4137e+06
603400
973364
5.08138e+06
4.22411e+06
2.48103e+06
2.43419e+06
-686994
-525369
-19120.2
-163718
3.25848e+06
2.66363e+06
1.27644e+06
1.3967e+06
-4.4851e+06
-3.73238e+06
-2.22783e+06
-2.18988e+06
5.27369e+06
4.25034e+06
1.64795e+06
2.02918e+06
3.05313e+06
2.40346e+06
579140
967526
5.15488e+06
4.2899e+06
2.49398e+06
2.47019e+06
-654173
-491366
-7880
-149502
3.19744e+06
2.61311e+06
1.23875e+06
1.37186e+06
-4.48977e+06
-3.74009e+06
-2.22648e+06
-2.16373e+06
5.29117e+06
4.25593e+06
1.62835e+06
2.04024e+06
3.00184e+06
2.36173e+06
564186
951158
5.14024e+06
4.27544e+06
2.49419e+06
2.47101e+06
-686900
-523457
-16000.4
-149304
3.30136e+06
2.68988e+06
1.27155e+06
1.38944e+06
-4.40939e+06
-3.67324e+06
-2.17939e+06
-2.13333e+06
5.43282e+06
4.35933e+06
1.64547e+06
2.05196e+06
3.26486e+06
2.56575e+06
658958
1.03475e+06
5.3263e+06
4.41497e+06
2.56381e+06
2.51669e+06
-613585
-467392
-1417.04
-133654
3.40715e+06
2.77679e+06
1.33472e+06
1.43054e+06
-4.49449e+06
-3.7345e+06
-2.22707e+06
-2.14959e+06
5.56237e+06
4.46222e+06
1.71347e+06
2.09262e+06
3.43272e+06
2.69842e+06
714868
1.10399e+06
5.60426e+06
4.64342e+06
2.7088e+06
2.61963e+06
-618662
-465958
25003.3
-140154
3.42324e+06
2.79815e+06
1.38189e+06
1.46979e+06
-4.60068e+06
-3.82079e+06
-2.27618e+06
-2.211e+06
5.5429e+06
4.4566e+06
1.73081e+06
2.12734e+06
3.48683e+06
2.75091e+06
736336
1.14225e+06
5.79197e+06
4.8121e+06
2.83142e+06
2.76115e+06
-758499
-571204
-4856.41
-165698
3.44809e+06
2.82406e+06
1.38871e+06
1.51358e+06
-4.62593e+06
-3.84571e+06
-2.31864e+06
-2.2339e+06
5.54875e+06
4.4567e+06
1.70943e+06
2.1332e+06
3.52869e+06
2.77558e+06
705599
1.16072e+06
5.9523e+06
4.9438e+06
2.90613e+06
2.85402e+06
-787120
-596778
-23549.5
-165822
3.43541e+06
2.80701e+06
1.3843e+06
1.4946e+06
-4.69992e+06
-3.91204e+06
-2.37495e+06
-2.28317e+06
5.55295e+06
4.45916e+06
1.71103e+06
2.11743e+06
3.45282e+06
2.71128e+06
649735
1.10374e+06
5.91139e+06
4.91105e+06
2.91603e+06
2.84638e+06
-910154
-700118
-75301.2
-217336
3.47343e+06
2.84728e+06
1.40911e+06
1.50297e+06
-4.74186e+06
-3.94963e+06
-2.41013e+06
-2.31626e+06
5.64507e+06
4.53624e+06
1.75344e+06
2.15627e+06
3.45715e+06
2.71615e+06
636761
1.09287e+06
5.92997e+06
4.93609e+06
2.95153e+06
2.86297e+06
-982041
-750537
-83390.5
-267651
3.54267e+06
2.90735e+06
1.43245e+06
1.54795e+06
-4.81617e+06
-4.00835e+06
-2.43413e+06
-2.33776e+06
5.67307e+06
4.562e+06
1.76198e+06
2.17741e+06
3.57736e+06
2.80751e+06
667178
1.13044e+06
6.04977e+06
5.02964e+06
3.03291e+06
2.9216e+06
-999934
-766060
-75405.9
-259576
3.52826e+06
2.88864e+06
1.4389e+06
1.52228e+06
-5.01036e+06
-4.17422e+06
-2.5403e+06
-2.42947e+06
5.73828e+06
4.61144e+06
1.80443e+06
2.18003e+06
3.59621e+06
2.81864e+06
657157
1.11999e+06
6.25448e+06
5.20254e+06
3.14875e+06
3.00153e+06
-1.06383e+06
-819373
-88484.5
-283380
3.52407e+06
2.88875e+06
1.45524e+06
1.54066e+06
-5.16266e+06
-4.29985e+06
-2.61865e+06
-2.51219e+06
5.80694e+06
4.67457e+06
1.84792e+06
2.2411e+06
3.64613e+06
2.86248e+06
667596
1.13693e+06
6.49266e+06
5.40928e+06
3.26236e+06
3.14428e+06
-1.05929e+06
-810463
-81133.4
-278365
3.41388e+06
2.80166e+06
1.4009e+06
1.50711e+06
-5.3713e+06
-4.47634e+06
-2.72432e+06
-2.62279e+06
5.80142e+06
4.66547e+06
1.84605e+06
2.24011e+06
3.58131e+06
2.80119e+06
608830
1.10912e+06
6.62214e+06
5.51026e+06
3.31478e+06
3.20793e+06
-1.08586e+06
-834089
-85981.4
-282636
3.46403e+06
2.83855e+06
1.417e+06
1.51982e+06
-5.46835e+06
-4.55104e+06
-2.77788e+06
-2.66775e+06
6.00136e+06
4.83305e+06
1.93933e+06
2.31924e+06
3.62968e+06
2.84113e+06
608598
1.1127e+06
6.76925e+06
5.63498e+06
3.38135e+06
3.27246e+06
-922701
-700944
-17284.5
-215583
3.4875e+06
2.85784e+06
1.43221e+06
1.51099e+06
-5.59515e+06
-4.66676e+06
-2.84109e+06
-2.73513e+06
6.22252e+06
5.00985e+06
2.04474e+06
2.41521e+06
3.68269e+06
2.88106e+06
629551
1.12065e+06
6.84009e+06
5.69352e+06
3.43817e+06
3.30317e+06
-794072
-597480
47659
-172709
3.45506e+06
2.8406e+06
1.384e+06
1.5192e+06
-5.80109e+06
-4.82906e+06
-2.9359e+06
-2.81124e+06
6.25357e+06
5.04567e+06
2.0382e+06
2.45685e+06
3.7025e+06
2.89991e+06
596247
1.13705e+06
6.95118e+06
5.78417e+06
3.46749e+06
3.36378e+06
-782131
-577494
37504.9
-133966
3.43e+06
2.80756e+06
1.38594e+06
1.47949e+06
-5.8504e+06
-4.87792e+06
-2.97862e+06
-2.86292e+06
6.32302e+06
5.09915e+06
2.06148e+06
2.46035e+06
3.78218e+06
2.96024e+06
620435
1.13287e+06
7.14367e+06
5.94562e+06
3.55606e+06
3.4375e+06
-775863
-577375
41603.3
-143430
3.37227e+06
2.75662e+06
1.37559e+06
1.4663e+06
-5.8307e+06
-4.86706e+06
-2.99692e+06
-2.868e+06
6.29916e+06
5.07217e+06
2.03711e+06
2.4554e+06
3.8715e+06
3.0295e+06
648078
1.17156e+06
7.25069e+06
6.03365e+06
3.61387e+06
3.50111e+06
-761011
-572287
30179.3
-145364
3.25765e+06
2.66983e+06
1.34055e+06
1.44278e+06
-5.81804e+06
-4.85653e+06
-3.01345e+06
-2.88309e+06
6.31728e+06
5.0851e+06
2.01746e+06
2.45952e+06
3.90787e+06
3.05947e+06
660927
1.19526e+06
7.42103e+06
6.17351e+06
3.69007e+06
3.59425e+06
-707497
-527864
51222.8
-115125
3.16594e+06
2.58843e+06
1.29977e+06
1.39724e+06
-5.84638e+06
-4.88755e+06
-3.02437e+06
-2.89966e+06
6.35322e+06
5.10523e+06
2.01267e+06
2.46404e+06
3.89877e+06
3.04948e+06
663416
1.19743e+06
7.3786e+06
6.13506e+06
3.66476e+06
3.58394e+06
-682816
-514904
53332.8
-111364
3.0556e+06
2.50575e+06
1.26239e+06
1.33647e+06
-5.8663e+06
-4.90355e+06
-3.04165e+06
-2.90815e+06
6.47129e+06
5.20878e+06
2.05641e+06
2.49351e+06
3.93912e+06
3.09068e+06
704242
1.21056e+06
7.33424e+06
6.10929e+06
3.67055e+06
3.54851e+06
-664697
-494613
60717.8
-117586
3.00793e+06
2.46924e+06
1.23244e+06
1.32226e+06
-5.82941e+06
-4.86799e+06
-3.03832e+06
-2.89769e+06
6.50506e+06
5.23623e+06
2.04077e+06
2.49957e+06
4.05753e+06
3.18742e+06
737860
1.26559e+06
7.42033e+06
6.17593e+06
3.70881e+06
3.58814e+06
-592080
-434432
63345.5
-90806.7
3.00601e+06
2.45768e+06
1.23526e+06
1.31036e+06
-5.96873e+06
-4.98375e+06
-3.11034e+06
-2.94449e+06
6.57353e+06
5.28487e+06
2.0771e+06
2.5172e+06
4.12175e+06
3.22618e+06
768789
1.28205e+06
7.52102e+06
6.2595e+06
3.78567e+06
3.63953e+06
-648977
-487587
61770
-115507
2.95923e+06
2.42156e+06
1.20608e+06
1.286e+06
-6.06336e+06
-5.06495e+06
-3.17694e+06
-3.01424e+06
6.57592e+06
5.2975e+06
2.08328e+06
2.54291e+06
4.11301e+06
3.23021e+06
763933
1.29212e+06
7.50412e+06
6.25981e+06
3.7987e+06
3.67348e+06
-798906
-598422
9135.82
-160027
3.00176e+06
2.45589e+06
1.21454e+06
1.30828e+06
-6.18175e+06
-5.16493e+06
-3.23223e+06
-3.09293e+06
6.58225e+06
5.29404e+06
2.07595e+06
2.5305e+06
4.08965e+06
3.20183e+06
743268
1.27997e+06
7.46691e+06
6.22223e+06
3.78529e+06
3.66408e+06
-903688
-688482
-24675.2
-203358
3.07316e+06
2.51192e+06
1.23293e+06
1.32741e+06
-6.23232e+06
-5.20276e+06
-3.25281e+06
-3.11162e+06
6.66991e+06
5.37552e+06
2.12857e+06
2.57655e+06
4.07327e+06
3.19669e+06
732755
1.28034e+06
7.32129e+06
6.11409e+06
3.73197e+06
3.60877e+06
-953978
-721933
-36045.5
-220776
3.11618e+06
2.54813e+06
1.25191e+06
1.34937e+06
-6.31042e+06
-5.27537e+06
-3.29525e+06
-3.13023e+06
6.8504e+06
5.51896e+06
2.21873e+06
2.6688e+06
4.11025e+06
3.22726e+06
762436
1.29548e+06
7.17011e+06
5.99073e+06
3.6969e+06
3.55861e+06
-996347
-760626
-39960
-234717
3.16951e+06
2.58858e+06
1.22629e+06
1.35003e+06
-6.40059e+06
-5.34912e+06
-3.33742e+06
-3.17434e+06
6.94445e+06
5.59445e+06
2.25307e+06
2.70333e+06
4.22762e+06
3.31294e+06
796318
1.32281e+06
7.11386e+06
5.93141e+06
3.68963e+06
3.50845e+06
-1.05639e+06
-811385
-67746.5
-260529
-1.09619e+06
-914507
-592018
-533403
1.25531e+06
1.13961e+06
1.25473e+06
943183
-2.01309e+06
-1.69343e+06
-1.11951e+06
-1.02381e+06
4.79378e+06
3.88197e+06
1.67701e+06
1.94376e+06
600889
542352
653068
460814
-120542
-107958
-127042
-93765.2
-1.1698e+06
-974942
-633890
-584154
1.28436e+06
1.16539e+06
1.26321e+06
945666
-2.00594e+06
-1.68575e+06
-1.12863e+06
-1.03583e+06
4.93492e+06
4.00299e+06
1.73594e+06
1.98508e+06
651207
595725
681217
499606
-88470.4
-76135.6
-121257
-83696
-1.24086e+06
-1.0409e+06
-693737
-625946
1.25871e+06
1.13892e+06
1.2555e+06
938884
-2.07364e+06
-1.74834e+06
-1.17467e+06
-1.07504e+06
5.0185e+06
4.06016e+06
1.74492e+06
2.02406e+06
649188
587327
683321
501066
-145053
-136322
-167516
-117224
-1.37945e+06
-1.15995e+06
-765101
-700566
1.18997e+06
1.0865e+06
1.24415e+06
917405
-2.19221e+06
-1.84939e+06
-1.23484e+06
-1.13451e+06
4.95463e+06
4.00594e+06
1.69917e+06
1.98866e+06
552642
505017
643203
460919
-307809
-270647
-241542
-197045
-1.56658e+06
-1.31052e+06
-841335
-787297
1.07504e+06
1.00068e+06
1.22898e+06
880038
-2.35411e+06
-1.98187e+06
-1.30284e+06
-1.20352e+06
4.94244e+06
4.00304e+06
1.69509e+06
1.98053e+06
336553
337269
569681
375006
-550528
-461215
-319332
-295019
-1.63982e+06
-1.37456e+06
-852494
-803654
1.10001e+06
1.01546e+06
1.24937e+06
909782
-2.33446e+06
-1.96542e+06
-1.26927e+06
-1.18423e+06
4.96132e+06
4.0053e+06
1.69659e+06
1.99613e+06
368257
360940
602872
409665
-614001
-524249
-333240
-307654
-1.636e+06
-1.37097e+06
-863700
-804502
1.24002e+06
1.13295e+06
1.32553e+06
972915
-2.37586e+06
-1.9974e+06
-1.31394e+06
-1.2048e+06
5.04524e+06
4.07161e+06
1.71213e+06
2.00619e+06
439779
416926
636788
422153
-581757
-494565
-323193
-305080
-1.6899e+06
-1.41292e+06
-897398
-828714
1.34167e+06
1.22155e+06
1.36623e+06
1.02735e+06
-2.42552e+06
-2.03798e+06
-1.35602e+06
-1.23877e+06
5.21493e+06
4.21935e+06
1.79096e+06
2.07925e+06
430536
418292
627035
436193
-556284
-467680
-321841
-276781
-1.65516e+06
-1.38799e+06
-894513
-838950
1.46149e+06
1.31597e+06
1.43778e+06
1.07679e+06
-2.45657e+06
-2.06723e+06
-1.40189e+06
-1.27806e+06
5.48094e+06
4.4326e+06
1.89069e+06
2.18391e+06
524106
492496
662900
460384
-483005
-413788
-286489
-274111
-1.59332e+06
-1.34057e+06
-872539
-810122
1.59147e+06
1.4286e+06
1.53393e+06
1.15511e+06
-2.49786e+06
-2.11041e+06
-1.44615e+06
-1.31051e+06
5.68407e+06
4.59781e+06
1.96138e+06
2.27733e+06
589016
541487
689337
493333
-409517
-350103
-238985
-223132
-1.61881e+06
-1.36039e+06
-905258
-815440
1.76377e+06
1.58147e+06
1.63533e+06
1.25253e+06
-2.54794e+06
-2.15265e+06
-1.50858e+06
-1.34714e+06
5.9456e+06
4.81934e+06
2.0542e+06
2.3891e+06
579583
538964
669219
493672
-381835
-314739
-198448
-195540
-1.65289e+06
-1.38999e+06
-924358
-859444
1.91961e+06
1.69938e+06
1.67442e+06
1.30501e+06
-2.52191e+06
-2.13563e+06
-1.52007e+06
-1.35921e+06
6.0271e+06
4.87455e+06
2.06934e+06
2.40762e+06
667066
603438
662775
501569
-273003
-239189
-170956
-168325
-1.6489e+06
-1.38488e+06
-897505
-843280
1.92277e+06
1.71234e+06
1.72296e+06
1.35205e+06
-2.60999e+06
-2.21202e+06
-1.56363e+06
-1.38938e+06
6.14752e+06
4.97429e+06
2.14316e+06
2.48933e+06
681299
617255
705705
517106
-254151
-215877
-135021
-135077
-1.69361e+06
-1.41232e+06
-884641
-851842
1.84565e+06
1.65556e+06
1.71138e+06
1.32413e+06
-2.75426e+06
-2.32751e+06
-1.61769e+06
-1.45771e+06
6.16947e+06
4.99656e+06
2.16921e+06
2.48728e+06
635871
590141
717061
516280
-289119
-235749
-147180
-140055
-1.59168e+06
-1.32757e+06
-814969
-793848
1.78138e+06
1.60579e+06
1.72204e+06
1.31375e+06
-2.80694e+06
-2.36871e+06
-1.64864e+06
-1.48905e+06
6.365e+06
5.15601e+06
2.24833e+06
2.58426e+06
651340
608167
751602
544211
-230469
-197201
-117258
-122590
-1.47763e+06
-1.23038e+06
-741727
-742987
1.71735e+06
1.5555e+06
1.75374e+06
1.30275e+06
-2.83917e+06
-2.40219e+06
-1.66829e+06
-1.51342e+06
6.45451e+06
5.22897e+06
2.29544e+06
2.62437e+06
655405
608190
774108
542381
-174423
-148676
-66601
-101275
-1.48374e+06
-1.23278e+06
-731785
-717341
1.64714e+06
1.51207e+06
1.7903e+06
1.30608e+06
-2.94379e+06
-2.48942e+06
-1.72059e+06
-1.55878e+06
6.58954e+06
5.34692e+06
2.36262e+06
2.69683e+06
577490
549576
763965
526601
-180821
-146648
-32147.9
-78265.4
-1.42811e+06
-1.18446e+06
-681227
-692030
1.83256e+06
1.66257e+06
1.8793e+06
1.40839e+06
-2.95293e+06
-2.49196e+06
-1.7138e+06
-1.55652e+06
6.67902e+06
5.40696e+06
2.37755e+06
2.72444e+06
813236
747962
875165
650953
-1077.63
-6250.82
43693.5
2944.39
-1.38847e+06
-1.15212e+06
-678497
-654782
1.91712e+06
1.74542e+06
1.94444e+06
1.44977e+06
-3.04373e+06
-2.56673e+06
-1.7638e+06
-1.6063e+06
6.7495e+06
5.46651e+06
2.40612e+06
2.73301e+06
870806
792928
918112
669527
163118
140963
93241.9
89163.3
-1.43867e+06
-1.19657e+06
-720785
-693255
1.99578e+06
1.80824e+06
1.9723e+06
1.4907e+06
-3.06559e+06
-2.58673e+06
-1.78332e+06
-1.6278e+06
6.88714e+06
5.58346e+06
2.46808e+06
2.79021e+06
912786
831197
930545
693156
242410
200991
81769.8
111446
-1.33649e+06
-1.1186e+06
-694803
-661763
2.06466e+06
1.86649e+06
2.02993e+06
1.53246e+06
-3.04815e+06
-2.57336e+06
-1.79135e+06
-1.62395e+06
7.12096e+06
5.77029e+06
2.57313e+06
2.90101e+06
967077
877088
966466
732847
371217
294354
116661
146541
-1.29136e+06
-1.07932e+06
-689588
-639811
2.1118e+06
1.91147e+06
2.07991e+06
1.57371e+06
-3.04925e+06
-2.57522e+06
-1.81732e+06
-1.63556e+06
7.25692e+06
5.88953e+06
2.62105e+06
2.97332e+06
928614
848083
942838
723575
417383
336956
118556
172268
-1.37225e+06
-1.15008e+06
-754421
-693246
2.16283e+06
1.96185e+06
2.12702e+06
1.60487e+06
-3.10764e+06
-2.63179e+06
-1.88497e+06
-1.68076e+06
7.37188e+06
5.98429e+06
2.64448e+06
3.01512e+06
840310
774176
880191
670720
406431
328239
101088
146691
-1.41475e+06
-1.1899e+06
-766625
-711051
2.31736e+06
2.08387e+06
2.19301e+06
1.673e+06
-3.12344e+06
-2.64154e+06
-1.88241e+06
-1.68516e+06
7.38874e+06
5.9902e+06
2.65528e+06
3.01798e+06
870936
798203
888750
695104
448176
347967
104406
150362
-1.50799e+06
-1.26111e+06
-823030
-752035
2.39053e+06
2.14635e+06
2.21005e+06
1.72056e+06
-3.11668e+06
-2.64542e+06
-1.88993e+06
-1.68232e+06
7.41344e+06
6.00819e+06
2.63206e+06
3.03168e+06
865661
785227
882377
658762
473244
386666
88563.7
185067
-1.64767e+06
-1.381e+06
-892335
-821114
2.27556e+06
2.04376e+06
2.13381e+06
1.66972e+06
-3.16346e+06
-2.68688e+06
-1.91062e+06
-1.70923e+06
7.39564e+06
5.99039e+06
2.62374e+06
3.00472e+06
823767
751181
871813
647895
324525
254264
6796.71
109548
-1.72674e+06
-1.44629e+06
-934971
-874882
2.17051e+06
1.96023e+06
2.08945e+06
1.59986e+06
-3.18471e+06
-2.69598e+06
-1.89552e+06
-1.72627e+06
7.44994e+06
6.03508e+06
2.64907e+06
3.02045e+06
798565
737304
899535
640552
171892
130990
-54387.8
26833.3
-1.76564e+06
-1.4762e+06
-953234
-888662
2.09634e+06
1.90075e+06
2.07143e+06
1.5868e+06
-3.13443e+06
-2.64854e+06
-1.86012e+06
-1.68483e+06
7.53501e+06
6.11315e+06
2.67791e+06
3.07032e+06
818322
763858
928724
677053
81515.3
63379.4
-77795.9
-4321.84
-1.93249e+06
-1.61884e+06
-1.02716e+06
-942942
2.01093e+06
1.83146e+06
2.0483e+06
1.56008e+06
-3.19947e+06
-2.70896e+06
-1.87473e+06
-1.68394e+06
7.57714e+06
6.14227e+06
2.68654e+06
3.10507e+06
697774
659418
900295
659633
-57790.4
-52504.1
-112354
-36560.2
-2.10927e+06
-1.75886e+06
-1.07629e+06
-1.04437e+06
1.90586e+06
1.74456e+06
1.9876e+06
1.47903e+06
-3.21918e+06
-2.71542e+06
-1.85169e+06
-1.71351e+06
7.43813e+06
6.02292e+06
2.62965e+06
3.00366e+06
626487
608269
880349
595631
-210033
-184733
-199806
-152707
-1.94696e+06
-1.62747e+06
-1.02629e+06
-980877
2.0741e+06
1.88867e+06
2.0643e+06
1.5684e+06
-3.13074e+06
-2.6428e+06
-1.81572e+06
-1.65484e+06
7.62379e+06
6.17684e+06
2.68922e+06
3.09279e+06
805682
766771
955396
694428
-77812.9
-69734.9
-157201
-90735.9
-1.90022e+06
-1.59289e+06
-1.00336e+06
-953965
2.1425e+06
1.93663e+06
2.08027e+06
1.595e+06
-3.16478e+06
-2.67597e+06
-1.82442e+06
-1.66768e+06
7.65372e+06
6.19659e+06
2.70879e+06
3.09352e+06
849602
795587
990794
709750
-20656
-31616.2
-142751
-70133.7
-1.81941e+06
-1.53023e+06
-959906
-925064
2.1391e+06
1.93324e+06
2.08872e+06
1.60236e+06
-3.18003e+06
-2.68336e+06
-1.81807e+06
-1.67754e+06
7.79371e+06
6.31272e+06
2.76183e+06
3.15736e+06
896522
842508
1.03172e+06
762110
-30945.8
-44547.7
-140825
-67831.3
-1.71062e+06
-1.43186e+06
-907702
-861345
2.09652e+06
1.90498e+06
2.09732e+06
1.60325e+06
-3.16047e+06
-2.66261e+06
-1.80258e+06
-1.6526e+06
7.88115e+06
6.38795e+06
2.79442e+06
3.20381e+06
923367
873567
1.04867e+06
781702
-54416.1
-53844.8
-142691
-68510.2
-1.69943e+06
-1.4226e+06
-911486
-855097
2.13161e+06
1.94179e+06
2.13827e+06
1.61421e+06
-3.19863e+06
-2.69542e+06
-1.81897e+06
-1.67231e+06
8.04275e+06
6.52394e+06
2.85018e+06
3.26682e+06
930599
875767
1.05354e+06
781912
-54093.7
-51681
-127692
-78952.7
-1.64225e+06
-1.37998e+06
-893161
-852011
2.23975e+06
2.01985e+06
2.14471e+06
1.65312e+06
-3.14392e+06
-2.64775e+06
-1.8006e+06
-1.65283e+06
8.04946e+06
6.5163e+06
2.81645e+06
3.24802e+06
1.09129e+06
1.00481e+06
1.08141e+06
837063
78599.2
45469.8
-109075
-35703.2
-1.41436e+06
-1.12021e+06
-303907
-481267
297131
248357
153435
144057
-30790.3
-78573.7
-368332
-194559
1.21746e+06
912978
-36895.4
246271
1.02844e+06
798239
181664
323357
-568279
-394099
236106
-1831.41
-1.42903e+06
-1.12924e+06
-300024
-466675
386206
320553
189930
176146
-124233
-154565
-407463
-244656
1.23482e+06
920892
-64302.9
243960
1.07225e+06
834703
175756
325589
-478148
-319196
272567
43242.4
-1.4713e+06
-1.16582e+06
-299314
-494196
426576
363556
206239
206984
-222238
-238663
-446119
-293308
1.12929e+06
833211
-157123
187406
1.11333e+06
870907
159950
336634
-319969
-188421
345823
103035
-1.39659e+06
-1.09515e+06
-231941
-456685
415792
353082
188884
199342
-258142
-267284
-464442
-306367
1.05222e+06
771237
-213898
122666
1.2106e+06
950869
184832
369059
-199099
-82666.4
420975
156159
-1.37426e+06
-1.07326e+06
-187908
-413237
350936
294364
194306
177489
-403916
-387910
-538320
-382805
1.10307e+06
807749
-200526
127752
1.20761e+06
938353
191097
345914
-157886
-51500
481729
208273
-1.34321e+06
-1.0481e+06
-151467
-392680
425637
361885
235929
213026
-477351
-448224
-551928
-411864
1.1223e+06
816687
-218229
134792
1.21491e+06
949528
185545
370660
-39609.3
51302
551147
272300
-1.36497e+06
-1.04263e+06
-138026
-362094
435797
370848
262078
222295
-537305
-489236
-575893
-417394
1.14275e+06
833508
-201968
132854
1.21209e+06
941861
185321
355813
-70351.5
39682.8
554669
298137
-1.34494e+06
-1.03314e+06
-139197
-352087
503269
421211
281851
252644
-535594
-490019
-567959
-426702
1.16672e+06
847554
-220805
141764
1.2805e+06
999942
211903
394257
-75244.6
29195
528893
286467
-1.37161e+06
-1.0563e+06
-140201
-376547
495559
421765
283622
253192
-491196
-453629
-538368
-410337
1.06606e+06
762667
-292599
80873.2
1.35987e+06
1.07e+06
238072
427231
-10162.5
76305.3
547114
298983
-1.29161e+06
-989764
-78606.2
-349567
453808
385751
254492
226679
-410733
-391265
-487440
-364644
956010
675413
-338112
16235.2
1.45883e+06
1.15594e+06
291167
476777
-12812.8
75601
556086
274452
-1.2073e+06
-920131
-50036.3
-279801
461145
386455
267254
237543
-349492
-338107
-484340
-338846
1.00697e+06
716903
-315394
43959.4
1.58784e+06
1.25687e+06
366310
527937
-1363.3
80859.1
574157
303257
-1.1702e+06
-890812
-28042.4
-282963
551205
466242
316514
272595
-294527
-293297
-442994
-326327
1.02287e+06
726146
-328034
45696.1
1.62141e+06
1.28937e+06
385223
568542
66295.5
139040
606386
340278
-1.12507e+06
-846145
-17862.9
-233361
652978
547681
366416
324053
-132730
-159837
-393604
-239853
1.16085e+06
835836
-279515
92249.2
1.68575e+06
1.33086e+06
405427
578563
56048.1
140168
608672
354157
-1.16783e+06
-890184
-67507.5
-259295
746720
623251
409611
375765
-69853.7
-113553
-379736
-213524
1.28383e+06
931688
-258194
140183
1.72977e+06
1.3704e+06
416279
600229
21804.3
109531
589393
346427
-1.25099e+06
-967185
-128777
-332766
813808
681913
435658
402075
4075.76
-55864.3
-377640
-199039
1.35712e+06
989210
-262542
147412
1.76095e+06
1.39257e+06
413250
608067
25752.8
107438
601734
332958
-1.24212e+06
-959005
-107589
-351581
920717
770558
479488
446365
107486
28606.7
-322212
-164057
1.41867e+06
1.04131e+06
-227755
167103
1.78257e+06
1.41919e+06
444872
630247
-22542.6
74851.5
621793
310913
-1.10606e+06
-845780
-63878.6
-277060
1.00434e+06
835618
518045
483590
274688
164589
-267465
-98115.3
1.51035e+06
1.1141e+06
-193220
212856
1.88494e+06
1.49981e+06
502100
667150
38432.7
127027
679852
366710
-1.0528e+06
-806513
-57670.2
-261707
1.09238e+06
910404
561201
525437
372280
240903
-240996
-52560.7
1.5971e+06
1.18418e+06
-177805
239845
1.87793e+06
1.49523e+06
487912
677756
94353.5
176556
710201
405403
-1.12611e+06
-850787
-74100.5
-253870
1.03257e+06
869494
554283
532961
310960
202252
-275175
-55196.8
1.6692e+06
1.24429e+06
-135927
295211
1.76929e+06
1.40067e+06
461243
632436
-48074.8
76825.7
674085
394609
-1.29099e+06
-990836
-143205
-336528
966056
810100
539088
491137
199540
105820
-319980
-122428
1.66266e+06
1.23112e+06
-151506
277624
1.67677e+06
1.32647e+06
427206
585863
-190537
-44810.8
609172
310529
-1.33994e+06
-1.03859e+06
-155087
-378906
915609
775881
523611
487115
222065
120924
-325147
-124465
1.6728e+06
1.23875e+06
-178447
275599
1.69037e+06
1.34007e+06
425067
598936
-199472
-59148.1
607526
301670
-1.34084e+06
-1.03926e+06
-114148
-381081
813186
685655
477426
429494
246944
134627
-306104
-120115
1.64415e+06
1.21257e+06
-179075
247134
1.62067e+06
1.28531e+06
415855
575806
-329492
-167432
577607
229656
-1.28744e+06
-986166
-88437.8
-322674
790244
668692
471687
426448
290932
175857
-318048
-107121
1.7948e+06
1.33961e+06
-137715
310974
1.70196e+06
1.35299e+06
455974
598634
-342743
-169745
602797
257179
-1.27023e+06
-979752
-58957.1
-327661
875111
735627
525059
451417
324901
194290
-298699
-100036
1.91295e+06
1.4245e+06
-101451
342610
1.72918e+06
1.37265e+06
474607
626053
-261248
-108578
654603
291734
-1.4091e+06
-1.07347e+06
-89232.6
-335334
839334
711040
511455
463028
248084
140284
-330793
-105003
1.9014e+06
1.42968e+06
-79873.4
367860
1.6461e+06
1.30505e+06
447341
602319
-475114
-266076
586310
229613
-1.57688e+06
-1.21558e+06
-156637
-408746
806358
677079
484613
433669
144306
55174.1
-360726
-160612
1.88558e+06
1.40964e+06
-93169.8
349956
1.69436e+06
1.3494e+06
467630
603903
-606737
-375691
532672
162961
-1.73412e+06
-1.35055e+06
-224183
-493189
716518
607420
419409
403605
89443.4
9633.62
-376577
-174596
1.86414e+06
1.39527e+06
-128474
333319
1.81288e+06
1.44991e+06
488882
664921
-626217
-392487
530208
155661
-1.74605e+06
-1.36387e+06
-229138
-516201
641729
533395
329963
337983
6779.74
-63472.7
-399773
-199902
1.81387e+06
1.34517e+06
-166316
287009
1.90885e+06
1.5242e+06
521030
705560
-670006
-433083
509100
124664
-1.65657e+06
-1.28134e+06
-221979
-466519
590721
492119
268133
288921
-51355.8
-103280
-444165
-236089
1.79649e+06
1.33728e+06
-194518
289727
2.03886e+06
1.63411e+06
587498
749499
-735479
-481551
476717
111026
-1.60446e+06
-1.25286e+06
-191361
-472459
640465
520749
273358
286647
-86012.5
-137617
-451239
-261683
1.90063e+06
1.41072e+06
-160311
300252
2.15905e+06
1.72777e+06
639060
808826
-693887
-455566
505381
114253
-1.61844e+06
-1.24622e+06
-219541
-435101
693990
565644
302270
295534
-70535.3
-119818
-492175
-258193
2.07681e+06
1.55609e+06
-90013.3
389398
2.206e+06
1.75349e+06
630708
807208
-646991
-408999
518055
159898
-1.8301e+06
-1.42358e+06
-314573
-541764
688528
565577
322094
301915
-72693.4
-122816
-500756
-286242
2.04008e+06
1.53081e+06
-86613.5
383843
2.11396e+06
1.68264e+06
581615
752325
-736752
-482323
468795
105510
-2.02463e+06
-1.59311e+06
-385270
-643070
643494
532750
320884
300204
-13867.8
-79951.1
-495300
-270118
2.03305e+06
1.52402e+06
-81813.7
379996
2.00621e+06
1.59032e+06
515489
704114
-794084
-538756
438163
73302.9
-2.11469e+06
-1.67045e+06
-400651
-681242
591971
487320
286609
285332
117204
17720.1
-453849
-214638
2.0113e+06
1.50741e+06
-65049.6
386968
1.92443e+06
1.52344e+06
473691
676732
-882735
-614462
397674
28557.2
-2.19087e+06
-1.72215e+06
-453022
-692146
486185
406800
250224
250104
146532
44414.8
-473948
-212194
1.96844e+06
1.4847e+06
-69778.7
393915
1.94506e+06
1.54302e+06
471968
670241
-878162
-601476
406762
43938.2
-2.31409e+06
-1.83195e+06
-507543
-778834
465976
386495
241193
220736
140700
35018.8
-490916
-235484
1.96657e+06
1.47487e+06
-73088
370009
1.86884e+06
1.4737e+06
418511
625575
-914176
-637986
376416
18318.3
