2.04436e+06
1.71136e+06
1.12255e+06
1.04789e+06
138147
155439
364657
218672
688707
590189
482163
401466
-541981
-461876
-340105
-299787
-454434
-362797
-103820
-154343
850399
744861
694143
553315
2.04477e+06
1.71836e+06
1.12578e+06
1.04313e+06
208600
215678
399259
243986
733084
630871
500152
419195
-551027
-462408
-329880
-293714
-535106
-422665
-129197
-179158
858234
755025
704289
556302
2.06817e+06
1.73441e+06
1.12921e+06
1.05263e+06
234075
237357
419157
268920
711834
611192
480546
416955
-595159
-501995
-335729
-306227
-603737
-480517
-159045
-212911
811860
716749
685716
548554
2.09586e+06
1.75673e+06
1.12564e+06
1.06244e+06
265337
263874
420763
284132
733369
627869
474030
411765
-571169
-479300
-332817
-303243
-617450
-494396
-177807
-228137
811025
716714
669953
541469
2.15126e+06
1.80424e+06
1.14811e+06
1.0864e+06
300679
296614
440079
304109
747438
637499
466980
418467
-517705
-437627
-316782
-270770
-601783
-480202
-170244
-221109
759728
675542
650873
522243
2.15876e+06
1.80958e+06
1.16023e+06
1.08196e+06
260958
263387
435593
284888
705234
601077
453209
390577
-537201
-451186
-308038
-291979
-646784
-519166
-179162
-243083
704541
629828
625122
487231
2.21002e+06
1.85142e+06
1.19305e+06
1.11093e+06
254792
259882
460730
291604
782699
665291
495782
418938
-507969
-426752
-287215
-263894
-638829
-508913
-158835
-231106
721382
640447
642160
491813
2.26367e+06
1.89575e+06
1.22433e+06
1.1333e+06
338583
325936
516912
329665
852843
721911
543281
462197
-580316
-488245
-304012
-285328
-646887
-516499
-140871
-223193
734486
650588
675661
512643
2.37237e+06
1.98816e+06
1.26074e+06
1.18772e+06
430249
409756
571486
394579
924570
786494
578029
508531
-654444
-548386
-335039
-316733
-634968
-502397
-138285
-211503
746518
666145
693392
533120
2.42119e+06
2.02993e+06
1.27572e+06
1.21515e+06
449668
430150
590865
420011
989114
844655
610611
544501
-714087
-592775
-368883
-342495
-602149
-476216
-132742
-199030
816528
727315
728088
565223
2.46477e+06
2.06203e+06
1.28148e+06
1.23085e+06
448725
428119
590523
425960
1.00902e+06
858136
615843
557536
-763646
-641417
-414649
-364067
-550968
-438669
-120948
-186663
824462
732445
739047
582048
2.46048e+06
2.05927e+06
1.28414e+06
1.22451e+06
361627
361810
559536
395295
983639
838760
612801
544447
-896742
-749496
-478800
-435689
-572696
-455107
-135725
-189889
757345
680707
710595
558575
2.51029e+06
2.09358e+06
1.30274e+06
1.24532e+06
279328
289640
527927
346539
984621
835665
618850
537547
-859875
-720649
-464351
-443661
-576863
-456467
-127330
-191958
720514
650378
701513
526416
2.50751e+06
2.09857e+06
1.29084e+06
1.23952e+06
265847
280047
516110
336470
1.00911e+06
860920
622865
552826
-826708
-690433
-453526
-425383
-643710
-506907
-156814
-209369
738469
669006
719462
545444
2.56609e+06
2.14237e+06
1.30967e+06
1.25731e+06
245746
261232
515933
329119
1.014e+06
861843
631295
554425
-815263
-684906
-441404
-424087
-699104
-556265
-176861
-244707
719157
652959
730502
541773
2.63415e+06
2.20092e+06
1.34705e+06
1.27919e+06
221810
247344
516299
324165
1.05126e+06
898072
653097
573832
-691314
-580353
-391667
-377389
-663712
-524408
-158154
-227498
818790
738315
783264
582925
2.73963e+06
2.28696e+06
1.38557e+06
1.34474e+06
193227
226592
501850
327201
1.10117e+06
935159
661747
601238
-566304
-483766
-354922
-307117
-608035
-480386
-139738
-203507
860823
770826
806279
623949
2.79321e+06
2.33198e+06
1.41682e+06
1.35806e+06
120314
167481
477560
291340
1.09482e+06
930850
661979
595189
-540460
-457405
-338924
-306034
-614020
-483621
-137990
-201861
866804
781297
813235
620742
2.88418e+06
2.40031e+06
1.45161e+06
1.3956e+06
116680
161570
474231
278583
1.1496e+06
971800
682762
598998
-498834
-425681
-312495
-284365
-579622
-456889
-118181
-194848
948967
846662
852705
653018
2.87938e+06
2.39523e+06
1.45738e+06
1.40029e+06
187153
212731
509922
308835
1.14573e+06
966659
688202
614557
-576811
-492573
-334252
-300885
-580738
-461092
-97774.5
-181509
959544
854701
875481
679387
2.93308e+06
2.44307e+06
1.47048e+06
1.41976e+06
265769
281863
543261
342179
1.11742e+06
948059
675544
605421
-666155
-563265
-370773
-340625
-574858
-449615
-93140.8
-180263
978763
874696
890889
684334
2.98343e+06
2.48698e+06
1.49551e+06
1.45246e+06
335644
344022
570176
387978
1.1213e+06
953004
676616
610438
-721668
-606032
-396881
-366997
-524410
-406811
-80225.5
-146599
1.06017e+06
945678
931212
728690
3.03731e+06
2.52629e+06
1.50414e+06
1.47398e+06
357547
357306
565289
395632
1.10875e+06
936527
652908
598532
-757995
-643483
-431543
-379554
-494547
-389298
-78736.3
-144224
1.0418e+06
927525
922629
733501
3.07169e+06
2.55574e+06
1.53021e+06
1.48297e+06
351365
353233
562272
391884
1.06778e+06
905430
644799
578230
-821758
-694098
-457545
-426636
-493977
-387417
-80827.3
-144144
1.00685e+06
901777
909580
714541
3.14094e+06
2.60695e+06
1.56531e+06
1.51097e+06
361557
357848
572942
379578
1.12312e+06
950228
669764
599565
-740630
-622760
-416779
-401020
-432206
-334664
-45284.5
-124815
1.02388e+06
915327
919202
705677
3.19441e+06
2.65861e+06
1.59392e+06
1.5387e+06
474528
451766
623533
427725
1.14818e+06
970698
672801
612917
-671932
-565302
-380232
-357860
-414239
-317842
-29892.2
-103934
1.12404e+06
998287
966636
755638
3.24198e+06
2.69661e+06
1.61877e+06
1.5636e+06
566180
527811
675072
474991
1.15253e+06
972306
667358
610476
-663552
-559218
-365537
-350267
-399726
-306006
-23434.9
-101788
1.1821e+06
1.04723e+06
1.00434e+06
784462
3.2528e+06
2.70703e+06
1.62345e+06
1.57372e+06
585931
547178
684983
503849
1.16229e+06
980492
662238
611255
-623472
-524692
-352974
-333973
-375893
-285255
-20663.1
-88111.9
1.2449e+06
1.10109e+06
1.03197e+06
821343
3.22038e+06
2.67957e+06
1.61163e+06
1.56226e+06
535414
507758
665347
481688
1.12035e+06
945616
632965
589272
-565352
-482259
-350859
-308620
-369342
-281633
-26807.1
-92972.5
1.22693e+06
1.08542e+06
1.02833e+06
817459
3.1925e+06
2.65726e+06
1.61077e+06
1.55239e+06
456430
443355
643058
451884
1.0646e+06
896370
606675
560162
-594608
-504145
-358355
-330553
-413538
-318893
-45305
-108098
1.21383e+06
1.07651e+06
1.01817e+06
811821
3.25513e+06
2.70577e+06
1.6467e+06
1.57975e+06
449926
436947
649504
445211
1.09706e+06
922955
616628
567825
-530957
-452256
-344153
-295065
-400982
-306801
-31723.6
-97680.4
1.27417e+06
1.12137e+06
1.03977e+06
839064
3.21193e+06
2.67416e+06
1.63771e+06
1.56909e+06
472604
453423
659067
448929
1.03399e+06
870733
591845
552052
-612141
-521848
-388484
-331944
-492197
-383051
-65455.5
-132827
1.26412e+06
1.11364e+06
1.04131e+06
836662
3.26031e+06
2.71454e+06
1.65802e+06
1.58444e+06
534699
505234
690226
473139
978652
826488
562530
522048
-663153
-566755
-422303
-369140
-505745
-394917
-79944.8
-152620
1.29425e+06
1.139e+06
1.05157e+06
845963
3.27433e+06
2.72526e+06
1.67164e+06
1.60409e+06
564230
529175
692238
500937
952988
805738
556002
508307
-647947
-554516
-433258
-376468
-468556
-365319
-74102.7
-135726
1.37596e+06
1.20493e+06
1.07609e+06
879214
3.30661e+06
2.75401e+06
1.67893e+06
1.6108e+06
582622
547347
689680
498414
950937
803406
547146
504990
-615947
-532917
-440577
-363630
-400526
-310916
-52993.4
-122056
1.38627e+06
1.21463e+06
1.07787e+06
888215
3.39076e+06
2.82306e+06
1.73108e+06
1.64667e+06
586336
547948
690312
500890
967350
817061
560096
508715
-576991
-503399
-431689
-370536
-332738
-256650
-25474.9
-87720.1
1.43833e+06
1.25611e+06
1.09241e+06
900483
2.04436e+06
1.71136e+06
1.12255e+06
1.04789e+06
138147
155439
364657
218672
688707
590189
482163
401466
-541981
-461876
-340105
-299787
-454434
-362797
-103820
-154343
850399
744861
694143
553315
2.04477e+06
1.71836e+06
1.12578e+06
1.04313e+06
208600
215678
399259
243986
733084
630871
500152
419195
-551027
-462408
-329880
-293714
-535106
-422665
-129197
-179158
858234
755025
704289
556302
2.06817e+06
1.73441e+06
1.12921e+06
1.05263e+06
234075
237357
419157
268920
711834
611192
480546
416955
-595159
-501995
-335729
-306227
-603737
-480517
-159045
-212911
811860
716749
685716
548554
2.09586e+06
1.75673e+06
1.12564e+06
1.06244e+06
265337
263874
420763
284132
733369
627869
474030
411765
-571169
-479300
-332817
-303243
-617450
-494396
-177807
-228137
811025
716714
669953
541469
2.15126e+06
1.80424e+06
1.14811e+06
1.0864e+06
300679
296614
440079
304109
747438
637499
466980
418467
-517705
-437627
-316782
-270770
-601783
-480202
-170244
-221109
759728
675542
650873
522243
2.15876e+06
1.80958e+06
1.16023e+06
1.08196e+06
260958
263387
435593
284888
705234
601077
453209
390577
-537201
-451186
-308038
-291979
-646784
-519166
-179162
-243083
704541
629828
625122
487231
2.21002e+06
1.85142e+06
1.19305e+06
1.11093e+06
254792
259882
460730
291604
782699
665291
495782
418938
-507969
-426752
-287215
-263894
-638829
-508913
-158835
-231106
721382
640447
642160
491813
2.26367e+06
1.89575e+06
1.22433e+06
1.1333e+06
338583
325936
516912
329665
852843
721911
543281
462197
-580316
-488245
-304012
-285328
-646887
-516499
-140871
-223193
734486
650588
675661
512643
2.37237e+06
1.98816e+06
1.26074e+06
1.18772e+06
430249
409756
571486
394579
924570
786494
578029
508531
-654444
-548386
-335039
-316733
-634968
-502397
-138285
-211503
746518
666145
693392
533120
2.42119e+06
2.02993e+06
1.27572e+06
1.21515e+06
449668
430150
590865
420011
989114
844655
610611
544501
-714087
-592775
-368883
-342495
-602149
-476216
-132742
-199030
816528
727315
728088
565223
2.46477e+06
2.06203e+06
1.28148e+06
1.23085e+06
448725
428119
590523
425960
1.00902e+06
858136
615843
557536
-763646
-641417
-414649
-364067
-550968
-438669
-120948
-186663
824462
732445
739047
582048
2.46048e+06
2.05927e+06
1.28414e+06
1.22451e+06
361627
361810
559536
395295
983639
838760
612801
544447
-896742
-749496
-478800
-435689
-572696
-455107
-135725
-189889
757345
680707
710595
558575
2.51029e+06
2.09358e+06
1.30274e+06
1.24532e+06
279328
289640
527927
346539
984621
835665
618850
537547
-859875
-720649
-464351
-443661
-576863
-456467
-127330
-191958
720514
650378
701513
526416
2.50751e+06
2.09857e+06
1.29084e+06
1.23952e+06
265847
280047
516110
336470
1.00911e+06
860920
622865
552826
-826708
-690433
-453526
-425383
-643710
-506907
-156814
-209369
738469
669006
719462
545444
2.56609e+06
2.14237e+06
1.30967e+06
1.25731e+06
245746
261232
515933
329119
1.014e+06
861843
631295
554425
-815263
-684906
-441404
-424087
-699104
-556265
-176861
-244707
719157
652959
730502
541773
2.63415e+06
2.20092e+06
1.34705e+06
1.27919e+06
221810
247344
516299
324165
1.05126e+06
898072
653097
573832
-691314
-580353
-391667
-377389
-663712
-524408
-158154
-227498
818790
738315
783264
582925
2.73963e+06
2.28696e+06
1.38557e+06
1.34474e+06
193227
226592
501850
327201
1.10117e+06
935159
661747
601238
-566304
-483766
-354922
-307117
-608035
-480386
-139738
-203507
860823
770826
806279
623949
2.79321e+06
2.33198e+06
1.41682e+06
1.35806e+06
120314
167481
477560
291340
1.09482e+06
930850
661979
595189
-540460
-457405
-338924
-306034
-614020
-483621
-137990
-201861
866804
781297
813235
620742
2.88418e+06
2.40031e+06
1.45161e+06
1.3956e+06
116680
161570
474231
278583
1.1496e+06
971800
682762
598998
-498834
-425681
-312495
-284365
-579622
-456889
-118181
-194848
948967
846662
852705
653018
2.87938e+06
2.39523e+06
1.45738e+06
1.40029e+06
187153
212731
509922
308835
1.14573e+06
966659
688202
614557
-576811
-492573
-334252
-300885
-580738
-461092
-97774.5
-181509
959544
854701
875481
679387
2.93308e+06
2.44307e+06
1.47048e+06
1.41976e+06
265769
281863
543261
342179
1.11742e+06
948059
675544
605421
-666155
-563265
-370773
-340625
-574858
-449615
-93140.8
-180263
978763
874696
890889
684334
2.98343e+06
2.48698e+06
1.49551e+06
1.45246e+06
335644
344022
570176
387978
1.1213e+06
953004
676616
610438
-721668
-606032
-396881
-366997
-524410
-406811
-80225.5
-146599
1.06017e+06
945678
931212
728690
3.03731e+06
2.52629e+06
1.50414e+06
1.47398e+06
357547
357306
565289
395632
1.10875e+06
936527
652908
598532
-757995
-643483
-431543
-379554
-494547
-389298
-78736.3
-144224
1.0418e+06
927525
922629
733501
3.07169e+06
2.55574e+06
1.53021e+06
1.48297e+06
351365
353233
562272
391884
1.06778e+06
905430
644799
578230
-821758
-694098
-457545
-426636
-493977
-387417
-80827.3
-144144
1.00685e+06
901777
909580
714541
3.14094e+06
2.60695e+06
1.56531e+06
1.51097e+06
361557
357848
572942
379578
1.12312e+06
950228
669764
599565
-740630
-622760
-416779
-401020
-432206
-334664
-45284.5
-124815
1.02388e+06
915327
919202
705677
3.19441e+06
2.65861e+06
1.59392e+06
1.5387e+06
474528
451766
623533
427725
1.14818e+06
970698
672801
612917
-671932
-565302
-380232
-357860
-414239
-317842
-29892.2
-103934
1.12404e+06
998287
966636
755638
3.24198e+06
2.69661e+06
1.61877e+06
1.5636e+06
566180
527811
675072
474991
1.15253e+06
972306
667358
610476
-663552
-559218
-365537
-350267
-399726
-306006
-23434.9
-101788
1.1821e+06
1.04723e+06
1.00434e+06
784462
3.2528e+06
2.70703e+06
1.62345e+06
1.57372e+06
585931
547178
684983
503849
1.16229e+06
980492
662238
611255
-623472
-524692
-352974
-333973
-375893
-285255
-20663.1
-88111.9
1.2449e+06
1.10109e+06
1.03197e+06
821343
3.22038e+06
2.67957e+06
1.61163e+06
1.56226e+06
535414
507758
665347
481688
1.12035e+06
945616
632965
589272
-565352
-482259
-350859
-308620
-369342
-281633
-26807.1
-92972.5
1.22693e+06
1.08542e+06
1.02833e+06
817459
3.1925e+06
2.65726e+06
1.61077e+06
1.55239e+06
456430
443355
643058
451884
1.0646e+06
896370
606675
560162
-594608
-504145
-358355
-330553
-413538
-318893
-45305
-108098
1.21383e+06
1.07651e+06
1.01817e+06
811821
3.25513e+06
2.70577e+06
1.6467e+06
1.57975e+06
449926
436947
649504
445211
1.09706e+06
922955
616628
567825
-530957
-452256
-344153
-295065
-400982
-306801
-31723.6
-97680.4
1.27417e+06
1.12137e+06
1.03977e+06
839064
3.21193e+06
2.67416e+06
1.63771e+06
1.56909e+06
472604
453423
659067
448929
1.03399e+06
870733
591845
552052
-612141
-521848
-388484
-331944
-492197
-383051
-65455.5
-132827
1.26412e+06
1.11364e+06
1.04131e+06
836662
3.26031e+06
2.71454e+06
1.65802e+06
1.58444e+06
534699
505234
690226
473139
978652
826488
562530
522048
-663153
-566755
-422303
-369140
-505745
-394917
-79944.8
-152620
1.29425e+06
1.139e+06
1.05157e+06
845963
3.27433e+06
2.72526e+06
1.67164e+06
1.60409e+06
564230
529175
692238
500937
952988
805738
556002
508307
-647947
-554516
-433258
-376468
-468556
-365319
-74102.7
-135726
1.37596e+06
1.20493e+06
1.07609e+06
879214
3.30661e+06
2.75401e+06
1.67893e+06
1.6108e+06
582622
547347
689680
498414
950937
803406
547146
504990
-615947
-532917
-440577
-363630
-400526
-310916
-52993.4
-122056
1.38627e+06
1.21463e+06
1.07787e+06
888215
3.39076e+06
2.82306e+06
1.73108e+06
1.64667e+06
586336
547948
690312
500890
967350
817061
560096
508715
-576991
-503399
-431689
-370536
-332738
-256650
-25474.9
-87720.1
1.43833e+06
1.25611e+06
1.09241e+06
900483
2.04436e+06
1.71136e+06
1.12255e+06
1.04789e+06
138147
155439
364657
218672
688707
590189
482163
401466
-541981
-461876
-340105
-299787
-454434
-362797
-103820
-154343
850399
744861
694143
553315
2.04477e+06
1.71836e+06
1.12578e+06
1.04313e+06
208600
215678
399259
243986
733084
630871
500152
419195
-551027
-462408
-329880
-293714
-535106
-422665
-129197
-179158
858234
755025
704289
556302
2.06817e+06
1.73441e+06
1.12921e+06
1.05263e+06
234075
237357
419157
268920
711834
611192
480546
416955
-595159
-501995
-335729
-306227
-603737
-480517
-159045
-212911
811860
716749
685716
548554
2.09586e+06
1.75673e+06
1.12564e+06
1.06244e+06
265337
263874
420763
284132
733369
627869
474030
411765
-571169
-479300
-332817
-303243
-617450
-494396
-177807
-228137
811025
716714
669953
541469
2.15126e+06
1.80424e+06
1.14811e+06
1.0864e+06
300679
296614
440079
304109
747438
637499
466980
418467
-517705
-437627
-316782
-270770
-601783
-480202
-170244
-221109
759728
675542
650873
522243
2.15876e+06
1.80958e+06
1.16023e+06
1.08196e+06
260958
263387
435593
284888
705234
601077
453209
390577
-537201
-451186
-308038
-291979
-646784
-519166
-179162
-243083
704541
629828
625122
487231
2.21002e+06
1.85142e+06
1.19305e+06
1.11093e+06
254792
259882
460730
291604
782699
665291
495782
418938
-507969
-426752
-287215
-263894
-638829
-508913
-158835
-231106
721382
640447
642160
491813
2.26367e+06
1.89575e+06
1.22433e+06
1.1333e+06
338583
325936
516912
329665
852843
721911
543281
462197
-580316
-488245
-304012
-285328
-646887
-516499
-140871
-223193
734486
650588
675661
512643
2.37237e+06
1.98816e+06
1.26074e+06
1.18772e+06
430249
409756
571486
394579
924570
786494
578029
508531
-654444
-548386
-335039
-316733
-634968
-502397
-138285
-211503
746518
666145
693392
533120
2.42119e+06
2.02993e+06
1.27572e+06
1.21515e+06
449668
430150
590865
420011
989114
844655
610611
544501
-714087
-592775
-368883
-342495
-602149
-476216
-132742
-199030
816528
727315
728088
565223
2.46477e+06
2.06203e+06
1.28148e+06
1.23085e+06
448725
428119
590523
425960
1.00902e+06
858136
615843
557536
-763646
-641417
-414649
-364067
-550968
-438669
-120948
-186663
824462
732445
739047
582048
2.46048e+06
2.05927e+06
1.28414e+06
1.22451e+06
361627
361810
559536
395295
983639
838760
612801
544447
-896742
-749496
-478800
-435689
-572696
-455107
-135725
-189889
757345
680707
710595
558575
2.51029e+06
2.09358e+06
1.30274e+06
1.24532e+06
279328
289640
527927
346539
984621
835665
618850
537547
-859875
-720649
-464351
-443661
-576863
-456467
-127330
-191958
720514
650378
701513
526416
2.50751e+06
2.09857e+06
1.29084e+06
1.23952e+06
265847
280047
516110
336470
1.00911e+06
860920
622865
552826
-826708
-690433
-453526
-425383
-643710
-506907
-156814
-209369
738469
669006
719462
545444
2.56609e+06
2.14237e+06
1.30967e+06
1.25731e+06
245746
261232
515933
329119
1.014e+06
861843
631295
554425
-815263
-684906
-441404
-424087
-699104
-556265
-176861
-244707
719157
652959
730502
541773
2.63415e+06
2.20092e+06
1.34705e+06
1.27919e+06
221810
247344
516299
324165
1.05126e+06
898072
653097
573832
-691314
-580353
-391667
-377389
-663712
-524408
-158154
-227498
818790
738315
783264
582925
2.73963e+06
2.28696e+06
1.38557e+06
1.34474e+06
193227
226592
501850
327201
1.10117e+06
935159
661747
601238
-566304
-483766
-354922
-307117
-608035
-480386
-139738
-203507
860823
770826
806279
623949
2.79321e+06
2.33198e+06
1.41682e+06
1.35806e+06
120314
167481
477560
291340
1.09482e+06
930850
661979
595189
-540460
-457405
-338924
-306034
-614020
-483621
-137990
-201861
866804
781297
813235
620742
2.88418e+06
2.40031e+06
1.45161e+06
1.3956e+06
116680
161570
474231
278583
1.1496e+06
971800
682762
598998
-498834
-425681
-312495
-284365
-579622
-456889
-118181
-194848
948967
846662
852705
653018
2.87938e+06
2.39523e+06
1.45738e+06
1.40029e+06
187153
212731
509922
308835
1.14573e+06
966659
688202
614557
-576811
-492573
-334252
-300885
-580738
-461092
-97774.5
-181509
959544
854701
875481
679387
2.93308e+06
2.44307e+06
1.47048e+06
1.41976e+06
265769
281863
543261
342179
1.11742e+06
948059
675544
605421
-666155
-563265
-370773
-340625
-574858
-449615
-93140.8
-180263
978763
874696
890889
684334
2.98343e+06
2.48698e+06
1.49551e+06
1.45246e+06
335644
344022
570176
387978
1.1213e+06
953004
676616
610438
-721668
-606032
-396881
-366997
-524410
-406811
-80225.5
-146599
1.06017e+06
945678
931212
728690
3.03731e+06
2.52629e+06
1.50414e+06
1.47398e+06
357547
357306
565289
395632
1.10875e+06
936527
652908
598532
-757995
-643483
-431543
-379554
-494547
-389298
-78736.3
-144224
1.0418e+06
927525
922629
733501
3.07169e+06
2.55574e+06
1.53021e+06
1.48297e+06
351365
353233
562272
391884
1.06778e+06
905430
644799
578230
-821758
-694098
-457545
-426636
-493977
-387417
-80827.3
-144144
1.00685e+06
901777
909580
714541
3.14094e+06
2.60695e+06
1.56531e+06
1.51097e+06
361557
357848
572942
379578
1.12312e+06
950228
669764
599565
-740630
-622760
-416779
-401020
-432206
-334664
-45284.5
-124815
1.02388e+06
915327
919202
705677
3.19441e+06
2.65861e+06
1.59392e+06
1.5387e+06
474528
451766
623533
427725
1.14818e+06
970698
672801
612917
-671932
-565302
-380232
-357860
-414239
-317842
-29892.2
-103934
1.12404e+06
998287
966636
755638
3.24198e+06
2.69661e+06
1.61877e+06
1.5636e+06
566180
527811
675072
474991
1.15253e+06
972306
667358
610476
-663552
-559218
-365537
-350267
-399726
-306006
-23434.9
-101788
1.1821e+06
1.04723e+06
1.00434e+06
784462
3.2528e+06
2.70703e+06
1.62345e+06
1.57372e+06
585931
547178
684983
503849
1.16229e+06
980492
662238
611255
-623472
-524692
-352974
-333973
-375893
-285255
-20663.1
-88111.9
1.2449e+06
1.10109e+06
1.03197e+06
821343
3.22038e+06
2.67957e+06
1.61163e+06
1.56226e+06
535414
507758
665347
481688
1.12035e+06
945616
632965
589272
-565352
-482259
-350859
-308620
-369342
-281633
-26807.1
-92972.5
1.22693e+06
1.08542e+06
1.02833e+06
817459
3.1925e+06
2.65726e+06
1.61077e+06
1.55239e+06
456430
443355
643058
451884
1.0646e+06
896370
606675
560162
-594608
-504145
-358355
-330553
-413538
-318893
-45305
-108098
1.21383e+06
1.07651e+06
1.01817e+06
811821
3.25513e+06
2.70577e+06
1.6467e+06
1.57975e+06
449926
436947
649504
445211
1.09706e+06
922955
616628
567825
-530957
-452256
-344153
-295065
-400982
-306801
-31723.6
-97680.4
1.27417e+06
1.12137e+06
1.03977e+06
839064
3.21193e+06
2.67416e+06
1.63771e+06
1.56909e+06
472604
453423
659067
448929
1.03399e+06
870733
591845
552052
-612141
-521848
-388484
-331944
-492197
-383051
-65455.5
-132827
1.26412e+06
1.11364e+06
1.04131e+06
836662
3.26031e+06
2.71454e+06
1.65802e+06
1.58444e+06
534699
505234
690226
473139
978652
826488
562530
522048
-663153
-566755
-422303
-369140
-505745
-394917
-79944.8
-152620
1.29425e+06
1.139e+06
1.05157e+06
845963
3.27433e+06
2.72526e+06
1.67164e+06
1.60409e+06
564230
529175
692238
500937
952988
805738
556002
508307
-647947
-554516
-433258
-376468
-468556
-365319
-74102.7
-135726
1.37596e+06
1.20493e+06
1.07609e+06
879214
3.30661e+06
2.75401e+06
1.67893e+06
1.6108e+06
582622
547347
689680
498414
950937
803406
547146
504990
-615947
-532917
-440577
-363630
-400526
-310916
-52993.4
-122056
1.38627e+06
1.21463e+06
1.07787e+06
888215
3.39076e+06
2.82306e+06
1.73108e+06
1.64667e+06
586336
547948
690312
500890
967350
817061
560096
508715
-576991
-503399
-431689
-370536
-332738
-256650
-25474.9
-87720.1
1.43833e+06
1.25611e+06
1.09241e+06
900483
2.04436e+06
1.71136e+06
1.12255e+06
1.04789e+06
138147
155439
364657
218672
688707
590189
482163
401466
-541981
-461876
-340105
-299787
-454434
-362797
-103820
-154343
850399
744861
694143
553315
2.04477e+06
1.71836e+06
1.12578e+06
1.04313e+06
208600
215678
399259
243986
733084
630871
500152
419195
-551027
-462408
-329880
-293714
-535106
-422665
-129197
-179158
858234
755025
704289
556302
2.06817e+06
1.73441e+06
1.12921e+06
1.05263e+06
234075
237357
419157
268920
711834
611192
480546
416955
-595159
-501995
-335729
-306227
-603737
-480517
-159045
-212911
811860
716749
685716
548554
2.09586e+06
1.75673e+06
1.12564e+06
1.06244e+06
265337
263874
420763
284132
733369
627869
474030
411765
-571169
-479300
-332817
-303243
-617450
-494396
-177807
-228137
811025
716714
669953
541469
2.15126e+06
1.80424e+06
1.14811e+06
1.0864e+06
300679
296614
440079
304109
747438
637499
466980
418467
-517705
-437627
-316782
-270770
-601783
-480202
-170244
-221109
759728
675542
650873
522243
2.15876e+06
1.80958e+06
1.16023e+06
1.08196e+06
260958
263387
435593
284888
705234
601077
453209
390577
-537201
-451186
-308038
-291979
-646784
-519166
-179162
-243083
704541
629828
625122
487231
2.21002e+06
1.85142e+06
1.19305e+06
1.11093e+06
254792
259882
460730
291604
782699
665291
495782
418938
-507969
-426752
-287215
-263894
-638829
-508913
-158835
-231106
721382
640447
642160
491813
2.26367e+06
1.89575e+06
1.22433e+06
1.1333e+06
338583
325936
516912
329665
852843
721911
543281
462197
-580316
-488245
-304012
-285328
-646887
-516499
-140871
-223193
734486
650588
675661
512643
2.37237e+06
1.98816e+06
1.26074e+06
1.18772e+06
430249
409756
571486
394579
924570
786494
578029
508531
-654444
-548386
-335039
-316733
-634968
-502397
-138285
-211503
746518
666145
693392
533120
2.42119e+06
2.02993e+06
1.27572e+06
1.21515e+06
449668
430150
590865
420011
989114
844655
610611
544501
-714087
-592775
-368883
-342495
-602149
-476216
-132742
-199030
816528
727315
728088
565223
2.46477e+06
2.06203e+06
1.28148e+06
1.23085e+06
448725
428119
590523
425960
1.00902e+06
858136
615843
557536
-763646
-641417
-414649
-364067
-550968
-438669
-120948
-186663
824462
732445
739047
582048
2.46048e+06
2.05927e+06
1.28414e+06
1.22451e+06
361627
361810
559536
395295
983639
838760
612801
544447
-896742
-749496
-478800
-435689
-572696
-455107
-135725
-189889
757345
680707
710595
558575
2.51029e+06
2.09358e+06
1.30274e+06
1.24532e+06
279328
289640
527927
346539
984621
835665
618850
537547
-859875
-720649
-464351
-443661
-576863
-456467
-127330
-191958
720514
650378
701513
526416
2.50751e+06
2.09857e+06
1.29084e+06
1.23952e+06
265847
280047
516110
336470
1.00911e+06
860920
622865
552826
-826708
-690433
-453526
-425383
-643710
-506907
-156814
-209369
738469
669006
719462
545444
2.56609e+06
2.14237e+06
1.30967e+06
1.25731e+06
245746
261232
515933
329119
1.014e+06
861843
631295
554425
-815263
-684906
-441404
-424087
-699104
-556265
-176861
-244707
719157
652959
730502
541773
2.63415e+06
2.20092e+06
1.34705e+06
1.27919e+06
221810
247344
516299
324165
1.05126e+06
898072
653097
573832
-691314
-580353
-391667
-377389
-663712
-524408
-158154
-227498
818790
738315
783264
582925
2.73963e+06
2.28696e+06
1.38557e+06
1.34474e+06
193227
226592
501850
327201
1.10117e+06
935159
661747
601238
-566304
-483766
-354922
-307117
-608035
-480386
-139738
-203507
860823
770826
806279
623949
2.79321e+06
2.33198e+06
1.41682e+06
1.35806e+06
120314
167481
477560
291340
1.09482e+06
930850
661979
595189
-540460
-457405
-338924
-306034
-614020
-483621
-137990
-201861
866804
781297
813235
620742
2.88418e+06
2.40031e+06
1.45161e+06
1.3956e+06
116680
161570
474231
278583
1.1496e+06
971800
682762
598998
-498834
-425681
-312495
-284365
-579622
-456889
-118181
-194848
948967
846662
852705
653018
2.87938e+06
2.39523e+06
1.45738e+06
1.40029e+06
187153
212731
509922
308835
1.14573e+06
966659
688202
614557
-576811
-492573
-334252
-300885
-580738
-461092
-97774.5
-181509
959544
854701
875481
679387
2.93308e+06
2.44307e+06
1.47048e+06
1.41976e+06
265769
281863
543261
342179
1.11742e+06
948059
675544
605421
-666155
-563265
-370773
-340625
-574858
-449615
-93140.8
-180263
978763
874696
890889
684334
2.98343e+06
2.48698e+06
1.49551e+06
1.45246e+06
335644
344022
570176
387978
1.1213e+06
953004
676616
610438
-721668
-606032
-396881
-366997
-524410
-406811
-80225.5
-146599
1.06017e+06
945678
931212
728690
3.03731e+06
2.52629e+06
1.50414e+06
1.47398e+06
357547
357306
565289
395632
1.10875e+06
936527
652908
598532
-757995
-643483
-431543
-379554
-494547
-389298
-78736.3
-144224
1.0418e+06
927525
922629
733501
3.07169e+06
2.55574e+06
1.53021e+06
1.48297e+06
351365
353233
562272
391884
1.06778e+06
905430
644799
578230
-821758
-694098
-457545
-426636
-493977
-387417
-80827.3
-144144
1.00685e+06
901777
909580
714541
3.14094e+06
2.60695e+06
1.56531e+06
1.51097e+06
361557
357848
572942
379578
1.12312e+06
950228
669764
599565
-740630
-622760
-416779
-401020
-432206
-334664
-45284.5
-124815
1.02388e+06
915327
919202
705677
3.19441e+06
2.65861e+06
1.59392e+06
1.5387e+06
474528
451766
623533
427725
1.14818e+06
970698
672801
612917
-671932
-565302
-380232
-357860
-414239
-317842
-29892.2
-103934
1.12404e+06
998287
966636
755638
3.24198e+06
2.69661e+06
1.61877e+06
1.5636e+06
566180
527811
675072
474991
1.15253e+06
972306
667358
610476
-663552
-559218
-365537
-350267
-399726
-306006
-23434.9
-101788
1.1821e+06
1.04723e+06
1.00434e+06
784462
3.2528e+06
2.70703e+06
1.62345e+06
1.57372e+06
585931
547178
684983
503849
1.16229e+06
980492
662238
611255
-623472
-524692
-352974
-333973
-375893
-285255
-20663.1
-88111.9
1.2449e+06
1.10109e+06
1.03197e+06
821343
3.22038e+06
2.67957e+06
1.61163e+06
1.56226e+06
535414
507758
665347
481688
1.12035e+06
945616
632965
589272
-565352
-482259
-350859
-308620
-369342
-281633
-26807.1
-92972.5
1.22693e+06
1.08542e+06
1.02833e+06
817459
3.1925e+06
2.65726e+06
1.61077e+06
1.55239e+06
456430
443355
643058
451884
1.0646e+06
896370
606675
560162
-594608
-504145
-358355
-330553
-413538
-318893
-45305
-108098
1.21383e+06
1.07651e+06
1.01817e+06
811821
3.25513e+06
2.70577e+06
1.6467e+06
1.57975e+06
449926
436947
649504
445211
1.09706e+06
922955
616628
567825
-530957
-452256
-344153
-295065
-400982
-306801
-31723.6
-97680.4
1.27417e+06
1.12137e+06
1.03977e+06
839064
3.21193e+06
2.67416e+06
1.63771e+06
1.56909e+06
472604
453423
659067
448929
1.03399e+06
870733
591845
552052
-612141
-521848
-388484
-331944
-492197
-383051
-65455.5
-132827
1.26412e+06
1.11364e+06
1.04131e+06
836662
3.26031e+06
2.71454e+06
1.65802e+06
1.58444e+06
534699
505234
690226
473139
978652
826488
562530
522048
-663153
-566755
-422303
-369140
-505745
-394917
-79944.8
-152620
1.29425e+06
1.139e+06
1.05157e+06
845963
3.27433e+06
2.72526e+06
1.67164e+06
1.60409e+06
564230
529175
692238
500937
952988
805738
556002
508307
-647947
-554516
-433258
-376468
-468556
-365319
-74102.7
-135726
1.37596e+06
1.20493e+06
1.07609e+06
879214
3.30661e+06
2.75401e+06
1.67893e+06
1.6108e+06
582622
547347
689680
498414
950937
803406
547146
504990
-615947
-532917
-440577
-363630
-400526
-310916
-52993.4
-122056
1.38627e+06
1.21463e+06
1.07787e+06
888215
3.39076e+06
2.82306e+06
1.73108e+06
1.64667e+06
586336
547948
690312
500890
967350
817061
560096
508715
-576991
-503399
-431689
-370536
-332738
-256650
-25474.9
-87720.1
1.43833e+06
1.25611e+06
1.09241e+06
900483
-1.35896e+06
-1.11242e+06
-550495
-588087
642867
515786
200641
248771
-451906
-429584
-587945
-410720
922450
707558
54654.4
240496
157343
104291
-95371.7
-8051.82
518991
426029
232351
241470
-1.30747e+06
-1.06738e+06
-514822
-566257
677846
547470
222684
265279
-447601
-425081
-602796
-416158
905731
693294
45578.7
223582
157259
105666
-82532.8
-10002.7
501602
411811
243244
231486
-1.31976e+06
-1.07696e+06
-508783
-559488
680875
549524
223806
267197
-497028
-470282
-645110
-446935
861272
654056
30363.2
199069
114374
70997.8
-101791
-30536.4
460582
381889
226920
219843
-1.28315e+06
-1.0459e+06
-492136
-537222
755786
611351
254112
302801
-537174
-506654
-674016
-471588
846840
641536
17584.3
192977
132398
83988
-101099
-22862.2
481857
396106
222349
233458
-1.25413e+06
-1.02289e+06
-471001
-531398
794323
640527
280107
314292
-618426
-575135
-716296
-515061
900933
682014
46692.4
205859
158579
104758
-79544.6
-18434.3
467652
385052
222496
215644
-1.18643e+06
-966242
-442261
-498190
898366
729173
332593
361522
-689209
-631241
-752000
-553107
948096
728296
70017
232810
229837
165215
-38697.1
23721.3
589620
482436
270528
265614
-1.16133e+06
-944248
-441462
-479248
968099
786127
354398
401760
-664059
-614536
-736575
-541829
1.00365e+06
774616
89803.3
265082
213937
154530
-48093.9
33188.1
580340
479041
267953
273054
-1.20305e+06
-978965
-457941
-505496
981220
795863
355496
401021
-660185
-610624
-735803
-541389
1.00277e+06
773633
90464.4
261992
137206
91356.8
-78561
-7783.12
515233
424850
248783
240230
-1.23647e+06
-1.00582e+06
-473317
-517934
1.02199e+06
829413
369456
415695
-635940
-589859
-729531
-531488
1.02505e+06
792935
110940
269327
98788.5
60663.4
-94922.7
-29475
472205
393617
233243
226573
-1.30762e+06
-1.06659e+06
-506009
-543519
1.04202e+06
845821
364895
430265
-689059
-636708
-753897
-548840
974062
750351
96287.4
265514
21996.7
-4748.22
-135239
-57789
394140
327848
193923
203639
-1.34359e+06
-1.09506e+06
-529453
-571828
1.11933e+06
904968
379210
437647
-731625
-671112
-777054
-576078
1.00334e+06
774141
105141
261557
-14469.5
-36295.8
-160848
-96238.6
350242
291376
174035
165900
-1.35319e+06
-1.10369e+06
-538482
-575374
1.24275e+06
1.00316e+06
423599
487612
-736704
-675913
-776160
-582556
1.0461e+06
809750
130159
286658
16984.7
-10378.9
-145293
-76383.1
350626
286955
168889
164399
-1.37937e+06
-1.12681e+06
-550778
-590093
1.29113e+06
1.04156e+06
443245
517682
-714620
-661510
-767709
-574061
1.08107e+06
839840
140826
315782
-33787
-53382.3
-170146
-100336
327033
269713
163403
157130
-1.34171e+06
-1.09519e+06
-524224
-580742
1.28028e+06
1.03332e+06
447432
512244
-602103
-568852
-725917
-534078
1.08557e+06
842435
142789
314034
-48088.9
-66130.7
-171140
-109316
332801
275467
187225
158696
-1.35524e+06
-1.09908e+06
-529197
-563679
1.24897e+06
1.01219e+06
438179
505484
-516160
-494683
-707289
-490044
1.10199e+06
862860
157862
319783
-80864.7
-87462.7
-192754
-124331
301089
259056
182805
163201
-1.31235e+06
-1.06981e+06
-508983
-560717
1.27555e+06
1.03566e+06
465143
520560
-465711
-457005
-682301
-482112
1.15173e+06
900037
195019
343719
-65642.1
-81688.5
-190075
-131769
330740
277517
203201
171063
-1.2848e+06
-1.0425e+06
-496438
-531746
1.33095e+06
1.08169e+06
491275
545049
-419664
-416965
-658713
-452627
1.26604e+06
995225
254309
399488
-31034.9
-50465.5
-183148
-113729
369798
314300
239230
202112
-1.2943e+06
-1.05519e+06
-499193
-545336
1.40075e+06
1.13767e+06
533241
573466
-375486
-382005
-647100
-438476
1.31569e+06
1.04016e+06
288862
434645
3414.62
-24657.5
-165974
-101086
407596
343139
263351
220211
-1.32313e+06
-1.07862e+06
-506403
-552928
1.38021e+06
1.12555e+06
537183
596661
-376334
-383108
-649986
-423909
1.30571e+06
1.03239e+06
279142
442370
-7290.27
-29162.5
-160335
-82406.9
378591
326560
271741
227816
-1.35183e+06
-1.10139e+06
-502853
-565079
1.3671e+06
1.11468e+06
534837
585528
-393852
-400036
-666815
-443279
1.31218e+06
1.03397e+06
269510
433691
-1625.64
-25132
-145284
-80360.6
400343
341937
296456
232604
-1.40679e+06
-1.14248e+06
-517205
-577529
1.34235e+06
1.09482e+06
517181
571341
-401559
-407944
-693595
-453070
1.3219e+06
1.04055e+06
269619
420501
-17832.5
-35877.9
-148654
-91099.4
393681
343343
294477
236906
-1.4592e+06
-1.18893e+06
-538437
-597166
1.31989e+06
1.07507e+06
501644
559461
-460552
-462903
-735491
-491340
1.35758e+06
1.06766e+06
272428
433710
7696.86
-17322
-136878
-77297.4
405085
348244
291939
245039
-1.52454e+06
-1.23727e+06
-545196
-617149
1.32314e+06
1.0779e+06
509197
556792
-542359
-529909
-769286
-532177
1.45017e+06
1.14103e+06
315866
472308
5883.13
-16588
-119995
-70782.1
417890
361947
317676
253817
-1.56349e+06
-1.2694e+06
-557549
-634880
1.33411e+06
1.08782e+06
514337
563613
-606409
-580558
-809023
-562318
1.44247e+06
1.13837e+06
305301
473116
46009.3
16362.5
-95205.6
-47231.9
437023
376676
323245
264058
-1.58475e+06
-1.28776e+06
-570970
-650200
1.33038e+06
1.08325e+06
512210
563010
-639031
-607953
-821273
-576479
1.46901e+06
1.16062e+06
310430
489126
2293.15
-15414.9
-110029
-48343.5
444438
384665
321380
271438
-1.60516e+06
-1.30397e+06
-575632
-657807
1.26769e+06
1.03091e+06
484272
540185
-658611
-624379
-826357
-587085
1.47303e+06
1.16123e+06
306401
485634
-53166.7
-63159.5
-125244
-74338.1
479383
410820
339288
280537
-1.67024e+06
-1.35564e+06
-592852
-679890
1.24944e+06
1.01637e+06
474824
525102
-694877
-650825
-838503
-598899
1.49459e+06
1.18037e+06
328989
487566
-103893
-99201.4
-139530
-99939.6
508085
437254
346014
293304
-1.71911e+06
-1.39751e+06
-620633
-701987
1.25057e+06
1.0152e+06
458173
527460
-738328
-689042
-855734
-615604
1.54266e+06
1.2201e+06
345775
517675
-127193
-123649
-154825
-112637
563454
479749
343856
314167
-1.76529e+06
-1.43274e+06
-638595
-721869
1.2515e+06
1.01544e+06
447097
510050
-785511
-724596
-867804
-634795
1.61525e+06
1.27812e+06
370761
540682
-125547
-120715
-152514
-118493
619367
524879
368832
328801
-1.72449e+06
-1.4008e+06
-623530
-713649
1.34137e+06
1.08921e+06
478440
542393
-814222
-746652
-873311
-650193
1.69829e+06
1.34855e+06
405461
573746
-56782.8
-63069.7
-120440
-83120.4
752106
630352
410612
378118
-1.73564e+06
-1.40996e+06
-640697
-717848
1.35793e+06
1.09768e+06
477509
557450
-851511
-777012
-887007
-654307
1.72617e+06
1.36925e+06
394462
601237
-92417.4
-89449.7
-134964
-88059.5
764027
641693
417052
392675
-1.75976e+06
-1.43241e+06
-653371
-736006
1.31908e+06
1.06442e+06
455401
534617
-917857
-832934
-926921
-690416
1.64503e+06
1.29685e+06
337002
551019
-129791
-120469
-149814
-105117
768998
643403
423266
388007
-1.81964e+06
-1.48257e+06
-681235
-756992
1.30021e+06
1.04769e+06
443746
513078
-999020
-900857
-972938
-730139
1.56564e+06
1.22953e+06
301367
495980
-188285
-168972
-174909
-143466
741812
624329
410034
377220
-1.79948e+06
-1.46524e+06
-684161
-756821
1.40976e+06
1.14328e+06
488816
566514
-1.03053e+06
-926004
-984735
-753150
1.58356e+06
1.24635e+06
296627
498954
-138006
-127257
-159293
-123574
802966
675510
426986
399870
-1.80534e+06
-1.47163e+06
-690416
-760181
1.49144e+06
1.20729e+06
532225
593802
-1.07949e+06
-965676
-995275
-766565
1.6264e+06
1.27538e+06
306573
509497
-97028.5
-96784.5
-142284
-107574
863268
724182
469202
430942
-1.76711e+06
-1.44116e+06
-687453
-753929
1.63633e+06
1.32725e+06
601119
660018
-1.14386e+06
-1.01586e+06
-1.01394e+06
-796300
1.65345e+06
1.30183e+06
316654
519610
-32675.4
-42230.5
-111729
-74942.7
953762
798216
504729
469112
-1.35896e+06
-1.11242e+06
-550495
-588087
642867
515786
200641
248771
-451906
-429584
-587945
-410720
922450
707558
54654.4
240496
157343
104291
-95371.7
-8051.82
518991
426029
232351
241470
-1.30747e+06
-1.06738e+06
-514822
-566257
677846
547470
222684
265279
-447601
-425081
-602796
-416158
905731
693294
45578.7
223582
157259
105666
-82532.8
-10002.7
501602
411811
243244
231486
-1.31976e+06
-1.07696e+06
-508783
-559488
680875
549524
223806
267197
-497028
-470282
-645110
-446935
861272
654056
30363.2
199069
114374
70997.8
-101791
-30536.4
460582
381889
226920
219843
-1.28315e+06
-1.0459e+06
-492136
-537222
755786
611351
254112
302801
-537174
-506654
-674016
-471588
846840
641536
17584.3
192977
132398
83988
-101099
-22862.2
481857
396106
222349
233458
-1.25413e+06
-1.02289e+06
-471001
-531398
794323
640527
280107
314292
-618426
-575135
-716296
-515061
900933
682014
46692.4
205859
158579
104758
-79544.6
-18434.3
467652
385052
222496
215644
-1.18643e+06
-966242
-442261
-498190
898366
729173
332593
361522
-689209
-631241
-752000
-553107
948096
728296
70017
232810
229837
165215
-38697.1
23721.3
589620
482436
270528
265614
-1.16133e+06
-944248
-441462
-479248
968099
786127
354398
401760
-664059
-614536
-736575
-541829
1.00365e+06
774616
89803.3
265082
213937
154530
-48093.9
33188.1
580340
479041
267953
273054
-1.20305e+06
-978965
-457941
-505496
981220
795863
355496
401021
-660185
-610624
-735803
-541389
1.00277e+06
773633
90464.4
261992
137206
91356.8
-78561
-7783.12
515233
424850
248783
240230
-1.23647e+06
-1.00582e+06
-473317
-517934
1.02199e+06
829413
369456
415695
-635940
-589859
-729531
-531488
1.02505e+06
792935
110940
269327
98788.5
60663.4
-94922.7
-29475
472205
393617
233243
226573
-1.30762e+06
-1.06659e+06
-506009
-543519
1.04202e+06
845821
364895
430265
-689059
-636708
-753897
-548840
974062
750351
96287.4
265514
21996.7
-4748.22
-135239
-57789
394140
327848
193923
203639
-1.34359e+06
-1.09506e+06
-529453
-571828
1.11933e+06
904968
379210
437647
-731625
-671112
-777054
-576078
1.00334e+06
774141
105141
261557
-14469.5
-36295.8
-160848
-96238.6
350242
291376
174035
165900
-1.35319e+06
-1.10369e+06
-538482
-575374
1.24275e+06
1.00316e+06
423599
487612
-736704
-675913
-776160
-582556
1.0461e+06
809750
130159
286658
16984.7
-10378.9
-145293
-76383.1
350626
286955
168889
164399
-1.37937e+06
-1.12681e+06
-550778
-590093
1.29113e+06
1.04156e+06
443245
517682
-714620
-661510
-767709
-574061
1.08107e+06
839840
140826
315782
-33787
-53382.3
-170146
-100336
327033
269713
163403
157130
-1.34171e+06
-1.09519e+06
-524224
-580742
1.28028e+06
1.03332e+06
447432
512244
-602103
-568852
-725917
-534078
1.08557e+06
842435
142789
314034
-48088.9
-66130.7
-171140
-109316
332801
275467
187225
158696
-1.35524e+06
-1.09908e+06
-529197
-563679
1.24897e+06
1.01219e+06
438179
505484
-516160
-494683
-707289
-490044
1.10199e+06
862860
157862
319783
-80864.7
-87462.7
-192754
-124331
301089
259056
182805
163201
-1.31235e+06
-1.06981e+06
-508983
-560717
1.27555e+06
1.03566e+06
465143
520560
-465711
-457005
-682301
-482112
1.15173e+06
900037
195019
343719
-65642.1
-81688.5
-190075
-131769
330740
277517
203201
171063
-1.2848e+06
-1.0425e+06
-496438
-531746
1.33095e+06
1.08169e+06
491275
545049
-419664
-416965
-658713
-452627
1.26604e+06
995225
254309
399488
-31034.9
-50465.5
-183148
-113729
369798
314300
239230
202112
-1.2943e+06
-1.05519e+06
-499193
-545336
1.40075e+06
1.13767e+06
533241
573466
-375486
-382005
-647100
-438476
1.31569e+06
1.04016e+06
288862
434645
3414.62
-24657.5
-165974
-101086
407596
343139
263351
220211
-1.32313e+06
-1.07862e+06
-506403
-552928
1.38021e+06
1.12555e+06
537183
596661
-376334
-383108
-649986
-423909
1.30571e+06
1.03239e+06
279142
442370
-7290.27
-29162.5
-160335
-82406.9
378591
326560
271741
227816
-1.35183e+06
-1.10139e+06
-502853
-565079
1.3671e+06
1.11468e+06
534837
585528
-393852
-400036
-666815
-443279
1.31218e+06
1.03397e+06
269510
433691
-1625.64
-25132
-145284
-80360.6
400343
341937
296456
232604
-1.40679e+06
-1.14248e+06
-517205
-577529
1.34235e+06
1.09482e+06
517181
571341
-401559
-407944
-693595
-453070
1.3219e+06
1.04055e+06
269619
420501
-17832.5
-35877.9
-148654
-91099.4
393681
343343
294477
236906
-1.4592e+06
-1.18893e+06
-538437
-597166
1.31989e+06
1.07507e+06
501644
559461
-460552
-462903
-735491
-491340
1.35758e+06
1.06766e+06
272428
433710
7696.86
-17322
-136878
-77297.4
405085
348244
291939
245039
-1.52454e+06
-1.23727e+06
-545196
-617149
1.32314e+06
1.0779e+06
509197
556792
-542359
-529909
-769286
-532177
1.45017e+06
1.14103e+06
315866
472308
5883.13
-16588
-119995
-70782.1
417890
361947
317676
253817
-1.56349e+06
-1.2694e+06
-557549
-634880
1.33411e+06
1.08782e+06
514337
563613
-606409
-580558
-809023
-562318
1.44247e+06
1.13837e+06
305301
473116
46009.3
16362.5
-95205.6
-47231.9
437023
376676
323245
264058
-1.58475e+06
-1.28776e+06
-570970
-650200
1.33038e+06
1.08325e+06
512210
563010
-639031
-607953
-821273
-576479
1.46901e+06
1.16062e+06
310430
489126
2293.15
-15414.9
-110029
-48343.5
444438
384665
321380
271438
-1.60516e+06
-1.30397e+06
-575632
-657807
1.26769e+06
1.03091e+06
484272
540185
-658611
-624379
-826357
-587085
1.47303e+06
1.16123e+06
306401
485634
-53166.7
-63159.5
-125244
-74338.1
479383
410820
339288
280537
-1.67024e+06
-1.35564e+06
-592852
-679890
1.24944e+06
1.01637e+06
474824
525102
-694877
-650825
-838503
-598899
1.49459e+06
1.18037e+06
328989
487566
-103893
-99201.4
-139530
-99939.6
508085
437254
346014
293304
-1.71911e+06
-1.39751e+06
-620633
-701987
1.25057e+06
1.0152e+06
458173
527460
-738328
-689042
-855734
-615604
1.54266e+06
1.2201e+06
345775
517675
-127193
-123649
-154825
-112637
563454
479749
343856
314167
-1.76529e+06
-1.43274e+06
-638595
-721869
1.2515e+06
1.01544e+06
447097
510050
-785511
-724596
-867804
-634795
1.61525e+06
1.27812e+06
370761
540682
-125547
-120715
-152514
-118493
619367
524879
368832
328801
-1.72449e+06
-1.4008e+06
-623530
-713649
1.34137e+06
1.08921e+06
478440
542393
-814222
-746652
-873311
-650193
1.69829e+06
1.34855e+06
405461
573746
-56782.8
-63069.7
-120440
-83120.4
752106
630352
410612
378118
-1.73564e+06
-1.40996e+06
-640697
-717848
1.35793e+06
1.09768e+06
477509
557450
-851511
-777012
-887007
-654307
1.72617e+06
1.36925e+06
394462
601237
-92417.4
-89449.7
-134964
-88059.5
764027
641693
417052
392675
-1.75976e+06
-1.43241e+06
-653371
-736006
1.31908e+06
1.06442e+06
455401
534617
-917857
-832934
-926921
-690416
1.64503e+06
1.29685e+06
337002
551019
-129791
-120469
-149814
-105117
768998
643403
423266
388007
-1.81964e+06
-1.48257e+06
-681235
-756992
1.30021e+06
1.04769e+06
443746
513078
-999020
-900857
-972938
-730139
1.56564e+06
1.22953e+06
301367
495980
-188285
-168972
-174909
-143466
741812
624329
410034
377220
-1.79948e+06
-1.46524e+06
-684161
-756821
1.40976e+06
1.14328e+06
488816
566514
-1.03053e+06
-926004
-984735
-753150
1.58356e+06
1.24635e+06
296627
498954
-138006
-127257
-159293
-123574
802966
675510
426986
399870
-1.80534e+06
-1.47163e+06
-690416
-760181
1.49144e+06
1.20729e+06
532225
593802
-1.07949e+06
-965676
-995275
-766565
1.6264e+06
1.27538e+06
306573
509497
-97028.5
-96784.5
-142284
-107574
863268
724182
469202
430942
-1.76711e+06
-1.44116e+06
-687453
-753929
1.63633e+06
1.32725e+06
601119
660018
-1.14386e+06
-1.01586e+06
-1.01394e+06
-796300
1.65345e+06
1.30183e+06
316654
519610
-32675.4
-42230.5
-111729
-74942.7
953762
798216
504729
469112
-1.35896e+06
-1.11242e+06
-550495
-588087
642867
515786
200641
248771
-451906
-429584
-587945
-410720
922450
707558
54654.4
240496
157343
104291
-95371.7
-8051.82
518991
426029
232351
241470
-1.30747e+06
-1.06738e+06
-514822
-566257
677846
547470
222684
265279
-447601
-425081
-602796
-416158
905731
693294
45578.7
223582
157259
105666
-82532.8
-10002.7
501602
411811
243244
231486
-1.31976e+06
-1.07696e+06
-508783
-559488
680875
549524
223806
267197
-497028
-470282
-645110
-446935
861272
654056
30363.2
199069
114374
70997.8
-101791
-30536.4
460582
381889
226920
219843
-1.28315e+06
-1.0459e+06
-492136
-537222
755786
611351
254112
302801
-537174
-506654
-674016
-471588
846840
641536
17584.3
192977
132398
83988
-101099
-22862.2
481857
396106
222349
233458
-1.25413e+06
-1.02289e+06
-471001
-531398
794323
640527
280107
314292
-618426
-575135
-716296
-515061
900933
682014
46692.4
205859
158579
104758
-79544.6
-18434.3
467652
385052
222496
215644
-1.18643e+06
-966242
-442261
-498190
898366
729173
332593
361522
-689209
-631241
-752000
-553107
948096
728296
70017
232810
229837
165215
-38697.1
23721.3
589620
482436
270528
265614
-1.16133e+06
-944248
-441462
-479248
968099
786127
354398
401760
-664059
-614536
-736575
-541829
1.00365e+06
774616
89803.3
265082
213937
154530
-48093.9
33188.1
580340
479041
267953
273054
-1.20305e+06
-978965
-457941
-505496
981220
795863
355496
401021
-660185
-610624
-735803
-541389
1.00277e+06
773633
90464.4
261992
137206
91356.8
-78561
-7783.12
515233
424850
248783
240230
-1.23647e+06
-1.00582e+06
-473317
-517934
1.02199e+06
829413
369456
415695
-635940
-589859
-729531
-531488
1.02505e+06
792935
110940
269327
98788.5
60663.4
-94922.7
-29475
472205
393617
233243
226573
-1.30762e+06
-1.06659e+06
-506009
-543519
1.04202e+06
845821
364895
430265
-689059
-636708
-753897
-548840
974062
750351
96287.4
265514
21996.7
-4748.22
-135239
-57789
394140
327848
193923
203639
-1.34359e+06
-1.09506e+06
-529453
-571828
1.11933e+06
904968
379210
437647
-731625
-671112
-777054
-576078
1.00334e+06
774141
105141
261557
-14469.5
-36295.8
-160848
-96238.6
350242
291376
174035
165900
-1.35319e+06
-1.10369e+06
-538482
-575374
1.24275e+06
1.00316e+06
423599
487612
-736704
-675913
-776160
-582556
1.0461e+06
809750
130159
286658
16984.7
-10378.9
-145293
-76383.1
350626
286955
168889
164399
-1.37937e+06
-1.12681e+06
-550778
-590093
1.29113e+06
1.04156e+06
443245
517682
-714620
-661510
-767709
-574061
1.08107e+06
839840
140826
315782
-33787
-53382.3
-170146
-100336
327033
269713
163403
157130
-1.34171e+06
-1.09519e+06
-524224
-580742
1.28028e+06
1.03332e+06
447432
512244
-602103
-568852
-725917
-534078
1.08557e+06
842435
142789
314034
-48088.9
-66130.7
-171140
-109316
332801
275467
187225
158696
-1.35524e+06
-1.09908e+06
-529197
-563679
1.24897e+06
1.01219e+06
438179
505484
-516160
-494683
-707289
-490044
1.10199e+06
862860
157862
319783
-80864.7
-87462.7
-192754
-124331
301089
259056
182805
163201
-1.31235e+06
-1.06981e+06
-508983
-560717
1.27555e+06
1.03566e+06
465143
520560
-465711
-457005
-682301
-482112
1.15173e+06
900037
195019
343719
-65642.1
-81688.5
-190075
-131769
330740
277517
203201
171063
-1.2848e+06
-1.0425e+06
-496438
-531746
1.33095e+06
1.08169e+06
491275
545049
-419664
-416965
-658713
-452627
1.26604e+06
995225
254309
399488
-31034.9
-50465.5
-183148
-113729
369798
314300
239230
202112
-1.2943e+06
-1.05519e+06
-499193
-545336
1.40075e+06
1.13767e+06
533241
573466
-375486
-382005
-647100
-438476
1.31569e+06
1.04016e+06
288862
434645
3414.62
-24657.5
-165974
-101086
407596
343139
263351
220211
-1.32313e+06
-1.07862e+06
-506403
-552928
1.38021e+06
1.12555e+06
537183
596661
-376334
-383108
-649986
-423909
1.30571e+06
1.03239e+06
279142
442370
-7290.27
-29162.5
-160335
-82406.9
378591
326560
271741
227816
-1.35183e+06
-1.10139e+06
-502853
-565079
1.3671e+06
1.11468e+06
534837
585528
-393852
-400036
-666815
-443279
1.31218e+06
1.03397e+06
269510
433691
-1625.64
-25132
-145284
-80360.6
400343
341937
296456
232604
-1.40679e+06
-1.14248e+06
-517205
-577529
1.34235e+06
1.09482e+06
517181
571341
-401559
-407944
-693595
-453070
1.3219e+06
1.04055e+06
269619
420501
-17832.5
-35877.9
-148654
-91099.4
393681
343343
294477
236906
-1.4592e+06
-1.18893e+06
-538437
-597166
1.31989e+06
1.07507e+06
501644
559461
-460552
-462903
-735491
-491340
1.35758e+06
1.06766e+06
272428
433710
7696.86
-17322
-136878
-77297.4
405085
348244
291939
245039
-1.52454e+06
-1.23727e+06
-545196
-617149
1.32314e+06
1.0779e+06
509197
556792
-542359
-529909
-769286
-532177
1.45017e+06
1.14103e+06
315866
472308
5883.13
-16588
-119995
-70782.1
417890
361947
317676
253817
-1.56349e+06
-1.2694e+06
-557549
-634880
1.33411e+06
1.08782e+06
514337
563613
-606409
-580558
-809023
-562318
1.44247e+06
1.13837e+06
305301
473116
46009.3
16362.5
-95205.6
-47231.9
437023
376676
323245
264058
-1.58475e+06
-1.28776e+06
-570970
-650200
1.33038e+06
1.08325e+06
512210
563010
-639031
-607953
-821273
-576479
1.46901e+06
1.16062e+06
310430
489126
2293.15
-15414.9
-110029
-48343.5
444438
384665
321380
271438
-1.60516e+06
-1.30397e+06
-575632
-657807
1.26769e+06
1.03091e+06
484272
540185
-658611
-624379
-826357
-587085
1.47303e+06
1.16123e+06
306401
485634
-53166.7
-63159.5
-125244
-74338.1
479383
410820
339288
280537
-1.67024e+06
-1.35564e+06
-592852
-679890
1.24944e+06
1.01637e+06
474824
525102
-694877
-650825
-838503
-598899
1.49459e+06
1.18037e+06
328989
487566
-103893
-99201.4
-139530
-99939.6
508085
437254
346014
293304
-1.71911e+06
-1.39751e+06
-620633
-701987
1.25057e+06
1.0152e+06
458173
527460
-738328
-689042
-855734
-615604
1.54266e+06
1.2201e+06
345775
517675
-127193
-123649
-154825
-112637
563454
479749
343856
314167
-1.76529e+06
-1.43274e+06
-638595
-721869
1.2515e+06
1.01544e+06
447097
510050
-785511
-724596
-867804
-634795
1.61525e+06
1.27812e+06
370761
540682
-125547
-120715
-152514
-118493
619367
524879
368832
328801
-1.72449e+06
-1.4008e+06
-623530
-713649
1.34137e+06
1.08921e+06
478440
542393
-814222
-746652
-873311
-650193
1.69829e+06
1.34855e+06
405461
573746
-56782.8
-63069.7
-120440
-83120.4
752106
630352
410612
378118
-1.73564e+06
-1.40996e+06
-640697
-717848
1.35793e+06
1.09768e+06
477509
557450
-851511
-777012
-887007
-654307
1.72617e+06
1.36925e+06
394462
601237
-92417.4
-89449.7
-134964
-88059.5
764027
641693
417052
392675
-1.75976e+06
-1.43241e+06
-653371
-736006
1.31908e+06
1.06442e+06
455401
534617
-917857
-832934
-926921
-690416
1.64503e+06
1.29685e+06
337002
551019
-129791
-120469
-149814
-105117
768998
643403
423266
388007
-1.81964e+06
-1.48257e+06
-681235
-756992
1.30021e+06
1.04769e+06
443746
513078
-999020
-900857
-972938
-730139
1.56564e+06
1.22953e+06
301367
495980
-188285
-168972
-174909
-143466
741812
624329
410034
377220
-1.79948e+06
-1.46524e+06
-684161
-756821
1.40976e+06
1.14328e+06
488816
566514
-1.03053e+06
-926004
-984735
-753150
1.58356e+06
1.24635e+06
296627
498954
-138006
-127257
-159293
-123574
802966
675510
426986
399870
-1.80534e+06
-1.47163e+06
-690416
-760181
1.49144e+06
1.20729e+06
532225
593802
-1.07949e+06
-965676
-995275
-766565
1.6264e+06
1.27538e+06
306573
509497
-97028.5
-96784.5
-142284
-107574
863268
724182
469202
430942
-1.76711e+06
-1.44116e+06
-687453
-753929
1.63633e+06
1.32725e+06
601119
660018
-1.14386e+06
-1.01586e+06
-1.01394e+06
-796300
1.65345e+06
1.30183e+06
316654
519610
-32675.4
-42230.5
-111729
-74942.7
953762
798216
504729
469112
-1.35896e+06
-1.11242e+06
-550495
-588087
642867
515786
200641
248771
-451906
-429584
-587945
-410720
922450
707558
54654.4
240496
157343
104291
-95371.7
-8051.82
518991
426029
232351
241470
-1.30747e+06
-1.06738e+06
-514822
-566257
677846
547470
222684
265279
-447601
-425081
-602796
-416158
905731
693294
45578.7
223582
157259
105666
-82532.8
-10002.7
501602
411811
243244
231486
-1.31976e+06
-1.07696e+06
-508783
-559488
680875
549524
223806
267197
-497028
-470282
-645110
-446935
861272
654056
30363.2
199069
114374
70997.8
-101791
-30536.4
460582
381889
226920
219843
-1.28315e+06
-1.0459e+06
-492136
-537222
755786
611351
254112
302801
-537174
-506654
-674016
-471588
846840
641536
17584.3
192977
132398
83988
-101099
-22862.2
481857
396106
222349
233458
-1.25413e+06
-1.02289e+06
-471001
-531398
794323
640527
280107
314292
-618426
-575135
-716296
-515061
900933
682014
46692.4
205859
158579
104758
-79544.6
-18434.3
467652
385052
222496
215644
-1.18643e+06
-966242
-442261
-498190
898366
729173
332593
361522
-689209
-631241
-752000
-553107
948096
728296
70017
232810
229837
165215
-38697.1
23721.3
589620
482436
270528
265614
-1.16133e+06
-944248
-441462
-479248
968099
786127
354398
401760
-664059
-614536
-736575
-541829
1.00365e+06
774616
89803.3
265082
213937
154530
-48093.9
33188.1
580340
479041
267953
273054
-1.20305e+06
-978965
-457941
-505496
981220
795863
355496
401021
-660185
-610624
-735803
-541389
1.00277e+06
773633
90464.4
261992
137206
91356.8
-78561
-7783.12
515233
424850
248783
240230
-1.23647e+06
-1.00582e+06
-473317
-517934
1.02199e+06
829413
369456
415695
-635940
-589859
-729531
-531488
1.02505e+06
792935
110940
269327
98788.5
60663.4
-94922.7
-29475
472205
393617
233243
226573
-1.30762e+06
-1.06659e+06
-506009
-543519
1.04202e+06
845821
364895
430265
-689059
-636708
-753897
-548840
974062
750351
96287.4
265514
21996.7
-4748.22
-135239
-57789
394140
327848
193923
203639
-1.34359e+06
-1.09506e+06
-529453
-571828
1.11933e+06
904968
379210
437647
-731625
-671112
-777054
-576078
1.00334e+06
774141
105141
261557
-14469.5
-36295.8
-160848
-96238.6
350242
291376
174035
165900
-1.35319e+06
-1.10369e+06
-538482
-575374
1.24275e+06
1.00316e+06
423599
487612
-736704
-675913
-776160
-582556
1.0461e+06
809750
130159
286658
16984.7
-10378.9
-145293
-76383.1
350626
286955
168889
164399
-1.37937e+06
-1.12681e+06
-550778
-590093
1.29113e+06
1.04156e+06
443245
517682
-714620
-661510
-767709
-574061
1.08107e+06
839840
140826
315782
-33787
-53382.3
-170146
-100336
327033
269713
163403
157130
-1.34171e+06
-1.09519e+06
-524224
-580742
1.28028e+06
1.03332e+06
447432
512244
-602103
-568852
-725917
-534078
1.08557e+06
842435
142789
314034
-48088.9
-66130.7
-171140
-109316
332801
275467
187225
158696
-1.35524e+06
-1.09908e+06
-529197
-563679
1.24897e+06
1.01219e+06
438179
505484
-516160
-494683
-707289
-490044
1.10199e+06
862860
157862
319783
-80864.7
-87462.7
-192754
-124331
301089
259056
182805
163201
-1.31235e+06
-1.06981e+06
-508983
-560717
1.27555e+06
1.03566e+06
465143
520560
-465711
-457005
-682301
-482112
1.15173e+06
900037
195019
343719
-65642.1
-81688.5
-190075
-131769
330740
277517
203201
171063
-1.2848e+06
-1.0425e+06
-496438
-531746
1.33095e+06
1.08169e+06
491275
545049
-419664
-416965
-658713
-452627
1.26604e+06
995225
254309
399488
-31034.9
-50465.5
-183148
-113729
369798
314300
239230
202112
-1.2943e+06
-1.05519e+06
-499193
-545336
1.40075e+06
1.13767e+06
533241
573466
-375486
-382005
-647100
-438476
1.31569e+06
1.04016e+06
288862
434645
3414.62
-24657.5
-165974
-101086
407596
343139
263351
220211
-1.32313e+06
-1.07862e+06
-506403
-552928
1.38021e+06
1.12555e+06
537183
596661
-376334
-383108
-649986
-423909
1.30571e+06
1.03239e+06
279142
442370
-7290.27
-29162.5
-160335
-82406.9
378591
326560
271741
227816
-1.35183e+06
-1.10139e+06
-502853
-565079
1.3671e+06
1.11468e+06
534837
585528
-393852
-400036
-666815
-443279
1.31218e+06
1.03397e+06
269510
433691
-1625.64
-25132
-145284
-80360.6
400343
341937
296456
232604
-1.40679e+06
-1.14248e+06
-517205
-577529
1.34235e+06
1.09482e+06
517181
571341
-401559
-407944
-693595
-453070
1.3219e+06
1.04055e+06
269619
420501
-17832.5
-35877.9
-148654
-91099.4
393681
343343
294477
236906
-1.4592e+06
-1.18893e+06
-538437
-597166
1.31989e+06
1.07507e+06
501644
559461
-460552
-462903
-735491
-491340
1.35758e+06
1.06766e+06
272428
433710
7696.86
-17322
-136878
-77297.4
405085
348244
291939
245039
-1.52454e+06
-1.23727e+06
-545196
-617149
1.32314e+06
1.0779e+06
509197
556792
-542359
-529909
-769286
-532177
1.45017e+06
1.14103e+06
315866
472308
5883.13
-16588
-119995
-70782.1
417890
361947
317676
253817
-1.56349e+06
-1.2694e+06
-557549
-634880
1.33411e+06
1.08782e+06
514337
563613
-606409
-580558
-809023
-562318
1.44247e+06
1.13837e+06
305301
473116
46009.3
16362.5
-95205.6
-47231.9
437023
376676
323245
264058
-1.58475e+06
-1.28776e+06
-570970
-650200
1.33038e+06
1.08325e+06
512210
563010
-639031
-607953
-821273
-576479
1.46901e+06
1.16062e+06
310430
489126
2293.15
-15414.9
-110029
-48343.5
444438
384665
321380
271438
-1.60516e+06
-1.30397e+06
-575632
-657807
1.26769e+06
1.03091e+06
484272
540185
-658611
-624379
-826357
-587085
1.47303e+06
1.16123e+06
306401
485634
-53166.7
-63159.5
-125244
-74338.1
479383
410820
339288
280537
-1.67024e+06
-1.35564e+06
-592852
-679890
1.24944e+06
1.01637e+06
474824
525102
-694877
-650825
-838503
-598899
1.49459e+06
1.18037e+06
328989
487566
-103893
-99201.4
-139530
-99939.6
508085
437254
346014
293304
-1.71911e+06
-1.39751e+06
-620633
-701987
1.25057e+06
1.0152e+06
458173
527460
-738328
-689042
-855734
-615604
1.54266e+06
1.2201e+06
345775
517675
-127193
-123649
-154825
-112637
563454
479749
343856
314167
-1.76529e+06
-1.43274e+06
-638595
-721869
1.2515e+06
1.01544e+06
447097
510050
-785511
-724596
-867804
-634795
1.61525e+06
1.27812e+06
370761
540682
-125547
-120715
-152514
-118493
619367
524879
368832
328801
-1.72449e+06
-1.4008e+06
-623530
-713649
1.34137e+06
1.08921e+06
478440
542393
-814222
-746652
-873311
-650193
1.69829e+06
1.34855e+06
405461
573746
-56782.8
-63069.7
-120440
-83120.4
752106
630352
410612
378118
-1.73564e+06
-1.40996e+06
-640697
-717848
1.35793e+06
1.09768e+06
477509
557450
-851511
-777012
-887007
-654307
1.72617e+06
1.36925e+06
394462
601237
-92417.4
-89449.7
-134964
-88059.5
764027
641693
417052
392675
-1.75976e+06
-1.43241e+06
-653371
-736006
1.31908e+06
1.06442e+06
455401
534617
-917857
-832934
-926921
-690416
1.64503e+06
1.29685e+06
337002
551019
-129791
-120469
-149814
-105117
768998
643403
423266
388007
-1.81964e+06
-1.48257e+06
-681235
-756992
1.30021e+06
1.04769e+06
443746
513078
-999020
-900857
-972938
-730139
1.56564e+06
1.22953e+06
301367
495980
-188285
-168972
-174909
-143466
741812
624329
410034
377220
-1.79948e+06
-1.46524e+06
-684161
-756821
1.40976e+06
1.14328e+06
488816
566514
-1.03053e+06
-926004
-984735
-753150
1.58356e+06
1.24635e+06
296627
498954
-138006
-127257
-159293
-123574
802966
675510
426986
399870
-1.80534e+06
-1.47163e+06
-690416
-760181
1.49144e+06
1.20729e+06
532225
593802
-1.07949e+06
-965676
-995275
-766565
1.6264e+06
1.27538e+06
306573
509497
-97028.5
-96784.5
-142284
-107574
863268
724182
469202
430942
-1.76711e+06
-1.44116e+06
-687453
-753929
1.63633e+06
1.32725e+06
601119
660018
-1.14386e+06
-1.01586e+06
-1.01394e+06
-796300
1.65345e+06
1.30183e+06
316654
519610
-32675.4
-42230.5
-111729
-74942.7
953762
798216
504729
469112
