210307
177081
109917
105096
-75446.9
-80287
-154649
-108583
-1.7314e+06
-1.4203e+06
-706913
-758555
-1.19853e+06
-1.01063e+06
-683970
-634202
-1.26348e+06
-1.04354e+06
-581142
-584118
-2.10148e+06
-1.72295e+06
-879398
-930897
205007
171561
102285
98177.5
-78464.8
-85164.6
-158393
-103202
-1.78481e+06
-1.46498e+06
-715770
-780595
-1.21444e+06
-1.02799e+06
-688494
-640685
-1.26696e+06
-1.05412e+06
-596526
-598190
-2.16007e+06
-1.77233e+06
-905956
-953304
284865
236463
136186
124954
-77703.3
-84147.8
-151924
-108904
-1.82145e+06
-1.49205e+06
-726413
-793331
-1.25294e+06
-1.05627e+06
-699456
-650421
-1.3284e+06
-1.10167e+06
-632313
-626108
-2.21688e+06
-1.82101e+06
-936707
-988023
415265
346113
189993
191161
-42347.9
-51049.6
-134467
-84526.1
-1.80259e+06
-1.47133e+06
-707583
-768662
-1.24358e+06
-1.0462e+06
-691491
-646402
-1.3043e+06
-1.08305e+06
-636363
-617823
-2.169e+06
-1.78155e+06
-920190
-963306
450414
372452
207928
218222
-47412.9
-56456.1
-142732
-82119.8
-1.86685e+06
-1.52151e+06
-730645
-790743
-1.26539e+06
-1.06081e+06
-698110
-643528
-1.33901e+06
-1.10899e+06
-647543
-636417
-2.18603e+06
-1.79356e+06
-924507
-971270
428411
355993
198553
203413
-69709.4
-75625.1
-165389
-98203
-1.88464e+06
-1.53317e+06
-743628
-800592
-1.31665e+06
-1.1026e+06
-725245
-672606
-1.36544e+06
-1.13355e+06
-663137
-648730
-2.16832e+06
-1.77731e+06
-930036
-962823
426718
356341
194622
199798
-106588
-104228
-178789
-118619
-1.91673e+06
-1.56179e+06
-752938
-810341
-1.36778e+06
-1.14392e+06
-747345
-692592
-1.46865e+06
-1.21761e+06
-711322
-687764
-2.20729e+06
-1.81383e+06
-952015
-982804
352897
296805
164985
163698
-169253
-157273
-199882
-146587
-2.00413e+06
-1.637e+06
-771792
-851826
-1.45337e+06
-1.21827e+06
-783766
-734324
-1.55562e+06
-1.29324e+06
-756938
-744881
-2.31335e+06
-1.90229e+06
-995618
-1.03188e+06
381834
319927
188713
177477
-174870
-161178
-190046
-147857
-2.03063e+06
-1.65577e+06
-768194
-859215
-1.51146e+06
-1.26547e+06
-802935
-759163
-1.58696e+06
-1.31728e+06
-768269
-759359
-2.38068e+06
-1.95655e+06
-1.02211e+06
-1.06709e+06
390866
324462
199706
180344
-211717
-193396
-190501
-161549
-2.042e+06
-1.66385e+06
-773704
-854630
-1.52006e+06
-1.27354e+06
-806119
-774051
-1.62388e+06
-1.35031e+06
-786686
-776806
-2.43125e+06
-1.99992e+06
-1.03897e+06
-1.08864e+06
462533
383144
226230
223876
-136451
-129158
-166812
-124766
-2.034e+06
-1.65634e+06
-778075
-850264
-1.48438e+06
-1.24193e+06
-798669
-750913
-1.60674e+06
-1.33214e+06
-784572
-769888
-2.43962e+06
-2.00583e+06
-1.04445e+06
-1.09277e+06
456628
378301
223421
214031
-122063
-117531
-171112
-118865
-2.03908e+06
-1.65875e+06
-797121
-860562
-1.48378e+06
-1.24349e+06
-810832
-761915
-1.60916e+06
-1.33824e+06
-790110
-777883
-2.40644e+06
-1.97695e+06
-1.04636e+06
-1.08292e+06
550908
455119
252851
248783
-92193.3
-96910.4
-171131
-106816
-2.02919e+06
-1.6598e+06
-804022
-867403
-1.45605e+06
-1.2243e+06
-806263
-741783
-1.61123e+06
-1.34385e+06
-801151
-775203
-2.39262e+06
-1.96953e+06
-1.05713e+06
-1.07619e+06
617868
513780
267712
276853
-82436.6
-86794.5
-180196
-105494
-2.03437e+06
-1.6616e+06
-795279
-870326
-1.49191e+06
-1.25377e+06
-823728
-759791
-1.58561e+06
-1.32474e+06
-806850
-777001
-2.44855e+06
-2.01378e+06
-1.08745e+06
-1.09995e+06
667113
549049
294440
300747
-124299
-126219
-199606
-127079
-2.03094e+06
-1.65695e+06
-781608
-864143
-1.54029e+06
-1.29425e+06
-846859
-779437
-1.62712e+06
-1.35869e+06
-830252
-789436
-2.52115e+06
-2.07681e+06
-1.11915e+06
-1.14488e+06
701655
580313
300477
314989
-187452
-172144
-229832
-152834
-2.02803e+06
-1.64772e+06
-766516
-849389
-1.53754e+06
-1.28731e+06
-839474
-785608
-1.66898e+06
-1.39284e+06
-853884
-810890
-2.55302e+06
-2.10071e+06
-1.12707e+06
-1.15413e+06
746360
612629
320459
336510
-225691
-205690
-254281
-174798
-2.03789e+06
-1.65333e+06
-755368
-842654
-1.52206e+06
-1.27394e+06
-830380
-767110
-1.69467e+06
-1.41113e+06
-858310
-829600
-2.58687e+06
-2.12648e+06
-1.13477e+06
-1.16463e+06
735255
607454
314566
328485
-277923
-248038
-297122
-203704
-2.03778e+06
-1.64718e+06
-754042
-845543
-1.53035e+06
-1.27931e+06
-843412
-779230
-1.69672e+06
-1.41501e+06
-854951
-831587
-2.59374e+06
-2.12838e+06
-1.14962e+06
-1.16866e+06
755302
618657
322503
335209
-269513
-253402
-288374
-222214
-2.05866e+06
-1.67624e+06
-749963
-851832
-1.61488e+06
-1.35833e+06
-873105
-818107
-1.74591e+06
-1.45468e+06
-869358
-839480
-2.62677e+06
-2.16597e+06
-1.16094e+06
-1.19119e+06
639071
527094
270199
289547
-284849
-259337
-291612
-218351
-2.13057e+06
-1.73412e+06
-771062
-878065
-1.7383e+06
-1.4591e+06
-931856
-871069
-1.807e+06
-1.50445e+06
-900670
-874235
-2.7168e+06
-2.23827e+06
-1.19535e+06
-1.2283e+06
611533
502892
261646
277457
-277830
-256036
-285009
-213625
-2.14889e+06
-1.74781e+06
-776570
-884947
-1.85792e+06
-1.56002e+06
-991371
-928050
-1.84907e+06
-1.54056e+06
-921975
-891044
-2.76124e+06
-2.27568e+06
-1.2155e+06
-1.24992e+06
537429
445661
234557
243134
-294616
-263313
-274164
-222211
-2.20336e+06
-1.78444e+06
-791581
-902726
-1.92641e+06
-1.61319e+06
-1.01957e+06
-976733
-1.87656e+06
-1.55963e+06
-926605
-910252
-2.78413e+06
-2.29062e+06
-1.22077e+06
-1.26045e+06
519409
423259
221170
244019
-249737
-233164
-261727
-190174
-2.23577e+06
-1.81774e+06
-823283
-908196
-1.94577e+06
-1.63178e+06
-1.04202e+06
-972694
-1.89152e+06
-1.57177e+06
-933488
-903120
-2.77917e+06
-2.29097e+06
-1.2223e+06
-1.25607e+06
449477
368913
192557
200374
-216805
-201320
-251846
-185282
-2.29443e+06
-1.86166e+06
-849238
-948424
-1.98698e+06
-1.66671e+06
-1.06619e+06
-1.01018e+06
-1.88438e+06
-1.56709e+06
-924153
-912888
-2.75153e+06
-2.26351e+06
-1.21614e+06
-1.2512e+06
486089
401140
211952
216604
-168308
-158501
-218898
-161591
-2.27672e+06
-1.85016e+06
-839475
-949903
-1.9798e+06
-1.65482e+06
-1.0498e+06
-1.00141e+06
-1.90626e+06
-1.58017e+06
-919871
-910493
-2.7658e+06
-2.2753e+06
-1.21125e+06
-1.25521e+06
444028
369934
203295
202607
-143811
-137042
-201954
-143340
-2.24057e+06
-1.82084e+06
-815824
-933563
-2.00352e+06
-1.6749e+06
-1.04575e+06
-999424
-1.89828e+06
-1.57317e+06
-913421
-902719
-2.83636e+06
-2.3311e+06
-1.21901e+06
-1.27232e+06
438017
363285
218522
208353
-141527
-137745
-191434
-137687
-2.21962e+06
-1.80492e+06
-806777
-921677
-2.05691e+06
-1.7169e+06
-1.05166e+06
-1.01458e+06
-1.97226e+06
-1.63309e+06
-935878
-927554
-2.93867e+06
-2.4141e+06
-1.2464e+06
-1.31231e+06
451880
376536
223813
216411
-108499
-107565
-183832
-121200
-2.19296e+06
-1.78006e+06
-804326
-902606
-2.0406e+06
-1.70037e+06
-1.04059e+06
-1.00735e+06
-1.97455e+06
-1.63498e+06
-936518
-929631
-2.9855e+06
-2.45048e+06
-1.25863e+06
-1.32114e+06
507243
415663
228721
243422
-23438.5
-43062.1
-172166
-88579.3
-2.13271e+06
-1.73326e+06
-793358
-887155
-1.99133e+06
-1.66078e+06
-1.02481e+06
-977337
-1.94056e+06
-1.60704e+06
-923376
-912621
-3.02782e+06
-2.48431e+06
-1.27375e+06
-1.3373e+06
448138
371368
195960
210915
-51462.5
-62428.3
-206250
-103067
-2.10831e+06
-1.7088e+06
-797598
-874548
-2.02348e+06
-1.68397e+06
-1.04934e+06
-994481
-1.93655e+06
-1.60202e+06
-922879
-913278
-3.06754e+06
-2.51054e+06
-1.29306e+06
-1.34848e+06
434631
357588
186068
196897
-67767.7
-82376.5
-210304
-136198
-2.12982e+06
-1.73596e+06
-798237
-892850
-2.01347e+06
-1.6815e+06
-1.03726e+06
-994157
-1.91639e+06
-1.5873e+06
-901220
-901330
-3.10016e+06
-2.54168e+06
-1.29153e+06
-1.36493e+06
375695
311101
139562
165622
-15727.5
-36499.4
-208751
-116379
-2.14246e+06
-1.74211e+06
-803691
-902458
-1.99374e+06
-1.66404e+06
-1.03933e+06
-993673
-1.82824e+06
-1.51351e+06
-873691
-875345
-3.15229e+06
-2.58154e+06
-1.31536e+06
-1.38789e+06
326274
263807
127131
135497
-2088.79
-34414.9
-196381
-114112
-2.15231e+06
-1.75405e+06
-801795
-904590
-1.9919e+06
-1.6674e+06
-1.04367e+06
-993385
-1.80678e+06
-1.49738e+06
-856510
-854976
-3.16781e+06
-2.59994e+06
-1.32414e+06
-1.40027e+06
291532
235870
102202
125340
20681.5
-10275.7
-194432
-95911.3
-2.15965e+06
-1.75626e+06
-809928
-893213
-1.93286e+06
-1.61669e+06
-1.02784e+06
-971874
-1.74821e+06
-1.44753e+06
-829759
-824016
-3.16373e+06
-2.59552e+06
-1.32325e+06
-1.39093e+06
333461
267974
115727
131021
111210
62124.3
-156876
-72950.1
-2.14367e+06
-1.74121e+06
-799207
-896921
-1.85717e+06
-1.55255e+06
-995901
-943179
-1.69198e+06
-1.39596e+06
-787991
-798878
-3.14693e+06
-2.57943e+06
-1.30671e+06
-1.39709e+06
264896
212582
92061.8
111813
107920
61899.4
-159351
-54745.6
-2.16432e+06
-1.75423e+06
-807097
-896557
-1.83148e+06
-1.52967e+06
-985767
-924747
-1.66718e+06
-1.37539e+06
-752787
-773960
-3.10801e+06
-2.5421e+06
-1.2903e+06
-1.36273e+06
79135.1
50478.2
-73534.2
-22054.7
-540497
-442833
-216999
-234566
314486
303394
438251
304502
1.46387e+06
1.15422e+06
309622
489799
-405678
-333399
-185896
-189500
303011
223900
-20721.8
50510.1
109358
70927.1
-62333.6
-12035.7
-581805
-480795
-232789
-251970
271103
263444
429534
284194
1.39542e+06
1.09652e+06
277054
459984
-402026
-334223
-191798
-192876
329584
241037
-16379.4
54597.8
88857.9
56544.5
-72564
-19929.8
-601734
-495099
-256167
-274022
280612
276838
435747
292362
1.38517e+06
1.08832e+06
267648
440825
-389508
-322523
-183581
-190782
299535
217539
-41058.2
35983.2
127534
89977.2
-52784.1
1431.89
-567491
-465857
-249983
-244800
288678
286325
443509
305778
1.4014e+06
1.10041e+06
281814
452886
-356974
-292918
-173038
-165930
309470
225299
-42020.5
45521.4
79323.2
53504.6
-55014.3
-13709.4
-668194
-546504
-291365
-292955
212664
223239
414748
280411
1.33443e+06
1.04949e+06
266928
425999
-367099
-302853
-186340
-171869
267753
192797
-64576.5
21626.2
87808.5
59458.5
-48147.6
-10410.7
-702371
-575217
-314445
-304607
139789
164717
382108
241771
1.38002e+06
1.08569e+06
274808
448313
-387424
-323456
-198259
-194089
257925
182757
-74263.2
16104.4
35987.5
18604
-67406.4
-14533.9
-793030
-651940
-351696
-351709
97756.8
133968
372952
221472
1.36529e+06
1.07442e+06
265964
446010
-425164
-350000
-212127
-202617
201161
138565
-100061
-4430.73
-47369.1
-53316.6
-92337.5
-63320
-868017
-718698
-374402
-393905
23106.8
67233.8
360323
190359
1.29914e+06
1.0179e+06
234054
417500
-450414
-372625
-218432
-222646
191791
129810
-95984.8
-11986.2
-32718.5
-35897
-82374.4
-51129.5
-894516
-736154
-381802
-404660
5644.83
58793.8
366945
194536
1.30913e+06
1.02636e+06
224549
405497
-425935
-351096
-198435
-205654
196622
134840
-85062.1
-11639
-80260.2
-77880
-94822.3
-70114.6
-912607
-753673
-395429
-405606
-58282.6
6425.48
346105
176613
1.31738e+06
1.0286e+06
221582
397290
-415228
-343720
-190189
-198429
188856
127621
-68752.7
-6595.89
-81076.2
-75719.1
-97137.4
-70702.9
-917493
-756725
-409097
-417034
-110840
-35759.1
320683
154887
1.34152e+06
1.0471e+06
216634
402820
-334023
-276255
-163853
-164141
223778
164699
-47472.3
19062.2
-57274.9
-59071.7
-92958.4
-69879.8
-910728
-753229
-425245
-416031
-178642
-90706.2
289827
121534
1.42437e+06
1.11176e+06
226565
426755
-303029
-251963
-155238
-154214
253208
187062
-32160.6
33053
-31846.7
-38489.2
-87927.3
-47820.9
-906251
-754580
-434966
-436317
-96556.1
-27983
312102
143724
1.42005e+06
1.11007e+06
214533
433541
-259027
-219130
-140400
-134241
287838
209936
-32348.7
40976.8
30275.5
13112.6
-69964
-29332.9
-818091
-683329
-404409
-404150
-12719.4
39319.4
344310
173210
1.39114e+06
1.08803e+06
192163
421332
-204671
-173506
-130521
-114911
403187
305667
13147.2
88727.1
52904.3
32105.5
-56671.8
-13428
-761152
-637713
-386604
-374796
71508.3
109659
377262
217884
1.39257e+06
1.08626e+06
190130
408068
-191567
-164066
-124225
-107909
422180
320105
15378.9
100335
20955.1
8655.69
-63882.1
-18358.6
-781351
-648425
-402603
-372076
89289.2
129342
387901
228112
1.38999e+06
1.08572e+06
202365
403617
-213225
-179720
-138473
-111002
425177
323135
23978
102197
-47215.6
-46586.3
-79500
-50829
-819827
-682106
-422532
-404293
139320
167998
411579
253011
1.37343e+06
1.07484e+06
214525
407764
-216723
-184588
-146683
-121689
428208
329981
31109.2
104336
-49476.3
-47120.2
-75537.4
-54045.6
-818043
-679604
-434988
-399531
164103
189169
419570
254774
1.4439e+06
1.13478e+06
239057
437710
-210004
-180542
-149098
-130679
479628
371781
59800
124275
-38110.9
-40259.1
-67045
-41306.3
-775627
-651366
-409948
-394948
283529
285969
466410
307108
1.46779e+06
1.14574e+06
243586
449740
-162782
-145477
-122804
-105950
480697
370781
56813.9
138010
-57170.3
-57921.2
-84547.3
-56934.1
-787558
-659574
-397742
-390980
288817
287877
476028
314317
1.4496e+06
1.12915e+06
219516
434549
-169450
-147482
-123945
-104515
478578
371308
49015.2
131851
-791.96
-11904.8
-72477.7
-37762.3
-719768
-600141
-362022
-358338
359317
349418
509409
348656
1.5188e+06
1.18285e+06
222065
446150
-156850
-137940
-115178
-94327.3
484494
372306
38169.6
131524
54877.1
35998.8
-45124.7
-21928.1
-702886
-581183
-337998
-331910
404730
392836
539504
374611
1.58123e+06
1.23434e+06
240317
457413
-150928
-129374
-103592
-94936.9
481207
374082
42674.6
124190
83817.6
55857.9
-38013.4
-1127.84
-725730
-602915
-345627
-339892
427843
405284
544163
400695
1.619e+06
1.25834e+06
242520
475783
-114063
-103157
-94377.5
-69982.4
456900
352242
24276.4
121573
174452
130170
-1253.7
23804.7
-698062
-575919
-325335
-321268
406752
390512
539025
377379
1.73522e+06
1.35336e+06
271963
511641
-87713.8
-80961.6
-79198.8
-71842
462188
356482
26094.4
112741
199496
155090
20871
49536.4
-738763
-610690
-333682
-341062
451935
427959
564028
399979
1.74836e+06
1.36522e+06
274241
526674
-72790.3
-63455.1
-62486.3
-52325.2
436298
332955
15881.6
100877
218282
168407
32744.7
65039
-723915
-599605
-319853
-336684
463243
437635
578401
408001
1.72624e+06
1.34931e+06
273135
522313
-108225
-91875.1
-76180.1
-62149.7
476376
368108
35438.8
121836
158755
120036
11551.3
43387.4
-731060
-605884
-329413
-341883
476430
448406
589569
418238
1.68012e+06
1.31009e+06
257446
497345
-148719
-126844
-85351.3
-79258.9
425486
324842
13496.5
102232
128316
96095.8
-7210.37
27167
-736767
-609363
-347368
-333641
474270
448659
582244
423370
1.66548e+06
1.29768e+06
252911
491137
-156763
-131001
-95888.6
-78061.1
429184
326922
18715
102529
108444
76728.2
-30249.3
16446.6
-745140
-618457
-367587
-357352
496533
463648
574328
426718
1.67086e+06
1.30299e+06
249132
491001
-109363
-97403.3
-99699.2
-65289.3
473678
364363
33272.9
119733
73355.3
49572.4
-59199.7
-10646.9
-735532
-609853
-386838
-349580
463292
435473
545222
406333
1.71539e+06
1.33966e+06
251104
510031
-147052
-126427
-128970
-91217.5
521693
405168
50705.2
140243
67131.3
40109.2
-66118.7
-18150
-772510
-645823
-392355
-385928
528896
485366
568717
418078
1.69622e+06
1.31878e+06
234202
501351
-157038
-136373
-128781
-101618
559229
432418
65056.7
150130
125871
86177.2
-69754.7
-15777.7
-740415
-618216
-382360
-372083
572872
520926
581844
430917
1.68384e+06
1.30757e+06
200564
479109
-125939
-109739
-129538
-98299.2
703344
554174
114222
204809
149976
101768
-73900.4
-9350.78
-734662
-614987
-372049
-372687
613332
552077
595911
450127
1.711e+06
1.32163e+06
183641
466294
-81319.4
-77571.7
-102011
-77646.7
755558
592179
136048
231558
174266
121492
-91921.1
-4695.19
-728742
-605439
-377152
-349847
639254
575547
598042
472156
1.75217e+06
1.35243e+06
182059
474483
-45340.4
-45067.5
-90249.5
-51672.5
831898
655754
171302
268933
216075
154455
-87773.9
-7344.72
-731321
-607953
-376727
-366582
641875
579719
603391
459974
1.80403e+06
1.39497e+06
197642
479336
11591.6
-243.245
-70048.1
-36764.6
886004
703888
203535
291208
222374
155716
-87050.5
-3087.23
-765720
-634565
-387468
-364885
636589
574434
610215
467778
1.90372e+06
1.47583e+06
226024
529606
4312.64
-6093.85
-64380.7
-35170.8
937773
746546
239925
323279
968038
700712
-203203
98772.2
72054.9
65153.5
60567.2
48542.9
151798
89271.5
-159778
-49951.4
-932781
-779317
-471341
-459305
-2.11264e+06
-1.75716e+06
-1.03382e+06
-1.00254e+06
-118047
-121323
-192017
-130811
996033
718732
-203467
101543
42923.5
37957.5
42445.5
37630.8
108520
48554.9
-189185
-82625.4
-941645
-792038
-472890
-468637
-2.20205e+06
-1.83464e+06
-1.07633e+06
-1.0538e+06
-142582
-142264
-189824
-142072
1.05567e+06
768658
-194985
116907
32787.1
28557.2
39246.5
22983.1
108116
49480.5
-203343
-88608.3
-983272
-821315
-489605
-484407
-2.25752e+06
-1.87891e+06
-1.12217e+06
-1.08581e+06
-115932
-115872
-169994
-126186
1.16081e+06
858776
-154086
164287
114635
98538.2
73232.9
59003.8
122652
61898
-222312
-82737.2
-985816
-821305
-494732
-467856
-2.25061e+06
-1.87202e+06
-1.13223e+06
-1.08589e+06
-89723.4
-92359.5
-150410
-98613.1
1.18522e+06
881101
-135914
175397
143521
125658
98156.3
79872.7
125842
64085.1
-230789
-96993.8
-1.07749e+06
-894776
-535815
-515911
-2.3176e+06
-1.92593e+06
-1.16131e+06
-1.11662e+06
-170865
-155549
-167200
-131774
1.25725e+06
939184
-109638
210223
165169
143535
90204.2
94899.4
133964
67208.4
-231251
-94888.1
-1.13962e+06
-945567
-569789
-542716
-2.33922e+06
-1.9439e+06
-1.17076e+06
-1.13185e+06
-171649
-154263
-161458
-125751
1.17759e+06
868542
-150736
186167
75572.7
66609.5
57539.4
56928.5
48427.6
-4531.85
-262570
-121807
-1.22025e+06
-1.01447e+06
-600839
-579035
-2.39398e+06
-1.99267e+06
-1.20013e+06
-1.14988e+06
-245487
-213579
-190347
-139646
1.11908e+06
818919
-183175
148779
-82882.8
-62854
739.634
-10257.3
-71393.7
-103593
-317689
-182473
-1.29257e+06
-1.07796e+06
-623441
-625291
-2.50018e+06
-2.08439e+06
-1.24024e+06
-1.20449e+06
-387830
-335328
-247367
-212669
1.09808e+06
799509
-205354
128032
-170059
-132905
-16321.4
-47694.4
-96203.3
-123784
-331663
-199433
-1.29302e+06
-1.07384e+06
-615811
-622135
-2.52741e+06
-2.10444e+06
-1.25566e+06
-1.21808e+06
-394831
-338665
-253675
-224407
1.09712e+06
796930
-212430
111330
-209499
-165976
-15135.6
-70482.3
-152681
-169791
-360874
-227765
-1.34556e+06
-1.11943e+06
-635305
-630642
-2.53824e+06
-2.11573e+06
-1.27476e+06
-1.23557e+06
-477984
-410297
-294106
-256845
1.13901e+06
832287
-203918
131036
-181720
-137205
14674.6
-41756.1
-109751
-132875
-348372
-214230
-1.36073e+06
-1.12888e+06
-654770
-643833
-2.46511e+06
-2.0563e+06
-1.26028e+06
-1.20479e+06
-523574
-444897
-323752
-285280
1.21912e+06
895344
-183870
156627
-157720
-115463
20074.8
-27089.3
-63911.8
-98823.1
-329745
-196183
-1.38704e+06
-1.15184e+06
-682085
-660514
-2.45198e+06
-2.04611e+06
-1.2635e+06
-1.2075e+06
-544208
-463978
-345076
-295665
1.21326e+06
883702
-193213
160647
-100044
-71021.1
28399.5
3939.29
-43684.3
-87735
-318151
-184918
-1.36692e+06
-1.14171e+06
-676916
-666734
-2.49487e+06
-2.08701e+06
-1.29211e+06
-1.23053e+06
-533732
-460307
-346327
-298042
1.25682e+06
921970
-192272
171307
-103607
-74580.7
10656.8
-7965.56
-19159.8
-65331
-310022
-178742
-1.29085e+06
-1.07931e+06
-637607
-638336
-2.47413e+06
-2.07049e+06
-1.28464e+06
-1.23129e+06
-540539
-463114
-340703
-301789
1.29159e+06
947450
-193980
176055
-106132
-80987.8
5569.88
-13909.5
-1673.01
-51552.3
-300456
-163289
-1.27994e+06
-1.06708e+06
-620034
-620191
-2.4696e+06
-2.06647e+06
-1.29036e+06
-1.22008e+06
-525617
-448484
-323197
-290674
1.2993e+06
957862
-199752
171811
-107298
-76958
2691.25
-21170.1
-14007.1
-58211.9
-309363
-173783
-1.31055e+06
-1.08908e+06
-627077
-612497
-2.49499e+06
-2.08072e+06
-1.30626e+06
-1.23871e+06
-539853
-456944
-318475
-292189
1.35193e+06
1.00254e+06
-170098
194237
-80376.8
-53445.3
24832.2
-5193.7
84982.9
22198.2
-268511
-136498
-1.36703e+06
-1.13186e+06
-641417
-643702
-2.4796e+06
-2.07024e+06
-1.30135e+06
-1.22889e+06
-558779
-468753
-304512
-290471
1.4131e+06
1.05324e+06
-149929
221155
-59568.8
-36052.5
19716.3
836.507
165073
88493
-231623
-100752
-1.39962e+06
-1.15555e+06
-652713
-655262
-2.48053e+06
-2.07007e+06
-1.3022e+06
-1.23906e+06
-526490
-438536
-285018
-275795
1.36921e+06
1.00486e+06
-169455
205694
-21194.8
-12194.8
32999.3
18253.3
145554
71769.2
-229380
-89724.8
-1.35432e+06
-1.11948e+06
-624555
-630799
-2.48766e+06
-2.08485e+06
-1.29963e+06
-1.23969e+06
-514500
-433348
-270335
-254978
1.31595e+06
962520
-206100
175291
-112067
-84294.2
-6071.22
-20627
29110.2
-23511.3
-283147
-139183
-1.31985e+06
-1.093e+06
-609947
-614723
-2.56627e+06
-2.14758e+06
-1.32118e+06
-1.26583e+06
-533142
-448612
-285322
-265226
1.32266e+06
964611
-229793
167898
-112753
-87053.3
-10034.6
-23997.8
-9572.81
-55737
-303898
-162833
-1.2666e+06
-1.0479e+06
-587790
-592898
-2.60042e+06
-2.17354e+06
-1.32993e+06
-1.27605e+06
-496001
-418122
-272470
-253943
1.31521e+06
961515
-238308
144251
-99352.7
-69445
2344.06
-29895.1
-85313.8
-115253
-337115
-200898
-1.22478e+06
-1.00768e+06
-562704
-566332
-2.67535e+06
-2.23182e+06
-1.35232e+06
-1.31326e+06
-507925
-422584
-277553
-258337
1.3546e+06
989751
-231631
164967
-24917
-11998.2
35106.4
15137.7
-78411.1
-111951
-344878
-198649
-1.22271e+06
-1.0116e+06
-573140
-555282
-2.68749e+06
-2.24261e+06
-1.36338e+06
-1.30791e+06
-512304
-432399
-288879
-255727
1.41589e+06
1.0392e+06
-214781
179983
21924.6
27645.8
46487.3
29704.8
-81317.3
-115554
-341356
-206928
-1.20672e+06
-996230
-572417
-565236
-2.71425e+06
-2.26184e+06
-1.35576e+06
-1.32411e+06
-531778
-446523
-298808
-271669
1.3802e+06
1.00721e+06
-231181
169416
-5032.48
3743.42
49403.4
29175.9
-75830.1
-108642
-323802
-196429
-1.17716e+06
-974979
-547865
-560114
-2.68462e+06
-2.23251e+06
-1.33573e+06
-1.30335e+06
-519909
-438318
-293312
-270886
1.3556e+06
989738
-237019
161601
-103520
-74396.8
26274
-4577.81
-54474.1
-87223.7
-300452
-176162
-1.14821e+06
-953296
-529163
-542575
-2.65344e+06
-2.20593e+06
-1.30632e+06
-1.28462e+06
-518171
-436677
-285295
-265509
1.30628e+06
946932
-262794
137691
-215023
-164313
3594.93
-42004.3
-21582.3
-60640.1
-270986
-159915
-1.16023e+06
-963393
-534921
-545851
-2.58945e+06
-2.15228e+06
-1.27933e+06
-1.25396e+06
-509668
-429615
-285855
-266005
1.29408e+06
938308
-269939
127136
-273940
-210277
-11779.7
-66953.8
17252.7
-24871.8
-253915
-131974
-1.15375e+06
-956652
-543897
-533500
-2.49753e+06
-2.07384e+06
-1.24386e+06
-1.2109e+06
-504922
-427217
-294883
-260886
1.3132e+06
953910
-265969
136191
-254616
-192688
5202.18
-52365.5
105046
47746
-217680
-97390.5
-1.14807e+06
-955238
-563117
-540345
-2.41916e+06
-2.01119e+06
-1.2099e+06
-1.17248e+06
-482358
-408945
-290483
-264581
1.32106e+06
963908
-267931
142830
-281576
-211081
-16078.2
-59718.7
195369
123287
-177277
-53040.1
-1.18675e+06
-983866
-593715
-564995
-2.34154e+06
-1.94285e+06
-1.17735e+06
-1.137e+06
-436025
-367775
-275946
-235802
1.26844e+06
910547
-285713
121349
-279713
-214814
-13811.9
-62711.9
203551
125968
-170520
-43103.1
-1.19785e+06
-996971
-584620
-581292
-2.34053e+06
-1.95164e+06
-1.16452e+06
-1.1281e+06
-408446
-350935
-262711
-225861
1.27301e+06
915964
-305285
107059
-315757
-242309
-45683.3
-88049.6
216771
137438
-175399
-53885.1
-1.12952e+06
-939750
-561034
-561168
-2.33561e+06
-1.94609e+06
-1.16574e+06
-1.13319e+06
-347273
-297168
-253046
-216658
1.31793e+06
946911
-305901
116159
-326652
-258056
-54532.8
-101699
252620
164810
-166623
-41534.7
-1.08078e+06
-899380
-530486
-532528
-2.30606e+06
-1.92226e+06
-1.15256e+06
-1.11832e+06
-244129
-218345
-218833
-178285
1.33227e+06
960387
-309602
119823
-316026
-247919
-61106.8
-98391.8
299407
202872
-159301
-20591.7
-1.04436e+06
-867426
-521260
-496489
-2.29658e+06
-1.91e+06
-1.15447e+06
-1.10806e+06
-137785
-131023
-188315
-129348
1.38162e+06
1.0017e+06
-290796
125467
-268525
-208719
-40563.9
-90771.3
374784
267630
-122295
490.025
-1.03276e+06
-855634
-512538
-503864
-2.26458e+06
-1.87997e+06
-1.12996e+06
-1.10072e+06
-42007.8
-50834.6
-140303
-100078
1.41703e+06
1.03233e+06
-269498
157173
-267970
-206378
-44904.8
-74528.3
457623
335640
-75561.4
48609.3
-1.06204e+06
-877876
-518961
-503984
-2.26685e+06
-1.88042e+06
-1.11825e+06
-1.08866e+06
40240
17319.9
-97227.9
-49058.4
3288.75
1459.47
1581.09
6920.45
-247987
-173879
83932.9
-1673.01
-253247
-270362
-514600
-331144
479501
400429
243466
237292
312774
193088
-301986
-86063.4
-1.1779e+06
-1.02617e+06
-898831
-737770
-21865.2
-17247
-2311.53
-4193.85
-318342
-233240
51362.1
-33370.5
-202872
-227926
-496545
-317908
456216
383161
227926
222699
299794
179825
-333291
-102121
-1.23951e+06
-1.08132e+06
-950753
-772553
-68334.1
-56666.8
-14753.1
-23389
-370058
-276433
32702.3
-64103.5
-170435
-201458
-480438
-303183
484353
404329
241669
228272
295320
170853
-352841
-126281
-1.25138e+06
-1.09375e+06
-974170
-802590
-71977.1
-55526.3
-2981.16
-18396.1
-363900
-269575
40851
-52221.3
-85074.8
-129229
-437612
-258876
556335
461797
263983
268209
357673
219330
-338484
-104609
-1.23315e+06
-1.0831e+06
-984019
-788125
-104696
-79174.7
-12351
-26785.9
-405585
-303548
21328.5
-66697.8
-92574.4
-135214
-434692
-256704
582223
483576
265950
274728
353990
217334
-337906
-107784
-1.29105e+06
-1.12947e+06
-1.02267e+06
-825262
-64337.5
-48745.8
6362.55
-19480.8
-419758
-317586
9590.49
-83925.1
-50265.4
-99552.1
-417748
-244390
588258
486876
269650
273967
410678
259261
-327378
-91440.9
-1.33308e+06
-1.16895e+06
-1.05397e+06
-847706
-87293.7
-64532.7
-10002
-7838.99
-434767
-324562
1126.42
-88456.2
-100924
-143905
-441547
-253161
565995
468488
251917
269989
365799
224260
-356793
-104621
-1.41028e+06
-1.22993e+06
-1.08207e+06
-882049
-174707
-135315
-28430.6
-42874
-512292
-388024
-13730.6
-118404
-131644
-169624
-462824
-279362
537224
445761
236551
241452
256447
136559
-406137
-154639
-1.49913e+06
-1.30438e+06
-1.12817e+06
-932223
-212926
-165064
-33849.2
-58344.1
-549958
-415652
-12008.8
-128402
-128515
-167470
-466425
-282489
609657
505016
271529
270383
184924
77003.2
-436441
-194175
-1.51904e+06
-1.31853e+06
-1.13866e+06
-948209
-268824
-213455
-45096.4
-86264.9
-555536
-423268
-3903.94
-130710
-153929
-190965
-479657
-292574
637879
521447
273531
283720
143364
36796.4
-443408
-222426
-1.51182e+06
-1.32105e+06
-1.13767e+06
-944569
-212319
-162504
-25136.2
-55540.4
-513894
-387655
14434.2
-101632
-167612
-202549
-503287
-303224
751302
617431
305546
325278
167608
60152.2
-432372
-203118
-1.49345e+06
-1.3028e+06
-1.13523e+06
-942211
-152820
-116812
-1193.6
-40665.7
-483251
-361741
27386.2
-96421.1
-171953
-208720
-517332
-320664
828521
677432
334862
353805
201967
85090.4
-422971
-195229
-1.47398e+06
-1.28909e+06
-1.13566e+06
-933564
-130052
-100469
1214.1
-19142.1
-376814
-276672
62154
-48105.9
-202403
-237252
-540271
-330160
847289
691782
344419
370066
261985
135207
-415244
-160541
-1.44589e+06
-1.26832e+06
-1.14137e+06
-923868
-139243
-100384
11490.5
-14294.9
-344008
-245336
86136.2
-27358.7
-198923
-230489
-544310
-336036
864761
711568
354495
376760
272798
148555
-420322
-158924
-1.45877e+06
-1.2773e+06
-1.16447e+06
-936892
-176756
-131686
10559.2
-25779.7
-347390
-247076
104519
-20072.6
-222411
-251024
-548346
-346958
906722
746595
390427
399696
227918
106898
-435848
-178487
-1.48818e+06
-1.30408e+06
-1.18397e+06
-959755
-226641
-168138
13367.1
-46831.7
-340169
-239552
130651
-13023.5
-246059
-267950
-547238
-352296
888712
731025
387801
407176
188409
73802.9
-444050
-205287
-1.52921e+06
-1.33892e+06
-1.1952e+06
-968394
-227756
-165033
31326.2
-28504.2
-289644
-193896
174027
27589.9
-293866
-305284
-559418
-363294
875224
724316
390736
402422
206870
92036.3
-421511
-189128
-1.59149e+06
-1.38598e+06
-1.22023e+06
-1.00133e+06
-210046
-146645
46394
-27090
-248566
-156447
207908
42282.2
-316349
-322118
-561789
-386797
883994
732880
411320
403918
233915
115266
-405287
-177701
-1.60215e+06
-1.39597e+06
-1.22591e+06
-1.00875e+06
-201530
-148589
52642
-12621.1
-238618
-148187
216427
69440
-265188
-284152
-540224
-345238
847101
699894
408998
407634
241435
120395
-409565
-161161
-1.60967e+06
-1.4043e+06
-1.22633e+06
-1.00487e+06
-234298
-170411
39874.5
-21868
-334836
-225404
169824
29339.3
-243017
-266419
-538337
-341598
763637
634174
374513
368041
136013
37381.9
-472026
-209270
-1.71143e+06
-1.48676e+06
-1.2718e+06
-1.04777e+06
-229121
-168945
42597.5
-20294.7
-390565
-274258
144745
-588.313
-188529
-223118
-520735
-319854
753216
626470
381033
366426
86145.4
-9789.89
-506475
-245487
-1.74037e+06
-1.50937e+06
-1.28664e+06
-1.07103e+06
-244436
-178374
45503.7
-38502
-412134
-288462
134655
-24895.8
-173438
-206675
-507570
-315200
689278
573607
352785
342259
71342.8
-21293.8
-511752
-270613
-1.75723e+06
-1.52523e+06
-1.28839e+06
-1.07422e+06
-180843
-131327
58197.7
-3696.75
-347074
-243422
135575
17323.4
-167209
-208020
-523646
-305388
670336
555093
329864
332603
120120
12788.7
-504720
-241955
-1.79084e+06
-1.55724e+06
-1.31639e+06
-1.08673e+06
-131372
-88528.4
79767.3
4413.05
-380839
-272032
112199
-26040.6
-167205
-205730
-519392
-323407
626453
520708
319073
304786
139886
28417.2
-505566
-249304
-1.81734e+06
-1.57732e+06
-1.32435e+06
-1.10768e+06
-70373.4
-36917.3
104510
35585.9
-319174
-221278
135131
-3189.76
-146881
-187869
-512011
-312012
617464
516182
323515
306000
155311
42303.4
-497845
-240224
-1.81444e+06
-1.57017e+06
-1.30704e+06
-1.1011e+06
-23698.7
4267.39
140736
64132.5
-328878
-226049
147179
1615.03
-84462.5
-136564
-491733
-285587
621637
521114
331024
308714
160643
51799.1
-485228
-230744
-1.83059e+06
-1.58177e+06
-1.30894e+06
-1.10304e+06
-4726.3
18993.6
155068
78181.3
-341244
-236534
158000
5310.37
-88645.7
-142099
-500123
-288577
618404
520492
339937
316611
107924
6489.83
-489910
-245886
-1.84475e+06
-1.59209e+06
-1.30612e+06
-1.10723e+06
58902.7
72454.4
183277
103658
-311201
-210512
173689
22365.1
-54988.9
-115482
-493708
-278581
622912
521526
335679
322968
127711
22625.3
-474625
-237927
-1.84778e+06
-1.59863e+06
-1.31105e+06
-1.09669e+06
186555
177590
234074
159376
-231764
-148613
198526
61029.7
-32350.1
-99818
-500255
-271615
684959
570942
352484
337073
191567
76213.4
-445424
-204285
-1.85893e+06
-1.60651e+06
-1.32354e+06
-1.11425e+06
287831
264436
272794
207363
-213206
-128929
206203
65532.5
-24905
-92915.2
-502945
-280259
703416
589479
367625
352068
237712
115845
-425547
-184543
-1.90117e+06
-1.63945e+06
-1.34198e+06
-1.12387e+06
324026
287525
278693
229577
-180572
-100985
215009
85499.8
-57202.1
-124506
-517483
-287836
714507
597464
379579
358832
205709
91234.5
-445482
-183542
-1.94639e+06
-1.67513e+06
-1.35807e+06
-1.15298e+06
399948
354442
290898
248503
-197250
-114119
194773
69261.8
5786.25
-69046.9
-514026
-280441
780109
657640
391774
377826
187502
77571
-481407
-208584
-1.93704e+06
-1.66784e+06
-1.37812e+06
-1.16407e+06
474205
405005
313801
275671
-190009
-112514
197839
67178.7
48712.6
-40585.1
-505173
-263752
859778
717053
433821
412052
143741
32601.2
-506714
-240113
-1.93313e+06
-1.66874e+06
-1.38461e+06
-1.17281e+06
537886
458727
328751
297008
-168276
-97069.5
199469
80933.3
77426.8
-16991.1
-503028
-251123
908465
755952
441665
443144
146409
32140.1
-514884
-247148
-1.92281e+06
-1.66526e+06
-1.39255e+06
-1.15794e+06
663580
562744
380652
337188
-126996
-62702
214159
84525.4
95912.7
-428.507
-499263
-253028
994817
827861
470286
464504
201248
77944.4
-491200
-234645
-1.9423e+06
-1.67906e+06
-1.39969e+06
-1.18741e+06
757367
639373
422363
384589
-94014.1
-35951.4
232750
101538
97587.1
-759.433
-493374
-251771
1.03874e+06
863283
500698
489051
257117
122246
-464417
-204203
-1.92877e+06
-1.66772e+06
-1.38866e+06
-1.17044e+06
-86500.4
-135846
-452613
-267820
1.03376e+06
855005
498711
488739
2.27173e+06
1.84021e+06
810120
926043
1.01659e+06
791045
173129
317808
580561
385021
-344544
-41945.6
-115757
-65750.3
133332
56085.6
-68852.4
-116733
-448461
-257296
1.01908e+06
848090
492180
491888
2.36697e+06
1.92097e+06
849643
962551
989340
767090
145167
288347
443270
271025
-429005
-127061
-193859
-128809
113043
14726.9
-21229.5
-83734.2
-428552
-250124
982035
815868
483898
463851
2.44503e+06
1.9847e+06
879905
996115
992902
773010
127960
283761
341227
186955
-493971
-186815
-265142
-186387
80422.1
-6121.42
7237.95
-58266.3
-411555
-219986
975319
814784
487250
479915
2.48698e+06
2.01804e+06
890399
1.01714e+06
964477
745061
111813
265315
185549
57105.2
-554480
-257231
-261418
-180955
98985.8
-1192.89
-41535.5
-96348.2
-427973
-241024
896787
750647
450262
444878
2.55758e+06
2.07493e+06
906572
1.0402e+06
945715
728415
91276.2
254582
97006.6
-18462.6
-616588
-305385
-307046
-219990
86127.7
-21599.3
-22592.8
-79077.2
-411564
-230682
836644
700845
433010
413037
2.62047e+06
2.1232e+06
926492
1.06113e+06
924319
710548
81353.3
235358
-31100
-121960
-681572
-363792
-324017
-229569
108070
-10249.5
10825.8
-51859.9
-397311
-216050
869718
728523
467695
433955
2.66273e+06
2.16088e+06
955571
1.08658e+06
999211
772004
113795
275079
12769.6
-93177.6
-676824
-360875
-311723
-219136
110724
-5684.43
17098.5
-44300.9
-410317
-210904
931307
783471
494649
473228
2.73281e+06
2.21983e+06
989389
1.12165e+06
1.03269e+06
796593
118673
280400
46004.4
-67043.6
-690503
-355783
-291898
-203976
112222
-4039.7
18298.5
-49661.5
-410101
-226502
957304
802406
523670
481767
2.76185e+06
2.24372e+06
1.01779e+06
1.13884e+06
1.04849e+06
813258
118616
289435
75289.2
-44819.3
-685382
-358492
-313530
-224700
104576
-10745.9
43490.6
-24391.6
-408027
-212730
969590
817976
528766
501134
2.77738e+06
2.2619e+06
1.03657e+06
1.15024e+06
1.03625e+06
801000
109605
270342
101271
-20611.5
-668842
-351603
-206755
-131656
152097
25115.7
75134.3
1703.42
-405750
-205567
1.04347e+06
880607
559312
531086
2.8863e+06
2.35211e+06
1.07995e+06
1.20087e+06
1.15098e+06
893207
144867
316401
259113
106272
-623482
-282364
-84593.3
-33901.5
195702
76600.9
94877.5
15950.9
-392656
-197322
1.06088e+06
892014
583048
538511
2.89023e+06
2.35546e+06
1.1041e+06
1.2113e+06
1.17786e+06
915265
169605
326685
289395
131582
-601720
-269280
-40579.4
3515.03
233500
112994
139029
50432.3
-376200
-178037
1.10527e+06
927605
612289
557506
2.92579e+06
2.38512e+06
1.12161e+06
1.23385e+06
1.25289e+06
979764
208561
378207
387798
207339
-576571
-227610
-69754
-17353.1
213602
101304
133871
43105.2
-385930
-186313
1.16643e+06
978144
642525
593306
2.97976e+06
2.42682e+06
1.14766e+06
1.25391e+06
1.27615e+06
994871
211585
380996
421622
231578
-577788
-225084
-144514
-83095.7
189240
60077.2
149299
51902.3
-398471
-180548
1.23198e+06
1.0287e+06
672304
623687
2.97827e+06
2.42673e+06
1.13929e+06
1.27057e+06
1.30605e+06
1.02447e+06
214325
402946
526804
317841
-547835
-189029
-209109
-135506
154034
45822.6
157504
59063.9
-390507
-183479
1.24866e+06
1.04849e+06
686404
644477
2.92589e+06
2.385e+06
1.12884e+06
1.24076e+06
1.28583e+06
1.00449e+06
215262
385180
599079
380819
-500926
-151519
-192564
-118934
178794
48016.1
122099
30584.5
-406550
-198852
1.23188e+06
1.03475e+06
684329
639077
2.93692e+06
2.39425e+06
1.12575e+06
1.24182e+06
1.31444e+06
1.02952e+06
233192
399800
737478
490549
-446592
-99622.9
-227478
-148652
173538
32527.6
156097
59047.7
-395251
-183967
1.24475e+06
1.04249e+06
686395
639390
2.98106e+06
2.42967e+06
1.14463e+06
1.259e+06
1.30147e+06
1.0212e+06
231861
403708
865089
596503
-388983
-31156.5
-216054
-135965
199645
56117.4
108187
17749.8
-435999
-200784
1.23133e+06
1.03478e+06
664658
627577
2.9501e+06
2.40512e+06
1.11669e+06
1.25118e+06
1.24763e+06
976027
200557
388345
841110
571069
-429238
-39531.5
-321619
-217073
143383
14488.6
44897.7
-36940
-478904
-247315
1.31732e+06
1.10357e+06
692833
656279
2.99102e+06
2.43492e+06
1.12819e+06
1.24718e+06
1.18943e+06
921426
160323
342470
791715
528693
-468720
-79839.4
-348570
-238697
137194
-6605.08
38205
-49085.2
-505561
-266918
1.39685e+06
1.16324e+06
710543
681012
3.06582e+06
2.49612e+06
1.14896e+06
1.28146e+06
1.18494e+06
921592
132591
330028
811606
543020
-475662
-88645.7
-384844
-271386
114822
-15933.2
25477.1
-60962.5
-527852
-270707
1.44708e+06
1.20764e+06
713775
705135
3.0944e+06
2.5173e+06
1.14551e+06
1.29339e+06
1.13487e+06
873341
104793
299298
789966
525776
-478689
-92075.9
-320501
-216863
145023
7278.25
-99129.3
-165196
-590544
-342226
1.41598e+06
1.17741e+06
685801
681687
3.12676e+06
2.53927e+06
1.1374e+06
1.28574e+06
1.06597e+06
813867
60030.5
259822
745391
484429
-513231
-123954
-375493
-264073
128917
-24753.7
-98546.6
-166276
-610453
-350955
1.45212e+06
1.20093e+06
684896
679317
3.18063e+06
2.58043e+06
1.14384e+06
1.30307e+06
1.03535e+06
788707
31509.4
239161
786153
518476
-503043
-110133
-372908
-259277
140261
-6537.2
-65401
-141248
-613918
-339370
1.48794e+06
1.23069e+06
697823
696754
3.16918e+06
2.57013e+06
1.13647e+06
1.29732e+06
1.09142e+06
834921
60726.3
269163
840937
561304
-497854
-80282.8
-297151
-198602
164803
24863.3
-83889.7
-158444
-635722
-361855
1.49945e+06
1.23891e+06
693960
695881
3.17735e+06
2.57419e+06
1.14585e+06
1.29115e+06
1.12561e+06
857827
71243.8
270825
845944
560039
-516086
-102823
-257300
-166549
192277
31777.4
-78671.3
-157956
-653639
-371371
1.46017e+06
1.20562e+06
675938
671097
3.17173e+06
2.5735e+06
1.14396e+06
1.29783e+06
1.16305e+06
897776
80197.9
293026
874085
585881
-517525
-98589.1
-230588
-143872
202218
60390.5
-46768.7
-133828
-647597
-364910
1.43792e+06
1.19107e+06
672307
670523
3.14396e+06
2.55003e+06
1.13802e+06
1.28558e+06
1.19865e+06
921464
104522
303799
924181
627058
-489165
-78846.6
-89988.5
-26875
270632
112488
-51518.4
-137202
-654549
-374149
1.42641e+06
1.18121e+06
661943
660631
3.15905e+06
2.56298e+06
1.13846e+06
1.28667e+06
1.29133e+06
998242
139568
341818
1.01283e+06
696341
-470242
-48974.2
-23996.4
26993.8
298060
140953
-13321.9
-104526
-636898
-348663
1.40069e+06
1.15679e+06
662075
651136
3.16766e+06
2.56723e+06
1.15324e+06
1.29371e+06
1.33873e+06
1.03632e+06
171438
370298
1.07205e+06
744262
-441534
-12088
56624.4
93275.9
367707
199783
45020.1
-57825.1
-624457
-328244
1.43901e+06
1.19113e+06
682171
670086
3.20402e+06
2.60328e+06
1.17073e+06
1.31952e+06
1.4126e+06
1.10191e+06
205244
411680
1.12325e+06
785473
-447096
1842.72
88212.3
125689
375677
217310
68001
-41143
-638567
-324723
1.47398e+06
1.22141e+06
686683
691111
3.29469e+06
2.67606e+06
1.20437e+06
1.35409e+06
1.41645e+06
1.09954e+06
192882
405411
1.11095e+06
770590
-486794
-17027.8
161942
183704
411468
240587
96716.7
-26954.2
-649214
-334335
1.47284e+06
1.21516e+06
684162
679919
3.35221e+06
2.72154e+06
1.22522e+06
1.3807e+06
1.44564e+06
1.12774e+06
194953
410818
1.1121e+06
769949
-511771
-41160
228003
236756
428840
276379
126275
-1270.67
-638273
-317845
1.43838e+06
1.19289e+06
679161
679494
3.35908e+06
2.72865e+06
1.23523e+06
1.39251e+06
1.42894e+06
1.11164e+06
202645
407346
1.11211e+06
769119
-500207
-44614.2
353015
342428
496003
331527
57288.4
-58795.9
-668739
-348515
1.35882e+06
1.12645e+06
643813
642827
3.36261e+06
2.73091e+06
1.2298e+06
1.38616e+06
1.42288e+06
1.10549e+06
201957
407130
1.13422e+06
782976
-503692
-38206.4
376510
359537
518141
341197
113930
-9299.87
-647995
-338174
1.33055e+06
1.10123e+06
640043
621814
3.39768e+06
2.7583e+06
1.24572e+06
1.39366e+06
1.4221e+06
1.10957e+06
212867
409954
1.16589e+06
813917
-491675
-21181.4
477636
447643
584605
401675
1.33214e+06
1.11184e+06
694493
663753
-1.43122e+06
-1.1963e+06
-735006
-713325
353462
305316
252837
222813
2.14912e+06
1.81826e+06
1.27723e+06
1.14998e+06
-111549
-15113
470434
235854
2.23872e+06
1.83837e+06
973774
1.00074e+06
1.35369e+06
1.13381e+06
703870
677869
-1.41938e+06
-1.18332e+06
-722158
-700404
329480
291575
251811
220127
2.26766e+06
1.91733e+06
1.32314e+06
1.1935e+06
-5922.73
74515.6
522522
279632
2.29997e+06
1.89431e+06
1.006e+06
1.03499e+06
1.36139e+06
1.13364e+06
696891
666886
-1.3623e+06
-1.13351e+06
-691598
-677006
279471
248239
238337
190402
2.34538e+06
1.97867e+06
1.3496e+06
1.22487e+06
52224.8
121422
537422
302770
2.34809e+06
1.93029e+06
1.02624e+06
1.05328e+06
1.39862e+06
1.16443e+06
696037
681130
-1.25749e+06
-1.04463e+06
-621961
-611821
289882
256459
231484
202235
2.42704e+06
2.04685e+06
1.37583e+06
1.254e+06
149050
196761
560747
332374
2.42963e+06
1.99978e+06
1.06203e+06
1.09225e+06
1.4558e+06
1.21222e+06
708812
700679
-1.33601e+06
-1.10754e+06
-636682
-630883
272817
244062
227165
188428
2.51729e+06
2.11926e+06
1.40894e+06
1.29914e+06
253226
283488
607548
382937
2.43861e+06
2.0078e+06
1.06589e+06
1.10045e+06
1.47866e+06
1.22792e+06
718474
708143
-1.26574e+06
-1.04681e+06
-585540
-596382
249941
224084
207974
182354
2.52552e+06
2.12459e+06
1.40316e+06
1.29564e+06
322739
338261
623031
405403
2.493e+06
2.05273e+06
1.0957e+06
1.12292e+06
1.47994e+06
1.2295e+06
728001
713431
-1.21421e+06
-1.00734e+06
-561488
-573913
200286
178215
193720
154670
2.57712e+06
2.16794e+06
1.43195e+06
1.32974e+06
293041
316367
624380
402618
2.49531e+06
2.05285e+06
1.10601e+06
1.12941e+06
1.51124e+06
1.25837e+06
735134
727256
-1.20972e+06
-1.00309e+06
-570687
-564949
231010
207379
199933
166529
2.64513e+06
2.22436e+06
1.45843e+06
1.36286e+06
318384
338583
639758
419580
2.52977e+06
2.08411e+06
1.11916e+06
1.14962e+06
1.5099e+06
1.25247e+06
740485
718258
-1.23354e+06
-1.02442e+06
-585379
-583637
236352
206944
207883
158929
2.64186e+06
2.21933e+06
1.46869e+06
1.36003e+06
257711
289296
627470
396795
2.51488e+06
2.06974e+06
1.12092e+06
1.1426e+06
1.54396e+06
1.28368e+06
740494
732862
-1.20395e+06
-998576
-580276
-567991
271583
238329
199629
171821
2.67181e+06
2.24932e+06
1.4802e+06
1.36484e+06
254220
288425
617193
382148
2.5722e+06
2.11918e+06
1.13097e+06
1.16078e+06
1.62016e+06
1.34752e+06
767882
764720
-1.28363e+06
-1.06409e+06
-618952
-605781
392231
337276
239668
210624
2.81266e+06
2.36538e+06
1.54489e+06
1.4419e+06
378024
393023
682190
448342
2.62935e+06
2.16605e+06
1.15076e+06
1.18474e+06
1.58881e+06
1.31862e+06
757452
751807
-1.26284e+06
-1.05102e+06
-612094
-609260
403490
342920
239039
217116
2.76341e+06
2.32564e+06
1.53878e+06
1.42572e+06
324013
346795
662333
427131
2.6616e+06
2.18878e+06
1.16711e+06
1.19544e+06
1.60174e+06
1.32911e+06
765940
759280
-1.26674e+06
-1.0505e+06
-603588
-614419
423963
358790
247519
225778
2.78143e+06
2.34356e+06
1.55502e+06
1.43696e+06
327651
353423
676873
437672
2.65139e+06
2.18488e+06
1.16593e+06
1.19718e+06
1.57031e+06
1.30223e+06
762116
745959
-1.26803e+06
-1.05293e+06
-608849
-614433
370762
316768
238388
211525
2.80572e+06
2.36002e+06
1.57549e+06
1.44645e+06
331794
354475
697993
441190
2.65461e+06
2.18746e+06
1.17144e+06
1.19692e+06
1.545e+06
1.28392e+06
753772
745382
-1.26248e+06
-1.05135e+06
-620976
-607114
328129
278464
232426
192258
2.81796e+06
2.36943e+06
1.57714e+06
1.46271e+06
312376
342356
690905
453480
2.68097e+06
2.20677e+06
1.18286e+06
1.21271e+06
1.54662e+06
1.28519e+06
761094
740359
-1.24209e+06
-1.03257e+06
-602022
-601102
296397
257718
218599
192415
2.79272e+06
2.35333e+06
1.58157e+06
1.44767e+06
266967
303388
681620
419682
2.74344e+06
2.26199e+06
1.21449e+06
1.24091e+06
1.56877e+06
1.3044e+06
772084
755225
-1.35147e+06
-1.12168e+06
-636340
-638163
248688
217591
212878
160785
2.80319e+06
2.36212e+06
1.60478e+06
1.46333e+06
325179
353975
727938
458572
2.72975e+06
2.24926e+06
1.22331e+06
1.23677e+06
1.56899e+06
1.30568e+06
778052
757583
-1.36208e+06
-1.12858e+06
-637129
-643836
247856
219245
214152
167660
2.77907e+06
2.34538e+06
1.60243e+06
1.45894e+06
319914
351428
725491
461828
2.77542e+06
2.29024e+06
1.24442e+06
1.26453e+06
1.522e+06
1.26829e+06
755346
746600
-1.44827e+06
-1.19667e+06
-679762
-681863
209131
190934
204350
163308
2.81659e+06
2.38093e+06
1.61371e+06
1.48503e+06
293242
334131
726622
462035
2.73539e+06
2.26116e+06
1.23078e+06
1.25946e+06
1.51949e+06
1.26769e+06
757393
741749
-1.49679e+06
-1.23917e+06
-708678
-710081
227538
211053
226896
174876
2.94191e+06
2.48254e+06
1.67082e+06
1.52801e+06
372636
400809
778765
495626
2.78435e+06
2.30169e+06
1.26143e+06
1.2785e+06
1.51384e+06
1.25958e+06
759920
731532
-1.53852e+06
-1.27559e+06
-751706
-737233
258834
236469
262231
185581
3.05121e+06
2.57201e+06
1.72448e+06
1.5817e+06
431275
449717
816768
531206
2.84472e+06
2.35016e+06
1.29336e+06
1.30508e+06
1.56347e+06
1.30155e+06
772499
758719
-1.53828e+06
-1.2776e+06
-760370
-745480
351424
315360
296655
243366
3.20888e+06
2.70466e+06
1.79125e+06
1.64747e+06
516580
520238
855272
569610
2.97142e+06
2.45679e+06
1.34901e+06
1.36519e+06
1.54611e+06
1.28609e+06
762900
742234
-1.74294e+06
-1.44797e+06
-850196
-831215
396608
352050
330717
254587
3.35684e+06
2.8238e+06
1.86543e+06
1.72061e+06
589248
581428
913826
612697
2.9778e+06
2.46197e+06
1.36797e+06
1.36969e+06
1.5365e+06
1.27723e+06
754156
740782
-1.80867e+06
-1.50358e+06
-892235
-876331
435834
384042
349822
285774
3.4449e+06
2.89806e+06
1.91397e+06
1.76664e+06
602132
595207
923139
626947
3.04206e+06
2.51604e+06
1.39765e+06
1.40614e+06
1.53695e+06
1.27815e+06
761629
741261
-1.77033e+06
-1.474e+06
-887652
-863986
377690
335559
331842
264957
3.4612e+06
2.91414e+06
1.93462e+06
1.78935e+06
493427
509492
885476
592505
3.04697e+06
2.52156e+06
1.39537e+06
1.41331e+06
1.54743e+06
1.28713e+06
776550
748341
-1.74165e+06
-1.45433e+06
-887304
-862588
358497
320764
328383
257349
3.51622e+06
2.95668e+06
1.9585e+06
1.80745e+06
461831
482032
880770
570226
3.09541e+06
2.55907e+06
1.41458e+06
1.42455e+06
1.47278e+06
1.22828e+06
756384
721677
-1.7198e+06
-1.43598e+06
-900958
-854951
293929
267303
308110
223425
3.49035e+06
2.93522e+06
1.947e+06
1.79684e+06
353207
395697
837161
531218
3.08744e+06
2.55099e+06
1.39861e+06
1.42075e+06
1.51861e+06
1.2656e+06
775260
737576
-1.65858e+06
-1.38789e+06
-875371
-835968
291575
264917
288990
222746
3.50442e+06
2.94849e+06
1.9513e+06
1.794e+06
288279
341732
810197
490217
3.15827e+06
2.60691e+06
1.41262e+06
1.43534e+06
1.54648e+06
1.2907e+06
788558
752036
-1.746e+06
-1.46089e+06
-916789
-873257
313901
284862
302558
221962
3.58972e+06
3.0189e+06
1.99728e+06
1.84232e+06
297906
351524
830753
504285
3.20237e+06
2.6421e+06
1.42876e+06
1.45134e+06
1.53897e+06
1.28364e+06
802324
757550
-1.70462e+06
-1.42702e+06
-900172
-860152
300412
270064
296747
224799
3.56136e+06
2.99569e+06
2.00274e+06
1.83637e+06
215640
284132
801265
476842
3.25343e+06
2.68199e+06
1.45237e+06
1.47888e+06
1.57969e+06
1.32115e+06
826216
784082
-1.66751e+06
-1.39525e+06
-888536
-843837
326386
294632
318165
234111
3.61577e+06
3.04661e+06
2.02847e+06
1.87094e+06
191399
268877
796636
475671
3.32019e+06
2.73872e+06
1.48286e+06
1.50537e+06
1.64721e+06
1.37692e+06
855731
816343
-1.63735e+06
-1.37219e+06
-889587
-832017
421848
374455
355953
281283
3.70647e+06
3.11685e+06
2.05195e+06
1.90339e+06
259725
322371
817148
499780
3.44588e+06
2.84305e+06
1.52922e+06
1.56376e+06
1.65391e+06
1.37902e+06
865230
811825
-1.61387e+06
-1.35822e+06
-902823
-831582
452676
396726
374568
286697
3.72803e+06
3.13112e+06
2.04712e+06
1.90624e+06
234552
299904
794398
486827
3.51908e+06
2.89937e+06
1.55506e+06
1.58622e+06
1.72709e+06
1.4436e+06
903336
856438
-1.59644e+06
-1.34239e+06
-883178
-821524
546602
476237
408593
337699
3.76818e+06
3.16409e+06
2.06026e+06
1.91618e+06
234291
297955
797177
473291
3.62804e+06
2.99102e+06
1.60448e+06
1.6373e+06
1.76947e+06
1.47915e+06
927557
874323
-1.76124e+06
-1.47869e+06
-946053
-884938
609508
528407
446791
358920
3.79061e+06
3.18201e+06
2.07597e+06
1.93505e+06
250172
311915
819771
495607
3.65608e+06
3.01338e+06
1.62434e+06
1.6534e+06
1.8158e+06
1.51708e+06
965769
899015
-1.76519e+06
-1.47815e+06
-947050
-895052
664195
572559
470624
386660
3.74957e+06
3.15026e+06
2.05887e+06
1.91252e+06
198356
273251
796492
469237
3.73876e+06
3.08256e+06
1.66745e+06
1.68794e+06
-988000
-813716
-429054
-444833
-1.24721e+06
-1.05921e+06
-742853
-657773
-98108.2
-20960.8
381783
183670
1.06155e+06
872225
477354
495508
-442990
-352626
-121201
-158857
-2.30557e+06
-1.92773e+06
-1.19459e+06
-1.1379e+06
-1.03862e+06
-852185
-446155
-465839
-1.33503e+06
-1.1277e+06
-791339
-701548
-86062.7
-7135.41
395743
194411
1.04926e+06
869364
467190
492025
-373079
-296298
-98826.7
-144007
-2.41891e+06
-2.01686e+06
-1.24675e+06
-1.18561e+06
-1.06399e+06
-872767
-457572
-480410
-1.36927e+06
-1.15812e+06
-807429
-740226
-53965.7
20878
411206
202358
1.04747e+06
862677
458831
471695
-333027
-263764
-101185
-126262
-2.49287e+06
-2.0769e+06
-1.27856e+06
-1.23037e+06
-1.12034e+06
-917214
-465134
-490586
-1.36223e+06
-1.15017e+06
-799481
-723665
7760.5
72186.4
446465
236086
1.08318e+06
893796
458058
491870
-364217
-290567
-119309
-148288
-2.54045e+06
-2.11438e+06
-1.29148e+06
-1.23684e+06
-1.21198e+06
-992572
-499976
-528159
-1.42408e+06
-1.20191e+06
-823581
-754438
34034.5
93725.6
455911
256029
1.05941e+06
872952
447404
474520
-338381
-271695
-110165
-134375
-2.66875e+06
-2.22116e+06
-1.33603e+06
-1.29501e+06
-1.26677e+06
-1.03575e+06
-509936
-551455
-1.42428e+06
-1.19817e+06
-817917
-742883
70362.8
122286
478147
263454
1.02335e+06
843039
421161
457969
-430947
-348180
-147807
-174772
-2.73748e+06
-2.27367e+06
-1.35527e+06
-1.31442e+06
-1.2409e+06
-1.01606e+06
-498400
-538101
-1.40922e+06
-1.19104e+06
-814533
-743483
74840.9
129398
489167
287776
1.00807e+06
823902
420567
441839
-431518
-347365
-138724
-164433
-2.72962e+06
-2.27269e+06
-1.35401e+06
-1.32094e+06
-1.25071e+06
-1.02207e+06
-507462
-535925
-1.39155e+06
-1.17426e+06
-818361
-734223
93280.8
145607
507578
298329
1.02858e+06
844464
424135
458095
-453656
-365421
-144169
-171403
-2.73663e+06
-2.27794e+06
-1.36963e+06
-1.32426e+06
-1.27211e+06
-1.04355e+06
-512505
-554177
-1.38312e+06
-1.17091e+06
-808503
-745525
81236
137615
512189
299532
1.01063e+06
824552
426211
439102
-515654
-418276
-166860
-198696
-2.75112e+06
-2.29144e+06
-1.38183e+06
-1.34392e+06
-1.26512e+06
-1.03471e+06
-509596
-540524
-1.33858e+06
-1.12703e+06
-785047
-718262
108164
160106
524483
308972
1.02821e+06
847214
422264
450662
-550430
-441295
-177009
-219612
-2.73652e+06
-2.27685e+06
-1.38411e+06
-1.33068e+06
-1.25838e+06
-1.02825e+06
-512962
-544983
-1.30017e+06
-1.09722e+06
-766099
-696683
207423
243011
567467
353926
1.0713e+06
881224
444729
468685
-514452
-411198
-150122
-192424
-2.73261e+06
-2.27592e+06
-1.38496e+06
-1.3363e+06
-1.24585e+06
-1.01853e+06
-501357
-538429
-1.28861e+06
-1.08715e+06
-754394
-691605
246927
275066
589742
367064
1.03032e+06
845260
429806
448043
-646135
-515724
-181008
-235370
-2.71361e+06
-2.26282e+06
-1.37274e+06
-1.33148e+06
-1.24633e+06
-1.02005e+06
-513080
-550403
-1.29332e+06
-1.09237e+06
-760375
-683847
248503
278992
592787
370804
1.04764e+06
858186
435366
457261
-672980
-535505
-192002
-246845
-2.65778e+06
-2.21743e+06
-1.35117e+06
-1.30745e+06
-1.26407e+06
-1.03682e+06
-515363
-559539
-1.35186e+06
-1.143e+06
-796385
-716125
241282
269094
601740
369534
1.07482e+06
882305
438005
469505
-685102
-551316
-196249
-266301
-2.66438e+06
-2.22229e+06
-1.35593e+06
-1.30727e+06
-1.25998e+06
-1.03461e+06
-518406
-553136
-1.36508e+06
-1.15979e+06
-820858
-734205
233371
265263
593179
377999
1.12229e+06
914645
451892
483747
-698399
-562249
-222798
-258758
-2.66435e+06
-2.22374e+06
-1.35851e+06
-1.30966e+06
-1.25077e+06
-1.02267e+06
-497660
-538542
-1.40608e+06
-1.18783e+06
-834842
-748060
213297
246834
595659
363546
1.13957e+06
936407
451974
497892
-782704
-629130
-254889
-307249
-2.64415e+06
-2.20141e+06
-1.3381e+06
-1.28968e+06
-1.3131e+06
-1.07398e+06
-514479
-562464
-1.47193e+06
-1.24623e+06
-857611
-787078
223603
256982
600611
373659
1.12219e+06
918540
452764
477670
-832179
-671616
-272733
-329276
-2.67136e+06
-2.22502e+06
-1.33083e+06
-1.29794e+06
-1.25498e+06
-1.0244e+06
-486637
-539568
-1.47254e+06
-1.24339e+06
-863603
-777622
238462
270252
604342
379265
1.13269e+06
925900
442708
483600
-914938
-738793
-301025
-362367
-2.66089e+06
-2.21349e+06
-1.31421e+06
-1.2827e+06
-1.30725e+06
-1.06645e+06
-521855
-560009
-1.54111e+06
-1.30107e+06
-906615
-805793
152051
204060
569311
348026
1.06789e+06
873052
421101
465092
-926296
-746708
-318344
-359986
-2.75174e+06
-2.28863e+06
-1.36639e+06
-1.32182e+06
-1.35172e+06
-1.10274e+06
-536963
-581686
-1.5906e+06
-1.34503e+06
-934837
-846117
142100
194203
577347
341559
1.10678e+06
907454
452057
477912
-923524
-748288
-312996
-376268
-2.87494e+06
-2.39292e+06
-1.42242e+06
-1.38476e+06
-1.32563e+06
-1.08165e+06
-531639
-577198
-1.57375e+06
-1.33206e+06
-932146
-851646
160585
213296
590745
350652
1.15755e+06
947725
485594
501220
-881226
-712291
-303666
-350860
-2.94964e+06
-2.45261e+06
-1.46503e+06
-1.4292e+06
-1.31058e+06
-1.07002e+06
-521717
-559053
-1.56157e+06
-1.31819e+06
-922458
-835396
238013
276272
627414
384291
1.19527e+06
985705
511458
535744
-858850
-692036
-293166
-341111
-3.03353e+06
-2.52229e+06
-1.50055e+06
-1.45893e+06
-1.42926e+06
-1.16915e+06
-571332
-613822
-1.63492e+06
-1.38308e+06
-945719
-867209
246498
281730
640541
398088
1.15521e+06
952073
518613
518385
-879643
-712341
-292367
-352085
-3.22115e+06
-2.67996e+06
-1.57857e+06
-1.54481e+06
-1.41961e+06
-1.16161e+06
-576838
-615331
-1.66461e+06
-1.40436e+06
-964127
-875030
258959
293888
644512
404369
1.14327e+06
942123
512816
519358
-908338
-733791
-301874
-358384
-3.30381e+06
-2.74683e+06
-1.6202e+06
-1.58331e+06
-1.40572e+06
-1.15307e+06
-577092
-616133
-1.69217e+06
-1.42776e+06
-997977
-886185
194249
240513
624685
378920
1.12308e+06
925837
503488
520620
-873993
-703776
-278448
-336822
-3.29833e+06
-2.74253e+06
-1.63292e+06
-1.58709e+06
-1.40158e+06
-1.15158e+06
-570509
-616137
-1.75822e+06
-1.48717e+06
-1.03822e+06
-928633
134450
190096
610875
357119
1.13825e+06
939212
512582
521626
-805654
-650198
-236080
-319846
-3.32611e+06
-2.77009e+06
-1.66176e+06
-1.60974e+06
-1.39825e+06
-1.14596e+06
-578950
-615411
-1.77265e+06
-1.49749e+06
-1.05535e+06
-951221
66065.7
139237
588640
329321
1.1253e+06
928716
507248
511985
-769537
-616929
-230298
-286597
-3.3465e+06
-2.78486e+06
-1.6827e+06
-1.63224e+06
-1.38519e+06
-1.13821e+06
-573119
-609301
-1.70629e+06
-1.44228e+06
-1.02485e+06
-923878
73253.4
143744
602036
332520
1.15855e+06
958842
520035
530017
-740993
-593426
-210207
-284669
-3.31553e+06
-2.76068e+06
-1.67292e+06
-1.61575e+06
-1.4058e+06
-1.15389e+06
-581410
-622472
-1.71784e+06
-1.45448e+06
-1.0239e+06
-927815
66954.5
140141
603002
334753
1.16365e+06
962551
534272
529269
-671261
-535835
-167263
-245627
-3.35265e+06
-2.79365e+06
-1.69196e+06
-1.63824e+06
-1.34709e+06
-1.10602e+06
-549440
-595535
-1.69753e+06
-1.43567e+06
-1.01497e+06
-906426
78518.6
149200
617863
340836
1.13142e+06
933095
523259
523750
-691700
-552110
-152863
-242371
-3.33098e+06
-2.77612e+06
-1.6854e+06
-1.62592e+06
-1.3364e+06
-1.09653e+06
-555578
-591681
-1.71428e+06
-1.45186e+06
-1.02626e+06
-922983
39239.5
121104
605616
331639
1.15547e+06
953766
540062
533474
-640864
-505674
-136578
-213097
-3.32202e+06
-2.77041e+06
-1.69205e+06
-1.63039e+06
-1.33988e+06
-1.10241e+06
-570096
-597221
-1.73836e+06
-1.47131e+06
-1.04745e+06
-930678
57838.5
133358
613366
340485
1.22238e+06
1.01257e+06
562481
568807
-604675
-481246
-130540
-212001
-3.37574e+06
-2.815e+06
-1.73163e+06
-1.65248e+06
-1.3419e+06
-1.10791e+06
-589550
-611249
-1.7571e+06
-1.49109e+06
-1.06521e+06
-958846
57009.8
133379
607519
335031
1.2628e+06
1.04023e+06
579347
572409
-589894
-470693
-146386
-204624
-3.42179e+06
-2.85587e+06
-1.76386e+06
-1.6926e+06
-1.36412e+06
-1.12594e+06
-599822
-615481
-1.7786e+06
-1.5041e+06
-1.05916e+06
-954400
50098.5
128698
617253
336709
1.31285e+06
1.08914e+06
608216
612037
-595614
-473938
-149525
-213503
-3.45781e+06
-2.8823e+06
-1.77328e+06
-1.69718e+06
-1.46558e+06
-1.213e+06
-649676
-664347
-1.87606e+06
-1.58495e+06
-1.08178e+06
-993056
-3684.03
82733.6
596604
319822
1.29488e+06
1.07463e+06
620827
602799
-618796
-496228
-150460
-221648
-3.5709e+06
-2.97856e+06
-1.81274e+06
-1.74889e+06
-1.47125e+06
-1.21642e+06
-655978
-678047
-1.89563e+06
-1.59673e+06
-1.07766e+06
-991483
-29924.8
61852.8
588703
302341
1.28482e+06
1.06534e+06
628096
602068
-676324
-539838
-166515
-245647
-3.60391e+06
-3.0025e+06
-1.82441e+06
-1.75929e+06
355987
296836
190804
184720
-1.59749e+06
-1.28285e+06
-483138
-603726
-65630.8
28137.9
527937
266397
250960
169819
-117735
-16540.6
-1.58097e+06
-1.32984e+06
-864162
-794877
-1.85772e+06
-1.54293e+06
-875968
-871612
334820
283072
179357
174858
-1.62918e+06
-1.30803e+06
-491692
-623605
6839.14
92481.8
568589
306848
338131
245435
-85415
28499.2
-1.6908e+06
-1.41447e+06
-905211
-838572
-1.91498e+06
-1.58865e+06
-909626
-904824
308395
260191
164467
153866
-1.62245e+06
-1.30006e+06
-498737
-620901
69064.5
143184
597823
330305
407779
299311
-56593.3
44185.7
-1.72596e+06
-1.44521e+06
-914973
-869039
-1.90065e+06
-1.5773e+06
-919508
-912591
336649
283898
171582
168748
-1.62774e+06
-1.30592e+06
-495244
-623248
116452
182521
618030
360005
452603
334587
-47968
68216.7
-1.71853e+06
-1.44017e+06
-916067
-854022
-1.86592e+06
-1.55056e+06
-899928
-889952
357939
302645
176952
180515
-1.65096e+06
-1.32595e+06
-503419
-623091
134316
198254
643249
373951
510573
382702
-22471.1
93521.2
-1.77191e+06
-1.48113e+06
-937984
-880694
-1.92619e+06
-1.60046e+06
-934905
-921100
380173
319853
190734
187783
-1.66984e+06
-1.33897e+06
-494343
-632363
101323
174484
632569
364237
555927
420306
-14619.4
114375
-1.78664e+06
-1.4927e+06
-951782
-885433
-1.95688e+06
-1.62613e+06
-934461
-934301
414975
344170
212167
201762
-1.65187e+06
-1.32396e+06
-483311
-610784
89912.9
166656
652941
368807
554798
419302
-851.357
116349
-1.85114e+06
-1.54715e+06
-981683
-921176
-1.92305e+06
-1.59625e+06
-921736
-909573
423854
353245
202779
209907
-1.70369e+06
-1.36706e+06
-510522
-633918
128972
203041
677867
401201
608634
465228
16028.7
144688
-1.85499e+06
-1.54898e+06
-1.00178e+06
-927842
-1.9487e+06
-1.61993e+06
-939455
-926287
376534
310669
185623
178453
-1.75926e+06
-1.41343e+06
-535807
-665709
112673
189074
685227
395394
601061
456674
20125.7
135920
-1.88233e+06
-1.57796e+06
-1.01959e+06
-956377
-1.98021e+06
-1.64398e+06
-960629
-943634
337363
281291
156462
159047
-1.77331e+06
-1.42146e+06
-535923
-676632
100604
183392
677999
386879
573522
435434
-1258.65
126448
-1.87422e+06
-1.57173e+06
-1.03385e+06
-958735
-1.95494e+06
-1.6218e+06
-946453
-941757
370044
309861
160504
172360
-1.73758e+06
-1.39205e+06
-518864
-649811
174799
244621
722196
428114
642576
493221
30554.8
150321
-1.82832e+06
-1.53262e+06
-1.03225e+06
-949699
-1.93147e+06
-1.6048e+06
-941277
-931348
294157
243820
135530
137976
-1.79539e+06
-1.43662e+06
-525517
-671638
128510
206981
716467
410272
627030
476440
20421.2
144756
-1.84453e+06
-1.55052e+06
-1.05654e+06
-963302
-1.91324e+06
-1.58875e+06
-921830
-921895
330812
275195
161855
153376
-1.75979e+06
-1.40629e+06
-508309
-654919
139014
215941
733654
423363
680505
524337
50072.4
168812
-1.82975e+06
-1.54246e+06
-1.05804e+06
-960630
-1.9363e+06
-1.60629e+06
-926639
-921209
287346
242563
155039
145658
-1.80942e+06
-1.45247e+06
-521494
-680647
164694
234059
752439
435487
699452
540001
58649.6
180594
-1.89782e+06
-1.60053e+06
-1.09263e+06
-989344
-2.01278e+06
-1.67397e+06
-961977
-962390
251828
211201
146812
136276
-1.82552e+06
-1.46285e+06
-537131
-677297
185782
250778
757605
455231
717179
551645
64354.5
194486
-1.93165e+06
-1.63201e+06
-1.11443e+06
-1.01409e+06
-2.08259e+06
-1.72837e+06
-1.00779e+06
-982994
204181
176695
137214
123799
-1.88811e+06
-1.51164e+06
-543235
-706154
150922
225695
747741
436225
648669
496433
43155.4
162986
-1.961e+06
-1.65633e+06
-1.13385e+06
-1.02383e+06
-2.15799e+06
-1.7938e+06
-1.0267e+06
-1.02582e+06
173862
154426
143647
113870
-1.91018e+06
-1.52915e+06
-539000
-703653
145226
220243
763921
434648
652657
497974
58878.7
169032
-1.98839e+06
-1.67872e+06
-1.14643e+06
-1.04883e+06
-2.27681e+06
-1.88844e+06
-1.07788e+06
-1.07764e+06
153709
140796
160694
119860
-1.9432e+06
-1.55189e+06
-528270
-707017
128311
209473
749892
430872
631406
487197
45978.9
164897
-1.97503e+06
-1.66963e+06
-1.15568e+06
-1.04333e+06
-2.32796e+06
-1.9279e+06
-1.0986e+06
-1.09912e+06
146305
136725
157128
115272
-2.02111e+06
-1.61388e+06
-570034
-731166
97549.6
186280
743915
428971
648717
501760
53824.3
171845
-2.03548e+06
-1.72007e+06
-1.18519e+06
-1.07156e+06
-2.43078e+06
-2.01274e+06
-1.15262e+06
-1.13647e+06
160636
151096
165503
124538
-2.14792e+06
-1.72276e+06
-625823
-799470
157113
233310
779528
448290
713413
555252
77760.5
195278
-2.06414e+06
-1.7399e+06
-1.19405e+06
-1.0837e+06
-2.52768e+06
-2.09571e+06
-1.20046e+06
-1.19667e+06
174569
159551
174491
124891
-2.22866e+06
-1.78659e+06
-673209
-843646
226203
290301
804928
481256
765846
595949
100705
214676
-2.06991e+06
-1.74845e+06
-1.19027e+06
-1.09724e+06
-2.5697e+06
-2.12968e+06
-1.24026e+06
-1.22459e+06
209088
190469
183195
145782
-2.28462e+06
-1.83356e+06
-696019
-867521
275362
331666
816683
503704
790273
613126
102245
230138
-2.05187e+06
-1.73208e+06
-1.18445e+06
-1.0723e+06
-2.6052e+06
-2.16499e+06
-1.26557e+06
-1.24629e+06
183534
168600
172969
130975
-2.43093e+06
-1.95635e+06
-753029
-930098
295351
346508
832484
506293
769273
594813
96500.3
217527
-2.11371e+06
-1.78278e+06
-1.2104e+06
-1.11013e+06
-2.74128e+06
-2.27928e+06
-1.33719e+06
-1.31869e+06
190311
172668
182109
135547
-2.5287e+06
-2.03376e+06
-791380
-971258
320305
366414
831804
515453
746940
577021
74826.7
205144
-2.11192e+06
-1.7845e+06
-1.22209e+06
-1.11205e+06
-2.8009e+06
-2.32802e+06
-1.37903e+06
-1.34864e+06
241855
214431
208838
160451
-2.49246e+06
-2.0032e+06
-776398
-958219
302217
356943
832272
524537
704831
544935
57641.9
187767
-2.16695e+06
-1.82985e+06
-1.25371e+06
-1.13346e+06
-2.77511e+06
-2.30898e+06
-1.36632e+06
-1.33576e+06
302109
263858
230105
180497
-2.49928e+06
-2.01322e+06
-773171
-969392
286484
341547
837450
512880
699572
538877
45897.6
179659
-2.26262e+06
-1.90781e+06
-1.29934e+06
-1.1749e+06
-2.79371e+06
-2.32599e+06
-1.37344e+06
-1.35145e+06
303193
263607
224673
180088
-2.48168e+06
-1.99165e+06
-768532
-954763
230691
299948
809448
496141
639660
489606
19399.5
150002
-2.33769e+06
-1.972e+06
-1.33462e+06
-1.22848e+06
-2.7989e+06
-2.32495e+06
-1.3788e+06
-1.35046e+06
336071
290033
223511
189418
-2.38436e+06
-1.91285e+06
-714769
-915608
176929
253847
794162
467114
599377
456296
5528.16
128920
-2.33513e+06
-1.97102e+06
-1.34157e+06
-1.2201e+06
-2.74687e+06
-2.28509e+06
-1.34461e+06
-1.32743e+06
390666
334380
234939
204874
-2.33715e+06
-1.87457e+06
-691239
-888072
162560
243588
805519
465678
603924
459829
12539.1
131989
-2.38644e+06
-2.01041e+06
-1.36632e+06
-1.25513e+06
-2.75958e+06
-2.29447e+06
-1.34927e+06
-1.33242e+06
399208
337264
249158
214406
-2.29158e+06
-1.835e+06
-646031
-855981
82844.6
180803
775695
440581
543122
411044
-11884.3
114875
-2.44049e+06
-2.0589e+06
-1.39271e+06
-1.26896e+06
-2.75358e+06
-2.28831e+06
-1.33197e+06
-1.32194e+06
471413
401763
287254
247779
-2.21522e+06
-1.76819e+06
-618525
-816120
88952.6
186661
790093
444872
590246
451824
10531.6
131110
-2.49785e+06
-2.10281e+06
-1.41507e+06
-1.29708e+06
-2.75426e+06
-2.2858e+06
-1.32734e+06
-1.31716e+06
540852
460740
315859
283422
-2.20244e+06
-1.76305e+06
-617547
-813434
102294
198205
794939
455392
690249
533301
33606.7
173576
-2.50744e+06
-2.1101e+06
-1.42846e+06
-1.29815e+06
-2.77803e+06
-2.30835e+06
-1.34411e+06
-1.33276e+06
559531
473837
327546
286935
-2.16511e+06
-1.73005e+06
-613877
-805639
71982.1
172147
779329
439655
739144
567001
38249.5
183675
-2.52069e+06
-2.12434e+06
-1.44407e+06
-1.32178e+06
-2.77452e+06
-2.30568e+06
-1.35329e+06
-1.33764e+06
622384
527940
364944
323430
-2.13778e+06
-1.70718e+06
-582740
-787040
11717.5
123809
762200
422508
721576
552147
34299.6
174459
-2.4957e+06
-2.10548e+06
-1.43369e+06
-1.3053e+06
-2.77924e+06
-2.30972e+06
-1.34522e+06
-1.33063e+06
671200
571053
393313
349504
-2.17645e+06
-1.74068e+06
-587247
-792593
-66803.9
59604.9
749483
385819
702776
535782
27776.6
172663
-2.51697e+06
-2.12158e+06
-1.44489e+06
-1.31978e+06
-2.8892e+06
-2.40086e+06
-1.38714e+06
-1.38063e+06
724256
614600
436720
380163
-2.14988e+06
-1.71229e+06
-556441
-777188
-155114
-8393.36
716884
351209
659702
504103
10504.1
147792
-2.51602e+06
-2.12277e+06
-1.45357e+06
-1.32303e+06
-2.907e+06
-2.41217e+06
-1.37971e+06
-1.38954e+06
