-620352
-557672
-580692
-447874
213932
179570
107359
115121
498333
421652
302051
274338
511209
403936
113784
162712
978037
811254
482417
464776
1.06286e+06
872160
454668
469090
-618494
-561392
-587329
-452577
222909
183699
111325
105044
487667
415132
291194
265816
524898
408766
102400
169763
1.03789e+06
862931
502602
496744
1.10446e+06
905616
477042
491161
-641690
-580114
-608229
-463843
194700
159022
92084.4
104033
437580
371146
270946
250942
461392
354160
51874.1
133981
1.0074e+06
833997
485894
482735
1.09812e+06
900817
465730
499025
-651504
-586044
-623807
-480169
131334
109584
40882.8
62791.8
403925
347197
254004
230399
372155
280954
6149.71
79822.5
1.05639e+06
876396
501019
493696
1.05434e+06
866567
439292
463335
-681471
-616898
-640724
-502331
116137
89755.2
34168.8
34206.3
418594
356600
262847
226391
377711
282418
-8176.98
70060.8
1.09836e+06
907882
505031
501304
1.13217e+06
929138
481200
487415
-657748
-594756
-620172
-490770
170685
137551
68107.1
55116.1
501270
422505
303340
265493
441277
332392
15481.4
86622
1.19793e+06
988553
550960
546335
1.24045e+06
1.01709e+06
547502
542727
-670047
-604113
-629363
-488506
198309
164250
77283.2
86040
487146
415871
309252
266379
616582
481589
99698.5
161153
1.27238e+06
1.05337e+06
577691
591288
1.30921e+06
1.08034e+06
578211
589378
-647230
-586713
-623459
-479838
243419
200771
98579.9
102069
501510
429675
309923
272959
762343
601239
157532
244057
1.3112e+06
1.08524e+06
584412
605366
1.35869e+06
1.11884e+06
596145
616713
-646770
-587108
-621939
-477776
260638
211742
108672
109892
466543
396753
304497
262665
856451
676833
189614
283377
1.26103e+06
1.04069e+06
582197
584877
1.33667e+06
1.10246e+06
585006
613544
-686551
-617041
-630323
-491964
199548
160576
72265.6
86032.3
402764
346725
268345
234874
781724
615931
173467
256207
1.23597e+06
1.0204e+06
573010
574718
1.19757e+06
984872
515483
547277
-704203
-631549
-636004
-505006
200689
161994
72535.7
74404.6
389542
333573
265229
225884
861226
684116
196586
285192
1.26155e+06
1.04699e+06
582795
586733
1.21028e+06
996028
520859
535055
-710660
-637209
-623960
-494996
159451
128572
52870.4
61171.1
374385
319324
253535
216572
921642
730607
232191
314032
1.24496e+06
1.03218e+06
577575
588040
1.21751e+06
999899
522012
540732
-813756
-720957
-672516
-538846
124711
100292
46031.9
47304.7
329821
283473
241971
197488
947599
754261
251344
339764
1.2162e+06
1.0051e+06
578994
566327
1.23074e+06
1.01134e+06
532260
549757
-784058
-698793
-662706
-536224
213001
173248
93525.5
78990.9
365434
317050
256967
211477
977361
777569
255322
353408
1.29184e+06
1.07087e+06
606391
598113
1.2789e+06
1.05035e+06
552617
569063
-832492
-737069
-689417
-545208
276407
225967
115867
118627
353489
305340
253133
209551
923639
731143
215636
327950
1.29622e+06
1.07079e+06
607445
598084
1.21163e+06
996309
518548
554076
-880617
-774533
-700061
-568341
252925
207639
111431
111822
331572
289788
253608
209669
782830
617630
178080
266951
1.32494e+06
1.09433e+06
627435
615432
1.08994e+06
896404
475121
490342
-949915
-836854
-727062
-606657
279975
223816
125753
118182
312566
274089
253331
204090
724215
570721
148244
238287
1.32959e+06
1.09954e+06
622376
619844
1.04984e+06
865102
464133
476956
-947578
-831176
-714894
-599062
303186
247474
145143
126808
338145
293619
263361
215498
697330
548957
146136
231177
1.35166e+06
1.11801e+06
627757
627847
1.02979e+06
847718
461557
465604
-989406
-859080
-724437
-608397
311307
259174
154261
148307
333905
294328
272710
213012
822015
655232
205846
271598
1.39958e+06
1.15787e+06
638935
647111
1.08655e+06
893190
479920
486395
-966609
-841342
-723019
-595865
304414
252284
157908
151903
376191
331408
284439
242979
898750
717343
232133
325186
1.4352e+06
1.18516e+06
637909
664899
1.11735e+06
919055
480299
511531
-978132
-850224
-728721
-607656
246051
207567
149215
121662
341482
299854
280146
215390
925673
738775
236743
323479
1.36125e+06
1.12089e+06
611359
616768
1.06927e+06
879069
461279
481949
-956930
-830026
-724923
-589092
214198
183617
134893
131525
400820
351659
304435
260584
924266
739528
242113
334220
1.39165e+06
1.14989e+06
616573
638862
1.03305e+06
849067
432759
468417
-972480
-848971
-747925
-608843
153430
131539
102531
96966.3
414871
360553
304700
260079
961667
769204
239259
345733
1.39516e+06
1.15013e+06
600633
632380
1.01806e+06
835429
419463
451252
-1.01524e+06
-886460
-771142
-634568
44909.8
40860.9
48688.5
35654.4
418949
361712
297541
255748
979414
778171
236162
337391
1.35198e+06
1.11098e+06
570433
602497
970119
793811
386252
419345
-1.00788e+06
-882517
-795687
-641390
21136.1
20622.8
26323.5
21638.2
383300
331507
283389
234977
1.01684e+06
806699
247545
356462
1.34521e+06
1.10095e+06
561153
594553
982383
799742
382164
424710
-946839
-834505
-784444
-629717
75354.2
64727.8
48488.4
37073.6
446703
388149
318011
258544
1.01698e+06
806165
238779
355127
1.35312e+06
1.11071e+06
562561
595397
999349
813557
391970
426311
-952216
-839266
-800451
-622332
68236.5
58638.2
43132.8
47764.4
448432
389786
337585
281435
952628
754945
208076
335311
1.30358e+06
1.06825e+06
552145
584088
923629
755430
369545
417736
-932717
-825278
-802935
-629532
39362.5
34130.6
20007.6
22898.2
475321
414078
357434
291670
854256
673152
173436
284368
1.32181e+06
1.08329e+06
562293
585005
863466
704225
343504
374733
-933724
-830684
-819675
-649308
47858.4
36997.2
17903.9
9921.42
520760
452348
383697
308911
868358
683444
165074
276624
1.34115e+06
1.09943e+06
558114
586445
861533
705840
346638
370357
-892476
-800750
-814674
-632808
32423.7
23866.3
1130.66
3382.09
558264
481982
402665
333921
879077
690093
172787
283763
1.33094e+06
1.09092e+06
555709
587474
827056
675361
338159
365325
-929681
-826633
-838986
-649187
22689.6
16856
-8485.28
6694.18
543189
471446
414763
332031
911953
719790
203959
297744
1.32499e+06
1.08442e+06
553929
587661
813177
663304
335738
348332
-925751
-822966
-851620
-646733
9763.73
9717.77
-3139.55
1184.4
558827
489447
414905
348113
915024
724405
203478
318724
1.29534e+06
1.06583e+06
535046
578586
822081
672320
348334
361259
-994267
-881049
-901647
-688046
-63572.4
-50372.2
-35914.7
-28349.3
519592
452328
395290
323366
833386
655676
159713
278923
1.19529e+06
980085
489119
529761
705195
579369
299676
322591
-943149
-841948
-883193
-681680
-58489.8
-47561.4
-34904.2
-28420
551665
480978
407508
337856
760111
598462
150977
242064
1.21763e+06
997068
501503
527840
638697
526654
279512
282724
-926568
-830970
-891939
-672811
-43590.3
-36330.4
-25598.7
-23504.9
634791
546789
438472
371558
776686
613938
149765
256302
1.24176e+06
1.01893e+06
507302
544626
670450
552062
302321
300054
-961957
-863070
-916314
-686031
-73611.9
-60291.5
-40761.9
-31870.7
678541
579093
449487
388243
783453
615329
157946
256328
1.22025e+06
997927
489782
538502
654560
535624
301814
297411
-620352
-557672
-580692
-447874
213932
179570
107359
115121
498333
421652
302051
274338
511209
403936
113784
162712
978037
811254
482417
464776
1.06286e+06
872160
454668
469090
-618494
-561392
-587329
-452577
222909
183699
111325
105044
487667
415132
291194
265816
524898
408766
102400
169763
1.03789e+06
862931
502602
496744
1.10446e+06
905616
477042
491161
-641690
-580114
-608229
-463843
194700
159022
92084.4
104033
437580
371146
270946
250942
461392
354160
51874.1
133981
1.0074e+06
833997
485894
482735
1.09812e+06
900817
465730
499025
-651504
-586044
-623807
-480169
131334
109584
40882.8
62791.8
403925
347197
254004
230399
372155
280954
6149.71
79822.5
1.05639e+06
876396
501019
493696
1.05434e+06
866567
439292
463335
-681471
-616898
-640724
-502331
116137
89755.2
34168.8
34206.3
418594
356600
262847
226391
377711
282418
-8176.98
70060.8
1.09836e+06
907882
505031
501304
1.13217e+06
929138
481200
487415
-657748
-594756
-620172
-490770
170685
137551
68107.1
55116.1
501270
422505
303340
265493
441277
332392
15481.4
86622
1.19793e+06
988553
550960
546335
1.24045e+06
1.01709e+06
547502
542727
-670047
-604113
-629363
-488506
198309
164250
77283.2
86040
487146
415871
309252
266379
616582
481589
99698.5
161153
1.27238e+06
1.05337e+06
577691
591288
1.30921e+06
1.08034e+06
578211
589378
-647230
-586713
-623459
-479838
243419
200771
98579.9
102069
501510
429675
309923
272959
762343
601239
157532
244057
1.3112e+06
1.08524e+06
584412
605366
1.35869e+06
1.11884e+06
596145
616713
-646770
-587108
-621939
-477776
260638
211742
108672
109892
466543
396753
304497
262665
856451
676833
189614
283377
1.26103e+06
1.04069e+06
582197
584877
1.33667e+06
1.10246e+06
585006
613544
-686551
-617041
-630323
-491964
199548
160576
72265.6
86032.3
402764
346725
268345
234874
781724
615931
173467
256207
1.23597e+06
1.0204e+06
573010
574718
1.19757e+06
984872
515483
547277
-704203
-631549
-636004
-505006
200689
161994
72535.7
74404.6
389542
333573
265229
225884
861226
684116
196586
285192
1.26155e+06
1.04699e+06
582795
586733
1.21028e+06
996028
520859
535055
-710660
-637209
-623960
-494996
159451
128572
52870.4
61171.1
374385
319324
253535
216572
921642
730607
232191
314032
1.24496e+06
1.03218e+06
577575
588040
1.21751e+06
999899
522012
540732
-813756
-720957
-672516
-538846
124711
100292
46031.9
47304.7
329821
283473
241971
197488
947599
754261
251344
339764
1.2162e+06
1.0051e+06
578994
566327
1.23074e+06
1.01134e+06
532260
549757
-784058
-698793
-662706
-536224
213001
173248
93525.5
78990.9
365434
317050
256967
211477
977361
777569
255322
353408
1.29184e+06
1.07087e+06
606391
598113
1.2789e+06
1.05035e+06
552617
569063
-832492
-737069
-689417
-545208
276407
225967
115867
118627
353489
305340
253133
209551
923639
731143
215636
327950
1.29622e+06
1.07079e+06
607445
598084
1.21163e+06
996309
518548
554076
-880617
-774533
-700061
-568341
252925
207639
111431
111822
331572
289788
253608
209669
782830
617630
178080
266951
1.32494e+06
1.09433e+06
627435
615432
1.08994e+06
896404
475121
490342
-949915
-836854
-727062
-606657
279975
223816
125753
118182
312566
274089
253331
204090
724215
570721
148244
238287
1.32959e+06
1.09954e+06
622376
619844
1.04984e+06
865102
464133
476956
-947578
-831176
-714894
-599062
303186
247474
145143
126808
338145
293619
263361
215498
697330
548957
146136
231177
1.35166e+06
1.11801e+06
627757
627847
1.02979e+06
847718
461557
465604
-989406
-859080
-724437
-608397
311307
259174
154261
148307
333905
294328
272710
213012
822015
655232
205846
271598
1.39958e+06
1.15787e+06
638935
647111
1.08655e+06
893190
479920
486395
-966609
-841342
-723019
-595865
304414
252284
157908
151903
376191
331408
284439
242979
898750
717343
232133
325186
1.4352e+06
1.18516e+06
637909
664899
1.11735e+06
919055
480299
511531
-978132
-850224
-728721
-607656
246051
207567
149215
121662
341482
299854
280146
215390
925673
738775
236743
323479
1.36125e+06
1.12089e+06
611359
616768
1.06927e+06
879069
461279
481949
-956930
-830026
-724923
-589092
214198
183617
134893
131525
400820
351659
304435
260584
924266
739528
242113
334220
1.39165e+06
1.14989e+06
616573
638862
1.03305e+06
849067
432759
468417
-972480
-848971
-747925
-608843
153430
131539
102531
96966.3
414871
360553
304700
260079
961667
769204
239259
345733
1.39516e+06
1.15013e+06
600633
632380
1.01806e+06
835429
419463
451252
-1.01524e+06
-886460
-771142
-634568
44909.8
40860.9
48688.5
35654.4
418949
361712
297541
255748
979414
778171
236162
337391
1.35198e+06
1.11098e+06
570433
602497
970119
793811
386252
419345
-1.00788e+06
-882517
-795687
-641390
21136.1
20622.8
26323.5
21638.2
383300
331507
283389
234977
1.01684e+06
806699
247545
356462
1.34521e+06
1.10095e+06
561153
594553
982383
799742
382164
424710
-946839
-834505
-784444
-629717
75354.2
64727.8
48488.4
37073.6
446703
388149
318011
258544
1.01698e+06
806165
238779
355127
1.35312e+06
1.11071e+06
562561
595397
999349
813557
391970
426311
-952216
-839266
-800451
-622332
68236.5
58638.2
43132.8
47764.4
448432
389786
337585
281435
952628
754945
208076
335311
1.30358e+06
1.06825e+06
552145
584088
923629
755430
369545
417736
-932717
-825278
-802935
-629532
39362.5
34130.6
20007.6
22898.2
475321
414078
357434
291670
854256
673152
173436
284368
1.32181e+06
1.08329e+06
562293
585005
863466
704225
343504
374733
-933724
-830684
-819675
-649308
47858.4
36997.2
17903.9
9921.42
520760
452348
383697
308911
868358
683444
165074
276624
1.34115e+06
1.09943e+06
558114
586445
861533
705840
346638
370357
-892476
-800750
-814674
-632808
32423.7
23866.3
1130.66
3382.09
558264
481982
402665
333921
879077
690093
172787
283763
1.33094e+06
1.09092e+06
555709
587474
827056
675361
338159
365325
-929681
-826633
-838986
-649187
22689.6
16856
-8485.28
6694.18
543189
471446
414763
332031
911953
719790
203959
297744
1.32499e+06
1.08442e+06
553929
587661
813177
663304
335738
348332
-925751
-822966
-851620
-646733
9763.73
9717.77
-3139.55
1184.4
558827
489447
414905
348113
915024
724405
203478
318724
1.29534e+06
1.06583e+06
535046
578586
822081
672320
348334
361259
-994267
-881049
-901647
-688046
-63572.4
-50372.2
-35914.7
-28349.3
519592
452328
395290
323366
833386
655676
159713
278923
1.19529e+06
980085
489119
529761
705195
579369
299676
322591
-943149
-841948
-883193
-681680
-58489.8
-47561.4
-34904.2
-28420
551665
480978
407508
337856
760111
598462
150977
242064
1.21763e+06
997068
501503
527840
638697
526654
279512
282724
-926568
-830970
-891939
-672811
-43590.3
-36330.4
-25598.7
-23504.9
634791
546789
438472
371558
776686
613938
149765
256302
1.24176e+06
1.01893e+06
507302
544626
670450
552062
302321
300054
-961957
-863070
-916314
-686031
-73611.9
-60291.5
-40761.9
-31870.7
678541
579093
449487
388243
783453
615329
157946
256328
1.22025e+06
997927
489782
538502
654560
535624
301814
297411
-620352
-557672
-580692
-447874
213932
179570
107359
115121
498333
421652
302051
274338
511209
403936
113784
162712
978037
811254
482417
464776
1.06286e+06
872160
454668
469090
-618494
-561392
-587329
-452577
222909
183699
111325
105044
487667
415132
291194
265816
524898
408766
102400
169763
1.03789e+06
862931
502602
496744
1.10446e+06
905616
477042
491161
-641690
-580114
-608229
-463843
194700
159022
92084.4
104033
437580
371146
270946
250942
461392
354160
51874.1
133981
1.0074e+06
833997
485894
482735
1.09812e+06
900817
465730
499025
-651504
-586044
-623807
-480169
131334
109584
40882.8
62791.8
403925
347197
254004
230399
372155
280954
6149.71
79822.5
1.05639e+06
876396
501019
493696
1.05434e+06
866567
439292
463335
-681471
-616898
-640724
-502331
116137
89755.2
34168.8
34206.3
418594
356600
262847
226391
377711
282418
-8176.98
70060.8
1.09836e+06
907882
505031
501304
1.13217e+06
929138
481200
487415
-657748
-594756
-620172
-490770
170685
137551
68107.1
55116.1
501270
422505
303340
265493
441277
332392
15481.4
86622
1.19793e+06
988553
550960
546335
1.24045e+06
1.01709e+06
547502
542727
-670047
-604113
-629363
-488506
198309
164250
77283.2
86040
487146
415871
309252
266379
616582
481589
99698.5
161153
1.27238e+06
1.05337e+06
577691
591288
1.30921e+06
1.08034e+06
578211
589378
-647230
-586713
-623459
-479838
243419
200771
98579.9
102069
501510
429675
309923
272959
762343
601239
157532
244057
1.3112e+06
1.08524e+06
584412
605366
1.35869e+06
1.11884e+06
596145
616713
-646770
-587108
-621939
-477776
260638
211742
108672
109892
466543
396753
304497
262665
856451
676833
189614
283377
1.26103e+06
1.04069e+06
582197
584877
1.33667e+06
1.10246e+06
585006
613544
-686551
-617041
-630323
-491964
199548
160576
72265.6
86032.3
402764
346725
268345
234874
781724
615931
173467
256207
1.23597e+06
1.0204e+06
573010
574718
1.19757e+06
984872
515483
547277
-704203
-631549
-636004
-505006
200689
161994
72535.7
74404.6
389542
333573
265229
225884
861226
684116
196586
285192
1.26155e+06
1.04699e+06
582795
586733
1.21028e+06
996028
520859
535055
-710660
-637209
-623960
-494996
159451
128572
52870.4
61171.1
374385
319324
253535
216572
921642
730607
232191
314032
1.24496e+06
1.03218e+06
577575
588040
1.21751e+06
999899
522012
540732
-813756
-720957
-672516
-538846
124711
100292
46031.9
47304.7
329821
283473
241971
197488
947599
754261
251344
339764
1.2162e+06
1.0051e+06
578994
566327
1.23074e+06
1.01134e+06
532260
549757
-784058
-698793
-662706
-536224
213001
173248
93525.5
78990.9
365434
317050
256967
211477
977361
777569
255322
353408
1.29184e+06
1.07087e+06
606391
598113
1.2789e+06
1.05035e+06
552617
569063
-832492
-737069
-689417
-545208
276407
225967
115867
118627
353489
305340
253133
209551
923639
731143
215636
327950
1.29622e+06
1.07079e+06
607445
598084
1.21163e+06
996309
518548
554076
-880617
-774533
-700061
-568341
252925
207639
111431
111822
331572
289788
253608
209669
782830
617630
178080
266951
1.32494e+06
1.09433e+06
627435
615432
1.08994e+06
896404
475121
490342
-949915
-836854
-727062
-606657
279975
223816
125753
118182
312566
274089
253331
204090
724215
570721
148244
238287
1.32959e+06
1.09954e+06
622376
619844
1.04984e+06
865102
464133
476956
-947578
-831176
-714894
-599062
303186
247474
145143
126808
338145
293619
263361
215498
697330
548957
146136
231177
1.35166e+06
1.11801e+06
627757
627847
1.02979e+06
847718
461557
465604
-989406
-859080
-724437
-608397
311307
259174
154261
148307
333905
294328
272710
213012
822015
655232
205846
271598
1.39958e+06
1.15787e+06
638935
647111
1.08655e+06
893190
479920
486395
-966609
-841342
-723019
-595865
304414
252284
157908
151903
376191
331408
284439
242979
898750
717343
232133
325186
1.4352e+06
1.18516e+06
637909
664899
1.11735e+06
919055
480299
511531
-978132
-850224
-728721
-607656
246051
207567
149215
121662
341482
299854
280146
215390
925673
738775
236743
323479
1.36125e+06
1.12089e+06
611359
616768
1.06927e+06
879069
461279
481949
-956930
-830026
-724923
-589092
214198
183617
134893
131525
400820
351659
304435
260584
924266
739528
242113
334220
1.39165e+06
1.14989e+06
616573
638862
1.03305e+06
849067
432759
468417
-972480
-848971
-747925
-608843
153430
131539
102531
96966.3
414871
360553
304700
260079
961667
769204
239259
345733
1.39516e+06
1.15013e+06
600633
632380
1.01806e+06
835429
419463
451252
-1.01524e+06
-886460
-771142
-634568
44909.8
40860.9
48688.5
35654.4
418949
361712
297541
255748
979414
778171
236162
337391
1.35198e+06
1.11098e+06
570433
602497
970119
793811
386252
419345
-1.00788e+06
-882517
-795687
-641390
21136.1
20622.8
26323.5
21638.2
383300
331507
283389
234977
1.01684e+06
806699
247545
356462
1.34521e+06
1.10095e+06
561153
594553
982383
799742
382164
424710
-946839
-834505
-784444
-629717
75354.2
64727.8
48488.4
37073.6
446703
388149
318011
258544
1.01698e+06
806165
238779
355127
1.35312e+06
1.11071e+06
562561
595397
999349
813557
391970
426311
-952216
-839266
-800451
-622332
68236.5
58638.2
43132.8
47764.4
448432
389786
337585
281435
952628
754945
208076
335311
1.30358e+06
1.06825e+06
552145
584088
923629
755430
369545
417736
-932717
-825278
-802935
-629532
39362.5
34130.6
20007.6
22898.2
475321
414078
357434
291670
854256
673152
173436
284368
1.32181e+06
1.08329e+06
562293
585005
863466
704225
343504
374733
-933724
-830684
-819675
-649308
47858.4
36997.2
17903.9
9921.42
520760
452348
383697
308911
868358
683444
165074
276624
1.34115e+06
1.09943e+06
558114
586445
861533
705840
346638
370357
-892476
-800750
-814674
-632808
32423.7
23866.3
1130.66
3382.09
558264
481982
402665
333921
879077
690093
172787
283763
1.33094e+06
1.09092e+06
555709
587474
827056
675361
338159
365325
-929681
-826633
-838986
-649187
22689.6
16856
-8485.28
6694.18
543189
471446
414763
332031
911953
719790
203959
297744
1.32499e+06
1.08442e+06
553929
587661
813177
663304
335738
348332
-925751
-822966
-851620
-646733
9763.73
9717.77
-3139.55
1184.4
558827
489447
414905
348113
915024
724405
203478
318724
1.29534e+06
1.06583e+06
535046
578586
822081
672320
348334
361259
-994267
-881049
-901647
-688046
-63572.4
-50372.2
-35914.7
-28349.3
519592
452328
395290
323366
833386
655676
159713
278923
1.19529e+06
980085
489119
529761
705195
579369
299676
322591
-943149
-841948
-883193
-681680
-58489.8
-47561.4
-34904.2
-28420
551665
480978
407508
337856
760111
598462
150977
242064
1.21763e+06
997068
501503
527840
638697
526654
279512
282724
-926568
-830970
-891939
-672811
-43590.3
-36330.4
-25598.7
-23504.9
634791
546789
438472
371558
776686
613938
149765
256302
1.24176e+06
1.01893e+06
507302
544626
670450
552062
302321
300054
-961957
-863070
-916314
-686031
-73611.9
-60291.5
-40761.9
-31870.7
678541
579093
449487
388243
783453
615329
157946
256328
1.22025e+06
997927
489782
538502
654560
535624
301814
297411
-620352
-557672
-580692
-447874
213932
179570
107359
115121
498333
421652
302051
274338
511209
403936
113784
162712
978037
811254
482417
464776
1.06286e+06
872160
454668
469090
-618494
-561392
-587329
-452577
222909
183699
111325
105044
487667
415132
291194
265816
524898
408766
102400
169763
1.03789e+06
862931
502602
496744
1.10446e+06
905616
477042
491161
-641690
-580114
-608229
-463843
194700
159022
92084.4
104033
437580
371146
270946
250942
461392
354160
51874.1
133981
1.0074e+06
833997
485894
482735
1.09812e+06
900817
465730
499025
-651504
-586044
-623807
-480169
131334
109584
40882.8
62791.8
403925
347197
254004
230399
372155
280954
6149.71
79822.5
1.05639e+06
876396
501019
493696
1.05434e+06
866567
439292
463335
-681471
-616898
-640724
-502331
116137
89755.2
34168.8
34206.3
418594
356600
262847
226391
377711
282418
-8176.98
70060.8
1.09836e+06
907882
505031
501304
1.13217e+06
929138
481200
487415
-657748
-594756
-620172
-490770
170685
137551
68107.1
55116.1
501270
422505
303340
265493
441277
332392
15481.4
86622
1.19793e+06
988553
550960
546335
1.24045e+06
1.01709e+06
547502
542727
-670047
-604113
-629363
-488506
198309
164250
77283.2
86040
487146
415871
309252
266379
616582
481589
99698.5
161153
1.27238e+06
1.05337e+06
577691
591288
1.30921e+06
1.08034e+06
578211
589378
-647230
-586713
-623459
-479838
243419
200771
98579.9
102069
501510
429675
309923
272959
762343
601239
157532
244057
1.3112e+06
1.08524e+06
584412
605366
1.35869e+06
1.11884e+06
596145
616713
-646770
-587108
-621939
-477776
260638
211742
108672
109892
466543
396753
304497
262665
856451
676833
189614
283377
1.26103e+06
1.04069e+06
582197
584877
1.33667e+06
1.10246e+06
585006
613544
-686551
-617041
-630323
-491964
199548
160576
72265.6
86032.3
402764
346725
268345
234874
781724
615931
173467
256207
1.23597e+06
1.0204e+06
573010
574718
1.19757e+06
984872
515483
547277
-704203
-631549
-636004
-505006
200689
161994
72535.7
74404.6
389542
333573
265229
225884
861226
684116
196586
285192
1.26155e+06
1.04699e+06
582795
586733
1.21028e+06
996028
520859
535055
-710660
-637209
-623960
-494996
159451
128572
52870.4
61171.1
374385
319324
253535
216572
921642
730607
232191
314032
1.24496e+06
1.03218e+06
577575
588040
1.21751e+06
999899
522012
540732
-813756
-720957
-672516
-538846
124711
100292
46031.9
47304.7
329821
283473
241971
197488
947599
754261
251344
339764
1.2162e+06
1.0051e+06
578994
566327
1.23074e+06
1.01134e+06
532260
549757
-784058
-698793
-662706
-536224
213001
173248
93525.5
78990.9
365434
317050
256967
211477
977361
777569
255322
353408
1.29184e+06
1.07087e+06
606391
598113
1.2789e+06
1.05035e+06
552617
569063
-832492
-737069
-689417
-545208
276407
225967
115867
118627
353489
305340
253133
209551
923639
731143
215636
327950
1.29622e+06
1.07079e+06
607445
598084
1.21163e+06
996309
518548
554076
-880617
-774533
-700061
-568341
252925
207639
111431
111822
331572
289788
253608
209669
782830
617630
178080
266951
1.32494e+06
1.09433e+06
627435
615432
1.08994e+06
896404
475121
490342
-949915
-836854
-727062
-606657
279975
223816
125753
118182
312566
274089
253331
204090
724215
570721
148244
238287
1.32959e+06
1.09954e+06
622376
619844
1.04984e+06
865102
464133
476956
-947578
-831176
-714894
-599062
303186
247474
145143
126808
338145
293619
263361
215498
697330
548957
146136
231177
1.35166e+06
1.11801e+06
627757
627847
1.02979e+06
847718
461557
465604
-989406
-859080
-724437
-608397
311307
259174
154261
148307
333905
294328
272710
213012
822015
655232
205846
271598
1.39958e+06
1.15787e+06
638935
647111
1.08655e+06
893190
479920
486395
-966609
-841342
-723019
-595865
304414
252284
157908
151903
376191
331408
284439
242979
898750
717343
232133
325186
1.4352e+06
1.18516e+06
637909
664899
1.11735e+06
919055
480299
511531
-978132
-850224
-728721
-607656
246051
207567
149215
121662
341482
299854
280146
215390
925673
738775
236743
323479
1.36125e+06
1.12089e+06
611359
616768
1.06927e+06
879069
461279
481949
-956930
-830026
-724923
-589092
214198
183617
134893
131525
400820
351659
304435
260584
924266
739528
242113
334220
1.39165e+06
1.14989e+06
616573
638862
1.03305e+06
849067
432759
468417
-972480
-848971
-747925
-608843
153430
131539
102531
96966.3
414871
360553
304700
260079
961667
769204
239259
345733
1.39516e+06
1.15013e+06
600633
632380
1.01806e+06
835429
419463
451252
-1.01524e+06
-886460
-771142
-634568
44909.8
40860.9
48688.5
35654.4
418949
361712
297541
255748
979414
778171
236162
337391
1.35198e+06
1.11098e+06
570433
602497
970119
793811
386252
419345
-1.00788e+06
-882517
-795687
-641390
21136.1
20622.8
26323.5
21638.2
383300
331507
283389
234977
1.01684e+06
806699
247545
356462
1.34521e+06
1.10095e+06
561153
594553
982383
799742
382164
424710
-946839
-834505
-784444
-629717
75354.2
64727.8
48488.4
37073.6
446703
388149
318011
258544
1.01698e+06
806165
238779
355127
1.35312e+06
1.11071e+06
562561
595397
999349
813557
391970
426311
-952216
-839266
-800451
-622332
68236.5
58638.2
43132.8
47764.4
448432
389786
337585
281435
952628
754945
208076
335311
1.30358e+06
1.06825e+06
552145
584088
923629
755430
369545
417736
-932717
-825278
-802935
-629532
39362.5
34130.6
20007.6
22898.2
475321
414078
357434
291670
854256
673152
173436
284368
1.32181e+06
1.08329e+06
562293
585005
863466
704225
343504
374733
-933724
-830684
-819675
-649308
47858.4
36997.2
17903.9
9921.42
520760
452348
383697
308911
868358
683444
165074
276624
1.34115e+06
1.09943e+06
558114
586445
861533
705840
346638
370357
-892476
-800750
-814674
-632808
32423.7
23866.3
1130.66
3382.09
558264
481982
402665
333921
879077
690093
172787
283763
1.33094e+06
1.09092e+06
555709
587474
827056
675361
338159
365325
-929681
-826633
-838986
-649187
22689.6
16856
-8485.28
6694.18
543189
471446
414763
332031
911953
719790
203959
297744
1.32499e+06
1.08442e+06
553929
587661
813177
663304
335738
348332
-925751
-822966
-851620
-646733
9763.73
9717.77
-3139.55
1184.4
558827
489447
414905
348113
915024
724405
203478
318724
1.29534e+06
1.06583e+06
535046
578586
822081
672320
348334
361259
-994267
-881049
-901647
-688046
-63572.4
-50372.2
-35914.7
-28349.3
519592
452328
395290
323366
833386
655676
159713
278923
1.19529e+06
980085
489119
529761
705195
579369
299676
322591
-943149
-841948
-883193
-681680
-58489.8
-47561.4
-34904.2
-28420
551665
480978
407508
337856
760111
598462
150977
242064
1.21763e+06
997068
501503
527840
638697
526654
279512
282724
-926568
-830970
-891939
-672811
-43590.3
-36330.4
-25598.7
-23504.9
634791
546789
438472
371558
776686
613938
149765
256302
1.24176e+06
1.01893e+06
507302
544626
670450
552062
302321
300054
-961957
-863070
-916314
-686031
-73611.9
-60291.5
-40761.9
-31870.7
678541
579093
449487
388243
783453
615329
157946
256328
1.22025e+06
997927
489782
538502
654560
535624
301814
297411
-130632
-115339
-117921
-89012
1.04972e+06
880950
569063
536444
626195
550118
536859
413344
-257060
-145030
325321
115384
1.19552e+06
1.02809e+06
807214
688725
2.44786e+06
2.03639e+06
1.20194e+06
1.17369e+06
-275075
-233045
-178560
-144115
958761
806182
528156
495726
596663
528580
527811
414821
-262103
-143976
334959
124990
1.16482e+06
1.00508e+06
796459
681869
2.35758e+06
1.96273e+06
1.17279e+06
1.1383e+06
-288323
-244285
-195957
-158759
971199
815625
526532
494363
606508
538619
544268
422615
-265253
-144369
327139
125940
1.11734e+06
966416
777776
666083
2.43208e+06
2.02619e+06
1.20761e+06
1.17716e+06
-362208
-307719
-235530
-197946
941336
789964
513001
478723
593878
527014
545471
418268
-317164
-192639
299633
99801.1
1.09026e+06
941371
764473
651989
2.43931e+06
2.03284e+06
1.21163e+06
1.1834e+06
-407779
-348234
-264010
-233979
913532
763448
500043
457545
634532
563830
567727
436809
-362771
-229255
274343
72715.3
1.07604e+06
930927
755349
636637
2.4528e+06
2.04283e+06
1.22498e+06
1.1796e+06
-382745
-326692
-257871
-220428
930499
780207
503468
475350
740556
652078
638368
494111
-236672
-129637
327814
121466
1.15855e+06
994631
780745
672993
2.52531e+06
2.10332e+06
1.25978e+06
1.2229e+06
-355939
-307285
-243405
-212928
917761
768952
499301
463902
750455
664431
640808
509787
-220733
-115364
338797
135757
1.17584e+06
1.01136e+06
789685
672210
2.55935e+06
2.12886e+06
1.27077e+06
1.2335e+06
-345369
-297139
-227547
-201098
916810
767603
504446
465793
732838
649613
628641
500581
-166546
-69794.3
362223
160584
1.24501e+06
1.06985e+06
818635
708412
2.62197e+06
2.17942e+06
1.29689e+06
1.2586e+06
-298338
-259406
-215139
-181140
877654
736553
488514
460541
708345
628158
608192
485473
-196096
-95303.9
333527
150175
1.26062e+06
1.07961e+06
820002
721948
2.71401e+06
2.25396e+06
1.32908e+06
1.30282e+06
-262601
-229875
-215526
-170451
842212
708546
475300
438936
706514
623902
589103
474634
-216110
-116632
294918
127843
1.28287e+06
1.09452e+06
822128
723435
2.76247e+06
2.29589e+06
1.33881e+06
1.32397e+06
-246256
-218520
-218648
-175224
809871
681560
469402
424606
708646
624823
584393
468982
-231143
-131251
270268
102952
1.33768e+06
1.14248e+06
840010
738562
2.8418e+06
2.35727e+06
1.37287e+06
1.34255e+06
-228784
-204915
-214957
-165950
758125
641214
449658
408848
720278
634693
589885
479331
-228407
-132941
257359
99316
1.3775e+06
1.17146e+06
845498
758091
2.88267e+06
2.39147e+06
1.38428e+06
1.36955e+06
-270680
-239187
-233974
-179466
766649
650023
438997
408716
708957
625213
587232
472022
-242222
-146694
247443
80520.4
1.40232e+06
1.19562e+06
856808
771860
2.89578e+06
2.40174e+06
1.36839e+06
1.37192e+06
-346897
-301891
-273503
-217976
748786
633743
418387
389687
634732
566303
550349
440858
-218033
-123391
252982
88908.1
1.4342e+06
1.22157e+06
864006
785673
2.87602e+06
2.38445e+06
1.35146e+06
1.34819e+06
-341794
-303195
-274065
-227434
728794
612700
406383
381996
543646
489377
519866
402959
-294603
-191054
212039
57107.4
1.40055e+06
1.19093e+06
853602
775290
2.92705e+06
2.42146e+06
1.36365e+06
1.37164e+06
-340134
-298326
-281070
-218171
706727
595850
392809
366798
468414
428360
487844
370088
-349823
-237467
177783
26346.1
1.41311e+06
1.20234e+06
861367
781664
2.94935e+06
2.43996e+06
1.35756e+06
1.38049e+06
-393310
-344692
-301203
-255708
690696
576923
379902
347124
395175
368058
459190
336412
-414686
-290956
144144
-6683.57
1.41022e+06
1.20292e+06
863696
783547
2.94907e+06
2.43746e+06
1.34889e+06
1.3653e+06
-440991
-380742
-317707
-261972
653057
552674
353791
342180
354307
335875
456822
325592
-429938
-306406
131232
-21355.3
1.37211e+06
1.16957e+06
850388
768675
2.94584e+06
2.43299e+06
1.33464e+06
1.36373e+06
-462070
-399713
-336215
-275461
698882
583322
353616
339855
364193
345978
459411
326479
-457077
-327171
123632
-31740.6
1.31576e+06
1.12368e+06
819312
731610
2.93306e+06
2.42026e+06
1.30957e+06
1.34608e+06
-497250
-428366
-352370
-296257
706407
585489
355235
334093
375758
354884
475832
333955
-425768
-299226
148711
-19388.9
1.31879e+06
1.12411e+06
815024
723736
2.91666e+06
2.40472e+06
1.30596e+06
1.32768e+06
-416874
-363792
-339933
-269254
809792
673143
401799
381314
402600
380706
496440
351511
-405969
-279641
156920
289.914
1.3184e+06
1.12472e+06
811828
731386
3.04205e+06
2.50861e+06
1.35049e+06
1.39066e+06
-444840
-385290
-360966
-280413
854143
712655
437168
412831
411848
391021
511857
364904
-484687
-344783
126773
-25470
1.26633e+06
1.07955e+06
790149
709126
3.01698e+06
2.48874e+06
1.33983e+06
1.38519e+06
-479379
-417217
-374794
-310003
872295
726412
458318
423998
467400
438106
549800
394669
-528652
-380111
113143
-48663.1
1.23369e+06
1.05706e+06
783067
692622
2.9658e+06
2.44646e+06
1.32456e+06
1.35675e+06
-384701
-342375
-339795
-273464
924395
771268
483241
457297
555669
510228
606194
438128
-451837
-322173
155300
-21627.6
1.27346e+06
1.08408e+06
794536
707074
2.98697e+06
2.46227e+06
1.33762e+06
1.3662e+06
-364818
-324635
-329117
-253957
941902
787867
500730
467231
565319
517654
612958
448875
-474698
-336511
153842
-19520.4
1.28227e+06
1.09469e+06
796602
704725
2.91671e+06
2.4058e+06
1.31792e+06
1.33652e+06
-406550
-357423
-336728
-263945
938628
784546
512241
472324
544301
501049
606563
443499
-486428
-344761
159819
-17022.9
1.32416e+06
1.12896e+06
821235
725752
2.8558e+06
2.35718e+06
1.31497e+06
1.31652e+06
-383639
-337803
-341139
-261746
940410
789164
513862
472019
536693
495388
596632
436619
-569967
-410084
118448
-54353.9
1.30836e+06
1.11703e+06
815990
723988
2.86737e+06
2.37045e+06
1.32629e+06
1.3326e+06
-356625
-315681
-329427
-251658
985783
827629
548931
495750
556699
511339
605269
439840
-647661
-476212
86542.1
-90848.4
1.32536e+06
1.12938e+06
830831
729914
2.84794e+06
2.35627e+06
1.33059e+06
1.33054e+06
-387910
-340849
-341216
-267404
999287
839531
567151
510637
600554
548200
627694
462409
-712000
-527144
64365.8
-114701
1.35949e+06
1.16267e+06
851712
749689
2.80239e+06
2.32018e+06
1.33238e+06
1.31442e+06
-323936
-292996
-314199
-242557
1.04872e+06
880666
594512
540669
677900
610760
665691
501848
-700442
-523705
73448.6
-114069
1.42479e+06
1.20824e+06
873235
776286
2.79178e+06
2.31103e+06
1.3411e+06
1.32074e+06
-354906
-314554
-321116
-249992
1.05674e+06
892990
584544
545581
720989
646430
670641
511504
-736634
-547964
67960
-125743
1.4372e+06
1.22074e+06
870067
780874
2.76118e+06
2.28989e+06
1.31231e+06
1.30528e+06
-405333
-357075
-327681
-264541
1.0293e+06
865960
569568
524364
760821
675761
678050
528311
-691900
-509958
99674.5
-102946
1.48063e+06
1.25505e+06
888352
796181
2.74733e+06
2.27626e+06
1.31168e+06
1.29461e+06
-378299
-328909
-306352
-247459
1.02212e+06
863548
571485
531936
792240
702927
693228
538723
-691862
-504382
113845
-88120.4
1.48164e+06
1.26047e+06
901265
810474
2.80623e+06
2.3264e+06
1.34511e+06
1.32843e+06
-359407
-313035
-288984
-229477
1.01832e+06
860060
584057
529755
858236
755346
721299
566308
-719130
-527329
115403
-93751
1.50703e+06
1.27913e+06
918299
824640
2.82267e+06
2.3413e+06
1.35473e+06
1.34537e+06
-371749
-320066
-281750
-231122
986413
835095
583969
528739
940861
825800
757813
611101
-726288
-528721
129506
-84145
1.52842e+06
1.30338e+06
936467
846903
2.82782e+06
2.3456e+06
1.36965e+06
1.34585e+06
-345609
-301003
-264241
-216075
951725
809184
570912
520238
1.00003e+06
873285
786810
640359
-677928
-489727
163466
-61140
1.53028e+06
1.29771e+06
930989
842005
2.81054e+06
2.33215e+06
1.36252e+06
1.34801e+06
-130632
-115339
-117921
-89012
1.04972e+06
880950
569063
536444
626195
550118
536859
413344
-257060
-145030
325321
115384
1.19552e+06
1.02809e+06
807214
688725
2.44786e+06
2.03639e+06
1.20194e+06
1.17369e+06
-275075
-233045
-178560
-144115
958761
806182
528156
495726
596663
528580
527811
414821
-262103
-143976
334959
124990
1.16482e+06
1.00508e+06
796459
681869
2.35758e+06
1.96273e+06
1.17279e+06
1.1383e+06
-288323
-244285
-195957
-158759
971199
815625
526532
494363
606508
538619
544268
422615
-265253
-144369
327139
125940
1.11734e+06
966416
777776
666083
2.43208e+06
2.02619e+06
1.20761e+06
1.17716e+06
-362208
-307719
-235530
-197946
941336
789964
513001
478723
593878
527014
545471
418268
-317164
-192639
299633
99801.1
1.09026e+06
941371
764473
651989
2.43931e+06
2.03284e+06
1.21163e+06
1.1834e+06
-407779
-348234
-264010
-233979
913532
763448
500043
457545
634532
563830
567727
436809
-362771
-229255
274343
72715.3
1.07604e+06
930927
755349
636637
2.4528e+06
2.04283e+06
1.22498e+06
1.1796e+06
-382745
-326692
-257871
-220428
930499
780207
503468
475350
740556
652078
638368
494111
-236672
-129637
327814
121466
1.15855e+06
994631
780745
672993
2.52531e+06
2.10332e+06
1.25978e+06
1.2229e+06
-355939
-307285
-243405
-212928
917761
768952
499301
463902
750455
664431
640808
509787
-220733
-115364
338797
135757
1.17584e+06
1.01136e+06
789685
672210
2.55935e+06
2.12886e+06
1.27077e+06
1.2335e+06
-345369
-297139
-227547
-201098
916810
767603
504446
465793
732838
649613
628641
500581
-166546
-69794.3
362223
160584
1.24501e+06
1.06985e+06
818635
708412
2.62197e+06
2.17942e+06
1.29689e+06
1.2586e+06
-298338
-259406
-215139
-181140
877654
736553
488514
460541
708345
628158
608192
485473
-196096
-95303.9
333527
150175
1.26062e+06
1.07961e+06
820002
721948
2.71401e+06
2.25396e+06
1.32908e+06
1.30282e+06
-262601
-229875
-215526
-170451
842212
708546
475300
438936
706514
623902
589103
474634
-216110
-116632
294918
127843
1.28287e+06
1.09452e+06
822128
723435
2.76247e+06
2.29589e+06
1.33881e+06
1.32397e+06
-246256
-218520
-218648
-175224
809871
681560
469402
424606
708646
624823
584393
468982
-231143
-131251
270268
102952
1.33768e+06
1.14248e+06
840010
738562
2.8418e+06
2.35727e+06
1.37287e+06
1.34255e+06
-228784
-204915
-214957
-165950
758125
641214
449658
408848
720278
634693
589885
479331
-228407
-132941
257359
99316
1.3775e+06
1.17146e+06
845498
758091
2.88267e+06
2.39147e+06
1.38428e+06
1.36955e+06
-270680
-239187
-233974
-179466
766649
650023
438997
408716
708957
625213
587232
472022
-242222
-146694
247443
80520.4
1.40232e+06
1.19562e+06
856808
771860
2.89578e+06
2.40174e+06
1.36839e+06
1.37192e+06
-346897
-301891
-273503
-217976
748786
633743
418387
389687
634732
566303
550349
440858
-218033
-123391
252982
88908.1
1.4342e+06
1.22157e+06
864006
785673
2.87602e+06
2.38445e+06
1.35146e+06
1.34819e+06
-341794
-303195
-274065
-227434
728794
612700
406383
381996
543646
489377
519866
402959
-294603
-191054
212039
57107.4
1.40055e+06
1.19093e+06
853602
775290
2.92705e+06
2.42146e+06
1.36365e+06
1.37164e+06
-340134
-298326
-281070
-218171
706727
595850
392809
366798
468414
428360
487844
370088
-349823
-237467
177783
26346.1
1.41311e+06
1.20234e+06
861367
781664
2.94935e+06
2.43996e+06
1.35756e+06
1.38049e+06
-393310
-344692
-301203
-255708
690696
576923
379902
347124
395175
368058
459190
336412
-414686
-290956
144144
-6683.57
1.41022e+06
1.20292e+06
863696
783547
2.94907e+06
2.43746e+06
1.34889e+06
1.3653e+06
-440991
-380742
-317707
-261972
653057
552674
353791
342180
354307
335875
456822
325592
-429938
-306406
131232
-21355.3
1.37211e+06
1.16957e+06
850388
768675
2.94584e+06
2.43299e+06
1.33464e+06
1.36373e+06
-462070
-399713
-336215
-275461
698882
583322
353616
339855
364193
345978
459411
326479
-457077
-327171
123632
-31740.6
1.31576e+06
1.12368e+06
819312
731610
2.93306e+06
2.42026e+06
1.30957e+06
1.34608e+06
-497250
-428366
-352370
-296257
706407
585489
355235
334093
375758
354884
475832
333955
-425768
-299226
148711
-19388.9
1.31879e+06
1.12411e+06
815024
723736
2.91666e+06
2.40472e+06
1.30596e+06
1.32768e+06
-416874
-363792
-339933
-269254
809792
673143
401799
381314
402600
380706
496440
351511
-405969
-279641
156920
289.914
1.3184e+06
1.12472e+06
811828
731386
3.04205e+06
2.50861e+06
1.35049e+06
1.39066e+06
-444840
-385290
-360966
-280413
854143
712655
437168
412831
411848
391021
511857
364904
-484687
-344783
126773
-25470
1.26633e+06
1.07955e+06
790149
709126
3.01698e+06
2.48874e+06
1.33983e+06
1.38519e+06
-479379
-417217
-374794
-310003
872295
726412
458318
423998
467400
438106
549800
394669
-528652
-380111
113143
-48663.1
1.23369e+06
1.05706e+06
783067
692622
2.9658e+06
2.44646e+06
1.32456e+06
1.35675e+06
-384701
-342375
-339795
-273464
924395
771268
483241
457297
555669
510228
606194
438128
-451837
-322173
155300
-21627.6
1.27346e+06
1.08408e+06
794536
707074
2.98697e+06
2.46227e+06
1.33762e+06
1.3662e+06
-364818
-324635
-329117
-253957
941902
787867
500730
467231
565319
517654
612958
448875
-474698
-336511
153842
-19520.4
1.28227e+06
1.09469e+06
796602
704725
2.91671e+06
2.4058e+06
1.31792e+06
1.33652e+06
-406550
-357423
-336728
-263945
938628
784546
512241
472324
544301
501049
606563
443499
-486428
-344761
159819
-17022.9
1.32416e+06
1.12896e+06
821235
725752
2.8558e+06
2.35718e+06
1.31497e+06
1.31652e+06
-383639
-337803
-341139
-261746
940410
789164
513862
472019
536693
495388
596632
436619
-569967
-410084
118448
-54353.9
1.30836e+06
1.11703e+06
815990
723988
2.86737e+06
2.37045e+06
1.32629e+06
1.3326e+06
-356625
-315681
-329427
-251658
985783
827629
548931
495750
556699
511339
605269
439840
-647661
-476212
86542.1
-90848.4
1.32536e+06
1.12938e+06
830831
729914
2.84794e+06
2.35627e+06
1.33059e+06
1.33054e+06
-387910
-340849
-341216
-267404
999287
839531
567151
510637
600554
548200
627694
462409
-712000
-527144
64365.8
-114701
1.35949e+06
1.16267e+06
851712
749689
2.80239e+06
2.32018e+06
1.33238e+06
1.31442e+06
-323936
-292996
-314199
-242557
1.04872e+06
880666
594512
540669
677900
610760
665691
501848
-700442
-523705
73448.6
-114069
1.42479e+06
1.20824e+06
873235
776286
2.79178e+06
2.31103e+06
1.3411e+06
1.32074e+06
-354906
-314554
-321116
-249992
1.05674e+06
892990
584544
545581
720989
646430
670641
511504
-736634
-547964
67960
-125743
1.4372e+06
1.22074e+06
870067
780874
2.76118e+06
2.28989e+06
1.31231e+06
1.30528e+06
-405333
-357075
-327681
-264541
1.0293e+06
865960
569568
524364
760821
675761
678050
528311
-691900
-509958
99674.5
-102946
1.48063e+06
1.25505e+06
888352
796181
2.74733e+06
2.27626e+06
1.31168e+06
1.29461e+06
-378299
-328909
-306352
-247459
1.02212e+06
863548
571485
531936
792240
702927
693228
538723
-691862
-504382
113845
-88120.4
1.48164e+06
1.26047e+06
901265
810474
2.80623e+06
2.3264e+06
1.34511e+06
1.32843e+06
-359407
-313035
-288984
-229477
1.01832e+06
860060
584057
529755
858236
755346
721299
566308
-719130
-527329
115403
-93751
1.50703e+06
1.27913e+06
918299
824640
2.82267e+06
2.3413e+06
1.35473e+06
1.34537e+06
-371749
-320066
-281750
-231122
986413
835095
583969
528739
940861
825800
757813
611101
-726288
-528721
129506
-84145
1.52842e+06
1.30338e+06
936467
846903
2.82782e+06
2.3456e+06
1.36965e+06
1.34585e+06
-345609
-301003
-264241
-216075
951725
809184
570912
520238
1.00003e+06
873285
786810
640359
-677928
-489727
163466
-61140
1.53028e+06
1.29771e+06
930989
842005
2.81054e+06
2.33215e+06
1.36252e+06
1.34801e+06
-130632
-115339
-117921
-89012
1.04972e+06
880950
569063
536444
626195
550118
536859
413344
-257060
-145030
325321
115384
1.19552e+06
1.02809e+06
807214
688725
2.44786e+06
2.03639e+06
1.20194e+06
1.17369e+06
-275075
-233045
-178560
-144115
958761
806182
528156
495726
596663
528580
527811
414821
-262103
-143976
334959
124990
1.16482e+06
1.00508e+06
796459
681869
2.35758e+06
1.96273e+06
1.17279e+06
1.1383e+06
-288323
-244285
-195957
-158759
971199
815625
526532
494363
606508
538619
544268
422615
-265253
-144369
327139
125940
1.11734e+06
966416
777776
666083
2.43208e+06
2.02619e+06
1.20761e+06
1.17716e+06
-362208
-307719
-235530
-197946
941336
789964
513001
478723
593878
527014
545471
418268
-317164
-192639
299633
99801.1
1.09026e+06
941371
764473
651989
2.43931e+06
2.03284e+06
1.21163e+06
1.1834e+06
-407779
-348234
-264010
-233979
913532
763448
500043
457545
634532
563830
567727
436809
-362771
-229255
274343
72715.3
1.07604e+06
930927
755349
636637
2.4528e+06
2.04283e+06
1.22498e+06
1.1796e+06
-382745
-326692
-257871
-220428
930499
780207
503468
475350
740556
652078
638368
494111
-236672
-129637
327814
121466
1.15855e+06
994631
780745
672993
2.52531e+06
2.10332e+06
1.25978e+06
1.2229e+06
-355939
-307285
-243405
-212928
917761
768952
499301
463902
750455
664431
640808
509787
-220733
-115364
338797
135757
1.17584e+06
1.01136e+06
789685
672210
2.55935e+06
2.12886e+06
1.27077e+06
1.2335e+06
-345369
-297139
-227547
-201098
916810
767603
504446
465793
732838
649613
628641
500581
-166546
-69794.3
362223
160584
1.24501e+06
1.06985e+06
818635
708412
2.62197e+06
2.17942e+06
1.29689e+06
1.2586e+06
-298338
-259406
-215139
-181140
877654
736553
488514
460541
708345
628158
608192
485473
-196096
-95303.9
333527
150175
1.26062e+06
1.07961e+06
820002
721948
2.71401e+06
2.25396e+06
1.32908e+06
1.30282e+06
-262601
-229875
-215526
-170451
842212
708546
475300
438936
706514
623902
589103
474634
-216110
-116632
294918
127843
1.28287e+06
1.09452e+06
822128
723435
2.76247e+06
2.29589e+06
1.33881e+06
1.32397e+06
-246256
-218520
-218648
-175224
809871
681560
469402
424606
708646
624823
584393
468982
-231143
-131251
270268
102952
1.33768e+06
1.14248e+06
840010
738562
2.8418e+06
2.35727e+06
1.37287e+06
1.34255e+06
-228784
-204915
-214957
-165950
758125
641214
449658
408848
720278
634693
589885
479331
-228407
-132941
257359
99316
1.3775e+06
1.17146e+06
845498
758091
2.88267e+06
2.39147e+06
1.38428e+06
1.36955e+06
-270680
-239187
-233974
-179466
766649
650023
438997
408716
708957
625213
587232
472022
-242222
-146694
247443
80520.4
1.40232e+06
1.19562e+06
856808
771860
2.89578e+06
2.40174e+06
1.36839e+06
1.37192e+06
-346897
-301891
-273503
-217976
748786
633743
418387
389687
634732
566303
550349
440858
-218033
-123391
252982
88908.1
1.4342e+06
1.22157e+06
864006
785673
2.87602e+06
2.38445e+06
1.35146e+06
1.34819e+06
-341794
-303195
-274065
-227434
728794
612700
406383
381996
543646
489377
519866
402959
-294603
-191054
212039
57107.4
1.40055e+06
1.19093e+06
853602
775290
2.92705e+06
2.42146e+06
1.36365e+06
1.37164e+06
-340134
-298326
-281070
-218171
706727
595850
392809
366798
468414
428360
487844
370088
-349823
-237467
177783
26346.1
1.41311e+06
1.20234e+06
861367
781664
2.94935e+06
2.43996e+06
1.35756e+06
1.38049e+06
-393310
-344692
-301203
-255708
690696
576923
379902
347124
395175
368058
459190
336412
-414686
-290956
144144
-6683.57
1.41022e+06
1.20292e+06
863696
783547
2.94907e+06
2.43746e+06
1.34889e+06
1.3653e+06
-440991
-380742
-317707
-261972
653057
552674
353791
342180
354307
335875
456822
325592
-429938
-306406
131232
-21355.3
1.37211e+06
1.16957e+06
850388
768675
2.94584e+06
2.43299e+06
1.33464e+06
1.36373e+06
-462070
-399713
-336215
-275461
698882
583322
353616
339855
364193
345978
459411
326479
-457077
-327171
123632
-31740.6
1.31576e+06
1.12368e+06
819312
731610
2.93306e+06
2.42026e+06
1.30957e+06
1.34608e+06
-497250
-428366
-352370
-296257
706407
585489
355235
334093
375758
354884
475832
333955
-425768
-299226
148711
-19388.9
1.31879e+06
1.12411e+06
815024
723736
2.91666e+06
2.40472e+06
1.30596e+06
1.32768e+06
-416874
-363792
-339933
-269254
809792
673143
401799
381314
402600
380706
496440
351511
-405969
-279641
156920
289.914
1.3184e+06
1.12472e+06
811828
731386
3.04205e+06
2.50861e+06
1.35049e+06
1.39066e+06
-444840
-385290
-360966
-280413
854143
712655
437168
412831
411848
391021
511857
364904
-484687
-344783
126773
-25470
1.26633e+06
1.07955e+06
790149
709126
3.01698e+06
2.48874e+06
1.33983e+06
1.38519e+06
-479379
-417217
-374794
-310003
872295
726412
458318
423998
467400
438106
549800
394669
-528652
-380111
113143
-48663.1
1.23369e+06
1.05706e+06
783067
692622
2.9658e+06
2.44646e+06
1.32456e+06
1.35675e+06
-384701
-342375
-339795
-273464
924395
771268
483241
457297
555669
510228
606194
438128
-451837
-322173
155300
-21627.6
1.27346e+06
1.08408e+06
794536
707074
2.98697e+06
2.46227e+06
1.33762e+06
1.3662e+06
-364818
-324635
-329117
-253957
941902
787867
500730
467231
565319
517654
612958
448875
-474698
-336511
153842
-19520.4
1.28227e+06
1.09469e+06
796602
704725
2.91671e+06
2.4058e+06
1.31792e+06
1.33652e+06
-406550
-357423
-336728
-263945
938628
784546
512241
472324
544301
501049
606563
443499
-486428
-344761
159819
-17022.9
1.32416e+06
1.12896e+06
821235
725752
2.8558e+06
2.35718e+06
1.31497e+06
1.31652e+06
-383639
-337803
-341139
-261746
940410
789164
513862
472019
536693
495388
596632
436619
-569967
-410084
118448
-54353.9
1.30836e+06
1.11703e+06
815990
723988
2.86737e+06
2.37045e+06
1.32629e+06
1.3326e+06
-356625
-315681
-329427
-251658
985783
827629
548931
495750
556699
511339
605269
439840
-647661
-476212
86542.1
-90848.4
1.32536e+06
1.12938e+06
830831
729914
2.84794e+06
2.35627e+06
1.33059e+06
1.33054e+06
-387910
-340849
-341216
-267404
999287
839531
567151
510637
600554
548200
627694
462409
-712000
-527144
64365.8
-114701
1.35949e+06
1.16267e+06
851712
749689
2.80239e+06
2.32018e+06
1.33238e+06
1.31442e+06
-323936
-292996
-314199
-242557
1.04872e+06
880666
594512
540669
677900
610760
665691
501848
-700442
-523705
73448.6
-114069
1.42479e+06
1.20824e+06
873235
776286
2.79178e+06
2.31103e+06
1.3411e+06
1.32074e+06
-354906
-314554
-321116
-249992
1.05674e+06
892990
584544
545581
720989
646430
670641
511504
-736634
-547964
67960
-125743
1.4372e+06
1.22074e+06
870067
780874
2.76118e+06
2.28989e+06
1.31231e+06
1.30528e+06
-405333
-357075
-327681
-264541
1.0293e+06
865960
569568
524364
760821
675761
678050
528311
-691900
-509958
99674.5
-102946
1.48063e+06
1.25505e+06
888352
796181
2.74733e+06
2.27626e+06
1.31168e+06
1.29461e+06
-378299
-328909
-306352
-247459
1.02212e+06
863548
571485
531936
792240
702927
693228
538723
-691862
-504382
113845
-88120.4
1.48164e+06
1.26047e+06
901265
810474
2.80623e+06
2.3264e+06
1.34511e+06
1.32843e+06
-359407
-313035
-288984
-229477
1.01832e+06
860060
584057
529755
858236
755346
721299
566308
-719130
-527329
115403
-93751
1.50703e+06
1.27913e+06
918299
824640
2.82267e+06
2.3413e+06
1.35473e+06
1.34537e+06
-371749
-320066
-281750
-231122
986413
835095
583969
528739
940861
825800
757813
611101
-726288
-528721
129506
-84145
1.52842e+06
1.30338e+06
936467
846903
2.82782e+06
2.3456e+06
1.36965e+06
1.34585e+06
-345609
-301003
-264241
-216075
951725
809184
570912
520238
1.00003e+06
873285
786810
640359
-677928
-489727
163466
-61140
1.53028e+06
1.29771e+06
930989
842005
2.81054e+06
2.33215e+06
1.36252e+06
1.34801e+06
-130632
-115339
-117921
-89012
1.04972e+06
880950
569063
536444
626195
550118
536859
413344
-257060
-145030
325321
115384
1.19552e+06
1.02809e+06
807214
688725
2.44786e+06
2.03639e+06
1.20194e+06
1.17369e+06
-275075
-233045
-178560
-144115
958761
806182
528156
495726
596663
528580
527811
414821
-262103
-143976
334959
124990
1.16482e+06
1.00508e+06
796459
681869
2.35758e+06
1.96273e+06
1.17279e+06
1.1383e+06
-288323
-244285
-195957
-158759
971199
815625
526532
494363
606508
538619
544268
422615
-265253
-144369
327139
125940
1.11734e+06
966416
777776
666083
2.43208e+06
2.02619e+06
1.20761e+06
1.17716e+06
-362208
-307719
-235530
-197946
941336
789964
513001
478723
593878
527014
545471
418268
-317164
-192639
299633
99801.1
1.09026e+06
941371
764473
651989
2.43931e+06
2.03284e+06
1.21163e+06
1.1834e+06
-407779
-348234
-264010
-233979
913532
763448
500043
457545
634532
563830
567727
436809
-362771
-229255
274343
72715.3
1.07604e+06
930927
755349
636637
2.4528e+06
2.04283e+06
1.22498e+06
1.1796e+06
-382745
-326692
-257871
-220428
930499
780207
503468
475350
740556
652078
638368
494111
-236672
-129637
327814
121466
1.15855e+06
994631
780745
672993
2.52531e+06
2.10332e+06
1.25978e+06
1.2229e+06
-355939
-307285
-243405
-212928
917761
768952
499301
463902
750455
664431
640808
509787
-220733
-115364
338797
135757
1.17584e+06
1.01136e+06
789685
672210
2.55935e+06
2.12886e+06
1.27077e+06
1.2335e+06
-345369
-297139
-227547
-201098
916810
767603
504446
465793
732838
649613
628641
500581
-166546
-69794.3
362223
160584
1.24501e+06
1.06985e+06
818635
708412
2.62197e+06
2.17942e+06
1.29689e+06
1.2586e+06
-298338
-259406
-215139
-181140
877654
736553
488514
460541
708345
628158
608192
485473
-196096
-95303.9
333527
150175
1.26062e+06
1.07961e+06
820002
721948
2.71401e+06
2.25396e+06
1.32908e+06
1.30282e+06
-262601
-229875
-215526
-170451
842212
708546
475300
438936
706514
623902
589103
474634
-216110
-116632
294918
127843
1.28287e+06
1.09452e+06
822128
723435
2.76247e+06
2.29589e+06
1.33881e+06
1.32397e+06
-246256
-218520
-218648
-175224
809871
681560
469402
424606
708646
624823
584393
468982
-231143
-131251
270268
102952
1.33768e+06
1.14248e+06
840010
738562
2.8418e+06
2.35727e+06
1.37287e+06
1.34255e+06
-228784
-204915
-214957
-165950
758125
641214
449658
408848
720278
634693
589885
479331
-228407
-132941
257359
99316
1.3775e+06
1.17146e+06
845498
758091
2.88267e+06
2.39147e+06
1.38428e+06
1.36955e+06
-270680
-239187
-233974
-179466
766649
650023
438997
408716
708957
625213
587232
472022
-242222
-146694
247443
80520.4
1.40232e+06
1.19562e+06
856808
771860
2.89578e+06
2.40174e+06
1.36839e+06
1.37192e+06
-346897
-301891
-273503
-217976
748786
633743
418387
389687
634732
566303
550349
440858
-218033
-123391
252982
88908.1
1.4342e+06
1.22157e+06
864006
785673
2.87602e+06
2.38445e+06
1.35146e+06
1.34819e+06
-341794
-303195
-274065
-227434
728794
612700
406383
381996
543646
489377
519866
402959
-294603
-191054
212039
57107.4
1.40055e+06
1.19093e+06
853602
775290
2.92705e+06
2.42146e+06
1.36365e+06
1.37164e+06
-340134
-298326
-281070
-218171
706727
595850
392809
366798
468414
428360
487844
370088
-349823
-237467
177783
26346.1
1.41311e+06
1.20234e+06
861367
781664
2.94935e+06
2.43996e+06
1.35756e+06
1.38049e+06
-393310
-344692
-301203
-255708
690696
576923
379902
347124
395175
368058
459190
336412
-414686
-290956
144144
-6683.57
1.41022e+06
1.20292e+06
863696
783547
2.94907e+06
2.43746e+06
1.34889e+06
1.3653e+06
-440991
-380742
-317707
-261972
653057
552674
353791
342180
354307
335875
456822
325592
-429938
-306406
131232
-21355.3
1.37211e+06
1.16957e+06
850388
768675
2.94584e+06
2.43299e+06
1.33464e+06
1.36373e+06
-462070
-399713
-336215
-275461
698882
583322
353616
339855
364193
345978
459411
326479
-457077
-327171
123632
-31740.6
1.31576e+06
1.12368e+06
819312
731610
2.93306e+06
2.42026e+06
1.30957e+06
1.34608e+06
-497250
-428366
-352370
-296257
706407
585489
355235
334093
375758
354884
475832
333955
-425768
-299226
148711
-19388.9
1.31879e+06
1.12411e+06
815024
723736
2.91666e+06
2.40472e+06
1.30596e+06
1.32768e+06
-416874
-363792
-339933
-269254
809792
673143
401799
381314
402600
380706
496440
351511
-405969
-279641
156920
289.914
1.3184e+06
1.12472e+06
811828
731386
3.04205e+06
2.50861e+06
1.35049e+06
1.39066e+06
-444840
-385290
-360966
-280413
854143
712655
437168
412831
411848
391021
511857
364904
-484687
-344783
126773
-25470
1.26633e+06
1.07955e+06
790149
709126
3.01698e+06
2.48874e+06
1.33983e+06
1.38519e+06
-479379
-417217
-374794
-310003
872295
726412
458318
423998
467400
438106
549800
394669
-528652
-380111
113143
-48663.1
1.23369e+06
1.05706e+06
783067
692622
2.9658e+06
2.44646e+06
1.32456e+06
1.35675e+06
-384701
-342375
-339795
-273464
924395
771268
483241
457297
555669
510228
606194
438128
-451837
-322173
155300
-21627.6
1.27346e+06
1.08408e+06
794536
707074
2.98697e+06
2.46227e+06
1.33762e+06
1.3662e+06
-364818
-324635
-329117
-253957
941902
787867
500730
467231
565319
517654
612958
448875
-474698
-336511
153842
-19520.4
1.28227e+06
1.09469e+06
796602
704725
2.91671e+06
2.4058e+06
1.31792e+06
1.33652e+06
-406550
-357423
-336728
-263945
938628
784546
512241
472324
544301
501049
606563
443499
-486428
-344761
159819
-17022.9
1.32416e+06
1.12896e+06
821235
725752
2.8558e+06
2.35718e+06
1.31497e+06
1.31652e+06
-383639
-337803
-341139
-261746
940410
789164
513862
472019
536693
495388
596632
436619
-569967
-410084
118448
-54353.9
1.30836e+06
1.11703e+06
815990
723988
2.86737e+06
2.37045e+06
1.32629e+06
1.3326e+06
-356625
-315681
-329427
-251658
985783
827629
548931
495750
556699
511339
605269
439840
-647661
-476212
86542.1
-90848.4
1.32536e+06
1.12938e+06
830831
729914
2.84794e+06
2.35627e+06
1.33059e+06
1.33054e+06
-387910
-340849
-341216
-267404
999287
839531
567151
510637
600554
548200
627694
462409
-712000
-527144
64365.8
-114701
1.35949e+06
1.16267e+06
851712
749689
2.80239e+06
2.32018e+06
1.33238e+06
1.31442e+06
-323936
-292996
-314199
-242557
1.04872e+06
880666
594512
540669
677900
610760
665691
501848
-700442
-523705
73448.6
-114069
1.42479e+06
1.20824e+06
873235
776286
2.79178e+06
2.31103e+06
1.3411e+06
1.32074e+06
-354906
-314554
-321116
-249992
1.05674e+06
892990
584544
545581
720989
646430
670641
511504
-736634
-547964
67960
-125743
1.4372e+06
1.22074e+06
870067
780874
2.76118e+06
2.28989e+06
1.31231e+06
1.30528e+06
-405333
-357075
-327681
-264541
1.0293e+06
865960
569568
524364
760821
675761
678050
528311
-691900
-509958
99674.5
-102946
1.48063e+06
1.25505e+06
888352
796181
2.74733e+06
2.27626e+06
1.31168e+06
1.29461e+06
-378299
-328909
-306352
-247459
1.02212e+06
863548
571485
531936
792240
702927
693228
538723
-691862
-504382
113845
-88120.4
1.48164e+06
1.26047e+06
901265
810474
2.80623e+06
2.3264e+06
1.34511e+06
1.32843e+06
-359407
-313035
-288984
-229477
1.01832e+06
860060
584057
529755
858236
755346
721299
566308
-719130
-527329
115403
-93751
1.50703e+06
1.27913e+06
918299
824640
2.82267e+06
2.3413e+06
1.35473e+06
1.34537e+06
-371749
-320066
-281750
-231122
986413
835095
583969
528739
940861
825800
757813
611101
-726288
-528721
129506
-84145
1.52842e+06
1.30338e+06
936467
846903
2.82782e+06
2.3456e+06
1.36965e+06
1.34585e+06
-345609
-301003
-264241
-216075
951725
809184
570912
520238
1.00003e+06
873285
786810
640359
-677928
-489727
163466
-61140
1.53028e+06
1.29771e+06
930989
842005
2.81054e+06
2.33215e+06
1.36252e+06
1.34801e+06
