-555150
-444696
-188534
-215631
-1.30461e+06
-1.08134e+06
-652045
-630760
-957959
-791641
-427685
-443362
-787493
-659265
-402493
-388298
-979991
-818234
-519427
-480403
-1.75243e+06
-1.44828e+06
-794856
-803555
-526302
-419039
-172393
-210965
-1.36149e+06
-1.12924e+06
-663116
-649347
-1.01256e+06
-836507
-448332
-460321
-877191
-737826
-438570
-422617
-1.10356e+06
-923577
-574262
-546987
-1.91558e+06
-1.5822e+06
-854704
-861038
-506553
-405435
-157787
-191913
-1.44718e+06
-1.19981e+06
-688241
-683564
-1.05396e+06
-869044
-468595
-476549
-938478
-784445
-470376
-452900
-1.16848e+06
-974641
-605901
-574014
-2.06879e+06
-1.70987e+06
-918599
-939529
-454204
-364746
-136613
-181320
-1.46325e+06
-1.21461e+06
-697098
-700203
-1.10216e+06
-905232
-488670
-500090
-957061
-801593
-484038
-472253
-1.16243e+06
-974304
-598144
-581660
-2.13995e+06
-1.76793e+06
-943235
-972218
-383658
-307252
-98494.3
-139453
-1.44456e+06
-1.20223e+06
-697767
-682175
-1.10974e+06
-913588
-496063
-498590
-905954
-758755
-470673
-443145
-1.15447e+06
-967986
-586169
-567134
-2.22605e+06
-1.83911e+06
-988221
-1.00453e+06
-325307
-256210
-70234.8
-118351
-1.44097e+06
-1.1962e+06
-710955
-689498
-1.12761e+06
-924671
-506035
-508972
-919913
-770970
-483822
-454220
-1.15355e+06
-960573
-578860
-567035
-2.26384e+06
-1.8659e+06
-1.01453e+06
-1.02793e+06
-258583
-198623
-38477.2
-70739
-1.40022e+06
-1.1625e+06
-701598
-677219
-1.08576e+06
-897060
-481055
-503790
-932438
-778775
-485946
-470681
-1.1617e+06
-966577
-598528
-557967
-2.29255e+06
-1.8903e+06
-1.03252e+06
-1.05132e+06
-293838
-228799
-47614.4
-86438.9
-1.49436e+06
-1.24024e+06
-718515
-704506
-1.0938e+06
-907581
-484114
-496516
-1.03045e+06
-863634
-525863
-496661
-1.24514e+06
-1.04146e+06
-650233
-611346
-2.40471e+06
-1.98538e+06
-1.07852e+06
-1.09576e+06
-290622
-229243
-48897.1
-83016.5
-1.53881e+06
-1.27574e+06
-735771
-724891
-1.07809e+06
-892216
-488206
-492360
-1.08935e+06
-908687
-564087
-539907
-1.20479e+06
-1.00911e+06
-658178
-612025
-2.43267e+06
-2.00701e+06
-1.10371e+06
-1.1247e+06
-338834
-266721
-67513.1
-110391
-1.61871e+06
-1.34361e+06
-756502
-760109
-1.08915e+06
-899509
-495532
-509337
-1.12427e+06
-939236
-571192
-561635
-1.19917e+06
-1.00747e+06
-664613
-618102
-2.47445e+06
-2.04377e+06
-1.11838e+06
-1.14218e+06
-378282
-300762
-78685.4
-125949
-1.66648e+06
-1.3815e+06
-772763
-778643
-1.06484e+06
-882124
-486239
-496926
-1.12446e+06
-935302
-564032
-552605
-1.18892e+06
-1.00191e+06
-664950
-620331
-2.53184e+06
-2.09106e+06
-1.14806e+06
-1.16994e+06
-407373
-322400
-110512
-134277
-1.6887e+06
-1.39543e+06
-799567
-777915
-1.00579e+06
-831369
-479319
-469891
-1.12483e+06
-937721
-583101
-551834
-1.15229e+06
-972175
-674712
-603923
-2.49756e+06
-2.06137e+06
-1.15481e+06
-1.16054e+06
-484141
-384553
-133930
-171110
-1.74671e+06
-1.4435e+06
-826658
-818603
-1.02265e+06
-849013
-479287
-481536
-1.17562e+06
-982229
-598207
-577886
-1.22433e+06
-1.03234e+06
-719127
-642980
-2.49152e+06
-2.06074e+06
-1.16396e+06
-1.15669e+06
-470932
-370578
-122839
-171151
-1.77027e+06
-1.46119e+06
-820137
-821515
-1.01143e+06
-840222
-475947
-474034
-1.23169e+06
-1.0296e+06
-618325
-594033
-1.26813e+06
-1.07082e+06
-737315
-672835
-2.53449e+06
-2.09585e+06
-1.18421e+06
-1.17463e+06
-441404
-348145
-106196
-152740
-1.78356e+06
-1.47172e+06
-823318
-828862
-972165
-807112
-469981
-464454
-1.26825e+06
-1.05663e+06
-642830
-618947
-1.25894e+06
-1.06186e+06
-737210
-670494
-2.53456e+06
-2.09789e+06
-1.19603e+06
-1.18915e+06
-435329
-344397
-104110
-148116
-1.77431e+06
-1.46695e+06
-815354
-824800
-972904
-808671
-478290
-465696
-1.28641e+06
-1.07505e+06
-647971
-629066
-1.25534e+06
-1.06207e+06
-727763
-667362
-2.54719e+06
-2.11149e+06
-1.20182e+06
-1.19597e+06
-467508
-368829
-106753
-158510
-1.78907e+06
-1.48038e+06
-828308
-827671
-962865
-800087
-478466
-468316
-1.30089e+06
-1.0815e+06
-651065
-630736
-1.26832e+06
-1.07217e+06
-730635
-670143
-2.59114e+06
-2.14795e+06
-1.23477e+06
-1.21866e+06
-481133
-378265
-107757
-158852
-1.78655e+06
-1.47419e+06
-836152
-824465
-900814
-749021
-455769
-440090
-1.3129e+06
-1.09454e+06
-660244
-635752
-1.26927e+06
-1.0697e+06
-725791
-666841
-2.54821e+06
-2.11213e+06
-1.22827e+06
-1.20751e+06
-511502
-404604
-116200
-170629
-1.80323e+06
-1.49199e+06
-845466
-843792
-896540
-751693
-453469
-442196
-1.35502e+06
-1.13035e+06
-672405
-657397
-1.34972e+06
-1.13949e+06
-765191
-688031
-2.57304e+06
-2.13416e+06
-1.24558e+06
-1.22303e+06
-486244
-384026
-116409
-167094
-1.80946e+06
-1.49752e+06
-837869
-842309
-904421
-760157
-456944
-443949
-1.41793e+06
-1.18275e+06
-699992
-678617
-1.41133e+06
-1.19269e+06
-805398
-736856
-2.59794e+06
-2.15666e+06
-1.2566e+06
-1.23708e+06
-507022
-403609
-126014
-170440
-1.8508e+06
-1.53077e+06
-852254
-854226
-932420
-780673
-470464
-452338
-1.49648e+06
-1.24446e+06
-737973
-721554
-1.4125e+06
-1.19492e+06
-821816
-741928
-2.64261e+06
-2.19256e+06
-1.27115e+06
-1.25979e+06
-568107
-449461
-149615
-199782
-1.88624e+06
-1.55622e+06
-848006
-870200
-969931
-806303
-480601
-472078
-1.52297e+06
-1.2643e+06
-740622
-733897
-1.40717e+06
-1.18952e+06
-827548
-746261
-2.66448e+06
-2.20841e+06
-1.27222e+06
-1.26498e+06
-600404
-477027
-157066
-214792
-1.89115e+06
-1.55821e+06
-840399
-863468
-955811
-797220
-474565
-462820
-1.50006e+06
-1.24257e+06
-726188
-718799
-1.40688e+06
-1.19175e+06
-833079
-751408
-2.70751e+06
-2.24213e+06
-1.28656e+06
-1.28109e+06
-649080
-518516
-181889
-232929
-1.90959e+06
-1.57242e+06
-855095
-862463
-939616
-782532
-472161
-456232
-1.50529e+06
-1.2519e+06
-732672
-719251
-1.41909e+06
-1.20426e+06
-850585
-757169
-2.68139e+06
-2.22116e+06
-1.27898e+06
-1.27218e+06
-652805
-519523
-177699
-241423
-1.9703e+06
-1.61828e+06
-870493
-900775
-958599
-797662
-468755
-465758
-1.52581e+06
-1.26578e+06
-726131
-729847
-1.49535e+06
-1.26233e+06
-879026
-798518
-2.73386e+06
-2.26393e+06
-1.29641e+06
-1.28299e+06
-577930
-454730
-137401
-211771
-1.95198e+06
-1.6018e+06
-847402
-884782
-910268
-758837
-456155
-444941
-1.53485e+06
-1.27343e+06
-728931
-719882
-1.48252e+06
-1.25004e+06
-869203
-794009
-2.80855e+06
-2.32348e+06
-1.32545e+06
-1.3088e+06
-516947
-406619
-102454
-167335
-1.97934e+06
-1.62433e+06
-847763
-882757
-895856
-748263
-449879
-433105
-1.57079e+06
-1.30128e+06
-736875
-735368
-1.47204e+06
-1.24185e+06
-854946
-780014
-2.90588e+06
-2.40301e+06
-1.36011e+06
-1.35392e+06
-520269
-407761
-104084
-168233
-2.01131e+06
-1.6504e+06
-859444
-902959
-901926
-749740
-462671
-444379
-1.59163e+06
-1.3184e+06
-744146
-747845
-1.44491e+06
-1.21806e+06
-834161
-768522
-2.98043e+06
-2.46423e+06
-1.38682e+06
-1.3853e+06
-483693
-378237
-100774
-146952
-1.97521e+06
-1.62247e+06
-863443
-876015
-832746
-697785
-455577
-415649
-1.53932e+06
-1.27299e+06
-728123
-713775
-1.3734e+06
-1.16076e+06
-803529
-724971
-3.03727e+06
-2.5119e+06
-1.42065e+06
-1.40413e+06
-534428
-418673
-119480
-176224
-2.06603e+06
-1.69443e+06
-909190
-919391
-814549
-683606
-455995
-416637
-1.58808e+06
-1.31593e+06
-754616
-740315
-1.38014e+06
-1.16217e+06
-797635
-729009
-3.09934e+06
-2.56252e+06
-1.44987e+06
-1.44119e+06
-594741
-471128
-141994
-193964
-2.13001e+06
-1.75246e+06
-938727
-962717
-857380
-722416
-469897
-435458
-1.62529e+06
-1.34889e+06
-765998
-769397
-1.44218e+06
-1.21462e+06
-814356
-738884
-3.13902e+06
-2.59548e+06
-1.46685e+06
-1.46365e+06
-551890
-439217
-151849
-199949
-2.12163e+06
-1.74603e+06
-933732
-966887
-836269
-707646
-477674
-438103
-1.53514e+06
-1.27797e+06
-744288
-738755
-1.42804e+06
-1.20383e+06
-812741
-756413
-3.16124e+06
-2.61471e+06
-1.48868e+06
-1.4799e+06
-515473
-411462
-148125
-185707
-2.1869e+06
-1.79881e+06
-953934
-984761
-842441
-714223
-498983
-443277
-1.4885e+06
-1.23812e+06
-732392
-720861
-1.40314e+06
-1.1805e+06
-801515
-733702
-3.18586e+06
-2.63562e+06
-1.49915e+06
-1.49974e+06
-480321
-386149
-139042
-179595
-2.17442e+06
-1.79191e+06
-945760
-984210
-871741
-736153
-520370
-460413
-1.40249e+06
-1.16809e+06
-693933
-685646
-1.35314e+06
-1.14029e+06
-760877
-713033
-3.18003e+06
-2.63141e+06
-1.48146e+06
-1.48695e+06
-387993
-306392
-98082.1
-143779
-2.13365e+06
-1.75341e+06
-918259
-964133
-867706
-729826
-511747
-464419
-1.29406e+06
-1.07167e+06
-637667
-634291
-1.30817e+06
-1.09673e+06
-711885
-676172
-3.19727e+06
-2.64173e+06
-1.47818e+06
-1.49051e+06
-364911
-293404
-84029.7
-128062
-2.12518e+06
-1.74808e+06
-907248
-947288
-856813
-723572
-510910
-451135
-1.2146e+06
-1.01076e+06
-601430
-588364
-1.26799e+06
-1.06309e+06
-671343
-645579
-3.15447e+06
-2.60667e+06
-1.45867e+06
-1.46702e+06
-923127
-695679
18369.9
-192793
-2.59675e+06
-2.10671e+06
-956382
-1.07603e+06
-1.5737e+06
-1.25711e+06
-418071
-579371
-1.71909e+06
-1.4995e+06
-1.29763e+06
-1.0786e+06
-3.38397e+06
-2.77701e+06
-1.41769e+06
-1.48389e+06
-2.97317e+06
-2.4648e+06
-1.42879e+06
-1.40573e+06
-816224
-608896
76190
-150791
-2.58558e+06
-2.10285e+06
-935003
-1.06511e+06
-1.57336e+06
-1.25957e+06
-399393
-565857
-1.79856e+06
-1.57022e+06
-1.33371e+06
-1.10348e+06
-3.42267e+06
-2.81559e+06
-1.44476e+06
-1.51974e+06
-3.01601e+06
-2.50743e+06
-1.45189e+06
-1.43515e+06
-752531
-555262
112989
-101382
-2.59208e+06
-2.10432e+06
-938091
-1.06057e+06
-1.56755e+06
-1.24734e+06
-386802
-550066
-1.8386e+06
-1.5969e+06
-1.36526e+06
-1.13266e+06
-3.38158e+06
-2.77913e+06
-1.45046e+06
-1.50475e+06
-3.02863e+06
-2.51584e+06
-1.4751e+06
-1.45162e+06
-744498
-542000
125053
-96583
-2.636e+06
-2.13608e+06
-942244
-1.08326e+06
-1.59205e+06
-1.26028e+06
-380903
-559369
-1.89211e+06
-1.63992e+06
-1.38682e+06
-1.15567e+06
-3.38391e+06
-2.78127e+06
-1.4626e+06
-1.51156e+06
-3.06078e+06
-2.54214e+06
-1.50054e+06
-1.46565e+06
-765291
-564443
130383
-97784.4
-2.67681e+06
-2.17421e+06
-961446
-1.08857e+06
-1.59212e+06
-1.26625e+06
-382347
-545127
-1.92219e+06
-1.66586e+06
-1.40663e+06
-1.16531e+06
-3.42733e+06
-2.82287e+06
-1.49535e+06
-1.53622e+06
-3.14183e+06
-2.61402e+06
-1.56143e+06
-1.51171e+06
-744922
-542351
142389
-91007.5
-2.68966e+06
-2.17977e+06
-976775
-1.10276e+06
-1.5887e+06
-1.25708e+06
-379031
-551161
-1.97767e+06
-1.71427e+06
-1.4356e+06
-1.20211e+06
-3.46002e+06
-2.85006e+06
-1.51977e+06
-1.56402e+06
-3.12482e+06
-2.60026e+06
-1.57315e+06
-1.52745e+06
-735256
-528041
150429
-65263.1
-2.7802e+06
-2.25056e+06
-1.0102e+06
-1.13757e+06
-1.63563e+06
-1.29337e+06
-381286
-560533
-1.99791e+06
-1.72957e+06
-1.43628e+06
-1.21471e+06
-3.53615e+06
-2.90634e+06
-1.55188e+06
-1.59381e+06
-3.14804e+06
-2.62146e+06
-1.58994e+06
-1.52797e+06
-674926
-480977
179968
-58817.8
-2.81835e+06
-2.28017e+06
-993696
-1.15125e+06
-1.65864e+06
-1.31431e+06
-383339
-565968
-1.96225e+06
-1.70419e+06
-1.42227e+06
-1.19588e+06
-3.54074e+06
-2.91339e+06
-1.53897e+06
-1.60957e+06
-3.21986e+06
-2.67753e+06
-1.61629e+06
-1.55645e+06
-595752
-415353
220936
-7114.2
-2.88562e+06
-2.3306e+06
-996778
-1.15974e+06
-1.67955e+06
-1.32983e+06
-394435
-567019
-1.94447e+06
-1.68524e+06
-1.41766e+06
-1.18819e+06
-3.53784e+06
-2.90444e+06
-1.52749e+06
-1.58862e+06
-3.278e+06
-2.72583e+06
-1.63554e+06
-1.59056e+06
-569334
-397146
228449
864.084
-2.93802e+06
-2.37813e+06
-1.00425e+06
-1.17992e+06
-1.73256e+06
-1.37212e+06
-417795
-595974
-1.91545e+06
-1.66467e+06
-1.41671e+06
-1.18161e+06
-3.49382e+06
-2.87348e+06
-1.49341e+06
-1.57688e+06
-3.31448e+06
-2.76017e+06
-1.64082e+06
-1.60527e+06
-537313
-370213
247081
15730.3
-2.9845e+06
-2.41309e+06
-1.01252e+06
-1.18837e+06
-1.78681e+06
-1.41734e+06
-438087
-618595
-1.85574e+06
-1.61158e+06
-1.39346e+06
-1.15355e+06
-3.45851e+06
-2.83882e+06
-1.45487e+06
-1.54422e+06
-3.3915e+06
-2.82055e+06
-1.66982e+06
-1.63065e+06
-538033
-375113
257673
12773.9
-3.03802e+06
-2.4572e+06
-1.02585e+06
-1.21023e+06
-1.84466e+06
-1.46555e+06
-454995
-638063
-1.87116e+06
-1.63166e+06
-1.39942e+06
-1.16498e+06
-3.45195e+06
-2.83382e+06
-1.42906e+06
-1.53084e+06
-3.40918e+06
-2.83618e+06
-1.6831e+06
-1.64194e+06
-470688
-307444
287564
62154.7
-3.00686e+06
-2.42548e+06
-1.017e+06
-1.1986e+06
-1.8235e+06
-1.4464e+06
-444965
-641953
-1.82431e+06
-1.58835e+06
-1.37696e+06
-1.14397e+06
-3.49872e+06
-2.86646e+06
-1.45342e+06
-1.52373e+06
-3.42653e+06
-2.85013e+06
-1.69987e+06
-1.65484e+06
-431703
-275179
311473
72796.6
-3.0141e+06
-2.43325e+06
-1.00234e+06
-1.18938e+06
-1.79836e+06
-1.42941e+06
-431762
-622933
-1.85912e+06
-1.62016e+06
-1.38857e+06
-1.14358e+06
-3.59325e+06
-2.95124e+06
-1.50033e+06
-1.57808e+06
-3.55382e+06
-2.95555e+06
-1.7482e+06
-1.6968e+06
-455389
-299477
313953
80072.1
-3.12187e+06
-2.52181e+06
-1.03799e+06
-1.22513e+06
-1.87145e+06
-1.48735e+06
-457906
-644817
-1.94587e+06
-1.68966e+06
-1.42354e+06
-1.18579e+06
-3.66369e+06
-3.00871e+06
-1.54068e+06
-1.61141e+06
-3.73474e+06
-3.10585e+06
-1.8291e+06
-1.78322e+06
-488800
-319849
309873
58115.7
-3.17578e+06
-2.56303e+06
-1.04406e+06
-1.26194e+06
-1.88129e+06
-1.48928e+06
-457722
-662483
-1.92393e+06
-1.66898e+06
-1.40367e+06
-1.18923e+06
-3.67815e+06
-3.02112e+06
-1.54785e+06
-1.62912e+06
-3.83187e+06
-3.18451e+06
-1.86173e+06
-1.83715e+06
-466852
-305737
327934
78957
-3.13199e+06
-2.53095e+06
-1.02925e+06
-1.22812e+06
-1.82223e+06
-1.44865e+06
-441084
-625418
-1.85225e+06
-1.6105e+06
-1.37053e+06
-1.13409e+06
-3.67365e+06
-3.02205e+06
-1.5476e+06
-1.62776e+06
-3.92099e+06
-3.25928e+06
-1.90779e+06
-1.86743e+06
-442976
-283834
323114
75576.3
-3.12422e+06
-2.52099e+06
-1.04899e+06
-1.23297e+06
-1.78627e+06
-1.4167e+06
-447213
-627088
-1.82877e+06
-1.59274e+06
-1.37675e+06
-1.14077e+06
-3.66558e+06
-3.01372e+06
-1.56343e+06
-1.63341e+06
-3.95021e+06
-3.28221e+06
-1.94198e+06
-1.89899e+06
-453063
-293608
316109
77472
-3.06929e+06
-2.47627e+06
-1.04286e+06
-1.22146e+06
-1.78249e+06
-1.41863e+06
-450551
-628012
-1.84027e+06
-1.6043e+06
-1.38509e+06
-1.14761e+06
-3.72483e+06
-3.05853e+06
-1.60124e+06
-1.65648e+06
-3.95637e+06
-3.28855e+06
-1.95745e+06
-1.90037e+06
-484343
-317591
299850
57494.9
-3.09454e+06
-2.49552e+06
-1.03275e+06
-1.22886e+06
-1.84583e+06
-1.47086e+06
-479891
-656644
-1.92405e+06
-1.67709e+06
-1.42145e+06
-1.18447e+06
-3.85453e+06
-3.16706e+06
-1.6532e+06
-1.72037e+06
-4.06761e+06
-3.37974e+06
-2.0005e+06
-1.94502e+06
-519817
-348316
290977
54563.9
-3.14004e+06
-2.53083e+06
-1.04164e+06
-1.23044e+06
-1.8745e+06
-1.49415e+06
-494758
-664921
-1.98165e+06
-1.7214e+06
-1.46224e+06
-1.21186e+06
-3.93146e+06
-3.22758e+06
-1.68904e+06
-1.74548e+06
-4.16718e+06
-3.46236e+06
-2.03935e+06
-1.99303e+06
-536693
-362123
290332
35248.6
-3.15778e+06
-2.54538e+06
-1.03031e+06
-1.24636e+06
-1.92365e+06
-1.533e+06
-516096
-694581
-1.99233e+06
-1.73236e+06
-1.47099e+06
-1.22779e+06
-3.97843e+06
-3.26869e+06
-1.69133e+06
-1.77358e+06
-4.24035e+06
-3.52365e+06
-2.05404e+06
-2.0224e+06
-590320
-408145
279667
31194
-3.19265e+06
-2.57714e+06
-1.04432e+06
-1.23806e+06
-1.93813e+06
-1.54823e+06
-533163
-692460
-1.98663e+06
-1.72643e+06
-1.47693e+06
-1.21778e+06
-4.05107e+06
-3.32618e+06
-1.71377e+06
-1.78484e+06
-4.33234e+06
-3.59882e+06
-2.09903e+06
-2.05577e+06
-691095
-487135
258077
-17817
-3.24859e+06
-2.61862e+06
-1.05971e+06
-1.27573e+06
-2.03418e+06
-1.62608e+06
-571801
-744073
-2.05844e+06
-1.78988e+06
-1.50902e+06
-1.25877e+06
-4.17286e+06
-3.42332e+06
-1.74696e+06
-1.84352e+06
-4.38384e+06
-3.63958e+06
-2.12064e+06
-2.09019e+06
-660163
-453639
287995
6021.72
-3.24464e+06
-2.61311e+06
-1.05354e+06
-1.27006e+06
-2.05969e+06
-1.64513e+06
-575690
-755978
-2.08577e+06
-1.80948e+06
-1.52655e+06
-1.27636e+06
-4.25401e+06
-3.48353e+06
-1.77198e+06
-1.86778e+06
-4.39733e+06
-3.65086e+06
-2.1298e+06
-2.09514e+06
-612701
-411589
326654
35119.2
-3.25335e+06
-2.61871e+06
-1.03046e+06
-1.26705e+06
-2.11304e+06
-1.68988e+06
-590268
-771869
-2.14116e+06
-1.85807e+06
-1.5456e+06
-1.29219e+06
-4.32263e+06
-3.54332e+06
-1.79316e+06
-1.90253e+06
-4.53418e+06
-3.76239e+06
-2.1765e+06
-2.14247e+06
-579956
-386217
362585
68457.8
-3.27891e+06
-2.63788e+06
-1.02549e+06
-1.26051e+06
-2.13943e+06
-1.70993e+06
-594885
-778175
-2.17285e+06
-1.88229e+06
-1.561e+06
-1.31419e+06
-4.32144e+06
-3.54069e+06
-1.78838e+06
-1.89714e+06
-4.64821e+06
-3.85443e+06
-2.21666e+06
-2.19713e+06
-616482
-411232
360385
61416.5
-3.3251e+06
-2.67412e+06
-1.03521e+06
-1.27828e+06
-2.20822e+06
-1.7614e+06
-618124
-806902
-2.2223e+06
-1.9229e+06
-1.58379e+06
-1.33223e+06
-4.34306e+06
-3.55751e+06
-1.79376e+06
-1.90248e+06
-4.76507e+06
-3.9508e+06
-2.25051e+06
-2.23893e+06
-631176
-423453
363343
63690.5
-3.3089e+06
-2.66245e+06
-1.03632e+06
-1.26632e+06
-2.22399e+06
-1.77826e+06
-632285
-808740
-2.20649e+06
-1.90766e+06
-1.58427e+06
-1.32567e+06
-4.32703e+06
-3.54694e+06
-1.78085e+06
-1.89553e+06
-4.8596e+06
-4.0261e+06
-2.28855e+06
-2.27781e+06
-685389
-464696
339877
39069.1
-3.33599e+06
-2.68137e+06
-1.06301e+06
-1.28005e+06
-2.26794e+06
-1.81152e+06
-662263
-835554
-2.24832e+06
-1.94589e+06
-1.62179e+06
-1.34813e+06
-4.35732e+06
-3.56686e+06
-1.79689e+06
-1.90268e+06
-4.9091e+06
-4.06409e+06
-2.31604e+06
-2.30155e+06
-674732
-458340
337657
39398.6
-3.34021e+06
-2.68738e+06
-1.08204e+06
-1.29498e+06
-2.26036e+06
-1.81302e+06
-660843
-847693
-2.26665e+06
-1.96473e+06
-1.63441e+06
-1.36973e+06
-4.40922e+06
-3.6104e+06
-1.82536e+06
-1.91958e+06
-4.95302e+06
-4.10212e+06
-2.33689e+06
-2.31929e+06
-613727
-407107
361329
54199
-3.38181e+06
-2.72111e+06
-1.08855e+06
-1.31285e+06
-2.22881e+06
-1.78647e+06
-650990
-834184
-2.29385e+06
-1.98946e+06
-1.65293e+06
-1.38387e+06
-4.47883e+06
-3.66735e+06
-1.85693e+06
-1.96504e+06
-5.00831e+06
-4.14701e+06
-2.36122e+06
-2.34678e+06
-575508
-378113
381952
81418.4
-3.44601e+06
-2.77401e+06
-1.10779e+06
-1.33528e+06
-2.2069e+06
-1.76928e+06
-647952
-825397
-2.29984e+06
-1.99312e+06
-1.67127e+06
-1.39871e+06
-4.48961e+06
-3.67696e+06
-1.86607e+06
-1.96584e+06
-5.0444e+06
-4.17794e+06
-2.37775e+06
-2.37071e+06
-576877
-380974
379623
77428.9
-3.49847e+06
-2.81807e+06
-1.12633e+06
-1.36266e+06
-2.20722e+06
-1.76821e+06
-652243
-829652
-2.29378e+06
-1.99139e+06
-1.68298e+06
-1.40241e+06
-4.4894e+06
-3.67965e+06
-1.8557e+06
-1.97239e+06
-5.09024e+06
-4.21716e+06
-2.39219e+06
-2.38841e+06
-580931
-380761
380142
78266.8
-3.50871e+06
-2.82529e+06
-1.14145e+06
-1.36164e+06
-2.19057e+06
-1.75244e+06
-645144
-819440
-2.2572e+06
-1.95536e+06
-1.67351e+06
-1.38893e+06
-4.50398e+06
-3.6876e+06
-1.85122e+06
-1.96655e+06
-5.15608e+06
-4.2679e+06
-2.42139e+06
-2.4156e+06
-634357
-424509
354318
59776
-3.56627e+06
-2.8718e+06
-1.18465e+06
-1.38968e+06
-2.20185e+06
-1.76139e+06
-657701
-824061
-2.2619e+06
-1.96514e+06
-1.69178e+06
-1.39191e+06
-4.55521e+06
-3.72647e+06
-1.868e+06
-1.98137e+06
-5.17644e+06
-4.28463e+06
-2.44236e+06
-2.42909e+06
2.04506e+06
1.7011e+06
1.02101e+06
990675
1.77393e+06
1.46861e+06
822389
826169
-1.41745e+06
-1.1103e+06
-222611
-431047
-1.01793e+06
-856639
-566221
-529073
714542
621514
524793
453348
2.13569e+06
1.77251e+06
1.04658e+06
1.01882e+06
2.13253e+06
1.77473e+06
1.04313e+06
1.01596e+06
1.78491e+06
1.47633e+06
825338
831582
-1.40676e+06
-1.10121e+06
-225450
-425883
-983426
-831688
-563938
-520323
672897
586218
486618
411881
2.18615e+06
1.81432e+06
1.06737e+06
1.03676e+06
2.1941e+06
1.82196e+06
1.07162e+06
1.04193e+06
1.74923e+06
1.44645e+06
813961
810289
-1.39859e+06
-1.09502e+06
-226787
-428500
-913429
-772045
-538926
-500209
688963
596346
477187
407993
2.25113e+06
1.86931e+06
1.09832e+06
1.05823e+06
2.29923e+06
1.90782e+06
1.10777e+06
1.091e+06
1.78319e+06
1.47272e+06
818427
827386
-1.41449e+06
-1.10665e+06
-238838
-425671
-818133
-697070
-506959
-451653
733596
631696
490657
428060
2.34894e+06
1.94832e+06
1.14094e+06
1.11332e+06
2.34244e+06
1.94466e+06
1.13482e+06
1.10969e+06
1.76604e+06
1.45923e+06
810424
818466
-1.4392e+06
-1.12431e+06
-247007
-445295
-745892
-633887
-474452
-425334
732591
630297
486545
425233
2.3861e+06
1.97902e+06
1.15235e+06
1.12599e+06
2.33927e+06
1.94399e+06
1.13342e+06
1.12786e+06
1.71343e+06
1.41746e+06
780159
810093
-1.47e+06
-1.14823e+06
-257860
-440322
-735017
-623448
-469933
-401055
705818
609623
469577
423462
2.44267e+06
2.02796e+06
1.17685e+06
1.1608e+06
2.29194e+06
1.90437e+06
1.11728e+06
1.09941e+06
1.64579e+06
1.36243e+06
761027
760928
-1.54856e+06
-1.21627e+06
-274413
-484116
-784386
-668958
-491013
-429967
602794
520494
420953
373504
2.46584e+06
2.046e+06
1.18163e+06
1.17843e+06
2.31625e+06
1.92866e+06
1.1281e+06
1.10691e+06
1.63682e+06
1.35574e+06
777950
771685
-1.55464e+06
-1.21911e+06
-272415
-483747
-802862
-685994
-504416
-441035
478900
418618
377244
314343
2.39189e+06
1.98526e+06
1.1671e+06
1.15383e+06
2.30109e+06
1.91267e+06
1.13492e+06
1.11392e+06
1.57259e+06
1.30579e+06
772813
757103
-1.59147e+06
-1.24872e+06
-276197
-487487
-822830
-700804
-518099
-452546
389547
345728
341338
281059
2.30676e+06
1.91492e+06
1.14297e+06
1.11611e+06
2.28473e+06
1.89987e+06
1.13468e+06
1.09977e+06
1.52959e+06
1.27247e+06
770637
730791
-1.62603e+06
-1.27267e+06
-284989
-506825
-803000
-686575
-514815
-457200
335535
300313
325418
248375
2.2786e+06
1.8922e+06
1.1398e+06
1.1027e+06
2.32241e+06
1.9323e+06
1.15516e+06
1.12455e+06
1.60691e+06
1.33774e+06
800961
779901
-1.55218e+06
-1.21268e+06
-261289
-470773
-672741
-577207
-469146
-395908
355440
316711
330757
265538
2.28857e+06
1.90226e+06
1.13283e+06
1.11119e+06
2.29617e+06
1.91176e+06
1.14738e+06
1.11136e+06
1.60433e+06
1.33641e+06
797211
779604
-1.54782e+06
-1.20766e+06
-261261
-470122
-650879
-564234
-474730
-392325
303488
275815
306056
238747
2.30155e+06
1.91254e+06
1.13142e+06
1.11091e+06
2.23813e+06
1.86466e+06
1.13552e+06
1.09771e+06
1.56556e+06
1.30234e+06
775068
760215
-1.61487e+06
-1.27128e+06
-271563
-500414
-744225
-643551
-506776
-429973
200058
189659
261873
192821
2.25755e+06
1.87308e+06
1.10632e+06
1.0909e+06
2.29779e+06
1.91761e+06
1.15144e+06
1.10896e+06
1.59883e+06
1.33085e+06
783032
762842
-1.64608e+06
-1.2937e+06
-289082
-509506
-786280
-677517
-543108
-451408
271657
250449
279003
201504
2.24728e+06
1.86743e+06
1.09805e+06
1.07468e+06
2.3535e+06
1.95928e+06
1.18491e+06
1.14015e+06
1.62139e+06
1.34492e+06
793423
767247
-1.71455e+06
-1.35002e+06
-315648
-537253
-831260
-714960
-565119
-483494
354758
315413
312873
237988
2.26998e+06
1.88292e+06
1.1107e+06
1.0752e+06
2.43644e+06
2.02884e+06
1.21222e+06
1.18184e+06
1.69144e+06
1.40341e+06
812567
800184
-1.75401e+06
-1.37778e+06
-328765
-558339
-815856
-701214
-562284
-471516
480198
420007
371493
296479
2.36499e+06
1.96235e+06
1.14983e+06
1.12762e+06
2.5323e+06
2.10985e+06
1.26243e+06
1.21392e+06
1.77134e+06
1.4688e+06
843024
825680
-1.70831e+06
-1.33823e+06
-301649
-537649
-786809
-671338
-539044
-463414
624419
540430
449796
359297
2.40917e+06
2.00191e+06
1.17202e+06
1.14352e+06
2.5681e+06
2.13842e+06
1.2829e+06
1.25127e+06
1.82697e+06
1.51516e+06
852471
863166
-1.70546e+06
-1.33467e+06
-293560
-523555
-793394
-682185
-542062
-455394
709984
612304
495902
419234
2.46698e+06
2.04926e+06
1.19765e+06
1.18091e+06
2.53281e+06
2.11115e+06
1.2737e+06
1.23851e+06
1.77693e+06
1.4733e+06
833073
837226
-1.75231e+06
-1.37014e+06
-283947
-537671
-871086
-745436
-556359
-492257
676534
586942
492308
417568
2.38507e+06
1.98245e+06
1.1708e+06
1.15073e+06
2.53858e+06
2.11409e+06
1.26735e+06
1.22334e+06
1.71321e+06
1.41925e+06
810724
811100
-1.7998e+06
-1.41013e+06
-293300
-544582
-944229
-810685
-588930
-517758
639295
552731
475362
388800
2.26805e+06
1.88475e+06
1.12607e+06
1.10355e+06
2.60032e+06
2.16416e+06
1.28509e+06
1.25469e+06
1.66225e+06
1.3778e+06
793440
788288
-1.80282e+06
-1.40797e+06
-291584
-544727
-975091
-830618
-611237
-537680
666515
579279
481688
404563
2.21108e+06
1.83839e+06
1.10229e+06
1.06879e+06
2.62701e+06
2.18325e+06
1.28758e+06
1.25414e+06
1.6522e+06
1.36937e+06
785836
771079
-1.82499e+06
-1.42198e+06
-290880
-553587
-1.00084e+06
-852583
-627616
-557421
718234
619406
505629
418872
2.19093e+06
1.82401e+06
1.10289e+06
1.05972e+06
2.70311e+06
2.24482e+06
1.32406e+06
1.28293e+06
1.66891e+06
1.38021e+06
796401
785719
-1.81185e+06
-1.41174e+06
-277615
-541536
-976679
-832718
-621861
-544869
767102
660730
531473
446289
2.16254e+06
1.80037e+06
1.09262e+06
1.05401e+06
2.78446e+06
2.30963e+06
1.36307e+06
1.31894e+06
1.70418e+06
1.40892e+06
804480
796011
-1.77499e+06
-1.37936e+06
-252962
-520934
-956161
-819848
-618132
-543578
830070
711821
569084
474343
2.20188e+06
1.8342e+06
1.10415e+06
1.06596e+06
2.81526e+06
2.33732e+06
1.38119e+06
1.34835e+06
1.74269e+06
1.43977e+06
816247
811331
-1.76659e+06
-1.37367e+06
-232175
-516399
-1.00362e+06
-855330
-623177
-560606
832636
716294
575098
491025
2.22066e+06
1.84868e+06
1.12007e+06
1.07725e+06
2.858e+06
2.37569e+06
1.39305e+06
1.35436e+06
1.7484e+06
1.44422e+06
820582
813699
-1.73878e+06
-1.34921e+06
-225295
-499034
-1.0224e+06
-872573
-640911
-568940
837382
722300
577512
487373
2.22893e+06
1.8561e+06
1.12971e+06
1.08111e+06
2.94629e+06
2.44603e+06
1.4342e+06
1.39782e+06
1.77594e+06
1.46717e+06
839320
827868
-1.66587e+06
-1.2881e+06
-190669
-469019
-994920
-848700
-635126
-567428
882766
759677
601747
512250
2.27153e+06
1.89243e+06
1.15307e+06
1.09936e+06
3.0047e+06
2.49268e+06
1.45519e+06
1.42373e+06
1.78204e+06
1.47314e+06
837996
833840
-1.64637e+06
-1.27108e+06
-183018
-452046
-970220
-829891
-631510
-550392
908603
782078
622752
530053
2.31018e+06
1.92526e+06
1.17095e+06
1.12725e+06
3.09689e+06
2.56935e+06
1.48971e+06
1.46126e+06
1.84815e+06
1.52556e+06
847430
860500
-1.61379e+06
-1.24358e+06
-174701
-438624
-906798
-774226
-608871
-525172
971932
836032
662363
561842
2.34609e+06
1.95385e+06
1.1771e+06
1.13969e+06
3.13011e+06
2.59693e+06
1.51055e+06
1.48321e+06
1.84968e+06
1.5277e+06
847343
857148
-1.6043e+06
-1.23414e+06
-163421
-432128
-893514
-764742
-602681
-519492
992840
856337
684999
580832
2.39508e+06
1.99702e+06
1.19823e+06
1.15657e+06
3.11872e+06
2.58854e+06
1.52361e+06
1.4859e+06
1.84573e+06
1.52689e+06
856655
853122
-1.60777e+06
-1.23746e+06
-130986
-431301
-939480
-802806
-596386
-537545
949527
821447
685037
573775
2.46559e+06
2.05266e+06
1.23207e+06
1.18997e+06
3.19668e+06
2.65528e+06
1.55084e+06
1.51022e+06
1.89632e+06
1.56819e+06
887658
880443
-1.58824e+06
-1.22059e+06
-102446
-408375
-948023
-812739
-602193
-530503
978690
843489
698544
581754
2.50775e+06
2.08709e+06
1.25969e+06
1.2119e+06
3.27518e+06
2.71775e+06
1.58633e+06
1.55296e+06
1.90555e+06
1.57663e+06
899230
890632
-1.57282e+06
-1.20322e+06
-79848.6
-389062
-948132
-808861
-602314
-537708
1.02273e+06
880932
716556
605056
2.56725e+06
2.13822e+06
1.2961e+06
1.23441e+06
3.31091e+06
2.75164e+06
1.60456e+06
1.57837e+06
1.91954e+06
1.59333e+06
911219
902610
-1.57062e+06
-1.19471e+06
-56519.8
-371441
-926796
-788805
-588725
-516206
1.05935e+06
915766
740080
631436
2.67748e+06
2.23173e+06
1.36075e+06
1.29988e+06
3.37288e+06
2.79779e+06
1.62631e+06
1.60294e+06
1.96924e+06
1.6272e+06
923404
928237
-1.53739e+06
-1.17095e+06
-41194.6
-346380
-901947
-771136
-591056
-503341
1.11055e+06
954337
759540
652841
2.74097e+06
2.28218e+06
1.38131e+06
1.33538e+06
3.39353e+06
2.81771e+06
1.63975e+06
1.61112e+06
1.96923e+06
1.63227e+06
918542
928704
-1.55727e+06
-1.17922e+06
-34550.7
-348256
-926857
-789711
-600641
-521290
1.13421e+06
977034
773410
666961
2.86025e+06
2.3846e+06
1.43642e+06
1.38153e+06
-861169
-687885
-260798
-318615
-439558
-341484
-75092.6
-130311
-737773
-606796
-310653
-327993
-1.31359e+06
-1.1221e+06
-834764
-733985
-297003
-227200
-21161.6
-69025.6
-2.22655e+06
-1.78656e+06
-669737
-832681
-837957
-668182
-251374
-325274
-472922
-369397
-81064.8
-146141
-729350
-603408
-313210
-329706
-1.38895e+06
-1.186e+06
-869712
-764925
-312041
-244047
-31461.3
-92230.8
-2.32939e+06
-1.87197e+06
-710087
-880566
-826220
-661038
-240259
-310590
-501006
-393207
-92538.4
-161360
-723550
-598151
-324755
-331268
-1.46056e+06
-1.24292e+06
-909054
-805299
-266994
-206025
-22367.9
-75195.9
-2.40914e+06
-1.93804e+06
-749803
-925234
-827725
-661556
-244175
-306286
-516885
-408081
-97555.3
-162975
-739067
-610973
-344917
-342828
-1.48415e+06
-1.26413e+06
-916694
-815882
-230081
-177709
-6209.81
-54328.4
-2.48135e+06
-1.99966e+06
-785169
-953891
-851666
-680473
-239483
-318878
-520466
-410405
-98513.4
-168909
-734264
-608758
-347626
-349688
-1.50417e+06
-1.2754e+06
-911226
-818480
-228988
-175906
939.038
-56495
-2.58313e+06
-2.08154e+06
-833675
-1.00463e+06
-860253
-686726
-245722
-317916
-539720
-424093
-114578
-169116
-696694
-576107
-341243
-331267
-1.51482e+06
-1.28585e+06
-922822
-821285
-198427
-149092
16052.7
-37671.1
-2.61485e+06
-2.10807e+06
-859189
-1.02107e+06
-856528
-681358
-238192
-312000
-564166
-446048
-124601
-197443
-745069
-617304
-351844
-352250
-1.54479e+06
-1.3117e+06
-930120
-835954
-220662
-165868
9522.61
-41221.5
-2.62955e+06
-2.12279e+06
-861439
-1.02821e+06
-843238
-667845
-233081
-314095
-557500
-439772
-115157
-188358
-824105
-681977
-392154
-380867
-1.5992e+06
-1.3593e+06
-972298
-861180
-258488
-197129
-13423.7
-67158.9
-2.71568e+06
-2.1912e+06
-896721
-1.05863e+06
-840495
-667927
-212141
-300012
-585242
-461821
-115902
-195756
-898355
-742884
-417941
-417645
-1.59794e+06
-1.35912e+06
-984647
-880161
-252950
-193294
-9186.02
-64775.2
-2.77957e+06
-2.24322e+06
-920383
-1.09543e+06
-840867
-666580
-214432
-297414
-596657
-471212
-122564
-206158
-988818
-814311
-447933
-454888
-1.57624e+06
-1.34457e+06
-989059
-873175
-192080
-141912
20938.1
-35980.4
-2.81541e+06
-2.27267e+06
-927905
-1.10485e+06
-795823
-631583
-191261
-278240
-534960
-424567
-102304
-174243
-1.0124e+06
-835670
-464103
-463954
-1.48502e+06
-1.26794e+06
-961906
-839385
-126473
-90980.6
54583
-2324.26
-2.8603e+06
-2.31118e+06
-953285
-1.12495e+06
-791131
-627282
-184414
-275364
-518422
-409503
-95769.1
-171860
-1.0401e+06
-858405
-475167
-480616
-1.44448e+06
-1.23975e+06
-957348
-825201
-74909.5
-45870.7
80275.7
19715.6
-2.87201e+06
-2.31861e+06
-959024
-1.13284e+06
-748966
-589983
-158852
-253610
-446285
-348391
-74901
-137710
-1.04103e+06
-858196
-460995
-483998
-1.41539e+06
-1.21313e+06
-941593
-820085
-94748.1
-60565.8
71513.2
27182.6
-2.87606e+06
-2.3184e+06
-957537
-1.13328e+06
-682411
-531866
-126533
-223919
-446438
-347428
-62512.5
-130637
-1.03052e+06
-849287
-446910
-470251
-1.40481e+06
-1.20548e+06
-934560
-805566
-145863
-103465
47096.1
-3203.19
-2.93043e+06
-2.36239e+06
-962219
-1.15071e+06
-660330
-516406
-105658
-199259
-498631
-390261
-77037.2
-143954
-1.0448e+06
-858531
-437376
-467271
-1.3894e+06
-1.18982e+06
-921204
-802735
-158240
-114674
38719.8
-6709.74
-2.97344e+06
-2.3956e+06
-962234
-1.16556e+06
-660943
-514244
-93570
-202438
-538081
-420818
-83996.5
-169814
-1.05043e+06
-857486
-429423
-466575
-1.33769e+06
-1.14746e+06
-890167
-777263
-178175
-129923
39928.2
-14085.6
-2.99701e+06
-2.41251e+06
-950091
-1.16243e+06
-632441
-489066
-74121.8
-178642
-497931
-388729
-75619.4
-141017
-991760
-812164
-410239
-428336
-1.24535e+06
-1.06745e+06
-844744
-724430
-186654
-136448
44140.4
-12790.1
-3.02338e+06
-2.4313e+06
-955812
-1.16603e+06
-643190
-495099
-74838.1
-180133
-520290
-404155
-95019.6
-154597
-997325
-813108
-417901
-440324
-1.22588e+06
-1.05225e+06
-837484
-715880
-221725
-162523
28891.7
-24202.9
-3.00509e+06
-2.41325e+06
-941619
-1.16273e+06
-653676
-507200
-69296.5
-183300
-515515
-401833
-84361.4
-169281
-970763
-796249
-392967
-430745
-1.24323e+06
-1.06939e+06
-830997
-727540
-299086
-224779
13735.5
-63436
-2.98403e+06
-2.39808e+06
-926397
-1.13868e+06
-637011
-491035
-53987.6
-182242
-464319
-359665
-35394.2
-141831
-918323
-753711
-367908
-408419
-1.25629e+06
-1.08368e+06
-837056
-727458
-342457
-262266
16028.7
-82539.9
-3.0154e+06
-2.42521e+06
-928079
-1.15068e+06
-579626
-442336
-24366.2
-140236
-414669
-314735
8341.03
-95382.3
-841442
-687493
-336036
-363332
-1.26081e+06
-1.08462e+06
-847994
-729598
-340963
-254831
31388.5
-61589
-3.02633e+06
-2.43226e+06
-925239
-1.15264e+06
-610930
-465723
-38794.7
-149763
-413592
-307546
15047.9
-83663.5
-845572
-687376
-343317
-361042
-1.3059e+06
-1.11983e+06
-879802
-751263
-379689
-282880
29162.5
-66816.6
-3.05339e+06
-2.45145e+06
-932685
-1.15193e+06
-612244
-471100
-38028.2
-145120
-409812
-311129
13144.4
-65681
-832754
-682238
-345306
-356285
-1.31189e+06
-1.12895e+06
-895342
-753375
-415159
-315613
27090.7
-69516.4
-3.11048e+06
-2.50166e+06
-966198
-1.17212e+06
-650069
-497462
-39749.3
-169199
-482048
-362298
-8246.28
-103294
-857370
-697752
-348510
-366799
-1.34577e+06
-1.15751e+06
-912574
-781303
-459033
-342450
32449.8
-90472.2
-3.13167e+06
-2.5152e+06
-975908
-1.19487e+06
-693918
-530021
-55011.5
-175102
-493734
-374849
-13563.7
-113178
-835326
-684230
-336499
-370544
-1.37968e+06
-1.18469e+06
-922628
-799092
-506624
-377164
16131.9
-93641.4
-3.15348e+06
-2.53398e+06
-983903
-1.20783e+06
-733424
-558655
-67207.7
-194811
-568247
-432666
-24028.9
-133996
-794294
-650538
-318973
-349338
-1.46129e+06
-1.25096e+06
-951836
-823731
-519827
-389195
10688.6
-106545
-3.22969e+06
-2.59281e+06
-997112
-1.22714e+06
-741708
-569215
-70140.8
-198290
-605669
-463625
-28489.3
-147819
-697073
-569741
-281667
-309610
-1.48989e+06
-1.27248e+06
-963640
-848073
-469713
-349627
31571.6
-86398.5
-3.25326e+06
-2.61011e+06
-991265
-1.24049e+06
-815158
-631009
-110881
-227920
-673347
-520360
-50902.5
-171230
-687526
-562759
-289801
-300988
-1.5104e+06
-1.2932e+06
-969718
-852448
-449173
-332533
37585.6
-71791.8
-3.28976e+06
-2.64169e+06
-997506
-1.24484e+06
-842490
-655724
-140941
-251425
-653488
-505461
-63046.3
-167996
-641844
-530258
-292733
-294497
-1.45989e+06
-1.24875e+06
-951909
-832665
-384913
-283494
53464.3
-54060.4
-3.30581e+06
-2.65315e+06
-1.00959e+06
-1.25634e+06
-856938
-669084
-158368
-265594
-679656
-525456
-82383.6
-177808
-571859
-471569
-272856
-268901
-1.43242e+06
-1.22747e+06
-948448
-819040
-326663
-234250
71532.3
-28911.5
-3.27047e+06
-2.62165e+06
-995105
-1.23962e+06
-903595
-710032
-174891
-281619
-743019
-577955
-112892
-219390
-587765
-490813
-267619
-281949
-1.45071e+06
-1.2431e+06
-945101
-831546
-356797
-260181
56807.5
-36438.6
-3.26062e+06
-2.61555e+06
-985102
-1.23432e+06
-916355
-717134
-186808
-298869
-803239
-624976
-124331
-242034
-595864
-495902
-274864
-279518
-1.4958e+06
-1.27951e+06
-969139
-838841
-399125
-296788
32775.8
-67774.1
-3.29926e+06
-2.64433e+06
-998221
-1.24291e+06
-900138
-708731
-176099
-284417
-864908
-676717
-139045
-260140
-629225
-523101
-286412
-288902
-1.55043e+06
-1.32402e+06
-993321
-868409
-409549
-306495
29589.6
-69719.3
-3.34663e+06
-2.68555e+06
-1.01307e+06
-1.26594e+06
-904784
-706774
-179961
-289068
-874943
-681954
-139631
-269648
-651216
-536415
-296266
-305679
-1.53961e+06
-1.31307e+06
-991427
-874408
-365602
-268020
51797.7
-53511
-3.33176e+06
-2.67062e+06
-997197
-1.2624e+06
-867870
-678810
-165594
-272387
-843723
-660525
-134705
-249744
-567091
-470486
-269525
-268860
-1.45548e+06
-1.24377e+06
-965801
-828655
-289094
-206670
92013.7
-17203.9
-3.30131e+06
-2.64637e+06
-988662
-1.23984e+06
-878648
-688323
-174511
-278750
-862924
-672514
-159460
-260106
-555352
-460762
-265579
-265688
-1.45158e+06
-1.24565e+06
-973142
-838506
-260037
-180821
106883
2435.98
-3.26124e+06
-2.61205e+06
-976642
-1.23078e+06
-1.20131e+06
-1.02792e+06
-768051
-671417
-539403
-445537
-249191
-244454
543218
449595
276173
265239
1.43926e+06
1.20877e+06
815034
743065
182779
143753
37587
66090.4
-547801
-463729
-332772
-290553
-1.24899e+06
-1.06694e+06
-800169
-696860
-646857
-537847
-307987
-296197
535643
445573
268184
256964
1.45338e+06
1.22176e+06
802693
746020
105712
79666.9
-16729.4
20499.7
-659845
-557658
-394534
-351231
-1.26619e+06
-1.08281e+06
-819337
-719025
-672202
-560884
-326310
-326270
558263
464242
272992
268638
1.45568e+06
1.22097e+06
790821
739588
137337
100471
-23538.2
16454.4
-699637
-594037
-430274
-375279
-1.25816e+06
-1.07583e+06
-821160
-709655
-700766
-578527
-328699
-329061
506460
420052
242741
245983
1.44236e+06
1.20944e+06
783708
727994
184121
140498
-7380.07
36303.6
-667042
-563913
-407421
-365280
-1.31272e+06
-1.12129e+06
-861540
-741849
-801008
-663666
-375367
-374390
416562
345024
184246
198879
1.37373e+06
1.15337e+06
751770
706555
115743
82146
-51357.2
6784.69
-777500
-658011
-465102
-412907
-1.3225e+06
-1.13182e+06
-859191
-747970
-858401
-709466
-383031
-393764
368417
300669
156640
167444
1.30926e+06
1.10062e+06
726238
670323
44323.6
22134.6
-84616.6
-26960.6
-816210
-687779
-462524
-427707
-1.34158e+06
-1.14827e+06
-872561
-759165
-854245
-703702
-381313
-388944
363345
298449
158540
161259
1.36592e+06
1.14467e+06
753965
696298
9444.83
-8948.44
-104143
-47325.9
-816937
-689105
-475357
-432875
-1.36098e+06
-1.16093e+06
-877410
-761595
-816383
-671513
-358131
-366489
423065
352838
207145
197394
1.43758e+06
1.208e+06
791190
732708
-38620.1
-42171.8
-120418
-66242.5
-804528
-677886
-467750
-427795
-1.37518e+06
-1.17464e+06
-884891
-780222
-765609
-630294
-328187
-346743
489625
411931
251732
241524
1.47686e+06
1.24303e+06
813526
763744
-50297.9
-56840.8
-130765
-70893.8
-805773
-681364
-468359
-421238
-1.39041e+06
-1.18454e+06
-914304
-785940
-712626
-582418
-311978
-324622
536086
449494
265869
262283
1.48552e+06
1.24856e+06
813225
757123
-102687
-99157.6
-166225
-105854
-757965
-639479
-454298
-417126
-1.35478e+06
-1.15583e+06
-900795
-779089
-592945
-482889
-240892
-268268
604496
507800
305800
294342
1.55076e+06
1.30508e+06
858085
790530
-57449.6
-60692.4
-144112
-87794.4
-706250
-598082
-428897
-391778
-1.32249e+06
-1.13211e+06
-892863
-765403
-521812
-426875
-196888
-225325
664451
554886
334855
325015
1.59126e+06
1.33958e+06
880187
816819
-92942.1
-89110.3
-155791
-92162.2
-630090
-535465
-391915
-355681
-1.32109e+06
-1.133e+06
-892610
-760984
-552229
-446805
-203301
-220027
628607
520207
326447
308043
1.60861e+06
1.35011e+06
886974
822549
-111287
-110459
-170356
-118096
-645622
-544320
-408816
-351517
-1.3983e+06
-1.19489e+06
-914808
-789879
-602354
-491537
-224458
-244786
614546
511412
335752
307019
1.64156e+06
1.37751e+06
895718
835755
-138510
-130185
-186462
-129518
-756367
-640244
-453064
-407638
-1.4557e+06
-1.24306e+06
-944519
-822230
-612825
-504236
-236164
-264865
642418
535296
342303
326120
1.65074e+06
1.38723e+06
889368
843327
-83336.1
-91462.1
-178839
-121621
-837526
-709305
-501907
-441386
-1.4781e+06
-1.25934e+06
-949847
-831030
-660571
-536603
-251263
-281474
581151
484931
314321
293588
1.64071e+06
1.37545e+06
890523
821041
-52888.8
-63423.9
-170831
-112823
-835898
-705490
-493172
-456282
-1.51933e+06
-1.29387e+06
-951675
-842629
-654029
-535303
-222752
-275602
493247
413131
287725
263055
1.62929e+06
1.36738e+06
915672
835953
-9082.79
-31265.4
-138456
-90303.9
-914597
-772798
-509975
-481759
-1.5881e+06
-1.34573e+06
-976782
-860698
-720642
-583883
-240949
-288478
411057
346158
251281
224989
1.51335e+06
1.27836e+06
873686
796158
-70206.5
-74877
-161481
-97034.1
-964930
-808904
-519152
-494105
-1.67105e+06
-1.42106e+06
-1.02941e+06
-907258
-805556
-652725
-289050
-322511
411543
347234
244747
220433
1.50306e+06
1.26895e+06
864527
796301
-133766
-132814
-196279
-125836
-1.10512e+06
-924532
-597915
-545949
-1.76644e+06
-1.5016e+06
-1.07252e+06
-961471
-877963
-717945
-329032
-366614
473059
398823
276453
241611
1.53126e+06
1.29106e+06
870171
801452
-231703
-210613
-229470
-170760
-1.22436e+06
-1.02559e+06
-658651
-619283
-1.84828e+06
-1.56757e+06
-1.1164e+06
-1.00078e+06
-889861
-728635
-342189
-380970
585676
494115
328602
300841
1.54375e+06
1.30359e+06
869108
811245
-229961
-211843
-227354
-174305
-1.30932e+06
-1.09865e+06
-710942
-655880
-1.87208e+06
-1.58788e+06
-1.12792e+06
-1.01406e+06
-892516
-727979
-341763
-384962
700578
588171
383301
354893
1.56512e+06
1.31897e+06
890244
813268
-235039
-211707
-210639
-166690
-1.3122e+06
-1.09883e+06
-709848
-667400
-1.946e+06
-1.64992e+06
-1.16576e+06
-1.0575e+06
-934288
-765993
-352747
-410121
743722
622525
399607
365347
1.55667e+06
1.31401e+06
897913
816716
-297700
-263436
-231591
-192902
-1.42792e+06
-1.1988e+06
-762502
-727395
-1.90454e+06
-1.61523e+06
-1.15117e+06
-1.03059e+06
-910602
-742627
-340977
-382140
872347
728951
453749
432275
1.6116e+06
1.36133e+06
920374
847248
-301462
-262356
-223504
-177079
-1.42216e+06
-1.19018e+06
-765232
-716150
-1.93124e+06
-1.63989e+06
-1.16465e+06
-1.04629e+06
-930164
-756128
-356904
-386819
857903
715623
449968
425865
1.63411e+06
1.37664e+06
935773
856636
-355679
-308260
-248363
-206400
-1.46895e+06
-1.23173e+06
-798403
-740859
-1.96809e+06
-1.66997e+06
-1.17592e+06
-1.06617e+06
-950091
-777872
-376705
-408674
900939
751505
475301
439470
1.6931e+06
1.42621e+06
958910
878172
-400058
-343727
-261784
-231331
-1.5014e+06
-1.2592e+06
-815256
-768212
-1.99502e+06
-1.69075e+06
-1.19104e+06
-1.07727e+06
-937593
-768187
-382052
-412301
956495
801232
498136
478809
1.7116e+06
1.44431e+06
963552
899641
-383109
-329334
-259633
-219420
-1.51987e+06
-1.27685e+06
-835643
-768956
-1.98595e+06
-1.68604e+06
-1.19649e+06
-1.07731e+06
-912500
-745963
-379699
-406911
980510
817580
500702
483266
1.73365e+06
1.45979e+06
975108
894007
-369266
-318088
-247290
-216854
-1.46224e+06
-1.22773e+06
-815660
-759233
-2.02656e+06
-1.71765e+06
-1.2188e+06
-1.09929e+06
-889390
-730279
-370858
-403380
956554
798917
485305
468811
1.76035e+06
1.48416e+06
992383
917835
-386936
-330902
-253756
-218211
-1.52529e+06
-1.28099e+06
-839143
-782814
-1.99053e+06
-1.68962e+06
-1.19844e+06
-1.07989e+06
-881417
-724513
-366172
-390761
1.00834e+06
837292
502550
487495
1.78789e+06
1.50717e+06
1.0094e+06
928337
-407460
-347199
-256309
-216588
-1.48963e+06
-1.25134e+06
-813639
-766941
-2.00398e+06
-1.70138e+06
-1.21253e+06
-1.08455e+06
-897528
-739291
-380916
-394602
937252
775052
478890
457133
1.79307e+06
1.50901e+06
1.00895e+06
934295
-484983
-409836
-293153
-261745
-1.49219e+06
-1.25437e+06
-828562
-767661
-2.05863e+06
-1.74612e+06
-1.23781e+06
-1.1113e+06
-969337
-800952
-415376
-432237
918986
763397
480446
448980
1.79935e+06
1.51414e+06
1.00531e+06
931847
-574660
-480916
-328018
-301466
-1.53096e+06
-1.28918e+06
-843142
-792179
-2.0896e+06
-1.77063e+06
-1.25895e+06
-1.13526e+06
-986378
-814289
-430301
-446495
934743
780706
493050
462116
1.77428e+06
1.49938e+06
989548
928134
-573590
-480034
-333110
-304980
-1.53347e+06
-1.29e+06
-852829
-791640
-2.05505e+06
-1.74007e+06
-1.24877e+06
-1.11784e+06
-978495
-800960
-414538
-440643
889459
746610
482759
449593
1.78594e+06
1.50771e+06
1.00227e+06
917495
-544397
-454030
-313482
-296231
-1.42421e+06
-1.19511e+06
-795651
-750520
-2.09587e+06
-1.77772e+06
-1.26151e+06
-1.1377e+06
-1.0127e+06
-834864
-411936
-455946
777265
653862
448939
409375
1.78862e+06
1.50787e+06
1.02422e+06
932655
-572712
-479943
-309219
-296761
-1.46652e+06
-1.23462e+06
-794134
-758888
-2.0738e+06
-1.7575e+06
-1.24832e+06
-1.12359e+06
-1.03479e+06
-849585
-401095
-444430
703572
593492
420563
377809
1.73046e+06
1.46496e+06
1.01299e+06
920447
-659672
-545336
-327974
-311957
-1.39086e+06
-1.16857e+06
-744046
-715217
834350
670037
292886
326645
-88493.7
-69136.7
-3329.77
-21211.1
1.79641e+06
1.49272e+06
917366
868119
852101
689562
327442
350566
355538
272219
38195.1
100815
739117
619479
417369
380752
876701
710641
323083
361015
-62071.2
-46384.1
14809.6
-2965.61
1.94223e+06
1.61848e+06
995606
945967
989913
804829
368526
408535
362187
279025
34528.7
99766.4
774553
652160
435932
401286
898994
729190
343257
366860
-30279.7
-18616
45195.4
8003.03
2.06151e+06
1.72003e+06
1.06183e+06
1.0093e+06
1.07344e+06
872096
389504
443730
370161
282321
26360.9
99451
800979
671411
447765
413769
953053
775862
354171
396133
2184.96
14402.4
62702
33141.4
2.12806e+06
1.77633e+06
1.08064e+06
1.04659e+06
1.14793e+06
930574
395712
459583
339649
256663
-1378.86
74523.4
874721
736225
473578
444975
1.02776e+06
838816
387407
427966
73636
72529.4
102747
67564.8
2.189e+06
1.82881e+06
1.10037e+06
1.07181e+06
1.20198e+06
975539
404156
486516
349666
266324
-11004.7
79624.5
869022
731988
476032
445954
1.05674e+06
856795
403462
435573
70049.5
66683.7
115643
72613.5
2.23159e+06
1.85432e+06
1.11049e+06
1.07959e+06
1.1796e+06
948681
378475
456066
269249
194554
-54409.7
37576.4
868249
726618
484014
441639
1.08703e+06
884410
408142
464339
61620.8
62002
106452
78798.6
2.18259e+06
1.81512e+06
1.10212e+06
1.06904e+06
1.20139e+06
965339
384754
463527
247328
177212
-69623.1
16286.1
901539
754775
480362
460674
1.10015e+06
896201
394855
467439
31969
37334.5
77460.7
61832.2
2.20252e+06
1.8364e+06
1.10969e+06
1.0807e+06
1.24802e+06
1.00689e+06
396098
485709
256200
187500
-76603
19086.9
959906
802047
484522
474034
1.0776e+06
871515
372611
435938
39050.7
39080.4
71835.7
50865.7
2.20697e+06
1.83802e+06
1.12058e+06
1.07785e+06
1.24462e+06
1.00182e+06
394858
481688
289210
210284
-66184.5
24130
1.0052e+06
832632
482992
480097
1.02938e+06
836444
340808
413781
30432.5
37613.1
66445.4
44870.9
2.14874e+06
1.79618e+06
1.10153e+06
1.05882e+06
1.21582e+06
982513
387170
462290
299038
223658
-64351
22948.4
1.08092e+06
900044
504628
497829
1.0334e+06
836159
333469
409680
18558.7
23892.4
56586.9
37166.9
2.1235e+06
1.77577e+06
1.09392e+06
1.05638e+06
1.23092e+06
993543
399021
477842
348252
258794
-50239.9
49256.4
1.14228e+06
943721
519445
523569
970078
781649
295538
380030
-27466.1
-15711.9
48896.4
19997.7
2.00516e+06
1.67539e+06
1.04828e+06
1.00308e+06
1.1358e+06
915794
365813
441562
287236
209087
-74581.4
25612.1
1.18748e+06
978738
536657
535718
944997
758286
284994
355240
-69966.8
-47310.4
27710.8
5499.88
1.93918e+06
1.62008e+06
1.01814e+06
962103
1.10165e+06
888073
347265
426706
286001
203283
-71435.5
14189.5
1.18017e+06
976009
522956
540036
929593
745847
291670
353366
-81267.8
-60063.8
19160.5
-4316.18
1.98808e+06
1.66123e+06
1.05104e+06
982663
1.1046e+06
888601
350666
426016
297556
214205
-56222.8
22939.3
1.16607e+06
961075
523239
528072
900723
723588
281891
342387
-72346.2
-55734.2
18039
-4659.13
2.04594e+06
1.71068e+06
1.07518e+06
1.0213e+06
1.05613e+06
852007
325853
415545
354768
259718
-35615.6
50836.7
1.14884e+06
946143
504985
530289
933987
750651
302920
355487
-93118.9
-70347.9
14016.3
-19730.4
2.03722e+06
1.70105e+06
1.06576e+06
1.01293e+06
986768
791473
304282
369464
379124
279858
-15294.7
59252
1.16146e+06
956766
512647
518925
952051
766562
318746
372110
-44114.3
-33917.8
39825.7
1321.58
1.99784e+06
1.66969e+06
1.04735e+06
997328
945471
759911
304603
367741
431627
322727
15869.6
89741.8
1.1392e+06
936480
507531
514518
983478
794582
331398
390434
-54940.8
-38648.3
41579.3
10280.6
1.99814e+06
1.66781e+06
1.04035e+06
987821
846601
681298
266813
326607
427831
324263
17142.4
104581
1.17311e+06
965053
525797
530225
951478
768060
317717
373267
-109959
-78495.2
11865.3
-14203.7
1.99355e+06
1.66648e+06
1.04373e+06
989393
855506
691317
274056
329672
425271
324390
16573.2
94857
1.09205e+06
904182
485651
496915
915452
736077
311004
356868
-192607
-153968
-37850.7
-59017.3
2.0332e+06
1.69733e+06
1.06513e+06
1.00225e+06
894423
720756
294090
347251
427860
326168
28568.5
97558.8
993869
817278
450642
449972
897165
726581
297275
350493
-207127
-167499
-64778.8
-79187.5
2.11448e+06
1.76743e+06
1.09101e+06
1.04694e+06
962802
780743
319160
383558
519245
402928
58955.7
144193
905384
747407
398607
416341
855179
685560
280827
335444
-272233
-221442
-93333.9
-109826
2.1031e+06
1.75273e+06
1.08413e+06
1.0446e+06
971611
782711
338817
390085
531823
409753
77054.1
150719
864585
711582
390909
393157
759598
609207
235266
288524
-390508
-323293
-150016
-166261
2.01613e+06
1.68197e+06
1.04161e+06
1.00137e+06
902617
729025
327600
372167
467893
358210
56736.8
130138
684346
562722
324505
318482
767412
616080
229598
288168
-446329
-366505
-188934
-193374
2.01775e+06
1.68272e+06
1.03146e+06
993235
903554
734918
324051
370800
457183
353899
50244.2
129718
639498
528394
303108
298349
816400
655591
257521
311159
-401384
-327876
-171322
-183028
2.02602e+06
1.68984e+06
1.05124e+06
989199
915615
744376
344862
373106
440023
339586
45932.2
117497
677067
562778
321642
309062
859725
691176
278591
326648
-378103
-312753
-166433
-181627
2.11634e+06
1.76536e+06
1.09984e+06
1.02939e+06
969902
787054
361944
394632
405943
309335
25550.6
91211.1
752860
621658
352451
335903
875182
705056
285086
337400
-332675
-275850
-147398
-157051
2.19109e+06
1.83007e+06
1.13379e+06
1.07789e+06
996153
811731
363553
415246
427546
324954
25566.2
105635
798714
656696
354281
362743
911419
734031
298070
351623
-308820
-249133
-111548
-141153
2.17289e+06
1.81431e+06
1.13072e+06
1.07625e+06
975343
792872
366712
398744
386671
294623
17273.9
86318.6
854635
705712
383345
378770
937159
754885
307937
361885
-319103
-260015
-99993.4
-138238
2.12638e+06
1.77884e+06
1.11748e+06
1.05721e+06
929082
758359
362763
395833
310803
230838
-16041.4
56888.9
820611
675435
375210
371622
947867
764929
323494
372401
-346515
-276507
-82138.9
-128003
2.10292e+06
1.75759e+06
1.11658e+06
1.04673e+06
872018
713540
354980
370293
234724
170824
-46718.5
27898.2
839839
693238
400483
381163
976610
787034
343781
385591
-301143
-236132
-54751.3
-98849.3
2.16262e+06
1.80839e+06
1.15392e+06
1.07675e+06
965337
788093
400654
410496
254769
184801
-52371.9
22803.5
893379
742006
426448
412412
1.0025e+06
810474
360658
403167
-300660
-237222
-48050.7
-97237.1
2.28181e+06
1.90796e+06
1.21581e+06
1.13044e+06
1.06219e+06
867708
437503
458941
230899
166490
-67600.8
11972.7
906157
751592
435465
422178
1.02231e+06
827563
375409
408976
-253947
-198376
-18478.8
-71468.7
2.40189e+06
2.01056e+06
1.26843e+06
1.19625e+06
1.12734e+06
925524
453193
492461
280020
203171
-59008.1
28740.4
891918
739597
425304
419517
1.01322e+06
822888
374014
417101
-259797
-195514
7677.06
-62553.5
2.42041e+06
2.02419e+06
1.27564e+06
1.21109e+06
1.16113e+06
949099
469648
497857
263898
191246
-63885.7
20689.9
906604
754890
448767
427586
1.03188e+06
839824
386178
428007
-279241
-211361
25382.3
-53337.1
2.43263e+06
2.03594e+06
1.28295e+06
1.21826e+06
1.14465e+06
940406
477389
507986
197923
138279
-88372.8
2221.73
828223
691224
430115
409659
1.05414e+06
856968
402967
434854
-302333
-225076
45551.1
-49100.8
2.47823e+06
2.07007e+06
1.29985e+06
1.22813e+06
1.13306e+06
929278
470127
494429
109245
66914.2
-130085
-36632.4
791020
663342
431286
395861
369963
248491
-218131
-30344.8
318502
277385
231959
200432
694327
571593
306038
312507
1.77765e+06
1.45e+06
707455
768477
1.88412e+06
1.53883e+06
748711
818940
1.30775e+06
1.10831e+06
778932
712148
303702
194920
-254790
-61010.6
252509
225107
207082
175918
732230
605135
327131
335211
1.79358e+06
1.46595e+06
710254
768374
1.7949e+06
1.46954e+06
700198
773392
1.21673e+06
1.03446e+06
748448
666819
237899
138427
-286267
-103343
257087
227507
219366
166915
782700
646004
351522
357983
1.79476e+06
1.46673e+06
704872
774162
1.79778e+06
1.46501e+06
693609
763237
1.14563e+06
974356
716880
642662
211939
121161
-305725
-104293
268068
242926
234092
191199
787135
650748
344122
365188
1.79039e+06
1.46142e+06
696994
762877
1.79238e+06
1.46352e+06
686630
764198
1.14648e+06
978534
728396
641472
160313
76523.1
-333191
-141636
241070
220281
229968
171665
753110
622868
317032
338857
1.80391e+06
1.47254e+06
705460
766187
1.76329e+06
1.43762e+06
667894
740300
1.06516e+06
909903
703178
599537
185968
97459.8
-313743
-124932
272420
247411
271282
202114
797971
655604
330983
353282
1.80875e+06
1.47873e+06
714066
772357
1.74041e+06
1.42032e+06
663906
744931
1.10949e+06
951310
750737
636028
180086
84210.1
-319489
-135123
243381
222523
258596
197150
790339
647074
331531
351542
1.79108e+06
1.45799e+06
707500
770236
1.67613e+06
1.36164e+06
625450
706127
1.08062e+06
925734
727144
634359
150414
60732.7
-334975
-150696
189681
178115
234511
174370
837840
686240
346851
362041
1.778e+06
1.44771e+06
701153
760032
1.60583e+06
1.30623e+06
591368
671964
1.01547e+06
870656
693643
595280
153140
63969.1
-332754
-157391
216137
199504
244888
176739
909613
749194
376068
399486
1.77105e+06
1.44754e+06
699511
762366
1.62032e+06
1.31721e+06
590229
669015
981181
843854
667234
578704
166773
76155.4
-334448
-143154
264755
240636
263749
200622
943683
774525
387089
416286
1.74873e+06
1.42562e+06
691294
747326
1.64322e+06
1.33331e+06
594495
676744
1.00743e+06
863621
678719
581747
154628
66872.5
-360263
-157595
239153
219876
247077
186002
917142
752877
355738
400724
1.71892e+06
1.40366e+06
673685
735731
1.60714e+06
1.30429e+06
563802
661754
921054
791747
632878
543546
218915
115017
-329574
-140680
295574
264219
279345
210115
970923
790862
374058
404486
1.73809e+06
1.4188e+06
685920
738879
1.57492e+06
1.27768e+06
547333
648503
963391
825486
652891
555751
197154
95181.5
-344811
-137240
246395
226537
254362
200277
956479
780067
376457
414850
1.78723e+06
1.4607e+06
712836
769473
1.52972e+06
1.23545e+06
523841
614908
906227
781179
629544
535655
141436
47906.5
-366254
-172432
177584
166092
224734
163721
957433
781011
399433
410383
1.84671e+06
1.50897e+06
746866
792783
1.50444e+06
1.21527e+06
518398
594570
863316
743616
626014
508567
89851.4
11223.9
-387006
-196141
175043
167921
217242
157234
1.00977e+06
833443
430021
451057
1.87922e+06
1.54488e+06
761060
823064
1.5706e+06
1.27114e+06
541089
626644
822432
715086
610322
504582
94075.6
13640.8
-385054
-193560
202319
192240
240591
161703
1.03003e+06
846369
444435
460084
1.95111e+06
1.59955e+06
804084
841876
1.63803e+06
1.32788e+06
576722
651516
857794
746742
643114
516974
102790
20019.6
-381720
-191683
207134
194438
257086
171484
1.03716e+06
853112
453074
468064
2.01725e+06
1.65586e+06
850480
885014
1.652e+06
1.33716e+06
590000
664580
815196
709181
639912
506194
129319
43069.9
-365852
-174027
211924
200372
275126
194130
1.04628e+06
860745
466161
476508
2.03533e+06
1.67321e+06
869238
905980
1.639e+06
1.33075e+06
592741
677519
811882
710400
660036
519277
97362.9
17750.5
-381936
-181140
177817
174851
258929
181751
1.03097e+06
848409
454001
465756
2.03624e+06
1.67313e+06
871438
904378
1.613e+06
1.30953e+06
579509
659757
777434
690329
646062
517570
90776.2
14662.6
-393983
-182772
179860
176705
253212
182494
1.10429e+06
911439
472552
497605
2.13696e+06
1.75801e+06
908472
949132
1.64114e+06
1.33778e+06
588268
676042
800023
708231
648396
524117
104385
22124.7
-394014
-195357
245331
227041
282884
196871
1.22574e+06
1.00751e+06
517010
538578
2.22575e+06
1.83022e+06
946962
986111
1.72002e+06
1.3976e+06
617609
701588
811897
714427
646412
523962
91560.4
12864.4
-408443
-193319
254656
239254
286818
208034
1.29345e+06
1.06281e+06
529796
567267
2.27085e+06
1.86637e+06
971967
1.00487e+06
1.74408e+06
1.41856e+06
632448
710458
863478
757877
669465
539173
65490.8
-9649.18
-426754
-212608
269572
248164
294301
211611
1.28409e+06
1.05266e+06
512570
555739
2.31194e+06
1.90112e+06
1.00093e+06
1.02854e+06
1.77856e+06
1.44655e+06
649111
727979
826910
726304
661892
528614
74541.1
-2418.31
-438693
-215585
313003
283434
305604
228743
1.32409e+06
1.08296e+06
506235
563199
2.35015e+06
1.93609e+06
1.00501e+06
1.04575e+06
1.7958e+06
1.46382e+06
653648
741454
866432
760628
673899
543552
70011.3
-14102.5
-444513
-222743
276957
252200
281974
222553
1.21503e+06
987594
465316
515419
2.32105e+06
1.90837e+06
1.00183e+06
1.04482e+06
1.76494e+06
1.43295e+06
643201
727892
885299
773373
672362
559192
19579.1
-57838.5
-467168
-245780
211472
194773
248288
186081
1.1211e+06
909993
435648
475926
2.31891e+06
1.90664e+06
1.00512e+06
1.0353e+06
1.72579e+06
1.40271e+06
631548
705556
851397
739454
658339
535978
2448
-69532.6
-489490
-265572
244662
223020
249742
188996
1.04278e+06
853192
403853
452017
2.31552e+06
1.90923e+06
1.00593e+06
1.04698e+06
1.77089e+06
1.43969e+06
642283
730121
867527
756684
653478
546835
21635.3
-56840.1
-488066
-265163
317150
281240
273711
211645
967848
786323
368034
406849
2.32161e+06
1.91129e+06
1.02217e+06
1.03802e+06
1.8469e+06
1.50128e+06
679850
748424
969188
839434
701002
573049
302.642
-73773.2
-496030
-269227
328201
286571
284533
222217
858068
696840
329551
364269
2.32466e+06
1.91333e+06
1.04873e+06
1.05719e+06
1.90705e+06
1.54916e+06
716844
790080
997762
860239
719120
597077
15417
-60409.5
-498309
-265172
348853
305628
294875
233432
780723
633009
289372
328757
2.29578e+06
1.89682e+06
1.04108e+06
1.05501e+06
1.89763e+06
1.54669e+06
716574
797741
1.11092e+06
956015
771070
645342
26701.1
-56265.2
-493377
-263919
323952
287230
280019
224100
731401
595399
278451
304906
2.32533e+06
1.9194e+06
1.05949e+06
1.06906e+06
1.92212e+06
1.56321e+06
720527
801947
1.14519e+06
985159
777243
660340
33765.8
-51647.1
-490469
-260536
301971
266406
267358
211385
782314
637899
316416
331476
2.41169e+06
1.98959e+06
1.09818e+06
1.10118e+06
1.95905e+06
1.59538e+06
730030
810556
1.19001e+06
1.01732e+06
786675
669378
49856
-35830.5
-487286
-261308
310471
274969
265099
211308
851054
700258
355483
373546
2.47438e+06
2.04761e+06
1.11975e+06
1.14463e+06
2.06597e+06
1.68044e+06
759185
858766
1.23019e+06
1.05015e+06
789178
692139
28219.9
-54368
-504613
-268094
275398
246306
251149
188860
839292
688674
346756
368704
2.47926e+06
2.04675e+06
1.12266e+06
1.13186e+06
2.08626e+06
1.69601e+06
760848
851444
1.28338e+06
1.09482e+06
808736
698100
75511.2
-16465.7
-492116
-253877
309554
274055
269335
205851
874456
719379
365236
383574
2.52824e+06
2.08948e+06
1.15242e+06
1.16056e+06
2.19718e+06
1.78606e+06
801649
899341
1.34379e+06
1.14002e+06
826392
720255
126810
25333.5
-469947
-235385
302741
269551
277830
211074
903655
740418
384622
396992
2.55867e+06
2.11562e+06
1.16993e+06
1.17457e+06
2.21534e+06
1.8029e+06
804952
915181
1.43942e+06
1.22044e+06
868111
763582
141863
96945.8
-68884.2
444.77
-534877
-424077
-136609
-182602
1.9379e+06
1.60948e+06
956935
930964
854582
718573
468110
440708
1.59444e+06
1.27206e+06
437781
581147
1.90824e+06
1.58822e+06
932271
921414
72527.9
39306.7
-103970
-34180.8
-596524
-477325
-165685
-213236
1.97891e+06
1.64423e+06
977267
953968
881137
739775
471548
444356
1.55068e+06
1.23723e+06
415547
553623
1.83307e+06
1.52263e+06
892259
874260
13187.5
-9917.88
-136769
-71507.6
-570043
-455058
-152008
-214901
2.04382e+06
1.69923e+06
1.00055e+06
979733
889905
748185
469967
448470
1.6033e+06
1.27663e+06
425950
573584
1.78795e+06
1.48494e+06
858843
853566
-58143.3
-68904.7
-167738
-98185.3
-586612
-464909
-142597
-205763
2.02508e+06
1.68103e+06
984635
972133
885120
740185
466585
438328
1.61395e+06
1.28759e+06
436981
575418
1.77073e+06
1.472e+06
860577
843721
-68946.4
-77771.8
-176988
-111671
-586370
-468054
-129946
-211215
2.06402e+06
1.71332e+06
996123
980334
910892
761726
484419
449046
1.61912e+06
1.29e+06
444548
577573
1.72501e+06
1.43142e+06
841766
815729
-89425
-91565.4
-179624
-110644
-581842
-458520
-107166
-188594
2.07705e+06
1.72331e+06
1.00203e+06
992277
883919
743578
476296
448898
1.57529e+06
1.25947e+06
434505
576739
1.71334e+06
1.42477e+06
855516
822935
-118462
-118677
-179075
-126591
-595807
-465572
-102999
-178031
2.05702e+06
1.70408e+06
1.00274e+06
979498
883886
739958
489371
446446
1.56656e+06
1.24939e+06
434136
563914
1.70529e+06
1.418e+06
859439
827578
-128839
-126989
-172846
-128296
-629369
-495758
-110029
-195135
2.12229e+06
1.75945e+06
1.04685e+06
1.00615e+06
946426
790251
522614
471265
1.59193e+06
1.27028e+06
447056
568334
1.6946e+06
1.40878e+06
864019
822386
-146884
-137038
-170457
-133557
-662226
-519105
-113495
-200826
2.20542e+06
1.83611e+06
1.09038e+06
1.06066e+06
957128
807956
528919
498731
1.65973e+06
1.32582e+06
476327
605284
1.69577e+06
1.4114e+06
866832
831664
-85940.3
-87623.3
-138140
-113171
-691492
-539678
-105802
-216954
2.27348e+06
1.88984e+06
1.12208e+06
1.08325e+06
985055
826185
547868
490934
1.73059e+06
1.38553e+06
515141
627712
1.77632e+06
1.48197e+06
914298
856514
-17314.2
-28637.8
-102584
-70340.2
-679671
-528144
-81329.3
-198676
2.312e+06
1.92239e+06
1.13312e+06
1.11201e+06
1.02726e+06
865621
573635
528929
1.79146e+06
1.4366e+06
543378
669572
1.77273e+06
1.4787e+06
923701
873007
34824.3
15810.2
-59187.7
-39670.1
-732995
-567808
-76008.3
-199850
2.38233e+06
1.97534e+06
1.16933e+06
1.13093e+06
1.02911e+06
865704
586370
529019
1.79169e+06
1.44005e+06
556750
680486
1.80638e+06
1.50936e+06
963463
893709
12423.2
-1601.6
-62023.2
-33161.2
-798968
-620116
-90897.2
-223093
2.37875e+06
1.97426e+06
1.16797e+06
1.13879e+06
1.03084e+06
866571
590698
534829
1.75591e+06
1.41122e+06
534291
674132
1.79862e+06
1.50499e+06
959338
903618
-42954.6
-44788.9
-78554.6
-50166.4
-822551
-639809
-90918.4
-224487
2.38786e+06
1.9833e+06
1.18001e+06
1.14412e+06
1.06954e+06
899775
606539
555652
1.69327e+06
1.3611e+06
499881
648704
1.73274e+06
1.44999e+06
933358
875337
-52746.6
-53351.9
-86603.6
-62053.6
-805092
-623325
-79420.8
-219545
2.44411e+06
2.03206e+06
1.20174e+06
1.17981e+06
1.09448e+06
922762
607671
574307
1.70296e+06
1.36595e+06
485737
638112
1.72083e+06
1.43902e+06
919543
871404
-90110.2
-82481.2
-106830
-67120
-840363
-651396
-93316.2
-228751
2.42199e+06
2.01049e+06
1.17969e+06
1.16532e+06
1.05458e+06
885554
587051
548297
1.69161e+06
1.35386e+06
464027
629857
1.71726e+06
1.43611e+06
917004
868143
-188686
-162719
-140265
-114441
-880041
-682050
-89452.5
-242581
2.33811e+06
1.94073e+06
1.13504e+06
1.12201e+06
975361
822292
565868
519034
1.63611e+06
1.30874e+06
441701
599414
1.59932e+06
1.33868e+06
865900
813524
-168933
-147128
-140271
-108271
-829800
-641110
-66044.5
-223276
2.38122e+06
1.97336e+06
1.13416e+06
1.12524e+06
980034
826955
548324
508779
1.62082e+06
1.29541e+06
418530
591625
1.63956e+06
1.37157e+06
877732
824145
-136416
-123819
-129302
-96638.2
-829204
-635439
-68492.5
-209472
2.40266e+06
1.99075e+06
1.15174e+06
1.13128e+06
1.02377e+06
859342
569459
518255
1.62844e+06
1.29138e+06
416651
571861
1.62723e+06
1.36402e+06
860107
816743
-133728
-119512
-135067
-94585.4
-873164
-672782
-101986
-231626
2.46668e+06
2.04813e+06
1.18814e+06
1.16607e+06
1.10072e+06
924391
595566
553479
1.65549e+06
1.31673e+06
412555
580558
1.63876e+06
1.37331e+06
855930
812645
-145056
-133021
-143492
-112577
-900702
-700332
-111429
-257246
2.54049e+06
2.108e+06
1.22968e+06
1.20407e+06
1.12564e+06
944962
605583
569029
1.72462e+06
1.36552e+06
433862
599745
1.65831e+06
1.38466e+06
851202
820733
-126444
-117745
-151005
-105150
-927725
-717911
-125017
-268870
2.58708e+06
2.14738e+06
1.24232e+06
1.23003e+06
1.13798e+06
953053
610722
567117
1.75899e+06
1.39616e+06
445404
612618
1.70876e+06
1.42712e+06
866023
830070
-95764.9
-93297.8
-164262
-103614
-913369
-707569
-131450
-268406
2.60899e+06
2.16788e+06
1.23934e+06
1.23553e+06
1.14241e+06
961683
614223
575506
1.8252e+06
1.44974e+06
453165
632821
1.72997e+06
1.44103e+06
859818
831377
-101729
-103617
-174588
-115034
-988371
-771280
-155397
-294195
2.6153e+06
2.16589e+06
1.24656e+06
1.2323e+06
1.10804e+06
929256
602838
558615
1.82066e+06
1.44426e+06
443297
634046
1.73382e+06
1.44261e+06
861584
833725
-99517.5
-102181
-174605
-115730
-1.03695e+06
-810351
-179476
-309761
2.55726e+06
2.11911e+06
1.23391e+06
1.21682e+06
1.08509e+06
910002
602299
554539
1.78754e+06
1.41493e+06
422180
609289
1.74266e+06
1.45101e+06
862581
843782
-112520
-111866
-168639
-121016
-1.07394e+06
-842239
-188662
-329902
2.56094e+06
2.12613e+06
1.25282e+06
1.21792e+06
1.11371e+06
935712
617232
566330
1.74334e+06
1.3813e+06
409722
589161
1.74803e+06
1.45636e+06
878122
843596
-131161
-125822
-173904
-126517
-1.04993e+06
-821673
-167602
-320288
2.55938e+06
2.12815e+06
1.25862e+06
1.23169e+06
1.07317e+06
905290
604747
561508
1.74673e+06
1.38143e+06
413623
589493
1.76499e+06
1.47138e+06
889643
860799
-70763
-76890.8
-154426
-105985
-929729
-716508
-106451
-263363
2.56367e+06
2.13147e+06
1.26152e+06
1.22781e+06
1.10587e+06
930761
618722
558976
1.82848e+06
1.45213e+06
448985
620074
1.90313e+06
1.58702e+06
953007
911707
-7430.28
-23801.9
-127773
-76048.6
-857305
-658483
-63066.9
-227858
2.55137e+06
2.12293e+06
1.26349e+06
1.23071e+06
1.16949e+06
985187
654476
598605
1.88445e+06
1.49851e+06
481167
652246
1.97855e+06
1.64747e+06
995323
953171
19502.7
-2373.76
-106021
-57878.8
-808974
-615857
-21985.4
-184713
2.50242e+06
2.08059e+06
1.25064e+06
1.21328e+06
1.14408e+06
965130
656961
596767
1.87782e+06
1.49561e+06
494975
666982
2.06078e+06
1.71832e+06
1.04941e+06
1.0044e+06
52081.9
25442.4
-85402.2
-37344.4
-818195
-619585
-27951.9
-186581
2.46695e+06
2.05233e+06
1.23716e+06
1.18747e+06
1.11936e+06
944903
654077
587493
1.85446e+06
1.47233e+06
481577
655854
2.06997e+06
1.72723e+06
1.05438e+06
1.0114e+06
57027.5
29577.6
-84503.5
-37800.5
-812046
-619780
-40437.3
-195696
2.5312e+06
2.10374e+06
1.25805e+06
1.20864e+06
1.16768e+06
982130
669690
600104
1.83358e+06
1.45355e+06
459065
634570
2.08366e+06
1.73535e+06
1.05104e+06
1.00506e+06
60555.2
33159.8
-84083.5
-35070.4
-791520
-603257
-39421.9
-192632
2.58318e+06
2.14862e+06
1.26539e+06
1.24229e+06
1.14849e+06
970945
654545
604889
1.86824e+06
1.47982e+06
455196
647150
2.10517e+06
1.75113e+06
1.04801e+06
1.02289e+06
112867
72416.2
-55148
-10608
-770597
-584729
-16275.5
-183420
2.55776e+06
2.12083e+06
1.23887e+06
1.22039e+06
1.10308e+06
928601
645006
572653
1.86804e+06
1.47825e+06
467710
643964
2.16429e+06
1.8014e+06
1.08399e+06
1.04382e+06
160115
114982
-50715.1
6557
-739089
-560826
-9521.19
-169117
2.50789e+06
2.08118e+06
1.194e+06
1.18657e+06
1.08738e+06
920379
642077
580204
1.86205e+06
1.47412e+06
449879
641303
2.12445e+06
1.76832e+06
1.06333e+06
1.03061e+06
211619
157364
-19218.5
34874.5
-752196
-569298
-5603.82
-168014
2.53441e+06
2.09554e+06
1.19596e+06
1.18183e+06
1.04346e+06
885431
631717
556151
1.83344e+06
1.4514e+06
431243
633665
2.16416e+06
1.80162e+06
1.0963e+06
1.04754e+06
