305986
290059
377890
266780
-824314
-657095
-222007
-300740
-913742
-702519
-73568.8
-239752
1.45219e+06
1.20031e+06
666216
660544
115096
136057
312202
189072
-476156
-329708
183740
-13414.5
292558
278240
382081
266555
-850369
-677271
-218532
-308740
-838315
-641397
-38719
-209152
1.50745e+06
1.24549e+06
696937
693528
208608
211707
352945
236776
-429198
-291921
206515
21248.6
273701
262545
373779
265500
-853852
-677293
-224330
-301928
-793124
-607166
-17870
-189736
1.62679e+06
1.34711e+06
745752
748726
264221
257406
367684
256434
-314634
-195231
246967
56992.8
267884
258906
383964
249936
-799051
-636583
-199487
-291520
-683809
-514023
23797.7
-135351
1.66319e+06
1.37686e+06
751874
768002
346733
325848
414253
290156
-174464
-88008.6
295338
119128
306862
289492
395482
282427
-752347
-593490
-186423
-254138
-629715
-470644
59677
-113841
1.78119e+06
1.47075e+06
800069
808787
445464
405765
458556
338669
-96126.9
-22300.7
329674
155509
212539
214998
366238
242045
-809363
-642920
-209578
-280851
-615276
-456034
79350.8
-91605.7
1.8092e+06
1.4899e+06
821285
823867
497674
449933
490288
366418
-65001.5
8232.14
350700
173483
220969
219825
370274
245525
-880634
-704095
-234823
-311377
-682903
-508821
57970
-111841
1.81931e+06
1.49716e+06
842083
841615
495023
447096
506827
378002
-71168.9
-2396.38
364701
187035
164378
182915
361320
225558
-967770
-772731
-271741
-355880
-763954
-568818
36952
-139945
1.81526e+06
1.50261e+06
851835
846144
430921
401309
506774
362182
-154508
-63986.8
341081
161602
124673
144169
346156
214632
-1.02621e+06
-824320
-310392
-380805
-888948
-679114
-14793.4
-192701
1.86911e+06
1.54388e+06
877911
876240
376025
356074
494650
347325
-176106
-83937.8
327544
147007
156504
175078
358652
221898
-963722
-772721
-302034
-375570
-894565
-675026
-20361.1
-195023
1.90655e+06
1.57846e+06
871049
892230
392494
377409
514967
361346
-107457
-26319.2
349956
175628
187746
203181
369118
245517
-920485
-732983
-290795
-350747
-914445
-690444
-24347.1
-206654
2.03132e+06
1.68105e+06
926716
938659
435235
415121
551948
390576
-88179.8
-5087.63
363972
189491
144791
166112
357777
228084
-905515
-725808
-286562
-345084
-944285
-715786
-24805.3
-213803
2.03542e+06
1.67833e+06
938222
943878
412025
394720
563412
388178
-108076
-23788.5
371202
185490
162081
176994
360752
232381
-935731
-753845
-297005
-361252
-999394
-762359
-43180.2
-236705
2.00228e+06
1.65525e+06
942410
934742
388641
378373
565989
390386
-195698
-96247.8
354136
146510
164696
180710
367135
226837
-969153
-781641
-305586
-381918
-1.01842e+06
-775640
-37878.3
-243091
2.03159e+06
1.68134e+06
960603
949738
406704
394669
581597
401584
-254614
-141526
348677
131882
198532
207662
382695
258700
-969349
-778652
-305282
-363512
-1.03577e+06
-790697
-30336.3
-238973
2.12231e+06
1.7587e+06
1.00841e+06
1.00382e+06
427351
414113
595459
421607
-249033
-132298
363637
146451
217409
223219
391600
242777
-954464
-770885
-298475
-380283
-1.02046e+06
-773983
-19280.7
-231763
2.13638e+06
1.76983e+06
998297
1.00047e+06
425464
413899
605854
413518
-228593
-117364
380643
148704
308642
300514
440822
299820
-902517
-719947
-260690
-336848
-1.01029e+06
-761815
3174.2
-217068
2.27714e+06
1.88686e+06
1.07323e+06
1.06006e+06
512137
487249
657341
462306
-199695
-88582.1
415545
176429
255878
256028
418131
283290
-943437
-757767
-280140
-347781
-1.06366e+06
-806238
-14379
-229746
2.29401e+06
1.89731e+06
1.08921e+06
1.07747e+06
497184
473021
655716
459218
-250231
-128587
409898
166307
252407
251063
403170
276351
-1.03644e+06
-833387
-322217
-386543
-1.16608e+06
-888681
-56328.8
-274579
2.29111e+06
1.89645e+06
1.09498e+06
1.08325e+06
489321
469187
654179
460320
-289742
-160530
398573
163150
217458
228128
400434
256951
-1.12477e+06
-904460
-356687
-438217
-1.22394e+06
-932504
-68971.2
-297914
2.28922e+06
1.89968e+06
1.09564e+06
1.08098e+06
466755
456659
664426
457174
-388383
-239561
366754
119999
239060
241401
408297
272371
-1.14051e+06
-921209
-374763
-441377
-1.26878e+06
-975978
-91986.8
-317639
2.36847e+06
1.96012e+06
1.11324e+06
1.11155e+06
472786
458108
668265
462568
-370725
-226417
358691
122441
241784
246092
416255
274608
-1.16396e+06
-942266
-402677
-462335
-1.2989e+06
-995785
-104191
-329244
2.35026e+06
1.94385e+06
1.08628e+06
1.10563e+06
454053
446750
674341
462613
-411976
-264442
333300
104561
239770
244070
421361
279355
-1.14255e+06
-924882
-398305
-463743
-1.30292e+06
-998419
-96211.1
-332455
2.39142e+06
1.97542e+06
1.10499e+06
1.11204e+06
464904
457957
696038
469710
-447831
-290127
321212
84049.5
250236
256005
432781
279626
-1.11788e+06
-904619
-395076
-458576
-1.28989e+06
-984905
-87752
-328252
2.40802e+06
1.98766e+06
1.11118e+06
1.1143e+06
508700
496156
722574
490761
-467716
-306483
310853
69080.1
313342
310286
468796
316704
-1.05183e+06
-851092
-365054
-423028
-1.28206e+06
-982292
-84464.6
-320394
2.40979e+06
1.99135e+06
1.12205e+06
1.11682e+06
545207
524759
745919
519484
-398314
-249853
343387
93296.4
362619
351733
501445
343652
-1.05591e+06
-856139
-356270
-428710
-1.29356e+06
-989815
-73662.8
-323552
2.41933e+06
1.99867e+06
1.13062e+06
1.12725e+06
585010
554971
750610
537936
-373709
-232657
356047
111916
352677
344245
510168
352971
-1.07521e+06
-867509
-356059
-424669
-1.38166e+06
-1.06139e+06
-91001.1
-348700
2.43334e+06
2.01487e+06
1.14303e+06
1.13628e+06
522362
502739
717205
504501
-390341
-240561
350212
101385
361630
352448
528271
350450
-1.03185e+06
-835358
-337144
-411501
-1.39341e+06
-1.06861e+06
-85128.6
-340854
2.4525e+06
2.02867e+06
1.13492e+06
1.14598e+06
508032
490919
713602
495649
-317953
-187801
372567
130493
366474
356788
539536
369746
-1.01859e+06
-823259
-329290
-399245
-1.51753e+06
-1.16706e+06
-114427
-388911
2.46578e+06
2.03851e+06
1.153e+06
1.14595e+06
479576
465290
700649
482453
-336870
-202225
370129
125159
311951
317413
531915
353687
-1.01925e+06
-824127
-330821
-394665
-1.57051e+06
-1.2062e+06
-123349
-401141
2.44395e+06
2.01922e+06
1.14737e+06
1.14218e+06
481914
469790
702636
478886
-329440
-194283
379561
127297
286909
294284
509417
343064
-1.06179e+06
-855634
-359644
-410294
-1.65193e+06
-1.27539e+06
-163971
-436346
2.38073e+06
1.96774e+06
1.11479e+06
1.12135e+06
452839
444240
676243
470968
-355020
-215913
365296
129829
190085
223998
484008
309427
-1.16708e+06
-942397
-409564
-461266
-1.69192e+06
-1.30531e+06
-174373
-457690
2.29242e+06
1.89803e+06
1.08246e+06
1.07689e+06
424719
421344
645432
451017
-435147
-279317
329788
97143.7
181043
210403
488159
299096
-1.1698e+06
-949284
-425671
-475739
-1.66844e+06
-1.29307e+06
-166934
-451896
2.29955e+06
1.90129e+06
1.07625e+06
1.08007e+06
430621
416942
622280
435135
-409177
-264189
318982
85860.4
156131
191308
501957
293963
-1.19406e+06
-973439
-441783
-494777
-1.69043e+06
-1.30746e+06
-176151
-455397
2.19944e+06
1.81888e+06
1.01921e+06
1.03921e+06
382353
378651
594709
409750
-393166
-255532
314272
91938.7
140994
181062
506819
300315
-1.17211e+06
-952491
-442055
-490644
-1.67297e+06
-1.29488e+06
-156413
-460189
2.21143e+06
1.82364e+06
1.0259e+06
1.02128e+06
407242
394239
597468
404013
-423698
-278496
299997
71904.3
77184.2
134926
483667
287989
-1.18773e+06
-964838
-457235
-491423
-1.65372e+06
-1.27333e+06
-142947
-436891
2.20329e+06
1.81509e+06
1.0205e+06
1.0228e+06
438842
419552
603017
415754
-484474
-326655
274336
52176.7
1.19382e+06
970867
445117
499150
555299
461167
272300
271335
15724.6
46442.8
223569
129824
2.55913e+06
2.19182e+06
1.72186e+06
1.46984e+06
2.75917e+06
2.31811e+06
1.52193e+06
1.41022e+06
1.28969e+06
1.14792e+06
1.15142e+06
900389
1.15364e+06
943491
421893
483265
491204
410683
244367
238761
9714.94
43528.1
215662
129281
2.60121e+06
2.23529e+06
1.74705e+06
1.50388e+06
2.74104e+06
2.3094e+06
1.53723e+06
1.42415e+06
1.24018e+06
1.11364e+06
1.14496e+06
894492
1.15421e+06
933643
414563
473174
495838
409256
244790
235360
-60059.5
-23065.8
182839
88269.6
2.73546e+06
2.34109e+06
1.80733e+06
1.55643e+06
2.76563e+06
2.32647e+06
1.56305e+06
1.43336e+06
1.30634e+06
1.1655e+06
1.18669e+06
911917
1.11285e+06
907970
397904
455486
505690
422128
234506
243125
-37413
5474.42
185082
103946
2.7636e+06
2.36979e+06
1.80841e+06
1.5824e+06
2.76754e+06
2.33942e+06
1.58559e+06
1.45027e+06
1.36033e+06
1.21527e+06
1.21413e+06
958725
1.11156e+06
900242
386779
455394
540717
446368
248226
250140
-30443.8
6187.89
196291
96551.9
2.87709e+06
2.45827e+06
1.86187e+06
1.62205e+06
2.84559e+06
2.40112e+06
1.63977e+06
1.48747e+06
1.36356e+06
1.21889e+06
1.2288e+06
965331
1.07411e+06
871156
364376
428090
548541
454027
248485
248996
-6228.2
28708.5
206758
111930
2.92048e+06
2.49263e+06
1.89105e+06
1.64116e+06
2.8668e+06
2.42334e+06
1.67141e+06
1.51011e+06
1.36006e+06
1.21977e+06
1.24465e+06
964772
1.0952e+06
886282
369791
436889
591102
487991
263495
276693
15801.7
44146.8
210166
120927
2.92287e+06
2.49952e+06
1.9129e+06
1.66288e+06
2.92051e+06
2.46806e+06
1.70371e+06
1.55621e+06
1.39514e+06
1.24712e+06
1.27791e+06
989109
1.07848e+06
876793
369967
434934
610616
503851
271405
276887
98195.2
113395
249901
148101
2.93137e+06
2.50863e+06
1.91949e+06
1.6687e+06
3.0019e+06
2.53447e+06
1.73108e+06
1.58858e+06
1.40907e+06
1.26165e+06
1.29471e+06
1.00715e+06
1.05332e+06
852202
380198
429342
564531
465734
262440
268070
91759.1
105604
273271
158844
2.95336e+06
2.5286e+06
1.94306e+06
1.68714e+06
2.98292e+06
2.51755e+06
1.72754e+06
1.57764e+06
1.41392e+06
1.26707e+06
1.30824e+06
1.01183e+06
1.05874e+06
858517
395023
425345
611472
500717
269694
267209
164148
169269
309355
199477
2.91704e+06
2.49893e+06
1.9162e+06
1.67088e+06
2.98678e+06
2.52263e+06
1.73338e+06
1.58546e+06
1.47626e+06
1.31531e+06
1.32709e+06
1.03154e+06
1.10968e+06
900795
411635
457664
695529
571494
290836
303654
239275
230785
350134
225664
2.99458e+06
2.55828e+06
1.95431e+06
1.68882e+06
3.06444e+06
2.58047e+06
1.75134e+06
1.602e+06
1.58182e+06
1.40209e+06
1.37396e+06
1.07108e+06
1.05885e+06
861361
382223
444166
733466
599841
283295
324463
325229
303698
382500
279663
3.04322e+06
2.59785e+06
1.97943e+06
1.71881e+06
3.13881e+06
2.64098e+06
1.77165e+06
1.63411e+06
1.64356e+06
1.45357e+06
1.39839e+06
1.11147e+06
1.06903e+06
866554
386351
426258
680895
555940
266454
288942
278879
268309
370296
256804
3.05656e+06
2.61435e+06
2.00963e+06
1.72896e+06
3.16929e+06
2.67349e+06
1.80477e+06
1.64502e+06
1.67363e+06
1.48427e+06
1.43865e+06
1.12651e+06
1.04125e+06
848767
388876
429358
595021
489336
243978
254530
243195
240649
366343
249823
3.05843e+06
2.61817e+06
2.02111e+06
1.74917e+06
3.19803e+06
2.70101e+06
1.83559e+06
1.67905e+06
1.67473e+06
1.48761e+06
1.45279e+06
1.14904e+06
1.04533e+06
844327
384348
425254
596031
485717
238523
254421
195928
195292
347984
220443
3.11879e+06
2.66594e+06
2.03924e+06
1.76659e+06
3.25438e+06
2.74424e+06
1.86058e+06
1.69537e+06
1.76054e+06
1.55839e+06
1.48085e+06
1.17321e+06
1.02571e+06
833950
390674
416214
582881
476171
232642
243604
204215
209975
354738
238776
3.09198e+06
2.64719e+06
2.01333e+06
1.76161e+06
3.28536e+06
2.77619e+06
1.889e+06
1.72239e+06
1.86892e+06
1.64602e+06
1.51972e+06
1.22519e+06
1.03844e+06
843331
370315
434717
621465
509482
224667
268976
181461
189568
336191
229267
3.15181e+06
2.69123e+06
2.01821e+06
1.77539e+06
3.34402e+06
2.82331e+06
1.90506e+06
1.75287e+06
1.93852e+06
1.70281e+06
1.53551e+06
1.25832e+06
980995
799826
354147
399456
603103
493968
214001
249141
154129
170390
337981
218273
3.14843e+06
2.68665e+06
2.02434e+06
1.76429e+06
3.39352e+06
2.86509e+06
1.94187e+06
1.77144e+06
1.99724e+06
1.75282e+06
1.5677e+06
1.27381e+06
1.05612e+06
861822
388752
433801
568660
462613
206968
234442
141297
160195
339272
212558
3.15737e+06
2.70164e+06
2.05755e+06
1.78679e+06
3.44373e+06
2.90793e+06
1.98997e+06
1.80403e+06
2.03624e+06
1.78495e+06
1.60441e+06
1.29826e+06
1.09214e+06
892012
407363
457046
512712
416207
185381
207799
172328
186850
364464
232152
3.21705e+06
2.75297e+06
2.09291e+06
1.8226e+06
3.52719e+06
2.97744e+06
2.03421e+06
1.85544e+06
2.02674e+06
1.7768e+06
1.60731e+06
1.305e+06
1.05115e+06
856244
392524
436709
415020
334877
130436
163422
113450
136744
345210
206629
3.27607e+06
2.8045e+06
2.12737e+06
1.85002e+06
3.55828e+06
3.00271e+06
2.04112e+06
1.86493e+06
2.03075e+06
1.78333e+06
1.60513e+06
1.29573e+06
1.11676e+06
910230
434278
457514
417221
333580
132979
150260
160017
178031
378988
234355
3.29425e+06
2.81742e+06
2.13062e+06
1.86591e+06
3.62244e+06
3.05714e+06
2.08046e+06
1.89118e+06
2.14546e+06
1.87123e+06
1.65232e+06
1.34369e+06
1.16491e+06
947285
455390
494964
450474
359910
139503
170659
199964
210593
400886
249327
3.38662e+06
2.88968e+06
2.17886e+06
1.89772e+06
3.78156e+06
3.18308e+06
2.15175e+06
1.96092e+06
2.20614e+06
1.92192e+06
1.68117e+06
1.37774e+06
1.19264e+06
974747
461328
504501
496119
397303
148899
188119
277225
278367
441708
297714
3.45142e+06
2.94509e+06
2.21608e+06
1.93132e+06
3.90725e+06
3.28743e+06
2.20172e+06
2.01794e+06
2.28264e+06
1.98813e+06
1.71812e+06
1.41356e+06
1.22711e+06
999622
468321
511421
506465
405980
148712
191198
261558
262709
438543
288490
3.46753e+06
2.96063e+06
2.24434e+06
1.94682e+06
3.97178e+06
3.34258e+06
2.23432e+06
2.05824e+06
2.31907e+06
2.01827e+06
1.74385e+06
1.43632e+06
1.22373e+06
998218
462849
515026
470780
377541
139632
170587
281975
281917
454446
299899
3.51002e+06
2.99724e+06
2.27189e+06
1.97495e+06
4.01313e+06
3.37676e+06
2.24597e+06
2.08e+06
2.33905e+06
2.03494e+06
1.75927e+06
1.45225e+06
1.19636e+06
971432
453239
501676
438357
348906
124251
161071
243830
245277
444352
287553
3.56923e+06
3.0482e+06
2.30703e+06
2.00708e+06
3.99199e+06
3.35562e+06
2.23246e+06
2.06162e+06
2.36548e+06
2.05956e+06
1.76309e+06
1.46193e+06
1.21837e+06
991235
458149
500439
479138
382252
128321
166843
293794
292816
461671
311361
3.62183e+06
3.09424e+06
2.30954e+06
2.03426e+06
4.04193e+06
3.40134e+06
2.25757e+06
2.08409e+06
2.4787e+06
2.14945e+06
1.79448e+06
1.50443e+06
1.27704e+06
1.03822e+06
473255
533035
503716
402046
128389
178544
323390
317607
481788
322179
3.70766e+06
3.16029e+06
2.35106e+06
2.06329e+06
4.11033e+06
3.45672e+06
2.28951e+06
2.11694e+06
2.55326e+06
2.21039e+06
1.82427e+06
1.53652e+06
1.22944e+06
1.00206e+06
455745
512239
503819
402032
126878
182028
359519
348765
511006
351585
3.71508e+06
3.16414e+06
2.36661e+06
2.07145e+06
4.15813e+06
3.4959e+06
2.31296e+06
2.13959e+06
2.59612e+06
2.24472e+06
1.8452e+06
1.55421e+06
1.25427e+06
1.01827e+06
456430
524354
482984
382169
122008
173009
294700
294888
483362
330142
3.70077e+06
3.15559e+06
2.37544e+06
2.07553e+06
4.17273e+06
3.50665e+06
2.32412e+06
2.152e+06
2.62459e+06
2.26524e+06
1.85587e+06
1.57185e+06
1.20338e+06
981241
451249
499781
404295
319459
108100
132911
230025
244478
468262
301413
3.68601e+06
3.14764e+06
2.38381e+06
2.07569e+06
4.16401e+06
3.50121e+06
2.32577e+06
2.15183e+06
2.53036e+06
2.19126e+06
1.82976e+06
1.53692e+06
1.1638e+06
946064
436035
496640
367940
289743
84632.9
136427
149068
174978
442404
276489
3.70946e+06
3.16743e+06
2.39459e+06
2.09551e+06
4.14466e+06
3.48241e+06
2.29889e+06
2.14273e+06
2.51452e+06
2.17813e+06
1.81649e+06
1.53096e+06
1.15098e+06
937469
442541
475203
355367
277281
78608.4
109763
125646
161459
437638
264169
3.69091e+06
3.15513e+06
2.37834e+06
2.08615e+06
4.13596e+06
3.47718e+06
2.30457e+06
2.12951e+06
2.51466e+06
2.17508e+06
1.81182e+06
1.52053e+06
1.16637e+06
951857
463640
497894
397556
317958
106980
135427
107152
147185
449306
260353
3.73129e+06
3.18615e+06
2.40974e+06
2.09752e+06
4.16729e+06
3.50148e+06
2.32625e+06
2.14097e+06
2.49271e+06
2.16152e+06
1.81641e+06
1.51829e+06
1.15864e+06
950796
469715
505544
440477
352793
128536
164401
115229
157727
462051
277015
3.76266e+06
3.211e+06
2.43712e+06
2.11779e+06
4.26059e+06
3.58021e+06
2.36962e+06
2.18742e+06
2.49021e+06
2.16137e+06
1.8269e+06
1.52327e+06
-573362
-453220
-111817
-169520
-2.81839e+06
-2.31812e+06
-1.22474e+06
-1.25883e+06
122561
115014
163297
123807
1.45007e+06
1.21909e+06
829638
770211
-1.26128e+06
-1.04615e+06
-578975
-577836
-3.77934e+06
-3.06936e+06
-1.37304e+06
-1.5326e+06
-607302
-475905
-114692
-194290
-2.85678e+06
-2.35027e+06
-1.23244e+06
-1.28282e+06
148751
140041
175888
126562
1.42358e+06
1.20129e+06
827413
749040
-1.25233e+06
-1.03661e+06
-564285
-578427
-3.88094e+06
-3.1502e+06
-1.41797e+06
-1.58579e+06
-583156
-457064
-107204
-175530
-2.85584e+06
-2.34614e+06
-1.23502e+06
-1.27391e+06
172356
156181
180645
142901
1.48424e+06
1.25061e+06
847804
785847
-1.21482e+06
-1.00589e+06
-549167
-553718
-3.9267e+06
-3.18888e+06
-1.44753e+06
-1.60729e+06
-647551
-511781
-126626
-205163
-2.89154e+06
-2.38328e+06
-1.26073e+06
-1.29438e+06
174219
159132
180449
142828
1.40717e+06
1.18574e+06
800479
751352
-1.23345e+06
-1.02042e+06
-549762
-559849
-4.00937e+06
-3.26206e+06
-1.49725e+06
-1.64788e+06
-720166
-567928
-146141
-235365
-2.9319e+06
-2.40941e+06
-1.26618e+06
-1.3202e+06
166197
154556
197124
131656
1.3806e+06
1.16517e+06
803748
724811
-1.23119e+06
-1.01581e+06
-528983
-563875
-4.16665e+06
-3.38597e+06
-1.55238e+06
-1.72297e+06
-791240
-623696
-170966
-258508
-2.97583e+06
-2.44399e+06
-1.27625e+06
-1.32829e+06
199483
184536
216443
156429
1.35465e+06
1.14141e+06
798179
722262
-1.23256e+06
-1.01368e+06
-512188
-551876
-4.28605e+06
-3.48325e+06
-1.59794e+06
-1.77052e+06
-761708
-600445
-161587
-250859
-2.99081e+06
-2.4594e+06
-1.28821e+06
-1.33369e+06
176207
163253
203715
151063
1.28876e+06
1.09243e+06
795306
702310
-1.1902e+06
-974761
-482198
-522874
-4.37082e+06
-3.55472e+06
-1.62673e+06
-1.81765e+06
-737049
-575532
-132223
-237227
-3.04893e+06
-2.50386e+06
-1.29669e+06
-1.36487e+06
159480
152475
207375
140083
1.27442e+06
1.08518e+06
807989
706757
-1.16404e+06
-949697
-460475
-502431
-4.45261e+06
-3.62043e+06
-1.65077e+06
-1.84864e+06
-747888
-586365
-131214
-226609
-3.11211e+06
-2.55588e+06
-1.33102e+06
-1.37852e+06
93156.4
93743.3
183318
117950
1.26257e+06
1.07669e+06
817381
713668
-1.18838e+06
-971019
-474725
-510597
-4.51268e+06
-3.66716e+06
-1.67526e+06
-1.87436e+06
-735441
-574674
-115265
-232697
-3.14245e+06
-2.58499e+06
-1.34999e+06
-1.40252e+06
108170
111115
190850
125477
1.22294e+06
1.04672e+06
791762
697902
-1.17878e+06
-963294
-466403
-511118
-4.51639e+06
-3.67491e+06
-1.68492e+06
-1.88099e+06
-729142
-568495
-104479
-213546
-3.20289e+06
-2.63078e+06
-1.37811e+06
-1.4299e+06
46481.7
59298
175149
103798
1.20904e+06
1.03457e+06
801131
692379
-1.14744e+06
-935642
-442086
-494538
-4.5864e+06
-3.72792e+06
-1.70409e+06
-1.9033e+06
-721251
-556777
-90573.3
-213346
-3.1618e+06
-2.599e+06
-1.37021e+06
-1.42273e+06
89388.9
100115
200301
123501
1.19469e+06
1.02358e+06
809704
685150
-1.05736e+06
-859563
-397447
-456640
-4.60745e+06
-3.74313e+06
-1.71066e+06
-1.91849e+06
-682112
-527891
-74646.4
-185258
-3.18066e+06
-2.61432e+06
-1.37567e+06
-1.41926e+06
85560.6
96461.4
195898
128246
1.19667e+06
1.02653e+06
826201
693752
-1.08219e+06
-881160
-405118
-442621
-4.64e+06
-3.77131e+06
-1.71382e+06
-1.91623e+06
-684434
-522908
-54493.2
-181170
-3.2505e+06
-2.66949e+06
-1.38213e+06
-1.44857e+06
117699
126456
222978
145806
1.23824e+06
1.06637e+06
857692
721425
-1.14821e+06
-931070
-426795
-469637
-4.71826e+06
-3.83142e+06
-1.73711e+06
-1.94381e+06
-699373
-539899
-54385.7
-173226
-3.30707e+06
-2.71614e+06
-1.40017e+06
-1.45812e+06
130405
130076
226274
154426
1.33129e+06
1.14067e+06
897146
768483
-1.21665e+06
-992483
-456531
-497921
-4.76051e+06
-3.87024e+06
-1.76683e+06
-1.96675e+06
-748707
-577123
-62875.9
-202516
-3.36463e+06
-2.76299e+06
-1.41655e+06
-1.48705e+06
89792
102285
218785
143879
1.29642e+06
1.11282e+06
874947
756501
-1.36599e+06
-1.11197e+06
-509852
-563644
-4.8308e+06
-3.93031e+06
-1.80048e+06
-2.00228e+06
-806378
-622014
-79491.5
-215216
-3.44155e+06
-2.81875e+06
-1.43577e+06
-1.51064e+06
42193.1
63283.2
206794
119388
1.3001e+06
1.11578e+06
880582
752466
-1.42522e+06
-1.15998e+06
-533052
-591989
-4.95074e+06
-4.02477e+06
-1.84852e+06
-2.05539e+06
-876015
-678159
-116622
-242126
-3.5223e+06
-2.88645e+06
-1.47071e+06
-1.54044e+06
53263.5
75739.6
203372
127278
1.30953e+06
1.11984e+06
877317
751836
-1.48093e+06
-1.20483e+06
-565171
-619569
-5.03929e+06
-4.09706e+06
-1.89029e+06
-2.09177e+06
-903853
-703228
-128683
-258665
-3.53625e+06
-2.89869e+06
-1.47873e+06
-1.55618e+06
37987.2
57612.9
186738
112823
1.29423e+06
1.11306e+06
887081
753825
-1.50195e+06
-1.22355e+06
-577466
-628979
-5.0498e+06
-4.10636e+06
-1.88833e+06
-2.10732e+06
-928599
-719074
-135416
-271806
-3.57746e+06
-2.93138e+06
-1.49688e+06
-1.58027e+06
75388.9
86733
190431
118103
1.28728e+06
1.10963e+06
885311
755199
-1.50221e+06
-1.22488e+06
-585921
-635562
-5.02747e+06
-4.08701e+06
-1.88257e+06
-2.09265e+06
-904901
-704949
-123919
-255307
-3.56144e+06
-2.92049e+06
-1.49502e+06
-1.57092e+06
110135
109906
200422
127275
1.37282e+06
1.17866e+06
920760
792266
-1.49902e+06
-1.22442e+06
-592066
-641807
-4.96393e+06
-4.03881e+06
-1.85978e+06
-2.07653e+06
-914275
-707686
-109609
-263044
-3.55481e+06
-2.91568e+06
-1.48846e+06
-1.57372e+06
165814
158289
221160
157297
1.36092e+06
1.1695e+06
911291
790450
-1.48307e+06
-1.20878e+06
-576771
-627767
-4.89016e+06
-3.97997e+06
-1.83402e+06
-2.04039e+06
-868239
-671487
-86290.4
-230047
-3.52282e+06
-2.88624e+06
-1.47666e+06
-1.55092e+06
213264
195365
246936
171054
1.46809e+06
1.25699e+06
966594
830210
-1.44687e+06
-1.18142e+06
-557921
-615597
-4.83592e+06
-3.93465e+06
-1.80876e+06
-2.01753e+06
-930400
-720138
-104266
-253212
-3.55111e+06
-2.91297e+06
-1.4981e+06
-1.5633e+06
217857
200428
242287
181381
1.48123e+06
1.26565e+06
981299
846034
-1.45967e+06
-1.19155e+06
-561131
-616639
-4.84203e+06
-3.93675e+06
-1.80935e+06
-2.01376e+06
-939512
-729215
-115449
-253871
-3.61561e+06
-2.9638e+06
-1.52103e+06
-1.59878e+06
174527
161015
216175
157982
1.4605e+06
1.24959e+06
981147
846105
-1.49017e+06
-1.21605e+06
-575486
-628561
-4.87125e+06
-3.96312e+06
-1.81838e+06
-2.02356e+06
-985594
-761302
-123358
-273468
-3.67964e+06
-3.01431e+06
-1.5395e+06
-1.61829e+06
132022
130504
204137
144205
1.47814e+06
1.26817e+06
992904
855912
-1.55701e+06
-1.2692e+06
-606453
-652385
-4.9668e+06
-4.03829e+06
-1.85905e+06
-2.05961e+06
-1.08805e+06
-847378
-158395
-311355
-3.78635e+06
-3.10227e+06
-1.58363e+06
-1.66772e+06
-6367.5
12838.9
147131
79924.3
1.4508e+06
1.24406e+06
983953
847124
-1.65438e+06
-1.35324e+06
-657091
-704789
-5.06897e+06
-4.12549e+06
-1.90787e+06
-2.11688e+06
-1.08354e+06
-840427
-140190
-311947
-3.7729e+06
-3.09081e+06
-1.57257e+06
-1.65943e+06
-3682.61
21064
151524
87251.3
1.45794e+06
1.25398e+06
982687
850297
-1.68999e+06
-1.38077e+06
-670161
-727998
-5.08765e+06
-4.14123e+06
-1.92139e+06
-2.12428e+06
-1.13977e+06
-887586
-147742
-322673
-3.83122e+06
-3.13625e+06
-1.58197e+06
-1.6768e+06
-71856.2
-37618.1
138200
50913.8
1.49663e+06
1.28369e+06
1.01292e+06
864038
-1.6973e+06
-1.38815e+06
-668905
-729636
-5.16161e+06
-4.20158e+06
-1.94416e+06
-2.15419e+06
-1.14064e+06
-884580
-152546
-318658
-3.8408e+06
-3.14398e+06
-1.58647e+06
-1.6782e+06
-50228.6
-19299.1
145621
71530.9
1.52124e+06
1.30092e+06
1.02303e+06
879750
-1.68655e+06
-1.3803e+06
-676085
-728079
-5.2332e+06
-4.25946e+06
-1.97369e+06
-2.18267e+06
-1.1165e+06
-868415
-156315
-322267
-3.86918e+06
-3.16984e+06
-1.61339e+06
-1.69919e+06
-87980.3
-49615.6
108636
45802.8
1.51199e+06
1.29692e+06
1.02262e+06
872619
-1.69456e+06
-1.38609e+06
-692050
-736840
-5.34003e+06
-4.34652e+06
-2.02462e+06
-2.23201e+06
-1.09295e+06
-845669
-151812
-311432
-3.90708e+06
-3.20382e+06
-1.63454e+06
-1.7238e+06
-52681.6
-22955.5
104089
45761.8
1.55189e+06
1.33017e+06
1.03e+06
893894
-1.69861e+06
-1.3921e+06
-712411
-743437
-5.41964e+06
-4.4158e+06
-2.07248e+06
-2.26955e+06
-994536
-771289
-114241
-279065
-3.85677e+06
-3.16366e+06
-1.61495e+06
-1.71053e+06
11250.1
22426.6
115384
61944.7
1.68395e+06
1.43646e+06
1.0807e+06
941721
-1.65091e+06
-1.35621e+06
-696691
-738454
-5.4363e+06
-4.43057e+06
-2.09489e+06
-2.29284e+06
-977295
-752832
-98550.9
-266199
-3.86209e+06
-3.16866e+06
-1.62142e+06
-1.7028e+06
30507.4
40337.6
112306
72535
1.68159e+06
1.43547e+06
1.06264e+06
946861
-1.64824e+06
-1.35186e+06
-697487
-729593
-5.49648e+06
-4.48256e+06
-2.13304e+06
-2.31862e+06
-957313
-739856
-89368.4
-248670
-3.86808e+06
-3.17363e+06
-1.62075e+06
-1.70692e+06
48149
52158.3
120886
71114.4
1.7538e+06
1.49293e+06
1.10663e+06
968895
-1.59552e+06
-1.31085e+06
-670663
-710667
-5.58786e+06
-4.55658e+06
-2.17346e+06
-2.36139e+06
-1.04503e+06
-806467
-121049
-285795
-3.96228e+06
-3.24858e+06
-1.66154e+06
-1.74578e+06
27275.2
35945.8
100053
66458.8
1.72702e+06
1.46991e+06
1.10625e+06
966792
-1.64286e+06
-1.3471e+06
-689231
-728665
-5.73726e+06
-4.67926e+06
-2.23977e+06
-2.42963e+06
1.56953e+06
1.32447e+06
913320
829004
-1.37801e+06
-1.12296e+06
-527901
-579250
-1.27824e+06
-985592
-124901
-342022
1.43432e+06
1.23978e+06
1.03708e+06
861045
-813381
-632848
-114869
-232191
-149624
-105521
57098.9
-2627.61
1.49888e+06
1.27076e+06
902198
806778
-1.50143e+06
-1.22182e+06
-567009
-631943
-1.34621e+06
-1.03656e+06
-125191
-362128
1.43728e+06
1.24612e+06
1.04999e+06
872325
-908945
-707735
-131781
-264209
-216851
-156786
46635.8
-17696.8
1.45574e+06
1.23075e+06
877248
790069
-1.55939e+06
-1.27071e+06
-597627
-653763
-1.41046e+06
-1.09361e+06
-145178
-383383
1.46437e+06
1.26541e+06
1.0578e+06
887468
-977396
-764266
-158560
-292506
-216602
-157665
46712.9
-20844.8
1.44728e+06
1.22825e+06
880557
777245
-1.56557e+06
-1.27739e+06
-604439
-667511
-1.41917e+06
-1.09232e+06
-138306
-378661
1.48195e+06
1.28246e+06
1.04444e+06
887227
-1.02601e+06
-799888
-167463
-309570
-158847
-108897
66724
2655.89
1.51513e+06
1.2833e+06
898328
809593
-1.52407e+06
-1.23818e+06
-587067
-642464
-1.41249e+06
-1.08658e+06
-122815
-373546
1.60262e+06
1.38071e+06
1.10009e+06
934528
-994620
-773503
-152287
-295402
-94304.7
-54032.2
97999.3
31607.7
1.5531e+06
1.31249e+06
910055
830612
-1.5139e+06
-1.23236e+06
-587440
-633303
-1.41743e+06
-1.09035e+06
-120026
-364637
1.66163e+06
1.42488e+06
1.12562e+06
963478
-993974
-774182
-150529
-292318
-62968.6
-28474.5
115148
53936
1.61593e+06
1.36349e+06
931824
847092
-1.50393e+06
-1.22457e+06
-586119
-635712
-1.43556e+06
-1.10718e+06
-126803
-377365
1.64217e+06
1.41328e+06
1.13902e+06
966380
-1.005e+06
-780879
-140531
-288703
-59075.9
-26887
121632
50850.2
1.66359e+06
1.4054e+06
956405
874362
-1.56328e+06
-1.27039e+06
-603195
-655941
-1.38594e+06
-1.06354e+06
-103197
-358203
1.6535e+06
1.42775e+06
1.16159e+06
980655
-994661
-772962
-136849
-281189
-83969.6
-46345.2
106846
45116.2
1.66456e+06
1.40103e+06
956442
871815
-1.62771e+06
-1.32522e+06
-629356
-687255
-1.39788e+06
-1.07752e+06
-110730
-363577
1.69254e+06
1.46062e+06
1.1917e+06
1.00041e+06
-1.02559e+06
-801050
-158827
-304760
-82352.5
-44818.5
102328
32649.2
1.69863e+06
1.43265e+06
988959
886653
-1.62818e+06
-1.32662e+06
-626311
-686449
-1.31382e+06
-1.00503e+06
-69270.3
-318373
1.71824e+06
1.48362e+06
1.20187e+06
1.02163e+06
-1.02077e+06
-795001
-146486
-297251
-14154.2
6590.94
117943
64450
1.6842e+06
1.42102e+06
976929
897086
-1.65757e+06
-1.34791e+06
-649427
-692968
-1.31161e+06
-1.00243e+06
-60230.6
-317826
1.75955e+06
1.5186e+06
1.23813e+06
1.04387e+06
-1.03511e+06
-806068
-154448
-300549
-24867.5
-2564.68
112659
58789.6
1.66726e+06
1.40957e+06
962862
885636
-1.68613e+06
-1.37426e+06
-672126
-707745
-1.25977e+06
-958532
-32343.1
-286234
1.73427e+06
1.49751e+06
1.23385e+06
1.0419e+06
-1.04043e+06
-810387
-158248
-306375
-20267.8
1776.96
108682
58964.9
1.72418e+06
1.45198e+06
979859
903457
-1.72488e+06
-1.40919e+06
-682183
-740514
-1.25905e+06
-959434
-39568.3
-289803
1.69455e+06
1.46453e+06
1.23044e+06
1.02413e+06
-1.02468e+06
-797411
-141387
-303758
-22049
-2628.32
107315
57033.1
1.73734e+06
1.4688e+06
996753
914369
-1.78086e+06
-1.45221e+06
-695444
-758793
-1.25487e+06
-955614
-37191
-283797
1.68631e+06
1.46004e+06
1.2348e+06
1.02983e+06
-998615
-772525
-126042
-279434
-64346
-37929.9
82938.7
38190.1
1.72017e+06
1.4507e+06
991984
912114
-1.82174e+06
-1.48877e+06
-721052
-778616
-1.33151e+06
-1.0241e+06
-74090.6
-321139
1.69174e+06
1.46388e+06
1.23577e+06
1.0325e+06
-999602
-777454
-132547
-285999
-89281.4
-60761
55121.8
15834.9
1.70031e+06
1.43669e+06
990650
896736
-1.84446e+06
-1.50733e+06
-734334
-794234
-1.34005e+06
-1.02489e+06
-77218.2
-324945
1.64601e+06
1.42883e+06
1.20199e+06
1.01438e+06
-995985
-770650
-121908
-286933
-55490.2
-35827
52179.5
20542.2
1.68254e+06
1.42126e+06
981981
897418
-1.86589e+06
-1.52428e+06
-747738
-803087
-1.40194e+06
-1.07664e+06
-99456.7
-353862
1.61011e+06
1.39552e+06
1.18753e+06
989926
-945336
-729475
-98102.6
-262574
-120215
-87432.3
18488.7
-4104.05
1.65417e+06
1.40266e+06
977949
882394
-1.84622e+06
-1.50718e+06
-738405
-799925
-1.40038e+06
-1.07185e+06
-89072.8
-346991
1.55878e+06
1.35259e+06
1.16932e+06
964915
-884697
-678219
-65293.5
-236084
-137471
-101951
5643.42
-22599.1
1.72419e+06
1.46085e+06
1.00639e+06
908533
-1.80824e+06
-1.47553e+06
-728292
-782220
-1.39578e+06
-1.06853e+06
-96481.2
-352778
1.59472e+06
1.38878e+06
1.19856e+06
981767
-768166
-578592
-18272.3
-177435
-92618.3
-63989.6
22375.7
-17593.5
1.75849e+06
1.48614e+06
1.01951e+06
928948
-1.83962e+06
-1.50779e+06
-751119
-802424
-1.42547e+06
-1.09674e+06
-114078
-369137
1.61129e+06
1.3997e+06
1.20393e+06
1.00101e+06
-694890
-524868
-14946.1
-144828
-105097
-80794.7
7367.35
-14408
1.78261e+06
1.50671e+06
1.03017e+06
936988
-1.84878e+06
-1.51452e+06
-764716
-815660
-1.44366e+06
-1.11355e+06
-119253
-386584
1.66874e+06
1.45153e+06
1.23246e+06
1.01726e+06
-667371
-506483
-23162
-157920
-86487.6
-61761.5
11648.9
-26931.6
1.84175e+06
1.55773e+06
1.06508e+06
961422
-1.83557e+06
-1.50352e+06
-761297
-808820
-1.40223e+06
-1.07653e+06
-107063
-353184
1.69166e+06
1.47038e+06
1.2389e+06
1.03977e+06
-572844
-428341
12691.2
-119654
-21199.1
-11214.7
29897.9
8190.42
1.91657e+06
1.61285e+06
1.10288e+06
1.00217e+06
-1.80108e+06
-1.48096e+06
-753087
-799447
-1.42069e+06
-1.09634e+06
-107249
-374231
1.76847e+06
1.53088e+06
1.28812e+06
1.06531e+06
-478990
-357776
41823.2
-81992.6
6260.02
6926.82
42728.3
18072.9
1.91135e+06
1.61222e+06
1.11159e+06
1.0084e+06
-1.79992e+06
-1.48047e+06
-762976
-793396
-1.40948e+06
-1.08446e+06
-100495
-354023
1.81605e+06
1.56911e+06
1.31755e+06
1.09547e+06
-418124
-307984
55321.9
-58754.9
19336.5
20975.6
46368.5
24803.9
2.01956e+06
1.69836e+06
1.14833e+06
1.05441e+06
-1.80769e+06
-1.4858e+06
-778969
-807770
-1.49439e+06
-1.15355e+06
-138315
-389819
1.83679e+06
1.58743e+06
1.32593e+06
1.11024e+06
-430997
-323162
40063.3
-68239.3
19778.5
16902
35040
25948.7
2.04947e+06
1.72709e+06
1.17641e+06
1.06899e+06
-1.84242e+06
-1.51391e+06
-789678
-830545
-1.57024e+06
-1.21088e+06
-153974
-420388
1.84597e+06
1.59729e+06
1.33228e+06
1.11495e+06
-491446
-372203
22215.9
-93557.3
-50928
-41657.1
1380.98
-7124.81
2.06003e+06
1.7379e+06
1.19715e+06
1.0904e+06
-1.87133e+06
-1.5343e+06
-799067
-829259
-1.68563e+06
-1.30719e+06
-188782
-458188
1.8464e+06
1.59876e+06
1.34031e+06
1.12515e+06
-581421
-443633
-5984.24
-125521
-123263
-97879.1
-33325.2
-35173.6
2.15586e+06
1.81742e+06
1.24448e+06
1.12208e+06
-1.7871e+06
-1.47096e+06
-773918
-812377
-1.67933e+06
-1.29724e+06
-179042
-456850
1.8989e+06
1.64203e+06
1.34205e+06
1.13664e+06
-598808
-455351
-1452.4
-136595
-91339.8
-77520.8
-37261.7
-37391.1
2.23861e+06
1.89002e+06
1.29692e+06
1.18265e+06
-1.74126e+06
-1.42512e+06
-737964
-771536
-1.73121e+06
-1.3339e+06
-170576
-465705
1.98968e+06
1.71932e+06
1.40341e+06
1.18494e+06
-598273
-449792
16088.8
-118672
-106741
-86033.7
-31257.7
-38430.5
2.25273e+06
1.90187e+06
1.31774e+06
1.19102e+06
-1.74217e+06
-1.42915e+06
-739361
-771887
-1.80743e+06
-1.3979e+06
-195741
-485104
1.9443e+06
1.67813e+06
1.39076e+06
1.17309e+06
-648087
-493124
-4490.84
-142899
-167259
-137403
-55732
-63433.8
2.28286e+06
1.92887e+06
1.33071e+06
1.20369e+06
-1.73457e+06
-1.42167e+06
-733864
-768093
-1.89595e+06
-1.46658e+06
-228789
-530035
1.90667e+06
1.64992e+06
1.39151e+06
1.1527e+06
-666317
-503782
-3427.35
-149574
-174385
-141694
-54198.3
-71543.6
2.33666e+06
1.97774e+06
1.36501e+06
1.23031e+06
-1.73768e+06
-1.42483e+06
-719225
-771126
-1.87277e+06
-1.44604e+06
-211561
-514953
1.95516e+06
1.69198e+06
1.41843e+06
1.18386e+06
-621738
-466075
20233.2
-123698
-206341
-166655
-58036.5
-72514.5
2.36544e+06
1.99752e+06
1.38241e+06
1.25417e+06
-1.74976e+06
-1.43377e+06
-727238
-766724
-1.89951e+06
-1.47051e+06
-212355
-527200
1.98573e+06
1.71862e+06
1.43918e+06
1.20238e+06
-620570
-467265
16397.8
-127513
-248265
-199795
-81933.2
-93647.1
2.40264e+06
2.03112e+06
1.41572e+06
1.26402e+06
-1.7244e+06
-1.41293e+06
-696955
-763632
-1.88714e+06
-1.45589e+06
-193877
-508245
1.9786e+06
1.71444e+06
1.43771e+06
1.2064e+06
-640770
-480715
26867.2
-128136
-271554
-221472
-87561
-108332
2.41202e+06
2.04096e+06
1.42837e+06
1.29259e+06
-1.69987e+06
-1.38775e+06
-683026
-731276
-1.92466e+06
-1.48571e+06
-201067
-515863
1.97951e+06
1.71515e+06
1.44993e+06
1.20658e+06
-655072
-492387
22825.4
-126110
-324490
-263584
-104159
-121518
2.35683e+06
1.99806e+06
1.40609e+06
1.26713e+06
-1.736e+06
-1.41833e+06
-698930
-745128
-1.95875e+06
-1.50971e+06
-212383
-526565
1.96982e+06
1.70737e+06
1.45692e+06
1.20475e+06
-661071
-497256
20105.2
-134404
-374422
-302734
-121060
-145308
1.02314e+06
844673
469847
468575
-124910
-56536.7
240513
105256
114150
104243
111680
86916.2
-2.06401e+06
-1.68997e+06
-836577
-893944
-836658
-644659
-49395.7
-213662
-728116
-490875
400348
61910.7
1.0035e+06
826737
445795
457930
-91265.6
-29373.9
249249
113421
145886
130675
118430
97576.5
-2.11158e+06
-1.72636e+06
-854324
-916992
-832544
-637778
-46917.9
-210327
-729949
-492720
387660
50358
1.05807e+06
873330
478643
482844
-32169.8
20027.4
283032
150107
190451
165205
143048
114626
-2.03755e+06
-1.66594e+06
-815351
-886237
-831606
-637696
-43175.2
-207741
-712668
-476751
413872
67479.2
1.10221e+06
911941
498055
503311
7300.17
52571.3
302611
160911
287365
245997
188662
157217
-1.96839e+06
-1.60826e+06
-794893
-847453
-831647
-636596
-41601.2
-197784
-687335
-456405
424681
82199.7
1.16433e+06
962228
515680
528960
60844.4
96976.9
321584
187606
372435
315923
230029
195424
-1.91421e+06
-1.56398e+06
-778795
-832266
-846641
-645445
-37964.6
-203971
-656559
-429597
435102
92022.9
1.20007e+06
991680
537171
553408
91409.1
121893
343303
199749
348309
299222
224840
202738
-1.90179e+06
-1.5509e+06
-753122
-812169
-828512
-631373
-14830.2
-187894
-629022
-404755
459931
113742
1.22781e+06
1.01007e+06
557422
553625
89483.7
121538
346243
208936
331009
281850
210044
184476
-1.94801e+06
-1.59209e+06
-767433
-839677
-778921
-593324
8060.31
-181815
-601598
-381585
481202
128668
1.22837e+06
1.0116e+06
558246
567873
93850.7
126384
349175
214380
321344
274215
194365
180044
-2.00693e+06
-1.63667e+06
-786504
-852462
-737981
-554122
36532
-145395
-633709
-406890
474194
126764
1.25631e+06
1.03441e+06
570906
572234
35561.1
74180.5
312608
186118
287164
238128
157943
148326
-2.03607e+06
-1.66586e+06
-807049
-884407
-720096
-543415
40482.6
-145689
-676983
-441811
463883
106337
1.34355e+06
1.10984e+06
617110
614639
-5255.22
39592.3
288615
157086
299297
247907
150785
148241
-1.98751e+06
-1.62235e+06
-794373
-851881
-645291
-480140
73060.4
-100901
-681464
-444888
462964
109674
1.34912e+06
1.11467e+06
632364
628467
-79609.6
-20902.1
258073
127339
237019
192958
126662
110347
-2.02532e+06
-1.65577e+06
-804774
-874470
-613470
-451416
100844
-90004.1
-722819
-478357
455422
92036.3
1.30918e+06
1.08182e+06
617161
618784
-172787
-99067.8
212664
78949.2
134265
108073
71989.1
74374.2
-2.08904e+06
-1.70786e+06
-830916
-894175
-574561
-421601
120180
-66383.2
-762702
-511129
438517
78104.9
1.29761e+06
1.07279e+06
608300
603129
-147341
-74305.6
217913
90153.3
175637
148822
84432.1
80547.9
-2.13479e+06
-1.7441e+06
-838722
-916980
-541255
-391377
142251
-47067.9
-705915
-462728
465012
100307
1.35036e+06
1.11056e+06
609481
619257
-47627.2
5398.76
251260
125856
273734
229847
115953
125552
-2.10966e+06
-1.72048e+06
-828385
-901741
-526536
-376568
148778
-32131.6
-631364
-403578
491973
126549
1.42734e+06
1.17175e+06
644239
640437
-30558.3
18082.8
263695
137875
290355
239221
125915
123016
-2.07177e+06
-1.69508e+06
-817234
-903233
-558682
-405292
129022
-51029.8
-594593
-372082
523753
149591
1.52798e+06
1.25761e+06
682932
688857
-31199.7
16139.7
272348
135156
361355
298681
162939
160779
-2.01276e+06
-1.64604e+06
-799885
-861459
-564227
-410434
131900
-39870.2
-548603
-334821
548023
177443
1.60189e+06
1.31591e+06
700191
719691
-11820.7
33687.3
282138
150298
417399
341791
193254
181132
-1.99214e+06
-1.63179e+06
-796596
-863761
-595768
-432240
123891
-54113.5
-510165
-302367
563389
192745
1.5592e+06
1.28273e+06
674387
709419
-45824.8
7586.55
274403
134697
395788
328444
187296
188846
-2.03095e+06
-1.65805e+06
-802976
-864869
-635218
-465910
114046
-67672.9
-484868
-278365
577452
211724
1.55999e+06
1.28278e+06
675647
699575
31976.1
75101.1
316072
182947
361550
300059
171049
174246
-2.09507e+06
-1.71402e+06
-831158
-904541
-621517
-453208
112322
-74838.8
-396732
-206126
623341
250635
1.55031e+06
1.2714e+06
658016
687436
51093.4
92351.7
327996
191354
277927
231149
124860
132363
-2.1552e+06
-1.76218e+06
-854219
-936502
-609796
-442993
101132
-80963.7
-385006
-196246
630465
251177
1.65346e+06
1.35965e+06
710112
745306
71745.2
111527
348126
218706
203198
166920
87624
100594
-2.11024e+06
-1.7244e+06
-826898
-909203
-589229
-428253
103540
-67602.2
-331740
-146888
678147
299733
1.72383e+06
1.4199e+06
735486
771669
60039.7
101422
343018
203706
164774
135872
62287.6
73126.9
-2.04383e+06
-1.6687e+06
-818385
-879014
-544331
-391867
102647
-51014.9
-296493
-117624
697050
315840
1.78347e+06
1.46415e+06
753522
789550
75038.9
112750
346006
210311
117619
92691.1
44368.8
45925.2
-2.00972e+06
-1.64481e+06
-806027
-874581
-516829
-371563
109486
-53980.5
-229869
-62680.8
728980
343587
1.82177e+06
1.49857e+06
778571
816086
105917
137537
368762
218731
7845.35
3208.85
415.779
4134.45
-2.02117e+06
-1.65047e+06
-801878
-868915
-501938
-360642
116169
-44975.5
-170428
-13328.3
768214
372468
1.79808e+06
1.47831e+06
776661
809122
138563
165434
395780
247282
4833.78
4028.39
1862.52
3385.63
-2.05873e+06
-1.68481e+06
-814492
-884467
-465671
-335199
128478
-35154.5
-114429
34681.5
798040
409801
1.72704e+06
1.41889e+06
736283
775132
121172
153335
395133
241886
-35829.8
-29562.7
-21449.4
-15141.3
-2.16612e+06
-1.77131e+06
-862048
-933167
-506425
-366430
105699
-54982.5
-180170
-19160.5
765019
378139
1.79492e+06
1.47666e+06
765569
806904
132935
166337
410376
263736
-45286.7
-38150.5
-30409.1
-21158.8
-2.16344e+06
-1.76956e+06
-860738
-936781
-489956
-354127
107231
-48542.9
-188099
-22338.9
774955
382449
1.83019e+06
1.50854e+06
781466
819764
85921.3
127628
401068
237613
-12754.8
-9818.88
-13976
-11680
-2.11847e+06
-1.72897e+06
-849498
-912434
-464155
-331876
108737
-33671.7
-183170
-17833.2
783651
387097
1.82687e+06
1.50318e+06
767871
816677
40712.4
91049.9
387671
224289
-14726.9
-13652.8
-10037.4
-10113
-2.14213e+06
-1.7512e+06
-860127
-926014
-482723
-348409
100671
-50139.5
-212472
-41769.5
776759
377319
1.82842e+06
1.50244e+06
779445
815081
19905.1
72047.1
397132
211232
-105983
-87834
-43056.4
-42423.6
-2.1705e+06
-1.77323e+06
-856687
-933961
-472883
-342514
108535
-44807.9
-231151
-56530.4
781828
371679
1.78745e+06
1.46627e+06
767923
798376
42872.6
97570.8
418924
238426
-49575.3
-39804.5
-24854.1
-21437.4
-2.19993e+06
-1.80131e+06
-861733
-944933
-433874
-317417
120908
-28806.1
-219678
-45931.5
790260
387808
1.72075e+06
1.41243e+06
734930
766579
26739.2
88549.6
411707
231838
-25528
-16295.3
-25963.5
-13277.3
-2.25458e+06
-1.84089e+06
-891114
-965060
-454844
-328688
109427
-38779.2
-313317
-119739
751457
343726
1.75453e+06
1.44305e+06
761218
789647
39501.1
99396.6
426530
248553
491.439
683.772
-20238.1
-3894.04
-2.25835e+06
-1.84624e+06
-898007
-975413
-469006
-342727
98344.4
-46846.5
-390407
-178590
738021
327686
1.7587e+06
1.44876e+06
778300
797596
6095.26
69729.9
420895
229898
47631.4
39044.3
330.219
16117.1
-2.24536e+06
-1.83588e+06
-896003
-965212
-460764
-336820
103782
-35588.7
-486875
-259249
705307
289337
1.74855e+06
1.44074e+06
780034
794791
1009.75
65537.5
424021
225193
74042.6
58491.9
19358.5
17660
-2.27056e+06
-1.85792e+06
-900150
-982267
-454088
-329387
117281
-38381
-556195
-316872
687767
253421
1.72181e+06
1.42026e+06
775382
795912
5786.96
69403.2
427151
230659
40983.9
32970.3
10332.2
18450.5
-2.28437e+06
-1.86791e+06
-894612
-974787
-425965
-309182
127044
-20437.5
-588023
-341687
680374
247077
-767277
-676486
-633074
-501863
-285105
-212211
26419.6
-41504.3
-1.63083e+06
-1.35781e+06
-824098
-788669
-1.45253e+06
-1.17022e+06
-451674
-556439
-593156
-420509
203717
-27832.4
-1.09682e+06
-844278
-102198
-286775
-814430
-716335
-668394
-527625
-295159
-218736
9948.99
-51931.3
-1.67686e+06
-1.39527e+06
-859352
-811983
-1.56015e+06
-1.25268e+06
-478280
-592961
-552098
-382331
235296
2922.47
-1.1405e+06
-878944
-127892
-307672
-832686
-732010
-685156
-540230
-340095
-259312
-15396.5
-68501.7
-1.77278e+06
-1.47996e+06
-909151
-863554
-1.60474e+06
-1.28959e+06
-483155
-611645
-545568
-377100
246374
8884.8
-1.19062e+06
-920546
-142017
-325033
-821884
-721798
-680365
-544322
-393047
-301179
-35309.4
-105951
-1.79624e+06
-1.49892e+06
-925992
-886749
-1.60098e+06
-1.28243e+06
-470493
-598516
-461172
-303183
290215
55768.1
-1.23548e+06
-957133
-159211
-347561
-860338
-752309
-696422
-549945
-427612
-329866
-51362.8
-117520
-1.86449e+06
-1.55611e+06
-951813
-914138
-1.62738e+06
-1.3003e+06
-459243
-599057
-389798
-241703
339215
94970.8
-1.2632e+06
-979086
-164763
-360412
-937022
-819298
-724224
-589016
-487057
-382529
-76712.6
-151527
-2.05024e+06
-1.7066e+06
-1.03151e+06
-982899
-1.74185e+06
-1.39081e+06
-478257
-627419
-400126
-250275
362266
103488
-1.35024e+06
-1.05e+06
-192058
-392671
-937742
-821236
-714414
-599948
-449075
-348425
-55824
-130057
-2.06375e+06
-1.72052e+06
-1.04677e+06
-1.00985e+06
-1.80825e+06
-1.44715e+06
-494397
-657456
-396432
-250720
375403
113474
-1.37875e+06
-1.07535e+06
-198890
-402149
-917774
-802554
-693581
-585213
-416057
-317881
-30212.6
-113889
-2.01904e+06
-1.68177e+06
-1.0333e+06
-996650
-1.85482e+06
-1.47903e+06
-501182
-669392
-371585
-223526
400488
126651
-1.44294e+06
-1.1231e+06
-213031
-426812
-850642
-743984
-644030
-549056
-352592
-265355
9647.76
-81970.6
-1.94585e+06
-1.62567e+06
-1.01044e+06
-973778
-1.83057e+06
-1.4607e+06
-491043
-669338
-388335
-237113
400076
124123
-1.48192e+06
-1.15037e+06
-200583
-427659
-726915
-641228
-584924
-492066
-255560
-185136
52615.8
-36915.2
-1.7979e+06
-1.50362e+06
-966794
-914218
-1.70758e+06
-1.35952e+06
-454722
-611577
-324540
-185374
419525
157565
-1.47596e+06
-1.14457e+06
-191180
-420244
-615535
-546410
-528078
-432551
-178013
-120383
100736
3175.62
-1.70771e+06
-1.43347e+06
-925241
-882688
-1.59831e+06
-1.27177e+06
-402226
-571489
-251104
-123464
463072
185194
-1.46913e+06
-1.13747e+06
-163924
-409443
-609531
-538239
-513549
-409037
-191173
-127265
112706
14468.8
-1.73463e+06
-1.45243e+06
-925176
-871885
-1.58943e+06
-1.25951e+06
-381339
-545766
-241912
-115492
477196
204453
-1.55857e+06
-1.20644e+06
-179545
-430002
-601288
-531548
-522142
-406427
-142864
-84115.3
134798
44310.8
-1.6905e+06
-1.41637e+06
-904713
-854686
-1.56254e+06
-1.24031e+06
-367037
-541024
-226965
-98363.5
481238
213577
-1.50792e+06
-1.165e+06
-160067
-408414
-597763
-534832
-537380
-413637
-94927.7
-47311.8
158792
63566.8
-1.64818e+06
-1.38136e+06
-883938
-832431
-1.52672e+06
-1.20987e+06
-350655
-517639
-230376
-99996.9
485909
215618
-1.49641e+06
-1.15734e+06
-152739
-406813
-589055
-525946
-530264
-415736
-123235
-65900.2
162523
60695.9
-1.66707e+06
-1.39529e+06
-886221
-837244
-1.47799e+06
-1.17016e+06
-329107
-511493
-299356
-154755
455499
186124
-1.53272e+06
-1.18e+06
-143011
-410550
-550871
-493172
-514390
-400657
-116381
-60577.8
178784
63590.1
-1.63344e+06
-1.36541e+06
-868494
-819443
-1.36494e+06
-1.07435e+06
-285909
-448895
-297237
-152917
452436
192402
-1.49487e+06
-1.14904e+06
-119609
-389506
-540169
-484150
-518699
-386801
-92870.7
-38687.9
197519
87995.9
-1.63731e+06
-1.37135e+06
-862627
-820801
-1.29442e+06
-1.02082e+06
-253004
-419927
-299673
-153800
452819
190685
-1.46576e+06
-1.12387e+06
-93795.6
-367404
-613697
-546134
-550258
-423973
-114123
-56202.3
198567
75034.6
-1.70126e+06
-1.42231e+06
-880685
-843486
-1.29645e+06
-1.01849e+06
-241433
-412022
-329547
-182344
446034
172876
-1.48605e+06
-1.13935e+06
-99299
-371895
-627586
-557768
-556461
-431951
-17767.5
26360.2
251780
133203
-1.64505e+06
-1.37471e+06
-859167
-820671
-1.33267e+06
-1.0491e+06
-256212
-428073
-353264
-202377
433920
162203
-1.39954e+06
-1.06664e+06
-63262.7
-327909
-637252
-570491
-585124
-443648
84656.2
108666
289218
175261
-1.60145e+06
-1.34089e+06
-851374
-801124
-1.34572e+06
-1.05985e+06
-276012
-435612
-387956
-231889
402151
142573
-1.3553e+06
-1.03357e+06
-58627.6
-318422
-597771
-538546
-570917
-430000
128731
147710
322804
210174
-1.63694e+06
-1.37097e+06
-868734
-817558
-1.37388e+06
-1.084e+06
-293186
-457063
-472510
-302409
355482
101595
-1.30731e+06
-992313
-28829.5
-289649
-614200
-550388
-580874
-440141
64128.9
94548.7
314328
181358
-1.67755e+06
-1.40405e+06
-887529
-837435
-1.39332e+06
-1.10082e+06
-317857
-465618
-581747
-393495
307210
55770.9
-1.3173e+06
-1.00153e+06
-32402.5
-294095
-643242
-576779
-614027
-457643
63438.1
94964.4
312429
187491
-1.69684e+06
-1.42095e+06
-899549
-848938
-1.40977e+06
-1.11888e+06
-344788
-480968
-683965
-476815
250454
6808.02
-1.26328e+06
-957915
-21399.9
-277042
-668450
-598072
-619124
-473053
85810.2
115466
338510
193346
-1.76247e+06
-1.47364e+06
-916932
-874455
-1.43299e+06
-1.13907e+06
-351371
-499363
-761084
-544527
217558
-44911.2
-1.21624e+06
-918134
2262.74
-256972
-726780
-647607
-650749
-501670
88058.1
119406
342077
212416
-1.74105e+06
-1.45449e+06
-911905
-859377
-1.41353e+06
-1.12339e+06
-346769
-493454
-701466
-494671
242446
-24419.2
-1.19327e+06
-901203
2226.68
-244343
-790723
-705876
-707261
-543296
43382.4
81043.6
298075
183377
-1.7459e+06
-1.46015e+06
-937088
-867228
-1.43426e+06
-1.14213e+06
-366308
-500850
-658436
-458681
260076
1.41421
-1.25738e+06
-955187
-43740.2
-279814
-790086
-704372
-713949
-549323
29798.9
69964
285192
172194
-1.77081e+06
-1.483e+06
-962531
-888883
-1.45024e+06
-1.15424e+06
-378200
-519381
-653538
-452879
264457
678.823
-1.31625e+06
-998833
-55454.8
-302757
-794726
-706228
-720907
-558202
140.007
43554.9
268747
151355
-1.76573e+06
-1.48057e+06
-970459
-897646
-1.38237e+06
-1.09876e+06
-361385
-490040
-629259
-432264
275938
21043.5
-1.34347e+06
-1.02352e+06
-67742.2
-316017
-840050
-747582
-758266
-578920
-64618.2
-13394.7
225799
121729
-1.79798e+06
-1.51019e+06
-992224
-913938
-1.35991e+06
-1.08327e+06
-362980
-479667
-597690
-405854
289982
31152.3
-1.39273e+06
-1.06499e+06
-93927.1
-335820
-876691
-777197
-757784
-593558
-101099
-45573
216228
93782.2
-1.87255e+06
-1.57059e+06
-1.02078e+06
-943971
-1.37913e+06
-1.09807e+06
-356931
-484628
-549254
-364568
325266
58646
-1.4453e+06
-1.10703e+06
-96449.4
-355243
-907909
-804600
-779207
-611096
-93876.9
-36772.4
206600
101509
-1.90621e+06
-1.59827e+06
-1.0443e+06
-966841
-1.45827e+06
-1.16309e+06
-387018
-526775
-515739
-342870
345615
68981.8
-1.42511e+06
-1.09175e+06
-92901.1
-348434
-945355
-838687
-820816
-635504
-103022
-46327.5
176972
85717.6
-1.92289e+06
-1.61295e+06
-1.06747e+06
-977826
-1.50596e+06
-1.20186e+06
-414121
-540947
-490826
-319209
355891
86865.2
-1.43285e+06
-1.10005e+06
-115122
-360146
-986036
-873244
-851247
-661869
-149250
-87185.6
143495
57319.5
-2.02215e+06
-1.69787e+06
-1.11626e+06
-1.02974e+06
-1.53815e+06
-1.23132e+06
-427819
-571925
-513531
-341484
340444
67496.2
-1.4662e+06
-1.1266e+06
-124216
-376066
-984638
-871453
-855014
-669936
-186772
-122193
120288
30207.6
-2.0659e+06
-1.73553e+06
-1.13665e+06
-1.05499e+06
-1.52188e+06
-1.21613e+06
-429959
-557815
-500104
-327665
352456
86781.8
-1.47901e+06
-1.13935e+06
-133092
-382422
-1.04724e+06
-924610
-893235
-693306
-290848
-208230
57089.7
-14225.6
-2.13867e+06
-1.7968e+06
-1.16502e+06
-1.08849e+06
-1.54664e+06
-1.23914e+06
-446181
-568309
-496297
-322461
362329
89275.1
-1.50682e+06
-1.16305e+06
-153842
-397296
-1.07791e+06
-951375
-904683
-714010
-346219
-258158
24441.1
-61233.3
-2.26139e+06
-1.89484e+06
-1.21597e+06
-1.13392e+06
-1.62887e+06
-1.30372e+06
-474437
-597685
-492363
-318294
376501
93112.5
-1.527e+06
-1.17955e+06
-162200
-408249
-1.03001e+06
-823649
-265383
-377282
-559423
-444220
-126104
-193234
-464945
-363708
-66031
-141431
-2.18269e+06
-1.78976e+06
-895682
-960438
-2.08427e+06
-1.67409e+06
-609837
-792549
-2.50437e+06
-2.01522e+06
-810827
-977667
-1.03307e+06
-826370
-270118
-373884
-557296
-441421
-133297
-193351
-480529
-373750
-77930.2
-137554
-2.26023e+06
-1.84838e+06
-916799
-983257
-2.04581e+06
-1.63693e+06
-581928
-764335
-2.53559e+06
-2.04231e+06
-831488
-991728
-973898
-777161
-236273
-348078
-528426
-420213
-122152
-178428
-507369
-399857
-88231.4
-158550
-2.24415e+06
-1.83656e+06
-904037
-978315
-2.04606e+06
-1.63756e+06
-584166
-760241
-2.56369e+06
-2.06171e+06
-834124
-998471
-875740
-692818
-191270
-302329
-511854
-406463
-123870
-177335
-471439
-366518
-74829.6
-141424
-2.17768e+06
-1.77893e+06
-889547
-941846
-1.97867e+06
-1.5814e+06
-558187
-723456
-2.53197e+06
-2.03607e+06
-824382
-987847
-811322
-640026
-157480
-267986
-497068
-397119
-123425
-181982
-447814
-352099
-58395.7
-138995
-2.13994e+06
-1.7516e+06
-874538
-940352
-1.9317e+06
-1.53977e+06
-525230
-705840
-2.48946e+06
-2.00359e+06
-808793
-974346
-780371
-611913
-146578
-242634
-474883
-380063
-126175
-170521
-532874
-418691
-89397.4
-160332
-2.14079e+06
-1.75049e+06
-862576
-926298
-1.86373e+06
-1.48815e+06
-489049
-672894
-2.45871e+06
-1.97889e+06
-796851
-959782
-802520
-629471
-145227
-255024
-456612
-360164
-107055
-160063
-555016
-435889
-95028.1
-172702
-2.17712e+06
-1.77899e+06
-865963
-940926
-1.81676e+06
-1.44999e+06
-462476
-647527
-2.44356e+06
-1.96406e+06
-781485
-946539
-858375
-674122
-172012
-274146
-445631
-348850
-96597.2
-150472
-573249
-448970
-106520
-181139
-2.19672e+06
-1.79129e+06
-869008
-943792
-1.7869e+06
-1.41993e+06
-445947
-637769
-2.47595e+06
-1.98975e+06
-787803
-962833
-824627
-645535
-155713
-254706
-401407
-313863
-77386.5
-124941
-575888
-453053
-110338
-178063
-2.14375e+06
-1.75008e+06
-853267
-923996
-1.76582e+06
-1.4045e+06
-436117
-618805
-2.43461e+06
-1.9522e+06
-754363
-928117
-831456
-649652
-162993
-259210
-403656
-318233
-85798.9
-132835
-607405
-479049
-129030
-195645
-2.10833e+06
-1.71944e+06
-855201
-908458
-1.77573e+06
-1.4123e+06
-445191
-618206
-2.42342e+06
-1.94423e+06
-748808
-922432
-844114
-660008
-174194
-270238
-419571
-329520
-98483.7
-142533
-640799
-507388
-139041
-219468
-2.08899e+06
-1.70526e+06
-857319
-911080
-1.77156e+06
-1.40418e+06
-443786
-624087
-2.39981e+06
-1.92276e+06
-734641
-915080
-843687
-663021
-172278
-269714
-410096
-325316
-98819.6
-143479
-695971
-552561
-152933
-231194
-2.05505e+06
-1.6809e+06
-839066
-895592
-1.7105e+06
-1.36193e+06
-413300
-600431
-2.38592e+06
-1.91186e+06
-719905
-899622
-853204
-674030
-178648
-279279
-354075
-279951
-69684.7
-112941
-697154
-552741
-159267
-233943
-2.10679e+06
-1.7294e+06
-861666
-924366
-1.67942e+06
-1.33563e+06
-400609
-580157
-2.34007e+06
-1.87651e+06
-707564
-875885
-877308
-694266
-196748
-295424
-349180
-273020
-70251.1
-112716
-692757
-547375
-165783
-240300
-2.19462e+06
-1.79837e+06
-903387
-958934
-1.72182e+06
-1.36457e+06
-412059
-595165
-2.37897e+06
-1.90636e+06
-735460
-899708
-849081
-671012
-190026
-274084
-369706
-291370
-84436.3
-106563
-703356
-561631
-194545
-245271
-2.22825e+06
-1.82892e+06
-928878
-979081
-1.77162e+06
-1.40726e+06
-442819
-609176
-2.3987e+06
-1.92201e+06
-752501
-896875
-839265
-660936
-184889
-274533
-441983
-351196
-115695
-152716
-710254
-567884
-215430
-257801
-2.25146e+06
-1.84755e+06
-961682
-990994
-1.83584e+06
-1.45956e+06
-471799
-632280
-2.44999e+06
-1.96827e+06
-786690
-933203
-836377
-658012
-187387
-275910
-487508
-389703
-134793
-175313
-721730
-580042
-224273
-281591
-2.27836e+06
-1.87396e+06
-983328
-1.02227e+06
-1.86817e+06
-1.48432e+06
-478057
-658944
-2.47128e+06
-1.98582e+06
-805497
-953758
-824120
-651567
-178136
-267074
-487040
-392507
-124603
-184134
-782771
-634199
-253819
-301752
-2.32128e+06
-1.91168e+06
-998575
-1.03499e+06
-1.8773e+06
-1.49665e+06
-476409
-660085
-2.47378e+06
-1.99408e+06
-808103
-962635
-841891
-669361
-185405
-284771
-461348
-365776
-114717
-153136
-803782
-648214
-253286
-311570
-2.41194e+06
-1.98443e+06
-1.03634e+06
-1.07738e+06
-1.88113e+06
-1.50078e+06
-482187
-669411
-2.43198e+06
-1.96178e+06
-797010
-950165
-863073
-686304
-194910
-293500
-447795
-352705
-103231
-153562
-834892
-669621
-255244
-316243
-2.46891e+06
-2.02663e+06
-1.05302e+06
-1.0971e+06
-1.87485e+06
-1.4925e+06
-480970
-662342
-2.44347e+06
-1.97229e+06
-800979
-957421
-798264
-632858
-154353
-265905
-427884
-337796
-85253
-137559
-863807
-696222
-258539
-328865
-2.47965e+06
-2.03866e+06
-1.0527e+06
-1.10855e+06
-1.90004e+06
-1.51584e+06
-488677
-677615
-2.3953e+06
-1.93065e+06
-762260
-929886
-751486
-593502
-137281
-241835
-455314
-361767
-99351.3
-153543
-901564
-726176
-274398
-340044
-2.47468e+06
-2.03453e+06
-1.07518e+06
-1.10437e+06
-1.88791e+06
-1.50775e+06
-495337
-669526
-2.4181e+06
-1.94892e+06
-771114
-931608
-718977
-567021
-122958
-226977
-445890
-354381
-100212
-152994
-928225
-749395
-272505
-359260
-2.4645e+06
-2.03189e+06
-1.08272e+06
-1.11694e+06
-1.87416e+06
-1.49657e+06
-495708
-670658
-2.37956e+06
-1.91955e+06
-757160
-925162
-760268
-596556
-138828
-230955
-487199
-383880
-120213
-164666
-1.01475e+06
-815190
-292715
-373588
-2.52708e+06
-2.0795e+06
-1.10246e+06
-1.13173e+06
-1.90643e+06
-1.52278e+06
-510813
-682939
-2.41006e+06
-1.94032e+06
-771048
-927313
-796078
-626257
-146178
-251743
-497457
-393332
-121930
-168455
-944011
-753609
-262989
-349763
-2.5785e+06
-2.12538e+06
-1.12545e+06
-1.16271e+06
-1.91227e+06
-1.52929e+06
-517555
-687990
-2.45435e+06
-1.97538e+06
-787368
-947677
-832233
-654834
-160107
-263476
-507464
-397989
-110075
-174739
-849725
-674368
-219173
-305311
-2.60024e+06
-2.13746e+06
-1.13571e+06
-1.17258e+06
-1.95299e+06
-1.55789e+06
-531701
-705598
-2.50916e+06
-2.02007e+06
-806264
-975042
-800101
-628447
-137623
-249083
-526434
-413561
-109201
-170823
-761885
-604889
-188802
-267624
-2.56679e+06
-2.11461e+06
-1.13325e+06
-1.16724e+06
-2.02113e+06
-1.61505e+06
-561673
-735161
-2.57439e+06
-2.07014e+06
-816374
-992951
-813335
-634938
-129338
-245246
-577456
-456446
-117276
-192802
-676712
-533761
-146129
-228633
-2.58951e+06
-2.1338e+06
-1.15232e+06
-1.16819e+06
-2.10316e+06
-1.68372e+06
-591129
-764695
-2.661e+06
-2.14136e+06
-842814
-1.02602e+06
-829387
-648319
-131149
-244768
-600479
-472086
-114892
-197095
-607671
-478674
-116387
-202740
-2.64111e+06
-2.17858e+06
-1.18317e+06
-1.20666e+06
-2.1874e+06
-1.74912e+06
-619816
-801092
-2.728e+06
-2.19473e+06
-864428
-1.05076e+06
-880491
-688896
-148644
-265941
-652389
-514541
-135147
-215098
-570410
-449226
-99907.1
-182142
-2.65991e+06
-2.19624e+06
-1.19014e+06
-1.216e+06
-2.22033e+06
-1.77969e+06
-631653
-820810
-2.78291e+06
-2.23872e+06
-888095
-1.0757e+06
-889292
-695923
-150291
-275570
-611565
-478552
-111946
-194532
-521657
-407272
-83129.6
-158743
-2.70557e+06
-2.23229e+06
-1.2043e+06
-1.23995e+06
-2.22888e+06
-1.78641e+06
-626248
-830066
-2.7694e+06
-2.22605e+06
-873912
-1.06373e+06
-894115
-700303
-151717
-271318
-540700
-416384
-70994.2
-155084
-480604
-373431
-70833
-137044
-2.72764e+06
-2.2462e+06
-1.20643e+06
-1.23679e+06
-2.24417e+06
-1.79357e+06
-613588
-820054
-2.8298e+06
-2.27355e+06
-886438
-1.07629e+06
-901608
-703823
-158582
-274253
-536567
-413542
-68892.7
-147674
-511735
-402588
-108267
-160079
-2.76191e+06
-2.27634e+06
-1.2289e+06
-1.26232e+06
-2.31789e+06
-1.85273e+06
-642829
-848900
-2.9349e+06
-2.35474e+06
-918945
-1.11312e+06
-892342
-695974
-150214
-272288
-539771
-418261
-69820.4
-152867
-515100
-406025
-121692
-168023
-2.75119e+06
-2.26766e+06
-1.23797e+06
-1.2509e+06
-2.37032e+06
-1.89557e+06
-658882
-856748
-3.01433e+06
-2.42199e+06
-943433
-1.1472e+06
-913991
-712959
-158093
-275125
-523887
-402538
-62871.7
-144861
-560999
-446241
-139164
-198362
-2.78621e+06
-2.29832e+06
-1.25484e+06
-1.2772e+06
-2.44769e+06
-1.95532e+06
-675607
-893108
-3.08804e+06
-2.47941e+06
-962201
-1.17259e+06
-958213
-752234
-174580
-296578
-513015
-397649
-56391.8
-145217
-627633
-504514
-169868
-224132
-2.83979e+06
-2.34415e+06
-1.27326e+06
-1.29316e+06
-2.48683e+06
-1.99087e+06
-678384
-909180
-3.15024e+06
-2.53143e+06
-977636
-1.19882e+06
599499
445565
-45543.3
103243
231956
205450
180302
151701
-1.18545e+06
-987101
-593762
-580335
-812849
-677108
-386351
-391435
-1.71718e+06
-1.35461e+06
-350589
-562900
-2.30236e+06
-1.84477e+06
-674400
-859560
605697
449039
-53158.9
100606
261626
229007
189406
157825
-1.17469e+06
-976986
-589415
-566987
-850342
-703439
-394179
-397628
-1.71314e+06
-1.34749e+06
-346029
-555671
-2.28709e+06
-1.83343e+06
-674868
-855782
634052
469566
-49774
107564
233343
203133
171248
153185
-1.24291e+06
-1.03675e+06
-628933
-604045
-850437
-706612
-397005
-403675
-1.76643e+06
-1.39603e+06
-384035
-583160
-2.31036e+06
-1.85214e+06
-683683
-861233
700553
526165
-23871.2
133189
197651
171799
153866
128302
-1.23243e+06
-1.02644e+06
-629428
-603873
-829437
-687576
-404598
-386835
-1.79049e+06
-1.41645e+06
-402062
-589712
-2.3203e+06
-1.85918e+06
-684879
-865321
754178
571204
-7126.93
158511
187170
162652
141266
116284
-1.22893e+06
-1.0267e+06
-624668
-608013
-812232
-677826
-405443
-398955
-1.80572e+06
-1.42708e+06
-407287
-606303
-2.31536e+06
-1.85593e+06
-677510
-866741
806877
615463
14447.6
186414
198664
171520
139871
121605
-1.29879e+06
-1.08338e+06
-651450
-626895
-794554
-661002
-388870
-377382
-1.79612e+06
-1.42063e+06
-399817
-599518
-2.27114e+06
-1.81747e+06
-654980
-839345
781708
593523
2298.8
171864
221561
190386
145337
126237
-1.33803e+06
-1.11238e+06
-665707
-641639
-846089
-702858
-405438
-400647
-1.79077e+06
-1.41762e+06
-398998
-595825
-2.23871e+06
-1.78745e+06
-646446
-822043
745700
558946
-31495.2
145243
246282
212183
141283
130818
-1.35932e+06
-1.12789e+06
-682488
-660742
-924129
-765599
-434910
-434649
-1.84861e+06
-1.46171e+06
-414235
-622693
-2.29176e+06
-1.83282e+06
-677598
-855717
818719
620505
-11754.2
175582
302075
256052
154855
155996
-1.3669e+06
-1.13549e+06
-697060
-660456
-897688
-742362
-428879
-426945
-1.85921e+06
-1.4685e+06
-425039
-622103
-2.31549e+06
-1.8479e+06
-685742
-854187
851916
648901
-9410.88
187866
327610
274451
155368
154533
-1.37433e+06
-1.14339e+06
-706618
-669731
-828900
-686258
-412458
-396724
-1.86946e+06
-1.47743e+06
-436020
-621169
-2.3274e+06
-1.86268e+06
-694089
-868354
822896
620575
-41637.3
165318
326934
271238
135948
147758
-1.43015e+06
-1.19114e+06
-732402
-704458
-815855
-677158
-419002
-397176
-1.90647e+06
-1.50695e+06
-455039
-644866
-2.37603e+06
-1.90027e+06
-724698
-890595
813065
606693
-44943
156706
372928
301696
149842
147674
-1.51271e+06
-1.26327e+06
-769133
-735663
-834811
-695686
-421376
-402367
-1.91796e+06
-1.52075e+06
-450443
-650122
-2.41157e+06
-1.93466e+06
-734460
-910055
860510
645709
-29424.1
159602
471584
388431
181299
201926
-1.48325e+06
-1.23414e+06
-758579
-729842
-840686
-701037
-422644
-415418
-1.89346e+06
-1.50305e+06
-426575
-658856
-2.34433e+06
-1.87675e+06
-698465
-885607
896284
673845
-27920.8
180821
552271
454994
203680
237899
-1.46191e+06
-1.21565e+06
-751010
-711370
-836193
-692668
-417771
-404360
-1.8412e+06
-1.45618e+06
-402860
-619437
-2.31991e+06
-1.85535e+06
-686743
-867942
937899
708809
-5386.03
195556
537714
439640
193630
232247
-1.4834e+06
-1.23581e+06
-755751
-727509
-787645
-656500
-397370
-392180
-1.83855e+06
-1.4572e+06
-399003
-622676
-2.32686e+06
-1.85823e+06
-670251
-859765
981663
743975
12329.1
212608
498019
404423
171671
202088
-1.47108e+06
-1.22613e+06
-747217
-720030
-767996
-640910
-396264
-376261
-1.83904e+06
-1.4571e+06
-388706
-611728
-2.3334e+06
-1.86458e+06
-672122
-859418
1.0171e+06
772349
19615.8
227432
488542
396915
159414
198174
-1.4836e+06
-1.23737e+06
-747922
-728382
-784323
-654545
-405228
-389711
-1.84842e+06
-1.46092e+06
-374296
-610307
-2.32454e+06
-1.8561e+06
-664436
-860188
998390
755130
77.0746
216871
452343
365653
135894
167548
-1.56704e+06
-1.30333e+06
-780498
-756159
-831668
-691767
-419263
-407558
-1.85137e+06
-1.46239e+06
-368332
-605004
-2.32652e+06
-1.8582e+06
-661759
-859229
994013
752449
451.841
209706
492069
395740
161100
190557
-1.58753e+06
-1.32217e+06
-786238
-765983
-847965
-706729
-418667
-411660
-1.83676e+06
-1.44386e+06
-347830
-591971
-2.30579e+06
-1.84243e+06
-646250
-840453
1.01396e+06
763025
-1507.55
212945
548963
440037
183481
213409
-1.58738e+06
-1.32384e+06
-799345
-768799
-889190
-741197
-436134
-424143
-1.82579e+06
-1.43417e+06
-333228
-578377
-2.30677e+06
-1.84696e+06
-649458
-847163
1.06828e+06
811038
33161.9
239697
593424
477619
212243
238695
-1.58764e+06
-1.32672e+06
-811403
-778616
-862699
-720584
-423338
-422700
-1.83976e+06
-1.44196e+06
-334703
-576557
-2.33445e+06
-1.86415e+06
-641649
-846695
1.12379e+06
859531
58926.7
265658
647619
525001
243686
261591
-1.56863e+06
-1.30923e+06
-810416
-773982
-774180
-644781
-397978
-375588
-1.83868e+06
-1.43837e+06
-333085
-568115
-2.32597e+06
-1.85752e+06
-628638
-841791
1.15678e+06
888019
72065.5
288332
705239
573926
276001
298528
-1.57443e+06
-1.31717e+06
-807577
-781086
-712580
-597550
-372915
-354956
-1.87294e+06
-1.4639e+06
-340358
-578738
-2.31498e+06
-1.84521e+06
-612520
-826929
1.12629e+06
863811
71849.8
284683
721711
588535
296205
308545
-1.63428e+06
-1.36513e+06
-831944
-795808
-749021
-623402
-377248
-355653
-1.88935e+06
-1.48091e+06
-326845
-588336
-2.36259e+06
-1.88177e+06
-617468
-836456
1.0801e+06
824792
56349.3
262787
721447
590606
297246
318542
-1.62909e+06
-1.35964e+06
-836494
-799449
-812120
-677642
-400732
-390596
-1.86975e+06
-1.46493e+06
-317130
-572341
-2.39711e+06
-1.90987e+06
-638148
-854995
1.02168e+06
774815
23048.1
232177
642711
526968
261052
277143
-1.62811e+06
-1.35841e+06
-846910
-807252
-876047
-728901
-424556
-419512
-1.88511e+06
-1.47519e+06
-324073
-575718
-2.48939e+06
-1.98721e+06
-684349
-902785
1.07224e+06
818086
44244.4
252038
619570
506666
247480
274205
-1.56721e+06
-1.31232e+06
-830356
-786376
-826860
-689777
-407915
-405142
-1.92292e+06
-1.50723e+06
-348492
-594236
-2.51667e+06
-2.00895e+06
-690283
-908677
1.11141e+06
853877
57593.1
275234
593231
486581
237644
254580
-1.49446e+06
-1.25147e+06
-802986
-753991
-765961
-638179
-393709
-371676
-1.93727e+06
-1.51824e+06
-365440
-597252
-2.54578e+06
-2.03349e+06
-703484
-920837
1.11978e+06
858023
58087.4
273449
525514
430219
212358
227757
-1.46758e+06
-1.23248e+06
-788667
-751027
-739228
-618295
-388894
-370734
-1.95566e+06
-1.53355e+06
-375742
-611997
-2.61744e+06
-2.09072e+06
-734702
-953280
1.12756e+06
862877
60471.8
282164
475833
387393
198625
199375
-1.47885e+06
-1.24139e+06
-794175
-742957
-727462
-607667
-376823
-354755
-1.96514e+06
-1.5454e+06
-377113
-617453
-2.68114e+06
-2.14541e+06
-762740
-982712
1.02767e+06
779870
11005.4
234330
483213
396227
202021
218251
-1.44675e+06
-1.21182e+06
-773840
-727989
-764209
-638078
-386068
-372749
-1.99075e+06
-1.56227e+06
-374063
-634208
-2.67729e+06
-2.14025e+06
-771969
-982999
971198
726226
-43270
191508
492496
401350
189705
211028
-1.41046e+06
-1.18494e+06
-769558
-710448
-753326
-629972
-393299
-371473
-1.95597e+06
-1.53464e+06
-361904
-620714
-2.69622e+06
-2.16199e+06
-800704
-1.00916e+06
948155
708266
-53691.3
178276
458436
374576
187866
204434
-1.44289e+06
-1.20861e+06
-780222
-721150
-744797
-622597
-387228
-371044
-2.00481e+06
-1.57172e+06
-374609
-631263
-2.76182e+06
-2.21061e+06
-814980
-1.02824e+06
917311
686145
-76629.9
155828
409176
333630
176147
178189
-1.45616e+06
-1.21708e+06
-774350
-730566
-706635
-589870
-383753
-353323
-2.0272e+06
-1.58993e+06
-385931
-638464
-2.79398e+06
-2.23927e+06
-821142
-1.04619e+06
898253
667293
-105409
149074
370414
301961
154564
170255
-1.47839e+06
-1.23681e+06
-774804
-728774
-705020
-593027
-400854
-357157
-2.05676e+06
-1.61207e+06
-399846
-649029
-2.84929e+06
-2.28261e+06
-846660
-1.06071e+06
864698
637690
-109517
123780
355372
288357
155696
153960
-1.54065e+06
-1.28848e+06
-787151
-755865
-689959
-580535
-381836
-352842
-2.02863e+06
-1.59115e+06
-371696
-640696
-2.89111e+06
-2.31609e+06
-857171
-1.08087e+06
