172.534
1974.24
2406.28
190.919
4053.14
5236.13
7157.33
5005.61
-4565.79
-1712.61
-6709.74
-3619.68
5054.4
7339.77
13652.8
5574.83
158.392
3456.34
11458.7
-702.864
-14508.4
-11827.8
-13679
-19444.7
-16073.2
-16673.6
-23587
-23340.9
-1457.35
-4331.03
-2351.84
-4083.54
5868.28
9485.13
13179.8
9780.7
8670.54
8176.98
16399.2
13761
8488.82
8324.77
18958.9
8550.34
-15034.5
-13984.5
-2759.84
-24697.1
-28628.6
-20383.8
-23056.6
-36542.6
4063.74
8565.89
12894.8
4862.07
20726.7
23538.2
32972.4
25038.7
15444.6
12853.8
11520.9
18094.9
17751.2
17343.9
30960
17888.4
-10769.2
-3871.41
14463.2
-20837
-13424.4
-6206.98
12559.6
-18104.8
25402.8
29161.8
43775.6
33045.2
31218.1
31543.3
33858.4
42951.1
9437.05
12276.8
2773.98
18691.7
14439.8
14961
29960.8
13563
1660.29
11704
31544
2263.45
-25484.8
-27577.9
-17998.7
-39873
32826
25330
44746.4
29648.3
39590.2
35730.8
43282.7
47424.2
30640.4
27411.7
21583.7
42207.2
34607.2
33900.8
62944.5
36165.7
12397.7
9337.35
55423
532.451
-54805
-51653.4
-39593
-77356.1
12883.5
7976.87
29249.5
3925.15
39327.2
37855
55613.9
42782.1
32545.3
26943.6
26003.1
37597.6
39901.3
41876.3
79104.7
41780.1
-7624.73
-7228.05
40377.9
-27353.7
-63185.6
-55758.9
-45566.7
-80539.5
-9640.69
-8063.85
8644.38
-16874.4
37848.6
36424.5
68580.9
35859.5
27882.6
24477.2
34100.2
29460.2
41081.5
35552.6
84794.8
35537.8
-20665.9
-13811.9
34201.3
-36595.6
-73732.1
-65587.7
-58901.3
-93992.9
-25059.2
-20625.6
4148.6
-35565.3
28319.6
30484.8
77070.4
26008.8
27674
26785.9
52668.8
31515.7
33420
31978.2
91419.7
25030.2
-19361.3
-9335.22
58197
-37868.4
-87566.7
-72979.8
-76299.7
-103761
-25305.9
-16651
9594.73
-30418.3
20145.5
18380.5
46443.5
15936.1
24130.7
19870.4
41587.8
25166.6
20215.5
16439.5
73828.3
12182
-18745.4
-9626.55
56894.5
-34006.2
-71465.2
-58745.7
-53873.8
-86801.6
-13319.8
-4541.75
19572.7
-17713.7
11678.6
13963.2
31182.7
11308.8
15096
16793.1
27341
19803.2
4185.37
3116.93
50478.2
-7033.59
-11931
453.963
56855.6
-20897.8
-75506.3
-71084.7
-80280.7
-98879.7
-10726.1
-6793.17
24764.3
-27423
5837.87
7988.89
21614.8
3725.75
29571.2
28890.3
49365.2
30366
1849.79
5685.14
59214.5
-13538.3
-9625.14
-4099.1
64487.4
-30286.8
-89595.4
-82376.5
-74767.3
-115879
-11753.5
-8042.63
48310.2
-29459.5
9654.84
8308.5
32287.9
934.088
30038.6
24853.4
64349.5
24767.8
-1273.5
-687.308
69017.2
-18865.6
-11666.6
-8193.95
70613.1
-32680.4
-91395
-78512.9
-77460
-107232
-19345
-10262.2
37306.2
-33925.6
2757.72
6646.8
31858
-3829.69
15830.7
20026.7
57628.5
9628.67
-16396.4
-8840.25
57021.1
-35387.9
-35124.8
-23060.9
39626.3
-59343.9
-95406.4
-83493.8
-91095.9
-116782
-23372.7
-13423.7
35091.6
-41169.9
11211.9
19015.5
64542.6
2671.45
27932.1
31360.9
82540.6
24427.7
-10744.5
-3189.05
72151.1
-33511.2
-36597.7
-24053.7
53559.1
-66508.3
-92764.6
-75396
-75875.4
-108315
-9074.3
1970.71
66222.7
-24652.6
35250
38308.2
106738
23286.4
44544.2
44106.5
105396
37264.5
-5320.98
1149.05
89044.5
-27852.2
-28323.2
-14339.4
77873.7
-60413.8
-66624.3
-51446.3
-39470
-75976.5
5156.22
15001.3
82517.9
-5438.36
46530.5
51097
126026
40806.4
46408.8
50894.7
107760
46097.7
-8914.5
-762.261
87660.7
-31889.1
-17187.6
-713.471
98442.7
-41958.3
-67041.5
-61108.9
-60029.1
-83271
2691.25
8412.45
82556.8
-14947.5
44832.7
47742.4
137105
36819.8
64940
64295.8
141576
61941.8
-4142.94
7059.75
111634
-27748.3
-23480.2
-13495.8
105612
-58216.8
-85705.6
-76740.2
-78870
-103138
-6133.44
1327.24
73799.3
-27155
53463.6
57398
153125
42153.5
67375.3
65818.9
149351
59374.3
1064.9
12264.8
118378
-22599.8
-32475.3
-19779.9
98466
-71810.2
-77255.7
-67026.7
-74111.2
-92546.1
-13862.8
-6940.25
71368.3
-34762.1
57617.9
60891.1
171624
42705.7
68040.6
66565.6
167966
55734.2
11088.1
16798
140408
-19109.6
-37548.1
-23334.5
104713
-75881
-69619.6
-59570.9
-57354.1
-83841.7
-29697.1
-18604
55126.8
-48081.1
54370.9
60551
190217
41824
57287.7
59734.3
176719
46074.4
9440.58
20629.8
158103
-19332.3
-46591.3
-28443.4
110258
-86481.3
-54870.1
-44600.1
-40170
-66288.4
-23707.9
-18002.2
46823.2
-37424.3
61767.9
58759.9
178790
45373.6
51852.1
46701.6
158112
34345.6
12366.6
15305.3
151845
-16555.5
-47970.1
-34959.4
95384.5
-86638.3
-32393.3
-24335.1
203.647
-44876.5
-35672.1
-27703.7
21622.6
-52454.6
44469.9
49512.3
159500
29219.1
26848.1
29246.6
136717
7899.8
-9866.26
-1931.11
129558
-46979.5
-61789.8
-43024.6
79099.8
-99002.7
-25664.4
-19943.2
-2183.55
-39263.5
-34869.6
-22703.8
16696.9
-52171.8
49548.4
60536.1
175144
39574.6
24113
33504.1
141128
7370.17
-3867.87
12945
151146
-37729.8
-63950
-44527.2
77443
-102878
-16240.8
-9366.34
22799.2
-29940.3
-25615.7
-19019.8
30773.3
-43231.1
74384.8
77515.2
200088
60674.7
28414.4
29989.8
144279
3135.31
12703.9
23012.8
176686
-23776.5
-63578.8
-49843.2
69063.1
-105104
4910.15
11844.7
72727.3
-2355.37
-18959.7
-7648.77
54083.8
-31831.1
77273.3
81931.8
214270
63729.4
21563.2
34260.7
148037
3606.95
12287.4
25449.5
187791
-21448
-61738.2
-38905.7
76455.2
-97442.8
12846.7
15581.1
84367
526.087
-17295.1
-8732.77
59195.4
-33215.6
71760.7
76779.1
219670
51343.7
23051.7
31460.6
141549
8021.42
9774.34
19286.3
174337
-25487
-40306.5
-22264.7
106351
-76523.1
13749
28019.1
106554
6228.9
-7517.96
8189
85626.4
-18183.3
62781.2
70589.1
218715
40715.9
18761
27424.4
116074
4533.26
-1280.57
12508
159223
-34458.7
-31877.8
-9791.31
113438
-64034.9
40650.2
49963.5
151979
34062.7
8288
18480.2
104978
-3110.56
56833.7
63351.8
214870
33132.2
17184.1
26233.7
105025
6490.53
-11799.5
1275.62
142404
-47101.8
-10804.6
8850.86
134429
-36537.6
53056.3
50603.4
143594
42198.7
16549.8
21505.2
102266
1624.22
44848.2
52596.7
202270
19519.7
27766
33466.7
101797
19412.2
-7322.8
5625.03
141580
-40597.1
4457.6
15760.7
148014
-22643.7
57950.9
61734
174237
48217.6
28886
38062.9
139653
15854
51885.4
62846.2
228630
22602.7
31235.7
36168.5
108143
20607.2
-6735.9
7216.73
147778
-41706.6
13341
27662.7
158532
-10610.1
61053
64798.6
176661
51324.6
28926.3
32823.2
141151
12691.9
48646.1
55732.7
231529
14923.5
27949.1
28850
109604
15501.2
-7779.59
3969.7
149800
-40255.6
14763
21664.3
155964
-14534.6
56373.4
56821.7
161551
42277.9
-103.238
3593.52
91738.6
-23367.1
39493.3
51387.6
232101
2554.78
6210.52
10829.3
77402.7
-7103.59
-14256.7
-864.084
123081
-45020.1
5400.17
14920
152967
-30453
64339.6
68398.4
163326
60344.5
-5492.81
1624.22
73379.3
-16497.5
47420
53979.8
234742
14446.9
-8640.14
-11093.8
35151
-20689.2
-13283
-6532.96
97711.6
-34897.8
5767.87
15279.9
148179
-21857.4
75698.6
77945.8
184987
66153.4
-23166.2
-16575.3
41331.8
-40829.8
24321.6
31930.8
200007
-13863.5
-50701.7
-49684.9
-30250
-68135.4
-47428.5
-43506.9
33707.1
-79336
-1188.65
9845.75
134386
-29419.9
84923.5
83189.7
191897
74814.7
-27435.7
-20748.6
28987.1
-47847.8
22568
36841
211099
-14871.9
-57989.8
-47971.5
-42065.8
-69281.6
-45811.3
-31072.4
33088.4
-67254.3
-3265.42
5864.74
140178
-37830.9
87156.6
88364.3
194370
85308.2
-35229.5
-29632
12264.1
-51513.4
27390.5
40318.5
221839
-13945.6
-64975.3
-59918.8
-58421.2
-79285.8
-40461.4
-27218
25162.4
-54670.7
-14719.8
-6718.93
118063
-49875.1
2131.93
-1430.48
3712.31
-3293
-5764.33
-6849.04
-4584.17
-13292.9
-14159.1
-14393.9
-21341.2
-13292.2
13069.5
13615.3
36414.6
609.526
-10280.6
-14483.7
-12092.9
-18990.1
-489.318
-8212.34
9526.85
-13671.2
12640.9
17038.4
15484.9
22722.2
6141.93
6839.84
8883.38
3168.55
2682.76
-4647.11
-17463.4
8580.74
35984.7
39850.4
92551.1
33647.7
-16047.1
-19157.6
-8626
-22539
-17918.8
-20254.4
-2911.16
-28828
32647.8
34454.5
17633.8
42693
15474.3
22100.6
34907.7
19309
-24051.5
-21833.3
-72273.4
-11112.9
57513.9
63660.1
124860
54821.3
-18780.8
-13800.6
-15234.6
-22295.1
-11437.5
-6509.63
23198.8
-21656.6
70967.4
70994.2
56582
90567.7
51762.3
51098.4
75001.4
61418.6
5333
2169.4
-45063.9
26594.3
95769.8
95897.1
171177
103523
-1067.02
1857.57
17509.4
-5072.08
6878.73
8256.18
47657.6
-1834.94
104757
92713
100329
131700
83670.5
81343.4
123604
95225.4
15821.5
7239.36
-46731.3
32632.3
130197
123548
220034
142522
12230.8
9578.47
45340.4
3507.25
29127.1
28117.4
95384.5
18798.4
99614.4
86651
83587.8
115212
88533.3
76772.7
124068
86979.8
8869.95
697.207
-48810.2
18810.5
130367
124366
224680
130259
-2559.02
-2374.46
46338.1
-21085.2
25722.4
20760.7
103991
3966.16
89050.2
71318.1
69946.3
106051
78394.1
69607.6
115193
89974.4
-441.942
-8563.06
-72005.4
14504.9
132242
125690
262454
119347
-20701.3
-14370.5
25538.6
-28007.8
12873.6
21381.5
101480
1723.93
83435.8
65438.5
53525.9
102023
85534.5
71257.3
116255
86747.9
14202.9
-572.756
-66500.6
21934.5
136419
128771
288302
124534
-7975.46
-9646.35
30108.6
-17103.5
13609.7
14989.2
102719
-3951.31
71296.9
55189
21097.9
89813.2
75515.5
64587.1
122670
75229.8
-20542.9
-27522
-102490
-10470.8
129828
127378
294744
115577
-29832.8
-29254.4
-6617.81
-42035.4
3482.5
12537
103144
-12265.5
70677.4
58277.6
17110.6
95039.4
79712.1
72212.6
137019
86076.1
-134.35
-6134.86
-75330.9
21211.1
125859
121295
281566
116963
-26807.1
-23087
3114.81
-34733.1
8073.75
16660.8
89552.2
2156.68
67573.2
53284.7
10458.8
92002.4
90552.1
84188.8
153008
91404.9
3320.57
1397.95
-75731.8
22393.4
129898
128069
283296
122974
-27279.5
-22373.6
-4297.09
-38003.5
28093.4
38457.4
102748
23297
44571.1
26539.8
-32062.3
63979.7
90321.6
76481.4
137140
99031.7
20368.9
3462.7
-64594.9
37170.5
120276
116378
269944
106799
-26376.5
-22670.6
-6084.65
-30511.7
45477.6
47944
117330
46046.1
43818.7
33236.8
-44581
66675.2
91464.3
83311.3
125450
97398.3
5788.38
-2701.15
-90609.4
28248.9
128408
136887
300654
118025
-12466.3
-11201.3
-8360.12
-20824.3
69167.1
69116.9
146791
60915.1
41000.2
33043.8
-36587.1
71930.4
90381.7
86397.8
137544
90697.8
3845.95
-9084.2
-95290.4
21252.1
147244
152080
341216
141803
-8564.48
-7853.84
14813.9
-16490.4
65174
64795.7
158888
55417.4
45834.7
38048.7
-58636.1
77332
104260
100942
180212
106719
-22610.4
-29628.5
-136987
-1738.78
155958
160872
345342
151667
-504.874
1883.73
28155.6
-8761.76
79643.6
81732.4
193274
71982.8
49088.8
43070.6
-56447.6
84335.9
105283
101548
191205
105967
-36056.1
-42466.7
-154395
-14975.1
149656
148810
316085
150974
-862.67
-263.751
38099.6
-13051.1
78233.6
75973
177137
72320.1
54272.6
36358.7
-75145.7
94828
116199
109703
205026
117331
-49776.1
-59570.9
-194797
-32261
152085
147727
287933
160341
239.002
-3015.81
34286.2
-14133.7
95937.4
94264.4
189296
98026.9
50220.8
35798
-78674.1
82175.7
127610
116858
217688
124125
-58262.8
-65134.4
-195178
-45282.4
143366
145687
270671
147904
786.303
3044.09
46026.3
-11803.7
113011
109270
215216
110313
40404.1
26970.5
-89514.1
73854.5
103934
101116
185285
113005
-67264.2
-69913.1
-210363
-45985.3
151334
144415
304356
143524
-7143.19
3799.99
35550.5
-13384.8
116941
120828
238299
117810
59109.9
40755.5
-75162.6
102200
104377
96481.9
168143
111334
-49144.6
-62621.4
-197287
-28005
167791
157807
328373
169728
13070.9
14420
60016.4
8830.35
128585
124050
255402
130415
38069.9
21823.4
-127545
80211.4
69192.5
63131.9
108390
75240.4
-89644.9
-95009
-269298
-67031.6
152357
146875
306826
149166
1087.53
4951.16
30287.5
-2945.1
116169
117607
245120
115948
54295.9
36971.8
-118298
102458
60875.5
55948.4
88366.4
70663.3
-89713.5
-91658.7
-261357
-61744.6
159236
151463
304792
164447
7595.74
11494
34918.3
6116.47
140212
141461
273929
145761
52752.3
32147.2
-132899
103164
55991.5
50322
65584.2
64133.9
-92813.4
-98756.7
-283804
-73965.5
166367
158069
299388
173476
16271.2
17514.3
42026.9
11930.3
158677
154302
303442
157100
55676.2
34580.4
-138707
103923
57047.3
50190.4
48832.8
73124.7
-99691.4
-105557
-277808
-81186.5
159286
152068
289883
163559
15673
18552.4
39642.5
14106.8
181231
178166
342459
184792
61246.1
41678.3
-129346
114301
55305.6
46246.2
33545.1
70107.5
-108356
-112872
-304120
-88303.5
151474
146593
294990
149716
15673
17401.9
31599.9
15270
186542
182412
353517
189448
80833.6
57678
-100200
135897
56296.3
47497.1
44779
63182.8
-102380
-114273
-296537
-89047.4
160848
155233
320829
161916
27571.5
24840.7
47613.7
28350
184576
178045
355525
185724
85608.7
65913
-101597
145648
51878.3
48861.1
61887.4
60273.8
-138717
-139414
-342126
-121939
152389
151264
316326
151158
19060.1
20436.1
31996.6
22166.4
178956
175503
355645
180613
116714
96769
-57499.1
182117
64520.7
61524.7
96560.4
73812.8
-124406
-126086
-315100
-103194
156891
151387
318575
160765
34054.3
34020.3
62600.9
35857.4
183721
177644
356909
186014
136976
111562
-31798.6
201890
72334.2
66890.9
115263
73701.7
-127243
-130864
-325998
-115903
161372
156302
318034
165137
36939.3
33331.6
69774.5
30485.5
190534
185805
363480
193254
148115
120836
-6335.68
206684
71053.6
61722.6
117496
70973
-123240
-129319
-305327
-112324
144115
141801
298085
144065
34735.9
33901.5
77041.4
30718.8
200020
195267
376585
205635
154604
120473
-917.825
213983
67515.3
62810.9
110861
76378.1
-138964
-142874
-328551
-128693
143421
139838
305911
128867
25811.5
26083.8
57361.2
28079.9
206602
195682
378200
208785
151718
127337
1755.04
218315
62917.7
59363
98716.3
65587
-147072
-151848
-335609
-137589
146044
148540
339367
140249
24243.2
23967.4
59580.1
23881.1
178201
172074
346437
177317
167540
138175
-2643.17
234612
71320.9
66140.6
109728
78492.4
-174527
-171567
-382529
-163806
153840
156942
346180
144816
17184.1
16455.8
35559.7
16930.3
174191
170859
337045
175103
182668
153706
22553.9
248907
74678.3
70203
118746
81328.6
-159430
-154787
-353742
-143698
162249
162378
352504
156563
21952.1
22068.1
54739.3
17778.8
170775
167906
325583
171327
200242
168896
52341.5
275590
88908.1
83646.5
141614
94283.5
-152748
-151341
-344978
-142223
180772
180101
376402
182335
15871
15948.1
55531.2
8264.66
175502
171251
328877
177916
209838
174399
71756.5
277566
100962
92493.1
157409
110660
-149261
-152435
-327790
-142645
178551
177571
374593
173038
17046.9
20436.8
67841.2
14131.5
184592
177470
345076
188344
8060.31
7354.62
4278.7
16471.3
6143.34
6074.05
11903.4
13457.7
3425.23
1665.94
5726.15
10369.7
-1405.73
-3239.96
159.806
5997.68
3919.49
1572.61
6414.87
3961.21
5302.59
1267.84
6876.61
11477.8
19629.3
16911.2
16598.6
21602.1
11458.7
13358
19735.4
11277.6
9058.74
6638.32
3223.7
14743.2
4408.1
5456.74
-618.011
12356
17947.8
21288.2
40583.7
18915.8
-145.664
-2143.24
-12348.9
5627.86
24082.6
21362.4
23555.1
31716.6
7836.16
9737.57
17470.5
9908.69
1921.92
3708.07
-9345.83
13602.6
15429.8
17651.5
1737.36
33929.8
26218.1
27112.6
58392.9
30324.3
-4468.91
-6929.65
-34744.4
12925.2
21125.5
12000.3
15282.7
20862.5
5374.72
404.465
6841.97
6431.14
9211.48
-1492.7
-7297.34
8657.82
26422.5
9842.93
-9667.56
33198.7
35865.2
33231.9
72834.8
30471.4
-11910.5
-25422.6
-79703
-8168.5
403.051
-3788.68
-4444.17
-2839.74
-15458.1
-18046.1
-18801.3
-23420.8
-11520.9
-9709.99
-14188.1
-11834.8
1196.42
-2731.55
-36490.2
7407.65
33272.2
37950.4
86387.9
31231.5
-52201.5
-55621
-133419
-48314.5
-7124.81
-8092.84
-9466.75
-10590.3
-29656.8
-29313.1
-26277.5
-40682
-9477.35
-6239.51
412.95
-11653.1
1615.03
270.115
-23997.8
8027.08
39487.7
44812.2
105980
36150.8
-62180.1
-64301.5
-148905
-58247.2
-1889.39
-1959.39
-3857.97
-763.675
-23640.7
-21921.7
-15018.2
-28492.2
-4074.35
-5180.97
-5636.35
-7691.2
-5795.45
-10936.8
-34946.6
-6914.09
48212
52063.6
126636
40555.4
-65604.7
-69606.9
-149318
-64670.6
6371.74
8606.9
18829.5
7755.55
-18877.6
-12141.7
-7966.26
-22425.9
7348.96
9410.18
8314.16
11137.6
-6013.24
-4332.44
-24337.9
1844.13
54003.9
59353.1
147093
50017.9
-73847.4
-68045.6
-149832
-66008.4
15225.4
11653.1
36490.2
13141.6
-18834.5
-18217.9
-20616.4
-22997.2
7328.45
11300.3
2447.3
13010.8
9304.82
11907.7
-2127.68
19050.9
41764.6
46435
129131
35548.4
-69801.3
-69613.2
-145865
-60941.3
14196.6
12483.3
35135.4
11118.5
-7870.1
-11713.2
-21223.1
-3380.68
33800.4
25245.1
25047.1
39519.5
41958.3
27875.6
17678.4
47152
45844.6
47070
128058
35324.9
-60908.8
-65756
-154917
-57322.3
9898.08
7317.14
40702.5
1870.3
-20718.9
-25445.9
-52391.7
-19359.9
21695.5
17039.9
15835.7
24562.1
36744.8
29571.9
23075.7
41268.9
34351.2
39017.4
122124
22156.5
-74524.1
-74791.4
-164581
-72274.8
-5172.49
-1016.82
32920.8
-16798.7
-26693.3
-27768.8
-73680.5
-25769.1
13365
13211.6
4975.91
16341.9
27153.6
26114.9
26514.4
31867.9
13531.2
23489.4
94952.4
1559.17
-82763.3
-79415.9
-168261
-82413.3
4893.18
9694.43
47311.1
2365.27
-24494.2
-25064.8
-62784.7
-17681.9
9514.12
5156.93
-5205.01
13675.4
13841.6
12158
11989.7
20359.7
5169.66
10958
76414.2
-9789.89
-81047.9
-78481.8
-159537
-79819.6
28212.9
25800.9
83481
18813.3
-19497.1
-23236.9
-47102.5
-23244
8789.34
1264.31
-13278.1
10045.2
19640.6
16759.1
15196.4
27070.9
7485.43
11904.8
85532.3
-10176.7
-83300.7
-82481.2
-160443
-87153.7
24482.9
21872.9
78003.1
24492.8
-37719.2
-42949
-72315.1
-36663.5
-18917.2
-21870.1
-61187.4
-12803.6
26124.1
26210.3
8783.68
45690.4
-13167.7
-8773.78
53714.7
-33762.2
-107091
-107772
-213680
-96918.9
16172.2
16489.7
53878.7
7109.96
-51124.5
-50041.9
-97495.2
-53314.4
-33951
-36626.7
-88000.1
-32014.3
29802.4
15506.9
-21897.7
40204
-44783.2
-33175.3
17189.1
-67410.6
-135233
-135436
-284321
-140245
15412.8
15092.5
55408.2
9438.46
-58112.9
-59515.1
-102155
-63170.1
-50991.6
-52343.6
-114931
-46399.6
21454.3
14915.7
-39791.7
38193
-50140.2
-39009
2594.37
-67545
-168030
-164492
-333475
-168219
8132.44
7419.67
46580
-2984.7
-76487.7
-76152.6
-122943
-89075.7
-68187.7
-69304.9
-149096
-68638.9
13206.6
7241.48
-47907.2
27998.6
-69626.7
-56462.5
-28866.2
-91904.8
-186888
-183109
-369912
-190029
-4425.78
-2121.32
24291.2
-10197.2
-84112.5
-79802.7
-132937
-90185.8
-79367.8
-79171.2
-168795
-77334.9
1511.79
-4777.21
-63527.9
13903.1
-69187.6
-61883.9
-34147.6
-94159
-185785
-179847
-362026
-184201
-8162.13
-5606.65
11949.4
-14331.6
-91882.9
-88150.1
-157522
-100871
-79736.9
-74390.5
-178015
-70577.7
-2328.5
-2014.55
-75765.1
18324.7
-69792.1
-58951.5
-38855.5
-90079
-180134
-169956
-358608
-173067
-9969.5
-9990.71
12638.8
-16728.7
-112359
-111614
-195120
-123270
-80811
-73894.8
-178192
-75399.5
10664.6
9618.77
-65983.7
34438.9
-76246.6
-65468.9
-47085.5
-101601
-168820
-163072
-348715
-157039
-21266.2
-15304.6
9961.01
-29934
-123681
-116210
-201766
-128090
-70772.9
-71454.6
-151819
-64909.6
26186.3
13237
-50357.3
44997.4
-73723.7
-63918.9
-26684.1
-98997.1
-171629
-170136
-357839
-165696
-13124.6
-7185.62
27407.5
-18986.5
-131212
-127462
-220503
-136817
-72491.9
-66318.8
-141629
-65640
31239.3
26848.8
-34547.8
55126.8
-83227.2
-70133
-35740.7
-108021
-175845
-167965
-362295
-162941
-9920
-5067.83
23888.9
-17925.9
-129303
-127226
-241302
-134767
-63986.8
-57665.3
-131276
-57760
58701.2
52055.1
8598.42
84404.5
-82421.8
-67907.7
-39350.5
-105525
-157371
-153064
-346631
-145894
1112.28
5192.99
30593.7
-1617.15
-126584
-120644
-243484
-124659
-56186
-51178.3
-135827
-42919.3
47267.3
40943.6
-8136.68
77997.4
-90990.5
-76120.8
-56625.8
-114741
-151155
-148842
-330996
-138135
12917.4
11160.3
43405.7
9596.15
-123190
-123559
-243784
-123237
-46693.8
-51410.9
-144625
-31929.4
50234.3
39496.9
-20974.9
84781.4
-96862.3
-84688.8
-64091.5
-121097
-165078
-167602
-354194
-156792
4603.97
3797.16
26315
4059.5
-148499
-144419
-286479
-147239
-75608.1
-73875
-200320
-56430.7
35426.8
27238.5
-57158.3
73860.1
-129985
-113281
-105022
-156541
-201389
-197496
-411212
-189537
5825.15
4976.62
24421.3
-2531.44
-143223
-144005
-294472
-144873
-65934.2
-73039.2
-209068
-51842.2
43513.9
24427.7
-71515.4
74300.7
-134859
-116811
-113295
-169163
-213151
-214881
-442237
-214239
10559.2
12177.1
43395.1
5891.61
-146131
-145774
-291586
-148818
-69298.6
-71338.6
-205036
-53925.4
45591.4
34791.1
-57838.5
78860.1
-127663
-105720
-84375.5
-158980
-232175
-227181
-454375
-232945
19627.2
21230.9
56666.8
17114.8
-153035
-151428
-309014
-152550
-70183.2
-73357.4
-218724
-50286.6
43113.7
33001.4
-58849.7
77244.3
-133484
-112481
-94461.7
-163622
-246087
-238975
-474658
-246784
31288.1
34173.8
60443.5
32701.6
-149026
-143044
-308243
-146054
-68017.3
-71040.2
-228173
-46735.5
33144.9
23007.1
-81087.5
67373.1
-135788
-113886
-104561
-165449
-247448
-239635
-479529
-246794
54974
49926.7
90832.1
56485.8
-136966
-133531
-291419
-133244
-46950.5
-51577.8
-209813
-15624.9
41256.9
30238.7
-83097.1
84924.2
-120222
-102927
-88708.7
-146954
-248813
-242116
-485688
-244508
75852.8
73382.8
111099
81143.3
-130672
-126529
-290942
-129789
-33205
-35391.4
-203414
236.881
62385.9
54719.5
-74837.4
115386
-111946
-90050.8
-74939.2
-140215
-251605
-245384
-513459
-240174
82474.1
72800.2
128300
84693.7
-127915
-129337
-276542
-122054
-9370.58
-24910
-169860
20891.5
83548.9
53872.3
-74891.1
126592
-100095
-88633.7
-51313.3
-130488
-258175
-259967
-542538
-258296
81921.9
74696.6
125208
88640.1
-138119
-139989
-292164
-136339
-7813.53
-15793.2
-154979
23820.3
80481.5
61811.7
-71670.9
126720
-97326.9
-79734.1
-43505.5
-125570
-280595
-275695
-568293
-278560
85272.1
80969.4
128273
94481.5
-145767
-143109
-300753
-144081
5840.7
-811.759
-125831
39571.1
89204.3
71863.3
-47121.6
139366
-98758.8
-78605.5
-40134.7
-124548
-285869
-278956
-574135
-282165
17684.7
20349.1
24547.9
16978.3
10194.4
15075.5
21429.6
11538.6
-7517.96
-4826.71
-4474.57
-13019.3
18875.5
19750.9
28091.2
16738.6
1947.37
5443.31
14994.9
1299.66
9796.96
12892.7
27660.6
8054.65
30987.5
33957.4
57487.1
26499.5
9010.66
10835
20307.4
10294.8
-11725.2
-7660.79
6203.45
-22734.2
30996
29245.2
52139.2
28673.9
-6457.3
-5354.21
10610.8
-11078.2
19826.6
17474.7
49544.9
17094.3
29826.5
29786.9
55444.9
30556.9
841.457
2196.27
-11100.2
5654.73
-22078.7
-18541.8
2382.24
-31645.9
32240.5
31601.3
54901.9
35240.8
-17191.2
-12031.4
-12863.7
-18199.5
18923.6
22034.9
48980.6
19750.2
32757.4
32437.8
52183.8
31742.7
12462.8
10762.2
-11378.8
22744.8
-29041.6
-23970.9
3582.91
-45467.7
39446
36216.6
49617.7
44424.7
-8495.89
-6861.76
-2676.4
-9063.69
38975
34991.2
78084.4
38349.2
43586.1
46680.4
59334
48910.6
16432.5
12863.7
-24393.1
28617.3
-39943
-31879.9
-14247.5
-57129.3
45362.3
41487.4
60546.7
45009.5
-8087.89
-8741.96
-17523.5
-10096.1
30696.2
25623.4
59272.5
20704.8
61386.1
55312
72779.7
73075.2
25297.5
17027.8
-20113.7
38154.8
-51878.3
-46816.1
-26102.1
-65584.2
56710
49449.4
77800.8
64065.3
-12219.5
-15122.2
-21872.2
-16039.3
16963.5
15223.3
61446.9
6748.63
73465.6
69971.8
87100.7
86160.3
35579.5
28017.7
3280.27
48192.9
-61723.4
-52959.5
-42704.3
-80804.6
50835.3
45443.6
80207.1
46811.2
-5183.8
-2042.12
8318.4
-8750.45
22186.2
23014.9
76756.4
11118.5
90526.6
86010.3
118848
100951
40240
33927.7
17960.5
52780.6
-62337.8
-51891.7
-41009.4
-82263.4
44392.9
42920.7
103995
35306.5
3021.47
2638.22
19811.7
-813.173
26293.1
25080.4
79573.6
21561.8
89263.7
82839.7
126542
103286
45586.5
36998.7
21090.2
56697.2
-62804.5
-53213.3
-37985.1
-76007.6
41766.7
42406.6
130617
27898.9
10434.1
8824.69
13181.9
10599.5
31999.4
32604
71334.3
26025.1
75521.1
69906
93561.5
85393.8
47039.6
40703.2
21585.8
63196.3
-55664.2
-48116.5
-35217.5
-72972.7
21720.9
25970.6
105018
8125.36
26703.9
25298.9
29468
33005.6
49928.8
47391
91672.2
53684.3
79261
75100.4
94001.4
93462.5
53006.8
40341.1
25588.1
69563
-67821.4
-58975.5
-58950.8
-83892.6
15808.1
18671.2
114959
-6873.08
32425.8
25025.9
26776
38008.4
47172.5
36457.7
76425.5
43357.7
85156.2
77751.3
78279.5
112650
54086.6
42191.6
16554.1
74449.2
-65502.1
-53789.6
-57005.5
-69466.2
5263
12998
97908.1
-6829.24
45884.2
37288.6
33758
57847
38224.8
34032.3
64411.8
36733.5
96636.7
80660.4
67798.8
122238
42565.7
31794.3
-6180.11
59036.3
-54489.6
-51095.5
-59835.4
-64271.1
-1699.18
4461.14
73249.2
-15669.5
46187.5
40561.1
34985.5
58034.4
35651.6
36142.3
64447.1
40858.8
89097.6
72546.3
54393.5
105329
26988.9
17903.9
-26232.2
39237.4
-49828.4
-45722.2
-57689.3
-61699.3
-14891
-9886.77
53699.8
-32693.8
47572
39639
33063.6
55787.2
38591.8
35341.2
49979
48312.4
69536.9
55937.8
36577.9
92664.2
10395.2
3795.04
-46672.6
23842.9
-46348
-43274.2
-46351.6
-49915.4
-25752.8
-17715.1
45312.1
-39477.8
49665.8
44964.2
32691.7
65867
35209.7
35418.3
24199.3
53898.5
47751.6
36706.6
-3911.01
63831.9
4469.62
233.345
-61316.8
19792.6
-36102.8
-33620.1
-38004.2
-44809.4
-47280
-38766.4
1665.94
-64972.5
69900.3
62069.1
53930.3
86631.9
55596.3
47478
28584.1
75437
41457
33582.6
-4957.53
57659.6
-5868.28
-10340.7
-74454.1
9297.04
-37845.8
-34297.5
-38462.4
-44773.3
-58570.4
-51454
-11030.2
-81371.7
75225.6
67679.3
60102
93189.6
48161.7
37198.1
65.0538
68245.7
35622.6
23322.5
-24601.7
58662.3
-7080.26
-11781.8
-81551.3
9132.28
-23281.5
-19550.8
-9836.56
-20878.7
-76340
-66380.4
-47564.2
-89135.1
103640
92162.9
103938
123578
50548.2
43784.1
-4084.96
77523.7
36244.9
24658.9
-34141.2
48413.5
10048.7
1868.88
-53928.9
16950.8
-19004.9
-18601.2
-20773.4
-33908.6
-68206.8
-60851.5
-47226.2
-97677.6
124108
115239
149494
143391
67653.1
56133
9668.98
88662.7
31576.6
27657.1
-11369.6
38178.8
15575.4
17862.9
-16604.3
27039.1
-25701.2
-16122
-3691.8
-41273.1
-67871.6
-52229.7
-8799.24
-99387.4
135281
129087
178089
157611
70490.8
63298.8
25390.8
99241.7
38934.7
25296.7
8876.31
44336.3
42758.7
29834.2
15942.4
44580.3
-12329.1
-8478.21
24930.5
-28470.2
-43987.7
-35320.7
43447.5
-77370.2
162765
145965
193931
186620
84647
71753.7
28661.9
110286
16959.2
15312.4
-11894.2
22490.2
39431.8
39030.2
28099.7
52188
-14380.4
-6722.46
36137.4
-31585.8
-52214.9
-37381.2
41015.7
-84420.8
175611
164993
210973
208390
91071.8
78622.5
35450.1
125316
42689.5
41225
36784.4
56176.8
75787
67489.8
80613.7
98222.8
-4763.78
1878.08
54153.1
-18236.3
-26487.5
-12226.6
98953.9
-57820.8
214383
194395
257339
256834
109314
89216.4
43113.7
147394
51750.3
43432.6
34235.3
71067.1
91358.2
77788.1
87482.5
113940
-758.018
2104.35
53882.2
-9616.65
-12884.9
1180.87
117322
-35416.2
237920
215100
272873
283587
108026
89625.8
28759.4
149535
73513.6
65203.7
59542.6
91947.9
107851
98427.1
110001
126119
-10345
-6506.09
41862.1
-28398.1
11084.6
22063.9
145184
-17773.1
251074
231572
293268
296015
106784
90705.5
25016
146128
87729.3
78422.4
97714.4
99946
115418
103839
127214
134713
-19779.2
-13526.2
51244.7
-44662.3
24495.6
32831
178232
-5678.07
260746
237771
312695
304530
101119
78387
13667.7
139864
92656.4
83420.9
109797
108602
121239
107983
118094
143209
-23586.3
-16841.2
60448.4
-47565.7
36614
47100.4
201770
12184.9
272381
249826
315443
320837
93026.3
76178
-10306.1
137124
77287.5
70350.1
84960.3
91090.2
120463
108404
100457
151446
-42346.5
-30370.2
50325.5
-71789.7
32863.5
44009.6
185365
10190.1
275068
252023
314677
325893
90833.5
71111.6
-23973.7
136947
98125.2
90778.4
120743
111427
145998
127735
128370
177991
-40636
-29571.9
60220.7
-74483.8
54283.2
61790.5
230317
23777.9
296443
267737
333974
348838
90042.3
63411.9
-38698.5
127812
96175.7
88703
109062
118054
151662
133761
117600
189647
-67878.7
-55476.1
26038.5
-99014.7
52675.2
62046.5
228240
29728.2
295258
268508
319190
351168
54766.8
37302
-88534.7
94709.9
102020
95875.9
114695
118983
154191
136031
129222
191320
-77535.7
-63592.2
7904.04
-114474
43591.7
53489.8
211690
16262
303692
277143
343809
357781
61470.9
43245.9
-80665.3
105064
115052
108287
141227
125014
153878
134831
128398
187791
-76969.3
-59851.6
13954
-116350
41001.6
50811.3
211279
10262.2
309868
280097
355184
359506
67443.8
45456.4
-80874.6
109674
118976
108400
162777
133954
151685
127467
117555
186194
-68643.8
-54880
40158
-106265
38802.5
47192.3
220373
10153.3
319611
290438
367098
375776
65208.7
42429.2
-91679.2
112737
109591
103211
143554
118409
150090
134273
111800
189431
-71971.4
-54175.7
39874.5
-113505
23577.8
36616.8
192565
-7493.21
333777
305760
381508
391908
69356.6
48286.9
-98074.3
118488
105321
103468
156693
115372
153378
135078
124628
193802
-77875.1
-57681.5
45767.5
-119806
13782.9
28714.2
193966
-21954.3
337697
306963
394264
393085
65399.6
42806.1
-100222
110563
121087
114748
168768
141643
160455
139465
130201
200929
-68916
-52246.7
52801.8
-103771
9405.23
24905
184183
-17508
354089
322523
418734
412654
58294.6
36849.5
-110249
106985
-802.566
282.136
-6185.06
1805.95
13742.6
14219.9
27985.9
19703.5
930.553
111.723
5431.99
463.155
-6036.57
-7413.31
-21544.8
-8860.76
5119.45
5279.26
12401.9
-1495.53
6977.73
7516.55
6044.35
5163.29
-5051.57
-8311.33
-34016.8
-5589.68
24467.3
21299.5
31354.5
27870.6
233.345
-4017.78
2554.07
-6933.89
-11045.7
-15199.3
-45041.3
-11284
846.407
381.131
7992.43
-8270.32
-3243.5
-4976.62
-17261.9
-5827.97
-10285.6
-10717.6
-34663.1
-1896.46
33468.1
28828.7
42755.9
41693.8
-17553.2
-17922.3
-16980.5
-20122.8
-13565.8
-16003.2
-63231.6
-6859.64
-11301
-8206.68
-8933.59
-14658.3
-16007.5
-12106.4
-20032.3
-17175.6
-5526.04
-7515.13
-49474.1
4688.12
49579.5
44936.6
67006.9
57827.2
-18292.9
-17633.1
-20100.2
-21671.4
-19045.9
-24675.2
-86464.3
-9628.67
-8435.08
-7196.23
-10077
-6843.38
-6494.78
-7004.6
-4934.19
-11919
8727.11
1919.79
-41201.7
15207
74604
71000.6
112043
83253.3
-14408
-12625.4
-447.599
-23739.7
-11757.8
-17708.8
-90218.3
-424.971
-2264.16
-5290.57
-9500.69
-10576.9
-11180.8
-11798.8
1117.23
-23618.8
15547.2
12421
-9819.59
24849.9
93586.3
91118.5
150765
104644
-29402.9
-25523.7
-6760.65
-41229.3
-9268.05
-15043
-65333.1
-173.241
-5657.56
-4287.19
19415
-10370.4
-17473.3
-13595.5
24291.2
-32637.9
15316.6
15404.3
-1938.89
19246.7
89358.5
84515.5
132631
97111.2
-27158.6
-20462.3
-8407.5
-36090.7
-25626.3
-26993.1
-79459.7
-27531.9
-18182.5
-12326.3
9013.49
-35761.2
-18889.7
-8018.59
38605.9
-37556.6
10458.1
5413.61
3254.81
8246.28
82505.9
73857.3
117957
87757.6
-20750
-17919.5
36.7696
-29079.8
-34797.4
-37423.6
-79933.5
-37625.2
-29170.3
-24886.6
19319.6
-52914.2
-17225.8
-8332.55
64046.2
-35918.2
4027.68
5693.62
9043.9
4861.36
58419.7
53248
71612.9
66584.7
-22990.2
-15878.1
-12335.5
-26813.5
-43585.4
-39307.4
-96784.5
-41373.5
-51352.9
-37105.4
-5541.6
-70381.9
-13290.8
3552.5
90255.1
-34509.6
16589.4
16169.4
31078.8
14958.8
48542.9
42337.3
56662.6
52937.5
-9305.53
-8328.3
1245.92
-13330.4
-40431.7
-43204.9
-91668.6
-41218
-49225.9
-39670.1
659.731
-67948
-2030.81
8386.29
122286
-30104.4
18652.1
17314.9
42246.1
13829.6
28898
26759
31454.9
33708.5
-17360.9
-11031.6
-9364.92
-18271.6
-49433.8
-47341.5
-100977
-49119.9
-66391.7
-56947.6
-17194.7
-96162.3
-11456.5
2426.79
131403
-43161.8
18369.2
15743
45834
13565.8
16243.7
13198.9
-7638.87
25747.9
-25001.9
-23790.6
-35199.8
-26715.9
-56475.2
-57256.6
-110185
-57087.6
-83590.6
-71470.8
-30539.2
-107403
-15292.6
-3468.36
129730
-47550.1
7717.36
9006.42
36884.1
2752.77
7266.23
4216.48
-22886.2
17366.5
-27201
-26330.5
-46463.3
-28398.1
-81602.2
-76900.7
-140487
-91322.1
-115628
-99646.9
-68220.2
-155987
-9320.37
6240.22
140534
-42204.4
6093.14
7894.14
30614.2
2286.08
10796.8
3428.76
-28616.6
18538.9
-18682.5
-21517.3
-48731
-17126.1
-91421.8
-87762.6
-156375
-98903.7
-144026
-125769
-98916.5
-186299
2760.54
15839.2
155250
-24808.8
2537.81
5357.75
40947.1
-2600.74
-690.136
-6068.39
-39334.9
6265.67
-30633.3
-28375.5
-69291.5
-24852
-104329
-96463.5
-183940
-107933
-188839
-167227
-162351
-233336
9539.58
27089.3
179088
-17965.5
-257.387
5323.81
34304.6
-4435.68
-16045.7
-15707.7
-53727.4
-12935.8
-30701.9
-31568.8
-82298
-26626.1
-124967
-119645
-213333
-134961
-219328
-194577
-199831
-265098
22591.4
35353.2
198740
-9941.92
7393.51
870.448
28602.5
-3053.99
-10562.8
-15414.2
-43618.6
-7880
-30323.6
-31099.3
-85088.3
-23396.7
-131523
-124432
-228079
-137708
-244822
-224187
-240242
-302850
32109.7
41941.3
214350
1012.58
5009.14
3679.08
37864.2
-1076.92
-9710.7
-10646.2
-44716
-2492.55
-43829.3
-46732
-110906
-38784.8
-132723
-128650
-216126
-143929
-273957
-250525
-269066
-328378
38199.3
45465.6
230951
4623.06
12599.9
14674.6
46794.9
7288.15
26.8701
-6110.82
-37362.1
6643.27
-49750.6
-50971.8
-113212
-47579.8
-141139
-133039
-220267
-157388
-271404
-241816
-267453
-331294
52422.1
65430
249610
18213.7
17669.2
21315.7
53390.1
6494.07
-13826.8
-19096.8
-59466.3
-12196.2
-62018.9
-61200.8
-120111
-68764.7
-144968
-133802
-215110
-162879
-270174
-237609
-252766
-334236
50662.8
64525.6
255008
12590
27003
27957.6
92946.4
21398.5
-38697.1
-44659.5
-80771.4
-41216.5
-85092.5
-83126.8
-133941
-91406.3
-148119
-136424
-196769
-166177
-286963
-253313
-259165
-347720
51314
68348.2
290736
13440.7
39688.5
41633
97381.3
36286.6
-49189.2
-49719.5
-97934.3
-48567.6
-88471.1
-83806.3
-133992
-95849.7
-147873
-136175
-199965
-162871
-279988
-246396
-266086
-332132
65040.4
78911.7
307350
24239.6
65430
63088.8
127381
55944.9
-46879.8
-47984.3
-89118.1
-52113.8
-91683.5
-83027.1
-121006
-107896
-134862
-121916
-181375
-153891
-270181
-242316
-260596
-336014
75506.3
87847.4
331907
28160.5
77626.2
72861
166786
64628.1
-61935.5
-63450.1
-106391
-68718.1
-109432
-102885
-128762
-132717
-134273
-124681
-151875
-159335
-278295
-249307
-247796
-341208
77409.8
88952.6
354988
26567.4
77211.1
77909
175740
71880.9
-68223.8
-65893.2
-116625
-71646.2
-117880
-108426
-132906
-138198
-154330
-141885
-176613
-186294
-289004
-257609
-259525
-359762
74003.7
89753.1
351861
25570.4
76982.7
77749.2
171934
68615.5
-70934.8
-69430.1
-119232
-79053.1
-126185
-116645
-145824
-150974
-173473
-159266
-200265
-207159
-310150
-274712
-270773
-386944
56883.9
72249.3
327378
5284.21
89218.5
90134.9
202394
87423.1
-72243.7
-72444.5
-117350
-78711.6
-134980
-123642
-153087
-157804
-187149
-169689
-218799
-219509
-330051
-290394
-287375
-405428
49998.8
70609.6
335591
-473.762
101633
100635
207088
99827.2
-75433.4
-73756.2
-117115
-83232.8
-135671
-124090
-154132
-160208
-199343
-184322
-237157
-233277
-337253
-298666
-299279
-409976
46976.6
63858.1
329894
-9264.51
120002
117001
225806
118701
-71970.7
-66032.5
-104610
-81303.1
-136899
-121654
-146293
-162378
-210279
-190333
-251480
-244441
-347892
-307523
-310935
-430071
34662.4
54667.8
322917
-25147.5
137685
134789
265626
136093
-71912.8
-67949.4
-101047
-81518.1
-147510
-133141
-156466
-177678
-218879
-200435
-248177
-258615
-363411
-324109
-309322
-449399
31144.5
50241.4
331645
-31862.9
140047
133383
270538
134723
-62649.7
-58812.2
-88686.7
-70225.6
-140301
-128056
-144125
-168733
-242155
-223244
-280485
-290566
-372884
-328233
-309084
-464708
32181.1
51536.8
338303
-32205.2
120446
116508
254818
113591
-60905.2
-61198.7
-85842.8
-73011.6
-140565
-127310
-134456
-170507
-271860
-252591
-317255
-321807
-392550
-344901
-313513
-486477
5596.04
28007.1
320169
-61139.3
112605
110802
258937
101152
-74533.3
-71006.2
-99174.6
-86069
-145704
-129938
-134108
-177671
-306978
-282511
-370634
-362118
-421514
-368521
-350236
-519262
-15183
13447
318640
-92424.5
106386
108513
253636
100688
-74773.7
-68449.4
-94956
-85878.1
-143381
-126093
-122923
-172959
-338192
-311024
-408815
-392070
-427779
-374734
-351375
-520754
-27625.2
2968.43
319177
-106689
113291
109302
253812
104893
-62267.8
-56584.8
-73017.3
-70917.9
-132656
-112455
-100936
-159168
-359316
-329017
-438720
-413071
-431491
-378340
-356168
-528383
-36239.2
-3975.35
323917
-118046
115926
112517
265292
110904
-55737
-51380.5
-68369.4
-61345
-136541
-120328
-107232
-165940
-375321
-347974
-449799
-436015
-435953
-384808
-351924
-531075
-39330.7
-9009.95
332634
-124295
-14703.6
-18654.2
-31705.3
-18721.4
-6445.99
-7323.5
-9916.47
-7032.88
-10748
-10748
-16233.8
-11445.9
-19255.9
-24480
-35952.8
-25199.2
-3573.72
-6263.55
-22704.5
-1388.05
-14979.4
-18194.6
-24044.5
-20239.5
-36471.9
-34747.2
-74255.4
-33712.7
-9894.55
-13809.1
-32031.2
-8292.24
-33102.5
-27819
-49406.3
-30177.9
-53772.6
-53810.8
-80789.8
-65521.9
-27787.2
-28296.3
-62943.8
-27380.6
-44610
-44322.9
-71855.5
-51302.7
-42266.6
-43713.3
-91241.5
-41348.1
-18625.2
-23002.2
-40593.6
-25265.6
-35830.5
-32720
-56273.7
-33494.9
-74663.4
-70036.1
-97080.1
-92003.1
-39305.9
-39296.8
-82629
-41526.3
-57266.5
-55148
-79214.3
-66851.3
-55338.9
-55772.3
-114858
-55346.7
-37678.2
-37254.6
-52956.6
-48029.5
-42355.7
-37901.6
-64222.3
-41844.5
-85492
-79059.5
-102276
-100633
-35730.1
-36916.6
-76583.2
-35694.8
-69891.1
-66383.9
-94236.8
-76737.3
-63372.3
-65408.1
-130092
-66753
-51217.2
-51821.7
-73605.6
-64220.1
-43030.3
-37601.8
-57599.5
-47212.1
-90925.4
-85778.4
-109191
-114373
-32077.2
-33137.9
-67759.2
-35007.4
-74536.1
-71186.6
-108185
-85631.3
-91839
-92017.9
-161249
-100433
-78652.9
-70523.3
-95278.4
-90115.8
-62526.6
-57562.7
-69502.9
-73546.9
-119524
-110985
-126554
-148040
-52287.7
-50070.2
-84538.9
-58052.8
-101601
-95530.8
-133014
-118261
-108028
-103310
-183820
-113862
-87993.1
-76154
-92806.4
-106331
-62780.5
-55262.5
-70607.4
-75149.2
-134351
-119323
-147962
-154043
-53742.9
-52518.2
-98789.9
-55490.9
-112204
-104549
-140872
-133487
-118200
-112914
-198092
-127790
-81088.9
-69750.4
-74162.8
-103061
-63440.9
-54564.6
-65533.2
-81472.1
-132306
-119993
-147436
-161911
-52776.3
-49933.1
-92418.9
-61861.9
-126632
-114628
-142628
-157363
-115312
-106457
-181178
-124212
-75635
-60114.7
-41059.6
-98958.2
-46029.8
-33961.6
-26213.2
-59493.1
-127558
-106115
-122938
-148839
-54481.9
-48528.7
-74996.5
-61380.4
-129776
-114290
-118261
-162533
-105045
-95381.6
-156360
-112395
-65579.2
-51458.3
-13018.5
-87441.5
-14913.6
-6079
27222.9
-24959.5
-89687.3
-74142.3
-73462.7
-99366.2
-42665.4
-41901.7
-60835.9
-43617.9
-115551
-101973
-90084
-142509
-85100.3
-77522.2
-124768
-93655.6
-55400.4
-41160.7
4746.1
-78475.4
16741.5
24440.4
80142.1
5295.52
-45209.6
-35889.2
-20335
-57284.1
-23693.7
-21358.2
-29813
-28926.3
-93620.9
-79611.7
-48811.6
-125392
-87064.6
-80028.9
-113043
-98222.1
-52753
-35869.4
24820.2
-76512.5
30538.5
36867.1
121245
18370.6
-29383.1
-20045.8
11134.1
-39030.9
-23879
-19345
-17803.5
-27322.6
-89649.8
-74452.7
-21342.6
-122708
-92731.4
-86956.5
-131552
-101883
-35853.8
-23355.7
50416.7
-62958.7
42229.1
44096.6
134241
31701
-10875.3
-3576.55
20851.9
-17252.7
-7092.99
-4229.91
-15148.3
-3357.34
-77366.7
-60612.5
2889.24
-107247
-93010.7
-87042
-145842
-97573
-17886.3
-9403.81
79788.5
-42990
39712.5
40727.9
126715
29979.2
3417.45
3741.3
37477.4
-5902.93
4896.01
5168.95
-4164.86
9709.28
-74609.7
-58429.6
13270.3
-110712
-94729.7
-87829.7
-154001
-99487.1
-14306.9
-1996.87
101909
-45028.6
33852.7
31796.5
112846
21365.9
4859.94
11765.5
46185.4
-4364.26
10021.8
12319.9
4268.1
16100.8
-74796.3
-54576.6
39097.3
-114022
-91654.5
-85100.3
-153547
-95674.4
-8855.81
3453.51
133195
-41896.8
24642
24844.9
96377.9
13560.2
28243.3
33377.6
81834.2
25595.9
31266.1
28943.3
27924.4
42939.1
-59753.4
-40172.9
74438.5
-93736.9
-87538.4
-84496.4
-157780
-89994.9
-509.117
13249.1
155316
-30994.6
21703.9
25229.6
90252.3
13604.7
53785.4
53808
113116
53723.9
55513.5
51906.6
59736.4
71087.6
-39855.4
-18643.6
111379
-75463.8
-98096.9
-97118.3
-183811
-101096
5000.66
21566
164576
-26618.3
16870.2
18695.9
78333.3
6887.93
62943.8
63429.6
119696
63438.8
62180.1
57111.6
53178.7
78672
-27885.5
-8829.64
130893
-63650.9
-106417
-102594
-193273
-108543
25404.2
35414.7
212363
-11682.8
15966.5
17965.5
73876.4
10518.9
61000.7
59329.1
112545
62347.7
75744.6
66913.5
54860.9
97063.8
-24289.8
-7055.51
139313
-60164.9
-106428
-102737
-202464
-104452
48115.1
51131.6
247353
14020.5
5883.84
6915.5
47921.3
3553.21
49798.7
44573.2
98195.9
46729.2
73967.6
61333.7
40950
99977.8
-26996.6
-12723.7
124296
-63911.1
-89024.7
-86258.5
-187457
-83154.3
58614.9
62579
277691
14650.5
5057.23
1900
28728.3
3812.72
34424.1
34807.3
81209.1
26367.3
79704.4
66766.4
34686.4
105826
-25613.5
-6144.05
136675
-59664.3
-93688.8
-90447.4
-199344
-91109.3
27917.3
40643.8
265845
-25907
-14690.1
-14161.2
-12728.6
-18060.9
20320.1
24617.2
59376.5
14395.3
72735.1
60491.6
20241.6
97215.9
-34020.3
-13895.4
111572
-61396
-106268
-108286
-244591
-100336
5043.09
17213.8
232707
-46455.5
-30086
-29876.7
-50353.1
-29453.1
11196.3
9151.38
32460.4
4280.12
61292
45204.6
-9782.12
88577.1
-36823.3
-22174.2
65459.7
-60614.6
-119290
-120951
-260109
-116493
-5094
13806.3
234173
-59852.3
-47489.3
-48825.7
-82614.8
-50017.2
-11278.4
-9866.26
5429.17
-22080.8
46560.2
33772.1
-34698.4
70005
-53857.5
-41099.9
27545.3
-81361.8
-143697
-141163
-292371
-139832
-20141.9
5386.03
236104
-80955.2
-54054.8
-52318.8
-91271.9
-56820.3
-14687.3
-11046.4
427.092
-19162.6
60357.2
50742
-13884
88631.6
-61362
-48173.8
21058.3
-91116.4
-156058
-153579
-328085
-147734
-14792
5089.75
242869
-75825.2
-60596.9
-58494.7
-103765
-60651.4
-13444.2
-15412.8
-1354.11
-19323.8
76358.3
61102.5
11537.2
102312
-73549.7
-61573.4
5067.83
-109249
-146176
-146909
-331013
-134120
-16821.4
4204.46
251726
-85491.3
-51505
-55005.1
-104807
-48790.4
-17624.6
-17538.4
-17099.3
-22737
88631.6
74630.2
32064.5
115097
-75753.1
-61732.5
9490.79
-111265
-153500
-154361
-347931
-144098
-34543.6
-11769.1
248868
-108888
-56903.7
-61081.3
-118783
-58377.3
-11219
-13075.1
-19784.1
-12005.3
103320
86207.6
59352.4
130453
-76120
-62661.7
10065
-107976
-179349
-183165
-413317
-167412
-68053.4
-43565.6
192589
-139830
-74345.2
-76155.4
-148869
-73689.7
-15226.8
-22237.8
-44505.3
-13450.6
103543
86091.7
60855
132281
-89426.4
-75813.9
-28176.8
-121251
-192247
-193213
-423374
-182896
-77295.3
-42700.8
194722
-150327
-81983.4
-81499.7
-149940
-84074.3
-22124
-22602
-52924.1
-21271.2
114601
102774
85820.8
143678
-93817.5
-77024.4
-22655
-127007
-205050
-204240
-448228
-194535
-74333.9
-45486.8
206127
-153152
-91157.4
-90155.4
-164372
-93333.1
-27773
-26675.6
-65442
-24547.9
131488
117161
101362
166856
-102671
-86521.6
-33006.3
-135756
-219195
-217414
-478755
-205700
-75158.4
-50176.3
194857
-150566
-111492
-108102
-194144
-113075
-32126.7
-33528.9
-63028
-31516.5
126249
107672
89840.7
159975
-121295
-105661
-66906.4
-158566
-219136
-219997
-498661
-203652
-81601.5
-55564.5
182321
-161843
-120327
-121142
-215967
-123846
-40481.9
-38513.3
-74200.3
-41819.7
123001
107155
77733
157564
-132817
-115410
-82004.6
-169411
-221323
-221537
-506465
-207650
-106188
-77404.9
159771
-190369
-140656
-137985
-243000
-149283
-42972.3
-40594.3
-79842.3
-43989.8
134008
117013
98257.4
169217
-142398
-124188
-101597
-174459
-242436
-244204
-540829
-230928
-143693
-114048
96213.2
-228137
-160935
-154666
-259681
-173081
-46366.4
-48150.4
-83495.2
-49790.9
131495
114108
105946
164512
-156775
-139009
-140315
-190639
-251265
-250955
-546639
-240736
-160573
-123725
73686.9
-245990
-179246
-170324
-271839
-194860
-58226
-54463.5
-88299.3
-65216.5
131373
117337
108943
162833
-170476
-150098
-156047
-205405
10791.9
13308.5
20040.1
12793.7
12051.2
12812.8
17916.7
12904.7
8790.75
10005.6
18837.3
5569.17
16238
21660.1
23715.7
22099.9
12891.3
18227.1
26463.5
20632
11327.9
11892.8
14823.1
14969.5
27898.9
29059.3
32006.5
37526.2
18422.3
19264.4
22789.3
21126.9
20137.7
23871.2
36599.8
19841.4
34675.1
40351.8
58041.4
41201.7
47736.8
49383.6
73978.9
56471
14989.2
10895.1
455.377
19126.5
50736.3
50353.8
70879
57791.1
26686.2
25643.2
31297.3
36880.6
33967.3
30791
65043.2
34463
73795.8
72101.6
109175
85995.5
61656.2
60142.3
89738.9
74075.1
10547.9
6033.74
-3848.78
16709.6
79913
76301.1
118742
90348.4
33963
30459.3
12266.9
47699.3
32094.9
31346
66161.2
31452.8
93929.2
89377.6
124769
112393
71090.4
65138
103094
81329.3
17937.2
13464.7
-3268.95
27807
95640.4
90999.7
131367
110477
43314.5
36150.8
-2289.61
62304.6
27848.7
26588.6
52723.3
24569.8
109080
104685
137049
128425
86238.7
82221
123614
97667.7
27119
19972.2
-13568.7
41000.2
107167
98840.1
141491
123610
52811.7
42468.8
-23.3345
71806.7
19204.3
23321.1
52140.6
14402.4
131581
125026
176272
152794
106016
102575
160599
122080
33616.6
25455.8
-20318
52089
114295
107385
154605
129112
61342.9
51568.6
17840.3
83162.1
31742.7
35116.3
77112.1
29321.6
147827
139644
196640
169329
116353
113982
180155
130103
45417.5
36653.6
-7648.07
66758.7
113551
105938
145074
131842
60557.3
49805.8
16735.8
82394.2
29362.6
31528.5
64631
27852.2
149006
137800
196282
170768
131147
128974
198070
148265
45294.4
32181.1
-14534.6
62781.2
127812
117645
170993
144535
59819.1
49375.9
7712.41
87468.4
35605.7
30284.7
65347.3
33294.8
166980
152961
209245
193582
143160
136933
210864
162839
44797.3
33167.6
-9736.15
65360
141245
131059
194506
159388
51623
41158.6
-22910.3
79202.3
22578.6
21148.1
43887.3
22824.7
176775
161283
212595
206993
154518
146112
228031
172073
49621.9
40077.4
-1922.62
71562
144967
132542
189811
164781
48800.3
34392.3
-42535.3
78706.6
11062
10053.6
18302
10482.9
177130
158637
202663
207555
164721
156239
239437
183624
55191.1
41402.5
-1606.55
75123.7
145798
133102
177617
168931
50014.4
35352.5
-50969.7
80623.6
8434.37
10866.1
10229.7
12410.4
182706
164094
202856
216376
183921
176946
263699
209700
56104
44810.8
-2987.53
79608.9
154176
142370
189117
179043
61918.5
50302.2
-27681.8
96577.4
23154.9
20320.8
25272
27316.2
190674
177232
206888
229950
201335
191720
293950
227686
63858.8
54682.7
7338.35
92068.1
167041
148768
190292
194003
64766
50002.3
-26067.5
93659.1
23990
20833.5
18485.9
29465.8
192141
174644
204394
230785
220547
210027
325953
249374
64594.9
48665.2
-8910.96
87863.7
170625
151708
194978
197580
58583.1
45838.2
-41152.9
100691
24559.9
15789
7689.79
33756.6
203209
182334
201164
252424
226726
212795
324366
260082
57706.3
41862.8
-23021.3
87490.3
180326
160598
212869
207127
59848.1
44883.6
-73652.2
100873
15266.4
5950.3
-18894.6
23849.3
210426
185589
177030
262692
224315
205948
311822
252738
62178.7
47383.2
-25126.3
94067.1
181335
159618
206065
208732
71153.3
51222.8
-73213.8
113540
5129.35
-2464.97
-44246.5
15526.7
207325
180589
158368
260892
226515
210605
313940
258657
66562.8
47674.6
-33883.1
95957.2
169844
152282
187417
198327
80949.6
66407.9
-54967.7
125713
-5745.95
-8184.76
-63212.5
7254.92
214569
191082
164623
272321
230351
216378
315427
264787
63292.4
52377.5
-40393.5
100362
173595
157415
189266
204363
87872.2
62489.1
-43856.2
127972
-1218.34
-8321.94
-61395.3
8176.98
216809
186809
148644
272829
240397
224650
318567
276435
80083.4
59639.5
-28222
117758
172745
158658
185640
204055
79891
64064.6
-46430
119583
-11486.2
-11305.2
-63871.5
-4546.7
215615
187969
147606
272245
254945
236259
326878
294212
74934.2
57779.8
-36109.1
111932
205398
189044
244604
236878
84239
66214.9
-37821.7
128392
434.871
-2254.26
-36102
7010.26
234815
202732
159337
299031
267157
245356
334986
310152
90353.4
70495
-12160.8
130284
229636
210707
286168
261569
71996.9
52867.5
-66364.1
114643
-9051.67
-10518.2
-40360.2
-6317.29
234477
198446
139063
300049
275506
250029
341189
317808
95567.6
74386.9
-10172.4
136991
233146
215988
298198
263521
68001
52531
-76521.7
110923
-20090.3
-16855.3
-36205.3
-22783.7
223036
191725
120140
289021
274145
251182
336624
317374
100432
82419.7
-8437.2
145705
245326
225453
321227
276716
77704
56691.6
-61883.9
119400
-19581.2
-16230.2
-15822.2
-24471.6
232901
196419
133426
299344
288550
265132
353173
338062
111700
88483.1
-2455.07
158975
251712
233448
337600
282357
79362.8
56488.6
-58869.5
120064
-1313.1
210.718
10668.8
-4842.27
222075
188773
102668
288958
294483
270691
352254
346673
110879
86098.7
-19900.1
158289
259168
242852
355357
290678
64728.6
51112.5
-66476.5
102437
10780.5
15203.5
32872
3952.73
213372
184889
84721.3
282945
300723
275648
352703
349678
97677.6
74065.9
-44230.2
143521
278406
256616
390756
307356
80898.7
60129.5
-43068.5
122634
38178.8
33537.4
82467
36122.5
232486
191723
86954.3
306973
300075
269460
338786
353065
98109.7
71633.5
-47462.4
146344
287363
264978
419299
313330
75956.7
54165.8
-54999.5
114292
49142.5
48028.8
106593
46949.1
226868
182179
57116.6
303596
291925
257219
317869
342550
92818.4
66806.7
-60867
141925
285868
267538
423461
311538
73121.9
58473.5
-48217.6
111036
58231.7
60693.1
126663
53042.9
203054
168063
15953.7
280746
279968
251773
298902
328822
85223.3
61646.3
-78786.5
135159
279831
262302
408066
309532
73482.5
60130.9
-38094
112181
72280.5
78754
160516
71940.3
194898
160392
-1870.3
278717
283645
260144
300815
344203
73814.9
50824
-111832
128323
290933
272468
429418
318233
97522.8
78959.8
-656.195
138014
99052.9
96430.3
197707
96340.5
202152
166610
-12279.6
288017
294207
267404
311629
352341
83384.9
59249.9
-107084
141427
303307
284297
450903
332127
107475
90716.9
25694.8
147498
107578
106921
215819
106668
209538
170865
-1250.16
296734
311266
283665
342894
370153
84308.3
56668.2
-107504
140028
314870
295457
481273
336895
117204
97837.4
27915.2
164132
117928
111666
225824
116775
215508
171985
-12248.5
305340
310349
280018
338918
367889
77742.1
50478.9
-121160
135755
322856
304429
522665
339986
115636
95700.5
14606.7
161502
108544
102782
216197
103069
205331
162007
-32314.1
294303
300837
268377
337739
351570
71449.6
46514.9
-128619
129314
325518
308166
541348
341608
128197
108193
30330.6
178676
100290
98709.3
213238
96399.9
189000
147976
-52310.3
277206
292638
264365
337617
341256
71628.5
44928.9
-131336
129256
321321
304706
538366
337506
143447
121641
46421.6
197398
101123
101650
218336
99066.4
185679
145168
-63452.9
278176
289601
264126
335849
341940
68029.3
44103.7
-146179
130904
13543.9
10487.8
351.432
19723.3
9083.49
6128.49
1349.87
12298
-570.635
-1672.31
-1052.88
-4092.03
-2625.49
-689.429
1686.45
-2899.84
123.037
-2517.3
-9195.92
-1529.47
22052.5
20119.3
25755
24475.1
16112.8
13259.7
-4582.76
29542.9
7885.65
6123.54
-6436.79
15551.4
-2319.31
-7385.02
-7766.86
-2713.88
-11240.9
-13423.7
-9101.17
-16343.4
-5485.73
-9355.73
-23384
-5537.35
34701.3
32705.8
40617.6
45536.3
30687
24859
2061.92
45205.3
13939.9
9897.37
3867.17
19697.9
-33687.3
-34543.6
-60897.5
-37522.6
-18956.1
-14084.2
-12232.9
-21443
-15994
-17792.2
-46932.8
-13227.8
47159.8
41438.6
63731.5
51687.4
37045.3
31424.5
-1628.47
51321.1
10128.6
8049.7
-1298.96
12479
-41065.9
-42859.9
-78669.9
-46904.5
-9328.86
-8676.91
762.968
-15577.6
-27974.6
-29398
-70562.2
-26682.7
33654
33538.1
54916.7
34670.2
48996.8
41429.4
13316.9
67310.2
1374.62
-193.747
-8651.45
2214.66
-54211
-51990
-98021.3
-55609
-5791.2
-2561.14
5355.63
-3912.42
-28533.9
-27546.1
-79697.3
-22196.8
30878.6
30602.9
65197.4
27324.7
64483.9
51950.4
22355.9
84733.3
-3578.67
-2382.24
-18111.8
560.736
-79060.2
-76276.3
-129715
-86424.7
-5554.32
-7271.18
5184.51
-9170.47
-18808.3
-19864
-75663.3
-9786.36
40600
42994.9
88266.7
39668
61252.4
53636.9
19207.8
80766.4
7273.3
986.414
-23978.7
9842.22
-88039.7
-78876.3
-130969
-89810.3
-3772.41
2328.5
14731.9
-5574.12
-13295
-17570.9
-70690.2
-2874.39
61289.2
59116.2
113218
62690
52869
45423.8
7410.48
75450.4
-1482.1
-6727.41
-41208.1
3034.2
-77305.9
-66770.7
-121215
-76722.5
4494.37
13475.3
38757.2
4944.8
-14717.7
-16863.1
-69964.7
-5128.65
74596.9
73737.1
122648
84522.6
58512.4
45288.8
5467.35
80468
-2502.45
-11674.3
-55209.5
5952.42
-76342.8
-69675.5
-126219
-73803.6
18693.8
20995.4
55676.9
17039.2
-7309.36
-11872.3
-62918.4
3543.31
84386.8
73594.3
126178
91706.8
67279.1
57593.1
14877.5
92530.6
2827.01
-2093.04
-61084.8
14002.1
-59435.9
-51881.8
-103368
-54155.2
47248.9
52445.4
103675
51296.4
-4777.21
-6795.3
-53221.8
6120.01
76755
74273.1
112303
87569.5
75219.2
61730.4
23613.1
98117.4
7842.52
-3851.61
-61860.5
15082.6
-55881.9
-52108.1
-101403
-56524.7
71556.4
71049.4
137385
72283.3
7272.59
2130.51
-31995.2
15156.1
80779.2
71960.8
114264
82863.7
80354.2
67935.3
35965.6
105173
5545.13
1348.45
-65811.1
18968.8
-68469.1
-61561.4
-113119
-69466.2
83601.9
84584.1
157878
88600.5
17261.9
13630.9
-9222.79
24434.1
84954.6
82478.3
124857
94115.9
80581.9
72076.1
28325.3
106688
18640.7
10283.5
-51222.1
35669.3
-78242.8
-75136.5
-119446
-85036.7
96121.3
92186.9
181755
98328.9
11853.9
14871.9
-1892.22
18534.7
103875
96752
152396
113379
93853.6
82620.5
48137.7
127014
40093.7
30322.2
-25428.3
65229.9
-72259.9
-70232.7
-116839
-75960.2
113749
109262
220003
112445
27773.7
28381.9
27787.9
36790.8
124486
111721
175049
137708
102848
89198.7
50100.6
131909
47653.3
36701
-31626.1
74048.2
-81711.8
-75261.6
-145441
-82505.2
118582
117866
227679
119768
39938.1
41811.9
45684.8
49123.4
132963
122073
183139
146468
105775
93723.5
62049.3
135820
62338.5
51712.8
-20877.3
93140.1
-66694.3
-62655.3
-127636
-62807.3
136033
129995
256376
138023
42251.8
43699.9
61990.6
50521.4
127547
119309
180687
144264
109677
97135.3
66974.3
139312
73633.9
58334.9
-12667.8
104785
-59976.8
-56799.1
-131655
-53491.2
142309
138877
262321
148748
42287.8
45371.5
66210.7
50371.5
136767
127668
189270
153291
109332
95052.1
55981.6
143331
71781.9
56586.2
-27774.4
107095
-69669.1
-70021.2
-149030
-68428.8
145380
137911
254703
151925
45909.6
46359.3
67277.7
56121.7
151256
140588
205143
170660
123235
107596
73836.8
161860
88646.4
71865.4
-8937.12
130466
-66753.7
-66857.7
-141866
-61923.5
146290
140562
256565
153451
61922.8
59906.1
87727.9
68126.2
165318
152290
225011
188981
125916
109565
71421.3
167184
95977
80095.4
-5260.17
139193
-65437.1
-65647.8
-145973
-60238.4
139272
129526
240036
139993
65140.1
59802.1
99097.5
65406
169793
156862
221989
195948
123146
100530
70243.3
156098
101228
80028.2
8645.09
141467
-76300.4
-77127.7
-164314
-75133.6
127095
120711
225250
128592
60774.4
55611.1
104301
59866.5
164851
149086
228036
181781
115000
96291.7
59102.1
149295
102344
84208.6
15578.3
141899
-75494.3
-75646.3
-157192
-73771
131806
122152
229592
136230
49549.1
44549.8
95553.5
47761.5
145318
136772
215265
162052
113430
94130.1
59034.9
145412
103473
83481.7
24295.5
137788
-80095.4
-78920.2
-161539
-79642.1
128981
121665
219152
137602
46128.1
45957
92100.7
43905.7
131755
122544
203764
140814
116537
97759.6
72192.1
148504
109107
94684.4
40184.9
148582
-89434.2
-87015.9
-169136
-92563.1
124439
115055
208980
129969
61318.2
63042.8
122386
61678.8
131255
128029
215975
143169
106997
90924
57777.7
137517
104131
82697.6
14509.1
140383
-96426.7
-91679.9
-176736
-97530.5
125671
123371
218572
136235
64464.8
63597.9
127085
61027.6
128340
119857
188513
139340
84380.5
70041.8
25812.9
115541
80680.9
60992.9
-30214
122214
-103437
-97990.9
-194982
-102659
128587
124930
224786
137321
52543.7
51731.9
113094
49824.2
114920
105370
146826
133809
85238.2
67295.4
27164.9
111074
71023.9
46727
-66564.2
111793
-114885
-110585
-219110
-113674
140511
134961
236580
151665
50401.2
48740.9
104742
47043.1
98769.4
86010.3
109872
112499
81670.8
67488.4
34950.2
104486
60753.9
43455.2
-83876.3
100181
-111593
-107112
-211453
-112520
159362
151755
264104
170557
41432.9
40964.1
101268
32236.3
71837.1
67548.5
71482.8
86011.1
82117.7
67490.5
49131.2
102381
55941.3
34019.6
-90480
91675.7
-118970
-114000
-213121
-124178
173600
164841
284681
187906
41627.4
42048.8
111294
34294.7
58726.6
50316.3
45476.9
68860.9
81825
67881.5
63114.9
98760.2
39734.5
23250.4
-112926
76888.7
-134437
-126533
-225755
-142394
186172
173971
299390
199809
46310.5
46766.6
127376
36694.6
40473.4
37280.8
14623.7
54052.7
63519.4
52471.6
22005.9
83197.5
43035.2
22551.8
-118339
87264.8
-108937
-99742.4
-176080
-115050
185523
177532
303765
200464
50290.8
56944.7
137648
45966.2
73133.9
64221.6
48654.6
97222.9
42271.6
27982.3
-30519.4
64488.1
44389.3
23214.3
-133725
88767.4
-81083.9
-75689.4
-129743
-86761.3
183685
173933
301334
189393
64802.8
64924.4
146597
57728.2
104211
93251.1
74058.8
135781
22165
7751.3
-63562.5
39269.9
37055.2
15057.8
-135991
78561.7
-72107.9
-64327.6
-104288
-82973.3
179846
175434
321545
185480
57527.4
59606.3
145793
50725.7
121126
105156
98859.2
147251
-9338.76
-17384.2
-120916
11566.9
17916
-964.494
-171509
60353
-54151.7
-45396.3
-61598.9
-61335.9
186547
179610
325147
197560
37996.4
40632.5
108033
36617.5
120017
108831
100007
153614
-23398.9
-34426.9
-152908
-3746.96
-551.543
-22398.3
-197894
36913.8
-46613.9
-41411.7
-38878.1
-59191.2
179661
169357
308392
189419
29962.2
33965.2
83146.6
28940.5
127736
110297
110418
154922
-36287.3
-45129
-171607
-17234.3
-17440.1
-31428.8
-221773
23632.9
-40216.7
-30865.9
-18407.4
-51953.3
176694
168906
308052
185470
44588
49586.6
96375.8
51118.9
139159
125644
121138
174236
