820890
740692
882393
967548
-48037.3
-31529.2
31850.2
-70473.8
-239943
-202542
-116879
-305805
275468
275041
599009
257410
-159361
-115244
192727
-268141
7605.64
36047.6
460617
-92674.1
840025
763677
913431
984684
-37509.9
-24364.1
42518.3
-66525.3
-211241
-179459
-84936.3
-275873
319934
320305
681162
316928
-151173
-106131
233479
-259860
-5768.58
23019.9
461757
-109894
850769
777664
921025
1.00562e+06
-34448.1
-8465.48
50116.9
-47448.3
-240607
-196404
-136344
-290361
360504
363342
713711
370576
-147108
-92607.7
233206
-245991
-248.194
46651.4
482130
-88908.8
904267
821669
984056
1.06227e+06
32338.8
40360.9
110184
36457
-200405
-175026
-105000
-253508
410950
391809
734592
428327
-114363
-68043.5
289580
-223811
43107.4
71456
507815
-48481.4
916102
820471
984667
1.0751e+06
54807.1
50425.2
121101
42887.4
-213178
-181895
-121964
-275151
447270
427290
786365
465635
-83082.9
-38544.4
349101
-192901
27523.4
49384.3
506893
-87369.4
891911
794661
954755
1.03754e+06
34393.7
21398.5
102870
1195.01
-230284
-197778
-108965
-301888
461112
438604
825177
468438
-90494.8
-42040.3
381502
-212903
-19615.1
6381.64
487142
-153977
890281
796016
955070
1.04811e+06
18028.4
16573.9
108044
5617.96
-245517
-213554
-141845
-324375
445039
422250
862506
417194
-91696.9
-40028.6
417240
-214374
-43707
2904.79
493352
-167514
899443
806912
979750
1.05394e+06
19173.9
21351.8
126342
-5645.54
-229592
-195845
-112205
-309426
442347
431721
941319
421689
-72635.4
-26908.9
460384
-196578
-45802.1
4615.99
520889
-165357
881060
789146
955279
1.03968e+06
14297.7
15651.1
128683
-8671.25
-272999
-234330
-181664
-343775
444905
439137
985512
416183
-112524
-68787.3
381475
-237415
-45561
7828.38
515740
-160278
881771
794365
939381
1.04195e+06
42898
45595
152898
40995.2
-227445
-198318
-144398
-287177
444509
429509
952295
420533
-105179
-58833.4
383071
-227145
-7333.4
40677
513395
-101470
874067
777062
912330
1.02566e+06
49450.1
41225
146913
27002.3
-254093
-215824
-187312
-319455
451897
442778
991386
416225
-113758
-63877.2
375769
-245086
-1379.57
37951.8
509311
-114997
827800
733342
851818
981152
43297.6
31795.8
124268
31069.6
-239239
-212082
-174416
-301263
422606
417920
979407
385095
-123340
-73812
363594
-243680
-3223.7
36293.7
514326
-111405
846794
757523
840517
1.02125e+06
27527
28712.8
89735.4
17644.4
-253555
-225268
-213872
-312420
396256
411108
964212
360833
-132611
-79754.6
332012
-261677
-3850.2
45643.7
521560
-116480
855745
760341
857639
1.01649e+06
11837
16575.3
95244.5
-21661.5
-243107
-217802
-191795
-313974
419800
427889
1.01334e+06
389098
-119357
-70731.2
377512
-258100
-8628.82
35529.3
532215
-129023
839930
752908
827517
1.02337e+06
5197.94
12693.3
123391
-17937.2
-269751
-239740
-227868
-327414
440748
451049
1.02552e+06
423633
-124433
-72008.9
375558
-258218
-13057.4
36966.1
511899
-110542
839229
757265
801498
1.0165e+06
1120.76
15674.4
110855
-20175.9
-276705
-244892
-244453
-337235
418462
414020
924304
400793
-139765
-83364.4
368831
-279428
-11086.7
29229
450075
-113537
836941
736369
762724
1.01586e+06
-7754.84
-2805.8
106917
-38672.4
-310906
-281745
-301165
-372857
419783
413059
899378
407593
-133924
-78517.8
380568
-269946
-39907
-4598.32
391730
-139254
801111
702244
711882
971916
-24755.1
-20815.1
82937.3
-70156.3
-313394
-279867
-291066
-378890
387482
389943
845241
374632
-119241
-60222.9
411427
-256439
-48301.1
-7907.58
369917
-153094
787808
694925
673972
956725
-46656.3
-34824.3
65731.2
-82175
-325145
-290069
-318387
-400766
392555
382927
882259
343974
-96240.1
-37278.7
463257
-236972
-31234.3
15706.3
420888
-132700
805745
715679
715511
979407
-64290.9
-43475
45087.2
-97761.8
-317338
-275858
-278856
-384275
394754
400872
941219
363229
-67105.1
-6046.47
529304
-196679
-20146.2
30876.5
462676
-108983
805006
704973
701248
978731
-86779.7
-87715.9
-28020.5
-128056
-338143
-301897
-333850
-411771
410761
405450
963093
369069
-55132.4
-10480
500929
-188191
-8469.73
33257.4
450683
-96533.5
810436
725089
727421
987338
-121709
-100001
-67733.1
-144876
-347522
-303598
-307619
-415264
399930
394141
952858
361413
-55488.8
-595.384
520716
-185179
5369.06
48849.8
460872
-72713.2
849493
758687
776557
1.03829e+06
-96967
-83419.5
-61664.7
-113814
-337646
-285936
-286215
-404510
435106
443771
1.02561e+06
406642
-11546.3
43489.2
586723
-130696
35700.4
72953.6
491936
-40416.1
874106
776023
789664
1.06432e+06
-69177
-69333.2
-78268.9
-78116.2
-307177
-266878
-245194
-374132
473392
472869
1.08077e+06
444172
28769.3
77525.1
621802
-85316.7
75811.7
106812
523883
4238.4
933623
836364
880965
1.13948e+06
-45050.5
-34685.7
-49909.7
-47446.9
-314739
-271900
-273895
-382135
471264
481436
1.10077e+06
442037
32938.4
87070.3
627984
-78613.3
87936.5
127296
554224
20907.7
987168
875286
972735
1.18317e+06
-31435.1
-32022
-16651.7
-45739.9
-314218
-285706
-260327
-400539
498504
496597
1.14033e+06
477530
46124.6
85977.1
642506
-67413.4
87814.9
108492
551581
13181.9
989459
893594
988517
1.20174e+06
-45563.8
-30451.6
-24927.6
-49122.7
-392255
-342816
-353362
-471463
483065
490602
1.0977e+06
470226
5069.96
58257.1
573592
-101705
46219.3
86321.5
477797
-14925.6
1.03332e+06
934503
1.05131e+06
1.24194e+06
-12615.5
-6661.65
3466.94
-9907.27
-392979
-349418
-349053
-479937
490327
483633
1.05814e+06
480236
7358.86
59276.1
578338
-108224
58103
84652.7
455360
-6906.31
1.09156e+06
977565
1.12338e+06
1.29861e+06
26087.3
19290.6
50256.2
17315.6
-409455
-362453
-358623
-511035
528887
523925
1.113e+06
515677
43291.2
89741.8
632905
-73962
60362.9
79724.2
448652
-13612.5
1.11471e+06
1.00495e+06
1.18108e+06
1.32727e+06
35903.3
31051.9
61678.8
36742
-426542
-378581
-359463
-525266
511015
510593
1.09631e+06
500134
34668.7
85912.8
621499
-77150.3
29544.3
63183.5
402156
-36139.5
1.14181e+06
1.02777e+06
1.19833e+06
1.35419e+06
38942.5
37555.1
68934.4
47153.4
-452997
-405048
-407371
-561223
487981
482760
1.06681e+06
456493
30831.3
82078.8
618361
-73552.5
42891.7
62884.4
404202
-26570.2
1.17096e+06
1.05482e+06
1.24281e+06
1.37929e+06
17062.5
13191.1
23378.4
9584.83
-448624
-395165
-389447
-553252
474388
477994
1.06564e+06
456821
44527.2
89041
621088
-62296.8
9735.45
32261
363074
-67061.3
1.21955e+06
1.1008e+06
1.28201e+06
1.44725e+06
24177.4
17637.4
5664.63
31217.4
-446082
-391134
-401122
-541631
486263
485335
1.04756e+06
478156
56460.4
99078.4
597381
-36116.2
1066.32
25110.8
310317
-53281.9
1.24327e+06
1.12011e+06
1.32684e+06
1.45536e+06
11023.1
7497.45
-8720.75
20692.8
-433576
-385217
-373800
-536418
458549
440757
960619
436016
53100.2
84455.4
590593
-53846.2
-11728.8
7998.79
249589
-76991.2
1.26525e+06
1.14269e+06
1.37359e+06
1.49162e+06
14067.2
6920.45
-990.657
16716
-432994
-371250
-333171
-539324
456921
460230
977322
446309
55324.7
100872
611330
-45184.1
-35455
-13845.9
230771
-107003
1.29619e+06
1.17092e+06
1.41062e+06
1.5362e+06
17756.2
8151.53
-4934.9
28811.8
-402072
-348449
-269060
-507034
452060
451996
973924
444100
76810.9
125905
643554
-6142.64
-50198.9
-29428.4
208987
-115802
820890
740692
882393
967548
-48037.3
-31529.2
31850.2
-70473.8
-239943
-202542
-116879
-305805
275468
275041
599009
257410
-159361
-115244
192727
-268141
7605.64
36047.6
460617
-92674.1
840025
763677
913431
984684
-37509.9
-24364.1
42518.3
-66525.3
-211241
-179459
-84936.3
-275873
319934
320305
681162
316928
-151173
-106131
233479
-259860
-5768.58
23019.9
461757
-109894
850769
777664
921025
1.00562e+06
-34448.1
-8465.48
50116.9
-47448.3
-240607
-196404
-136344
-290361
360504
363342
713711
370576
-147108
-92607.7
233206
-245991
-248.194
46651.4
482130
-88908.8
904267
821669
984056
1.06227e+06
32338.8
40360.9
110184
36457
-200405
-175026
-105000
-253508
410950
391809
734592
428327
-114363
-68043.5
289580
-223811
43107.4
71456
507815
-48481.4
916102
820471
984667
1.0751e+06
54807.1
50425.2
121101
42887.4
-213178
-181895
-121964
-275151
447270
427290
786365
465635
-83082.9
-38544.4
349101
-192901
27523.4
49384.3
506893
-87369.4
891911
794661
954755
1.03754e+06
34393.7
21398.5
102870
1195.01
-230284
-197778
-108965
-301888
461112
438604
825177
468438
-90494.8
-42040.3
381502
-212903
-19615.1
6381.64
487142
-153977
890281
796016
955070
1.04811e+06
18028.4
16573.9
108044
5617.96
-245517
-213554
-141845
-324375
445039
422250
862506
417194
-91696.9
-40028.6
417240
-214374
-43707
2904.79
493352
-167514
899443
806912
979750
1.05394e+06
19173.9
21351.8
126342
-5645.54
-229592
-195845
-112205
-309426
442347
431721
941319
421689
-72635.4
-26908.9
460384
-196578
-45802.1
4615.99
520889
-165357
881060
789146
955279
1.03968e+06
14297.7
15651.1
128683
-8671.25
-272999
-234330
-181664
-343775
444905
439137
985512
416183
-112524
-68787.3
381475
-237415
-45561
7828.38
515740
-160278
881771
794365
939381
1.04195e+06
42898
45595
152898
40995.2
-227445
-198318
-144398
-287177
444509
429509
952295
420533
-105179
-58833.4
383071
-227145
-7333.4
40677
513395
-101470
874067
777062
912330
1.02566e+06
49450.1
41225
146913
27002.3
-254093
-215824
-187312
-319455
451897
442778
991386
416225
-113758
-63877.2
375769
-245086
-1379.57
37951.8
509311
-114997
827800
733342
851818
981152
43297.6
31795.8
124268
31069.6
-239239
-212082
-174416
-301263
422606
417920
979407
385095
-123340
-73812
363594
-243680
-3223.7
36293.7
514326
-111405
846794
757523
840517
1.02125e+06
27527
28712.8
89735.4
17644.4
-253555
-225268
-213872
-312420
396256
411108
964212
360833
-132611
-79754.6
332012
-261677
-3850.2
45643.7
521560
-116480
855745
760341
857639
1.01649e+06
11837
16575.3
95244.5
-21661.5
-243107
-217802
-191795
-313974
419800
427889
1.01334e+06
389098
-119357
-70731.2
377512
-258100
-8628.82
35529.3
532215
-129023
839930
752908
827517
1.02337e+06
5197.94
12693.3
123391
-17937.2
-269751
-239740
-227868
-327414
440748
451049
1.02552e+06
423633
-124433
-72008.9
375558
-258218
-13057.4
36966.1
511899
-110542
839229
757265
801498
1.0165e+06
1120.76
15674.4
110855
-20175.9
-276705
-244892
-244453
-337235
418462
414020
924304
400793
-139765
-83364.4
368831
-279428
-11086.7
29229
450075
-113537
836941
736369
762724
1.01586e+06
-7754.84
-2805.8
106917
-38672.4
-310906
-281745
-301165
-372857
419783
413059
899378
407593
-133924
-78517.8
380568
-269946
-39907
-4598.32
391730
-139254
801111
702244
711882
971916
-24755.1
-20815.1
82937.3
-70156.3
-313394
-279867
-291066
-378890
387482
389943
845241
374632
-119241
-60222.9
411427
-256439
-48301.1
-7907.58
369917
-153094
787808
694925
673972
956725
-46656.3
-34824.3
65731.2
-82175
-325145
-290069
-318387
-400766
392555
382927
882259
343974
-96240.1
-37278.7
463257
-236972
-31234.3
15706.3
420888
-132700
805745
715679
715511
979407
-64290.9
-43475
45087.2
-97761.8
-317338
-275858
-278856
-384275
394754
400872
941219
363229
-67105.1
-6046.47
529304
-196679
-20146.2
30876.5
462676
-108983
805006
704973
701248
978731
-86779.7
-87715.9
-28020.5
-128056
-338143
-301897
-333850
-411771
410761
405450
963093
369069
-55132.4
-10480
500929
-188191
-8469.73
33257.4
450683
-96533.5
810436
725089
727421
987338
-121709
-100001
-67733.1
-144876
-347522
-303598
-307619
-415264
399930
394141
952858
361413
-55488.8
-595.384
520716
-185179
5369.06
48849.8
460872
-72713.2
849493
758687
776557
1.03829e+06
-96967
-83419.5
-61664.7
-113814
-337646
-285936
-286215
-404510
435106
443771
1.02561e+06
406642
-11546.3
43489.2
586723
-130696
35700.4
72953.6
491936
-40416.1
874106
776023
789664
1.06432e+06
-69177
-69333.2
-78268.9
-78116.2
-307177
-266878
-245194
-374132
473392
472869
1.08077e+06
444172
28769.3
77525.1
621802
-85316.7
75811.7
106812
523883
4238.4
933623
836364
880965
1.13948e+06
-45050.5
-34685.7
-49909.7
-47446.9
-314739
-271900
-273895
-382135
471264
481436
1.10077e+06
442037
32938.4
87070.3
627984
-78613.3
87936.5
127296
554224
20907.7
987168
875286
972735
1.18317e+06
-31435.1
-32022
-16651.7
-45739.9
-314218
-285706
-260327
-400539
498504
496597
1.14033e+06
477530
46124.6
85977.1
642506
-67413.4
87814.9
108492
551581
13181.9
989459
893594
988517
1.20174e+06
-45563.8
-30451.6
-24927.6
-49122.7
-392255
-342816
-353362
-471463
483065
490602
1.0977e+06
470226
5069.96
58257.1
573592
-101705
46219.3
86321.5
477797
-14925.6
1.03332e+06
934503
1.05131e+06
1.24194e+06
-12615.5
-6661.65
3466.94
-9907.27
-392979
-349418
-349053
-479937
490327
483633
1.05814e+06
480236
7358.86
59276.1
578338
-108224
58103
84652.7
455360
-6906.31
1.09156e+06
977565
1.12338e+06
1.29861e+06
26087.3
19290.6
50256.2
17315.6
-409455
-362453
-358623
-511035
528887
523925
1.113e+06
515677
43291.2
89741.8
632905
-73962
60362.9
79724.2
448652
-13612.5
1.11471e+06
1.00495e+06
1.18108e+06
1.32727e+06
35903.3
31051.9
61678.8
36742
-426542
-378581
-359463
-525266
511015
510593
1.09631e+06
500134
34668.7
85912.8
621499
-77150.3
29544.3
63183.5
402156
-36139.5
1.14181e+06
1.02777e+06
1.19833e+06
1.35419e+06
38942.5
37555.1
68934.4
47153.4
-452997
-405048
-407371
-561223
487981
482760
1.06681e+06
456493
30831.3
82078.8
618361
-73552.5
42891.7
62884.4
404202
-26570.2
1.17096e+06
1.05482e+06
1.24281e+06
1.37929e+06
17062.5
13191.1
23378.4
9584.83
-448624
-395165
-389447
-553252
474388
477994
1.06564e+06
456821
44527.2
89041
621088
-62296.8
9735.45
32261
363074
-67061.3
1.21955e+06
1.1008e+06
1.28201e+06
1.44725e+06
24177.4
17637.4
5664.63
31217.4
-446082
-391134
-401122
-541631
486263
485335
1.04756e+06
478156
56460.4
99078.4
597381
-36116.2
1066.32
25110.8
310317
-53281.9
1.24327e+06
1.12011e+06
1.32684e+06
1.45536e+06
11023.1
7497.45
-8720.75
20692.8
-433576
-385217
-373800
-536418
458549
440757
960619
436016
53100.2
84455.4
590593
-53846.2
-11728.8
7998.79
249589
-76991.2
1.26525e+06
1.14269e+06
1.37359e+06
1.49162e+06
14067.2
6920.45
-990.657
16716
-432994
-371250
-333171
-539324
456921
460230
977322
446309
55324.7
100872
611330
-45184.1
-35455
-13845.9
230771
-107003
1.29619e+06
1.17092e+06
1.41062e+06
1.5362e+06
17756.2
8151.53
-4934.9
28811.8
-402072
-348449
-269060
-507034
452060
451996
973924
444100
76810.9
125905
643554
-6142.64
-50198.9
-29428.4
208987
-115802
820890
740692
882393
967548
-48037.3
-31529.2
31850.2
-70473.8
-239943
-202542
-116879
-305805
275468
275041
599009
257410
-159361
-115244
192727
-268141
7605.64
36047.6
460617
-92674.1
840025
763677
913431
984684
-37509.9
-24364.1
42518.3
-66525.3
-211241
-179459
-84936.3
-275873
319934
320305
681162
316928
-151173
-106131
233479
-259860
-5768.58
23019.9
461757
-109894
850769
777664
921025
1.00562e+06
-34448.1
-8465.48
50116.9
-47448.3
-240607
-196404
-136344
-290361
360504
363342
713711
370576
-147108
-92607.7
233206
-245991
-248.194
46651.4
482130
-88908.8
904267
821669
984056
1.06227e+06
32338.8
40360.9
110184
36457
-200405
-175026
-105000
-253508
410950
391809
734592
428327
-114363
-68043.5
289580
-223811
43107.4
71456
507815
-48481.4
916102
820471
984667
1.0751e+06
54807.1
50425.2
121101
42887.4
-213178
-181895
-121964
-275151
447270
427290
786365
465635
-83082.9
-38544.4
349101
-192901
27523.4
49384.3
506893
-87369.4
891911
794661
954755
1.03754e+06
34393.7
21398.5
102870
1195.01
-230284
-197778
-108965
-301888
461112
438604
825177
468438
-90494.8
-42040.3
381502
-212903
-19615.1
6381.64
487142
-153977
890281
796016
955070
1.04811e+06
18028.4
16573.9
108044
5617.96
-245517
-213554
-141845
-324375
445039
422250
862506
417194
-91696.9
-40028.6
417240
-214374
-43707
2904.79
493352
-167514
899443
806912
979750
1.05394e+06
19173.9
21351.8
126342
-5645.54
-229592
-195845
-112205
-309426
442347
431721
941319
421689
-72635.4
-26908.9
460384
-196578
-45802.1
4615.99
520889
-165357
881060
789146
955279
1.03968e+06
14297.7
15651.1
128683
-8671.25
-272999
-234330
-181664
-343775
444905
439137
985512
416183
-112524
-68787.3
381475
-237415
-45561
7828.38
515740
-160278
881771
794365
939381
1.04195e+06
42898
45595
152898
40995.2
-227445
-198318
-144398
-287177
444509
429509
952295
420533
-105179
-58833.4
383071
-227145
-7333.4
40677
513395
-101470
874067
777062
912330
1.02566e+06
49450.1
41225
146913
27002.3
-254093
-215824
-187312
-319455
451897
442778
991386
416225
-113758
-63877.2
375769
-245086
-1379.57
37951.8
509311
-114997
827800
733342
851818
981152
43297.6
31795.8
124268
31069.6
-239239
-212082
-174416
-301263
422606
417920
979407
385095
-123340
-73812
363594
-243680
-3223.7
36293.7
514326
-111405
846794
757523
840517
1.02125e+06
27527
28712.8
89735.4
17644.4
-253555
-225268
-213872
-312420
396256
411108
964212
360833
-132611
-79754.6
332012
-261677
-3850.2
45643.7
521560
-116480
855745
760341
857639
1.01649e+06
11837
16575.3
95244.5
-21661.5
-243107
-217802
-191795
-313974
419800
427889
1.01334e+06
389098
-119357
-70731.2
377512
-258100
-8628.82
35529.3
532215
-129023
839930
752908
827517
1.02337e+06
5197.94
12693.3
123391
-17937.2
-269751
-239740
-227868
-327414
440748
451049
1.02552e+06
423633
-124433
-72008.9
375558
-258218
-13057.4
36966.1
511899
-110542
839229
757265
801498
1.0165e+06
1120.76
15674.4
110855
-20175.9
-276705
-244892
-244453
-337235
418462
414020
924304
400793
-139765
-83364.4
368831
-279428
-11086.7
29229
450075
-113537
836941
736369
762724
1.01586e+06
-7754.84
-2805.8
106917
-38672.4
-310906
-281745
-301165
-372857
419783
413059
899378
407593
-133924
-78517.8
380568
-269946
-39907
-4598.32
391730
-139254
801111
702244
711882
971916
-24755.1
-20815.1
82937.3
-70156.3
-313394
-279867
-291066
-378890
387482
389943
845241
374632
-119241
-60222.9
411427
-256439
-48301.1
-7907.58
369917
-153094
787808
694925
673972
956725
-46656.3
-34824.3
65731.2
-82175
-325145
-290069
-318387
-400766
392555
382927
882259
343974
-96240.1
-37278.7
463257
-236972
-31234.3
15706.3
420888
-132700
805745
715679
715511
979407
-64290.9
-43475
45087.2
-97761.8
-317338
-275858
-278856
-384275
394754
400872
941219
363229
-67105.1
-6046.47
529304
-196679
-20146.2
30876.5
462676
-108983
805006
704973
701248
978731
-86779.7
-87715.9
-28020.5
-128056
-338143
-301897
-333850
-411771
410761
405450
963093
369069
-55132.4
-10480
500929
-188191
-8469.73
33257.4
450683
-96533.5
810436
725089
727421
987338
-121709
-100001
-67733.1
-144876
-347522
-303598
-307619
-415264
399930
394141
952858
361413
-55488.8
-595.384
520716
-185179
5369.06
48849.8
460872
-72713.2
849493
758687
776557
1.03829e+06
-96967
-83419.5
-61664.7
-113814
-337646
-285936
-286215
-404510
435106
443771
1.02561e+06
406642
-11546.3
43489.2
586723
-130696
35700.4
72953.6
491936
-40416.1
874106
776023
789664
1.06432e+06
-69177
-69333.2
-78268.9
-78116.2
-307177
-266878
-245194
-374132
473392
472869
1.08077e+06
444172
28769.3
77525.1
621802
-85316.7
75811.7
106812
523883
4238.4
933623
836364
880965
1.13948e+06
-45050.5
-34685.7
-49909.7
-47446.9
-314739
-271900
-273895
-382135
471264
481436
1.10077e+06
442037
32938.4
87070.3
627984
-78613.3
87936.5
127296
554224
20907.7
987168
875286
972735
1.18317e+06
-31435.1
-32022
-16651.7
-45739.9
-314218
-285706
-260327
-400539
498504
496597
1.14033e+06
477530
46124.6
85977.1
642506
-67413.4
87814.9
108492
551581
13181.9
989459
893594
988517
1.20174e+06
-45563.8
-30451.6
-24927.6
-49122.7
-392255
-342816
-353362
-471463
483065
490602
1.0977e+06
470226
5069.96
58257.1
573592
-101705
46219.3
86321.5
477797
-14925.6
1.03332e+06
934503
1.05131e+06
1.24194e+06
-12615.5
-6661.65
3466.94
-9907.27
-392979
-349418
-349053
-479937
490327
483633
1.05814e+06
480236
7358.86
59276.1
578338
-108224
58103
84652.7
455360
-6906.31
1.09156e+06
977565
1.12338e+06
1.29861e+06
26087.3
19290.6
50256.2
17315.6
-409455
-362453
-358623
-511035
528887
523925
1.113e+06
515677
43291.2
89741.8
632905
-73962
60362.9
79724.2
448652
-13612.5
1.11471e+06
1.00495e+06
1.18108e+06
1.32727e+06
35903.3
31051.9
61678.8
36742
-426542
-378581
-359463
-525266
511015
510593
1.09631e+06
500134
34668.7
85912.8
621499
-77150.3
29544.3
63183.5
402156
-36139.5
1.14181e+06
1.02777e+06
1.19833e+06
1.35419e+06
38942.5
37555.1
68934.4
47153.4
-452997
-405048
-407371
-561223
487981
482760
1.06681e+06
456493
30831.3
82078.8
618361
-73552.5
42891.7
62884.4
404202
-26570.2
1.17096e+06
1.05482e+06
1.24281e+06
1.37929e+06
17062.5
13191.1
23378.4
9584.83
-448624
-395165
-389447
-553252
474388
477994
1.06564e+06
456821
44527.2
89041
621088
-62296.8
9735.45
32261
363074
-67061.3
1.21955e+06
1.1008e+06
1.28201e+06
1.44725e+06
24177.4
17637.4
5664.63
31217.4
-446082
-391134
-401122
-541631
486263
485335
1.04756e+06
478156
56460.4
99078.4
597381
-36116.2
1066.32
25110.8
310317
-53281.9
1.24327e+06
1.12011e+06
1.32684e+06
1.45536e+06
11023.1
7497.45
-8720.75
20692.8
-433576
-385217
-373800
-536418
458549
440757
960619
436016
53100.2
84455.4
590593
-53846.2
-11728.8
7998.79
249589
-76991.2
1.26525e+06
1.14269e+06
1.37359e+06
1.49162e+06
14067.2
6920.45
-990.657
16716
-432994
-371250
-333171
-539324
456921
460230
977322
446309
55324.7
100872
611330
-45184.1
-35455
-13845.9
230771
-107003
1.29619e+06
1.17092e+06
1.41062e+06
1.5362e+06
17756.2
8151.53
-4934.9
28811.8
-402072
-348449
-269060
-507034
452060
451996
973924
444100
76810.9
125905
643554
-6142.64
-50198.9
-29428.4
208987
-115802
820890
740692
882393
967548
-48037.3
-31529.2
31850.2
-70473.8
-239943
-202542
-116879
-305805
275468
275041
599009
257410
-159361
-115244
192727
-268141
7605.64
36047.6
460617
-92674.1
840025
763677
913431
984684
-37509.9
-24364.1
42518.3
-66525.3
-211241
-179459
-84936.3
-275873
319934
320305
681162
316928
-151173
-106131
233479
-259860
-5768.58
23019.9
461757
-109894
850769
777664
921025
1.00562e+06
-34448.1
-8465.48
50116.9
-47448.3
-240607
-196404
-136344
-290361
360504
363342
713711
370576
-147108
-92607.7
233206
-245991
-248.194
46651.4
482130
-88908.8
904267
821669
984056
1.06227e+06
32338.8
40360.9
110184
36457
-200405
-175026
-105000
-253508
410950
391809
734592
428327
-114363
-68043.5
289580
-223811
43107.4
71456
507815
-48481.4
916102
820471
984667
1.0751e+06
54807.1
50425.2
121101
42887.4
-213178
-181895
-121964
-275151
447270
427290
786365
465635
-83082.9
-38544.4
349101
-192901
27523.4
49384.3
506893
-87369.4
891911
794661
954755
1.03754e+06
34393.7
21398.5
102870
1195.01
-230284
-197778
-108965
-301888
461112
438604
825177
468438
-90494.8
-42040.3
381502
-212903
-19615.1
6381.64
487142
-153977
890281
796016
955070
1.04811e+06
18028.4
16573.9
108044
5617.96
-245517
-213554
-141845
-324375
445039
422250
862506
417194
-91696.9
-40028.6
417240
-214374
-43707
2904.79
493352
-167514
899443
806912
979750
1.05394e+06
19173.9
21351.8
126342
-5645.54
-229592
-195845
-112205
-309426
442347
431721
941319
421689
-72635.4
-26908.9
460384
-196578
-45802.1
4615.99
520889
-165357
881060
789146
955279
1.03968e+06
14297.7
15651.1
128683
-8671.25
-272999
-234330
-181664
-343775
444905
439137
985512
416183
-112524
-68787.3
381475
-237415
-45561
7828.38
515740
-160278
881771
794365
939381
1.04195e+06
42898
45595
152898
40995.2
-227445
-198318
-144398
-287177
444509
429509
952295
420533
-105179
-58833.4
383071
-227145
-7333.4
40677
513395
-101470
874067
777062
912330
1.02566e+06
49450.1
41225
146913
27002.3
-254093
-215824
-187312
-319455
451897
442778
991386
416225
-113758
-63877.2
375769
-245086
-1379.57
37951.8
509311
-114997
827800
733342
851818
981152
43297.6
31795.8
124268
31069.6
-239239
-212082
-174416
-301263
422606
417920
979407
385095
-123340
-73812
363594
-243680
-3223.7
36293.7
514326
-111405
846794
757523
840517
1.02125e+06
27527
28712.8
89735.4
17644.4
-253555
-225268
-213872
-312420
396256
411108
964212
360833
-132611
-79754.6
332012
-261677
-3850.2
45643.7
521560
-116480
855745
760341
857639
1.01649e+06
11837
16575.3
95244.5
-21661.5
-243107
-217802
-191795
-313974
419800
427889
1.01334e+06
389098
-119357
-70731.2
377512
-258100
-8628.82
35529.3
532215
-129023
839930
752908
827517
1.02337e+06
5197.94
12693.3
123391
-17937.2
-269751
-239740
-227868
-327414
440748
451049
1.02552e+06
423633
-124433
-72008.9
375558
-258218
-13057.4
36966.1
511899
-110542
839229
757265
801498
1.0165e+06
1120.76
15674.4
110855
-20175.9
-276705
-244892
-244453
-337235
418462
414020
924304
400793
-139765
-83364.4
368831
-279428
-11086.7
29229
450075
-113537
836941
736369
762724
1.01586e+06
-7754.84
-2805.8
106917
-38672.4
-310906
-281745
-301165
-372857
419783
413059
899378
407593
-133924
-78517.8
380568
-269946
-39907
-4598.32
391730
-139254
801111
702244
711882
971916
-24755.1
-20815.1
82937.3
-70156.3
-313394
-279867
-291066
-378890
387482
389943
845241
374632
-119241
-60222.9
411427
-256439
-48301.1
-7907.58
369917
-153094
787808
694925
673972
956725
-46656.3
-34824.3
65731.2
-82175
-325145
-290069
-318387
-400766
392555
382927
882259
343974
-96240.1
-37278.7
463257
-236972
-31234.3
15706.3
420888
-132700
805745
715679
715511
979407
-64290.9
-43475
45087.2
-97761.8
-317338
-275858
-278856
-384275
394754
400872
941219
363229
-67105.1
-6046.47
529304
-196679
-20146.2
30876.5
462676
-108983
805006
704973
701248
978731
-86779.7
-87715.9
-28020.5
-128056
-338143
-301897
-333850
-411771
410761
405450
963093
369069
-55132.4
-10480
500929
-188191
-8469.73
33257.4
450683
-96533.5
810436
725089
727421
987338
-121709
-100001
-67733.1
-144876
-347522
-303598
-307619
-415264
399930
394141
952858
361413
-55488.8
-595.384
520716
-185179
5369.06
48849.8
460872
-72713.2
849493
758687
776557
1.03829e+06
-96967
-83419.5
-61664.7
-113814
-337646
-285936
-286215
-404510
435106
443771
1.02561e+06
406642
-11546.3
43489.2
586723
-130696
35700.4
72953.6
491936
-40416.1
874106
776023
789664
1.06432e+06
-69177
-69333.2
-78268.9
-78116.2
-307177
-266878
-245194
-374132
473392
472869
1.08077e+06
444172
28769.3
77525.1
621802
-85316.7
75811.7
106812
523883
4238.4
933623
836364
880965
1.13948e+06
-45050.5
-34685.7
-49909.7
-47446.9
-314739
-271900
-273895
-382135
471264
481436
1.10077e+06
442037
32938.4
87070.3
627984
-78613.3
87936.5
127296
554224
20907.7
987168
875286
972735
1.18317e+06
-31435.1
-32022
-16651.7
-45739.9
-314218
-285706
-260327
-400539
498504
496597
1.14033e+06
477530
46124.6
85977.1
642506
-67413.4
87814.9
108492
551581
13181.9
989459
893594
988517
1.20174e+06
-45563.8
-30451.6
-24927.6
-49122.7
-392255
-342816
-353362
-471463
483065
490602
1.0977e+06
470226
5069.96
58257.1
573592
-101705
46219.3
86321.5
477797
-14925.6
1.03332e+06
934503
1.05131e+06
1.24194e+06
-12615.5
-6661.65
3466.94
-9907.27
-392979
-349418
-349053
-479937
490327
483633
1.05814e+06
480236
7358.86
59276.1
578338
-108224
58103
84652.7
455360
-6906.31
1.09156e+06
977565
1.12338e+06
1.29861e+06
26087.3
19290.6
50256.2
17315.6
-409455
-362453
-358623
-511035
528887
523925
1.113e+06
515677
43291.2
89741.8
632905
-73962
60362.9
79724.2
448652
-13612.5
1.11471e+06
1.00495e+06
1.18108e+06
1.32727e+06
35903.3
31051.9
61678.8
36742
-426542
-378581
-359463
-525266
511015
510593
1.09631e+06
500134
34668.7
85912.8
621499
-77150.3
29544.3
63183.5
402156
-36139.5
1.14181e+06
1.02777e+06
1.19833e+06
1.35419e+06
38942.5
37555.1
68934.4
47153.4
-452997
-405048
-407371
-561223
487981
482760
1.06681e+06
456493
30831.3
82078.8
618361
-73552.5
42891.7
62884.4
404202
-26570.2
1.17096e+06
1.05482e+06
1.24281e+06
1.37929e+06
17062.5
13191.1
23378.4
9584.83
-448624
-395165
-389447
-553252
474388
477994
1.06564e+06
456821
44527.2
89041
621088
-62296.8
9735.45
32261
363074
-67061.3
1.21955e+06
1.1008e+06
1.28201e+06
1.44725e+06
24177.4
17637.4
5664.63
31217.4
-446082
-391134
-401122
-541631
486263
485335
1.04756e+06
478156
56460.4
99078.4
597381
-36116.2
1066.32
25110.8
310317
-53281.9
1.24327e+06
1.12011e+06
1.32684e+06
1.45536e+06
11023.1
7497.45
-8720.75
20692.8
-433576
-385217
-373800
-536418
458549
440757
960619
436016
53100.2
84455.4
590593
-53846.2
-11728.8
7998.79
249589
-76991.2
1.26525e+06
1.14269e+06
1.37359e+06
1.49162e+06
14067.2
6920.45
-990.657
16716
-432994
-371250
-333171
-539324
456921
460230
977322
446309
55324.7
100872
611330
-45184.1
-35455
-13845.9
230771
-107003
1.29619e+06
1.17092e+06
1.41062e+06
1.5362e+06
17756.2
8151.53
-4934.9
28811.8
-402072
-348449
-269060
-507034
452060
451996
973924
444100
76810.9
125905
643554
-6142.64
-50198.9
-29428.4
208987
-115802
155114
138715
160941
183922
-306766
-246647
23714.2
-430161
-681534
-610715
-688856
-819689
-1.11359e+06
-1.03961e+06
-1.672e+06
-1.22114e+06
-749948
-649819
-540918
-943591
-388549
-273940
500305
-656628
148773
132551
97591.3
196087
-294316
-239607
2054.15
-411777
-694988
-623762
-713858
-830167
-1.1433e+06
-1.07077e+06
-1.7168e+06
-1.25823e+06
-749198
-652432
-552240
-944527
-412091
-300972
429683
-673464
175156
154073
125476
228072
-279728
-231118
23705
-395027
-733041
-662807
-764947
-866861
-1.1353e+06
-1.05671e+06
-1.70327e+06
-1.24059e+06
-769453
-669698
-596640
-955147
-429494
-315056
438363
-696626
202378
177729
131221
259331
-279204
-226294
11396.4
-398058
-749557
-675460
-792670
-889151
-1.12185e+06
-1.05172e+06
-1.70311e+06
-1.21972e+06
-765558
-672917
-602012
-947701
-438722
-321659
430204
-707175
236277
202232
151830
294562
-267121
-217349
13874.8
-384482
-763738
-684040
-799183
-912174
-1.10131e+06
-1.03005e+06
-1.69691e+06
-1.19656e+06
-741145
-648298
-581226
-929923
-441647
-327684
422288
-721921
241644
204485
171218
301080
-271030
-211803
23729.8
-381138
-831722
-744453
-849676
-996982
-1.10468e+06
-1.03696e+06
-1.65034e+06
-1.21087e+06
-735246
-636191
-528072
-915939
-458786
-335949
436953
-740138
229122
206408
166494
283584
-265215
-211568
20064.9
-384250
-826173
-727896
-828710
-981912
-1.11784e+06
-1.03303e+06
-1.65595e+06
-1.2241e+06
-733376
-632978
-528195
-923834
-438315
-312072
481031
-722591
204963
177153
136088
256069
-274705
-225300
5700.69
-397909
-812071
-716138
-817919
-969605
-1.11552e+06
-1.03483e+06
-1.63224e+06
-1.2301e+06
-730026
-627253
-492877
-931449
-437894
-312316
507259
-726974
221325
195461
182766
273972
-295095
-241650
-30565.4
-406987
-789694
-697642
-795258
-936999
-1.08738e+06
-1.00015e+06
-1.59471e+06
-1.18587e+06
-734492
-625118
-480476
-925190
-427810
-299250
566162
-720972
266354
242731
262542
322803
-297783
-242540
-53972.8
-409334
-741013
-653553
-726850
-879803
-1.00801e+06
-932302
-1.48877e+06
-1.08857e+06
-706659
-606800
-433250
-893183
-405133
-274510
620310
-694478
300023
267356
309342
351392
-305056
-256346
-81816.5
-419012
-725376
-637057
-708162
-869201
-947870
-882228
-1.42117e+06
-1.03284e+06
-682601
-584481
-387449
-886119
-383035
-259095
672975
-691562
303742
270043
324814
357768
-316147
-258455
-113221
-419206
-734435
-646030
-712682
-875584
-921463
-857308
-1.37822e+06
-997420
-670795
-564783
-341750
-860401
-377811
-245906
707984
-677529
296029
269787
301215
354921
-283225
-231039
-64995.1
-381379
-719997
-645461
-702235
-864601
-907595
-839742
-1.3709e+06
-986574
-674040
-561830
-339194
-872933
-332881
-198211
780884
-625000
320262
285532
301641
394051
-237427
-198136
-13945.6
-333596
-707177
-638600
-716208
-843824
-884026
-828798
-1.33441e+06
-967855
-655317
-546736
-297224
-850235
-296696
-177477
812384
-590945
327566
291726
310464
395722
-243957
-198011
-23826.7
-332058
-733869
-664463
-790036
-862418
-879591
-813182
-1.34882e+06
-946385
-676661
-564845
-335915
-867840
-288515
-158825
856031
-579026
340474
307836
334116
411158
-237912
-188143
-28683.8
-328853
-737425
-671841
-828289
-862207
-852177
-799367
-1.338e+06
-914929
-686002
-580531
-345977
-878710
-261364
-133401
906466
-546344
357152
306418
322302
423316
-201482
-165092
12194.1
-288584
-743404
-673545
-866576
-857940
-830016
-779841
-1.33418e+06
-880622
-685014
-580849
-348238
-882544
-218343
-96633.2
958843
-506199
332373
287186
275892
407805
-187175
-138571
23495.7
-264337
-782311
-714654
-940654
-903254
-811743
-764911
-1.31701e+06
-862522
-700024
-595221
-381066
-888606
-189066
-65671.8
1.00432e+06
-469001
349297
310383
295064
433288
-133247
-108827
108585
-214635
-781693
-716598
-938435
-900991
-818952
-775022
-1.34242e+06
-875038
-657848
-554891
-354181
-849478
-140394
-24970.1
1.06344e+06
-416209
356187
320093
286428
441601
-125041
-96290.3
122575
-207433
-812995
-739650
-977872
-940180
-842196
-800418
-1.36918e+06
-910190
-640630
-544759
-333723
-834450
-145534
-28829.5
1.04291e+06
-424437
412807
364564
398777
499541
-129812
-108322
154122
-224741
-835838
-769020
-1.00147e+06
-965900
-853698
-806857
-1.37088e+06
-918465
-643836
-550123
-333075
-831686
-133023
-13488.8
1.12101e+06
-415154
436921
391476
421747
524362
-182128
-144485
103503
-285967
-867644
-792544
-1.04011e+06
-1.00418e+06
-863182
-819643
-1.41184e+06
-918474
-646706
-555869
-356985
-829156
-142022
-19098.2
1.10174e+06
-419110
452022
398211
418463
532862
-205559
-167243
77741.4
-317892
-901892
-817091
-1.06494e+06
-1.04996e+06
-873562
-828057
-1.44953e+06
-929266
-653124
-564517
-389537
-845968
-143058
-24636.3
1.07042e+06
-426931
466483
408414
478537
541676
-215415
-170753
92461.3
-328622
-945873
-863369
-1.09217e+06
-1.10995e+06
-890123
-851755
-1.44394e+06
-958381
-646375
-551905
-354818
-831272
-147420
-30909.1
1.07378e+06
-433647
438508
394409
457186
520243
-240069
-193806
61496.4
-360188
-949611
-860625
-1.08608e+06
-1.10757e+06
-923184
-869471
-1.49485e+06
-986541
-634208
-537123
-341953
-823241
-162067
-47738.2
1.01926e+06
-448913
410758
370355
403460
495422
-275514
-224720
13324.7
-398262
-959376
-866339
-1.10754e+06
-1.12052e+06
-946871
-893543
-1.53202e+06
-1.01249e+06
-645033
-550774
-341322
-844940
-217995
-105162
912769
-507631
452972
400429
467742
540054
-272339
-233868
11121.4
-397810
-943128
-864106
-1.09038e+06
-1.09433e+06
-933689
-889227
-1.55227e+06
-989887
-655452
-562107
-359666
-850033
-242803
-128753
885218
-533892
463452
412031
491845
541866
-308463
-260389
-20743.7
-445682
-934963
-852666
-1.07361e+06
-1.09434e+06
-926245
-892146
-1.57563e+06
-977408
-665083
-578821
-368672
-864547
-278416
-159722
828301
-570301
454923
402156
463521
533529
-346158
-289590
-64340.4
-486456
-951919
-859529
-1.07746e+06
-1.11739e+06
-950764
-908351
-1.63526e+06
-995518
-687263
-592154
-387767
-894484
-324742
-204457
739157
-623375
453379
405051
491873
529809
-371188
-299754
-70967.4
-510809
-971586
-870831
-1.06748e+06
-1.14239e+06
-961846
-917357
-1.64349e+06
-1.00764e+06
-683364
-578968
-343194
-884633
-362312
-233952
689508
-657491
435735
387374
452174
509939
-331622
-275272
-15176.6
-466133
-921279
-829935
-982708
-1.09096e+06
-984166
-934461
-1.69435e+06
-1.03291e+06
-661406
-551268
-306329
-859355
-327899
-206787
724594
-610307
393115
344664
374886
472826
-319397
-269929
-12638.1
-455347
-905500
-812593
-938363
-1.07386e+06
-1.01268e+06
-970006
-1.7201e+06
-1.07348e+06
-654741
-553184
-282063
-858431
-341107
-223008
697545
-624893
376788
327303
356426
441986
-337072
-286160
-38550.8
-473252
-900148
-812153
-924377
-1.0779e+06
-1.05402e+06
-1.00229e+06
-1.77544e+06
-1.1194e+06
-695145
-586287
-335676
-902893
-363060
-241602
692062
-659825
344865
307311
327360
412911
-382606
-323603
-105708
-522426
-909580
-815104
-907163
-1.09069e+06
-1.0912e+06
-1.03868e+06
-1.83573e+06
-1.15047e+06
-719446
-613256
-355229
-923160
-392485
-261148
666694
-679216
319259
272128
279863
380147
-413512
-357323
-157989
-551499
-919851
-818235
-882095
-1.10522e+06
-1.13893e+06
-1.08852e+06
-1.90604e+06
-1.20251e+06
-741904
-630447
-377343
-953484
-407578
-283032
640411
-705503
295980
254430
263852
358760
-425500
-357377
-183655
-554338
-934817
-828279
-874980
-1.12387e+06
-1.17309e+06
-1.11705e+06
-1.9334e+06
-1.24386e+06
-734899
-618303
-358640
-934993
-416547
-284635
629272
-705556
155114
138715
160941
183922
-306766
-246647
23714.2
-430161
-681534
-610715
-688856
-819689
-1.11359e+06
-1.03961e+06
-1.672e+06
-1.22114e+06
-749948
-649819
-540918
-943591
-388549
-273940
500305
-656628
148773
132551
97591.3
196087
-294316
-239607
2054.15
-411777
-694988
-623762
-713858
-830167
-1.1433e+06
-1.07077e+06
-1.7168e+06
-1.25823e+06
-749198
-652432
-552240
-944527
-412091
-300972
429683
-673464
175156
154073
125476
228072
-279728
-231118
23705
-395027
-733041
-662807
-764947
-866861
-1.1353e+06
-1.05671e+06
-1.70327e+06
-1.24059e+06
-769453
-669698
-596640
-955147
-429494
-315056
438363
-696626
202378
177729
131221
259331
-279204
-226294
11396.4
-398058
-749557
-675460
-792670
-889151
-1.12185e+06
-1.05172e+06
-1.70311e+06
-1.21972e+06
-765558
-672917
-602012
-947701
-438722
-321659
430204
-707175
236277
202232
151830
294562
-267121
-217349
13874.8
-384482
-763738
-684040
-799183
-912174
-1.10131e+06
-1.03005e+06
-1.69691e+06
-1.19656e+06
-741145
-648298
-581226
-929923
-441647
-327684
422288
-721921
241644
204485
171218
301080
-271030
-211803
23729.8
-381138
-831722
-744453
-849676
-996982
-1.10468e+06
-1.03696e+06
-1.65034e+06
-1.21087e+06
-735246
-636191
-528072
-915939
-458786
-335949
436953
-740138
229122
206408
166494
283584
-265215
-211568
20064.9
-384250
-826173
-727896
-828710
-981912
-1.11784e+06
-1.03303e+06
-1.65595e+06
-1.2241e+06
-733376
-632978
-528195
-923834
-438315
-312072
481031
-722591
204963
177153
136088
256069
-274705
-225300
5700.69
-397909
-812071
-716138
-817919
-969605
-1.11552e+06
-1.03483e+06
-1.63224e+06
-1.2301e+06
-730026
-627253
-492877
-931449
-437894
-312316
507259
-726974
221325
195461
182766
273972
-295095
-241650
-30565.4
-406987
-789694
-697642
-795258
-936999
-1.08738e+06
-1.00015e+06
-1.59471e+06
-1.18587e+06
-734492
-625118
-480476
-925190
-427810
-299250
566162
-720972
266354
242731
262542
322803
-297783
-242540
-53972.8
-409334
-741013
-653553
-726850
-879803
-1.00801e+06
-932302
-1.48877e+06
-1.08857e+06
-706659
-606800
-433250
-893183
-405133
-274510
620310
-694478
300023
267356
309342
351392
-305056
-256346
-81816.5
-419012
-725376
-637057
-708162
-869201
-947870
-882228
-1.42117e+06
-1.03284e+06
-682601
-584481
-387449
-886119
-383035
-259095
672975
-691562
303742
270043
324814
357768
-316147
-258455
-113221
-419206
-734435
-646030
-712682
-875584
-921463
-857308
-1.37822e+06
-997420
-670795
-564783
-341750
-860401
-377811
-245906
707984
-677529
296029
269787
301215
354921
-283225
-231039
-64995.1
-381379
-719997
-645461
-702235
-864601
-907595
-839742
-1.3709e+06
-986574
-674040
-561830
-339194
-872933
-332881
-198211
780884
-625000
320262
285532
301641
394051
-237427
-198136
-13945.6
-333596
-707177
-638600
-716208
-843824
-884026
-828798
-1.33441e+06
-967855
-655317
-546736
-297224
-850235
-296696
-177477
812384
-590945
327566
291726
310464
395722
-243957
-198011
-23826.7
-332058
-733869
-664463
-790036
-862418
-879591
-813182
-1.34882e+06
-946385
-676661
-564845
-335915
-867840
-288515
-158825
856031
-579026
340474
307836
334116
411158
-237912
-188143
-28683.8
-328853
-737425
-671841
-828289
-862207
-852177
-799367
-1.338e+06
-914929
-686002
-580531
-345977
-878710
-261364
-133401
906466
-546344
357152
306418
322302
423316
-201482
-165092
12194.1
-288584
-743404
-673545
-866576
-857940
-830016
-779841
-1.33418e+06
-880622
-685014
-580849
-348238
-882544
-218343
-96633.2
958843
-506199
332373
287186
275892
407805
-187175
-138571
23495.7
-264337
-782311
-714654
-940654
-903254
-811743
-764911
-1.31701e+06
-862522
-700024
-595221
-381066
-888606
-189066
-65671.8
1.00432e+06
-469001
349297
310383
295064
433288
-133247
-108827
108585
-214635
-781693
-716598
-938435
-900991
-818952
-775022
-1.34242e+06
-875038
-657848
-554891
-354181
-849478
-140394
-24970.1
1.06344e+06
-416209
356187
320093
286428
441601
-125041
-96290.3
122575
-207433
-812995
-739650
-977872
-940180
-842196
-800418
-1.36918e+06
-910190
-640630
-544759
-333723
-834450
-145534
-28829.5
1.04291e+06
-424437
412807
364564
398777
499541
-129812
-108322
154122
-224741
-835838
-769020
-1.00147e+06
-965900
-853698
-806857
-1.37088e+06
-918465
-643836
-550123
-333075
-831686
-133023
-13488.8
1.12101e+06
-415154
436921
391476
421747
524362
-182128
-144485
103503
-285967
-867644
-792544
-1.04011e+06
-1.00418e+06
-863182
-819643
-1.41184e+06
-918474
-646706
-555869
-356985
-829156
-142022
-19098.2
1.10174e+06
-419110
452022
398211
418463
532862
-205559
-167243
77741.4
-317892
-901892
-817091
-1.06494e+06
-1.04996e+06
-873562
-828057
-1.44953e+06
-929266
-653124
-564517
-389537
-845968
-143058
-24636.3
1.07042e+06
-426931
466483
408414
478537
541676
-215415
-170753
92461.3
-328622
-945873
-863369
-1.09217e+06
-1.10995e+06
-890123
-851755
-1.44394e+06
-958381
-646375
-551905
-354818
-831272
-147420
-30909.1
1.07378e+06
-433647
438508
394409
457186
520243
-240069
-193806
61496.4
-360188
-949611
-860625
-1.08608e+06
-1.10757e+06
-923184
-869471
-1.49485e+06
-986541
-634208
-537123
-341953
-823241
-162067
-47738.2
1.01926e+06
-448913
410758
370355
403460
495422
-275514
-224720
13324.7
-398262
-959376
-866339
-1.10754e+06
-1.12052e+06
-946871
-893543
-1.53202e+06
-1.01249e+06
-645033
-550774
-341322
-844940
-217995
-105162
912769
-507631
452972
400429
467742
540054
-272339
-233868
11121.4
-397810
-943128
-864106
-1.09038e+06
-1.09433e+06
-933689
-889227
-1.55227e+06
-989887
-655452
-562107
-359666
-850033
-242803
-128753
885218
-533892
463452
412031
491845
541866
-308463
-260389
-20743.7
-445682
-934963
-852666
-1.07361e+06
-1.09434e+06
-926245
-892146
-1.57563e+06
-977408
-665083
-578821
-368672
-864547
-278416
-159722
828301
-570301
454923
402156
463521
533529
-346158
-289590
-64340.4
-486456
-951919
-859529
-1.07746e+06
-1.11739e+06
-950764
-908351
-1.63526e+06
-995518
-687263
-592154
-387767
-894484
-324742
-204457
739157
-623375
453379
405051
491873
529809
-371188
-299754
-70967.4
-510809
-971586
-870831
-1.06748e+06
-1.14239e+06
-961846
-917357
-1.64349e+06
-1.00764e+06
-683364
-578968
-343194
-884633
-362312
-233952
689508
-657491
435735
387374
452174
509939
-331622
-275272
-15176.6
-466133
-921279
-829935
-982708
-1.09096e+06
-984166
-934461
-1.69435e+06
-1.03291e+06
-661406
-551268
-306329
-859355
-327899
-206787
724594
-610307
393115
344664
374886
472826
-319397
-269929
-12638.1
-455347
-905500
-812593
-938363
-1.07386e+06
-1.01268e+06
-970006
-1.7201e+06
-1.07348e+06
-654741
-553184
-282063
-858431
-341107
-223008
697545
-624893
376788
327303
356426
441986
-337072
-286160
-38550.8
-473252
-900148
-812153
-924377
-1.0779e+06
-1.05402e+06
-1.00229e+06
-1.77544e+06
-1.1194e+06
-695145
-586287
-335676
-902893
-363060
-241602
692062
-659825
344865
307311
327360
412911
-382606
-323603
-105708
-522426
-909580
-815104
-907163
-1.09069e+06
-1.0912e+06
-1.03868e+06
-1.83573e+06
-1.15047e+06
-719446
-613256
-355229
-923160
-392485
-261148
666694
-679216
319259
272128
279863
380147
-413512
-357323
-157989
-551499
-919851
-818235
-882095
-1.10522e+06
-1.13893e+06
-1.08852e+06
-1.90604e+06
-1.20251e+06
-741904
-630447
-377343
-953484
-407578
-283032
640411
-705503
295980
254430
263852
358760
-425500
-357377
-183655
-554338
-934817
-828279
-874980
-1.12387e+06
-1.17309e+06
-1.11705e+06
-1.9334e+06
-1.24386e+06
-734899
-618303
-358640
-934993
-416547
-284635
629272
-705556
155114
138715
160941
183922
-306766
-246647
23714.2
-430161
-681534
-610715
-688856
-819689
-1.11359e+06
-1.03961e+06
-1.672e+06
-1.22114e+06
-749948
-649819
-540918
-943591
-388549
-273940
500305
-656628
148773
132551
97591.3
196087
-294316
-239607
2054.15
-411777
-694988
-623762
-713858
-830167
-1.1433e+06
-1.07077e+06
-1.7168e+06
-1.25823e+06
-749198
-652432
-552240
-944527
-412091
-300972
429683
-673464
175156
154073
125476
228072
-279728
-231118
23705
-395027
-733041
-662807
-764947
-866861
-1.1353e+06
-1.05671e+06
-1.70327e+06
-1.24059e+06
-769453
-669698
-596640
-955147
-429494
-315056
438363
-696626
202378
177729
131221
259331
-279204
-226294
11396.4
-398058
-749557
-675460
-792670
-889151
-1.12185e+06
-1.05172e+06
-1.70311e+06
-1.21972e+06
-765558
-672917
-602012
-947701
-438722
-321659
430204
-707175
236277
202232
151830
294562
-267121
-217349
13874.8
-384482
-763738
-684040
-799183
-912174
-1.10131e+06
-1.03005e+06
-1.69691e+06
-1.19656e+06
-741145
-648298
-581226
-929923
-441647
-327684
422288
-721921
241644
204485
171218
301080
-271030
-211803
23729.8
-381138
-831722
-744453
-849676
-996982
-1.10468e+06
-1.03696e+06
-1.65034e+06
-1.21087e+06
-735246
-636191
-528072
-915939
-458786
-335949
436953
-740138
229122
206408
166494
283584
-265215
-211568
20064.9
-384250
-826173
-727896
-828710
-981912
-1.11784e+06
-1.03303e+06
-1.65595e+06
-1.2241e+06
-733376
-632978
-528195
-923834
-438315
-312072
481031
-722591
204963
177153
136088
256069
-274705
-225300
5700.69
-397909
-812071
-716138
-817919
-969605
-1.11552e+06
-1.03483e+06
-1.63224e+06
-1.2301e+06
-730026
-627253
-492877
-931449
-437894
-312316
507259
-726974
221325
195461
182766
273972
-295095
-241650
-30565.4
-406987
-789694
-697642
-795258
-936999
-1.08738e+06
-1.00015e+06
-1.59471e+06
-1.18587e+06
-734492
-625118
-480476
-925190
-427810
-299250
566162
-720972
266354
242731
262542
322803
-297783
-242540
-53972.8
-409334
-741013
-653553
-726850
-879803
-1.00801e+06
-932302
-1.48877e+06
-1.08857e+06
-706659
-606800
-433250
-893183
-405133
-274510
620310
-694478
300023
267356
309342
351392
-305056
-256346
-81816.5
-419012
-725376
-637057
-708162
-869201
-947870
-882228
-1.42117e+06
-1.03284e+06
-682601
-584481
-387449
-886119
-383035
-259095
672975
-691562
303742
270043
324814
357768
-316147
-258455
-113221
-419206
-734435
-646030
-712682
-875584
-921463
-857308
-1.37822e+06
-997420
-670795
-564783
-341750
-860401
-377811
-245906
707984
-677529
296029
269787
301215
354921
-283225
-231039
-64995.1
-381379
-719997
-645461
-702235
-864601
-907595
-839742
-1.3709e+06
-986574
-674040
-561830
-339194
-872933
-332881
-198211
780884
-625000
320262
285532
301641
394051
-237427
-198136
-13945.6
-333596
-707177
-638600
-716208
-843824
-884026
-828798
-1.33441e+06
-967855
-655317
-546736
-297224
-850235
-296696
-177477
812384
-590945
327566
291726
310464
395722
-243957
-198011
-23826.7
-332058
-733869
-664463
-790036
-862418
-879591
-813182
-1.34882e+06
-946385
-676661
-564845
-335915
-867840
-288515
-158825
856031
-579026
340474
307836
334116
411158
-237912
-188143
-28683.8
-328853
-737425
-671841
-828289
-862207
-852177
-799367
-1.338e+06
-914929
-686002
-580531
-345977
-878710
-261364
-133401
906466
-546344
357152
306418
322302
423316
-201482
-165092
12194.1
-288584
-743404
-673545
-866576
-857940
-830016
-779841
-1.33418e+06
-880622
-685014
-580849
-348238
-882544
-218343
-96633.2
958843
-506199
332373
287186
275892
407805
-187175
-138571
23495.7
-264337
-782311
-714654
-940654
-903254
-811743
-764911
-1.31701e+06
-862522
-700024
-595221
-381066
-888606
-189066
-65671.8
1.00432e+06
-469001
349297
310383
295064
433288
-133247
-108827
108585
-214635
-781693
-716598
-938435
-900991
-818952
-775022
-1.34242e+06
-875038
-657848
-554891
-354181
-849478
-140394
-24970.1
1.06344e+06
-416209
356187
320093
286428
441601
-125041
-96290.3
122575
-207433
-812995
-739650
-977872
-940180
-842196
-800418
-1.36918e+06
-910190
-640630
-544759
-333723
-834450
-145534
-28829.5
1.04291e+06
-424437
412807
364564
398777
499541
-129812
-108322
154122
-224741
-835838
-769020
-1.00147e+06
-965900
-853698
-806857
-1.37088e+06
-918465
-643836
-550123
-333075
-831686
-133023
-13488.8
1.12101e+06
-415154
436921
391476
421747
524362
-182128
-144485
103503
-285967
-867644
-792544
-1.04011e+06
-1.00418e+06
-863182
-819643
-1.41184e+06
-918474
-646706
-555869
-356985
-829156
-142022
-19098.2
1.10174e+06
-419110
452022
398211
418463
532862
-205559
-167243
77741.4
-317892
-901892
-817091
-1.06494e+06
-1.04996e+06
-873562
-828057
-1.44953e+06
-929266
-653124
-564517
-389537
-845968
-143058
-24636.3
1.07042e+06
-426931
466483
408414
478537
541676
-215415
-170753
92461.3
-328622
-945873
-863369
-1.09217e+06
-1.10995e+06
-890123
-851755
-1.44394e+06
-958381
-646375
-551905
-354818
-831272
-147420
-30909.1
1.07378e+06
-433647
438508
394409
457186
520243
-240069
-193806
61496.4
-360188
-949611
-860625
-1.08608e+06
-1.10757e+06
-923184
-869471
-1.49485e+06
-986541
-634208
-537123
-341953
-823241
-162067
-47738.2
1.01926e+06
-448913
410758
370355
403460
495422
-275514
-224720
13324.7
-398262
-959376
-866339
-1.10754e+06
-1.12052e+06
-946871
-893543
-1.53202e+06
-1.01249e+06
-645033
-550774
-341322
-844940
-217995
-105162
912769
-507631
452972
400429
467742
540054
-272339
-233868
11121.4
-397810
-943128
-864106
-1.09038e+06
-1.09433e+06
-933689
-889227
-1.55227e+06
-989887
-655452
-562107
-359666
-850033
-242803
-128753
885218
-533892
463452
412031
491845
541866
-308463
-260389
-20743.7
-445682
-934963
-852666
-1.07361e+06
-1.09434e+06
-926245
-892146
-1.57563e+06
-977408
-665083
-578821
-368672
-864547
-278416
-159722
828301
-570301
454923
402156
463521
533529
-346158
-289590
-64340.4
-486456
-951919
-859529
-1.07746e+06
-1.11739e+06
-950764
-908351
-1.63526e+06
-995518
-687263
-592154
-387767
-894484
-324742
-204457
739157
-623375
453379
405051
491873
529809
-371188
-299754
-70967.4
-510809
-971586
-870831
-1.06748e+06
-1.14239e+06
-961846
-917357
-1.64349e+06
-1.00764e+06
-683364
-578968
-343194
-884633
-362312
-233952
689508
-657491
435735
387374
452174
509939
-331622
-275272
-15176.6
-466133
-921279
-829935
-982708
-1.09096e+06
-984166
-934461
-1.69435e+06
-1.03291e+06
-661406
-551268
-306329
-859355
-327899
-206787
724594
-610307
393115
344664
374886
472826
-319397
-269929
-12638.1
-455347
-905500
-812593
-938363
-1.07386e+06
-1.01268e+06
-970006
-1.7201e+06
-1.07348e+06
-654741
-553184
-282063
-858431
-341107
-223008
697545
-624893
376788
327303
356426
441986
-337072
-286160
-38550.8
-473252
-900148
-812153
-924377
-1.0779e+06
-1.05402e+06
-1.00229e+06
-1.77544e+06
-1.1194e+06
-695145
-586287
-335676
-902893
-363060
-241602
692062
-659825
344865
307311
327360
412911
-382606
-323603
-105708
-522426
-909580
-815104
-907163
-1.09069e+06
-1.0912e+06
-1.03868e+06
-1.83573e+06
-1.15047e+06
-719446
-613256
-355229
-923160
-392485
-261148
666694
-679216
319259
272128
279863
380147
-413512
-357323
-157989
-551499
-919851
-818235
-882095
-1.10522e+06
-1.13893e+06
-1.08852e+06
-1.90604e+06
-1.20251e+06
-741904
-630447
-377343
-953484
-407578
-283032
640411
-705503
295980
254430
263852
358760
-425500
-357377
-183655
-554338
-934817
-828279
-874980
-1.12387e+06
-1.17309e+06
-1.11705e+06
-1.9334e+06
-1.24386e+06
-734899
-618303
-358640
-934993
-416547
-284635
629272
-705556
155114
138715
160941
183922
-306766
-246647
23714.2
-430161
-681534
-610715
-688856
-819689
-1.11359e+06
-1.03961e+06
-1.672e+06
-1.22114e+06
-749948
-649819
-540918
-943591
-388549
-273940
500305
-656628
148773
132551
97591.3
196087
-294316
-239607
2054.15
-411777
-694988
-623762
-713858
-830167
-1.1433e+06
-1.07077e+06
-1.7168e+06
-1.25823e+06
-749198
-652432
-552240
-944527
-412091
-300972
429683
-673464
175156
154073
125476
228072
-279728
-231118
23705
-395027
-733041
-662807
-764947
-866861
-1.1353e+06
-1.05671e+06
-1.70327e+06
-1.24059e+06
-769453
-669698
-596640
-955147
-429494
-315056
438363
-696626
202378
177729
131221
259331
-279204
-226294
11396.4
-398058
-749557
-675460
-792670
-889151
-1.12185e+06
-1.05172e+06
-1.70311e+06
-1.21972e+06
-765558
-672917
-602012
-947701
-438722
-321659
430204
-707175
236277
202232
151830
294562
-267121
-217349
13874.8
-384482
-763738
-684040
-799183
-912174
-1.10131e+06
-1.03005e+06
-1.69691e+06
-1.19656e+06
-741145
-648298
-581226
-929923
-441647
-327684
422288
-721921
241644
204485
171218
301080
-271030
-211803
23729.8
-381138
-831722
-744453
-849676
-996982
-1.10468e+06
-1.03696e+06
-1.65034e+06
-1.21087e+06
-735246
-636191
-528072
-915939
-458786
-335949
436953
-740138
229122
206408
166494
283584
-265215
-211568
20064.9
-384250
-826173
-727896
-828710
-981912
-1.11784e+06
-1.03303e+06
-1.65595e+06
-1.2241e+06
-733376
-632978
-528195
-923834
-438315
-312072
481031
-722591
204963
177153
136088
256069
-274705
-225300
5700.69
-397909
-812071
-716138
-817919
-969605
-1.11552e+06
-1.03483e+06
-1.63224e+06
-1.2301e+06
-730026
-627253
-492877
-931449
-437894
-312316
507259
-726974
221325
195461
182766
273972
-295095
-241650
-30565.4
-406987
-789694
-697642
-795258
-936999
-1.08738e+06
-1.00015e+06
-1.59471e+06
-1.18587e+06
-734492
-625118
-480476
-925190
-427810
-299250
566162
-720972
266354
242731
262542
322803
-297783
-242540
-53972.8
-409334
-741013
-653553
-726850
-879803
-1.00801e+06
-932302
-1.48877e+06
-1.08857e+06
-706659
-606800
-433250
-893183
-405133
-274510
620310
-694478
300023
267356
309342
351392
-305056
-256346
-81816.5
-419012
-725376
-637057
-708162
-869201
-947870
-882228
-1.42117e+06
-1.03284e+06
-682601
-584481
-387449
-886119
-383035
-259095
672975
-691562
303742
270043
324814
357768
-316147
-258455
-113221
-419206
-734435
-646030
-712682
-875584
-921463
-857308
-1.37822e+06
-997420
-670795
-564783
-341750
-860401
-377811
-245906
707984
-677529
296029
269787
301215
354921
-283225
-231039
-64995.1
-381379
-719997
-645461
-702235
-864601
-907595
-839742
-1.3709e+06
-986574
-674040
-561830
-339194
-872933
-332881
-198211
780884
-625000
320262
285532
301641
394051
-237427
-198136
-13945.6
-333596
-707177
-638600
-716208
-843824
-884026
-828798
-1.33441e+06
-967855
-655317
-546736
-297224
-850235
-296696
-177477
812384
-590945
327566
291726
310464
395722
-243957
-198011
-23826.7
-332058
-733869
-664463
-790036
-862418
-879591
-813182
-1.34882e+06
-946385
-676661
-564845
-335915
-867840
-288515
-158825
856031
-579026
340474
307836
334116
411158
-237912
-188143
-28683.8
-328853
-737425
-671841
-828289
-862207
-852177
-799367
-1.338e+06
-914929
-686002
-580531
-345977
-878710
-261364
-133401
906466
-546344
357152
306418
322302
423316
-201482
-165092
12194.1
-288584
-743404
-673545
-866576
-857940
-830016
-779841
-1.33418e+06
-880622
-685014
-580849
-348238
-882544
-218343
-96633.2
958843
-506199
332373
287186
275892
407805
-187175
-138571
23495.7
-264337
-782311
-714654
-940654
-903254
-811743
-764911
-1.31701e+06
-862522
-700024
-595221
-381066
-888606
-189066
-65671.8
1.00432e+06
-469001
349297
310383
295064
433288
-133247
-108827
108585
-214635
-781693
-716598
-938435
-900991
-818952
-775022
-1.34242e+06
-875038
-657848
-554891
-354181
-849478
-140394
-24970.1
1.06344e+06
-416209
356187
320093
286428
441601
-125041
-96290.3
122575
-207433
-812995
-739650
-977872
-940180
-842196
-800418
-1.36918e+06
-910190
-640630
-544759
-333723
-834450
-145534
-28829.5
1.04291e+06
-424437
412807
364564
398777
499541
-129812
-108322
154122
-224741
-835838
-769020
-1.00147e+06
-965900
-853698
-806857
-1.37088e+06
-918465
-643836
-550123
-333075
-831686
-133023
-13488.8
1.12101e+06
-415154
436921
391476
421747
524362
-182128
-144485
103503
-285967
-867644
-792544
-1.04011e+06
-1.00418e+06
-863182
-819643
-1.41184e+06
-918474
-646706
-555869
-356985
-829156
-142022
-19098.2
1.10174e+06
-419110
452022
398211
418463
532862
-205559
-167243
77741.4
-317892
-901892
-817091
-1.06494e+06
-1.04996e+06
-873562
-828057
-1.44953e+06
-929266
-653124
-564517
-389537
-845968
-143058
-24636.3
1.07042e+06
-426931
466483
408414
478537
541676
-215415
-170753
92461.3
-328622
-945873
-863369
-1.09217e+06
-1.10995e+06
-890123
-851755
-1.44394e+06
-958381
-646375
-551905
-354818
-831272
-147420
-30909.1
1.07378e+06
-433647
438508
394409
457186
520243
-240069
-193806
61496.4
-360188
-949611
-860625
-1.08608e+06
-1.10757e+06
-923184
-869471
-1.49485e+06
-986541
-634208
-537123
-341953
-823241
-162067
-47738.2
1.01926e+06
-448913
410758
370355
403460
495422
-275514
-224720
13324.7
-398262
-959376
-866339
-1.10754e+06
-1.12052e+06
-946871
-893543
-1.53202e+06
-1.01249e+06
-645033
-550774
-341322
-844940
-217995
-105162
912769
-507631
452972
400429
467742
540054
-272339
-233868
11121.4
-397810
-943128
-864106
-1.09038e+06
-1.09433e+06
-933689
-889227
-1.55227e+06
-989887
-655452
-562107
-359666
-850033
-242803
-128753
885218
-533892
463452
412031
491845
541866
-308463
-260389
-20743.7
-445682
-934963
-852666
-1.07361e+06
-1.09434e+06
-926245
-892146
-1.57563e+06
-977408
-665083
-578821
-368672
-864547
-278416
-159722
828301
-570301
454923
402156
463521
533529
-346158
-289590
-64340.4
-486456
-951919
-859529
-1.07746e+06
-1.11739e+06
-950764
-908351
-1.63526e+06
-995518
-687263
-592154
-387767
-894484
-324742
-204457
739157
-623375
453379
405051
491873
529809
-371188
-299754
-70967.4
-510809
-971586
-870831
-1.06748e+06
-1.14239e+06
-961846
-917357
-1.64349e+06
-1.00764e+06
-683364
-578968
-343194
-884633
-362312
-233952
689508
-657491
435735
387374
452174
509939
-331622
-275272
-15176.6
-466133
-921279
-829935
-982708
-1.09096e+06
-984166
-934461
-1.69435e+06
-1.03291e+06
-661406
-551268
-306329
-859355
-327899
-206787
724594
-610307
393115
344664
374886
472826
-319397
-269929
-12638.1
-455347
-905500
-812593
-938363
-1.07386e+06
-1.01268e+06
-970006
-1.7201e+06
-1.07348e+06
-654741
-553184
-282063
-858431
-341107
-223008
697545
-624893
376788
327303
356426
441986
-337072
-286160
-38550.8
-473252
-900148
-812153
-924377
-1.0779e+06
-1.05402e+06
-1.00229e+06
-1.77544e+06
-1.1194e+06
-695145
-586287
-335676
-902893
-363060
-241602
692062
-659825
344865
307311
327360
412911
-382606
-323603
-105708
-522426
-909580
-815104
-907163
-1.09069e+06
-1.0912e+06
-1.03868e+06
-1.83573e+06
-1.15047e+06
-719446
-613256
-355229
-923160
-392485
-261148
666694
-679216
319259
272128
279863
380147
-413512
-357323
-157989
-551499
-919851
-818235
-882095
-1.10522e+06
-1.13893e+06
-1.08852e+06
-1.90604e+06
-1.20251e+06
-741904
-630447
-377343
-953484
-407578
-283032
640411
-705503
295980
254430
263852
358760
-425500
-357377
-183655
-554338
-934817
-828279
-874980
-1.12387e+06
-1.17309e+06
-1.11705e+06
-1.9334e+06
-1.24386e+06
-734899
-618303
-358640
-934993
-416547
-284635
629272
-705556
