-263415
-228487
-141005
-330400
-48614.3
-56930.6
-122216
-42258.8
478194
434202
604644
544310
-15267.8
-34310.9
-220129
17377.9
-83320.5
-88097
-245244
-71247.4
439629
384694
344228
539726
-281240
-237207
-166246
-356582
-73153
-70227
-158252
-64452.1
482762
431409
580878
562612
-40626.1
-55411.7
-259862
3324.82
-84196.6
-92290.9
-251219
-64904.6
470155
417460
386911
584033
-305604
-262641
-142712
-387284
-112974
-114326
-217361
-103366
430451
378746
474185
508734
-101977
-112536
-359324
-65467.5
-118052
-119555
-305306
-89338.7
469767
410405
382811
583567
-326625
-287083
-213291
-416010
-131566
-134499
-299052
-131967
388069
342520
363301
458663
-121356
-126163
-419983
-88587.8
-106569
-106616
-327252
-86534.3
453692
397827
326260
563499
-330813
-274997
-173747
-437382
-147009
-136343
-302179
-151229
377497
342430
339700
461937
-147071
-145106
-455544
-107421
-102224
-103768
-319102
-76091.8
461471
408422
335232
578568
-307545
-249212
-97985.2
-412706
-112049
-100781
-212459
-108930
405727
366350
376208
505840
-114558
-115560
-412422
-62342.1
-61640.6
-67769.8
-269346
-26876.4
503531
447101
415695
626006
-278084
-235975
-46828.1
-381910
-99050.8
-105483
-186689
-113228
427005
381790
399182
510726
-69510
-90673
-364110
-33239.7
-35363.1
-46815.4
-237081
-14201.5
534279
479761
472477
646285
-267027
-212198
-24736.7
-362244
-108127
-102459
-187269
-102653
455588
403883
457338
549017
-56792.7
-78725
-320577
-11605
-6252.95
-22063.9
-178080
29941.7
592256
530614
561537
723664
-253492
-205949
38995.5
-366492
-105030
-105468
-188487
-112714
448747
404163
479574
529523
-67332.8
-85367.6
-312442
-38605.2
-15513.2
-27923.6
-180567
14847.8
614769
543209
585105
734176
-275790
-226046
1377.44
-390046
-147469
-142281
-264932
-157026
421342
384182
446011
497734
-89514.8
-97503.7
-324662
-66933.3
-31769.6
-39091.7
-223323
-6384.47
592952
532016
551023
715896
-266931
-214096
52699.3
-395570
-143551
-140760
-244102
-156711
442710
408399
499912
528069
-78979.6
-90458
-279524
-55148
-22618.2
-32225.7
-188428
3877.77
603803
536118
569550
726795
-276654
-232069
37590.5
-409022
-145911
-146298
-241179
-163546
450118
406671
515403
524678
-67325.8
-77280.4
-254348
-40237.9
-12981.8
-28965.9
-183685
13693.8
607178
535600
583063
723546
-323484
-264167
-14166.9
-442694
-197944
-183571
-312308
-203070
424072
380605
491132
492919
-73824.8
-81791.7
-249537
-52130.7
-38032.4
-40709.6
-202300
-5486.44
584179
521240
568401
705912
-322456
-248863
-13257.5
-440244
-195193
-172943
-328918
-191465
446050
402863
528076
520184
-71999.7
-80152
-259440
-40417.5
-21165.8
-28559.3
-183827
12034.3
618361
553082
591034
749955
-312079
-251395
38019
-445346
-207411
-204007
-372695
-211689
428126
375229
518968
480309
-98879.7
-112475
-300158
-81091.7
-44788.1
-55440
-216112
-10080.5
618155
536130
572313
740347
-322791
-260089
36459.1
-457881
-238064
-224013
-419515
-247161
368933
341571
484894
416386
-120827
-116975
-302705
-108106
-53813.7
-51477.4
-217285
-27541.1
580805
516867
528300
707241
-345349
-277611
50327.6
-505667
-250329
-233506
-416985
-267664
356584
330230
488097
396039
-112390
-112261
-266193
-106970
-68620.5
-77462.8
-220361
-54853.1
573047
507660
514202
692837
-341371
-270056
85657.5
-500127
-224043
-200873
-356569
-225091
353735
324409
516430
402999
-86766.2
-85519.6
-198932
-68539.9
-64176.3
-65619.5
-208091
-36017.9
597495
532511
578606
724594
-353350
-276374
73372.9
-494087
-215894
-202817
-351197
-223032
351156
333682
508798
389354
-64447.8
-61307.6
-204826
-40484
-49920.3
-52109.5
-206015
-22144.5
613202
554666
597546
748053
-356340
-287827
24235.4
-504892
-227712
-215747
-371262
-235913
381061
348759
537466
428417
-43441.8
-51007.9
-212165
-2858.13
-37319
-52773.5
-207173
-6202.74
643768
577228
626207
786224
-394111
-317849
-12931.6
-547757
-265212
-253187
-430588
-294084
358418
338832
494567
389101
-64246.3
-68653.7
-282554
-37275.8
-80036.7
-85034.5
-281834
-56859.9
620374
546912
570752
739610
-382789
-321424
-26139.6
-526251
-283376
-277725
-439456
-308393
365359
337809
522940
404859
-51872.6
-66041.7
-279943
-14204.4
-64802.8
-75050.9
-250605
-38131.4
596705
527580
554589
728442
-398554
-334176
-75090.5
-550650
-309499
-300380
-494270
-336291
358031
332641
489601
407659
-69140.9
-83733.5
-344409
-18523.4
-74049.6
-85291.9
-280190
-40785.9
556073
485246
467494
687393
-444108
-379856
-190696
-588368
-363519
-349199
-598931
-394226
337530
306628
409059
387766
-77449.4
-86917.6
-413362
-16189.9
-96887.8
-108257
-374416
-57388.1
527547
461407
407593
653399
-451883
-386084
-235967
-570970
-381478
-365755
-626694
-401618
348484
315913
409795
397553
-75082.7
-102177
-438343
-16902
-122040
-134195
-439444
-74450.6
504896
433977
347406
636648
-439444
-369400
-242527
-568678
-376108
-356301
-629287
-402458
403389
368679
505426
456951
-97458.4
-124360
-475307
-44863.8
-123211
-138369
-454134
-82841.1
503606
429992
306631
633824
-442707
-381157
-198161
-571890
-388016
-378096
-623565
-415058
409643
372873
553935
452762
-158019
-182148
-529132
-119503
-159932
-173446
-474664
-121290
459617
378499
253353
582573
-445810
-384043
-224047
-574541
-388067
-371559
-632340
-416127
423884
398037
590045
470662
-178383
-191267
-557557
-136016
-170013
-177332
-493482
-135703
409445
343022
163287
541645
-454480
-382933
-228937
-598233
-381069
-354575
-605165
-411686
452997
427467
634766
506134
-200816
-206916
-587268
-157293
-192716
-198598
-530329
-159438
377469
313530
83898.9
512659
-457770
-392849
-244044
-594586
-357483
-334712
-550601
-386440
477739
444736
681203
535949
-184102
-195461
-557122
-140161
-196892
-202446
-534623
-160981
360786
290327
40125.5
499557
-471685
-405390
-263565
-588701
-374804
-356781
-577920
-407578
468550
437746
657196
514349
-177779
-185270
-550439
-139383
-223345
-226220
-568682
-202686
344785
283921
9149.25
476079
-482655
-422875
-311420
-612704
-394725
-373781
-596657
-428310
463414
421166
650964
516513
-185758
-202385
-560805
-139340
-265338
-273199
-610056
-250196
344186
280098
11742.2
484597
-526335
-462763
-363150
-653967
-438368
-423041
-672888
-477710
409599
371928
554232
450641
-240803
-254573
-652857
-209891
-346526
-343862
-726148
-338310
299506
231184
-75505.6
425838
-511363
-451556
-374922
-630391
-436863
-413539
-665922
-480756
383965
361457
540337
423353
-245381
-248752
-642158
-218010
-364674
-356054
-726296
-373420
276023
219553
-109754
412261
-496011
-435436
-344929
-627993
-417861
-392726
-597522
-465985
396133
370724
554134
446560
-247002
-251393
-627202
-213316
-393634
-383446
-735437
-403392
266994
203742
-132619
402799
-510998
-452644
-394501
-635804
-426465
-402253
-612832
-476083
400217
368635
541323
453171
-240120
-244460
-639213
-200464
-420358
-408491
-795490
-428353
250627
188689
-163842
379989
-271568
-227971
-112890
-369196
139481
109775
74847.3
179481
-793020
-732828
-966437
-904201
256335
239267
301884
307927
-17007.3
-23647.1
-93693.8
-2523.66
696048
631226
836373
803412
-321679
-277950
-164371
-415694
131188
108008
24672.4
184250
-820119
-757792
-1.04147e+06
-935347
230728
214953
230324
295320
-18110.4
-26647.3
-105814
-509.117
715921
645847
837497
831814
-370548
-317031
-229995
-469024
118358
86758.5
-21356.7
177658
-868568
-804238
-1.10504e+06
-983674
223936
190238
162503
289172
-44537.1
-47242.5
-139392
-23570
718168
646890
810340
849937
-410357
-345730
-304503
-519177
86366
52866.1
-120763
138606
-908439
-838450
-1.20156e+06
-1.02938e+06
189627
164081
58099.4
263032
-31186.2
-38639.9
-157422
-14258.8
717599
649334
770203
847159
-418027
-365174
-313384
-527559
87578
67817.9
-139398
164415
-936352
-854999
-1.25359e+06
-1.04892e+06
188128
157342
23775.8
264242
-26285.3
-28775
-153075
-11686.4
737475
669432
777196
874232
-418567
-362861
-305446
-521179
137502
112091
-73715.2
211935
-902575
-831623
-1.22975e+06
-1.00661e+06
218224
191685
92088.6
288053
-2733.67
-5234.71
-94251
18837.3
770617
696383
830570
908509
-389439
-332524
-274045
-506918
158164
118215
-34354.8
221737
-879396
-822481
-1.20511e+06
-993035
279015
249903
212949
353524
2122.03
-11199.2
-71770.6
3743.42
758464
683912
827292
886502
-393530
-338768
-248596
-499617
162686
139171
-21771.8
244365
-917085
-852303
-1.25553e+06
-1.02604e+06
295652
261982
231203
377901
533.159
-8310.63
-66454.6
10300.4
779705
704032
849999
921760
-398267
-344106
-250300
-511410
191374
163077
34453.8
271878
-937923
-868974
-1.26475e+06
-1.05352e+06
341981
291777
269048
417286
3016.52
-777.817
-36953.4
9383.31
797253
714919
868430
935199
-451181
-380091
-321195
-579611
166994
131677
-35355.3
238128
-1.00295e+06
-927203
-1.39017e+06
-1.12402e+06
314562
278135
234685
394455
-2902.67
-8003.03
-49447.3
2453.66
731366
657879
767480
865289
-431994
-369593
-269077
-554937
173575
148828
-7245.02
253607
-1.02476e+06
-943711
-1.42291e+06
-1.1341e+06
344102
296696
275951
423433
4215.06
-4907.32
-23979.4
1417.75
710635
638319
734646
845372
-432851
-374723
-271109
-552947
191672
158691
27650
252789
-1.00885e+06
-941181
-1.44502e+06
-1.12326e+06
381107
336975
362177
447192
-8307.8
-21707.5
-29679.4
-16426.1
684601
606977
694965
807656
-455532
-384247
-289468
-575631
173953
146116
34702.7
235896
-1.02905e+06
-952010
-1.43839e+06
-1.13781e+06
367670
330553
366093
444344
-56128.7
-46690.3
-78051.2
-58804.4
642842
579743
649709
768619
-459416
-399495
-289936
-582106
195419
176958
78578.7
266310
-1.03413e+06
-952391
-1.43611e+06
-1.1461e+06
374513
343906
349609
463809
-41706.6
-30803
-58832.7
-41593.4
671339
610396
697380
797720
-485267
-426602
-322260
-610131
229226
198224
121803
296160
-1.0363e+06
-951377
-1.41211e+06
-1.15989e+06
393239
335086
340982
467608
-44226
-40322.1
-63866.6
-43386
688175
613412
729375
806802
-516732
-437429
-351339
-651056
211295
183033
106702
273622
-1.05656e+06
-971090
-1.41565e+06
-1.18598e+06
347448
310627
295503
432203
-49858.1
-38183.1
-65117.5
-53396.5
643530
588369
706316
758209
-522505
-454202
-340714
-668782
191265
167405
99366.9
254544
-1.09182e+06
-1.00743e+06
-1.43948e+06
-1.24537e+06
335497
289010
279881
403240
-54337.6
-47031.8
-55944.2
-68257.7
631230
566462
693380
736656
-527895
-454563
-332018
-660128
213117
191446
147113
270864
-1.06775e+06
-980536
-1.3811e+06
-1.20873e+06
340406
301045
331249
409172
-46363.6
-36684.7
-21273.3
-56678.9
620874
563240
694189
728908
-505576
-426264
-295311
-650278
208765
180168
178713
253056
-1.06674e+06
-975742
-1.35462e+06
-1.20723e+06
385596
353342
411878
464880
-45937.9
-33576.3
-3218.75
-61055.1
645305
592568
747502
761027
-503377
-432539
-272870
-646477
178713
152519
131032
220375
-1.07915e+06
-999198
-1.38459e+06
-1.23721e+06
400903
362083
417659
483221
-49497.5
-46427.2
-18283.7
-67639.7
688912
618553
786503
807608
-518318
-442110
-286691
-675102
128855
114566
72418.3
165186
-1.12654e+06
-1.02119e+06
-1.40543e+06
-1.28643e+06
436083
391523
434633
506057
-74695.9
-59535.6
-50251.3
-95410.6
707448
640300
799391
820257
-498372
-420441
-237509
-654656
110671
81277.7
47475.9
135243
-1.11223e+06
-1.02539e+06
-1.37602e+06
-1.27548e+06
468090
416075
491839
562379
-58144.7
-55156.5
-19046.6
-78449.3
726453
657270
846593
854854
-467592
-397018
-197612
-612723
68935.8
55280.9
-2267.69
95582.5
-1.15552e+06
-1.05838e+06
-1.4392e+06
-1.32408e+06
481717
420558
476511
575073
-76211.3
-77922.5
-75043.1
-97411
748121
672286
835771
884428
-488622
-415622
-262538
-631576
28129.4
10800.3
-87401.9
46059.5
-1.17067e+06
-1.08025e+06
-1.499e+06
-1.34186e+06
486659
434907
491539
568491
-129698
-129664
-185096
-155965
745385
665212
781960
879683
-480579
-410973
-265203
-615717
20489.8
5317.44
-100233
52396.6
-1.18563e+06
-1.08258e+06
-1.52017e+06
-1.34135e+06
498457
447099
526220
593678
-152691
-140619
-223743
-158913
720644
649638
740930
865929
-468968
-405580
-263370
-605814
56021.2
45953.5
-69010.1
100795
-1.17456e+06
-1.06775e+06
-1.51013e+06
-1.33722e+06
493349
443188
479587
592977
-143135
-133067
-238764
-147872
745635
665498
752337
887954
-453141
-392673
-232619
-587790
98004.3
76766.3
-8169.91
149398
-1.17108e+06
-1.06619e+06
-1.45433e+06
-1.33162e+06
512547
441130
474999
612545
-156083
-148718
-243504
-159935
741532
659035
760406
889361
-451314
-380220
-230213
-585974
108324
86347.6
-8220.12
154210
-1.17214e+06
-1.0665e+06
-1.4679e+06
-1.33697e+06
499425
439200
441163
612622
-140436
-130456
-239971
-139099
735565
662413
750286
885542
-431284
-364173
-227285
-548148
135202
125116
14268
201566
-1.18011e+06
-1.06443e+06
-1.49201e+06
-1.34017e+06
502644
439186
402081
619206
-119697
-112509
-224555
-121173
743946
664048
741607
886557
-400848
-337329
-195814
-508940
177407
154415
78285.9
236341
-1.1583e+06
-1.05884e+06
-1.48859e+06
-1.31916e+06
513465
446382
428867
626224
-112373
-107122
-207751
-108467
724707
644328
724778
868770
-365333
-308872
-159630
-493381
162256
127165
60209.4
208876
-1.14964e+06
-1.05584e+06
-1.4448e+06
-1.31155e+06
544187
488463
488923
662619
-128689
-123397
-223598
-133243
700449
628489
697501
836281
-359149
-314160
-121537
-482777
129408
99419.9
14292.7
172442
-1.176e+06
-1.08884e+06
-1.48244e+06
-1.34673e+06
579552
514938
532938
712332
-141745
-141601
-237542
-155355
704507
629464
730717
833694
-371376
-317927
-151039
-495599
91760.5
62297.5
-53661.6
137007
-1.22602e+06
-1.12288e+06
-1.5402e+06
-1.39338e+06
607179
532654
518942
739451
-183263
-175983
-286458
-196868
695904
621488
729787
819880
-327219
-265299
-60482.4
-456256
69043.3
38425.6
-80656.8
104121
-1.23288e+06
-1.13439e+06
-1.55935e+06
-1.40547e+06
644373
572130
572615
795376
-164840
-155054
-251996
-177854
687523
621449
757761
809159
-263693
-218461
34325.1
-380670
62398.6
40016.6
-86286.8
108153
-1.22419e+06
-1.12302e+06
-1.5482e+06
-1.38996e+06
696368
608945
613434
852088
-145944
-139101
-203134
-165343
692065
624922
781436
809656
-237245
-193453
48260
-349024
45628.2
14412.3
-132073
80344.3
-1.22749e+06
-1.13618e+06
-1.60132e+06
-1.39526e+06
722691
639210
653972
875414
-161311
-158402
-236185
-180591
679371
612159
772682
790519
966259
914282
1.60727e+06
1.0207e+06
-200591
-150781
163314
-313052
194878
216309
730031
115233
-67202.7
-67805.9
-48852.6
-95098.1
177395
128611
-221882
300523
275395
266527
565737
259954
968359
911683
1.61475e+06
1.03278e+06
-184002
-130454
198073
-282637
196171
213564
735163
122556
-93080.7
-90824.3
-96706
-105401
187062
126976
-256102
317480
225736
215242
487397
219244
975660
919048
1.60209e+06
1.04338e+06
-205899
-156097
177366
-319141
195277
216460
726800
128558
-142992
-139646
-203497
-151888
203260
144158
-247713
346137
176080
162910
394427
159478
984557
933367
1.60353e+06
1.05332e+06
-212862
-161746
143763
-333062
220672
243858
740861
152763
-174353
-158920
-281050
-199338
196383
140545
-300495
348871
111148
118140
276486
89511.2
1.01992e+06
959936
1.6594e+06
1.08453e+06
-219085
-158349
163884
-339720
279031
296311
830824
225496
-174510
-154718
-288960
-179691
225829
165402
-296818
392618
96003.9
102718
265352
82150.3
1.04439e+06
991181
1.73754e+06
1.10331e+06
-172792
-106601
267581
-294957
324498
339232
874813
277155
-120023
-110572
-228652
-109028
257492
193058
-278442
429340
97213
104702
264992
88855.7
1.06669e+06
1.02132e+06
1.79062e+06
1.12909e+06
-149173
-94854.1
303118
-273218
335797
346486
874961
279287
-95086.8
-94754.4
-206219
-116900
294299
220891
-231229
463882
150740
158395
336108
135767
1.11515e+06
1.05924e+06
1.85957e+06
1.19011e+06
-160614
-103470
281182
-272708
342204
351421
885660
297640
-88978.8
-87509.4
-169571
-92612.6
341948
262038
-169252
524275
201772
197831
400724
206811
1.16546e+06
1.0983e+06
1.9166e+06
1.23015e+06
-200958
-149772
235040
-339616
346105
354762
889391
300722
-111219
-107912
-203229
-117575
399444
320214
-66369.7
578414
236259
227312
437672
240575
1.16945e+06
1.11362e+06
1.94476e+06
1.23893e+06
-263566
-203305
127337
-403073
340122
345617
851431
286160
-151328
-137402
-276244
-171453
403143
329802
-52988.5
575680
222246
219752
387031
225670
1.21221e+06
1.14869e+06
2.01703e+06
1.2866e+06
-304909
-241676
94341.5
-452534
362822
369306
911211
318307
-142459
-122337
-245041
-143181
461848
383602
69303.5
640671
260434
253383
450333
282486
1.24855e+06
1.18723e+06
2.08687e+06
1.31603e+06
-332675
-268650
30757
-482667
369168
376128
917598
320143
-105425
-105252
-202312
-111767
474935
395582
102130
641827
291352
280128
474108
308314
1.23632e+06
1.18282e+06
2.07833e+06
1.30849e+06
-346026
-269546
27221.5
-486048
340608
357307
895838
288567
-153831
-148208
-254764
-172210
464960
395920
102205
643607
287968
276658
470400
300835
1.27091e+06
1.21112e+06
2.11751e+06
1.34991e+06
-314960
-234433
78461.3
-444629
343265
360358
920283
296134
-170781
-164780
-258770
-185813
497573
418254
132239
680275
287090
277253
479784
308614
1.31064e+06
1.23223e+06
2.14856e+06
1.3858e+06
-313691
-252487
82614.8
-467309
338588
354897
916955
281946
-221093
-217713
-342790
-238887
541878
464124
188454
723855
265310
240449
450788
260623
1.29668e+06
1.23677e+06
2.16955e+06
1.372e+06
-335923
-257378
78866.4
-486092
343916
362842
954287
283036
-287928
-263954
-417030
-326762
535146
457542
211598
717824
207166
211337
419514
199447
1.31791e+06
1.24938e+06
2.21804e+06
1.38477e+06
-350366
-278895
92237.8
-518154
346277
356576
978607
275756
-331412
-303738
-462440
-370217
547580
463204
234187
722167
187233
184826
417296
170879
1.33873e+06
1.27952e+06
2.29229e+06
1.40914e+06
-327125
-245746
147229
-483832
343029
361438
996191
273800
-321241
-299422
-439212
-351295
544060
466672
242602
720315
176379
178175
425726
166131
1.37428e+06
1.32339e+06
2.35741e+06
1.44867e+06
-308899
-229038
177535
-467212
340434
366911
993881
280131
-323786
-295029
-421998
-371182
534497
454480
227602
713588
194169
205989
458483
178808
1.40823e+06
1.34099e+06
2.39199e+06
1.48961e+06
-289763
-216829
204119
-438454
348497
359818
980901
290199
-325377
-299969
-393400
-376646
527471
432795
181321
701533
220494
216822
496341
210373
1.43336e+06
1.36376e+06
2.37797e+06
1.50394e+06
-325185
-248624
168108
-509360
323149
351039
925077
267532
-365516
-328315
-436944
-426496
511702
438891
162788
691592
227582
232736
499753
206395
1.464e+06
1.38783e+06
2.44917e+06
1.55242e+06
-314750
-243229
222373
-487500
363772
367882
950992
307702
-362073
-327486
-393610
-436781
529837
438485
171864
710511
259021
256724
573002
240051
1.49011e+06
1.40438e+06
2.44483e+06
1.59156e+06
-333583
-262065
203613
-512657
368584
372710
934244
325166
-374998
-330246
-402786
-436143
527371
438000
148929
712272
263611
259465
589856
253139
1.49099e+06
1.41412e+06
2.41654e+06
1.58672e+06
-361461
-281631
130201
-546235
357597
368236
872529
321357
-370597
-333489
-420453
-433147
485175
399344
45141.7
672700
255213
253571
544466
240353
1.49935e+06
1.41817e+06
2.40099e+06
1.61147e+06
-391176
-306623
74004.4
-555947
330022
337038
817892
297497
-363161
-333047
-417112
-423026
480244
389040
18384.8
672546
278034
273437
561320
272553
1.51458e+06
1.4235e+06
2.38032e+06
1.63166e+06
-395915
-319348
38832.9
-561627
314180
321288
810404
273622
-354729
-320620
-404500
-415060
489568
394894
37786.4
667316
296463
290332
597537
295725
1.51226e+06
1.41631e+06
2.35564e+06
1.63235e+06
-452353
-374848
-21339.1
-628238
289653
297401
817873
237084
-366605
-338209
-402269
-430415
489276
401613
105385
661723
314626
297631
644048
299001
1.52042e+06
1.42935e+06
2.35695e+06
1.65181e+06
-482788
-394395
-78880.6
-654134
278456
293668
822720
219970
-377637
-333071
-405801
-450019
487194
403887
131107
661797
304473
310053
654219
291262
1.54225e+06
1.44759e+06
2.3518e+06
1.68045e+06
-513806
-424128
-134751
-695354
275284
294254
835542
216320
-358637
-307759
-381341
-410149
499044
425067
154270
677561
334645
330854
703038
329820
1.53868e+06
1.44252e+06
2.33321e+06
1.67931e+06
-536709
-449501
-186372
-712296
248340
268492
805579
182532
-302333
-266012
-310718
-350139
490236
406532
165297
648332
345192
339416
707621
345725
1.54156e+06
1.45564e+06
2.32686e+06
1.6816e+06
-524385
-430969
-175456
-696903
235549
264768
792606
161366
-316654
-291232
-331555
-393557
437008
369938
116631
592816
374868
372712
760231
350671
1.55449e+06
1.44879e+06
2.32623e+06
1.70049e+06
-502619
-415007
-140320
-663122
215822
232280
767516
140799
-360711
-338044
-364463
-441450
408154
329080
58396.4
562742
379815
369207
822515
357037
1.53712e+06
1.43437e+06
2.24404e+06
1.68598e+06
-523190
-439345
-189830
-699037
171712
198895
692827
92771.7
-443826
-410929
-489457
-529972
370573
306319
-6475.68
525998
367065
358785
823500
325729
1.56026e+06
1.45948e+06
2.28792e+06
1.719e+06
-510487
-428009
-177593
-678364
178197
202278
712139
93454.8
-471362
-423877
-502077
-572942
359525
288006
-17100.7
508712
364897
375605
880649
321321
1.58963e+06
1.47539e+06
2.31444e+06
1.75197e+06
-484333
-401808
-126895
-648152
187856
206583
736173
107079
-472552
-420368
-476393
-561688
351299
283401
-30995.3
507151
403424
402979
984395
359804
1.57032e+06
1.46029e+06
2.26398e+06
1.72933e+06
-467753
-387569
-127948
-630075
168846
189770
685997
84496.4
-463228
-422279
-483818
-555142
321366
253480
-92961.2
466372
399988
403501
990787
347720
558177
529507
817328
617376
-481059
-425090
-426349
-574050
358716
333630
479035
401228
164780
150296
218182
176449
274296
300615
859815
213173
107743
104372
280259
86175.8
575422
534427
814927
645517
-460766
-402173
-418431
-542760
338765
304513
449801
382714
152208
143401
203580
175198
309223
340276
934150
256383
131455
146102
333501
126347
579849
538884
798208
655202
-455960
-404983
-425565
-529989
295628
265253
375601
335758
164304
151462
228433
186893
332912
351751
971354
281893
137232
133205
336782
132121
554014
516204
718554
635227
-474294
-424372
-517603
-560053
275023
260109
348712
313694
166343
156264
191674
192033
341813
364019
950417
287994
154920
161203
314905
150027
557272
509710
685990
634643
-471193
-411750
-523366
-552791
275303
253155
345297
305103
223857
215813
285935
257782
372718
392753
991403
317777
204207
215856
385973
220406
533279
492088
664536
617608
-433698
-378009
-458887
-501948
270911
250634
378381
305267
250408
235744
346980
285559
426095
447206
1.09509e+06
376230
289971
285554
516354
306299
539177
505144
676495
622258
-403486
-364620
-430101
-485577
296418
286162
421706
324959
274164
261934
394293
287414
458243
470174
1.13302e+06
407079
313787
299710
564792
300705
597921
551680
742746
702229
-405578
-369726
-425931
-481582
338578
311324
484580
372693
324883
309578
487614
355779
477781
489611
1.16049e+06
439390
311379
307193
612290
308619
653753
600327
823842
744379
-420895
-378876
-420007
-508832
350857
321327
497807
381461
383876
362351
614171
406921
476108
480058
1.15959e+06
422008
301452
289142
623134
287696
623873
583167
792624
717885
-466063
-417889
-480826
-561678
342762
328951
485193
381512
399194
386592
650752
426921
427413
439267
1.06766e+06
373277
261566
261162
552918
243973
658075
602519
842876
749148
-483269
-432961
-482927
-584148
389677
361947
554269
431387
467825
441898
781480
487718
417548
421823
1.05958e+06
352959
266485
261634
579368
247329
636766
584748
826327
722348
-506594
-465556
-527853
-613349
412646
377711
580098
457421
466657
433734
808584
474188
404474
406807
1.02309e+06
341482
259001
245462
556345
227563
606239
560396
772856
698368
-565806
-516827
-590590
-673100
385793
361286
530257
436707
415018
400227
748859
425002
354456
368756
959195
300646
215133
216233
532420
186343
631837
578012
782237
728701
-579560
-520853
-598098
-688803
379043
344577
500734
426513
410529
392350
730151
421101
353854
377814
964521
304574
209086
223444
546971
185222
648133
579690
796143
727983
-592338
-542775
-588467
-716994
354386
309047
433613
397139
407339
379522
742035
408495
352195
354623
960547
285628
184160
177449
499581
145708
583066
537890
741673
670595
-658219
-592570
-652828
-793834
309383
289867
395798
356873
374965
368574
715264
381366
298835
320959
903803
232297
140410
156876
445287
105114
582622
527684
726109
658783
-691786
-625041
-678217
-848433
307999
277298
382439
344874
391205
377365
752798
386541
280241
294475
893122
197475
134084
140603
435250
92025.7
550302
501834
711674
631826
-720355
-649795
-673013
-869894
313728
277197
376133
369859
368852
353162
747567
361637
282454
303646
907615
211339
143840
150880
445919
113995
553889
522214
729915
637473
-726887
-640368
-689320
-864575
289407
277884
352805
339382
347329
347040
718902
340044
293450
317654
912765
234102
133800
147439
431366
102615
601198
551020
787097
693888
-689263
-615196
-663254
-823489
298869
273967
379800
345200
347966
341516
686738
354719
316274
335828
937098
260861
124968
141775
427443
95393.7
636702
585426
826283
706879
-676823
-595480
-642754
-824665
280153
263764
345653
316298
354346
342951
674527
353133
310603
326579
916997
234851
78159.3
93499.3
360282
29244.5
650707
598899
876995
741115
-644644
-578996
-588659
-776914
301456
286281
410338
345760
378229
366943
696230
395609
335623
344722
956848
276437
63752.7
76855.4
335673
22227.9
684869
621285
886741
781866
-647271
-581835
-634471
-776767
324893
299692
442253
367228
425519
406740
732291
455174
350700
352063
947956
289098
32840.9
45336.9
259834
-6436.09
655281
597009
810657
752473
-655481
-593166
-703100
-779377
306150
285735
399235
349505
399615
372258
646733
425301
338964
346928
885837
288502
101.116
8822.57
161235
-39573.2
657634
599319
801311
751558
-682575
-616011
-766642
-796468
325747
300494
423629
371088
378511
356638
598391
406352
309829
315749
814064
267851
-37199.5
-26602.1
110990
-78851.6
702132
633286
867488
794053
-673477
-606609
-756313
-800677
346747
315532
452081
387910
384928
360519
598053
411905
296802
306865
790206
247888
-64322.7
-40638.8
87985.3
-112096
722408
651165
938136
803311
-707086
-642274
-745193
-840778
360715
324228
481640
399838
395252
366534
641275
420345
264755
265295
760533
207440
-104002
-93511.3
57866.8
-161488
712105
653902
955394
799695
-732954
-659774
-782617
-871127
374760
353912
528828
420755
408160
390792
663265
440059
232435
242745
722899
171840
-128354
-99487.8
20103.8
-186844
742312
675814
995321
826256
-748823
-669804
-796653
-898551
414537
381570
566620
463760
459380
434362
736842
494600
201094
212846
676331
128811
-136376
-104345
4131.62
-189209
722268
660388
991703
810180
-768989
-695254
-819260
-916681
420229
386322
587954
475700
451371
423010
728975
488885
163408
179407
630631
94062.9
-142371
-119604
-9357.85
-198689
709102
666923
989458
786353
-779817
-700683
-816853
-923154
409607
387033
567346
451920
431972
406039
698771
447546
145288
173284
595245
84106.8
-157927
-138648
-43208.5
-229762
745933
688882
1.07234e+06
827903
-786593
-710923
-819373
-927046
416309
377474
590550
458017
421075
397425
712095
439549
154284
181384
616102
98667.6
-184941
-154214
-48123.6
-251380
768319
712708
1.11157e+06
835221
-810040
-731344
-851352
-956276
385899
354053
525474
425308
417199
390140
726049
421965
138399
156691
573017
73058.3
-235194
-216302
-134309
-316887
788736
750378
1.19868e+06
866590
-804553
-716880
-849154
-941778
397591
378316
575464
442073
440614
428186
794522
456331
151856
179548
593899
97973.9
-248095
-205909
-146723
-316608
845594
784605
1.29784e+06
910331
-775471
-694261
-809117
-916815
452847
418435
656448
497667
501679
481168
907861
517703
189042
203058
646220
126232
-212908
-182525
-107452
-272770
838472
786548
1.30883e+06
902357
-767475
-693253
-812273
-906181
445325
413946
637938
493186
503810
480724
926337
510170
182931
199681
621514
125814
-221474
-203140
-155184
-291496
913151
822019
1.01739e+06
1.07243e+06
-212011
-168967
57876
-310930
104185
160174
851117
-29777.7
284764
356100
1.41325e+06
101224
1.3123e+06
1.29151e+06
2.61414e+06
1.29582e+06
854648
837335
1.68611e+06
848901
885706
799753
988499
1.03664e+06
-250664
-210055
-6702.67
-357578
109486
157492
858106
-30599.3
290946
360127
1.4165e+06
120499
1.32417e+06
1.30469e+06
2.6119e+06
1.32743e+06
795530
780797
1.6169e+06
778708
893224
799832
986692
1.04391e+06
-247832
-208811
-25296.7
-354311
125158
173047
906354
-26520
300882
361151
1.41319e+06
118911
1.37907e+06
1.34257e+06
2.65253e+06
1.39005e+06
828019
807115
1.65524e+06
816523
856796
768004
933787
1.00497e+06
-283502
-243875
-90460.2
-380074
96520.1
154199
892634
-52932.6
276988
343435
1.41122e+06
94129.3
1.38041e+06
1.33697e+06
2.61689e+06
1.39811e+06
827318
804303
1.62943e+06
824243
825332
742949
883213
976516
-301391
-251929
-147229
-387502
109673
172420
920347
-35860.2
267214
348354
1.41429e+06
92680.5
1.39257e+06
1.3689e+06
2.6087e+06
1.43587e+06
818399
802146
1.61187e+06
820411
843543
756752
906746
994832
-283994
-244364
-128743
-373877
144713
205825
1.01293e+06
-4629.43
317935
384664
1.4481e+06
152401
1.43945e+06
1.3897e+06
2.59443e+06
1.49029e+06
819905
802295
1.60081e+06
823040
854629
772769
925410
1.01539e+06
-303147
-257970
-137665
-394291
141182
196793
1.02108e+06
-14303.4
352048
415600
1.49435e+06
182948
1.47394e+06
1.42733e+06
2.64324e+06
1.52418e+06
841663
831517
1.65458e+06
844299
874591
791562
952306
1.0337e+06
-312023
-269721
-151690
-413024
124914
181601
1.00674e+06
-38760.1
388359
447769
1.55039e+06
226684
1.53265e+06
1.48586e+06
2.75046e+06
1.59748e+06
870992
858080
1.74336e+06
866850
885835
791808
940053
1.05564e+06
-321774
-277500
-151451
-423058
103934
153900
983831
-60461.9
395915
442423
1.56292e+06
223496
1.58152e+06
1.51598e+06
2.82288e+06
1.64236e+06
916280
894412
1.81233e+06
916847
899225
805320
926608
1.07558e+06
-346320
-300265
-199811
-445316
47253.1
103617
883045
-121349
381694
434760
1.55228e+06
209005
1.57563e+06
1.5136e+06
2.80899e+06
1.63486e+06
937556
914983
1.83145e+06
940603
895735
801489
890921
1.07374e+06
-368796
-319295
-246199
-469271
8172.03
70799.1
824288
-166967
367034
427027
1.54063e+06
188520
1.59833e+06
1.54634e+06
2.85109e+06
1.65906e+06
962377
938230
1.85798e+06
969596
900112
800057
874224
1.08035e+06
-406959
-359910
-287860
-519076
-17872.1
49653.7
799070
-191495
368938
423657
1.52738e+06
198309
1.60167e+06
1.53488e+06
2.83706e+06
1.66213e+06
964241
944912
1.85799e+06
977092
902504
800016
871387
1.08163e+06
-435709
-379762
-303652
-550628
-23218.6
52307.5
794082
-194797
369885
432095
1.53635e+06
200094
1.61363e+06
1.5431e+06
2.88318e+06
1.65269e+06
987268
956164
1.88184e+06
991170
896356
800325
865278
1.07209e+06
-463900
-406929
-344297
-589212
-21080.3
44428.9
765068
-198456
371308
424445
1.5312e+06
197212
1.61922e+06
1.5547e+06
2.92181e+06
1.66407e+06
979037
946052
1.85757e+06
982540
912042
817170
887084
1.10551e+06
-475753
-413223
-333721
-598789
-21007.4
44240.8
777949
-190772
330558
381765
1.48322e+06
146720
1.62959e+06
1.55446e+06
2.9798e+06
1.66116e+06
986695
948561
1.85396e+06
999540
931978
827970
911159
1.1182e+06
-485937
-421977
-337310
-612710
-54813.5
12189.1
725049
-228953
308330
366358
1.48795e+06
117076
1.6172e+06
1.5467e+06
3.00574e+06
1.63655e+06
990753
944584
1.83238e+06
1.00178e+06
918111
820971
887683
1.1021e+06
-501655
-433934
-366604
-629300
-71591.7
2406.99
695465
-247301
277033
345499
1.4653e+06
81865.3
1.6202e+06
1.56531e+06
3.05469e+06
1.63518e+06
976106
933084
1.79052e+06
992851
911401
806655
880438
1.09214e+06
-530654
-463974
-373907
-669999
-81726
-4022.02
705273
-253750
266789
336831
1.4479e+06
76072.7
1.60445e+06
1.54394e+06
3.05938e+06
1.60784e+06
953946
916977
1.74766e+06
973718
928851
826012
878538
1.12539e+06
-512550
-450697
-352736
-652196
-50399
21274
743823
-224799
298393
366928
1.46812e+06
119570
1.61224e+06
1.56213e+06
3.05869e+06
1.62519e+06
965802
929541
1.74704e+06
989436
955911
858589
898822
1.15875e+06
-495818
-426214
-308214
-634810
-18174.1
55228.6
808751
-192293
350949
417192
1.51736e+06
193442
1.65667e+06
1.61207e+06
3.11366e+06
1.69359e+06
971426
938363
1.76619e+06
991942
1.01179e+06
897616
942110
1.2218e+06
-427788
-362415
-196255
-563830
34444.6
100611
906560
-149339
404949
453620
1.55979e+06
243168
1.72108e+06
1.65071e+06
3.18716e+06
1.75145e+06
1.01624e+06
966355
1.82068e+06
1.03726e+06
1.0225e+06
905365
966399
1.22706e+06
-427319
-362109
-164048
-569554
41428.7
110935
948526
-141920
407367
455266
1.58329e+06
241400
1.67766e+06
1.60645e+06
3.12978e+06
1.69526e+06
1.00177e+06
955976
1.80506e+06
1.02141e+06
1.01903e+06
908466
965083
1.22467e+06
-407158
-336504
-118583
-547429
76146.9
150389
1.02401e+06
-105477
414891
476754
1.60182e+06
259147
1.67826e+06
1.62611e+06
3.15467e+06
1.70069e+06
1.00531e+06
962551
1.82392e+06
1.02016e+06
1.06833e+06
962169
1.02877e+06
1.2946e+06
-359731
-295981
-15018.9
-507429
119324
194584
1.11664e+06
-57637.7
479288
526641
1.65324e+06
337003
1.70565e+06
1.64139e+06
3.17399e+06
1.7333e+06
1.0248e+06
992780
1.8558e+06
1.05197e+06
1.10268e+06
985457
1.08023e+06
1.3265e+06
-376133
-307716
-26199.7
-522170
129714
199536
1.12752e+06
-54820.6
463232
517391
1.63834e+06
304026
1.71182e+06
1.66058e+06
3.19051e+06
1.7344e+06
1.04771e+06
1.0115e+06
1.93276e+06
1.05853e+06
1.11741e+06
1.00096e+06
1.11872e+06
1.34098e+06
-377954
-307987
-31865.8
-521628
127324
193162
1.12804e+06
-58385.8
458753
512254
1.65502e+06
303495
1.75306e+06
1.70407e+06
3.27827e+06
1.78999e+06
1.0288e+06
998537
1.97876e+06
1.02218e+06
1.13689e+06
1.01069e+06
1.1127e+06
1.36023e+06
-370467
-306918
-37659.1
-519716
112404
176794
1.10483e+06
-88265.3
445898
493409
1.64685e+06
269030
1.78832e+06
1.72487e+06
3.33507e+06
1.81413e+06
1.04134e+06
1.00383e+06
2.01186e+06
1.02645e+06
1.15367e+06
1.03691e+06
1.13637e+06
1.38202e+06
-382998
-310703
-50295.8
-528243
81178.7
157507
1.0782e+06
-119143
420569
482076
1.67022e+06
237350
1.7801e+06
1.72446e+06
3.36323e+06
1.79536e+06
1.05344e+06
1.02339e+06
2.05727e+06
1.03721e+06
1.15819e+06
1.03343e+06
1.14582e+06
1.38361e+06
-380462
-309693
-38973.6
-526932
66427.7
142839
1.06994e+06
-135813
398838
468658
1.68647e+06
207003
1.80157e+06
1.75469e+06
3.43844e+06
1.81612e+06
1.0523e+06
1.0245e+06
2.09668e+06
1.03008e+06
1.20058e+06
1.07688e+06
1.2003e+06
1.44406e+06
-377977
-307984
-25713.9
-523554
61424.2
140874
1.07279e+06
-132647
399197
466224
1.69306e+06
208949
1.8172e+06
1.76506e+06
3.46353e+06
1.83604e+06
1.05559e+06
1.03696e+06
2.13604e+06
1.03464e+06
1.21686e+06
1.08831e+06
1.20586e+06
1.45877e+06
-379170
-310293
-36834.6
-527195
62853.3
145840
1.07358e+06
-133020
396090
463499
1.66985e+06
208138
1.8503e+06
1.79476e+06
3.49703e+06
1.87002e+06
1.05794e+06
1.0458e+06
2.15655e+06
1.03148e+06
1.24633e+06
1.12306e+06
1.24516e+06
1.49384e+06
-376214
-308425
-51074.3
-520436
77011.7
154161
1.09246e+06
-121773
408552
470685
1.66151e+06
233527
1.90451e+06
1.84904e+06
3.56347e+06
1.94624e+06
1.06066e+06
1.05322e+06
2.20702e+06
1.02423e+06
1.28732e+06
1.15632e+06
1.30369e+06
1.54139e+06
-355831
-294642
-24714.8
-500416
96709.6
171898
1.14549e+06
-110582
383970
439091
1.63181e+06
186510
1.95813e+06
1.88569e+06
3.65582e+06
1.99062e+06
1.12132e+06
1.11231e+06
2.35196e+06
1.08238e+06
1.32284e+06
1.18565e+06
1.36072e+06
1.57028e+06
-366206
-302133
-35638.2
-512488
81483.4
159499
1.15004e+06
-131858
358158
421613
1.6481e+06
145923
1.97009e+06
1.89946e+06
3.7036e+06
1.99126e+06
1.17483e+06
1.15997e+06
2.47214e+06
1.12788e+06
1.33374e+06
1.1932e+06
1.3918e+06
1.57106e+06
-370989
-308547
-37951.1
-520825
81395.1
159054
1.17114e+06
-139415
335430
407098
1.66938e+06
116617
2.00126e+06
1.93254e+06
3.78623e+06
2.01779e+06
1.21159e+06
1.1944e+06
2.57288e+06
1.15137e+06
1.35373e+06
1.21096e+06
1.42504e+06
1.60085e+06
-384446
-324370
-59212.4
-534822
76133.5
161343
1.19016e+06
-135596
330213
401884
1.65202e+06
117503
2.00204e+06
1.92789e+06
3.76196e+06
2.02743e+06
1.21343e+06
1.20581e+06
2.61119e+06
1.1572e+06
-868426
-781510
-975218
-1.01438e+06
1.56101e+06
1.43697e+06
2.13481e+06
1.74018e+06
-415476
-416334
-1.03422e+06
-360480
-1373.91
50269.6
545822
-128178
-6061.32
-53954.4
-640054
121862
818036
803681
1.66155e+06
796655
-889977
-806635
-986563
-1.04464e+06
1.47403e+06
1.36399e+06
2.05084e+06
1.63618e+06
-414116
-429203
-1.03373e+06
-358551
13147.9
62658.9
594871
-117500
22996.5
-20956.5
-551991
146050
812972
799905
1.7014e+06
781288
-862615
-782298
-944581
-1.02196e+06
1.48063e+06
1.37209e+06
2.06873e+06
1.63956e+06
-413585
-427828
-1.07015e+06
-365158
37000.1
86464.3
635056
-91993.9
47135
-188.09
-492889
163617
844112
827934
1.74217e+06
816653
-870605
-785646
-953822
-1.024e+06
1.46882e+06
1.36531e+06
2.08734e+06
1.62918e+06
-441730
-455182
-1.11506e+06
-391575
49990.3
97119
658872
-69855.8
75957.4
29417.8
-430317
204996
827001
811611
1.71579e+06
799107
-869043
-779620
-947271
-1.01612e+06
1.44834e+06
1.35182e+06
2.07189e+06
1.60255e+06
-452845
-456824
-1.13293e+06
-380234
64957
119660
688385
-56166.2
105442
61919.9
-374050
231214
820003
812419
1.71408e+06
797112
-805224
-720494
-841096
-949632
1.43927e+06
1.33523e+06
2.08471e+06
1.58306e+06
-417714
-432447
-1.09728e+06
-353363
122687
171087
794909
6289.71
151709
107412
-269786
275737
860727
848648
1.78802e+06
836497
-801100
-713806
-832562
-950829
1.44306e+06
1.34572e+06
2.09985e+06
1.60595e+06
-418826
-414850
-1.08408e+06
-347475
123876
174715
827804
6189.31
145187
105727
-280798
270443
871779
864884
1.81989e+06
848677
-798562
-712630
-813053
-952550
1.46477e+06
1.36837e+06
2.13344e+06
1.62403e+06
-375365
-378473
-1.01217e+06
-300315
136849
194110
866391
19093.3
181486
135549
-248211
314419
914103
901389
1.90589e+06
891771
-790616
-710803
-817402
-944615
1.49769e+06
1.39087e+06
2.15126e+06
1.67008e+06
-356457
-366247
-1.00417e+06
-282906
138435
183921
871508
26787.3
170045
116538
-286882
307210
925970
908544
1.90072e+06
909656
-780836
-700706
-819288
-926349
1.53708e+06
1.42863e+06
2.19515e+06
1.72024e+06
-328914
-341362
-980684
-249216
135732
179966
826710
32659.1
173484
118643
-321922
320490
935865
916987
1.88665e+06
928206
-790295
-709650
-852290
-936120
1.55457e+06
1.4419e+06
2.18767e+06
1.73878e+06
-324009
-332160
-981181
-234726
120080
167514
773979
6834.89
166561
111661
-367816
314463
942290
922846
1.85766e+06
943051
-778511
-700186
-838476
-919754
1.55113e+06
1.42866e+06
2.16593e+06
1.73211e+06
-289217
-307435
-951051
-200847
119353
166225
768654
20036.6
161128
103809
-384799
313385
943918
916529
1.83644e+06
945634
-792942
-717124
-860695
-940442
1.54031e+06
1.41814e+06
2.11756e+06
1.71372e+06
-293553
-317709
-978435
-205227
122053
162324
753145
10096.1
154662
86684.9
-410436
301478
937921
910644
1.81594e+06
933411
-829498
-756333
-933623
-977795
1.51795e+06
1.40777e+06
2.09822e+06
1.68289e+06
-293014
-323835
-1.01827e+06
-197185
129728
170725
750679
19066.4
169234
101623
-426762
322364
949770
921994
1.83992e+06
946878
-857621
-777565
-984752
-1.00369e+06
1.53681e+06
1.4299e+06
2.12993e+06
1.72166e+06
-307963
-339065
-1.06509e+06
-219673
130019
167302
746619
33466.7
143148
74666.2
-472116
305484
952241
926369
1.8325e+06
959569
-873104
-798118
-1.00642e+06
-1.02243e+06
1.58334e+06
1.469e+06
2.19781e+06
1.76857e+06
-327842
-363455
-1.08406e+06
-243449
130031
157940
727831
32215.1
135528
59413.2
-510687
296319
952713
916007
1.82812e+06
951568
-917528
-834259
-1.07428e+06
-1.06943e+06
1.58095e+06
1.46532e+06
2.17939e+06
1.76072e+06
-379069
-407986
-1.16228e+06
-292464
113001
150533
685682
7355.32
111997
41913.8
-563360
271997
936600
909536
1.79556e+06
941402
-939531
-859459
-1.09923e+06
-1.09577e+06
1.56698e+06
1.44749e+06
2.16383e+06
1.74533e+06
-414152
-443907
-1.22581e+06
-331415
100973
137578
685867
2122.73
80889.5
9867.68
-597036
237517
920600
884166
1.76146e+06
919346
-951835
-865164
-1.12006e+06
-1.10467e+06
1.59563e+06
1.46571e+06
2.15022e+06
1.78582e+06
-445341
-473732
-1.27967e+06
-360940
95050.7
126806
686258
-23709.3
29912.7
-32974.5
-677071
179082
904684
873553
1.73194e+06
903464
-972588
-880548
-1.14368e+06
-1.11996e+06
1.60439e+06
1.48231e+06
2.15113e+06
1.79868e+06
-473089
-497802
-1.30491e+06
-387483
85215.6
132035
726522
-40034.3
23640.7
-29689.3
-672769
172518
913733
893326
1.77869e+06
915150
-958554
-877393
-1.14866e+06
-1.11671e+06
1.67707e+06
1.54811e+06
2.21071e+06
1.88989e+06
-490449
-521484
-1.34409e+06
-431892
92493.8
131626
781883
-50319.1
12323.5
-50767.4
-687268
150810
947192
916327
1.82236e+06
947396
-979283
-895938
-1.1631e+06
-1.14054e+06
1.7204e+06
1.58012e+06
2.28582e+06
1.93019e+06
-534947
-560829
-1.36864e+06
-485232
57736.7
100576
772657
-91530
-5620.79
-70256.7
-686867
124942
911777
877829
1.77967e+06
900294
-1.0246e+06
-934893
-1.20189e+06
-1.19414e+06
1.72888e+06
1.59391e+06
2.28616e+06
1.94655e+06
-584304
-599238
-1.39959e+06
-530542
36268.2
88935.6
786231
-129930
-40134.7
-96250.7
-699889
75118.8
878597
852655
1.74387e+06
862698
-999876
-904339
-1.15851e+06
-1.16051e+06
1.78479e+06
1.64354e+06
2.34675e+06
2.014e+06
-600351
-613938
-1.41985e+06
-556662
44059.1
104874
854933
-121282
-53235.9
-95117.2
-683842
66079.8
889837
869946
1.79332e+06
870068
-1.00836e+06
-919153
-1.15767e+06
-1.18031e+06
1.80622e+06
1.66628e+06
2.40526e+06
2.03814e+06
-626219
-624653
-1.44461e+06
-575963
35304.4
97595.6
851118
-138814
-54050.5
-99005.6
-697157
64080.1
905538
887209
1.84066e+06
878377
-1.05188e+06
-963405
-1.19865e+06
-1.23707e+06
1.81566e+06
1.68557e+06
2.46295e+06
2.04093e+06
-620080
-626868
-1.43134e+06
-570748
44757
108364
891623
-133925
-29899.3
-76926.1
-672265
94005.6
931644
917372
1.92978e+06
900102
-1.08585e+06
-1.00175e+06
-1.28249e+06
-1.2788e+06
1.88022e+06
1.7409e+06
2.53706e+06
2.11234e+06
-641466
-651013
-1.49996e+06
-607438
25525.1
87759
874069
-163970
-47847.1
-100951
-741193
78947.8
959784
940858
1.95734e+06
931069
-1.11737e+06
-1.01973e+06
-1.32373e+06
-1.30088e+06
1.93858e+06
1.79582e+06
2.64004e+06
2.17533e+06
-655225
-654997
-1.50992e+06
-612009
7261.99
77018.8
855541
-172873
-43724.7
-97494.5
-764971
93865.6
981745
965238
1.98816e+06
962421
-1.16439e+06
-1.06933e+06
-1.38429e+06
-1.35982e+06
1.95468e+06
1.8124e+06
2.67639e+06
2.18775e+06
-671836
-672839
-1.52844e+06
-622721
6960.05
75502
858623
-185024
-46434.3
-102038
-782834
88840.9
995671
978695
2.01492e+06
975621
-1.15148e+06
-1.04979e+06
-1.37046e+06
-1.33362e+06
2.0086e+06
1.86051e+06
2.77566e+06
2.25042e+06
-649393
-650382
-1.51223e+06
-595819
28258.8
101359
909748
-145406
-34942.4
-90250.2
-784691
115285
1.04345e+06
1.0232e+06
2.09325e+06
1.02847e+06
-1.18836e+06
-1.08768e+06
-1.4263e+06
-1.38301e+06
2.01843e+06
1.86853e+06
2.75845e+06
2.25737e+06
-663366
-660192
-1.52718e+06
-618044
51633.6
123638
941552
-127070
-38226.2
-93532.5
-812121
113754
1.05777e+06
1.0316e+06
2.11569e+06
1.03498e+06
-1.23071e+06
-1.12067e+06
-1.46065e+06
-1.42762e+06
2.01819e+06
1.87532e+06
2.76847e+06
2.25876e+06
-649386
-649440
-1.48164e+06
-605772
100443
171434
1.02776e+06
-72072.6
-772.161
-55473.2
-762425
156395
1.08025e+06
1.05779e+06
2.19172e+06
1.05214e+06
-1.24017e+06
-1.13492e+06
-1.45095e+06
-1.45925e+06
2.07423e+06
1.92691e+06
2.84241e+06
2.32942e+06
-647546
-645330
-1.4566e+06
-623515
127693
195494
1.08157e+06
-45711.6
16696.2
-40072.4
-733678
180191
1.10306e+06
1.0771e+06
2.25176e+06
1.07006e+06
-1.26661e+06
-1.15023e+06
-1.44297e+06
-1.4866e+06
2.12773e+06
1.9748e+06
2.93816e+06
2.37982e+06
-639348
-630322
-1.38481e+06
-622706
160271
226079
1.14424e+06
-12199.7
62882.3
-2269.81
-676290
227849
1.10802e+06
1.08671e+06
2.29408e+06
1.06899e+06
-1.29335e+06
-1.17972e+06
-1.44469e+06
-1.53278e+06
2.15727e+06
1.99873e+06
2.993e+06
2.39909e+06
-644236
-641057
-1.34997e+06
-636389
181830
241663
1.19105e+06
-3950.61
87071.7
15128.5
-631168
241990
1.10885e+06
1.08617e+06
2.32685e+06
1.05591e+06
-1.29687e+06
-1.17889e+06
-1.44181e+06
-1.52903e+06
2.18079e+06
2.02184e+06
3.03961e+06
2.4312e+06
-647241
-639738
-1.33579e+06
-642048
208051
274157
1.25045e+06
38608.7
96242.9
28328.1
-620480
263902
1.1267e+06
1.10489e+06
2.38197e+06
1.07327e+06
307937
319875
864630
250962
342257
281236
27442.1
468402
-88411
-55124.6
162869
-164938
128140
124994
134855
152625
177845
205833
714169
95211.2
609467
572942
965935
651054
253499
264225
768436
190649
343252
286947
56527.5
475898
-114355
-82097.9
132218
-188294
130757
119826
158562
150843
160139
186885
682084
71352.7
562723
527294
912400
596990
255587
266474
768549
187984
364531
290799
48685.7
486622
-114279
-87575.9
129060
-205753
168526
152254
200710
186788
181531
199046
729335
86545.6
554121
517877
888104
580039
236490
246758
741853
168495
322427
255623
-20815.8
456845
-140373
-108082
120895
-226794
168824
149032
206165
192380
186746
206569
753796
93761.7
544414
509617
874898
580301
223927
242642
721590
166899
312959
260327
-64602.7
464204
-152476
-110521
124828
-240872
180335
179735
217045
227621
191320
224473
773804
100371
539805
515318
855000
592304
219139
234839
709918
160443
350821
280626
-51911.5
507614
-153801
-109789
161565
-246287
266695
246606
334931
310620
254072
281416
879604
172724
548206
506935
817474
596294
213338
237008
715024
166351
356458
285909
-41870.6
509535
-170652
-115352
162231
-263189
268819
249476
334631
316565
244041
275096
877264
166307
547888
513162
818500
603444
227949
250486
739463
172097
368105
304372
-6188.6
525963
-161081
-112310
162298
-253893
290293
267297
356872
339005
223256
253397
840225
140042
575065
545283
875347
638066
241384
254459
761212
188413
382012
297889
-20849
542762
-154604
-109865
174626
-249017
301834
267469
349973
358531
202760
219666
796791
123652
603783
561573
905000
658695
232506
250060
723686
187506
339360
257752
-100951
496492
-170175
-126665
145442
-262076
297812
258039
305742
354941
187605
204991
725038
118503
614176
572123
919871
673258
243115
258558
711760
199958
301945
235273
-179603
461996
-192083
-145183
94053.7
-288771
292331
261168
267447
358933
164158
185575
655372
95296.1
629305
593859
942742
695925
219036
235827
658756
181636
298162
220868
-191676
457344
-221896
-171800
67861.7
-317405
302210
261961
279299
362949
159047
182728
615224
107473
632050
582006
923402
692019
219687
224064
636221
175210
300997
228172
-198411
461090
-207797
-159134
73541.9
-303659
300944
271011
288575
364627
181223
200304
611590
123247
601480
557701
886095
654695
196956
207671
591346
143814
319752
252699
-179643
491302
-190235
-152492
60650
-285125
322748
288625
310404
384371
189792
201291
597362
129847
566345
532194
858895
614968
203993
217903
628266
152901
341653
262438
-162594
516303
-190550
-146763
72407.7
-282793
331909
288752
324339
395629
188346
194539
598345
137686
548957
516030
856113
587669
216650
224212
659480
160468
318810
237929
-196441
487361
-202660
-164116
57683.6
-300943
324981
280032
324715
381021
201943
202714
603320
151786
558324
525603
896152
598847
227773
239343
676559
170243
296992
228572
-259797
476664
-218007
-175932
20924.7
-313786
320890
287118
319538
383458
210656
220535
606919
164313
552749
526592
899962
590933
195684
209309
652905
134579
303180
219881
-276737
483921
-242019
-195021
8721.46
-340466
332020
291074
356614
385568
230743
240666
637546
194507
528047
494985
865583
559046
193418
202198
626794
140839
305758
216300
-311353
485690
-246344
-206722
-11144
-346154
284639
252246
274549
333808
227123
237227
631658
184282
536669
498828
831444
575953
194244
209454
618538
143498
306285
232572
-297539
505707
-253031
-204934
-17069.6
-345921
259720
235112
240747
314876
211322
231823
614241
168733
545366
509808
829923
600561
241681
252193
691446
183914
339524
245696
-301029
532397
-226296
-189981
17677.7
-334834
266346
231383
226394
316688
227924
236215
660560
173831
581346
542448
838379
638532
234580
241328
701237
172457
316541
219183
-326837
504196
-246789
-208176
27149.4
-360511
232678
196043
199130
272369
231027
240982
692683
176421
597794
548195
856294
655391
242934
256100
728093
186657
290302
209661
-360165
486881
-266710
-217552
20768.4
-381905
188480
170220
156466
230315
227885
250403
721022
164791
600717
560340
856334
675196
239501
256521
734939
184651
312883
222074
-350028
514815
-267164
-214499
42288.5
-381657
199807
177278
190326
234694
250278
274865
774547
195717
619185
564599
826274
694319
235109
253057
744026
177843
313273
230078
-331268
510989
-291181
-235556
9459.67
-418291
174322
162272
169415
209278
238455
257687
763960
166784
614928
570724
835757
695454
237864
253956
761214
171340
327628
249535
-285361
536331
-301287
-247671
-9178.95
-426681
160095
149163
156875
200068
205298
231291
755144
121941
638093
597270
895275
722136
246081
261688
789903
169209
354291
258397
-293362
555954
-312362
-267745
-34173.1
-454609
168248
146952
126781
202890
186327
204529
751131
86720.3
666331
622515
932209
741258
251828
274770
824638
181283
348734
260026
-293214
554572
-341806
-285827
-52785.5
-475298
170453
153538
144042
203598
168132
196413
761894
65562.9
691415
651781
1.00333e+06
770636
261081
278809
849507
181447
351586
269091
-287819
561329
-363485
-303753
-79452.6
-504769
161234
151935
157741
198594
146847
183897
773144
33705
717022
678075
1.06153e+06
796753
242584
273241
846983
171610
378668
288775
-247152
596430
-382198
-316058
-91433.9
-515334
181782
169166
199783
218505
160755
205528
818968
61976.5
741870
693544
1.08474e+06
823449
250186
272890
836311
178051
378155
281236
-290044
587436
-379241
-319262
-132905
-512577
159921
148897
159347
187421
174554
219118
832627
71156.2
744239
694299
1.06164e+06
826541
262734
288983
843286
194574
388883
294093
-265050
609922
-370766
-312405
-142432
-490793
144232
131746
148375
166946
193074
236398
862146
89495
754877
705599
1.06782e+06
847427
299866
321363
920546
226903
391495
282098
-282724
599228
-354347
-302364
-121230
-484094
131812
111594
143123
139475
202739
234503
904215
90272.8
769285
715985
1.08212e+06
854153
334206
356304
993453
257299
358210
256449
-311435
562030
-358135
-301729
-100592
-493048
114343
100170
163372
111333
224653
256292
960231
108836
788184
735004
1.13849e+06
871180
366945
378749
1.05265e+06
283471
338473
236925
-342469
542777
-346881
-293450
-67786.8
-483266
91274.1
84217.8
170452
81890
232135
265560
998793
102815
810199
755756
1.18559e+06
892283
353631
376845
1.05155e+06
276388
322266
220028
-383450
534783
-359246
-298729
-73532
-493845
86508.2
80576.9
183726
75917.8
251929
295310
1.04333e+06
142012
802707
741125
1.14758e+06
886707
186628
219068
726540
107170
210113
272390
1.18502e+06
35909
-761674
-740079
-1.49522e+06
-760256
334520
288799
288545
407109
-429600
-461417
-1.39972e+06
-303424
395184
368124
466955
457275
169021
200984
728923
89254.6
184524
249035
1.16536e+06
10841.4
-784118
-767613
-1.54137e+06
-786739
338604
296947
319718
401796
-452827
-488263
-1.43915e+06
-324278
353193
320648
405373
414592
194116
227032
761878
109393
188213
247885
1.17712e+06
1287.64
-792523
-776539
-1.54627e+06
-806957
348265
311198
360816
406174
-447733
-488565
-1.46896e+06
-324808
366656
327740
399460
416401
199010
230698
779722
121469
186906
242467
1.19786e+06
1326.53
-819834
-801969
-1.56445e+06
-836702
360170
329794
405112
427477
-462002
-502679
-1.49166e+06
-335440
368338
334014
439311
421231
214328
256818
811404
145624
168453
243764
1.19891e+06
-14303.4
-848643
-822833
-1.60423e+06
-859990
392456
357010
447202
458295
-473546
-508440
-1.5207e+06
-333789
351113
327530
435251
408633
244134
274045
842258
172090
179416
248087
1.2132e+06
-2664.38
-819289
-797362
-1.53275e+06
-839812
437127
397847
533533
502261
-469960
-507731
-1.5418e+06
-330869
398455
364888
481511
460783
267805
302373
884576
202411
177631
258244
1.22213e+06
-334.462
-849932
-821587
-1.56074e+06
-864315
420794
387720
514073
490986
-459986
-493966
-1.54709e+06
-312894
413585
382574
508816
481175
305986
326816
945295
237157
190948
265525
1.23936e+06
16814.3
-866586
-838317
-1.61331e+06
-881482
447362
417148
544257
528746
-416981
-457021
-1.4992e+06
-268792
412668
378296
504538
481663
311145
337892
942175
251923
192539
258678
1.22553e+06
18975.9
-892177
-873318
-1.66099e+06
-908875
449591
409650
526133
527447
-381884
-430214
-1.48463e+06
-220074
421446
374093
493995
490448
352997
371286
966744
305006
198681
263363
1.207e+06
35391.4
-911331
-887735
-1.70997e+06
-923604
440770
402095
485881
529072
-350432
-399430
-1.46541e+06
-182092
421112
372927
493888
486129
360055
376240
959510
314606
192512
262503
1.17621e+06
30123.5
-942264
-915886
-1.78284e+06
-953901
426590
383559
424476
516964
-319285
-372848
-1.44485e+06
-146097
396525
357528
464062
458511
360720
368451
927241
314266
184196
249293
1.13348e+06
32275.2
-963858
-940013
-1.81207e+06
-983660
412656
365421
376983
506298
-291743
-346286
-1.41722e+06
-112163
400460
357655
457449
466293
332566
347225
885733
283012
200263
259182
1.13769e+06
37447
-993829
-957348
-1.85574e+06
-1.00889e+06
399287
346657
341588
486598
-271900
-339948
-1.38329e+06
-87844.6
401334
368159
433766
481709
315259
321003
836883
265223
197892
249698
1.11996e+06
36806.3
-998893
-966334
-1.90232e+06
-1.01376e+06
411112
366930
340348
506830
-257888
-329711
-1.38802e+06
-72052.1
391958
345345
370682
466630
270842
282856
772837
221305
159260
215675
1.08209e+06
-4682.46
-1.01778e+06
-981568
-1.9177e+06
-1.02968e+06
393318
351534
321661
492403
-260022
-334781
-1.41051e+06
-75579.8
386531
340606
331444
475150
270508
275458
759322
218261
148117
196830
1.06583e+06
-17768.9
-1.02283e+06
-988409
-1.91271e+06
-1.03854e+06
390417
339804
310408
485570
-256798
-329533
-1.38766e+06
-74833.8
394926
342920
343797
478670
225013
236254
695353
171628
112376
175008
1.013e+06
-56128.7
-1.05024e+06
-1.00996e+06
-1.96521e+06
-1.06783e+06
372017
324274
266734
465908
-261014
-335845
-1.39268e+06
-80621.5
364567
318477
285351
450480
160075
169621
582317
95826.4
76755
136626
962000
-94014.8
-1.06483e+06
-1.02506e+06
-1.96124e+06
-1.08748e+06
351304
301107
233271
449653
-281853
-349885
-1.41703e+06
-100073
368893
321458
267769
464786
157719
172359
566921
100835
82470.6
144533
936998
-79314
-1.08457e+06
-1.04432e+06
-2.00019e+06
-1.11163e+06
342929
284871
197413
436189
-300687
-369216
-1.46984e+06
-110240
404302
352650
278121
511399
157145
169653
581912
98534.6
94608.8
157787
928977
-52257.3
-1.08782e+06
-1.04219e+06
-2.01089e+06
-1.10906e+06
341453
293451
207628
433700
-317513
-383567
-1.50918e+06
-122498
420411
367937
275679
540870
167816
177308
598275
101288
117736
166437
926812
-35059.1
-1.06205e+06
-1.018e+06
-1.96595e+06
-1.08687e+06
353754
306578
227157
442748
-315203
-395512
-1.54578e+06
-135201
480636
413147
310645
599436
150380
157275
586855
75927.7
119912
163214
935469
-31961.9
-1.0423e+06
-1.00162e+06
-1.89626e+06
-1.07419e+06
358418
307734
252543
445421
-346468
-416996
-1.5578e+06
-169580
508495
437056
371942
628762
127414
144392
591058
48943.1
98108.9
155670
912157
-52823.7
-1.05153e+06
-1.005e+06
-1.89947e+06
-1.08291e+06
342577
290448
242791
423229
-379634
-445754
-1.57687e+06
-207119
497206
435644
359673
624494
131362
148298
590398
52316.7
112944
165802
895505
-26025.1
-1.02191e+06
-977864
-1.82627e+06
-1.06266e+06
358669
312577
269603
447507
-386236
-451213
-1.59708e+06
-207794
558165
489357
410364
699193
136214
164958
633729
50515.7
106075
160214
910935
-55914.5
-1.06102e+06
-1.01141e+06
-1.87105e+06
-1.09853e+06
354442
306385
261261
445527
-400737
-458472
-1.62156e+06
-216547
535906
471823
399358
662964
154354
182764
713604
63496.1
83526.3
142189
932962
-87710.2
-1.08127e+06
-1.03217e+06
-1.92694e+06
-1.11011e+06
354048
309788
260398
442389
-412563
-478633
-1.65004e+06
-225146
499755
435460
366824
623583
164039
189366
713537
67311.6
60543.9
115193
919829
-134190
-1.08534e+06
-1.03908e+06
-1.96129e+06
-1.12079e+06
345573
301600
218809
437961
-422967
-496762
-1.73355e+06
-241337
501372
429398
350683
610368
179494
203349
747561
83196.1
49898.4
114669
956874
-143372
-1.07904e+06
-1.02655e+06
-1.9407e+06
-1.11184e+06
355569
313057
218394
459896
-433671
-494881
-1.74633e+06
-248298
511382
449777
416249
623375
173395
203782
774280
78203.2
28780
103033
978458
-179290
-1.09713e+06
-1.04797e+06
-1.96248e+06
-1.12993e+06
354840
305305
207182
452043
-444152
-515629
-1.76382e+06
-256396
482968
424982
412620
583310
198607
225168
804510
102202
23049.6
103692
997646
-179424
-1.07806e+06
-1.02705e+06
-1.93294e+06
-1.10258e+06
364011
314483
207684
472846
-442739
-505175
-1.77132e+06
-248337
484127
427937
411803
595197
170975
205074
785529
65561.5
29475
110120
1.00582e+06
-175609
-1.09414e+06
-1.04472e+06
-1.9974e+06
-1.11756e+06
370694
318499
200464
480377
-453091
-516399
-1.80195e+06
-253605
473097
417350
357204
583838
157965
189963
792851
47515.5
36140.9
116402
1.02617e+06
-163754
-1.09571e+06
-1.05338e+06
-2.05872e+06
-1.1098e+06
404875
355552
261487
513276
-456056
-519937
-1.81689e+06
-254479
453550
394933
309317
570605
151643
186587
819776
26003.9
36059.6
111731
1.05471e+06
-181144
-1.11292e+06
-1.07717e+06
-2.10254e+06
-1.13787e+06
426023
380461
320606
538734
-441909
-512078
-1.81333e+06
-249243
455266
394730
304053
560779
147321
184860
860030
12204
40144.6
115318
1.09988e+06
-186345
-1.11233e+06
-1.07443e+06
-2.08808e+06
-1.13267e+06
456274
407380
374304
567649
-431529
-497567
-1.76666e+06
-245399
470773
409528
369678
568972
133255
174450
890328
-12211.7
37816.1
115570
1.14549e+06
-204632
-1.13423e+06
-1.10032e+06
-2.12382e+06
-1.16297e+06
488486
433413
443944
587704
-426113
-497871
-1.72565e+06
-240817
453851
395348
379996
544650
115560
159921
860977
-29474.3
17328.4
102562
1.12818e+06
-219173
-1.14105e+06
-1.10562e+06
-2.13561e+06
-1.16136e+06
520776
463052
491863
631634
-429316
-498414
-1.74667e+06
-239612
451611
391835
366066
547749
