-9140.06
-7523.62
-12965.5
-7661.5
-18793.5
-13729.9
-15831.4
-9458.97
16433.2
17669.9
14569.9
8519.93
-15348.5
-11898.5
-11771.9
-8794.99
-5632.81
-8262.54
-4660.54
-6965
-16901.3
-11566.9
-9989.3
-8858.63
-14775.7
-1538.66
-21306.5
-1796.76
-10289.8
-7743.53
-11583.8
-2532.15
7587.26
6843.38
5629.98
4831.66
-32376.3
-25306.6
-25491.9
-11803
-17393.4
-8934.29
-21082.4
-4463.26
-46007.2
-31810.6
-38209.9
-16805.1
23635
22490.2
19063.6
11396.4
-1549.98
-3235.01
-265.872
-385.373
38695.7
26896.9
32460.4
13595.5
-31795.1
-30769.8
-21805.1
-14386.1
6453.76
7644.53
6436.79
5879.59
-58696.2
-42975.8
-47483.6
-22850.9
57229.7
44643.9
46743.3
24035.3
5462.4
-1900
7428.86
842.164
45160.1
28155.6
36247
15491.3
-43665.3
-42069.3
-24052.9
-18220
10409.3
6960.76
10890.2
5001.37
-62047.9
-41908.8
-53699.8
-20604.4
91810
65457.6
76097.4
32817.5
8553.87
1820.8
10278.5
2207.59
80497
55267.5
70490.8
27758.2
-49042.1
-52030.3
-31409.7
-21592.2
23592.6
16496.1
19777.8
9020.56
-49843.2
-38190.1
-42142.9
-21646.7
99138.5
72989
79181.1
36449.2
10634.2
3367.95
9558.67
3097.13
77822.1
46628
71366.9
24481.5
-47259.5
-51980.8
-30162.3
-21616.3
38669.5
28806.1
27906
12363.8
-75641.3
-57056.4
-61159.8
-28434.9
117659
81610.7
96516.5
39072.6
9147.13
1998.99
13710.8
2561.85
77445.9
54054.8
67219
29781.2
-56886
-57702
-46082.9
-23229.9
31423.1
22506.5
22895.4
8445.68
-91674.3
-64284.5
-81851.9
-30816.4
146793
109701
131967
53618.5
64859.4
29984.9
71835.7
20812.3
73841.7
44311.6
68652.3
22267.5
-16600
-30857.4
-1676.55
-8274.56
30542.1
31727.9
28851.4
13244.8
-70548.8
-52774.9
-59237.9
-25520.2
146618
103503
131661
51423.6
78143.1
39434.6
81446
25646.1
80052.3
54145.3
63913.3
25561.9
3814.13
-13465.4
10284.2
-960.251
25373.8
27144.4
23005
11486.9
-91602.1
-63388.6
-86152.5
-32753.9
152087
105131
140226
53646.8
106839
48956.5
113252
33420
71860.4
45971.8
57967.2
22660.7
38045.2
2735.8
50037
9406.64
6880.86
9504.22
11883.6
4155.67
-73998
-49871.5
-69922.3
-23399.6
156573
106823
139217
56330.2
140932
74073.7
141325
46811.9
84407.3
63817.1
69851.5
31211.7
59314.9
23442.7
59938.6
20211.9
2180.01
11077.5
-2426.79
4669.73
-54759.1
-31154.4
-55090.7
-17287.3
179209
124268
158190
65452.6
181893
99034.5
178790
61746
81103.7
55176.2
69780.8
26426.7
104010
54547.6
97187.6
34408.5
22362.3
28077.1
12589.3
10527.4
-45602
-25604.3
-47196.5
-14410.1
215224
137024
186766
69766
194872
96965.6
192576
61341.5
94847.1
75034.6
76871
37220
102158
46523.4
93421.5
29677.3
55070.9
40035
46712.9
18193.2
-34090.3
-15439
-37475.2
-8314.16
195644
132764
177976
66093.3
220152
113782
218087
70536.7
93354.4
72757.8
81557
33756.6
76736.6
32687.4
73471.2
21199.1
60195.3
45232.9
59363
21684.1
-19010.6
-7875.76
-18754.6
-6194.96
188542
120475
173165
61929.8
188184
86064.1
193370
56568.5
89601.7
68868.7
73143.1
30404.9
41595.6
11870.9
39739.4
10255.2
43385.2
26047
44254.3
12370.8
-47946.1
-26358.8
-49531.4
-16793.1
176919
115539
167262
62610.8
194437
92568.1
202413
64309.2
80586.1
67130.6
66362
33216.3
43432.6
19074.2
46368.5
16172.9
31124.7
20445.3
39052.8
13605.4
-30723.8
-7289.56
-33218.5
-2297.39
208103
127416
189778
69669.8
199613
86590.2
205078
59870
135099
103504
111910
49721.6
56718.4
21036.4
53385.9
16228.8
65835.2
34419.8
63997.4
19869
37360.7
33832.9
24468
14953.2
214876
131600
199551
72814.3
189923
82027.2
200900
59443.6
150303
108088
132032
52869
43547.2
12747.7
44329.2
12017.3
86238
45890.5
89639.9
28565
51672.5
37402.4
45937.9
20236.7
222584
131991
200992
72709
185812
70847.9
189312
51789.2
168709
123358
142383
62071.2
36526.3
11286.8
34229.6
9801.91
87925.2
40167.9
86112.2
26961.3
48133.5
33673.1
38142.8
17635.2
223108
139997
205926
74869.2
201444
81339.2
207921
57893.7
143413
103233
126764
49460
30640.4
12520
30650.3
10477.2
99584
52015.5
100601
34974.9
32560.9
24828.6
23553
10199.3
248757
153005
232291
83498
218850
92128.9
223239
63562.5
138972
99698.5
112042
43984.2
48500.5
25514.5
44772.6
15060.7
151678
82522.9
153229
52192.3
2314.36
9034
-11630.5
-642.053
262981
160070
247470
87336.2
239029
100961
245459
69816.2
102360
79600.4
81709
35071.8
58963.5
31370.1
59602
18838
188558
97346
189891
61451.8
-9528.97
7922.42
-19901.5
-1144.81
260733
156087
242200
87782.4
240846
104732
243468
71842
87061.1
72826.3
65927.1
30532.9
43103.8
23009.3
37871.9
14179.6
218538
114546
212000
71279.2
-45601.3
-11087.4
-57565.6
-13845.9
263237
159275
245355
88246.2
254399
116234
254680
77512.3
50227.9
44901.3
39590.9
18034.8
33700.7
19796.9
29285.5
10075.6
248484
132061
241524
80465.9
-88877
-37415.8
-91179.3
-26293.1
281010
163093
258356
89454
260501
113146
263384
75562.1
5369.06
17091.5
3495.94
6559.12
24486.4
6756.41
28412.3
7038.54
292251
150704
280616
91021.6
-84757.4
-32075.1
-80014.1
-20721.8
266289
163534
241266
89234.8
279500
124584
277245
80435.5
-56050.2
-29298.3
-50804.2
-18147.9
15649.7
-3225.82
19869.7
1636.95
286767
154765
267880
90795.3
-99113
-47277.9
-92648
-30117.8
285690
181404
261211
100316
282063
138893
274881
87278.2
-70565.7
-34989.8
-69555.3
-22338.9
7940.1
-4159.2
9946.87
1921.92
341505
199045
318492
115797
-120033
-59200.4
-118550
-37336.7
304354
194792
270934
104984
316577
165492
301393
99902.2
-94246.7
-52815.2
-90887.3
-30260.6
27636.6
6930.35
34473.6
10392.3
384396
226941
357046
129846
-120024
-55828.2
-116336
-32583.5
330042
209171
296622
112726
345671
187398
326778
108991
-112121
-69180.5
-102752
-38255.9
33260.2
2830.55
38418.5
8577.21
442365
264239
403739
147290
-110916
-57683.6
-105937
-34508.2
334166
214233
294311
113063
364364
202387
339300
114819
-171557
-118819
-152282
-64751.9
23508.5
-7930.91
29048.7
116.673
475621
286364
431097
154489
-139962
-83771.6
-128082
-47316.8
340897
218097
304061
113561
351926
200340
332400
112936
-157315
-90192.9
-142657
-44011
-11933.8
-29482.1
-920.653
-13326.8
473579
280526
438995
151869
-143574
-82930.9
-125952
-43260.1
308823
207889
272413
108221
356812
206381
331951
116164
-131754
-79435
-120404
-40290.2
-69169.2
-62514.6
-52910
-30811.5
432844
260326
402168
142573
-125285
-73550.4
-114615
-38590.4
334935
222484
300013
118040
358444
208182
335181
118397
-88980.2
-52366.9
-86218.2
-27680.4
-106951
-89325.3
-87459.2
-44066.9
438210
258893
411121
144285
-113715
-70676
-101410
-35793.7
355915
236620
314081
126504
385225
224943
359892
128786
-62803.1
-37545.2
-64170.6
-16719.5
-122006
-95162.4
-94841.4
-44745
433917
252625
409587
142672
-67714.7
-37163.4
-63945.1
-13428.7
366513
239875
324933
126076
398111
236395
368046
131558
-11062.7
1970
-13904.5
953.18
-141588
-114502
-119396
-55790
431824
246108
403737
138525
-17906.8
-12834
-15068.4
-5719.08
358478
239063
310653
125009
408294
247897
372292
136141
8802.77
6504.68
6059.2
3985.96
-171986
-132288
-147964
-66977.9
423784
241309
395369
135725
-11815.8
-11908.4
-9137.23
-3014.4
12849.5
15067
10348.5
9878.28
-14243.3
-8757.52
-8213.05
-4620.94
10550.7
12103.5
11103.7
7761.2
-8280.22
-3720.09
-11172.3
-3043.39
-21209
-15691.4
-19057.9
-7421.09
13993.6
18777.9
12286
9784.94
15832.8
10136.4
15950.2
4020.61
-42373.4
-35385
-35414.7
-19463.1
5224.81
-2054.85
6953.69
-2721.65
-52833.6
-38830.1
-54281.8
-24914.2
-50496.6
-36817.6
-41579.3
-19989.9
10823
9921.42
10619.3
5184.51
-5487.15
-3439.37
-4323.25
-3751.91
-99562
-72900.6
-90718.3
-40373
-18633.7
-15509.7
-15429.8
-9285.02
-90870.3
-58642.5
-83104.8
-33024.7
-75424.3
-44724.5
-67733.1
-24033.9
33808.9
27280.2
34962.2
16026.6
27521.3
25546.4
23166.2
12919.5
-127612
-81223.9
-115531
-45372.2
-20316.6
-15658.9
-14867.6
-9862.73
-98005.7
-60617.4
-91605.7
-34762.1
-63868.7
-34598.7
-59274.6
-20889.3
105951
75201.5
98219.3
43289.1
37817.5
30052.7
31827.6
15426.9
-127769
-81276.3
-115966
-42204.4
-4818.93
-5194.41
134.35
936.916
-106515
-69264.6
-97778.7
-36184.8
-74451.3
-42146.4
-69989.4
-24195.1
161633
103612
156633
59609.1
56923.5
42064.4
51149.3
21030.8
-154883
-102772
-140511
-56225.6
22940
10717.6
26512.3
8362.24
-119881
-78578.7
-106316
-41913
-83590.6
-43335
-77182.8
-23302.7
201180
126100
191410
69949.1
59808.5
44799.5
57038.8
20875.2
-184570
-121255
-163202
-66551.5
29688.6
12387.8
33072.8
7810.7
-141493
-84270.9
-131916
-46813.3
-99229.7
-62473.6
-91880
-36842.4
220921
135433
205299
73544.8
49597.2
36604.1
50679.1
19170.4
-233460
-153742
-210417
-79842.3
-5240.37
-13318.4
-2199.81
-4553.06
-179376
-113575
-164351
-59722.2
-128701
-75315.4
-120131
-41294.3
205200
121849
190673
71354.9
29105.9
15474.3
35273.3
7629.68
-276006
-180992
-251829
-96600
-30803.7
-26032.1
-25058.5
-11079.7
-182326
-114071
-161427
-57794.7
-146747
-81257.9
-140606
-46954.7
228535
137057
214891
79922.2
59266.2
37212.2
58001.1
20114.4
-280449
-177812
-258605
-94619.4
-34331.4
-32234.9
-29187.2
-15144.8
-146129
-90244.5
-131322
-45279.6
-115498
-56126.6
-118744
-36503.7
310054
190566
285482
109294
44524.4
23693.7
51132.3
12416.8
-293256
-183322
-265538
-97457.7
-53059.2
-39941.6
-39154.6
-17387
-133610
-88060.3
-110835
-41512.1
-140594
-70193.1
-138886
-45512.9
349654
210887
334474
121156
28287.8
8270.32
37543.1
4396.79
-316046
-202698
-285741
-110418
-56586.2
-45085.1
-43182.3
-22601.3
-116695
-81907.7
-95895.7
-39808.7
-158545
-72554.1
-159250
-48185.8
378800
222148
359081
124911
29186.5
6151.83
29279.9
5475.83
-336349
-212251
-301797
-112615
-47235.4
-38264.4
-34668.7
-16346.2
-112571
-75065.7
-100252
-37438.5
-165834
-81750
-164350
-53006.1
378234
214671
353562
117397
58802.3
31696.1
59500.2
19301.2
-299045
-185118
-266425
-95868.1
-7965.56
-8203.15
-3714.43
-1209.86
-89790.5
-57999
-78314.9
-30907.6
-154514
-66835
-156584
-45397
369055
211932
342095
120140
49863
16309.4
55079.4
10051.5
-282464
-177400
-256654
-94038.8
25903.4
16042.8
25673.6
10171
-71468.7
-45934.4
-56795.5
-23290.7
-145788
-57055
-149219
-40527.8
383501
225006
357101
126879
40145.3
11052.1
40525
7549.07
-289254
-180181
-263252
-96282.5
31959.1
15333.6
29666
7050.56
-74127.4
-46894.6
-64351
-26000.3
-148701
-60828.2
-157536
-46783.6
385672
222969
352991
123727
6939.55
-10487.1
11245.1
-6297.49
-278849
-170197
-253747
-90384.5
40054.8
26941.5
39262.8
13920.8
-70450.5
-45491.7
-60516.3
-24811
-180953
-75031.8
-187862
-56618.7
364794
213954
342952
118603
-21143.9
-24370.4
-16861
-14095.5
-285388
-175652
-260203
-94187.3
52485
36908.1
48838.5
20253.7
-64292.3
-36492.4
-57501.2
-20339.2
-204276
-81455.9
-210914
-59051.9
345887
201716
324851
110850
-48688.5
-45104.2
-40418.2
-18884.7
-282168
-178117
-250769
-90609.4
72829.9
42963.8
72622
27056.7
-63972
-43411.4
-55754.7
-22018.6
-207274
-94905
-208860
-60411
334285
187623
322663
107498
-57049.4
-51248.3
-41510
-24748.7
-237364
-151803
-204507
-75142.1
93767.3
50390.6
93460.4
27782.2
-78519.3
-54896.2
-65801.2
-30867.3
-190047
-77924.6
-190216
-53600.8
316210
170968
310505
100514
-108052
-86121.4
-94462.4
-45358.1
-202541
-130516
-185014
-67398.6
86416.2
46712.9
82249.2
26361.6
-88710.1
-64083.7
-69835.3
-32118.2
-185281
-74283.7
-188964
-51402.4
313546
172122
304176
101947
-154566
-109246
-136345
-56299.8
-186078
-116468
-166014
-59126.9
41272.4
13833.8
45933.7
8184.76
-103527
-76564.8
-85179.5
-39263.5
-183093
-78275.3
-188603
-54743.5
326642
172368
319477
104421
-198976
-142456
-178780
-76619.3
-152752
-97971.1
-134957
-48087.5
16908.3
-1333.6
22906
1272.79
-116425
-91613.5
-94229.8
-46377.7
-207569
-94430.6
-212620
-66150.5
309326
150279
315817
93789.9
-249172
-169720
-227930
-89264.5
-114792
-75216.4
-103204
-34581.1
21858.8
5658.27
23053.1
5898.68
-131830
-100495
-109299
-50275.3
-218619
-92925.9
-223005
-61531.7
274261
125937
281368
82269.8
-235565
-148473
-207415
-78247.7
-79323.9
-57355.6
-64906
-28310.4
29886.6
14141.4
30800.9
8633.07
-135250
-90575.4
-123184
-44813.6
-209599
-88915.8
-214748
-61579.1
277265
128012
281174
81042.2
-223429
-145757
-199348
-75872.6
-72449.5
-56432.8
-66966.5
-24749.4
25032.3
10775.6
14655.5
8390.53
-137951
-94925.5
-130689
-47378.3
-203777
-84545.2
-212739
-59128.3
252934
107755
254269
74099.1
-247809
-171947
-215379
-89123
-60625.9
-51616
-56905.8
-23171.2
38867.5
26241.4
24224.8
14623
-102648
-67938.8
-95389.4
-31749.8
-207911
-86330
-217066
-60843.7
248172
101282
256867
71538.7
-266037
-182321
-231129
-94265.1
-69436.5
-50988.1
-65899.5
-25516.7
25255.7
19760.8
15721.1
9387.55
-51705.8
-29053.6
-48201.3
-12242.8
-191849
-74910.2
-202650
-56239
263538
110957
269832
77505.3
-277099
-188643
-241356
-98883.2
-37760.2
-23062.3
-37116.7
-10675.2
40673.5
38455.3
31428.8
19860.5
-5934.75
-2929.54
-6925.4
1187.94
-207612
-83635.9
-218304
-61804.7
278660
117202
293753
81054.9
-295104
-205238
-255001
-104764
-41935
-36200.3
-36150.1
-16204.8
51237.7
41601.9
37025.5
19454.6
31240.7
23363.5
23041.8
14705.7
-208975
-78260.5
-222312
-58482.7
254727
92556
271408
68029.3
-301742
-203469
-264936
-101577
-67502.5
-49819.2
-49402.7
-23655.6
35035.7
31487.5
28643.5
12376.5
47193
32579.2
40492.5
16157.4
-211146
-77543.5
-220056
-57841.3
237060
79620.2
252748
62709.8
-303972
-209628
-267926
-105519
-82877.2
-71864.7
-60002.3
-30470.6
6704.08
6236.68
-1182.99
-741.755
30346.9
16031.5
24367.6
6658.82
-220303
-86603.6
-228251
-64494.5
216629
63182.1
235256
57004.1
-318273
-217887
-283908
-109534
-83484.6
-74913
-66458.8
-31935.1
-29732.4
-14446.9
-35974.8
-10453.2
28866.2
17257.6
23207.2
9570.69
-242441
-98210.8
-250992
-69665.6
214316
61700.7
231128
56419.3
-324737
-221047
-283732
-111560
-74136.6
-70750.3
-49955
-28854.9
-77687.7
-49229.5
-71745.2
-29452.4
26048.4
14744.6
25182.2
8134.56
-248540
-101524
-251832
-72163.8
219559
63470.6
241130
59706.7
-333884
-226201
-294529
-112670
-71967.2
-71651.1
-46829.6
-25513.8
-135943
-85710.5
-123860
-45421
13015
4085.66
10512.6
3691.1
-284395
-127503
-287032
-85369.7
219503
57989.1
246080
58448
-310563
-213171
-275089
-106222
-34335.7
-54954.9
-9951.82
-16032.2
-136657
-85455.3
-128263
-47419.3
22466.2
13358.7
18460.4
7612.71
-278565
-116007
-287221
-79640.7
219798
55333.9
242647
54558.2
-22257.6
-14302.6
-23934.9
-11903.4
-21659.4
-17445.7
-22177.7
-8862.17
-19273.6
-19624.3
-13999.3
-9722.01
-25195.6
-20498.3
-26805
-12525.7
-995.606
208.597
229.81
2421.84
-30674.3
-31939.3
-21954.3
-16298.8
-46172
-29605.1
-41993.7
-16445.9
-32420.8
-19438.4
-30960.7
-9376.24
-47684.5
-39631.2
-37840.8
-17120.5
-65151.4
-43614.3
-60705.8
-24642
26695.4
20584.6
22226.5
11948
-80210
-60531.9
-69338.2
-31630.3
-73207.5
-42456.8
-71314.5
-26151.6
-51112.5
-36843.8
-53063.4
-23484.4
-56975.1
-47095.4
-45984.6
-22544
-84272.3
-52762.9
-87777.4
-29837.8
44310.1
31061.1
33253.8
15905.7
-108158
-78993.7
-90001.3
-39886.5
-114662
-75720.5
-105811
-44428.2
-93139.4
-62339.9
-89296.3
-34477.8
-80826.5
-72441.7
-61335.1
-33577.7
-131488
-88091.4
-122245
-49731.5
45717.3
33637.1
36587.8
18371.3
-155150
-119604
-124093
-59808.5
-164259
-109423
-148933
-61538.1
-126327
-87637.4
-115139
-47288.5
-131943
-112822
-101904
-52282.8
-199720
-135793
-177902
-72772.6
72076.8
49056.9
61475.2
25272.7
-220310
-171106
-175990
-82859.5
-191290
-118947
-175671
-64237.8
-138164
-82551.2
-136336
-45387.8
-136973
-111688
-110458
-49979
-220098
-138773
-205697
-72950.1
83897.5
64524.2
65731.9
32775.1
-256379
-194298
-218510
-95866
-203206
-121484
-195389
-70382.6
-136960
-76177.3
-131037
-43697.1
-121489
-99912.8
-97460.5
-47585.5
-209304
-129270
-193047
-71725.4
104870
78437.9
90692.1
38026.1
-278644
-209025
-238281
-102336
-202414
-116532
-192718
-67177.3
-102995
-47426.4
-105263
-26914.6
-148760
-119825
-124804
-57066.3
-199749
-116909
-184295
-64413.9
126274
97690.3
106614
48675.1
-285511
-205473
-249660
-103216
-211282
-115876
-202812
-67325.8
-75029
-35949.3
-72316.5
-24416.4
-136983
-105313
-107966
-47736.1
-174787
-105949
-163551
-56025.5
152877
109469
132109
53980.5
-270726
-194268
-230966
-94666
-228984
-128302
-224905
-78162.2
-97290.1
-50363
-98784.9
-32286.5
-135067
-108214
-113525
-52570.6
-181403
-112766
-165143
-62203.5
133816
99605.2
108453
47111
-268887
-194524
-230570
-95324.4
-259235
-140874
-255107
-86550.6
-115744
-61787
-114424
-39758.5
-163402
-124892
-140337
-61976.5
-213016
-137695
-190758
-74939.2
135643
105349
107245
47304.7
-278149
-202172
-234701
-98077.8
-278106
-144268
-269695
-85708.4
-124546
-58951.5
-124642
-36674.8
-175447
-126894
-147036
-60413.8
-215966
-134384
-198497
-71723.3
133897
113194
105377
52750.2
-270236
-193325
-231758
-95332.1
-280251
-144547
-270705
-88053.9
-94259.5
-29440.4
-90051.5
-15652.5
-184565
-141842
-157112
-70458.2
-226720
-135914
-203343
-76103.1
116947
99709.8
103698
47531
-265033
-189725
-227551
-94237.5
-257579
-130869
-249544
-81225.4
-352.846
23089.2
-10806
10905.7
-222151
-162091
-191988
-81582.4
-251096
-151688
-228202
-84395.3
135120
105581
119741
52330.9
-272378
-194210
-236991
-99930.5
-265356
-136143
-253803
-80067.1
50944.2
45013.7
41053.2
22653.6
-240932
-172609
-199874
-85980.6
-252746
-153424
-230208
-81340.6
116712
81139.1
104638
40870.1
-273655
-192531
-236259
-95101.6
-238916
-115996
-232941
-72577.4
89004.9
80101.1
75635
42987.1
-250805
-178916
-217378
-90166
-232207
-137462
-207133
-76690.7
91269.1
69803.5
85470.1
36532.7
-253808
-172044
-216582
-84613.1
-203640
-93128.1
-201664
-60377.7
160223
116352
144837
61584.8
-253868
-180623
-220513
-90222.6
-242690
-152009
-213587
-82840.4
108834
73431.6
102425
38020.4
-223591
-160247
-183494
-76049.3
-199782
-93618.1
-195878
-60280.9
203044
141486
181875
73459.2
-282203
-195130
-247318
-99448.2
-275905
-173137
-251201
-95023.1
84279.4
53152.5
80222.7
26930.2
-213786
-157136
-176874
-78814.8
-183168
-73946.4
-190962
-52468
193350
130124
172610
70253.2
-282696
-191315
-255878
-97844.5
-268694
-167132
-248234
-89675.3
87411.1
55139.5
81417
31906.8
-241671
-181005
-205175
-90204.9
-153507
-55366.5
-164805
-42826.6
220870
147662
199955
81016.8
-301254
-204174
-271477
-105676
-255386
-156982
-236520
-86344.1
120999
75141.4
111844
40795.1
-260194
-186990
-224834
-95998.9
-148588
-45191.9
-156459
-36708.7
202692
119751
185781
63718.1
-316811
-207618
-280746
-108175
-250399
-154084
-231857
-80478.7
112958
63800.1
103564
35505.2
-277157
-196676
-235275
-97318.4
-124544
-31853.7
-141841
-34408.5
143300
81981.3
132892
44905.5
-314123
-208428
-283261
-109467
-238778
-156104
-215610
-84657.7
110421
66255.9
99226.9
34989.8
-290042
-208632
-243122
-106147
-138873
-37633.6
-159220
-39889.3
79761.6
34368.9
77781
18939.9
-356303
-235440
-321712
-123846
-298413
-198196
-268187
-106418
97201
58638.2
83941.4
28371.2
-341860
-248489
-285937
-124775
-143058
-34576.8
-160031
-35281.8
51204.4
24274.3
49175.7
16312.2
-358681
-230705
-322643
-120328
-292077
-188386
-268089
-97653.6
104197
67821.4
91304.5
35809.3
-366483
-263438
-313807
-133563
-130358
-27820.4
-154327
-33823
59907.5
30343.4
64967.6
20434
-343090
-215152
-311110
-113041
-264374
-172172
-237971
-93769.4
113889
73558.9
107171
38656.1
-376302
-268114
-329309
-133290
-110345
-11125.6
-135878
-25301
92399.8
47874.7
90367.5
31806.4
-351559
-223017
-323950
-119664
-272758
-173994
-247250
-95793.2
135313
87160.1
124874
46829.6
-372668
-261919
-331422
-134527
-111707
-7184.91
-130439
-23232
121609
60200.2
123697
37125.2
-330056
-197277
-298787
-103979
-257062
-161150
-231611
-83368.6
157975
97959
149761
55579.3
-362534
-248904
-317306
-125816
-72767.7
13510
-101357
-13329
160777
84043.9
156787
51338.8
-246186
-139985
-232830
-75254.5
-180111
-118940
-159207
-64200.3
207176
128519
192520
71880.9
-310401
-211575
-272914
-106405
-52567.7
33593.2
-86505.3
-2458.61
191474
102002
186769
62328.6
-195053
-101471
-189091
-54933
-181154
-121773
-158609
-62714
250534
154975
231454
86282.6
-275576
-187271
-238540
-91526.5
-32303.5
46814.7
-67383
4818.23
211505
109692
206231
66662.5
-162105
-79623.8
-155037
-45126.8
-157814
-108685
-142687
-55829.6
276420
169778
253373
92565.2
-241136
-168231
-211404
-85208.5
-43861.8
45479.7
-74574.3
2708.22
189800
90093.2
186582
56839.4
-126656
-67765.6
-120113
-40047.7
-162676
-107783
-147575
-56563.6
235631
137566
219177
77286.8
-274332
-192799
-235090
-99802.5
-8860.76
69242
-46751.8
15808.1
216741
114335
212726
71912.1
-127457
-63673.6
-125477
-38495.6
-151871
-93625.2
-138225
-51069.4
239340
144263
224335
80855.5
-299500
-204185
-263148
-105754
4603.97
73824.1
-28973
21329.2
230883
103030
231083
64751.9
-102516
-53446.7
-93895.3
-31044.8
-126993
-83787.9
-119138
-41416
216064
113847
202136
65526.9
-303480
-212062
-259855
-106469
40006
100109
-431.335
31562.4
198708
91941.6
193978
57551.4
-85362.6
-38359.8
-84514.1
-24572
-113223
-67738
-106093
-38272.2
177004
100633
163746
58270.5
-298968
-204123
-254039
-104551
84710
131303
36463.4
46198.8
194009
87340.4
189656
53627.7
-49609.2
-12532.8
-55877.7
-11992.5
-98623
-58264.9
-93045.4
-33627.2
198655
117026
180686
64317
-301881
-213570
-251791
-107367
80772.8
127838
34149
46313.4
173762
80769.3
167509
51003.6
-40266.2
-5815.95
-46763.1
-7575.23
-98979.4
-54193.4
-100566
-30978.3
166637
98200.9
150083
54353.2
-319633
-228415
-272774
-116620
-12503.8
-11636.1
-6934.6
-7064.7
-2361.03
-317.491
-4746.1
-1551.39
-3005.2
-4109
3139.55
-1316.63
-25422.6
-14347.9
-31040.6
-10856.2
-12133.2
-9244.01
-11070.5
-7682.72
-35008.9
-25114.3
-37871.2
-16334.2
-57303.2
-39046.4
-45772.4
-18997.8
-24637.7
-17604.8
-20140.5
-9522.61
-17634.5
-16005.4
-6330.73
-7674.94
-45585.1
-23459.7
-49254.2
-13423.7
-62108.7
-44033.7
-53928.9
-21182.1
-75181
-47925.6
-72953.6
-27833.1
-61107.5
-48139.8
-55492.3
-23959.6
-57434.7
-46355.8
-52936.1
-25571.1
-37419.4
-32072.9
-31471.9
-14297.7
-28040.3
-5817.37
-38884.5
-2104.35
-90303.2
-67765.6
-81238.1
-35388.6
-81699.8
-46041.8
-81549.9
-25542.1
-87605.6
-63899.8
-71898.6
-33794
-106189
-73060.4
-93812.6
-39293.9
-35895.6
-34241.6
-21100.1
-17010.2
-18169.8
-2419.72
-24904.3
-6862.47
-134690
-92016.5
-119697
-48708.3
-101297
-59961.2
-99996.2
-36677.6
-115451
-80648.4
-98317.5
-39535.8
-132095
-88659.2
-118978
-45845.3
-50268.2
-40818.4
-35456.5
-18258.9
-40307.2
-9264.51
-44723.8
-9020.56
-164805
-109275
-150760
-57903.6
-141772
-84456.1
-129867
-47014.8
-93298.5
-67745.8
-79616.7
-33026.8
-132628
-89392.4
-118230
-45894.1
-49865.2
-45523.5
-32779.3
-19282.8
-19740.3
9110.36
-29279.9
1919.79
-156749
-103056
-140775
-53275.5
-158322
-90124.3
-151713
-52112.4
-88744.7
-66745.2
-65137.3
-28859.1
-126264
-79668.3
-106798
-38826.5
-31091.5
-36391.3
-14371.2
-11641.8
-26418.9
-5757.97
-25129.9
-7616.95
-165683
-107130
-141916
-56126.6
-193768
-119304
-173243
-65974.5
-50744.1
-42302.7
-36795
-12882.1
-94366.9
-66130
-76848.4
-27280.9
13102
-8817.62
19410.1
4341.64
-46267.4
-22658.5
-42863.4
-10301.8
-159735
-109592
-142984
-52742.4
-217877
-140825
-194793
-73253.4
14800.5
23.3345
25860.3
9188.15
-66536.6
-58815
-44856.7
-25197.8
64033.5
27003
68112.1
22442.9
-36580.8
-16549.8
-30679.9
-5122.28
-153644
-106454
-131805
-55727.1
-222656
-144700
-193669
-74140.1
54605.6
15800.3
62518.1
16633.3
-80716.9
-73812
-56302
-29686.5
108297
49361
108823
34233.2
-35063.3
-27988.7
-29408.6
-13763.1
-180559
-125475
-159861
-62364
-248342
-173168
-219099
-88568
100924
49842.5
105144
36454.2
-51196.7
-57177.4
-28741.8
-18983.7
147444
77428.2
142070
48175.9
-38150.5
-27179.8
-26542.7
-10501.2
-170041
-118356
-152502
-61205
-266815
-186774
-226734
-92557.4
141164
68656.5
144954
46754.6
-30472.1
-50689.7
-5924.14
-14741.1
174489
93409.5
169562
57274.9
-45467
-38739.6
-28865.5
-14796.9
-189262
-130518
-165265
-67071.9
-286286
-203136
-245567
-102521
128006
42395.3
134763
31792.9
-26138.2
-51178.3
-7295.93
-18528.3
194816
99022.5
184429
61272.9
-82614.1
-71282.7
-75012
-34883.7
-228936
-152784
-200251
-81314.5
-336902
-240998
-292913
-120662
66343.6
2481.94
81894.3
10224.1
-63250
-79408.8
-32464
-34526.6
203816
106012
197104
60938.5
-118283
-96346.1
-103199
-50548.9
-255790
-171720
-223670
-90880.9
-360533
-260444
-309972
-130532
13681.8
-34438.2
37827.4
-8837.42
-137837
-140632
-94589.7
-66016.2
196434
102039
190168
59194.7
-164907
-119664
-146881
-60070.8
-291019
-195393
-258046
-107340
-373145
-268935
-321866
-133884
-46922.2
-73631.7
-21633.2
-27534
-213979
-184993
-166017
-84833
191818
99714.1
184660
59580.1
-199529
-141612
-176687
-73535.6
-344555
-223239
-306464
-118097
-409802
-293039
-353088
-146831
-75127.3
-92706.6
-43332.9
-35322.1
-245150
-207768
-194959
-96691.2
203236
106727
194027
63303
-235703
-162079
-207524
-84378.3
-353608
-228898
-321186
-124175
-425535
-308471
-357177
-149777
-105968
-116844
-71865.4
-50344.6
-268764
-225227
-213842
-106464
201360
106217
190993
62697
-263030
-174800
-237574
-91536.4
-386435
-244221
-351706
-133426
-454590
-329228
-391389
-163796
-134297
-131176
-96172.9
-55416
-260415
-209623
-211128
-95523.8
225698
124635
215861
74703.7
-264909
-175300
-233033
-91389.3
-376670
-232661
-341798
-124903
-474034
-337337
-405650
-166492
-129012
-122903
-93198.8
-51625.2
-234668
-192710
-190173
-88247.6
264454
149530
247641
85641.9
-265608
-178466
-233006
-91469.9
-363095
-225514
-335418
-120959
-464399
-331369
-399119
-164495
-113828
-114502
-76275.6
-47160.5
-243382
-207942
-192769
-98087
276689
156534
260044
90409.3
-268046
-181448
-232292
-89444.1
-372759
-233260
-339409
-128752
-474964
-337890
-405909
-168158
-109127
-113749
-73017.3
-44901.3
-260270
-208133
-210347
-94277.1
307961
176671
290683
101652
-264515
-186705
-227481
-93934.9
-383186
-234173
-351293
-124510
-474549
-339114
-407086
-167389
-91518.7
-101751
-56285
-38146.3
-243262
-198783
-200782
-91814.3
336473
196705
313084
111381
-283980
-198474
-243583
-100271
-368663
-227072
-344560
-125283
-479718
-343380
-407552
-169649
-72224.6
-94316
-40330.5
-35832.6
-216590
-183139
-173570
-83447.1
362572
209484
339394
119094
-282162
-198062
-239066
-97643.7
-366306
-222614
-340856
-122919
-491039
-352662
-420017
-175705
-84824.5
-110137
-44815.7
-43627.1
-214178
-180915
-168963
-82481.2
378901
213572
355360
123015
-282249
-201967
-245768
-99776.3
-362667
-215067
-330619
-117330
-508484
-368210
-436863
-180602
-114872
-124665
-71494.9
-51454
-212674
-179909
-163098
-81714.7
392120
224361
367277
125158
-246041
-171978
-215561
-85753.7
-359761
-215750
-326616
-115696
-507295
-367458
-434962
-181501
-128319
-136945
-89994.2
-60488
-245318
-209591
-193980
-99393.1
373437
214257
348051
117228
-212278
-147473
-190323
-75426.4
-376036
-234948
-341388
-130462
-504551
-365694
-433060
-180813
-146519
-144509
-102295
-61545.2
-277909
-227322
-221252
-104962
374996
217237
350311
122503
-190858
-128399
-166401
-63955
-409203
-249870
-371360
-133850
-511853
-367557
-439566
-181268
-147964
-145724
-105594
-61672.4
-286486
-234834
-230206
-108893
383460
222184
355658
123317
-159615
-107940
-142366
-54704.6
-413735
-258043
-376669
-139265
-503449
-366674
-424396
-176885
-154279
-154216
-113623
-68462.8
-306420
-251036
-247256
-117639
367551
211358
339508
116753
-148384
-96336.9
-137946
-50173.5
-425657
-267428
-386481
-143691
-517819
-380313
-443542
-187598
-176007
-164809
-127285
-69090.7
-306630
-241357
-250874
-109338
379328
222580
351411
124978
-159803
-105645
-142543
-53957.2
-443000
-274774
-396882
-145779
-536041
-394711
-452163
-191104
-143624
-144419
-101066
-58510.3
-283660
-231575
-233225
-105243
410441
242453
377132
133179
-166519
-113530
-150860
-57446.1
-436951
-280154
-393240
-146044
-528295
-399649
-443596
-191866
-90566.9
-103530
-54064.7
-35224.5
-276375
-226706
-220735
-104146
439562
267344
405396
147239
-167597
-103775
-152326
-51104
-435717
-276838
-388950
-146341
-516398
-389251
-428155
-183274
-38975
-78015.1
-6062.03
-23806.9
-285288
-230761
-235580
-106128
472646
283514
432981
155757
-155436
-104035
-143093
-55254
-453036
-291588
-410369
-153993
-515556
-404392
-428403
-192629
7948.59
-44695.5
39088.2
-4176.88
-276041
-224426
-224212
-102137
498082
301739
457012
164693
-173482
-112513
-151034
-58124.9
-446434
-288034
-397823
-150987
-520765
-410939
-417483
-190456
33603.8
-33947.5
61293.4
191.626
-264780
-218270
-212370
-99081.2
504130
305253
462611
165832
-193972
-125767
-172273
-64786.5
-478781
-312182
-424773
-163417
-536701
-427802
-436223
-200681
-33127.2
-20047.2
-34132
-10855.5
987.828
-2177.18
2644.58
1528.06
-49122.7
-36968.2
-43262.2
-18494.4
-9046.02
-7374.42
-4811.15
-4433.56
1033.08
-6437.5
10514.7
-1411.39
8363.66
8186.88
7380.07
5093.29
-44614.2
-22117.6
-51800.5
-13090
-45027.9
-41066.6
-38149.1
-20236
-89940.4
-55529.8
-90493.4
-30828.4
-6751.46
-5960.2
-11157.4
-1660.29
15034.5
2863.78
19149.2
3329.77
29310.3
26969.1
14283.6
11422.6
-57786.9
-23591.2
-68514.4
-19130.8
-43612.2
-30706.8
-35841.1
-12424.6
-119908
-67157.5
-111826
-37514.1
6792.47
11018.1
304.763
5393.81
11201.3
-1513.92
15367.6
1822.92
51731.9
50932.9
40887
25494.7
-96205.4
-38703.5
-99905
-28949
-59780.2
-50553.2
-46029.1
-23184.6
-165447
-97794.3
-158314
-58701.2
29660.3
21805.1
23236.9
6521.65
40983.2
13904.5
53907
14030.4
110713
92541.9
89529.6
45486.1
-127693
-56024.1
-135380
-36678.3
-73002.4
-61133.6
-61143.5
-28239.7
-196677
-106188
-188672
-61263
11498.3
19367.7
2388.61
8961.16
56104
13307
61794.1
13944.1
157294
122522
131455
62178.7
-137022
-58318.6
-152103
-43391.6
-107170
-84079.2
-82924.5
-39052.1
-227665
-127537
-212870
-73806.4
43639.8
35361
31537.7
17697.5
68180.7
23803.3
78974.6
19953.1
191728
148895
161097
72709
-155118
-51081.4
-162740
-40266.9
-99600.2
-80907.9
-83882.7
-37307
-235295
-127254
-224464
-72624.1
45579.4
36387.7
40805.7
14125.9
90115.8
29525.2
97609
23824.5
227915
165568
194467
80977.9
-140829
-44745.7
-151248
-33330.2
-144010
-113049
-127884
-57532.3
-212549
-107971
-210154
-65248.3
5325.93
9256.73
5421.39
4661.96
102511
37268.8
106205
29650.4
229926
163589
190941
76563.4
-100544
-17824
-115653
-21620.5
-151898
-107441
-131808
-53426.2
-194164
-95185.1
-189191
-58349.7
2225.27
7325.63
4335.98
3891.21
118636
44192.8
124556
32679.6
217085
160474
186612
78155.1
-101547
-18281.5
-115178
-23205.1
-163955
-114892
-142836
-57142.7
-188470
-88821.1
-191007
-57535.2
10250.9
5699.28
6566.19
208.597
140587
56765.1
150552
42654.8
250259
186291
211424
92322.7
-101453
-17430.9
-112701
-18582.1
-157295
-110471
-141475
-55571.5
-152751
-59417.5
-156365
-41862.8
-12037.1
-744.583
-6902.07
-791.252
162734
62558.4
169289
47642
290171
204377
249783
102343
-75287.8
-2639.63
-100803
-15158.2
-192372
-131909
-172274
-69688.9
-150457
-57993.4
-159373
-42229.8
-7325.63
-4534.68
-3575.13
1028.84
176285
72590.2
178532
50498.7
283399
203346
243876
98959.6
-72116.4
2950.76
-89843.6
-12408.3
-220414
-150484
-193159
-77415.5
-175331
-81646.1
-174138
-52687.9
-14799
-18313.4
-4596.19
-7162.99
149776
42524.7
167292
36222.3
266711
187181
235604
92116.9
-62659.6
9729.79
-86704
-9264.51
-275156
-181825
-251930
-101033
-150507
-51336
-165642
-40382.2
-39419.1
-34960.8
-33022.6
-14715.6
132506
35718.8
146578
33398.8
277842
204561
232841
97284.5
-59604.2
10972.2
-88012.9
-12633.9
-310165
-199484
-279019
-109003
-162760
-65011.4
-168679
-50824.7
-37224.2
-33205.7
-32654.9
-14880.4
119533
21486.9
135014
24638.4
270601
199939
230254
95134.1
-95772.7
-4834.49
-114292
-20463.7
-347799
-218881
-311432
-115119
-187783
-76000.5
-191798
-54057.6
-59607.7
-49460
-48740.2
-25509.6
81198.5
-7301.58
113206
15124.3
297954
222850
255473
110888
-106420
-14568.5
-129077
-22783.7
-340936
-217533
-310062
-117651
-158646
-54023
-165993
-42099.7
-81224.6
-58385.1
-71439.7
-26396.3
73083
-20506.8
102066
9805.45
338923
243779
293818
120466
-103221
-9709.28
-136086
-25990.4
-400128
-255523
-360740
-142220
-171084
-67212.6
-181491
-53936
-75618
-60491.6
-69575.1
-28790.6
58979.8
-30821.4
91947.9
2374.46
339477
248896
290858
120100
-113901
-158.392
-141897
-23181.1
-420998
-260351
-384161
-136864
-209187
-81187.9
-214583
-57967.2
-78665.6
-54305.1
-74958.3
-28144.3
16839
-61550.8
47935.5
-11517.4
332527
241874
284351
121635
-98787.8
7543.42
-121775
-16035.8
-413971
-259880
-376114
-139690
-175247
-58310.9
-184235
-48679.4
-73141
-48669.5
-61770
-24867.5
13967.5
-56735.4
49494.6
-7336.23
371247
270027
313687
132510
-83973.9
11743.6
-108782
-14927
-412391
-256700
-370798
-136017
-179882
-64252.7
-181610
-48971.4
-74127.4
-50701
-63107.9
-24550
11514.5
-61108.2
44177.2
-11968.5
360312
260612
310139
128982
-96077.4
5728.27
-121856
-16060.5
-399744
-248815
-365452
-131553
-181171
-64031.3
-194135
-49330.6
-52190.1
-34537.2
-51226.4
-18561.6
-13151.5
-79703
26737.8
-19935.5
392173
288617
335696
145129
-97233.5
-679.53
-116634
-19399.5
-362250
-224830
-328315
-121421
-132764
-33280.7
-142248
-34563.4
-49053.4
-31192.6
-44815
-18873.4
-25729.5
-86825.6
13980.2
-23979.4
433251
307932
373548
153622
-100237
-1053.59
-125456
-20984.1
-385506
-241290
-346325
-128273
-154250
-50992.3
-155792
-43057.9
-58578.1
-38552.9
-48001.2
-18595.5
-39763.4
-95818.6
2979.75
-27990.1
433143
310280
374545
154578
-75502.7
22479.6
-107537
-6272.04
-368396
-226404
-343206
-121518
-150271
-48183
-166149
-38374
-39523.7
-25065.5
-35945.8
-11198.5
-27042.6
-88038.3
12778.8
-23260.3
439398
314675
376034
155836
-29465.1
42273
-57301.1
5386.74
-383769
-238332
-352545
-133540
-116892
-28309
-132107
-30876.5
-23291.4
-24573.4
-15093.9
-9150.67
-37301.3
-100400
8799.24
-29342.1
427194
304068
364198
144506
8794.99
65650.6
-24837.8
16767.6
-408387
-244147
-375918
-135430
-102866
-16407.7
-116972
-25288.3
-10287.7
-14878.2
-4979.45
-4591.95
-24451.8
-94015.5
18126
-26015.2
392530
286897
335779
139191
-7521.49
56036.1
-36532
13580.7
-410572
-237073
-384373
-130323
-123846
-27312
-141202
-29544.3
-13697.4
-18043.2
-5647.66
-5951.72
-49127.7
-107878
-2592.96
-31590
397909
299836
333665
147094
23026.9
69601.9
-10987
21766.2
-376874
-216785
-356102
-125214
-82753.4
-1953.03
-103100
-19020.5
-5622.91
-15754.3
-494.268
-3898.28
-41246.2
-106669
4482.35
-30853.2
426930
313025
360894
150818
44477
80603.8
8565.18
24288.4
-407190
-231671
-377208
-133686
-87344.7
-5980
-103263
-21525
12469.8
-8638.72
20152.5
657.609
-43086.1
-109866
4533.26
-33686.6
408394
304205
349171
145368
35067.5
85717.6
2235.16
25578.2
-429108
-247282
-405295
-137702
-125001
-26358.8
-145962
-27899.6
15622.1
-2841.86
16403.5
2297.39
-60349.4
-126610
-11896.4
-42181.7
378632
284387
318469
137978
48169.5
88910.2
20799.5
31741.3
-465000
-269382
-440613
-154797
-89149.2
6188.6
-111247
-12660
23055.2
5275.72
29243.1
8208.1
-69261.1
-126525
-18722.8
-40610.6
382624
290318
319650
137501
72688.5
100158
36807.7
35659.4
-489150
-278576
-457569
-159459
-74026.3
8657.11
-96266.2
-13281.6
44844.7
17036.3
46074.4
13732.7
-54518.6
-115914
-7471.29
-37998.5
348902
269302
291478
127554
51536.1
84713.5
19729.7
26952.1
-523141
-297811
-492083
-168385
-102187
-3818.38
-130559
-20552.8
55978.8
23130.9
52899.4
14534.6
-72001.9
-133266
-17423.8
-44951.5
353444
276844
293888
132805
30375.2
69024.2
3563.11
19690.8
-513388
-290771
-484398
-167260
-72438.8
18632.3
-97174.9
-10870.4
50416.7
24119.4
48249.4
13790
-74428.6
-132666
-21196.9
-44634
361223
276363
300117
130105
35993.9
73654.4
3586.45
24195.1
-570545
-329643
-533948
-190340
-83526.3
11460.8
-110990
-14359.2
60361.5
29523.1
57612.2
19852
-89881.8
-146790
-33684.4
-51836.6
337025
266647
280995
124667
28139.3
24709.8
20682.9
13590.6
-15774.8
-13015
-14622.3
-7097.94
17768.2
8712.26
22551.8
6836.31
-18378.4
-8150.11
-23559.4
-5818.78
-32175.5
-23957.5
-31039.9
-12838.9
31888.4
21073.9
29236.7
10683.7
82711
62183.7
57115.1
32287.2
-6991.87
-3162.18
-12880.7
-2114.96
35955
17807.8
34583.9
13218.7
-51377.7
-28553.7
-57856.9
-20092.4
-75137.2
-49245.7
-67038
-26232.2
42128.7
28370.5
33918.5
12619.7
145081
108867
120164
53735.2
15284.1
18137.3
4595.49
4712.87
46155
16610.6
47256.7
11059.9
-86173.7
-41572.2
-87224.4
-26114.9
-81600.1
-49011
-76958.7
-27007.2
26937.9
16274.1
25130.6
7013.09
183662
134762
147536
68670.7
1670.19
9280.78
-15975
-1202.08
50553.9
20643.3
50355.2
14623
-102311
-50881.3
-106130
-31877.1
-77711
-44859.6
-75607.4
-26201.8
20004.8
10182.3
19255.9
5493.51
245007
178175
206353
89252.4
7771.81
23425
-6299.61
4698.72
66417.1
31505.8
66008.4
19915.7
-98204.4
-45901.1
-101907
-30571.1
-67496.9
-35613.4
-66470.2
-21119.2
31969.7
18432.9
29783.3
9488.67
263936
189685
219415
91380.8
29207.8
43019
5978.59
14092.6
88577.9
45773.9
81146.2
27031.3
-139479
-73168.6
-133947
-45982.4
-45860.8
-21159.5
-45343.9
-14002.1
32413.1
17823.3
29811.6
7860.2
245038
181152
213765
88895.3
39247.3
54199.7
26775.3
23361.4
97746.9
52849.9
97391.9
32300.6
-160544
-83526.3
-155211
-49430.3
-56605.3
-32309.8
-54506.6
-17722.2
20543.6
9323.2
22261.1
5809.59
245932
174810
213225
87380
83947.7
78838.9
65012.8
37378.4
87784.5
41537.6
88146.5
26703.9
-165296
-92541.2
-157413
-54611.3
-57164.6
-34139.8
-50116.2
-17715.1
5923.43
-4608.21
7266.94
-2107.89
244554
173566
218212
86631.9
123559
104829
100235
49239.4
58938.1
19881.7
63380.1
12731.5
-184483
-101538
-174170
-56915
-55440.7
-31833.2
-54453.6
-17842.4
-22232.1
-24315.3
-18369.9
-12281.7
238567
160770
205155
80028.2
142950
113718
111080
51362.8
28589
710.642
31695.4
2621.24
-176386
-97628.8
-169640
-57637.7
-46505
-22993
-48047.9
-15709.8
-37146.4
-32790
-34062
-16667.9
230798
159529
203824
78594.9
160397
132728
133085
62187.2
5414.32
-8548.21
10590.3
-3730.7
-189244
-104016
-180368
-60787.8
-57303.9
-27775.9
-57212
-17860.1
-38569.8
-27957.6
-34957.2
-15846.3
217997
146431
191055
72604.3
207027
159712
168508
78408.2
3931.51
-8605.49
352.846
-2426.79
-194336
-108580
-181504
-62769.2
-34585.3
-11343.4
-40507.3
-8271.74
-36805.6
-26097.2
-35754.1
-11769.1
173123
118122
153133
58073.3
208551
161527
177897
75198.7
-2194.86
-5753.73
3966.87
-985.707
-187996
-104148
-177740
-61838.6
-32891.8
-8086.47
-35856
-7965.56
-24486.4
-14586.9
-19648.4
-7109.25
140185
95083.9
127019
49390
191726
149291
165268
73168.6
-18407.4
-19331.6
-8535.49
-4338.81
-179419
-98932.7
-166860
-57740.9
-41720
-14871.2
-40363.1
-8449.93
-25762
-16857.4
-21262.7
-5719.79
131726
84658.4
121131
43020.4
207039
153546
177980
73989.5
-18258.2
-23528.3
-8497.3
-9707.87
-169037
-93607.5
-157002
-53377.4
-14975.8
-1553.51
-19797.6
-2668.62
-19702.8
-17709.5
-16795.2
-6549.22
98358.6
59001
90350.6
32213
207673
154040
179623
76472.2
-26464.2
-27654.9
-15987
-9649.89
-152091
-85856.2
-138435
-47714.9
5441.19
11534.3
4960.35
6026.67
-14413.7
-14212.1
-7515.84
-2181.42
75727.6
41637.3
73500.9
22525.6
210649
153215
184049
75196.6
-37244.7
-34207.7
-24393.8
-14181
-143393
-85548.6
-130294
-47411.5
15096.7
13712.9
13399
6590.24
-6414.17
-10280.6
-521.138
-2143.95
28285.7
10316.7
27870.6
5685.85
204074
148649
174550
74911.6
-39989
-35875.1
-35674.2
-15873.8
-156580
-96575.2
-139673
-52458.8
27058.9
22381.3
20276.3
11795.2
-7547.66
-7887.07
-6186.48
-42.4264
12134.7
8873.48
6431.14
6913.38
188416
134138
158623
64896.1
-41087.9
-29006.9
-36694.6
-12732.2
-167622
-105285
-158456
-57469.4
6253.65
8934.29
1628.47
2049.2
-5625.03
-9427.15
-5489.27
-5533.11
6275.57
717.713
-3103.49
50.9117
148333
107700
122523
49663.6
-68286.7
-47623.6
-64063.9
-24852
-200074
-130086
-186398
-72770.5
-61843.6
-35612
-55309.2
-21273.3
-76987
-57233.9
-74597.6
-34697.7
40712.4
31990.9
31881.3
16713.9
156768
122257
129388
55536.9
-57185.1
-34114.4
-55781.5
-19112.4
-222237
-139671
-207138
-76282.7
-62403.6
-31793.6
-58018.8
-17607.7
-123551
-78709.5
-114821
-45568.1
73200.4
50279.5
56944
25962.1
149034
115999
112874
50648.6
-38272.2
-18952.6
-40296.6
-12129.7
-208917
-128116
-194340
-70265.9
-40482.6
-17159.4
-40206.8
-11528.7
-140558
-88395.4
-135163
-50387
114239
82672.8
95759.2
41838.8
150956
126890
116423
54932.3
-17023.6
2094.45
-22690.3
-2214.66
-192805
-115445
-183501
-64932.9
-29904.3
-9840.1
-31114.8
-8006.57
-142939
-80965.1
-139876
-50169.2
105829
71550
89953.2
33100.4
151628
127670
116046
55636.6
-14377.6
3196.83
-22713
-3551.09
-196580
-119345
-180876
-66505.5
-33733.2
-13281.6
-28516.2
-10020.4
-178636
-101859
-169968
-61106
77095.1
60128.8
64952
26967.6
132428
121938
103954
53450.9
-9658.37
7701.81
-14075.7
-449.013
-205057
-123826
-188406
-69704.5
-58326.4
-34096.7
-57236.1
-20927.5
-182613
-100066
-166526
-57202.1
80716.2
66547.9
64070.2
30244.4
152493
137467
121696
63004.6
4507.1
16515.9
-3061.07
5202.18
-208934
-127039
-188988
-71743.1
-68510.9
-35860.9
-64648.7
-21381.5
-158958
-87185.6
-145800
-47830.1
101647
83866.4
82715.9
38603.8
175920
152889
136981
70464.6
-29.6985
10998.3
-8360.83
243.245
-213864
-126919
-192460
-68152.4
-50910.3
-17788
-56729.1
-13517.8
-141035
-81621.3
-128305
-42940.5
86916.2
74322.6
63077.5
32980.2
162539
143183
124331
63407.7
-15978.5
4855.7
-26008.1
-3005.2
-213802
-130425
-195040
-71531.6
-42504.9
-7345.43
-51345.1
-10268.6
-133059
-78749.1
-118694
-40510.1
95839.1
81525.9
75323.8
36274.6
165165
147982
129413
66500.6
-27749
-1194.3
-36003
-7191.28
-217873
-137961
-194654
-73909.6
-36099.2
-428.507
-45091.5
-6293.25
-120712
-78413.9
-103943
-39764.1
80463.8
74391.2
62738
33978.6
174727
158299
136514
74041.9
-23122.4
6320.12
-36913.8
-1193.6
-239918
-155362
-206426
-80683
-4513.46
24148.4
-16566.8
7936.57
-116813
-76270
-98485.1
-34721.1
82233
75070
64809.2
33052.3
158944
135997
127390
60048.2
2454.37
25788.9
-8905.3
8329.72
-262678
-171964
-235727
-91285.4
-28444.8
4261.73
-44238
-8893.28
-88973.1
-62559.9
-74611.1
-32218.6
75297
66854.8
54797.9
30079.6
148299
130324
114131
60737.6
9751
28335.2
-6736.61
9384.72
-294359
-196354
-263979
-103455
-82224.5
-28130.8
-90970
-24805.3
-114798
-82074.6
-99935.4
-41191.1
109291
90120.8
95665.9
43802.4
180128
154132
144581
70760.2
43795.4
51322.5
26359.5
21298.8
-294763
-192173
-259093
-98415.8
-74971
-13962.5
-88935.6
-17841
-112957
-83440
-88644.3
-38695.7
145772
108310
123060
56374.8
180705
148486
139241
69964.7
84407.3
80358.4
60034.8
37206.5
-271212
-180025
-239769
-90544.3
-57317.4
364.16
-75852.1
-10334.4
-97266.8
-77216.8
-76686.4
-31605.6
192755
135673
170413
69669.1
202813
165505
166288
77257.8
126402
109035
98920
51010
-249192
-169706
-218227
-86289.7
-38010.5
14922.8
-58050.6
-5086.93
-77856.7
-70789.9
-55666.3
-30285.4
193264
125284
175688
64898.3
209440
166003
169309
79144.3
144458
116850
115772
56164.1
-266655
-189048
-225932
-94552.2
-26425.3
23198.8
-44490.5
1192.89
-109684
-97562.4
-81335.7
-42927.7
-33963
-18447.7
-28362.1
-6814.39
-4853.58
7303
-1094.6
7473.41
42038.2
30991.1
45457.8
20110.1
-37808.3
-26657.2
-27488.1
-13184.7
4758.83
3462.7
3860.8
5400.17
8903.18
14445.5
16568.2
11398.6
-21858.8
-16191.3
-24987.7
-4729.13
7707.46
5072.78
5013.39
7331.28
103089
65217.9
91173.6
37010.7
-69836.7
-45436.6
-59761.1
-21752.7
19195.1
10119.4
17681.9
6058.49
23509.2
14659.7
15982
10151.9
-2510.23
267.993
-369.817
-30.4056
24981.4
18739
26547.6
9685.24
172552
114028
155507
59863.7
-48995.4
-32014.3
-43984.2
-16951.5
23494.3
15528.8
23375.5
8654.99
62311
47504.8
57133.5
21701.1
-5369.77
2583.06
-11099.5
3778.78
-222.032
2585.18
-4024.85
4740.44
230351
159093
199553
81880.8
-76612.2
-39916.2
-76644
-24432.7
103.238
-2933.79
-888.126
-1624.93
50206
46565.1
36990.2
23818.2
15685.7
10162.5
22405.4
5735.34
33060.8
23125.2
36083.7
12152.3
277225
187905
246270
94214.9
-58681.4
-32048.2
-55599.8
-20537.2
-9582.71
-6881.56
-6156.78
-3668.47
68923.8
52448.9
67128.5
23483.7
4036.17
-2332.04
12860.2
1600.18
38150.5
21258.5
45739.9
12643.8
284606
193354
250317
97853
-71474.4
-41302.8
-67953
-24695
-24403.7
-21358.9
-13324.7
-8530.54
32542.5
21669.3
35118.5
7401.29
-28661.9
-28307.6
-15964.3
-12996.6
10291.9
-1650.39
8475.38
-859.135
265625
178834
235247
90632.7
-105724
-61829.4
-103686
-36102.8
-18835.9
-22528.4
-22560.2
-11431.1
-20699.8
-12424.6
-17786.6
-9448.36
-62415.6
-52849.9
-49802.2
-23797.7
-22650
-16695.5
-22321.2
-10699.9
259227
174801
227205
86655.9
-110822
-55531.9
-105440
-33029
-12782.4
-10985.6
-12906.1
-9558.67
-43255.1
-25116.4
-45055.4
-15136.3
-78545.4
-64865
-61196.6
-32110.4
-41326.9
-24982.8
-38974.3
-15093.2
261733
180510
228629
90880.9
-85063.5
-40737.8
-84920.7
-22300.7
-3034.2
2171.52
-4418.71
1537.96
-31977.5
-16484.1
-34948
-12182
-102927
-80309.7
-82660.8
-36752.6
-77184.2
-49428.2
-70183.9
-27329
284978
193988
251837
97661.3
-66074.2
-29649
-67869.5
-20806.6
36614
18162
35696.9
8399.01
-41915.2
-18975.9
-42705
-12370.8
-103630
-85897.9
-77098
-38294.8
-91425.4
-53126.3
-83976.7
-29327.3
276891
187303
241492
94852
-53969.2
-20736.6
-63283.2
-15072.7
30947.9
16460.7
26327
9751
-46609.7
-24959.5
-44615.6
-17360.2
-97090.7
-84301.3
-71111.6
-37427.9
-82525
-48176.6
-76748.7
-28768.6
271012
189019
233155
94121.6
-24394.5
8208.8
-39792.4
-125.865
56020.5
38760.8
48714
20513.9
-73202.5
-42905.8
-72922.5
-28400.9
-91525.1
-81429
-68343.3
-37570.7
-72578.9
-37349.4
-70695.1
-20687.8
254428
170648
227501
84704.3
-1007.63
15344.9
-10040.9
-1002.68
87465.6
59633.1
71192.9
30573.9
-77103.6
-40858
-66395.9
-24304.7
-92470.5
-83482.4
-72668.7
-36650.8
-54552.6
-24417.1
-55737
-15366.8
216097
141879
197463
71408.6
-18188.9
12668.5
-20654.6
-25.4558
95387.3
70507
83886.9
33546.6
-65618.1
-37145
-62620.7
-19724
-103109
-90020.4
-85079.1
-42990.7
-43292.6
-17561.7
-42230.5
-10176.7
172922
107714
154713
56166.2
-28145
-4886.81
-34789.7
-6087.48
84497.8
63758.4
74971
34139.1
-64762.5
-45515
-58119.9
-24842.1
-117435
-89017.7
-103898
-43970.7
-45602
-22673.4
-47004.9
-14808.9
148731
91972
135388
45771.7
-46951.2
-14507
-51337.4
-16890
80495.6
54369.4
69232.1
24975.7
-84863.4
-55297.9
-78301.5
-30380.8
-110128
-76399.4
-97039.1
-39361.8
-49305.1
-18986.5
-53080.4
-14730.4
119108
74632.3
100604
37354.3
-74725.6
-29566.3
-88716.4
-24185.9
60511.4
50915.9
39972
22440
-102475
-65371.3
-95389.4
-38731.8
-106584
-75603.1
-95366.1
-38912.1
-46539.6
-17287.3
-47347.9
-12621.1
83138.8
53226
68021.6
25619.9
-90004.1
-32504.3
-103240
-25774.7
77300.2
68186.3
61006.3
32449.1
-148091
-97553.9
-137293
-55313.4
-126047
-83990.1
-104184
-41694.6
-29958
-1891.51
-34651.1
-3936.46
81774.8
55831.7
79270.9
29226.8
-93034
-32640.8
-92374.3
-26073.1
100311
81181.5
76185.1
37859.2
-152280
-87315
-131476
-45632.4
-119210
-89820.2
-100708
-41983.8
-9095.51
5109.55
-15603
428.507
88883.3
51633.6
83162.1
28404.5
-84982.9
-27013.6
-84246.1
-19865.5
97803.5
80663.2
79490.1
35094.4
-123103
-79946.2
-114790
-40961.3
-131122
-96377.9
-110823
-49525.1
-2766.91
11180.1
-10369.7
1856.86
96002.5
58702.6
86040.8
31155.8
-66110.9
-22671.3
-70171.9
-16657.3
76849.8
71316.7
53859.6
30312.3
-100517
-63015.9
-90800.3
-34898.5
-133100
-90514.6
-118872
-44956.4
1948.08
15807.4
-8758.93
5104.6
132771
87701
116761
45017.2
-47706.4
-3516.44
-57424.8
-10668.8
47712.7
53190
27026.3
17800
-80904.3
-43980.6
-77916.8
-23558
-119678
-81907.7
-97599.1
-40189.1
22919.5
32872.7
15707
13530.5
155344
101263
139635
52651.9
-35201.2
1925.45
-47688
-7541.29
24357.7
46563.7
3099.96
15549.3
-72302.4
-43765
-60594.1
-25455.1
-128441
-95182.9
-102875
-45645.2
29262.2
30526.5
23378.4
13226.4
154452
101521
135180
52465.2
-44619.9
-3203.9
-56169
-8462.65
17797.9
39861.7
1378.15
13238.5
-117841
-79691.6
-104583
-44578.1
-142430
-104800
-119213
-53200.6
59379.3
53332.1
50548.2
26313.6
167352
102388
157582
52163.3
-37371.3
-1089.65
-43041.6
-12196.2
-4361.43
26093.7
-22824
4636.5
-104744
-59988.1
-85233.9
-31223
-168960
-126689
-143990
-60939.2
81804.5
58851.8
71184.4
31964.1
129529
74698.8
123937
39186.4
-66413.6
-17192.6
-64382.1
-15455.9
-29762.8
12883.5
-43376.8
-4014.25
-98330.3
-65809.7
-87433.8
-32167
-197929
-146620
-172829
-75342.9
98159.9
64070.9
90810.9
33985
115246
63020.2
105308
34478.5
-70309.7
-33275.7
-72054.2
-21285.3
-54585.8
-2499.62
-66950.3
-10699.9
-82305.1
-57126.4
-67874.5
-29751.5
-216633
-149977
-190867
-74924.3
111639
67199.9
103540
38969.4
119990
72223.9
114742
38676.6
-66272.2
-25918.3
-63490.4
-18635.8
-88441.4
-25513.8
-96118.4
-24312.5
-71113
-46774.4
-57581.1
-20441
-222715
-158873
-190931
-79898.1
140588
80400.9
134517
46333.9
112542
58856.7
105302
33130.1
-69746.9
-40843.9
-71002.7
-24934.7
-129930
-55271
-135743
-38840.7
-63887.8
-55283
-45315.6
-26527.1
-236619
-170638
-204943
-84965.2
161341
89465.3
156530
52541.6
92294.4
43948.1
81039.4
24280.6
-75936.2
-42473.8
-80472.3
-25500.4
-158261
-71575.5
-159867
-46664.8
-87074.5
-75548
-68072.5
-37824.6
-240350
-171720
-200654
-84620.9
174571
97066.7
163958
56028.3
31978.9
7793.73
44385.8
8592.76
-79601.1
-35579.5
-80041.7
-22797.1
-152145
-66386.7
-151696
-41372.8
-123032
-102294
-94781.3
-48288.3
-219091
-160532
-187825
-76772.7
201587
117040
184293
67248
33046.6
4739.74
39968.5
8415.98
-33531
1942.42
-38883.1
-1793.22
-113455
-40621.2
-115381
-29559.9
-116281
-97789.3
-97579.3
-43112.3
-208150
-154091
-175487
-76767.8
218712
126538
205262
70143.6
20731
-7032.88
32814.7
1815.14
-1862.52
17312.1
-9944.04
7070.36
-116626
-45199
-111202
-30115.7
-118196
-105036
-93729.8
-49195.5
-180003
-128116
-153915
-60936.3
220116
129331
201291
72685.6
35083.8
4393.96
43633.4
8403.26
42594
52234.7
23355.7
20851.2
-96339.1
-36476.8
-95771.2
-24778.4
-126515
-104491
-103470
-47383.9
-148771
-108564
-118895
-51495.1
238762
143302
224113
79147.2
30986.8
-243.952
39943
5576.24
61043.1
64838.2
36128.9
26522.2
-92773.1
-32860
-95052.8
-22560.9
-141467
-117405
-110582
-56722
-119415
-89969.4
-96629
-41873.4
253675
151691
236382
82877.9
18602.6
-357.796
23541
3618.27
85666.7
93491.5
54932.3
41833.9
-69898.9
-12913.2
-72189.9
-12762.6
-184463
-146167
-154843
-71958
3908.89
1877.37
-4829.54
112.43
-7685.54
-6444.57
-7159.46
-2404.87
22285.9
16843.3
10554.3
7877.17
11402.1
7323.5
11474.9
4417.3
4441.34
3003.08
159.806
405.172
-27935
-22141.6
-26408.3
-13852.2
-23558.7
-20722.5
-17182
-11115.7
-26186.3
-28172.5
-16728
-10893
-13307.7
-10283.5
-15929
-9343.71
2023.74
-5216.33
8983.08
-256.68
-30890.7
-22395.5
-24406.5
-10967.9
-79541.7
-56225.6
-65823.2
-28914.3
-34887.9
-26389.9
-24687.9
-9506.34
-31716.6
-30188.5
-11489.1
-7050.56
-46130.2
-24651.9
-40173.6
-9353.61
219.91
-8972.48
14330.2
2209.71
-42918.6
-28796.2
-32891.8
-11313.7
-95583.2
-65597.6
-78859.4
-31550.4
-55990.1
-44914.7
-38685.8
-19122.3
-30012.4
-43559.9
-8123.24
-15120.1
-25131.3
-4995.71
-26860.2
-3522.1
25274.8
1972.12
33994.2
5609.48
-67212.6
-46087.8
-55807.7
-22858.6
-126163
-91822.8
-107000
-45137.5
-48648.9
-43824.4
-26725.8
-18023.4
-30630.5
-48368.2
-12564.6
-14436.3
1856.86
4218.6
1753.62
1714.03
41669.1
7327.75
49781
10826.5
-64808.5
-42538.1
-52675.9
-19201.5
-154642
-107702
-138340
-53974.2
-67832.8
-68245
-54129.7
-30799.5
-52897.2
-69930
-36238.5
-28069.3
-1144.1
770.746
-6800.25
-3009.45
36926.5
2731.55
42524
8525.59
-77935.2
-60054.6
-70142.2
-31119.8
-209518
-141588
-186389
-74249.7
-65867.7
-61742.4
-62091
-27083.6
-62717.5
-70630.8
-40085.9
-26891.3
-23475.2
-12715.9
-30471.4
-7859.49
50932.9
11949.4
57982
14547.3
-84628.7
-62534.4
-79618.8
-31553.9
-233142
-157951
-207333
-83143
-41311.3
-43588.2
-33943.2
-18292.1
-68719.5
-80704.9
-36305.7
-29435.4
-68421.8
-47318.9
-63533.5
-27438.6
59041.3
17636.7
69972.5
18480.2
-77482.6
-56898.8
-68206.1
-27636.6
-257049
-171783
-223681
-88753.2
-6480.63
-12819.1
-6433.26
-1318.75
-55378.5
-74562.3
-20187.9
-21815.7
-121016
-79314
-111296
-38796.8
75140.7
27169.9
82142.5
25726.7
-59522.8
-39396.5
-55135.2
-17360.2
-254262
-169161
-221456
-86364.6
24683.7
5775.65
25704.7
6349.82
-53133.4
-83611.8
-16725.2
-27176.9
-122475
-75624.4
-112038
-37707.9
129210
61108.9
129734
41276.7
-48168.1
-34718.9
-41403.9
-17002.4
-273089
-187182
-236531
-94692.9
54269.7
29211.3
51502.1
17060.4
-49096.5
-83067.4
-10955.2
-24833.6
-126600
-86221.8
-110652
-43755.1
166015
84956.8
166521
55032
-28974.4
-20101.6
-25005.4
-8935
-294431
-199373
-258901
-102034
61113.8
30525.1
51726.3
16767.6
-75783.5
-108041
-37886.1
-38690.1
-160421
-114512
-139825
-59957.7
178403
90202.8
176222
56883.2
-27109.1
-25310.2
-26152.3
-12943.6
-338223
-228483
-298082
-118523
58250
37893.9
46946.2
22363.7
-80017.6
-111446
-38342.2
-40393.5
-184295
-122217
-165152
-61830.8
185723
93010
181803
57373.2
-29553.5
-21578.8
-28234.1
-10340
-342930
-230473
-300907
-119169
122822
84297.7
99250.2
43431.9
-86793.1
-117746
-47968
-44438.8
-196131
-131504
-177978
-71691.4
199659
102255
193565
61312.5
2353.25
533.159
-4571.45
72.1249
-347436
-235443
-301369
-120670
169258
122218
141479
60497.2
-102347
-124662
-58064.8
-48764.9
-237964
-153056
-212925
-80542.3
206067
106267
200608
63602.1
19932.6
15583.9
13115.4
5666.05
-347766
-239534
-299763
-121781
199295
138885
176857
71704.9
-117113
-139573
-69910.9
-56190.2
-238446
-149497
-207346
-76399.4
221150
112141
215828
68775.3
10436.9
7222.39
9141.48
2607.1
-358355
-252049
-307809
-125889
214287
145272
187957
72441
-139243
-151761
-95786.8
-62238.1
-250582
-169708
-216598
-89227.7
229850
119009
221846
71534.5
4187.49
2479.12
322.441
-777.11
-363943
-257178
-312630
-128214
224250
155855
189771
80695.7
-166369
-164973
-121117
-69194.6
-279508
-190770
-246454
-98758.8
233722
125975
224088
74968.2
8834.59
8447.1
571.342
4311.94
-372077
-261179
-318161
-129282
222286
151208
189596
78017.2
-159610
-163760
-106874
-65970.9
-277778
-187710
-246280
-93109.7
237386
125367
230742
74620.3
18752.5
13104.1
14126.6
7038.54
-380718
-274344
-327711
-137087
231040
152746
206598
78141.7
-142025
-162130
-86160.3
-62926.8
-279842
-196414
-242099
-99414.3
198123
92802.8
196535
56979.4
15465.8
8260.42
17766.1
5738.88
-421678
-303642
-361947
-152081
231945
153446
205545
81754.3
-128430
-158401
-67115.7
-56734.7
-295922
-208097
-253667
-98009.9
153449
60603.3
158722
42524
18420.8
7841.11
17868.6
7880.71
-453291
-326980
-392422
-162087
232146
151207
216789
82953.5
-137763
-173011
-72163.8
-63375.2
-272703
-188417
-231825
-87120.5
119319
41327.6
122584
31013
6218.3
1040.86
11105.8
4560.13
-493686
-347252
-432231
-172437
230276
138124
223245
74746.8
-116474
-167410
-49643.8
-57273.5
-237508
-183327
-189534
-83317.7
93036.2
23479.5
102377
22631.7
22729.2
7262.69
32401
8486.7
-521549
-367880
-456215
-184500
194820
99057.9
185447
56903.7
-114763
-180468
-46892.5
-63749.9
-236657
-198201
-184824
-92273.9
71045.1
12239.3
84208.6
16238.7
18359.3
-11799.5
28312.6
-877.52
-555637
-389897
-477487
-196839
168479
92916
156908
55873.5
-119732
-181147
-52190.8
-63327.8
-255683
-202982
-212447
-94926.3
59749.1
4407.4
70781.4
11885.8
5584.02
-16584.5
12035.7
-2672.86
-589646
-416161
-517673
-209545
228176
134982
214002
77707.5
-96611.3
-172004
-22524.9
-56568.5
-253433
-202848
-205446
-96351.8
73138.9
18843
81282.6
20150.4
51381.9
15691.4
56821.7
16100.8
-576977
-402746
-503017
-200758
290098
178419
262272
97606.9
-64316.3
-150640
8196.07
-42475.2
-248037
-198626
-202324
-91856.7
104254
42660.5
104129
29265
105061
49839
98080
31481.8
-537014
-374975
-475964
-187845
315381
189833
300681
105582
-56524
-157284
23142.2
-45809.2
-249740
-196376
-199319
-90369
121617
52260.8
122708
33189.5
106459
48026.7
109984
31797.9
-540965
-381152
-471294
-189191
331379
197764
314083
106354
-39799.5
-150458
39151.8
-40603.5
-238455
-195671
-184559
-91972.7
122914
60746.8
116387
35628.3
125576
62460.9
125939
37461.1
-542350
-377961
-477160
-191122
336717
192196
312123
106909
-37845.8
-163464
36608.3
-48481.4
-229434
-197910
-180878
-93195.3
121737
62123.6
115227
35164.4
143996
63771.8
140579
39525.9
-561890
-394095
-490270
-200593
335482
202219
303017
113479
-67767
-173319
10509
-51481.6
-245821
-198453
-199509
-89033.2
126636
75637.8
119379
44360.3
140618
71812.4
134108
45351
-563374
-383419
-488331
-192354
370220
224552
330221
122156
-71077.7
-185217
6455.18
-56866.2
-240283
-198691
-194034
-91242.9
134900
76699.2
122885
44607.8
189936
105843
171604
62187.9
-540085
-375527
-467356
-187262
379929
238574
338711
126325
-78114.1
-185413
6025.26
-56586.2
-251010
-202931
-203058
-91496.1
130861
74408.8
121855
41961.8
223770
134565
201298
72968.5
-529474
-375088
-452638
-186500
379510
239768
346383
126801
-116755
-222064
-26593.6
-78718.7
-226796
-183715
-178399
-82215.3
138735
79548.1
124457
42223.5
224838
135814
208396
72387.2
-536644
-381042
-460278
-188769
372341
233728
336388
121144
-142597
-235452
-59080.9
-83991.6
-203801
-174230
-157378
-78307.1
149161
93521.9
129882
50565.2
231107
141195
207170
73832.6
-523676
-374969
-448403
-184713
371635
238500
327733
127603
-157403
-236822
-74623.8
-83556.7
-186073
-164640
-144079
-72529.4
183632
127098
160194
68187.7
252826
159974
221747
86389.4
-498819
-353336
-425893
-171523
