-1.76946e+06
-1.43316e+06
-618105
-705364
-571979
-475934
-273899
-273011
-1.47907e+06
-1.21082e+06
-597164
-650151
635963
493073
81716.1
185731
-799615
-678839
-494748
-425800
-1.89976e+06
-1.53726e+06
-628553
-749310
-1.77767e+06
-1.43985e+06
-626848
-710927
-627848
-520235
-299470
-300618
-1.43977e+06
-1.17813e+06
-582898
-626118
611147
471046
68078.8
172626
-837755
-714641
-536103
-460229
-1.93655e+06
-1.56926e+06
-655610
-771395
-1.76345e+06
-1.4291e+06
-626188
-710182
-618153
-513930
-297096
-299229
-1.41464e+06
-1.15632e+06
-577621
-616446
596304
461012
50743.4
159209
-855885
-731264
-570121
-482309
-1.88631e+06
-1.52959e+06
-655861
-769867
-1.7837e+06
-1.44688e+06
-629884
-723768
-645941
-539882
-307626
-307709
-1.3993e+06
-1.14438e+06
-568011
-609478
584710
448130
41998.6
149703
-868501
-745404
-588098
-498873
-1.8235e+06
-1.48222e+06
-627634
-740598
-1.78641e+06
-1.45127e+06
-624672
-719857
-666361
-556063
-313226
-317494
-1.36624e+06
-1.11704e+06
-549438
-594005
573831
440513
39095.2
151063
-864340
-742832
-588582
-503781
-1.77341e+06
-1.43919e+06
-606590
-727247
-1.80423e+06
-1.46115e+06
-629903
-726399
-658789
-547098
-318403
-309783
-1.36857e+06
-1.1139e+06
-543815
-585759
544368
418534
23809.7
134595
-853115
-733118
-578461
-498977
-1.68275e+06
-1.35816e+06
-564031
-672268
-1.78013e+06
-1.44e+06
-620144
-714244
-668779
-552236
-313057
-313970
-1.35374e+06
-1.10611e+06
-529216
-577687
567797
433719
34960.8
139895
-837359
-719453
-570156
-491146
-1.69499e+06
-1.36651e+06
-569698
-664624
-1.80195e+06
-1.45852e+06
-617606
-713549
-802817
-661602
-355976
-363591
-1.44465e+06
-1.17999e+06
-561293
-605447
551828
418147
27333.2
140640
-902964
-775145
-600626
-517475
-1.81192e+06
-1.46486e+06
-613535
-720712
-1.83298e+06
-1.48161e+06
-616787
-724306
-861066
-708113
-371891
-390529
-1.51024e+06
-1.23209e+06
-582221
-634773
533285
401462
6241.63
119443
-962452
-823720
-619305
-545856
-1.8402e+06
-1.48495e+06
-627767
-736151
-1.87402e+06
-1.51443e+06
-625489
-744424
-949817
-782511
-403410
-426896
-1.59592e+06
-1.29997e+06
-613394
-672249
556437
418669
2166.58
119715
-1.02082e+06
-870424
-647286
-570794
-1.8871e+06
-1.5261e+06
-642702
-751600
-1.86057e+06
-1.50374e+06
-610523
-731843
-952787
-782467
-404051
-425856
-1.62685e+06
-1.32433e+06
-617777
-675125
587788
442485
-4621.65
129965
-1.02863e+06
-874828
-643988
-573324
-1.89291e+06
-1.52697e+06
-645219
-758853
-1.8803e+06
-1.51867e+06
-615453
-741376
-961262
-793389
-419034
-433806
-1.70224e+06
-1.38562e+06
-645219
-712153
600468
449434
-16791.7
120349
-1.05178e+06
-896447
-642330
-585800
-1.87378e+06
-1.51047e+06
-637141
-746739
-1.92192e+06
-1.54819e+06
-628525
-746374
-981759
-809658
-429770
-439639
-1.74165e+06
-1.41827e+06
-650062
-729436
586805
442430
-11827.1
117472
-1.11668e+06
-946961
-665794
-592871
-1.94513e+06
-1.57393e+06
-669186
-766742
-1.99118e+06
-1.60625e+06
-649053
-770567
-1.0579e+06
-871436
-461727
-470633
-1.80055e+06
-1.46742e+06
-676606
-745154
568157
426909
-2401.33
122458
-1.2095e+06
-1.0244e+06
-711454
-634752
-2.0863e+06
-1.69278e+06
-727632
-831423
-2.07287e+06
-1.67095e+06
-674945
-807089
-1.09953e+06
-908240
-489814
-499789
-1.88085e+06
-1.53368e+06
-710818
-788980
529069
397206
-14772.2
105083
-1.29556e+06
-1.0978e+06
-757856
-681591
-2.16363e+06
-1.75515e+06
-768737
-875185
-2.07311e+06
-1.67072e+06
-669323
-815488
-1.06163e+06
-878543
-482344
-490511
-1.88331e+06
-1.53415e+06
-711504
-795495
588076
447043
23966.7
131578
-1.29938e+06
-1.09947e+06
-766523
-696804
-2.17209e+06
-1.76343e+06
-764683
-884893
-2.03648e+06
-1.63924e+06
-642520
-792657
-1.01426e+06
-839322
-474776
-475548
-1.86807e+06
-1.52008e+06
-697591
-784468
614889
470309
39120
153598
-1.27289e+06
-1.07805e+06
-760790
-684918
-2.13692e+06
-1.73265e+06
-742954
-869529
-2.00541e+06
-1.61135e+06
-630506
-774620
-959005
-796899
-476128
-454110
-1.86182e+06
-1.51508e+06
-692839
-780396
654364
505781
55848
173133
-1.24331e+06
-1.05826e+06
-758534
-677726
-2.0897e+06
-1.68948e+06
-723106
-837497
-1.95635e+06
-1.57608e+06
-615400
-757358
-883387
-736794
-440890
-440070
-1.79166e+06
-1.45781e+06
-667910
-754473
659586
505091
55361.5
163811
-1.21634e+06
-1.03589e+06
-747215
-673538
-2.08214e+06
-1.68369e+06
-721592
-834834
-1.93506e+06
-1.55545e+06
-616531
-741647
-862459
-714987
-437512
-426777
-1.75337e+06
-1.42638e+06
-673362
-734645
697607
537329
51005.7
179880
-1.20409e+06
-1.02363e+06
-755648
-663890
-2.13085e+06
-1.72145e+06
-751750
-854314
-1.93602e+06
-1.55773e+06
-605302
-738188
-807762
-671406
-397412
-397502
-1.77274e+06
-1.4444e+06
-686883
-744445
723517
555344
49723
179194
-1.21751e+06
-1.03769e+06
-760585
-669859
-2.12945e+06
-1.72093e+06
-748819
-857531
-2.0303e+06
-1.63191e+06
-644799
-781016
-846964
-701958
-406447
-404215
-1.82553e+06
-1.48609e+06
-723211
-776393
709295
542437
26066.8
167379
-1.29049e+06
-1.09411e+06
-795792
-700666
-2.22172e+06
-1.79596e+06
-781791
-890321
-2.12833e+06
-1.71563e+06
-674887
-812249
-862015
-713552
-397569
-401696
-1.90196e+06
-1.55292e+06
-757103
-801034
613428
460347
-16486.2
129236
-1.38241e+06
-1.17124e+06
-832723
-730137
-2.28906e+06
-1.85159e+06
-800576
-917685
-2.24857e+06
-1.81232e+06
-715357
-870748
-892909
-738087
-399235
-413705
-2.01604e+06
-1.6462e+06
-801855
-863181
552514
410556
-46415.2
90830.7
-1.49233e+06
-1.26358e+06
-866019
-790738
-2.37008e+06
-1.91528e+06
-818153
-950079
-2.24827e+06
-1.8052e+06
-712209
-869587
-816410
-671363
-351487
-379009
-1.96436e+06
-1.60091e+06
-771275
-847856
599156
454010
-12023.6
109508
-1.4904e+06
-1.25464e+06
-854412
-786932
-2.35324e+06
-1.90042e+06
-803606
-947909
-2.30147e+06
-1.85114e+06
-724415
-886203
-873384
-716757
-363756
-391496
-1.92949e+06
-1.57402e+06
-757994
-829443
598008
451668
121.622
121539
-1.49894e+06
-1.26181e+06
-861885
-788275
-2.39987e+06
-1.94064e+06
-816908
-961225
-2.38733e+06
-1.91747e+06
-742402
-908369
-915221
-749404
-364520
-396236
-1.91208e+06
-1.55796e+06
-741328
-812229
590824
450716
13364.3
126588
-1.51652e+06
-1.27668e+06
-860161
-789140
-2.40134e+06
-1.93933e+06
-805112
-958229
-2.5212e+06
-2.02739e+06
-802451
-970045
-1.02001e+06
-835326
-412121
-438042
-1.93588e+06
-1.57693e+06
-757897
-822642
576573
439824
8821.86
128046
-1.5734e+06
-1.32221e+06
-890712
-812548
-2.43714e+06
-1.9692e+06
-811694
-962925
-2.54497e+06
-2.04679e+06
-823168
-983643
-986391
-806493
-411788
-427546
-1.84414e+06
-1.50173e+06
-725997
-789060
615764
474818
20458.7
145391
-1.53397e+06
-1.28947e+06
-877961
-798807
-2.3906e+06
-1.92858e+06
-793136
-947964
-2.65647e+06
-2.13922e+06
-870707
-1.03693e+06
-1.07535e+06
-880351
-455131
-467702
-1.87396e+06
-1.52436e+06
-732045
-798903
595194
459016
19265.1
138148
-1.57253e+06
-1.32149e+06
-886884
-817577
-2.38795e+06
-1.92107e+06
-775401
-936177
-2.72421e+06
-2.19619e+06
-890302
-1.06166e+06
-1.0919e+06
-893451
-441122
-487504
-1.85203e+06
-1.51249e+06
-716132
-790140
627084
480530
47670.3
151610
-1.57837e+06
-1.32589e+06
-876496
-818102
-2.43871e+06
-1.96338e+06
-776907
-946511
-2.81477e+06
-2.27235e+06
-926217
-1.09361e+06
-1.08864e+06
-889074
-437917
-477055
-1.84805e+06
-1.50967e+06
-725026
-785118
724215
559085
84473.1
196371
-1.54214e+06
-1.29566e+06
-869707
-806060
-2.48365e+06
-2.00102e+06
-797294
-966131
-2.94087e+06
-2.37572e+06
-968382
-1.14461e+06
-1.11445e+06
-912083
-434791
-481816
-1.89729e+06
-1.55078e+06
-748598
-807756
775788
602601
106713
217591
-1.55682e+06
-1.30878e+06
-872760
-806056
-2.49074e+06
-2.0065e+06
-798611
-972975
-3.02883e+06
-2.44446e+06
-997013
-1.19071e+06
-1.10646e+06
-902271
-427121
-473258
-1.91777e+06
-1.56554e+06
-763885
-820676
877028
687256
149682
266825
-1.55248e+06
-1.30177e+06
-872983
-803249
-2.44695e+06
-1.97005e+06
-772914
-950458
-3.03841e+06
-2.4552e+06
-997329
-1.18876e+06
-1.04984e+06
-855151
-401569
-443571
-1.91942e+06
-1.5671e+06
-763101
-820239
923357
725739
169405
289918
-1.5419e+06
-1.29275e+06
-861929
-792609
-2.37057e+06
-1.9053e+06
-732722
-915706
-3.13454e+06
-2.53185e+06
-1.03002e+06
-1.22523e+06
-1.06984e+06
-872452
-408503
-448364
-1.98153e+06
-1.6167e+06
-781580
-845916
940142
743957
189459
302515
-1.57446e+06
-1.31963e+06
-859224
-805368
-2.32444e+06
-1.86099e+06
-702176
-880804
-886933
-690915
-119441
-251948
-1.21793e+06
-990205
-450332
-512340
-494437
-353148
130026
-33376.9
713848
617250
513256
435916
-592844
-472101
-151886
-208020
-481373
-365649
16233.8
-98043.2
-918296
-715861
-123711
-265486
-1.21627e+06
-990810
-444178
-501629
-478357
-340065
159744
-30185.7
660353
576685
489432
409814
-568973
-452562
-137638
-202151
-375626
-277769
66579.1
-61915
-887005
-688948
-115113
-251419
-1.24835e+06
-1.01534e+06
-457122
-515402
-425779
-294489
188414
3210.26
649007
565548
487745
406173
-553831
-439125
-142032
-190347
-322281
-235172
78369.4
-34791.1
-893325
-695336
-119889
-248397
-1.26454e+06
-1.02931e+06
-462876
-526634
-419621
-287483
189359
16519.4
607627
529222
469196
395185
-592081
-472632
-174507
-206239
-343853
-257300
55215.1
-36283.8
-903574
-700913
-113725
-262214
-1.24396e+06
-1.01517e+06
-459772
-518547
-390975
-264479
196417
22725.7
555434
491219
453672
359865
-633050
-505198
-203316
-241452
-346255
-256330
49189.2
-66617.2
-896445
-695485
-101804
-246209
-1.2878e+06
-1.04746e+06
-476936
-526593
-398391
-267044
190794
27731.3
522699
461350
443502
357211
-646800
-521383
-205380
-248455
-293933
-214784
68370.2
-23821.7
-892978
-691847
-89973.7
-238143
-1.32402e+06
-1.07489e+06
-483549
-549331
-408721
-277657
195917
24272.9
482354
428865
426334
339473
-672852
-541807
-216011
-261535
-315551
-228726
61485.1
-36643
-914890
-708783
-100750
-252215
-1.34174e+06
-1.08943e+06
-488996
-554456
-399578
-269853
220682
21089.5
545482
480664
438893
347162
-646234
-520866
-200831
-259874
-260374
-177600
88128.1
-8873.48
-891558
-689219
-89638.5
-237532
-1.41362e+06
-1.14787e+06
-507392
-574535
-394588
-263213
244459
47206.4
577027
503420
445937
366993
-645278
-517856
-194908
-243830
-271980
-191550
89296.3
-10642.7
-907248
-701211
-91237.3
-240452
-1.49611e+06
-1.2144e+06
-534226
-614337
-456549
-313096
230766
34204.9
587756
508500
435309
371455
-656833
-528187
-203329
-250491
-305588
-222024
82150.3
-20859.7
-927531
-714635
-82806.4
-250196
-1.5353e+06
-1.24964e+06
-555159
-629997
-516037
-359008
218857
2068.99
610965
527835
442013
363679
-661853
-531855
-206839
-257279
-369728
-270376
61985
-51746.8
-889535
-684613
-59471.2
-230501
-1.5841e+06
-1.2865e+06
-580594
-649876
-552726
-383407
213843
5135.01
656155
562601
447514
383287
-647281
-520741
-193641
-251138
-379594
-276892
60689.6
-43031.7
-880692
-676799
-53304.5
-213468
-1.56846e+06
-1.27511e+06
-589014
-652287
-593356
-419104
201054
-11805.1
698279
597520
462277
401807
-665054
-535124
-205363
-249693
-355653
-262994
63957.8
-42393.2
-881822
-672777
-61480.8
-218465
-1.50238e+06
-1.22066e+06
-577826
-627354
-553835
-386590
223454
-9177.54
759516
653112
492022
428453
-637389
-512817
-201764
-243296
-275627
-192657
98376.2
-6221.83
-886353
-680365
-57165.3
-222563
-1.53712e+06
-1.25463e+06
-593400
-647363
-565130
-395977
227801
-889.54
752185
643505
504280
431311
-688548
-556233
-222646
-264178
-278295
-198262
97959.7
-6284.77
-936449
-720680
-66330.9
-234505
-1.58245e+06
-1.29189e+06
-616710
-669303
-616864
-437069
205736
-16881.5
745189
638105
518928
438002
-757844
-612642
-253823
-296462
-330553
-242975
81709
-23025.5
-992861
-760845
-67334.2
-262547
-1.58807e+06
-1.29816e+06
-622072
-682953
-633329
-448874
205202
-35539.9
729289
631790
537596
435134
-808251
-654678
-278705
-325689
-392061
-285625
71974.3
-60073
-935288
-714248
-39776.2
-229900
-1.57264e+06
-1.28441e+06
-632479
-671363
-609274
-428139
211774
-18797.7
768274
666070
557032
466355
-784289
-636182
-274263
-324119
-352724
-253622
96805.7
-24859.8
-948563
-723181
-35240.8
-211650
-1.538e+06
-1.25343e+06
-604670
-657408
-601653
-418908
218283
62.2254
670703
587145
518747
432715
-789263
-636214
-273003
-308767
-387504
-276172
96226.6
-21777.5
-1.1272e+06
-874713
-96919.6
-291575
-1.63991e+06
-1.34127e+06
-620698
-691653
-683055
-489746
203685
-43972.1
579707
507179
483112
374231
-910822
-740844
-304854
-363225
-484382
-356091
76168.8
-63752
-1.13376e+06
-872952
-103369
-299533
-1.63467e+06
-1.32779e+06
-605462
-681688
-678774
-480272
210579
-33250.3
606459
534508
485052
387425
-959102
-773080
-318555
-375869
-484432
-351609
81516.7
-58590.2
-1.12939e+06
-868216
-99550
-296771
-1.6409e+06
-1.33049e+06
-595556
-682550
-678239
-478867
207934
-28699.3
651178
567929
492004
409063
-971693
-783379
-325392
-384098
-548599
-403899
59681.2
-75422.1
-1.10643e+06
-850508
-85408.6
-284656
-1.59822e+06
-1.30103e+06
-579451
-654647
-633634
-444866
218898
-12516.5
713795
618601
512457
423168
-959651
-776986
-329224
-377610
-599112
-445368
40086.6
-106764
-1.12445e+06
-863710
-81011.1
-290291
-1.64976e+06
-1.33688e+06
-588898
-672001
-684288
-483203
201667
-32435.7
690992
599395
499225
422253
-1.01001e+06
-816795
-340900
-403541
-653365
-487079
24705.6
-113340
-1.12705e+06
-865304
-81995.4
-281789
-1.61417e+06
-1.30613e+06
-572523
-655967
-626555
-436776
229206
-9413.01
689654
598086
495139
418567
-965621
-776696
-323795
-380435
-629726
-473371
26874.3
-123008
-1.2196e+06
-935680
-126470
-322048
-1.65234e+06
-1.3354e+06
-582659
-669204
-568010
-385167
264848
11394.3
684127
599851
496274
415217
-984776
-790345
-321648
-385129
-580554
-427088
58259.9
-98618.1
-1.25756e+06
-972026
-137626
-346148
-1.66616e+06
-1.34864e+06
-572268
-671527
-458267
-296290
319266
67056.4
722679
628735
524576
432614
-953864
-763757
-299681
-367773
-533601
-389918
86022.4
-74283
-1.30616e+06
-1.01322e+06
-156680
-365778
-1.70915e+06
-1.38411e+06
-588874
-687072
-413214
-260201
333831
95981.3
741467
641211
543149
448560
-953130
-764836
-299424
-363474
-552932
-409317
84572.8
-72206.2
-1.34986e+06
-1.04878e+06
-182468
-380615
-1.71552e+06
-1.39491e+06
-611892
-689698
-370906
-227422
341821
110386
764824
664691
559660
462199
-943370
-759540
-303731
-359153
-565945
-417501
81265
-84171.9
-1.38033e+06
-1.07178e+06
-200065
-402630
-1.77402e+06
-1.43537e+06
-643915
-716905
-345782
-202807
352513
121497
799905
696166
575347
485675
-939887
-753253
-300389
-361107
-522670
-378585
105555
-53083.9
-1.38892e+06
-1.08723e+06
-201770
-403843
-1.74778e+06
-1.41823e+06
-636426
-722155
-347933
-208973
354275
124117
832434
718931
589131
500608
-926310
-742630
-292956
-357459
-517381
-376925
106874
-53885.1
-1.45426e+06
-1.13959e+06
-226230
-433634
-1.74582e+06
-1.417e+06
-627504
-713421
-346933
-208895
369190
114106
892155
771986
622268
519226
-935303
-749523
-281228
-358624
-446981
-313476
143389
-24731.1
-1.4818e+06
-1.15932e+06
-231867
-444308
-1.77822e+06
-1.44064e+06
-623845
-722134
-326202
-189230
391264
137189
985214
847745
669719
564691
-936799
-746920
-263967
-346754
-386564
-264678
181352
5785.55
-1.56135e+06
-1.22464e+06
-257269
-474312
-1.79463e+06
-1.45226e+06
-623151
-733072
-391168
-242058
362937
123880
1.02951e+06
880660
693329
598935
-961152
-765836
-266751
-349251
-411716
-287780
182426
12867.2
-1.60927e+06
-1.25983e+06
-274014
-495841
-1.7376e+06
-1.41014e+06
-609406
-700418
-436873
-279657
337669
91274.1
1.06835e+06
918909
723276
608724
-985536
-787150
-283502
-356696
-447405
-312190
177583
-14847.1
-1.6497e+06
-1.2916e+06
-282073
-510414
-1.77226e+06
-1.43398e+06
-625238
-718108
-487026
-317294
315969
73826.2
1.10389e+06
949181
744530
641850
-1.02459e+06
-817012
-290960
-376768
-410125
-278995
201414
21435.2
-1.61633e+06
-1.32279e+06
-651766
-691668
-2.4421e+06
-2.01341e+06
-1.0806e+06
-1.11308e+06
-929476
-736305
-230846
-325250
287721
275945
368333
273297
898328
704947
162721
289899
-2.85213e+06
-2.31255e+06
-995403
-1.14697e+06
-1.60507e+06
-1.31197e+06
-651944
-693781
-2.45205e+06
-2.02109e+06
-1.09209e+06
-1.1096e+06
-886110
-705393
-210507
-313149
212633
211450
332785
231084
861451
671256
126015
258904
-2.8607e+06
-2.32123e+06
-1.01828e+06
-1.16774e+06
-1.58808e+06
-1.29812e+06
-637059
-684539
-2.51112e+06
-2.07013e+06
-1.11679e+06
-1.14447e+06
-826802
-654132
-184024
-283415
164030
171741
317576
206680
856665
665255
107236
246226
-2.83684e+06
-2.30286e+06
-1.01273e+06
-1.16359e+06
-1.61184e+06
-1.31523e+06
-638338
-688496
-2.55062e+06
-2.10162e+06
-1.13381e+06
-1.15688e+06
-828219
-652003
-189464
-271859
146755
158866
306809
200149
865255
671112
95680.7
245507
-2.79655e+06
-2.26906e+06
-999023
-1.13693e+06
-1.66217e+06
-1.35925e+06
-660072
-705742
-2.60297e+06
-2.14258e+06
-1.15384e+06
-1.17961e+06
-863845
-682270
-204538
-290866
95333.6
116113
280815
179982
874693
674595
99143.4
239525
-2.79779e+06
-2.26917e+06
-1.00211e+06
-1.13853e+06
-1.67958e+06
-1.37194e+06
-672337
-724565
-2.65688e+06
-2.19077e+06
-1.18455e+06
-1.20213e+06
-880096
-695340
-211743
-303787
82066.1
105949
275222
165200
881375
682106
91030.8
241894
-2.81103e+06
-2.28209e+06
-1.01404e+06
-1.15775e+06
-1.68877e+06
-1.38139e+06
-675455
-727207
-2.73115e+06
-2.24998e+06
-1.20804e+06
-1.24955e+06
-904330
-720270
-221633
-314084
142389
150854
291812
192760
875067
671447
81526.6
222213
-2.82368e+06
-2.2903e+06
-1.0206e+06
-1.15658e+06
-1.68193e+06
-1.37207e+06
-658893
-716583
-2.78356e+06
-2.29234e+06
-1.22361e+06
-1.25269e+06
-932325
-742958
-217316
-320961
133094
141969
289862
185390
864119
664567
84096.9
227128
-2.90632e+06
-2.35663e+06
-1.05473e+06
-1.18752e+06
-1.68344e+06
-1.37086e+06
-641581
-709233
-2.88028e+06
-2.36905e+06
-1.25602e+06
-1.29728e+06
-989337
-782606
-225035
-334814
115295
129512
285904
175991
810799
624434
66750.2
209513
-2.97405e+06
-2.41226e+06
-1.08166e+06
-1.21919e+06
-1.74793e+06
-1.42315e+06
-660100
-734413
-3.00522e+06
-2.47144e+06
-1.31031e+06
-1.34978e+06
-1.0638e+06
-843165
-244091
-360183
96023.7
110413
259594
165891
782601
595953
47572
188979
-3.02966e+06
-2.46003e+06
-1.09944e+06
-1.24064e+06
-1.75939e+06
-1.43546e+06
-671515
-738315
-3.02604e+06
-2.48813e+06
-1.32995e+06
-1.36866e+06
-1.07578e+06
-851039
-246405
-363024
138085
141102
246485
165937
833648
637055
69851.5
204115
-3.07348e+06
-2.49003e+06
-1.11549e+06
-1.25722e+06
-1.75015e+06
-1.42536e+06
-666346
-742227
-3.07028e+06
-2.52738e+06
-1.35512e+06
-1.38424e+06
-1.09033e+06
-863340
-247601
-372396
183081
175195
250403
172399
863385
663108
85601.6
222320
-3.14905e+06
-2.55512e+06
-1.14668e+06
-1.28994e+06
-1.77343e+06
-1.44536e+06
-681539
-743062
-3.07915e+06
-2.53755e+06
-1.37475e+06
-1.39619e+06
-1.0808e+06
-857286
-245752
-366380
266127
243859
287406
211897
837996
641748
67421.9
220494
-3.1978e+06
-2.60105e+06
-1.17366e+06
-1.31379e+06
-1.83062e+06
-1.48718e+06
-694999
-767934
-3.14026e+06
-2.58901e+06
-1.40506e+06
-1.42802e+06
-1.10405e+06
-875711
-246597
-378893
195248
189474
272064
192307
781168
596126
37301.3
187659
-3.30616e+06
-2.68505e+06
-1.22462e+06
-1.3629e+06
-1.86585e+06
-1.51663e+06
-696580
-777690
-3.18217e+06
-2.62513e+06
-1.42771e+06
-1.4558e+06
-1.12064e+06
-886399
-250265
-379669
154171
157419
264507
173992
752604
571507
16680.6
172393
-3.36469e+06
-2.73482e+06
-1.24911e+06
-1.39472e+06
-1.92795e+06
-1.56535e+06
-710348
-799562
-3.21758e+06
-2.65123e+06
-1.44625e+06
-1.46456e+06
-1.14761e+06
-908582
-260185
-387437
164079
165399
281822
183238
740453
561750
13523.4
163782
-3.37871e+06
-2.74539e+06
-1.23848e+06
-1.39698e+06
-1.96344e+06
-1.59443e+06
-731508
-804366
-3.23542e+06
-2.66509e+06
-1.46917e+06
-1.4754e+06
-1.14276e+06
-905994
-263825
-384808
169537
173704
281332
198025
788611
599433
26348.9
184186
-3.40371e+06
-2.7628e+06
-1.2439e+06
-1.39125e+06
-2.00327e+06
-1.62419e+06
-739762
-836391
-3.27576e+06
-2.70273e+06
-1.49608e+06
-1.50209e+06
-1.1541e+06
-913418
-262979
-399429
148489
157174
287850
180495
788534
600392
26010.9
180808
-3.47319e+06
-2.819e+06
-1.26525e+06
-1.43253e+06
-2.03474e+06
-1.65567e+06
-756336
-845615
-3.30697e+06
-2.73028e+06
-1.50105e+06
-1.53385e+06
-1.10491e+06
-873504
-253373
-375653
157517
161674
284431
184634
776936
588968
20150.4
172492
-3.55791e+06
-2.88586e+06
-1.29151e+06
-1.457e+06
-1.9461e+06
-1.58075e+06
-710502
-815029
-3.22799e+06
-2.66487e+06
-1.45938e+06
-1.49165e+06
-1.02778e+06
-813207
-215830
-348739
234344
223158
313435
207636
808902
614095
36002.3
183631
-3.55335e+06
-2.88323e+06
-1.29207e+06
-1.46212e+06
-1.91197e+06
-1.55047e+06
-682318
-780398
-3.22744e+06
-2.66215e+06
-1.45053e+06
-1.48064e+06
-1.02097e+06
-803729
-211464
-335964
227789
219340
313274
215065
796356
607640
32623.1
187479
-3.55584e+06
-2.88371e+06
-1.28578e+06
-1.45584e+06
-1.91044e+06
-1.54651e+06
-669279
-781150
-3.23165e+06
-2.66282e+06
-1.44849e+06
-1.47911e+06
-1.00938e+06
-793637
-211170
-331611
272124
255312
317712
224579
831792
634364
44893.5
195516
-3.58511e+06
-2.90299e+06
-1.29289e+06
-1.45783e+06
-1.94328e+06
-1.57845e+06
-672605
-781470
-3.23733e+06
-2.66795e+06
-1.43429e+06
-1.47779e+06
-1.01677e+06
-803826
-212096
-334414
274511
251334
309467
223094
870436
663200
70973
213010
-3.65531e+06
-2.9621e+06
-1.31135e+06
-1.48548e+06
-1.93916e+06
-1.57004e+06
-668321
-788920
-3.20653e+06
-2.64194e+06
-1.4228e+06
-1.45787e+06
-999508
-787192
-208359
-334169
313604
284750
316445
227092
911639
700355
92312.8
236425
-3.70009e+06
-2.99673e+06
-1.33455e+06
-1.50886e+06
-1.97574e+06
-1.59787e+06
-689407
-794377
-3.25389e+06
-2.68055e+06
-1.44616e+06
-1.48187e+06
-969510
-761507
-199828
-315727
346470
314354
335732
251868
891043
687175
81651
236259
-3.73032e+06
-3.02804e+06
-1.34703e+06
-1.53101e+06
-1.9896e+06
-1.60565e+06
-681861
-794889
-3.25883e+06
-2.68544e+06
-1.43823e+06
-1.4789e+06
-899892
-705678
-162891
-288213
332149
305668
348700
257929
905456
700295
91667.2
244013
-3.74598e+06
-3.0369e+06
-1.34872e+06
-1.53083e+06
-2.02591e+06
-1.63378e+06
-682088
-802423
-3.301e+06
-2.7163e+06
-1.44162e+06
-1.49366e+06
-851866
-663663
-132400
-259071
296296
278804
351695
249835
898452
695745
96105
243838
-3.76781e+06
-3.05349e+06
-1.3432e+06
-1.53986e+06
-2.18488e+06
-1.76713e+06
-749390
-865518
-3.43488e+06
-2.82718e+06
-1.50738e+06
-1.53671e+06
-900565
-704792
-162659
-266961
271268
256766
339784
242266
843904
649578
62155.4
227741
-3.80636e+06
-3.08693e+06
-1.35969e+06
-1.54174e+06
-2.28579e+06
-1.84675e+06
-803471
-915358
-3.50944e+06
-2.88315e+06
-1.54893e+06
-1.58376e+06
-929493
-726329
-179846
-293527
257036
250375
331495
239304
818220
629665
48173.8
203435
-3.83826e+06
-3.10789e+06
-1.37279e+06
-1.5594e+06
-2.36725e+06
-1.9148e+06
-837977
-955320
-3.56341e+06
-2.93351e+06
-1.57821e+06
-1.60481e+06
-919678
-720967
-182980
-290772
257970
250137
339603
234863
820881
630436
42167.6
208524
-3.87135e+06
-3.13705e+06
-1.38702e+06
-1.57792e+06
-2.42952e+06
-1.97615e+06
-861546
-988503
-3.58391e+06
-2.95336e+06
-1.58435e+06
-1.63808e+06
-949680
-751633
-203966
-307963
313817
292437
372245
270303
754470
573819
20175.2
169329
-3.93757e+06
-3.19524e+06
-1.41331e+06
-1.60567e+06
-2.47816e+06
-2.0068e+06
-882821
-1.00522e+06
-3.57875e+06
-2.94723e+06
-1.58067e+06
-1.62351e+06
-946943
-751468
-202106
-322187
334558
311295
387036
274761
757060
575069
17631
168769
-3.98115e+06
-3.22769e+06
-1.43807e+06
-1.6333e+06
-2.52634e+06
-2.04668e+06
-897247
-1.0249e+06
-3.60877e+06
-2.97162e+06
-1.59219e+06
-1.64083e+06
-932204
-736513
-197602
-310567
357772
331294
402586
289293
749021
569725
11275.5
165979
-4.001e+06
-3.24559e+06
-1.43933e+06
-1.64207e+06
-2.55318e+06
-2.06778e+06
-889583
-1.03532e+06
-3.58781e+06
-2.95321e+06
-1.5803e+06
-1.6255e+06
-943585
-744827
-204201
-305571
452115
408245
446829
334054
782343
596464
24407.2
180930
-3.95562e+06
-3.20595e+06
-1.41097e+06
-1.60891e+06
-2.58252e+06
-2.09162e+06
-895993
-1.03168e+06
-3.58723e+06
-2.94974e+06
-1.57214e+06
-1.62171e+06
-963672
-760462
-210826
-318788
474986
431489
464182
354485
817893
627885
53168.8
194633
-3.96917e+06
-3.21206e+06
-1.40903e+06
-1.60457e+06
-2.6103e+06
-2.10962e+06
-893808
-1.05144e+06
-3.57728e+06
-2.94218e+06
-1.56023e+06
-1.61091e+06
-951985
-750532
-203686
-316587
540185
485562
502116
374834
862069
666381
81897.8
226495
-3.9803e+06
-3.22106e+06
-1.40536e+06
-1.61834e+06
-1.97757e+06
-1.57851e+06
-543477
-716864
-2.16077e+06
-1.8009e+06
-1.08873e+06
-1.05151e+06
391745
359214
416422
298285
465297
435231
537917
390285
45526.4
11834.1
-168277
-74713.6
-324073
-222008
166678
5359.87
-1.99523e+06
-1.59266e+06
-537055
-714765
-2.24961e+06
-1.87439e+06
-1.11276e+06
-1.08648e+06
456392
410490
454560
334107
413660
391095
524841
377664
35527.2
-719.128
-181022
-82571
-279712
-188396
196052
41123.2
-2.0079e+06
-1.60288e+06
-539400
-722019
-2.25939e+06
-1.88336e+06
-1.11552e+06
-1.09486e+06
543358
485550
495024
375199
369762
360031
515648
360168
14122.3
-16163.8
-193216
-97778
-268814
-176663
205644
34115.1
-1.99431e+06
-1.59032e+06
-527564
-711873
-2.26905e+06
-1.88835e+06
-1.12167e+06
-1.08507e+06
575179
518348
510784
407742
315323
315005
502283
344273
17500.2
-15495.5
-193156
-100452
-195463
-114883
224184
76093.9
-2.00783e+06
-1.59958e+06
-523450
-716088
-2.34992e+06
-1.95733e+06
-1.15414e+06
-1.12869e+06
530124
477723
487665
385343
262742
272988
495654
319647
-38021.8
-59232.2
-216396
-118703
-232557
-148343
215289
57018.3
-1.95526e+06
-1.55466e+06
-498865
-684094
-2.40229e+06
-1.99405e+06
-1.18375e+06
-1.14435e+06
585499
523173
505102
395505
269101
281218
498929
332790
-8131.02
-39373.8
-218601
-121047
-192429
-111667
209632
78433
-1.99803e+06
-1.58827e+06
-510666
-707008
-2.47577e+06
-2.05423e+06
-1.21585e+06
-1.18178e+06
600303
532251
521201
408114
272690
281585
492960
327588
9326.03
-24919.9
-217776
-118740
-194155
-109905
213916
76901.4
-1.99957e+06
-1.58811e+06
-500171
-700519
-2.59372e+06
-2.15397e+06
-1.25089e+06
-1.23686e+06
539664
484428
513910
393851
247131
256584
477587
315364
-30655.9
-57650.4
-233887
-134185
-261773
-168260
197641
55978.8
-1.97234e+06
-1.56676e+06
-483097
-686466
-2.60083e+06
-2.1597e+06
-1.24521e+06
-1.24132e+06
527512
476161
518499
392692
298019
298622
496176
331176
-24083.3
-52080.5
-227066
-133548
-305110
-199943
184843
29963.6
-1.94158e+06
-1.54039e+06
-456297
-669400
-2.59189e+06
-2.15002e+06
-1.24362e+06
-1.22433e+06
531203
483319
539089
409029
319335
316135
502613
336987
18446.3
-18274.5
-193673
-115075
-274636
-175396
197770
49295.2
-1.9051e+06
-1.50667e+06
-425954
-645671
-2.65051e+06
-2.19999e+06
-1.26195e+06
-1.25369e+06
471493
438308
532639
390319
341919
332489
511708
344787
30130.5
-4353.66
-175998
-92568.8
-346792
-237215
181319
24785.5
-1.87282e+06
-1.47906e+06
-395897
-620221
-2.72175e+06
-2.25368e+06
-1.29914e+06
-1.2793e+06
443651
413487
527205
382642
366049
353137
507933
359603
23845.8
-10938.2
-174306
-99725.4
-418138
-291528
139422
-2011.01
-1.90495e+06
-1.49835e+06
-399300
-629616
-2.72812e+06
-2.26124e+06
-1.3127e+06
-1.29085e+06
424306
401190
526512
366828
382420
369825
518323
357257
29596.7
-3996.57
-178472
-84661.9
-414580
-289434
147361
-12976.1
-1.87273e+06
-1.47144e+06
-379060
-610528
-2.73822e+06
-2.27279e+06
-1.31889e+06
-1.30234e+06
460276
429535
545154
385113
426071
406088
548177
385324
40402
3927.98
-185678
-90889.4
-416067
-291573
157922
-645.588
-1.84303e+06
-1.44743e+06
-357722
-595764
-2.71665e+06
-2.25646e+06
-1.31159e+06
-1.29642e+06
503370
465749
572515
406985
460619
437658
584542
409972
11396.4
-22939.3
-201318
-103684
-458331
-324990
148214
-20945.2
-1.79975e+06
-1.41059e+06
-333107
-571908
-2.68709e+06
-2.23083e+06
-1.3211e+06
-1.28054e+06
555317
511366
599328
436844
442345
424708
588113
412664
31828.3
-8288.71
-203156
-108421
-429949
-300706
160047
-5989.19
-1.76162e+06
-1.37649e+06
-293976
-549445
-2.68923e+06
-2.23771e+06
-1.32574e+06
-1.29924e+06
553822
511180
611299
442068
428722
415135
605961
408646
61330.9
18012.1
-186876
-94618
-483793
-342860
162539
-23635.8
-1.75013e+06
-1.36417e+06
-284129
-527066
-2.72882e+06
-2.2671e+06
-1.36694e+06
-1.30615e+06
579062
531546
613295
451989
429901
420818
606401
425770
64894
17862.9
-201148
-92823.3
-503672
-356714
141331
-20402.9
-1.79668e+06
-1.40732e+06
-286211
-546514
-2.78364e+06
-2.31766e+06
-1.3812e+06
-1.3474e+06
589035
537569
621202
459054
412682
401807
611273
410381
53269.9
5204.31
-208382
-100068
-568256
-407838
134449
-47234
-1.83634e+06
-1.43457e+06
-292946
-555152
-2.8418e+06
-2.3625e+06
-1.38927e+06
-1.37041e+06
556153
511658
605781
445015
343457
344018
579403
386679
-7612
-41225.7
-231725
-126434
-630664
-458887
127354
-65259.6
-1.88887e+06
-1.48081e+06
-320906
-571645
-2.83835e+06
-2.3606e+06
-1.37649e+06
-1.36258e+06
575664
526991
605394
457658
332688
335884
568249
376123
-77848.9
-99603.1
-258631
-147907
-702533
-516343
103345
-96324.2
-1.90354e+06
-1.4917e+06
-313263
-583590
-2.79734e+06
-2.32342e+06
-1.34573e+06
-1.32986e+06
555826
514029
613561
452802
288982
301108
554541
358433
-134075
-147114
-265639
-179701
-701667
-512375
104986
-83538.3
-1.87977e+06
-1.46749e+06
-303384
-567683
-2.79008e+06
-2.3166e+06
-1.3476e+06
-1.32736e+06
506083
475792
587713
434041
256249
275323
533743
343473
-134560
-142353
-266501
-172323
-749127
-550797
81535.1
-106862
-1.82728e+06
-1.42614e+06
-257564
-544531
-2.77996e+06
-2.30626e+06
-1.3343e+06
-1.32585e+06
552552
508814
611485
438530
286191
297784
551004
352064
-103206
-119264
-243301
-166910
-754997
-557559
80738.2
-115104
-1.92472e+06
-1.49757e+06
-290032
-564015
-2.81148e+06
-2.33174e+06
-1.34613e+06
-1.32743e+06
580924
536513
628683
462847
301056
317543
572670
365526
-111185
-118416
-244201
-149591
-764411
-562065
92490.3
-119723
-1.99546e+06
-1.55487e+06
-317292
-597403
-2.90272e+06
-2.40583e+06
-1.37272e+06
-1.36909e+06
601850
553318
640671
474445
286909
306659
577154
371848
-152553
-151821
-258069
-169687
-781923
-575747
103334
-113071
-1.9847e+06
-1.54879e+06
-328602
-597123
-2.8686e+06
-2.38007e+06
-1.36762e+06
-1.35659e+06
706336
638485
670765
510904
332956
346644
600126
391345
-122786
-129751
-252719
-161297
-760375
-558209
116012
-110654
-1.98014e+06
-1.54208e+06
-321683
-596881
-2.83766e+06
-2.34779e+06
-1.35606e+06
-1.33153e+06
834670
748924
733181
575550
363845
375160
629657
416924
-68144.6
-81924
-218540
-133050
-681221
-489217
160044
-62475.7
-1.97575e+06
-1.54157e+06
-322513
-590441
-2.83834e+06
-2.35558e+06
-1.36764e+06
-1.33927e+06
889806
789528
748192
606769
390930
395944
646537
431906
-13630.9
-38914.2
-204130
-104617
-666913
-479623
172762
-49795.9
-2.02664e+06
-1.58176e+06
-337870
-612508
-2.91426e+06
-2.41385e+06
-1.40772e+06
-1.37411e+06
924640
817150
756810
609422
386386
395633
651885
435704
-742.462
-28116
-201496
-105415
-674400
-480938
164983
-49260.6
-2.08498e+06
-1.63469e+06
-355472
-640303
-2.93242e+06
-2.43457e+06
-1.41786e+06
-1.39786e+06
953771
834378
769229
615334
439740
435598
691868
454257
3751.2
-28043.1
-200325
-106133
-649911
-461464
196829
-43382.4
-2.13052e+06
-1.66832e+06
-374449
-656529
-2.94884e+06
-2.44611e+06
-1.42306e+06
-1.41011e+06
972675
851441
772126
624403
506892
493058
719816
498082
22563.8
-9379.77
-200707
-103278
-624988
-439718
217199
-18532.6
-2.22026e+06
-1.74744e+06
-414816
-691722
-2.94496e+06
-2.44633e+06
-1.41908e+06
-1.40466e+06
972583
850486
769148
626016
541290
523734
742379
512997
5865.45
-23958.2
-206010
-107781
-649546
-459302
215528
-35041.4
-2.27777e+06
-1.78952e+06
-433273
-722368
-2.92329e+06
-2.4241e+06
-1.40521e+06
-1.38626e+06
963511
848329
771637
628704
559139
540569
766336
530346
-14499.9
-40380.7
-201578
-114147
-583141
-401450
246292
5014.09
-2.3021e+06
-1.8038e+06
-437703
-729906
-2.90033e+06
-2.40623e+06
-1.4003e+06
-1.38288e+06
942358
831684
756322
619259
588499
566531
783964
544501
8176.98
-16956.4
-192028
-98334.5
-557532
-380009
271402
19102.5
-2.32972e+06
-1.83274e+06
-448091
-740866
-2.89838e+06
-2.4033e+06
-1.41016e+06
-1.38382e+06
941632
823686
749250
606577
635417
603023
805765
570622
22097.1
-11459.4
-182696
-101218
-554035
-375493
260359
30060.5
11975.6
-11225.3
-122629
-67417.7
720367
595670
347351
340564
3.06625e+06
2.50475e+06
1.23623e+06
1.32686e+06
2.5754e+06
2.14363e+06
1.29664e+06
1.25025e+06
911215
762154
481855
457427
378133
333114
309227
244504
-64444.3
-72214.7
-145139
-96117.7
620197
512931
314593
300904
3.11199e+06
2.53882e+06
1.25089e+06
1.34095e+06
2.59792e+06
2.16029e+06
1.2944e+06
1.26066e+06
887118
740555
459906
434379
275776
248955
271808
207116
-56307.6
-65652
-128151
-92867.2
634241
526192
317710
297705
3.21237e+06
2.62352e+06
1.28977e+06
1.38701e+06
2.64462e+06
2.19606e+06
1.31235e+06
1.27687e+06
904162
753456
467609
447136
270971
243507
260542
199647
-36459.1
-41851.5
-115067
-63658.7
696429
582264
341937
335978
3.21902e+06
2.63059e+06
1.2802e+06
1.38794e+06
2.6381e+06
2.19703e+06
1.30715e+06
1.2779e+06
884252
742753
471470
440547
379001
338495
314227
247543
-82837.6
-80158.3
-136551
-89733.3
602632
503304
315965
301182
3.32142e+06
2.71263e+06
1.30476e+06
1.42198e+06
2.67793e+06
2.22533e+06
1.32181e+06
1.29256e+06
864943
724225
456766
439114
313592
281494
294251
223420
-80886.7
-80461
-111733
-88039.7
632926
530481
344274
312203
3.41603e+06
2.78684e+06
1.34491e+06
1.4543e+06
2.69662e+06
2.2418e+06
1.33694e+06
1.29355e+06
791494
663728
442758
400039
369771
331740
340327
253640
-59902.6
-61371.9
-104705
-73296.6
699480
582708
384027
349922
3.4936e+06
2.85413e+06
1.38553e+06
1.502e+06
2.77416e+06
2.30594e+06
1.3756e+06
1.33799e+06
844616
710813
462748
437371
411836
363917
350269
270789
-27705.9
-36575.1
-90642.6
-59792.9
751777
625048
417988
376423
3.56303e+06
2.90826e+06
1.41265e+06
1.52588e+06
2.83017e+06
2.34858e+06
1.38639e+06
1.35376e+06
901925
754693
468756
442230
456621
397613
360354
288507
-6019.6
-18623.1
-79603.3
-47564.2
791537
661794
441227
403033
3.56692e+06
2.91625e+06
1.41852e+06
1.54408e+06
2.81172e+06
2.33743e+06
1.3838e+06
1.3583e+06
930083
778554
480401
463919
441459
385511
343578
286715
15574.7
3314.92
-73735.7
-37847.9
827119
696729
463714
420094
3.50893e+06
2.8698e+06
1.4001e+06
1.5064e+06
2.74436e+06
2.28509e+06
1.36803e+06
1.3171e+06
926371
779918
490997
448086
454663
399668
353376
272821
73797.9
51172.6
-55819.7
-13940.6
883591
743439
508607
459774
3.59478e+06
2.94306e+06
1.43909e+06
1.55538e+06
2.82188e+06
2.3483e+06
1.40725e+06
1.3649e+06
1.03368e+06
866337
527650
512368
465333
404937
360175
290140
105405
74183.3
-40035.7
-6122.13
984803
827563
566559
501707
3.59286e+06
2.93805e+06
1.44847e+06
1.5477e+06
2.78974e+06
2.32219e+06
1.40077e+06
1.34702e+06
1.01616e+06
850898
530723
498096
489396
426433
371010
292493
128531
93620.2
-35389.3
5914.24
1.01309e+06
855939
587259
532741
3.67769e+06
3.00876e+06
1.50573e+06
1.58889e+06
2.8515e+06
2.37638e+06
1.4417e+06
1.39086e+06
1.10616e+06
925484
565470
546798
475835
415560
356439
291945
87108.5
57796.1
-42154.2
-9307.65
965622
813963
567192
515604
3.7641e+06
3.07831e+06
1.55876e+06
1.63798e+06
2.87956e+06
2.39617e+06
1.43903e+06
1.39652e+06
1.08543e+06
906214
550275
530774
406082
357148
327602
268507
58376.6
33331.6
-58528.6
-20842
914812
771364
533844
486746
3.78398e+06
3.0972e+06
1.57037e+06
1.66078e+06
2.84677e+06
2.37016e+06
1.41869e+06
1.38327e+06
1.08393e+06
904653
544121
531406
316280
280025
265594
222060
64558.1
40573.1
-55480.3
-16472.8
859102
727576
509778
463178
3.71956e+06
3.04777e+06
1.5532e+06
1.62988e+06
2.7607e+06
2.3002e+06
1.39336e+06
1.34126e+06
1.05802e+06
884227
540488
511806
304441
270384
266615
200935
14433.5
1067.73
-75010.6
-34986.9
731136
621881
471736
414989
3.72405e+06
3.05261e+06
1.57427e+06
1.64339e+06
2.73112e+06
2.27662e+06
1.40317e+06
1.34376e+06
1.10457e+06
921449
558463
539655
156928
147122
222041
146399
9507.05
-2877.22
-73022.9
-40053.4
710234
607650
460208
399596
3.78761e+06
3.10482e+06
1.60783e+06
1.66517e+06
2.65796e+06
2.21982e+06
1.37342e+06
1.31241e+06
1.09566e+06
915753
560812
534945
134732
134966
208058
139997
-27996.5
-38361.2
-97741.2
-52632.8
672029
573803
441527
379243
3.87088e+06
3.17805e+06
1.64509e+06
1.72368e+06
2.73548e+06
2.28087e+06
1.41289e+06
1.3493e+06
1.07339e+06
894983
556288
540072
62374.6
74012.9
168670
106994
-55483.8
-59160.8
-103433
-71871.7
660135
564191
441753
377068
3.94113e+06
3.23527e+06
1.67059e+06
1.74613e+06
2.82376e+06
2.35448e+06
1.4448e+06
1.38531e+06
1.03838e+06
869056
542428
516520
16976.2
39215.4
161809
92102.8
-40717.3
-47081.3
-106148
-67082.5
708599
600497
443727
382582
4.05086e+06
3.32531e+06
1.71309e+06
1.79143e+06
2.90112e+06
2.41617e+06
1.4764e+06
1.41647e+06
1.0469e+06
875162
544304
521198
18954
37688.1
145303
85506.9
-38578.3
-46621.7
-103685
-59094.3
748307
635776
458160
409407
4.06199e+06
3.33449e+06
1.71291e+06
1.79792e+06
2.88905e+06
2.40817e+06
1.47809e+06
1.42008e+06
1.00488e+06
839645
540079
508296
68561.8
80296.9
174683
104977
-106289
-100389
-145926
-97727.8
644063
548960
413682
362322
4.17095e+06
3.42275e+06
1.73793e+06
1.83543e+06
2.94188e+06
2.4509e+06
1.50125e+06
1.43918e+06
958512
802486
512293
486481
-39820
-8983.08
136938
63398.5
-95791.8
-97554.6
-150848
-101052
693460
588502
419502
372901
4.26166e+06
3.49267e+06
1.7648e+06
1.86814e+06
2.98995e+06
2.48891e+06
1.50976e+06
1.45829e+06
932402
780044
503675
475865
7112.08
30551.3
157374
83081.5
-109423
-109371
-165027
-117986
697221
590657
417344
368632
4.28258e+06
3.50892e+06
1.77199e+06
1.87918e+06
3.02953e+06
2.52512e+06
1.53977e+06
1.47147e+06
911332
767251
496504
463260
14732.6
34797.4
159524
81127.8
-110990
-111369
-152930
-116764
734538
618762
442801
387210
4.32619e+06
3.54181e+06
1.79381e+06
1.89121e+06
3.1246e+06
2.60132e+06
1.57794e+06
1.51602e+06
954943
800675
509982
475473
55616.8
69090
194369
108304
-147426
-137964
-175529
-122077
749913
632291
427197
398911
4.3157e+06
3.53622e+06
1.7814e+06
1.89728e+06
3.11288e+06
2.59302e+06
1.57231e+06
1.5236e+06
915040
767125
480806
470126
56712.1
69877.7
184245
119668
-82986.1
-86663.7
-146198
-102140
822978
692812
462855
414811
4.29873e+06
3.52133e+06
1.77294e+06
1.87593e+06
3.0836e+06
2.57084e+06
1.57378e+06
1.49937e+06
902083
755504
483204
445043
200372
191476
261080
169609
-101011
-98161.3
-148693
-102066
778963
657845
456945
413531
4.29773e+06
3.52315e+06
1.77257e+06
1.88683e+06
3.10223e+06
2.5874e+06
1.60286e+06
1.52777e+06
872937
733647
475466
452483
169406
166691
278936
181539
-76563.4
-81870.9
-134538
-98941.9
857450
722334
487598
438382
4.27643e+06
3.50069e+06
1.76147e+06
1.86457e+06
3.07587e+06
2.56748e+06
1.59653e+06
1.51333e+06
796996
669525
446404
409107
265031
249171
335933
225206
-15246.6
-32041.1
-115285
-75816
906179
760643
512944
457067
4.34834e+06
3.56062e+06
1.78844e+06
1.89954e+06
3.23055e+06
2.69598e+06
1.66909e+06
1.58556e+06
854976
721166
467779
436291
290193
271747
343336
238085
-229.81
-18317.6
-99917
-63706.1
878029
735917
511828
454699
4.38397e+06
3.58515e+06
1.78988e+06
1.90596e+06
3.34625e+06
2.78733e+06
1.69941e+06
1.62883e+06
845464
711926
455350
428687
271067
255604
342498
239833
36075.2
12494.6
-81962.9
-42017
865523
730399
498664
456988
4.39907e+06
3.59996e+06
1.78328e+06
1.91676e+06
3.42009e+06
2.85213e+06
1.72904e+06
1.67407e+06
833291
702367
449787
429839
237124
230180
318098
229165
119956
83692.5
-40194.1
-1933.94
882364
745046
521952
462566
4.33801e+06
3.54754e+06
1.76001e+06
1.87698e+06
3.42557e+06
2.85553e+06
1.74583e+06
1.66853e+06
821373
692116
463042
417409
309772
290005
367068
249667
175015
129070
-16489.7
21626.2
785905
667583
501957
436220
4.3567e+06
3.5627e+06
1.75823e+06
1.88559e+06
3.52378e+06
2.93621e+06
1.7878e+06
1.71919e+06
836048
705258
471476
435696
227588
223287
357256
235076
263895
201479
31706
61971.5
841963
716653
541367
459076
4.35619e+06
3.56115e+06
1.74698e+06
1.87942e+06
3.56384e+06
2.96914e+06
1.80708e+06
1.7353e+06
803990
681651
469571
427197
270594
264010
387249
258496
-319291
-293905
-332510
-251788
-211909
-192634
-228444
-168371
1.62504e+06
1.29743e+06
442082
597032
487628
402397
218536
229551
-64256.9
-46584.9
6157.49
-3246.33
203166
191391
243927
177557
-366527
-326828
-359426
-264016
-268389
-240174
-260709
-191963
1.66748e+06
1.3301e+06
455407
603153
531992
440977
231705
242666
-67417
-50019.3
548.008
-13780.1
192417
184799
234802
166536
-426546
-378439
-374019
-290537
-337048
-295033
-273482
-225127
1.69129e+06
1.35039e+06
456676
613796
530781
436031
228239
239229
-123677
-93922.2
-23205.1
-36174.9
174749
168269
244247
168772
-453886
-400924
-380636
-302017
-371143
-322972
-284533
-230017
1.7885e+06
1.42731e+06
477929
653724
525959
431408
210486
234772
-187462
-148773
-48903.5
-65431.4
180915
176682
244788
173821
-492318
-431504
-402962
-318306
-444453
-384250
-326376
-264699
1.85027e+06
1.47529e+06
496212
674617
534353
435119
194952
230059
-185852
-148297
-57409.3
-68783.1
164300
160243
224296
159738
-498910
-436583
-393957
-321579
-478914
-412359
-329794
-283355
1.89098e+06
1.50507e+06
493661
677797
493532
400452
177741
205518
-241026
-193273
-76375.3
-90788.3
124161
127861
226675
151230
-487161
-428496
-391292
-315689
-433816
-377196
-314235
-263310
1.84326e+06
1.46917e+06
480666
665029
463752
376102
171430
194877
-249197
-200090
-85030.3
-93427.9
102689
108541
211684
136049
-469856
-411646
-391732
-312813
-424101
-368764
-305390
-255639
1.86529e+06
1.49028e+06
497199
672474
478713
391295
177946
201670
-221690
-176814
-80068.5
-88320.5
91966.3
102336
200965
125045
-462048
-407573
-389902
-307051
-405388
-352513
-287606
-249413
1.8608e+06
1.48635e+06
499440
671860
459853
373613
176449
187370
-210493
-167083
-77742.9
-87481.1
100213
104910
205213
126746
-451430
-399898
-395435
-310015
-348674
-304079
-259526
-216168
1.88464e+06
1.50519e+06
499847
682026
420689
343027
152940
177365
-180654
-143038
-68243.6
-76544.3
112892
115792
193954
128775
-451680
-401612
-405248
-313231
-329571
-289021
-253103
-205135
1.94455e+06
1.55295e+06
521612
707044
431058
350211
147677
177064
-105997
-83900.3
-44968.5
-46713.6
110687
111784
176755
121527
-415009
-371742
-392855
-300235
-280791
-250587
-222362
-189400
1.91129e+06
1.52752e+06
498012
691859
377408
305395
123430
154529
-103030
-81980.5
-54996.6
-42063.7
78028.5
81801.6
162212
107866
-412127
-371722
-403355
-306044
-280998
-245338
-231181
-180678
1.81346e+06
1.44374e+06
460561
641682
308034
253225
98150
126726
-91024.4
-74830.3
-69780.1
-51964.6
-2848.93
18396.8
116595
68112.8
-455155
-409981
-417643
-329216
-377072
-327684
-271680
-222364
1.80509e+06
1.4331e+06
485622
632013
276475
221228
100549
110464
-90959.4
-81765.6
-64520
-60121
-100631
-67136.3
85461.6
12918.1
-492689
-437135
-440309
-334229
-462677
-397371
-312900
-264145
1.81118e+06
1.44401e+06
491489
651370
227204
185180
81431.8
92020
-122258
-102394
-85329.4
-69043.3
-147510
-103748
69713
5751.61
-508465
-452436
-439636
-354643
-536640
-457853
-343017
-300334
1.84116e+06
1.46954e+06
507000
666319
119103
99926.2
43436.2
53192.8
-107908
-90582.5
-73521.4
-66612.3
-233782
-170665
31590.7
-31966.2
-532759
-471118
-437050
-356497
-609238
-518117
-372702
-330003
1.88101e+06
1.50255e+06
544607
690961
75842.2
63295.2
38702.1
36288
-86791.7
-74431.5
-49847.5
-52247.4
-324993
-247752
-1744.43
-76467.2
-535240
-471696
-431553
-352035
-718498
-607128
-411883
-375896
1.85255e+06
1.47883e+06
542644
680450
-33775
-25907.7
-6175.87
-6210.52
-109306
-91066.9
-60705.8
-52890.9
-435122
-338011
-37008.6
-110760
-524194
-462303
-424875
-338419
-722295
-608869
-422004
-383633
1.82937e+06
1.46806e+06
537941
686706
-23920.7
-17225.1
5353.51
-295.571
-151301
-125545
-70220.7
-66424.9
-484987
-372765
-63435.3
-134154
-564053
-496033
-449285
-359569
-754883
-640377
-439646
-402055
1.89224e+06
1.51688e+06
562514
706464
37919.3
30886.4
37884.7
24793.3
-188024
-157893
-78843.8
-81080.4
-533340
-416047
-74814.7
-161651
-594810
-520645
-469452
-375573
-783230
-661168
-458235
-415838
1.9418e+06
1.55839e+06
570287
725827
73451.4
61019.8
47029
37509.9
-208205
-170550
-91600.7
-90084
-551164
-428113
-80392.4
-157285
-632586
-555510
-495134
-401432
-786615
-667003
-471334
-427712
2.04769e+06
1.6427e+06
600586
763813
95828.5
79975.9
49764.1
48300.3
-236545
-195917
-97474
-102158
-557510
-433914
-86093.1
-167102
-647472
-569398
-518685
-420294
-814124
-693015
-495884
-444737
2.15494e+06
1.728e+06
641149
806153
147850
120138
66566.3
65138
-224810
-185952
-91181.4
-100988
-582158
-456167
-98976.6
-183415
-653780
-574142
-527443
-425750
-827236
-704794
-507603
-460497
2.21566e+06
1.77746e+06
645968
823708
173649
140470
72210.5
68504.5
-263063
-217149
-112038
-114167
-610502
-477902
-108497
-187954
-596476
-529820
-510110
-403223
-777609
-661336
-503292
-432888
2.16004e+06
1.72981e+06
619623
808099
181287
151216
80174.6
82581.6
-298407
-243616
-134732
-126062
-547737
-425316
-83077.3
-158618
-589650
-525631
-512064
-408763
-782341
-672444
-503596
-452304
2.14794e+06
1.71778e+06
620855
791327
209415
171753
107630
90173.8
-298042
-248035
-130657
-143859
-507515
-394940
-53117.2
-152596
-591479
-525151
-507708
-400667
-767328
-655185
-497112
-433295
2.12456e+06
1.70363e+06
613164
788949
220121
183719
118472
104993
-305699
-248561
-134218
-133592
-445434
-340415
-13705.1
-104084
-612779
-543174
-519353
-415444
-742054
-634193
-489370
-428849
2.13374e+06
1.70812e+06
604545
787973
190671
162213
111479
95576.1
-359298
-292593
-154327
-163032
-408729
-307941
11221.8
-85936.1
-640777
-567938
-540925
-433631
-743077
-638942
-494425
-431617
2.16194e+06
1.72932e+06
614747
797696
194567
164631
122994
103470
-356890
-293376
-152751
-163244
-400573
-302209
14084.9
-83786.5
-621289
-550423
-517757
-417283
-721716
-620325
-480890
-419789
2.1393e+06
1.71113e+06
596580
786098
179843
153323
124720
99564.9
-385804
-314495
-162694
-167004
-365598
-271926
57923.4
-52805.3
-522376
-470468
-483674
-378524
-650924
-560512
-456475
-389911
2.07569e+06
1.65821e+06
566417
758376
258946
223248
164785
142993
-354683
-288488
-157297
-159160
-326012
-232929
78287.3
-32036.2
-493755
-447975
-478114
-369777
-705649
-609187
-479498
-412233
2.06608e+06
1.64549e+06
561896
742490
347660
292094
197380
177357
-351591
-290517
-153383
-161295
-352565
-256584
70750.3
-42133
-451232
-412326
-454787
-348226
-738060
-633266
-480866
-425131
2.04914e+06
1.63383e+06
548312
734486
390731
327530
213849
191225
-360205
-292589
-151751
-160418
-349774
-252257
91663
-35726.6
-406688
-373373
-429613
-324810
-771138
-656177
-480348
-430489
2.04228e+06
1.62857e+06
533520
731550
420793
356175
230407
212069
-381509
-306758
-142853
-160539
-361895
-257469
97709.4
-27630.9
-411533
-378909
-434697
-327541
-823741
-701057
-502799
-449711
2.06181e+06
1.64146e+06
539769
735271
481052
403098
253370
239465
-384296
-309859
-131358
-156872
-411941
-299810
75855.6
-48442.5
-336862
-317087
-387227
-291936
-882599
-747962
-507677
-470773
2.008e+06
1.59608e+06
501722
707952
498170
417443
260110
244755
-431153
-344962
-144633
-161870
-470572
-346479
71864
-60600.5
368188
259780
-108492
15349.9
-733836
-579444
-150680
-243953
277423
221388
97606.2
110070
2.24875e+06
1.8456e+06
958362
1.00323e+06
276970
139185
-451825
-184722
94622.9
106644
230843
149002
350537
249192
-123650
15125.7
-779377
-615224
-176052
-255011
323470
261620
111284
135936
2.28158e+06
1.87483e+06
963906
1.01573e+06
266493
133018
-468441
-187394
51520.5
70401
201755
125243
350274
245544
-121790
1269.26
-790674
-627059
-194822
-272616
341844
274635
121457
134922
2.3684e+06
1.94535e+06
999099
1.0443e+06
290957
149155
-465799
-194699
80014.1
94951
206045
125191
319018
223107
-140868
-1418.46
-846760
-671334
-209978
-295522
421199
342112
150390
175676
2.43353e+06
1.99678e+06
1.02685e+06
1.08321e+06
282370
142196
-477006
-192494
48368.9
65635.1
189285
117223
282340
193701
-158342
-19064.3
-861579
-679250
-211404
-298929
394731
321483
133855
160458
2.45929e+06
2.02032e+06
1.04209e+06
1.09033e+06
297846
155523
-470058
-194805
82253.5
96600.7
202423
122416
222828
146713
-171275
-38666.7
-913272
-720951
-212380
-303473
390590
317457
121914
151648
2.43433e+06
2.00004e+06
1.03995e+06
1.08923e+06
218949
90807.4
-504738
-214656
88167
102647
235384
141808
230298
147447
-166097
-42757.3
-892543
-708135
-193513
-303458
380530
305544
123353
150448
2.41835e+06
1.98426e+06
1.03341e+06
1.07879e+06
202950
74479.6
-516902
-232747
77905.5
91044.2
225685
140007
267016
179673
-160554
-27179.1
-852397
-674136
-173324
-278524
411953
336840
135257
172448
2.44677e+06
2.0093e+06
1.04001e+06
1.09233e+06
234540
100621
-529059
-222182
80914.9
92690.4
214070
134080
322066
221806
-140644
-17059
-790320
-622290
-148726
-257526
404832
330888
141561
167202
2.45906e+06
2.02112e+06
1.04095e+06
1.09265e+06
270297
126041
-531367
-232388
115066
122691
213560
133946
385923
275327
-123614
18434.3
-715221
-558023
-106808
-213556
481565
394954
179467
207843
2.49646e+06
2.04775e+06
1.05673e+06
1.10959e+06
323701
167603
-525824
-208850
111311
113293
206712
137445
401410
288922
-119939
21346.1
-709469
-549441
-96196.9
-203729
446238
369637
175411
195699
2.4739e+06
2.03471e+06
1.05493e+06
1.10078e+06
343083
184861
-525971
-216104
92508.7
103919
197316
121537
430923
313398
-109121
35030.1
-706856
-549230
-81478.5
-189988
380399
315099
147495
171418
2.40989e+06
1.97948e+06
1.03311e+06
1.08186e+06
313559
156878
-547878
-214251
88551
96228
201880
126482
400613
285062
-113298
21442.3
-800953
-623464
-110576
-231710
285262
231038
115881
119086
2.31567e+06
1.90538e+06
1.00854e+06
1.04452e+06
264193
116276
-572147
-250362
-35801.5
-1940.3
152166
83593.5
356444
248588
-131793
5810.3
-888553
-695563
-150293
-264488
270192
221421
129936
121099
2.28405e+06
1.87932e+06
995622
1.03376e+06
239692
93659.1
-586061
-261398
-152333
-102450
102906
22037
345601
236413
-141706
-13360.1
-932446
-732693
-189498
-296629
244318
202368
133269
115705
2.25706e+06
1.85785e+06
970467
1.01703e+06
228498
82386.4
-603761
-279481
-215714
-150549
59227.3
-12278.2
354998
248301
-145287
-2419.01
-969989
-764919
-205205
-317330
285192
240101
169557
147121
2.28023e+06
1.87389e+06
985808
1.01998e+06
266293
112805
-602985
-268546
-309022
-234303
19601.7
-57082.6
361329
251297
-144719
-2288.2
-1.03266e+06
-814277
-224750
-338546
234857
200338
174252
130925
2.28319e+06
1.87852e+06
1.00323e+06
1.02691e+06
298837
134959
-592107
-266935
-334918
-254679
15733.8
-75993.5
386379
274226
-141252
7013.79
-1.10064e+06
-869028
-249730
-362486
237318
206505
180169
138666
2.21525e+06
1.8243e+06
982350
1.00884e+06
304044
140256
-594988
-256007
-330213
-248732
34464.4
-63973.4
364247
250780
-149104
54.4472
-1.18504e+06
-939179
-281435
-410534
228437
199586
171468
144770
2.18317e+06
1.79965e+06
974824
995802
223217
74887.6
-617841
-281824
-403021
-301149
6602.26
-76526.6
325496
218905
-175866
-16742.2
-1.18147e+06
-938597
-289693
-413204
278259
240324
183709
165018
2.25517e+06
1.85758e+06
1.00799e+06
1.02321e+06
180048
37864.9
-641118
-301848
-455051
-345972
-19391.7
-104573
340610
229180
-171410
-20460.8
-1.09886e+06
-873915
-263879
-386169
319476
272092
204733
178054
2.35225e+06
1.93827e+06
1.05761e+06
1.07457e+06
165792
26409.7
-642536
-312646
-421846
-317891
-6662.36
-99574.1
342836
232348
-180751
-18350.8
-1.06504e+06
-842943
-248251
-366898
426987
363182
244547
224981
2.46384e+06
2.03117e+06
1.11035e+06
1.12466e+06
145349
9883.23
-654548
-318534
-427306
-323054
-4517.71
-91967
311731
205352
-193376
-31454.2
-1.0475e+06
-829083
-231338
-354176
442650
374091
254934
227196
2.50835e+06
2.06647e+06
1.14537e+06
1.15236e+06
112129
-20029.5
-666567
-337619
-422139
-319539
10690.7
-94867.6
297927
196137
-203040
-39999.6
-1.04353e+06
-823780
-224827
-342490
487809
411808
260750
244713
2.52143e+06
2.07868e+06
1.15341e+06
1.16394e+06
69631.6
-52861.2
-686983
-352737
-408956
-305406
34470
-73112
336602
224924
-179421
-29058.6
-1.03687e+06
-818672
-222094
-345534
472106
393587
254221
237538
2.51475e+06
2.07803e+06
1.15605e+06
1.15968e+06
52978.6
-63681.3
-689165
-361340
-370449
-271337
66780.6
-43205.6
315979
208529
-189585
-36573
-1.02718e+06
-812164
-222829
-345099
461240
387856
249200
239469
2.57478e+06
2.1283e+06
1.19122e+06
1.18396e+06
52139.2
-63542
-696525
-366704
-369919
-270938
73793.7
-44725.2
358726
241688
-181102
-26592.9
-941695
-743886
-203374
-319327
418526
349890
233102
217083
2.63901e+06
2.18229e+06
1.22035e+06
1.21917e+06
84801.9
-41385.5
-695350
-361434
-258995
-177229
117552
-1942.42
373405
253725
-188852
-20943.8
-881313
-693986
-179760
-290605
425589
359493
237336
222398
2.69963e+06
2.23207e+06
1.25781e+06
1.25132e+06
87665.7
-39458
-704063
-361483
-207298
-136518
149578
33560
417141
288637
-178057
-5046.62
-829797
-651678
-154868
-268481
400217
339609
232447
211346
2.75089e+06
2.27552e+06
1.29505e+06
1.28014e+06
135939
-3693.93
-689249
-350458
-109961
-53393.6
201841
74882.6
476123
338455
-146288
22407.5
-777547
-608184
-124980
-232099
364907
311122
209086
198977
2.74396e+06
2.26961e+06
1.30047e+06
1.28952e+06
130249
-7224.51
-698255
-339959
-21155.2
20592.4
267823
134906
558047
403782
-107958
56232.7
-765507
-598175
-109148
-232123
305511
256567
176554
162026
2.80553e+06
2.32287e+06
1.32839e+06
1.31361e+06
142943
4410.93
-698358
-347327
-15484.9
30400.6
279604
144577
592237
430950
-97598.4
67503.9
-785356
-614553
-120946
-238436
310840
260235
171388
162029
2.92272e+06
2.41994e+06
1.37207e+06
1.36249e+06
145441
6050.71
-705038
-349010
-32434.3
15465.8
270139
134167
674626
497714
-72248.6
95941.7
-742662
-578886
-123875
-227072
284000
238279
149700
147234
3.0384e+06
2.5152e+06
1.4065e+06
1.41545e+06
151224
8884.8
-718496
-352176
1890.8
46806.9
267901
148138
733809
545744
-63068.3
120394
-742313
-581092
-124595
-231459
312927
259304
153732
149006
3.16629e+06
2.61599e+06
1.4522e+06
1.4574e+06
161115
13048.9
-729820
-362391
-24492.1
19197.9
260215
129683
800751
598696
-43446.8
144707
-752603
-586393
-126674
-227968
276523
231003
139727
134096
3.23688e+06
2.67619e+06
1.48295e+06
1.49644e+06
192556
36681.2
-721141
-355675
-2758.42
42507.7
275957
143226
892352
674730
5514.02
187922
-778417
-606656
-113714
-227683
239325
200099
115659
113498
3.23065e+06
2.66838e+06
1.48479e+06
1.49617e+06
181410
29775.6
-720091
-349381
4732.67
48929
311222
163083
-34810.2
-53968.5
-198484
-111946
1.6816e+06
1.37985e+06
712314
749774
1.99245e+06
1.61101e+06
681150
800250
2.15408e+06
1.78966e+06
1.06312e+06
1.04233e+06
804422
657848
324615
362976
400893
352766
332500
267609
-51891.7
-68964.8
-200179
-121028
1.71181e+06
1.40562e+06
728642
753077
2.09391e+06
1.69304e+06
734033
842388
2.16578e+06
1.7993e+06
1.0796e+06
1.04968e+06
760500
620927
316589
335794
395770
349043
328795
260342
-102079
-112694
-218220
-143298
1.69905e+06
1.39626e+06
731517
757775
2.21137e+06
1.7902e+06
772849
891572
2.17742e+06
1.81065e+06
1.08177e+06
1.05705e+06
735791
601693
299783
325005
317579
285926
294004
230877
-170037
-161435
-231436
-154062
1.70976e+06
1.41141e+06
751755
773490
2.23796e+06
1.81099e+06
771481
901816
2.1635e+06
1.79963e+06
1.06464e+06
1.04115e+06
642277
527493
266121
277361
376266
338719
333949
263389
-215004
-196736
-244672
-176748
1.65173e+06
1.36001e+06
736207
752691
2.37817e+06
1.92204e+06
819451
942650
2.17313e+06
1.80716e+06
1.0707e+06
1.04289e+06
658356
540183
282808
291965
363733
326109
326910
250041
-237410
-217989
-240260
-186835
1.61252e+06
1.32942e+06
727088
737050
2.46334e+06
1.98784e+06
842988
990799
2.20938e+06
1.83565e+06
1.08092e+06
1.05828e+06
628700
519393
273976
277923
345965
311639
329662
250486
-191038
-176685
-225175
-159687
1.66674e+06
1.37121e+06
748110
766716
2.4274e+06
1.96414e+06
821631
979211
2.17235e+06
1.80254e+06
1.06179e+06
1.0506e+06
627663
515060
256390
294528
326811
291166
313716
246473
-193515
-180481
-227755
-165042
1.70393e+06
1.40337e+06
773813
778063
2.37743e+06
1.92156e+06
813108
954089
2.10864e+06
1.7497e+06
1.04695e+06
1.02125e+06
565146
461934
231143
253701
254147
230687
281470
206851
-193118
-182675
-233393
-167569
1.77569e+06
1.46302e+06
817132
816543
2.39151e+06
1.93622e+06
815770
966148
2.06987e+06
1.72032e+06
1.02693e+06
1.0097e+06
547352
446445
206659
243497
181853
173412
248311
177207
-198826
-186905
-248278
-172828
1.86475e+06
1.54252e+06
858338
857505
2.36359e+06
1.91063e+06
788937
937549
2.00173e+06
1.66514e+06
978415
955956
519395
424920
182840
205386
228215
214338
250795
181749
-173533
-165862
-244012
-174151
1.92094e+06
1.58462e+06
890416
886230
2.42008e+06
1.95559e+06
802664
950817
2.052e+06
1.70374e+06
992445
975570
622608
506001
216964
251990
261308
235943
247789
183463
-138637
-140484
-225297
-158106
1.98829e+06
1.64184e+06
931134
916142
2.46496e+06
1.99008e+06
825389
974256
2.07118e+06
1.71809e+06
1.00515e+06
978248
669577
546522
241630
261654
296162
262411
262880
192932
-138556
-136889
-225978
-149729
1.98026e+06
1.63805e+06
927635
929659
2.41625e+06
1.949e+06
810959
954458
2.02711e+06
1.68233e+06
990853
972542
713269
578011
239799
292219
298039
261745
264555
204356
-110784
-112187
-217930
-144111
2.00064e+06
1.65693e+06
934028
928749
2.44916e+06
1.97752e+06
842951
967063
2.02024e+06
1.67914e+06
1.00625e+06
969558
757128
616829
263932
308788
239201
214514
230015
172601
-58346.2
-71753
-191177
-122252
2.03155e+06
1.68391e+06
951440
954718
2.54296e+06
2.06114e+06
899724
1.02558e+06
2.07665e+06
1.73241e+06
1.03476e+06
1.01504e+06
808166
659801
282780
332119
132826
132401
187834
139164
-25460.8
-44542.8
-169651
-96900.5
2.05263e+06
1.70192e+06
962980
962224
2.61882e+06
2.12076e+06
937153
1.0559e+06
2.04946e+06
1.70648e+06
1.02353e+06
985826
807830
655399
284982
315862
190520
176876
219573
151273
-42353.6
-58381.6
-164175
-103198
1.94259e+06
1.60766e+06
926753
923015
2.68169e+06
2.17073e+06
975962
1.08406e+06
2.02591e+06
1.68553e+06
1.0337e+06
992280
886725
718870
329940
364704
127810
122744
194439
125377
-78046.2
-85466.6
-178025
-114267
1.88591e+06
1.56411e+06
894286
886254
2.71509e+06
2.20366e+06
990938
1.11492e+06
2.00696e+06
1.67686e+06
1.01719e+06
981203
859132
702303
309770
355929
57828.6
71267.2
159290
101885
-45826.2
-58488.3
-174642
-99038.1
1.95287e+06
1.61544e+06
909679
910321
2.75386e+06
2.23827e+06
998780
1.13306e+06
2.08595e+06
1.73401e+06
1.04093e+06
1.00658e+06
845718
684894
294162
348866
76313.1
83364.4
161780
107866
-94543.7
-103223
-211593
-133505
1.98559e+06
1.63962e+06
898948
908118
2.8359e+06
2.3041e+06
1.02835e+06
1.16221e+06
2.13695e+06
1.7746e+06
1.05896e+06
1.0287e+06
782526
630806
262854
316659
18143.7
34332.2
123748
72735.1
-151691
-155059
-242130
-160409
2.00943e+06
1.65609e+06
909184
915989
2.92799e+06
2.37709e+06
1.05818e+06
1.20261e+06
2.20622e+06
1.83136e+06
1.08624e+06
1.06026e+06
727482
584363
239351
290783
-81254.3
-45911
91973.4
37801.9
-191206
-186647
-253300
-171894
2.08878e+06
1.72328e+06
952889
956839
2.94563e+06
2.38707e+06
1.05775e+06
1.20396e+06
2.22781e+06
1.84703e+06
1.09496e+06
1.06173e+06
674209
541984
235262
269126
-6599.43
14862
143085
69513.5
-302858
-277190
-312126
-231654
1.97012e+06
1.6233e+06
899139
906096
2.99895e+06
2.43001e+06
1.0617e+06
1.21372e+06
2.21876e+06
1.84038e+06
1.08963e+06
1.06232e+06
638891
514533
219855
258391
-91288.9
-55223.6
100191
29000.6
-312319
-284680
-318348
-241323
1.96414e+06
1.62204e+06
889378
897874
3.07381e+06
2.49167e+06
1.08178e+06
1.24583e+06
2.27044e+06
1.88612e+06
1.10466e+06
1.08181e+06
632946
513985
215920
254551
-99085.5
-55425.2
96071.1
33258.1
-278915
-256487
-309959
-223797
2.01219e+06
1.65898e+06
904780
926881
3.03074e+06
2.45489e+06
1.05637e+06
1.23334e+06
2.24147e+06
1.85946e+06
1.0963e+06
1.07423e+06
589148
475273
183693
239931
-83088.6
-49556.9
115228
47394.5
-323097
-295499
-331266
-251707
2.03662e+06
1.67682e+06
900318
918621
2.97358e+06
2.40475e+06
1.03093e+06
1.19498e+06
2.22101e+06
1.84297e+06
1.09677e+06
1.0654e+06
501615
398919
139750
187969
-118823
-77344
107313
26268.3
-353179
-321719
-346375
-266556
2.06924e+06
1.70476e+06
912958
936607
2.99312e+06
2.42306e+06
1.03027e+06
1.20323e+06
2.25278e+06
1.87445e+06
1.1193e+06
1.08558e+06
462700
369380
109620
167242
-132893
-83056.8
116708
32437.1
-297432
-275224
-325319
-241010
2.21956e+06
1.82788e+06
981892
995511
3.02116e+06
2.44314e+06
1.0329e+06
1.2038e+06
2.29293e+06
1.90596e+06
1.13484e+06
1.08954e+06
485120
384229
117385
154429
62041.5
79717.1
216367
119713
-311375
-286363
-322484
-248448
2.23372e+06
1.83483e+06
988491
1.00218e+06
3.05096e+06
2.46496e+06
1.04264e+06
1.21035e+06
2.33452e+06
1.9394e+06
1.16582e+06
1.1207e+06
517065
410595
143420
183660
99239.6
108146
245322
139408
-325300
-297123
-319928
-249768
2.26181e+06
1.86446e+06
1.00248e+06
1.01862e+06
3.03968e+06
2.45615e+06
1.03882e+06
1.21519e+06
2.35099e+06
1.9586e+06
1.17934e+06
1.13269e+06
491896
397347
139044
175616
151626
157931
280293
176183
-257765
-240164
-291737
-216628
2.29959e+06
1.89448e+06
1.02851e+06
1.04885e+06
3.00147e+06
2.4244e+06
1.01693e+06
1.19597e+06
2.36673e+06
1.97098e+06
1.19777e+06
1.15277e+06
483612
387271
133865
181954
172202
172725
301648
198619
-203266
-196021
-268429
-194665
2.35e+06
1.93516e+06
1.05048e+06
1.05993e+06
3.04704e+06
2.45962e+06
1.03224e+06
1.2074e+06
2.48401e+06
2.06671e+06
1.25912e+06
1.20344e+06
500575
400604
144412
187230
150222
154682
291731
182999
-165232
-166184
-253672
-181799
2.38061e+06
1.96274e+06
1.07181e+06
1.08432e+06
3.10524e+06
2.5094e+06
1.03981e+06
1.23457e+06
2.61933e+06
2.18136e+06
1.30756e+06
1.26765e+06
508903
411499
136008
191208
104372
123293
278759
172777
-111444
-118830
-220494
-147990
2.44499e+06
2.02167e+06
1.12063e+06
1.12456e+06
3.08681e+06
2.49042e+06
1.02067e+06
1.21236e+06
2.6294e+06
2.18906e+06
1.30827e+06
1.26537e+06
488495
392919
140644
172164
209705
214021
341813
222466
-51240.5
-68536.3
-185719
-119626
2.41286e+06
1.99084e+06
1.11896e+06
1.11915e+06
3.14299e+06
2.53208e+06
1.03099e+06
1.22617e+06
2.72977e+06
2.26791e+06
1.34996e+06
1.31267e+06
573398
462228
186333
224715
204217
205099
342234
224771
-8478.92
-32669.7
-159771
-98700.1
2.41995e+06
2.00109e+06
1.12985e+06
1.11477e+06
3.15632e+06
2.54265e+06
1.02349e+06
1.23077e+06
2.81339e+06
2.33803e+06
1.37931e+06
1.33678e+06
562887
457891
180958
218570
209463
211999
351363
226551
