870.448
1489.87
1499.07
1308.15
-1931.11
-2465.68
-482.954
-4582.05
-15781.9
-10066.4
-7824.84
-8908.84
-605.991
-1036.62
2357.49
1479.97
-15809.5
-11034.4
-6603.67
-8886.92
-14417.9
-8456.29
-5376.84
-2539.93
4144.35
5928.38
1437.55
10081.2
9405.23
3512.91
8183.35
7338.35
-27289.4
-18216.5
-13735.5
-20125.7
6168.8
4456.19
5944.65
13360.8
-18246.2
-9821.71
-6800.95
-1525.23
-24512.6
-14865.5
-10752.3
-5465.23
2580.94
4263.15
96.1665
8515.69
168.999
1002.68
-1100.97
5893.03
-12525.7
-6427.6
-9241.18
-12858.7
16020.2
11928.2
7363.1
18391.1
-25291.8
-13479.6
-11023.1
2978.33
-46050.3
-26606.3
-24474.4
-15354.8
3729.28
3278.85
2492.55
6998.94
-13150.8
-7182.79
-6664.48
-4444.17
3084.4
2153.14
-2275.47
-7592.91
28765.8
18741.9
13338.9
15781.2
-15869.6
-6960.76
-5786.96
10378.2
-62138.4
-37228.5
-32478.8
-30112.8
26962
17719.4
14862
23839.4
-16382.2
-8305.68
-9931.31
-6277.69
8764.59
4666.9
1454.52
-10926.9
32535.4
19938.3
15079.1
11953.6
-14627.9
-6565.49
-5807.47
8513.57
-65338.8
-37208
-35790.2
-31416
30802.3
19826.6
15040.9
26517.9
-31035.6
-15479.3
-16793.8
-9820.3
29721.1
18729.8
11950.1
1161.07
35807.2
22573
16834.1
12942.9
-10377.5
-5253.8
-2151.02
11869.5
-59706.7
-35558.3
-31323.4
-29690.7
15134.9
8378.51
8609.73
7001.77
-39926.1
-23179
-23663.3
-25001.2
37640
23200.2
15285.5
8331.84
32560.9
18861.4
16322.1
11077.5
-28858.4
-15861.8
-15369
-5819.49
-69173.4
-41347.4
-40645.2
-42075.7
7377.95
4970.25
2373.05
-1119.35
-49943.7
-30942.3
-27092.8
-32962.5
33357.8
18155
12595.7
-9577.05
15425.5
9548.77
5555.03
-17.6777
-23563.6
-11962.8
-10652.6
-1310.27
-70830.2
-44323.6
-41477.5
-56630.1
6696.3
4372.75
2926.01
666.802
-81172.3
-49769.7
-44365.3
-51441.3
51368.5
30540.6
21744.9
378.302
2373.76
1036.62
-564.271
-7125.52
-23374.8
-11848.3
-8123.24
8990.86
-84806.1
-53739.4
-46092
-61427.1
13535.4
7988.89
9058.04
10368.3
-120987
-74121.8
-64526.3
-72728.8
66094
39122.1
30180.7
13451.3
-6371.74
-5931.92
-4694.48
-11033.7
3231.48
5556.45
6315.17
33420.7
-95153.2
-60326.8
-51852.1
-65435
36360.1
23439.9
20715.4
30119.9
-150198
-91052
-82192.7
-91641.7
71069.9
42920.7
31826.9
12688.3
-13442.8
-10133.5
-9075.72
-19056.5
24324.5
18920.1
17352.4
46708.6
-109773
-67221.1
-63035
-78311.4
49051.3
29074.1
27229.3
39198.5
-184277
-111874
-100034
-112224
93888.2
57198.6
41716.5
20759.2
-20577.5
-15027.4
-14149.2
-28270.8
60348.7
39750.7
37118.2
66342.9
-113354
-71335.8
-65808.3
-89792.7
53004
34420.5
30876.5
37152.1
-166232
-102750
-91579.5
-115081
106088
61900.8
50981.7
32062.3
-26959.9
-17623.2
-16076.8
-34417
62154
40852.4
39538.6
70318.9
-96363.1
-59937.2
-57193.6
-83864.3
66413.6
44836.2
35979
54788
-128068
-81458
-67899.2
-85495.6
87549
47813.9
41077.2
13964.7
-29511.8
-20156.8
-17120.5
-29967.9
53598.7
37752.4
36096.4
75340.8
-86567.5
-56835.8
-50558.8
-77525.8
67759.9
44829.9
36667.7
51146.4
-131158
-81354
-71388.1
-83478.2
72938.8
39714.7
32954
-1399.36
-47981.4
-30158.8
-28734.7
-43815.2
25840.5
19451.1
23311.2
64418.8
-112375
-72804.4
-63202.6
-94662.5
84246.8
55296.5
47251
62908.5
-141737
-85275
-78273.9
-91647.4
71931.1
40961.3
30545.6
-142.128
-47364.1
-28815.3
-30232.4
-46782.2
19644.8
19370.5
18553.8
67202
-113849
-70534.6
-68205.4
-100844
117212
74518.4
66347.8
91338.4
-132000
-80804.6
-71991.2
-82974
68849.6
36889.8
31334
-580.535
-37493.6
-24910
-21666.5
-36466.2
26090.1
21828.4
23953.2
77007.5
-107603
-69589.9
-62440.4
-94559.3
126197
78390.6
71868.2
99104.6
-149738
-91486.9
-79116.1
-87581.5
55314.8
26225.9
26923.1
-5961.62
-37400.3
-27036.9
-18406.7
-33375.4
24224.1
16646.7
27530.5
82329.1
-125395
-86412
-67201.3
-106953
111580
68415.4
64879.2
88998.6
-158414
-98850.7
-85294.8
-101224
26449.3
11311.6
8557.41
-22923
-46398.2
-30568.9
-23639.3
-32623.1
-4407.4
2064.75
7630.39
59302.9
-163555
-105174
-93428.6
-136618
78447.8
51620.2
42002.1
63534.3
-168288
-103578
-89607.4
-105050
10854.1
2882.17
-2607.1
-44834.1
-62227.5
-37863.4
-33183.8
-39653.1
-16786
-956.715
-43.8406
55195.3
-168480
-105591
-98439.9
-145571
69713.7
44225.3
36903.9
48620
-176722
-108909
-95091.7
-107788
42219.9
21757.7
14343.7
-27222.9
-50652.9
-30187.8
-27990.1
-29582.5
-13202.4
-1127.84
3616.14
60889
-162831
-103419
-93966
-140417
67863.2
41036.2
39327.9
51136.5
-202974
-125068
-107728
-119138
51659.1
26538.4
20961.5
-15586
-41676.9
-25931
-21155.9
-19111
7230.17
11610
15323
80374
-170422
-107424
-97604.8
-138217
74150
45282.4
42251.8
57154
-219927
-134837
-118360
-131139
46450.6
25298.9
16237.3
-23308.4
-39916.9
-24870.4
-19873.2
-20187.9
23821
21573.8
23381.9
87442.2
-182459
-113828
-105116
-146452
73321.3
44262.8
39516.7
55186.1
-256082
-153511
-139364
-149658
66171.1
39971.3
23445.5
-14822.4
-32373.5
-17343.2
-17947.1
-13804.1
45784.5
36005.2
33510.5
98047.4
-173035
-107603
-100968
-144031
57920.5
36423.1
32883.3
38242.5
-271108
-162738
-149276
-168467
77254.2
41511.4
34438.9
-2087.38
-24487.8
-13814.7
-12072.4
-10176.7
36260.4
29149.1
29749.4
90665.9
-162307
-101512
-95278.4
-136750
82338.3
52275
44396.4
57307.5
-269817
-164180
-146808
-165460
71468
36420.2
30389.3
-13582.8
-13280.2
-8540.44
-6313.76
-1073.39
33886.7
27457.7
28333.8
87928.7
-141935
-90349.9
-84611.7
-127718
94815.9
59657.2
52166.8
66062.2
-285359
-174070
-155549
-176319
83068.8
46220
34506.8
-7376.54
-11889.3
-7331.28
-6349.82
-4315.47
33118.8
26146
29689.3
90912.7
-145272
-93707.9
-83682.6
-128116
118477
72940.9
69486.7
85593.2
-313660
-191996
-168995
-193336
90201.4
49083.8
42499.9
3015.1
1825.75
-956.008
3174.2
1540.79
42089.1
31360.2
36259.7
101106
-149169
-96662.9
-83364.4
-127846
151751
95938.8
86833.4
118583
-334792
-203260
-181703
-204558
90791.8
51003.6
42700.8
7744.23
9273
4539.63
7168.65
9231.28
46655.6
36047.6
38373.3
108888
-153185
-96267.6
-86852.5
-123110
180502
113198
101842
141485
-359532
-216986
-195963
-216755
101271
58561.9
47206.4
20467.9
16144.7
9478.06
10376.1
15330.8
57051.5
42019.1
44091.6
118454
-140533
-89586.2
-80464.5
-114574
163841
104611
94528.9
132616
-376291
-228062
-207226
-238275
59826.9
31972.5
28293.5
2380.12
-4402.45
-3565.94
1070.56
4383.35
22310.6
21485.4
23641.4
95974.9
-164453
-103683
-96119.1
-131993
163499
104624
91964.9
133550
-369005
-226703
-200226
-235324
20959.4
7054.1
7073.19
-28468.8
-10982.1
-8045.46
-3343.2
309.006
11174.4
15076.2
16240.1
82875
-167960
-108484
-98361.4
-150436
146926
94043.1
82863
120440
-370877
-228027
-199811
-232138
5337.95
388.202
-2604.27
-36209.5
-19582.6
-12338.3
-8787.92
-5568.47
13.435
6765.6
12955.6
77264.1
-175521
-113604
-99825.1
-153970
151518
97623.9
86643.2
123761
-376163
-227313
-205698
-230858
124.451
1078.34
-6467.2
-29300.4
-8481.75
-4615.99
-3268.25
1904.95
17743.4
19494.9
20831.4
92773.8
-170437
-105804
-101483
-147549
161908
103954
92201.1
135745
-378259
-229095
-206663
-233209
-4362.14
-2190.62
-7534.93
-26988.1
-272.236
-315.37
2513.06
9895.96
26065.4
24210.6
24896.5
97190.4
-182566
-114766
-107903
-157336
149851
94459.6
86129.8
130072
-405515
-245519
-219485
-245006
-14173.2
-10200
-9613.12
-27428.7
327.39
728.32
4011.42
16708.2
22237.8
20115.1
23719.2
91599.3
-203227
-130810
-116478
-174003
29054.3
14219.9
17354.5
12911.1
-498.51
-2030.1
3570.89
3389.87
-569.221
-1632.71
-418.607
-2931.66
16399.9
9021.98
10181.6
8654.28
-2896.31
-179.605
-559.321
-492.146
-3389.87
-1716.15
-2079.6
-5090.46
105116
60925.7
57308.2
60325.4
25646.8
16752.8
16064.1
32044
14411.5
9556.55
4404.57
2288.2
53037.3
32879.8
28187.4
33837.2
23565.7
19144.2
12455.7
27440
18637.2
10946
11351.9
11792.4
128937
74781.5
73701
83037.7
16500.3
9835.86
13550.3
28997.7
9235.52
4713.57
4291.43
-1147.63
60324.7
34911.3
33675.3
38743.1
15765.7
10667.4
11490.5
21595.7
15350.6
10255.9
8411.04
10195.1
111983
70089.1
61469.5
76741.6
17703.1
13069.5
13631.6
31905.4
3568.77
1312.39
215.668
-7444.42
61847.8
36597.7
31862.2
29284.1
40568.1
26012.3
23528.3
34757.1
10422.8
6986.21
5792.62
4792.77
117260
71837.8
68145.3
88110.5
12549
9154.91
13255.4
38963
-17547.6
-10492.8
-11652.4
-17203.9
67460.8
37857.8
36239.2
32117.5
56001.4
33808.9
33107.4
46384.1
-6180.82
-1545.03
-2558.31
3612.61
116154
69375.7
67103.7
86281.2
11406.3
7829.79
13063.1
37782.1
-46350.1
-30159.5
-27556.7
-42055.9
64853
35885.7
34472.9
24888.7
66475.8
40121.9
39366
50239.2
-35897.7
-21225.2
-19779.9
-21582.3
101442
63633.2
57627.8
79261.7
-2370.22
1918.38
2656.6
28056.6
-41624.5
-28993.5
-24731.1
-43954.5
67025.2
39567.6
35428.2
28857
43366.2
25382.3
27058.9
37029.8
-55498
-31069.6
-32077.9
-38513.3
105778
68496.7
57352
78870.7
-38330.8
-21029.4
-16552.7
841.457
-50677.6
-33969.4
-30364.6
-54706
64480.4
41260.4
32426.5
32070.8
23548.1
15772
15074.8
30165.9
-63696.2
-37607.5
-32082.1
-34030.2
101896
64753.3
57893.7
82220.3
-42229.8
-23560.1
-20452.4
-7109.96
-41502.2
-29525.2
-24260.1
-46275.2
83456.3
51426.5
44989.7
51719.9
30759.9
19193.7
20393.7
35472
-64908.2
-34641.9
-37232
-29516.1
58713.2
37438.5
35344.7
56012
-55932.1
-33936.9
-26297.3
-18921.5
-54805
-37395.3
-29903.5
-53768.4
72880.1
44666.5
41406.8
47371.9
35637.5
22051.1
25828.5
48769.9
-70502.8
-40066.8
-39950.8
-38279.9
49491.8
31656.5
29597.4
48641.9
-55805.6
-34939.6
-26755.5
-22718.6
-35940.1
-27768.8
-18775.8
-40119.8
95240.9
56533.2
53249.4
62844.8
50597
32071.5
34487.7
65191
-56385.4
-31664.9
-31228.7
-23996.4
43584.6
29021.8
26672.8
48445.3
-56416.5
-33031.8
-27978.1
-19179.6
-41717.2
-28923.5
-22652.9
-36635.2
117942
72467.8
66368.3
84106.8
73952.1
48181.5
48704.8
92031.4
-56702.2
-30170.8
-31662.8
-22427.3
59489.6
32948.3
37865.6
55034.1
-50044.8
-33106.7
-22589.9
-14680.2
-44684.9
-30528.6
-25494.7
-39250.8
114478
70275.8
65217.9
85306.8
78772.4
50416
52467.3
93683.9
-46152.2
-28975.1
-22287.3
-21944.4
93819.6
55019.3
53378.1
65813.3
-34760
-23314
-13795.7
-6954.4
-36317
-23883.9
-22768.1
-38743.1
107023
66509.8
60910.9
81329.3
93570.7
60753.2
60005.8
107683
-25565.4
-17483.2
-8471.14
-5613.72
106627
63456.5
59733.6
72239.4
-32063.8
-20124.3
-14066.5
-5305.42
-41377.8
-27643.6
-24214.9
-38823.7
96074.6
60924.3
52983.5
76361.2
95412
60867
61173.9
107343
-25245.1
-13799.9
-10998.3
-1361.89
109162
66928.4
59339
71675.9
-14550.1
-7071.07
-5633.52
9963.13
-40661.5
-25190.7
-27614.6
-41961.8
91519.4
59572.3
47123
64253.4
109780
72690.6
66535.2
117636
-15959.4
-5676.65
-7240.77
7016.62
140678
85395.9
77671.4
89468.1
13184.7
8528.41
11095.9
23739
-37683.1
-24951.7
-23855.7
-42566.4
91415.5
56678.1
49787.4
61688
134205
85021.8
80625.7
125227
7300.17
7891.31
7211.78
25501.8
154564
92643
84552.3
94272.2
51816.1
31669.9
32109
48375.3
-40563.2
-27683.9
-25579.6
-46821.8
85540.1
52767.8
46131.6
54870.1
163726
103150
95680.7
140884
14755.9
11223.9
11426.1
28854.2
187421
112116
103346
115830
73841.7
46039
47099
76165.3
-16897
-15253.7
-11424.7
-33550.1
106362
64766.7
58607.8
66260.9
168939
108018
99540.1
148789
30832
23000.8
18060.2
39141.2
239911
144753
130724
151088
99352
65020.6
57668.1
101022
9403.81
2148.9
1357.65
-17819.1
132523
81670.1
73175.7
87595
187250
123034
105853
167096
53004.7
36767.4
30054.9
54327
240051
147319
130420
152756
85221.2
57921.2
50359.4
90753.6
13972.4
6767.72
3631.7
-15480
132800
83394.8
71984.2
89779.2
181746
117892
106076
160621
45505.1
36208.1
22176.3
45377.2
222543
135439
122449
142418
79982.3
49910.4
53516
90593.8
18996.4
6503.97
10753
-9598.97
129043
77877.2
72269.1
82617.6
191924
121525
115288
174778
36194.7
25140.5
20502.6
35694.8
228261
140393
123570
147435
81709.7
54251.4
49754.9
96041.4
27491.6
14749.5
11335.6
-1324.41
138589
83671.2
74567.2
85497.7
202010
129044
117474
180064
20238.1
18427.2
6850.45
22082.2
231938
141328
124226
141107
90743
59668.5
54068.2
95137
29743
15410
11886.5
-5308.25
151359
91480.5
81009
86851.1
223285
141817
129768
191911
8035.56
9056.62
-2003.94
-1891.51
238036
143861
131120
144045
79250.4
50795.7
52325.2
91419
51512
28018.4
24954.5
5530.28
142223
86054.9
78418.8
84065.1
209080
134351
121856
187918
4426.49
1921.21
305.47
-8901.06
271207
165644
149170
170450
64477.5
43914.2
42670.4
85740.9
77028.7
44972
38562.1
20927.5
139420
84700.8
77649.5
85156.9
200174
131029
113460
177854
8746.2
4975.91
2327.09
-4828.13
277979
172867
153230
187610
49437.4
38173.9
32179.7
76827.2
112668
68839.7
57654.7
50662.8
141518
89004.9
76627.7
92037
190060
122978
108414
162748
10780.5
9265.93
568.514
-5620.08
258008
162479
142749
182701
42991.4
29443.9
34258.6
74504.3
139584
83795.7
75219.9
71851.9
147111
90081.2
81449.5
94625
204932
128215
119338
171159
19727.6
11808.7
9072.18
2867.32
263819
167005
145933
191666
31428.8
27454.8
20598.7
65987.9
169937
105808
87385
93134.4
150808
95232.4
80395.9
96760.5
211101
134572
117432
166700
28801.9
21065.4
9615.24
9562.21
270630
169776
149597
194297
36379.9
29085.4
22099.2
57472.9
195101
120248
100852
104594
162386
101761
87278.2
102097
222874
141604
122129
164465
41172.7
27557.4
14947.5
7959.9
289372
178109
160444
201110
71533.8
44880.1
45680.5
80180.3
213449
129068
112856
118205
184263
113707
101376
123636
243265
152349
133565
169786
49189.2
27400.4
22737
8587.1
300899
182744
164856
197312
81170.9
48844.1
51357.9
85395.2
195830
116572
103051
102285
162422
98846.5
90637.7
113951
268913
167439
147285
183498
42718.4
20428.3
20530.1
-1836.36
307737
185879
168389
192433
101957
63506.7
60482.4
93299.9
183617
110407
93633.7
85866.8
144333
90239.6
77611.3
97511.4
296167
184819
162606
197664
47094.7
26612
16832
-7821.31
302852
185524
163529
186671
132229
84621.6
75827.3
114597
185293
111953
93324.7
82814.2
135830
85960.9
71623.6
90590.3
320657
201193
175280
222182
60211.6
33157.7
23869.8
-7788.78
315419
190276
172826
188206
149056
93035.5
87610.5
120831
180628
107714
91384.4
72482
135874
82820.6
74537.5
85658.9
329165
205934
181259
222997
70087
38985.6
29950.9
-5218.45
315800
191162
172873
193203
179947
112266
104607
145858
176351
105015
88065.9
67626.3
146840
90198.5
81173
96829.1
357417
221911
198039
244864
69784.4
38965.1
28452.6
-8594.88
-709.935
-4572.15
4851.46
3127.53
-35428.2
-20468.6
-21535.6
-21040.7
180.312
-3031.37
3280.98
1711.91
-1431.89
-1810.9
3442.2
4635.79
-30815
-17336.8
-15113.7
-13163.5
7678.47
3678.37
9258.86
10419.9
8681.15
702.157
8003.74
3046.22
-47426.4
-31484.6
-26593.6
-40948.6
11297.4
5787.67
6423.36
4217.89
5747.36
6250.82
2409.11
8097.08
-37490.1
-24086.2
-22242
-29401.5
37150
21571
25158.2
33254.5
49547
27382
30212.6
33470.9
-30749.2
-20890.8
-20187.9
-29880.9
64203.9
37504.2
35543.4
36765.3
7766.86
7617.66
1960.1
2434.57
-56333.8
-32801.3
-32748.2
-38292.7
64036.3
42248.9
40412.6
61875.4
72998.9
45127.6
44432.5
63768.3
-31463.4
-19183.1
-22035.6
-32677.5
78406.8
50581.5
44031.5
61229.1
10022.5
5899.39
5160.47
3927.98
-51606.1
-29274.2
-27412.4
-30238.7
68571
47794.1
42508.4
80067.1
90499.1
53991.1
56084.9
75110.3
-24556.4
-21944.4
-14462.5
-41399.7
105836
63513.7
60846.5
72523
16057.7
9187.44
8667.01
1874.54
-48791.1
-30332.1
-27797.1
-32126.7
80354.2
52670.3
48871.7
81786.1
91204
55947.7
55309.2
85536.6
-30187.1
-21352.5
-20989.8
-42932
111075
68378.6
61334.4
81318
38752.3
22870
20822.9
21446.5
-67578.2
-39520.2
-37872.6
-41073
99456.7
62758.6
62689.3
102866
96928.1
60068.7
56101.9
80643.4
-33977.9
-21374.4
-24015.5
-46910.9
112445
67694.2
62085.4
73480.4
48356.9
26877.1
29390.2
30448
-66870.4
-43124.3
-34870.3
-46807.6
141441
88889.7
84338
125987
128685
79973.8
70502.8
94702.8
-18142.9
-15868.9
-12363.8
-39894.3
135132
81943.8
73512.9
84437.7
68167.2
40286.7
38272.9
44559
-49870.1
-34128.5
-26974
-39200.6
206209
126786
119220
169472
139633
86770.5
72887.2
88116.1
-24352.8
-17142.4
-18632.3
-42685.9
165882
99092.5
88782.9
97264
56729.1
32770.9
30815.7
33379
-63551.2
-40604.9
-35828.4
-48979.2
220100
136259
123709
167280
121465
72727.3
67349.1
77995.3
-52583.3
-33523.2
-32569.3
-55413.8
132950
82048.4
72496.1
85769.2
35385.7
18756.7
22911
25007.5
-72170.1
-47713.4
-35555.5
-50125.4
210451
128640
121917
162505
102836
64877.8
53518.8
64253.4
-58315.8
-38764.3
-35385
-60838.1
124040
75505.6
66226.2
73024.3
26293.1
16417.6
17784.4
29796.8
-79464.7
-48022.4
-44013.9
-48187.2
198123
125458
112591
161582
78957
48851.9
39789.6
42860.6
-83695.3
-54569.6
-48929
-78569.5
103421
63597.9
52886.6
58474.2
15381
7407.65
14236.9
29354.8
-101698
-63597.9
-54430.3
-64133.9
195470
121550
111652
155056
102684
59738.5
53018.9
44972
-98737.6
-62233.2
-61383.9
-94753
124538
73734.3
64494.5
60961.8
18754.6
13724.2
13225
30076.8
-116170
-71550.7
-65412.3
-80748.8
228354
145704
125835
171529
161906
92178.4
84165.5
69506.5
-63553.3
-46178.3
-38878.1
-85749.4
172579
100015
92505.8
85977.1
64133.2
40312.2
36593.5
54108.5
-92866.5
-62907.8
-52666
-79441.3
301737
184244
168965
210597
203797
117718
104561
84237.6
-38994.8
-32005.1
-23705
-64350.3
229592
132867
124881
122762
66921.3
40462.8
38900.1
52337.2
-107595
-70292.8
-61946.1
-93646.4
327336
199604
184227
227493
207788
122870
108809
93486.6
-66345
-41343.1
-41834.6
-72832
214431
131408
116822
129835
51692.3
34243.1
32349.4
50995.8
-127757
-79391.1
-71427.7
-101417
300825
190111
168688
222086
202618
118568
106055
92774.5
-58618.4
-43226.1
-35021.6
-73243.5
220727
131861
121033
134760
58074.7
38347.1
35482.6
65435.7
-149320
-94175.3
-84881.1
-110721
286155
178629
161148
219108
184325
109267
91902
72608.6
-77867.3
-51776.5
-48969.3
-89503.5
208656
126701
111360
125017
47515.5
30191.3
31886.3
57832.8
-206293
-128560
-116333
-154941
277993
175557
154429
206605
200855
118433
101326
76588.1
-100063
-64897.6
-60195.3
-102221
222164
133384
120886
127369
60890.4
39354
40494.6
72314.4
-203527
-126852
-116451
-162285
318619
198698
177630
230896
245042
145737
126489
112261
-113773
-74773.7
-65754.6
-109040
262528
161486
139774
156940
92354.5
62955.1
54905.4
101791
-178846
-112642
-103606
-144111
376841
235184
208717
274963
272809
164042
137650
122673
-161029
-101427
-95236.7
-139760
308675
188312
165512
181794
91460.7
61820.2
55309.9
100271
-204093
-124947
-119987
-165243
415859
261197
228467
294848
262525
155143
135660
116074
-206282
-133232
-118911
-181726
316988
194603
171736
195027
81069.1
53460.1
51736.9
96157.3
-206395
-132038
-117378
-174464
423700
264458
234086
301119
259318
156773
129060
111006
-231688
-148569
-132993
-199408
347038
214530
184220
209606
90269.3
62257.9
54582.3
107736
-211615
-129929
-127617
-176581
417569
262699
227177
295375
259452
152711
133190
109267
-257381
-165345
-146486
-218106
362959
221847
195526
219926
108293
67877.3
70367.7
122332
-213649
-136757
-123824
-187559
443295
273582
243856
302302
260505
152838
134326
107455
-283471
-180585
-162805
-234513
383962
234761
207155
228567
103032
67242.3
67951.5
124022
-222684
-140682
-131300
-197209
464376
287800
254701
312120
270337
159192
139709
113901
-280476
-179322
-159157
-233278
417931
257384
226189
255436
105948
71947.4
67863.9
132357
-213999
-139011
-124341
-194886
483824
298545
266163
323913
310568
184836
161135
139210
-254024
-163175
-145781
-214335
477960
291480
261769
297295
94574.1
63783.2
60765.9
119876
-214019
-136947
-124980
-192526
500480
310197
273124
330983
324312
196397
168854
161510
-255652
-161355
-148136
-211107
488217
303288
267243
319175
76749.4
51606.1
52833.6
108961
-189807
-119557
-112871
-173641
493343
305692
268719
326502
340555
204184
179179
168424
-231936
-151399
-131962
-203635
535423
331156
292358
347926
82461.4
57097.5
54108.5
112673
-160479
-104745
-96778.9
-157280
500868
309671
269712
318610
345873
206945
181676
175710
-220685
-144144
-126434
-190280
552790
339790
304677
365963
89969.4
56736.1
63175.7
123295
-165871
-107806
-97751.9
-159233
510632
312108
277397
321318
334060
198591
175394
162514
-245384
-155387
-143651
-209601
560333
344651
307942
367168
76431.9
50949.9
55962.6
119349
-181373
-114988
-109572
-171754
511094
313966
277655
316328
328812
196048
171860
158400
-268897
-173197
-153644
-228635
569869
351280
313499
375877
63016.6
44253.6
46370.6
112482
-215791
-137925
-126200
-193484
519477
317964
283485
328609
356863
214852
183011
167835
-274501
-174823
-162876
-241396
615242
376877
337873
401380
39898.5
29707.7
29252.3
83802.1
-242929
-153034
-144104
-214739
530602
326669
284881
326502
383217
231286
198921
192657
-263163
-166780
-157103
-234936
637680
395321
350052
426600
27696.7
19325.9
25455.1
71049.4
-217230
-138669
-129447
-203506
539641
331219
291074
331695
395353
238385
205031
192586
-258118
-167450
-151289
-238233
680149
420823
372981
450971
20651.8
16868.7
20373.9
64921.6
-207803
-131516
-126628
-198289
533967
328820
286164
322483
399616
239543
208519
197976
-273828
-175299
-161690
-248194
691669
427315
381384
466508
18041.1
13510
20730.2
70521.9
-219074
-139011
-130043
-204309
540433
331309
292002
328839
-7361.69
-3146.63
-4254.66
-2107.18
-12036.4
-5323.1
-6528.72
-3662.11
-6987.63
-3596.35
-4902.37
-3099.96
5322.39
5052.28
3882.02
8636.6
-23293.5
-12829
-15944.6
-15944.6
22085.8
12285.3
14644.9
17189.1
1033.08
2534.98
2561.85
13131
-5271.48
-1752.21
660.438
10610.1
8063.14
4367.8
5174.61
5769.99
21545.5
15866.8
13606.1
26568.8
-17174.2
-11023.8
-10706.3
-13557.4
45403.3
28586.9
30076.8
46500
15603
11762.7
7796.56
20936.7
-17147.3
-6674.38
-10128.6
-1431.89
20913.4
13047.5
11084.6
16211.8
22831.8
15446
12621.1
23789.9
-8174.15
-4929.95
-9687.36
-21218.2
42328.8
29338.6
24270.7
43996.9
28440.5
17662.8
19696.5
28528.2
-20248
-12080.2
-6383.76
1052.88
7897.68
5430.58
6081.12
10852
27374.2
17565.2
18020.6
26063.2
964.494
-2068.29
-3762.52
-20504
44763.4
24946
31390.6
43705.6
3329.06
5889.49
4975.91
29716.9
-47316.8
-22822.6
-24831.5
-7310.07
19430.6
11165.9
11050.7
18907.3
16053.4
14469.5
10928.3
33642
-15105.9
-10005.6
-15413.5
-35853.1
30240.8
23758.8
20982
51335.2
16501.8
11601.5
12816.3
33555
-34673
-18414.5
-17365.8
-3713.02
38871.1
24442.6
21689.8
33511.2
23495.7
15082.6
15821.5
31846.7
9123.09
2259.91
-2108.59
-28541
52497
33788.4
32753.9
60355.1
23460.4
18681.1
12245
33929.8
-31590.7
-18732.7
-12203.2
1855.45
32629.4
21328.5
22346.7
36178.4
38646.2
27425.1
20636.9
39716.1
7768.28
588.313
-315.37
-33618
83161.4
54399.1
49271.2
77025.1
28425.7
20825
15212
34125
-13085.7
-4531.14
-3349.56
24018.3
66888.1
44412
39447.4
67016
48873.8
32975.9
24803.2
41094.2
25039.4
14299.1
6484.88
-16185.7
119560
78005.2
69189.7
114433
35259.2
22339.6
20499
32979.5
-23246.1
-14410.1
-4468.21
16849.6
72498.2
45785.2
47500.6
79875.5
32874.8
18843.7
18710
21559
20166
8775.2
5460.99
-20665.2
101352
63745.7
63931.6
99683
43133.5
32287.2
21503.1
40039.9
-33388.9
-17077.3
-11499.7
18051
52450.4
38916.3
35511.6
77740.7
23287.9
18256.1
9517.66
16798
8154.36
4152.13
-3285.22
-31165
87208.2
58501.8
54403.4
98141.5
53736.6
32374.9
30038.6
39335.6
-34452.4
-18132.3
-12404.8
20533
81161
51814
51698.7
94251.7
31761.8
18975.2
14268
12365.2
17899
7781.71
3408.25
-28671.8
87973.3
58880.8
52416.4
98926.4
62148.3
34837
37326.8
44529.3
-20638.3
-13098.4
-1238.14
31116.2
105782
69579.3
67485.6
122940
38503.4
18348
20966.4
8958.34
58540
29352
29074.8
2447.3
112693
70772.2
66424.9
106077
60695.9
35720.9
33523.2
41145.8
-6850.45
1342.09
854.185
39079
109213
71830.7
69415.3
128778
70126.6
42672.5
33847.1
26107.8
56442.7
32290
27724.2
9444.12
150662
96414
86441
129980
50063.2
31072.4
27134.5
32759.6
21842.5
20090.3
18741.2
66279.9
133458
88063.8
81211.2
143532
102215
63941.5
49967.7
45902.5
65269.5
39798.1
31407.6
21087.3
180054
116808
103075
157270
51193.1
30696.2
26874.3
30474.2
21829.8
19727.6
19415.7
65162
145566
93401
92376.4
159151
109123
64537.6
56051.6
44957.1
49204.7
28283.6
24934
13480.3
167810
108226
97974.6
147693
50879.2
31833.2
26321.3
28356.4
36608.3
29652.5
27296.4
80020.4
133056
90168.1
83295.1
156795
125160
77968.4
61858.4
54155.9
26112
15934.7
10794.7
-871.156
165564
107112
95960
147677
47053.7
25443.1
27135.9
25767.7
56159.1
42645.6
38554.3
97546.8
167508
106367
103486
176808
160049
96210.4
83516.4
79782.9
25089.6
15029.6
9891.01
-3056.12
176876
114431
103273
162695
46068.7
22728.5
26380
19260.9
88089.2
58968.5
55973.2
116297
178116
115782
109485
191601
172882
100276
89643.5
78131.8
41805.6
25470.7
18239.1
10225.5
174033
109353
100741
155182
32792.8
18717.8
17368
8587.81
50110.5
40003.9
35130.5
96933.7
165006
109248
104869
184961
161741
96648.1
82508.8
67309.5
44926
26392.8
21805.8
8481.04
148775
95745.1
89105.4
136781
36525.6
20054.3
19156.2
8299.31
23640
20895.7
22624.6
79892.5
186493
121615
115835
201329
175116
104248
88845.1
75030.4
57109.5
33453.2
27737.7
18737.6
141981
90898.6
85139.2
136227
66382.5
36604.1
37484.4
31843.1
8321.23
10453.2
14709.2
68877.9
210550
135728
133406
228610
201242
116048
108390
93111.8
59003.8
32966
31248.5
21699
132011
83320.5
82311.5
132160
74051.8
43477.2
42953.9
42021.2
-17042.7
-2331.33
544.472
62563.4
212983
141624
134117
242281
223211
134976
117178
114988
55512.1
34260
27399
24038.8
112065
72891.4
71090.4
127951
81612.9
48545
43049.4
44118.5
-44118.5
-19663.2
-16164.5
38076.3
239463
155335
148408
258329
241922
143983
127394
124814
66451.1
38975.7
33871.1
26334.8
94960.2
64567.3
59018
117853
82909.7
50252.7
44097.3
42888.1
-75267.3
-37475.2
-32150
21442.3
239841
161502
150110
273519
250819
149975
133211
131704
81484.9
49069.7
44419
42939.8
71487.1
51203
47056.5
104580
64268.9
37924.3
34776.9
36827.5
-84887.5
-45536.3
-36219.4
10872.5
239170
159691
151025
279355
244118
147693
129584
133339
86007.5
52755.8
48005.5
57610.1
75874
51638.6
51238.4
107326
33533.1
19753.7
16296.7
12739.2
-78933.6
-43118.7
-30204.1
21565.3
255000
167919
159107
287337
225522
136757
119396
124359
86330.7
53461.5
47082
59540.5
74927.2
51893.9
50534.8
110121
33969.4
19523.2
16223.9
13356.5
-76911.3
-37993.6
-32418.7
22125.4
278565
182489
173116
306843
211240
126131
112688
112923
81443.1
51333.8
44090.9
56823.1
53940.9
40930.2
37492.2
95866
36886.9
22628.8
17342.5
13896.8
-51941.9
-23965.3
-15469.4
49612.7
288478
191412
179824
322024
218191
132459
115960
121709
85161.1
54558.2
46494.4
64357.3
47495.7
34766.3
35532.1
91421.1
26319.2
15131.4
11280.5
2265.57
-37869.8
-15892.2
-6381.64
54602.1
318675
207063
195428
335232
192897
116820
102900
106468
95800.2
59920.9
52006.3
60447.7
44415.5
34844.1
31951.3
86893.5
47472.3
26102.8
23894.6
12208.9
4438.51
10588.2
18117.5
89504.2
355255
232461
216885
365659
199773
118208
108539
108397
147697
89789.1
84497.1
100944
69181.9
48918.4
43756.5
96059
46139.4
27432.9
22924.4
14722.7
22168.5
23193.8
26913.2
110099
348493
228951
214800
374429
212650
130878
113264
122784
171352
106932
96402
126007
98242.6
65470.3
63542.7
118338
37617.4
22170.6
16947.9
7533.52
24876
25431.8
28865.5
119644
350687
230250
214711
377323
223370
137249
118233
130042
175415
110359
96841.1
129676
107823
72203.4
69040.5
132679
33419.3
19254.5
14553.7
3500.89
11870.2
18212.9
20891.5
108421
345589
227056
214637
380791
219913
134243
116122
122842
165048
103751
91694.1
121260
94197.9
64901.1
60584.9
121405
24569.1
16479.1
9202.29
592.555
12382.1
18727
21543.4
112115
321019
216579
199659
374109
223246
138711
117810
128263
158311
101134
85803.9
115268
92720.8
63307.3
61007.8
123295
24310.3
12321.3
9360.68
-6635.49
5724.03
13608.3
19070.7
106011
332324
217169
208150
373906
229029
139513
122024
131419
162933
101433
88565.8
106442
82467
57955.2
54840.4
118090
38353.5
20073.3
17870.7
-902.975
31138.2
27961.1
34014.7
124114
339849
225875
213941
391998
246372
147627
133367
137808
205171
125644
113491
135641
106183
70077.8
68481.9
129308
-12490.3
-8635.9
-4099.81
-7713.83
-2689.83
271.529
-1037.33
2464.97
-20682.2
-15438.3
-6966.42
-8994.4
-28721.3
-16156
-13937.1
-10876.7
-8142.33
-6940.25
86.267
-395.98
-2917.52
-6025.96
4087.78
461.034
-10089.7
-9666.86
-863.377
4584.88
7545.54
6525.89
3540.48
12884.2
-52557.1
-33365.5
-24864.7
-19149.2
-33383.9
-20301
-18427.9
-17862.2
6626.3
4202.34
5376.13
18866.3
1468.66
-1019.65
4215.06
14793.4
-18159.2
-13731.3
-7458.56
-5987.07
8816.91
7787.37
4314.06
8285.17
-100414
-63394.2
-54594.3
-60698
-63631.1
-37692.3
-35164.4
-35641.7
8007.28
3870
8319.82
22370
-7668.57
-8573.67
731.148
5080.56
-42449
-25982.6
-24095.4
-27209.5
29814.5
20084.7
15928.3
22674.1
-120787
-72786.7
-68449.4
-78137.4
-73416.8
-42222.1
-43295.4
-47427.8
-5774.23
-1115.11
-770.746
18005.8
-39972.7
-23500
-21121.3
-19246.7
-66413.6
-41543.9
-36692.5
-43198.6
47032.5
32538.9
25716.8
39032.3
-119503
-76299.7
-65611
-80540.9
-86822.8
-49563.2
-49935.9
-52692.2
-27604.7
-13623.8
-10574.8
9958.89
-54129.7
-34698.4
-25761.3
-23803.3
-85885.9
-56581.3
-44378
-60098.4
55338.9
36652.9
31461.3
45529.2
-170157
-107850
-91824.9
-118333
-101899
-60821.1
-56470.3
-68119.1
-32148.6
-17514.3
-9891.01
11473.5
-60080
-38922.7
-27898.9
-29335
-98084.2
-60749
-53047.2
-68433.8
74800.6
49382.9
39363.9
58406.3
-185124
-111848
-104340
-129772
-105576
-66306.1
-54665.7
-65026.2
-47319.6
-23642.8
-21981.8
4328.2
-58032.3
-32092.7
-30732.3
-28197.3
-97480.3
-64396.2
-47328.8
-57171
59438.7
37657
34185.1
49120.6
-218700
-134976
-118978
-145207
-104750
-66975.7
-52973.6
-64915.2
-55184.7
-29572.6
-24780.6
2139
-43760.7
-26358.1
-17240
-5417.15
-100096
-64372.9
-50413.2
-56330.2
83431.5
52241
46053.2
56886.7
-238474
-144642
-134562
-165158
-97993
-63201.2
-46625.2
-50482.5
-36939.3
-17578.7
-14813.9
19167.5
-11500.4
-6138.39
1412.8
18996.4
-127754
-79150
-66978.6
-72414.1
110246
68448.6
60877.7
77622.6
-224660
-135342
-128704
-158139
-83068.8
-50831.8
-38651.9
-28563.6
-52311.8
-24830.8
-23896
16918.9
-25052.8
-9424.32
-8473.26
21853.8
-170633
-106951
-89652.7
-100625
123378
75084.1
68917.5
84217.8
-200747
-126346
-113211
-149617
-82974
-48784
-38732.5
-18331.7
-90518.9
-51307.7
-41092.1
-7988.19
-52811.7
-30460
-20045.8
9907.98
-196840
-124604
-100968
-115290
115613
71063.5
64656.4
80815.9
-234674
-147808
-131861
-178412
-100035
-59351
-45867.2
-26507.3
-103943
-59266.9
-46756.7
-13271.7
-66237.5
-38581.9
-26959.9
403.758
-210317
-126461
-114258
-123450
118992
75058.7
64266.8
87795.8
-213705
-135206
-120810
-165614
-125043
-71533
-61860.5
-35612.7
-92014.4
-49404.1
-45223.7
-12679.1
-46565.1
-24415
-18910.2
9983.64
-170878
-106481
-88157.8
-97459.8
114821
72047.8
60550.3
74015.7
-202984
-129560
-111137
-155150
-108108
-61813.9
-54685.5
-39627.7
-46036.2
-24768.5
-17150.2
15845.6
16265.6
13197.4
17552.5
55045.4
-180005
-108126
-96004.6
-96563.2
75586.9
50411.1
35859.5
46073.7
-220332
-137799
-123302
-159674
-112769
-63248.6
-55984.5
-30684.2
-44962.1
-22178.4
-16894.2
23478.1
25151.1
20329.3
23033.3
71481.4
-167157
-103783
-86960.7
-91745.7
53830.6
31005.9
27844.5
21242.9
-211882
-133114
-118509
-157357
-117045
-69483.1
-55194.6
-32342.4
-48445.3
-24400.8
-19324.5
19192.3
25681.4
20115.8
23343
69281.6
-186580
-113436
-97474.7
-99306.8
26256.3
16914
10798.2
1372.49
-200561
-127904
-113097
-153398
-145373
-81352.6
-72791
-43620
-78517.1
-41689.6
-36993.7
-220.617
17776
15711.9
19499.2
67883
-190497
-115003
-97936.4
-93933.5
27854.4
17637.4
13171.3
7144.61
-217561
-135912
-122704
-163374
-142639
-79149.3
-71127.2
-39898.5
-79161.3
-41855.8
-36732.1
-2171.52
45455.7
35324.2
33717
90163.2
-169510
-101011
-86369.6
-74362.2
17967.6
10144.9
7171.48
4912.98
-215657
-135562
-119176
-157538
-146244
-83268.2
-72355.4
-37871.2
-77419.7
-42987.8
-35644.5
-10266.5
58363.9
41929.3
41341.7
98483
-146407
-87576.6
-72674.3
-56443.4
-19496.3
-11424.7
-15990.5
-28321
-248156
-153683
-136762
-169822
-138372
-76139.1
-73428.1
-49162.3
-60696.6
-32636.5
-26406.9
3524.93
72631.2
49799.4
50294.4
109995
-112140
-64033.5
-54285.3
-26306.5
-28794.8
-16615.6
-23195.2
-39215.4
-259560
-159939
-142493
-171939
-113341
-60109.7
-59260.5
-28786.3
-28951.1
-13748.3
-6177.99
32831.7
92604.8
62702
61256
125263
-76164.6
-42190.9
-34825
-5139.96
-21620.5
-14992.8
-18062.3
-44496.8
-225349
-137356
-125667
-150881
-79396.8
-41403.2
-40230.1
-10941.1
-14857.7
-2279.01
280.721
48199.9
98798.4
69018.6
62458
128474
-53310.2
-29192.9
-19422.1
14222
-15321.6
-11375.2
-14502.1
-44630.5
-179144
-114015
-96044.2
-121451
-59152.3
-28466
-28884.6
2234.46
-23183.9
-9335.22
-1745.14
45587.2
99527.4
66980.7
65874.1
131504
-40088.7
-20751.5
-10070.6
30921.8
-30332.1
-20693.5
-21832.6
-52021.8
-208279
-129681
-111580
-134807
-48742.3
-21587.3
-22963.3
6959.34
-32621
-14249.6
-6393.66
41394.7
110335
74687.4
70993.5
137856
-26081.6
-12189.8
-1016.82
46920.8
-18809
-17171.4
-13391.2
-42374.1
-232280
-143384
-122478
-142066
-34390.1
-22055.4
-7280.37
21952.8
-47791.2
-26896.9
-16596.5
21218.9
112738
77355.4
70899.5
138235
-27696
-12262.6
1067.73
58634.7
-53023.1
-35313.6
-34708.3
-64333.3
-290379
-177742
-153744
-171389
-61450.4
-32610.4
-25112.2
6581.75
-68421.1
-39728.1
-27616.8
4941.26
102712
72028.7
63350.4
131777
-31089.4
-12530.6
-4175.47
58559.8
-57968.6
-39477.1
-38929.1
-78723.6
-330753
-200596
-178683
-198903
-60662.7
-35304.4
-23084.2
11425.4
-68632.5
-40761.9
-30453
-2733.67
84538.9
59362.3
51795.6
107441
-45640.2
-20613.6
-10081.2
55435.1
-38938.2
-29024.6
-25081.1
-61085.5
-333319
-200345
-179160
-193906
-56736.8
-32038.3
-17701.7
24144.9
-88331.8
-51391.1
-41350.2
-13051.1
47980.7
38271.4
31406.9
84179.6
-39094.5
-18126.7
-7047.03
59914.6
11652.4
891.662
4893.18
-25575.3
-304643
-185422
-162359
-172347
-23989.3
-11688.5
-1059.25
47271.5
-107008
-66033.9
-51005
-31078.8
41045.4
29767.8
30102.9
76962.2
-37955.4
-17619
-5880.3
60647.1
35688.4
15216.2
18464.7
-3784.44
-337108
-207834
-179138
-198250
-26072.4
-11149.7
-3134.6
50098.5
-126661
-78089.3
-62844.1
-51850
43882.3
30067.6
29826.5
68735.7
-35805.8
-13497.3
-5085.51
60652.8
68708.9
40562.5
32985.8
23362.8
-331066
-202253
-175350
-191086
-35996
-18700.9
-6616.4
45942.8
-127173
-76590.3
-63495.4
-54156.6
80682.3
53151.8
49819.9
84454
-26001
-11478.5
7181.38
83606.9
70118.1
40582.3
34899.3
22712.3
-344140
-211172
-178301
-185429
-37605.4
-20132
-6865.3
41028.5
-123984
-74699.5
-59718.7
-43415.6
117494
73476.9
75082.7
122095
-42355
-20239.5
-5566.34
71766.4
82018
46338.1
38970.8
20060.6
-372167
-228565
-197272
-207948
-57784.1
-33382.5
-18827.4
30974.1
-136725
-82443
-69636.6
-51176.9
141165
87218.8
86323.6
133858
-68039.9
-32134.5
-19193.7
62062.8
98649.9
56290.6
50541.9
35023
-366506
-220666
-195534
-199512
-76064.2
-42370.5
-27693.8
24447.5
-167630
-97687.5
-86112.2
-66366.2
139782
92495.9
83579.3
139567
-95095.3
-47439.8
-35242.9
47387.5
109838
63842.5
56818.9
41049
-332078
-201926
-177434
-181011
-97777.3
-53439.6
-40684.1
14762.3
-197123
-115596
-102854
-87713.8
141882
91156.7
86522.3
143204
-108744
-58614.2
-40023.7
39502.5
113242
65917.2
58988.3
46947.6
-351419
-214163
-187561
-198157
-109768
-60842.3
-46267.4
8106.27
-198013
-117534
-101501
-87590.7
154117
98099.8
93274.5
149252
-21553.3
-13160
-12991
-19340.8
-16928.1
-10583.3
-7633.92
-5771.41
-17102.1
-6439.62
-13705.9
-10948.1
-37258.9
-20644.7
-21488.3
-23807.6
-36384.9
-24719
-16851.1
-16944.4
-4785.7
-1851.21
-6428.31
-9594.02
-18365
-13686.8
-9405.23
-16770.5
-31783.7
-17864.3
-17660
-15823.6
-10792.6
-6392.95
-5781.31
-8768.83
-36800
-21640.3
-20986.2
-24265.1
-63049.2
-38200
-33304.7
-37824.6
10595.3
5214.91
4317.59
-4014.25
-11416.9
-6861.76
-9494.32
-16308.7
-24212
-15552.8
-12138.9
-12191.2
47051.6
33623.6
19330.2
28067.9
-31300.8
-18068.7
-15980.6
-17110.6
-51116
-31720.8
-24883.1
-21748.5
35269.8
20104.5
18579.9
12873.6
-25912.6
-16692
-16222.4
-23997.8
-14530.3
-10338.6
-6479.22
-6293.96
54447.9
32507.1
29977.8
35044.2
-22169.9
-11277.6
-11354.7
-5586.14
-77851
-50536.9
-36189.7
-32413.8
39093.1
22659.2
19267.2
16146.8
-27253.3
-17472.6
-16755.6
-24598.1
-5010.56
-1404.31
-1752.92
3159.35
82076.7
50993.7
44206.2
57084.7
-68.5894
1240.27
3661.4
19441.9
-85497.7
-51841.5
-40550.5
-31054.7
40331.2
22648.6
21832.6
18732
-30515.2
-20231.7
-18851.5
-32180.4
11057.7
8338.2
7829.79
16276.9
110166
68348.9
59891.2
72798.1
-12483.3
-6091.72
-3171.37
12043.4
-86211.2
-49701.8
-41884.1
-28723.4
45442.9
24197.2
27447.8
21435.9
-8530.54
-8570.84
-5038.14
-20850.5
19464.5
11513.8
16213.3
31756.9
122539
76472.9
63331.3
76999
-9679.58
-4525.48
-1942.42
10161.8
-68153.1
-42711.4
-27457.7
-4046.07
65109.7
38318.8
34949.5
34738
12076
2607.1
9167.64
310.42
52.3259
1074.8
4296.38
22731.4
104766
61683.8
58482
62393
6731.66
4427.9
6774.08
21305.8
-89870.4
-51660.5
-41785.8
-19030.4
78420.3
45367.3
46497.2
52904.3
19132.9
13033.4
9869.8
9321.08
-28135.8
-14994.9
-12983.2
2242.94
115712
72859.6
56451.9
63641
31341.8
20537.9
20157.5
31672.7
-65255.3
-38697.1
-27579.3
-2128.39
83867.8
51601.1
49597.9
63858.8
19769.3
13904.5
14058.7
24104.6
-40962.7
-24899.4
-17631
-6114.35
87239.3
50216.6
47989.2
42590.5
61240.4
40339.7
37304.1
58320.8
-76646.8
-48376.7
-29212
-4572.15
92735.6
56900.2
57519.6
82411.9
14595.4
9964.55
10050.1
24709.1
-44392.9
-25242.3
-22430.1
-12988.1
85161.1
49144.6
42244.7
36331.9
96903.3
60170.5
56934.1
86032.3
-82431
-47299.8
-35789.5
-4403.15
69547.5
43835
42796.2
72952.9
8831.76
8577.21
3156.52
14455.4
-57318.8
-31030
-33886
-27398.3
65994.3
38043.8
30160.9
15586
102040
64957.7
56131.6
80777.1
-79836.6
-42569.2
-37865.6
-7563.21
64852.3
42590.5
40914.6
70340.2
14840.1
10612.3
7544.12
10029.6
-43146.9
-23270.2
-21759.1
-14098.3
44505.3
30355.4
14417.9
-680.237
95896.4
61246.8
52087.6
67767.7
-82396.3
-46540.4
-37074.3
-2617
89883.2
60874.8
49694.1
81924
15980.6
9485.13
11897.8
19267.2
-47094
-24584
-24180.2
-9947.58
12525.7
6744.38
4084.25
-13730.6
103008
64620.4
56635.7
74850.1
-109838
-61015.5
-52592.5
-21382.9
108762
70705.7
64535.5
102567
4685.29
1907.07
5028.94
9439.17
-53355.4
-30469.2
-23823.1
-9520.49
-3709.48
-2528.61
-9440.58
-26629.6
100696
59940
57014.7
66646.2
-122182
-72134.8
-56449
-25190
114368
70729.8
69069.5
104655
-234.052
2532.15
2083.84
10517.5
-48643.3
-23873.3
-22370.7
-2316.48
-30503.9
-20680.8
-19630
-46212.3
114860
72781.8
62593.8
76262.9
-144001
-85395.2
-68278.9
-40564.6
126290
82189.1
73419.6
112545
-18970.3
-9655.54
-9239.06
3095.71
-34529.4
-14751.7
-15340
12032.1
-60349.4
-37162
-41498.7
-64522.8
129070
81462.2
70167.6
91296.7
-167948
-96780.3
-82701.1
-50614
110150
72271.3
64606.2
107744
-34626.3
-21650.2
-18251.1
-14800.5
-31021.5
-14603.9
-12853.1
16493.3
-83471.8
-56939.8
-49530.7
-85506.9
116361
70527.5
63921.7
79570.7
-183297
-107359
-91107.2
-62282.7
108665
68023.7
65623.8
104640
-49962.8
-29803.1
-29866.8
-34441
-55075.1
-32603.3
-22587.1
228.395
-141040
-87187.7
-87772.5
-132970
74457.6
45940
39336.4
47248.2
-198557
-117943
-98425
-64410.4
107820
70254.6
60574.3
96416.1
-54586.5
-35056.2
-31369.4
-44578.8
-77582.3
-44804.4
-38556.4
-20274.2
-180024
-113756
-106412
-165208
51204.4
31272.5
23715.7
22059.6
-224463
-129189
-117878
-92433
107654
69589.2
61272.2
92920.2
-60022.8
-37337.4
-37519.1
-55804.9
-98908
-59354.5
-48950.2
-37731.9
-189807
-118529
-116149
-174616
26798.6
14216.4
13213
1851.21
-215931
-127959
-110360
-85448.9
109302
68699.7
63647.4
91761.2
-52005.6
-32244.8
-31610.5
-52576.2
-106656
-63880
-52856.9
-44016.7
-208382
-133916
-120512
-192209
25063.4
15238.9
10737.4
-1298.96
-221813
-133196
-112580
-95528.7
122660
78117.6
70031.9
98968.8
-46739.8
-31850.2
-28985.7
-49955
-91444.5
-54237.2
-45839.6
-36307.8
-198445
-127934
-117606
-183114
41548.2
23336.6
20205.6
12239.3
-211185
-124205
-108293
-87850.2
126763
80609.5
71338.6
101418
-52289.1
-35163.7
-33738.9
-61265.1
-95004
-56212.2
-48847.6
-40672.8
-220008
-141317
-128464
-198146
23948.3
11320.8
11919
1022.48
-195444
-112613
-101509
-76502.6
120800
75509.8
70720.6
99727.5
-42431.4
-29851.2
-28199.4
-62475
-80639.2
-51129.5
-35279
-24831.5
-219999
-137022
-134163
-202998
-9988.59
-9682.41
-6223.25
-26674.9
-212881
-127433
-105863
-82387.8
132475
83650.7
75594.7
104993
-24473
-18401
-20279.8
-50427.3
-70167.6
-40116.3
-36669.1
-18128.1
-199979
-127129
-122117
-194676
876.812
-1055
-7201.88
-25965.7
-236123
-136359
-125033
-103174
163915
105613
90116.5
129023
-24438.3
-18285.8
-23400.3
-62443.9
-62791.8
-39246.5
-30687
-21353.2
-168013
-106818
-110130
-183691
2807.21
-4030.51
-811.051
-33321.7
-248460
-146909
-128569
-109394
166717
105140
95693.5
133237
-21544.8
-15786.2
-20624.2
-62205.6
-44223.2
-28113.9
-21161.6
-15204.2
-159395
-106024
-101845
-189452
8772.37
3831.81
-1821.51
-27623.8
-282611
-169598
-147341
-135286
173147
110147
98108.2
138488
-21930.2
-17455.6
-22644.4
-67235.2
-4791.36
-2471.34
-689.429
3546.14
-131214
-87768.9
-89533.2
-175976
37859.2
18632.3
16525.1
-8422.35
-298159
-178113
-155730
-148685
167009
107745
93669
135525
-448.306
-3843.13
-14738.2
-63939.4
47200.1
31552.5
25072.6
41499.4
-96443
-65809
-71603.8
-158838
40826.9
21464.2
14818.1
-11167.3
-295400
-173839
-158548
-150363
195307
124394
111414
157191
-5317.44
-10417.8
-16273.4
-78148.7
42502.1
26339.7
25421.9
42260.2
-113666
-77339.1
-81288.3
-173818
4750.34
-936.916
-5969.4
-39961.4
-307807
-186310
-161367
-156003
208179
131316
115818
163964
-11955.8
-17476.9
-18266
-87660.7
19342.9
12080.2
10528.8
20112.2
-139584
-96587.3
-91691.2
-196564
-14524.7
-14910.1
-18071.5
-64080.8
-329026
-196573
-175502
-176234
203187
126920
114766
158178
-13408.2
-15777.7
-21482.6
-93678.2
1506.14
572.756
2404.87
5217.74
-120685
-81756.4
-85233.2
-183436
-27264.6
-23824.5
-22440
-77732.2
-317049
-191697
-167377
-167099
207634
128932
119144
161626
-22560.2
-21106.4
-24770
-94512.6
1574.02
1169.55
1213.4
5250.97
-133738
-94106
-86353.3
-190003
-27828.2
-22109.1
-24753.7
-76241
-321140
-196349
-168058
-171768
206535
129877
117153
164301
-24225.5
-24172.4
-26561.1
-98364.2
17067.4
11074.7
8799.24
11356.1
-114662
-81232.4
-78406.1
-174828
-12373.7
-15395.1
-15501.2
-66692.2
-313304
-188036
-165643
-164133
204348
129328
114435
159909
-22469
-22975.3
-26773.2
-105065
21229.5
14466.7
10444.7
12339.7
-107268
-76453.8
-72638.3
-171053
-25349.1
-24258.7
-21711.7
-79108.3
-306884
-182145
-164040
-163410
214312
133017
124454
168607
16793.8
8274.56
12722.3
15373.9
3970.4
-868.327
3709.48
-1185.11
12760.4
6310.22
8900.35
13685.3
30531.5
19250.3
14366.3
13680.4
8483.87
2824.18
5902.22
-1612.91
14678.8
6926.82
10253.8
9505.64
22522.8
14558.6
11751.4
19751.6
-13009.4
-8092.13
-9755.25
-12377.2
17719.4
11701.2
6887.93
9748.17
38214.9
25187.9
15533.7
14814.6
-11914.7
-7457.86
-9420.08
-18321.1
19705.7
15802.4
6042.23
13611.8
21375.8
12003.8
15241
24392.4
-27652.1
-17529.2
-17613.3
-26447.2
15845.6
8371.44
9804.74
14015.6
59054
36623.9
27745.5
26887.7
-30116.4
-22136.7
-16571.8
-36218.7
10265.1
5605.24
6629.13
8423.76
18887.5
10902.2
15233.2
22797.1
-43050.1
-27996.5
-26910.4
-44610
6727.41
3412.5
2858.13
-1151.88
65154.2
38278.5
32895.3
24955.9
-32930
-26979.7
-18565.8
-48132.8
-13244.8
-10848.4
-5464.52
-9566.45
51199.5
34088.2
32312
56075.7
-22913.1
-15709.8
-15950.9
-34105.2
25952.2
17620.4
13692.4
18763.8
104430
64937.2
52982.8
53212.6
-24275
-16243.7
-14764.4
-35705.4
-7665.04
-3344.62
-4596.19
-1785.44
78735.6
50306.4
46755.3
78522.1
-18753.2
-15356.9
-12843.9
-30562.6
62090.3
39470.7
31370.8
42828
138635
85975
69419.5
70142.9
-18178.3
-15586
-11866.7
-35679.2
15400.1
11089.6
4382.65
11325
77211.8
49210.4
46356.5
76472.9
-54086.6
-36938.6
-33498.5
-59138.2
52598.8
31846.7
25837
26980.4
164034
93159.2
87870
75038.9
-46208
-32056.7
-29156.1
-56588.3
13065.2
3867.87
5878.18
-2440.23
70615.2
47444.7
39683.5
65617.4
-84710.7
-54581.6
-51402.4
-82918.9
50451.4
31926.6
22220.1
13841.6
159023
92372.9
83718.6
71337.9
-86506.7
-54820.6
-50578.6
-83370.7
14594
9120.97
2584.48
-10546.5
70142.2
46285.1
41105.5
64623.2
-100721
-63044.2
-62009.7
-97751.9
56707.8
36200.3
25180.1
15475
170722
98922.8
91032.2
78977.5
-113473
-72201.3
-63205.4
-95203.4
32670.5
16232.3
17993.7
5283.5
79701.5
52384.6
47349.3
73632.4
-110792
-68142.5
-68657.2
-104399
72828.5
45877.1
33140.7
21952.1
175784
105483
91943
86153.9
-140943
-88214.4
-79668.3
-109751
20294
11813.6
12044.9
7477.65
88272.4
57114.4
52683
85482.1
-109850
-72083.9
-66734.6
-109857
89217.1
53013.9
44054.9
33121.6
204668
118869
108813
99487.1
-138756
-88952.6
-77134.7
-110671
48650.4
26544.1
25430.4
22152.2
90263.6
59353.8
51233.4
81730.9
-135509
-87288.1
-81689.9
-131027
100498
62597.3
46695.9
35738.6
188399
110575
99392.3
90873.1
-166700
-103203
-95289
-131107
51401
34546.4
21806.5
22086.5
75878.2
50365.8
45082.3
74290.1
-167178
-108421
-95614.3
-152598
76772.7
46213
37192.4
25066.2
180814
107553
94038.1
78492.4
-174912
-107142
-98459
-128838
50982.4
28273
27187.5
18564.4
88507.1
55953.4
48654.6
68119.8
-178335
-116329
-103113
-159898
78860.1
42545.9
40082.3
16199.1
191320
112285
100222
83541.8
-163303
-102844
-92272.5
-126445
88073
51786.4
43962.2
33117.3
82571.7
52173.2
44806.5
60213
-212718
-134186
-122726
-178957
48439.6
26100.7
23520.5
6938.13
184236
109014
94904.3
80805.3
-164362
-102147
-91714.6
-118885
102099
58582.4
55739.1
48220.4
122687
77223.1
64772.4
72453
-202018
-128438
-119991
-183578
48177.3
27501.5
22578.6
-2362.44
181048
109147
89883.9
71748.7
-126560
-79580.6
-72221.1
-101667
132762
80221.3
70682.4
65569.3
136325
88491.6
73032.1
94948.9
-189394
-120189
-110751
-169659
61110.3
36898.2
30862.4
21111.4
199026
117644
101961
80667.4
-118380
-70079.2
-67517.4
-83956.9
170017
103324
90622.8
97162.8
167487
103903
91641.7
111947
-196293
-127048
-112062
-169548
72687
43479.3
39480.6
36672.7
198720
117837
102525
85562.7
-103025
-63619.1
-56948.3
-75338.7
197069
123574
103549
119552
182638
113369
103158
129597
-216317
-136668
-124023
-183311
46449.8
29895.1
25315.1
27763.1
221178
132370
114300
97201.7
-117614
-71519.6
-62243.1
-71279.9
193114
117574
105667
119609
199478
122211
109512
137620
-220107
-139456
-128143
-185295
56659.8
31666.4
30986.8
27157.9
246967
147007
128321
117104
-149921
-91684.2
-83145.2
-95033.7
202808
125918
103384
114949
192655
118819
106995
135020
-232600
-144764
-136150
-196376
45711.6
26647.3
25585.2
25993.2
269801
162170
140766
135660
-196929
-121665
-106473
-126588
204201
123334
108506
111142
219366
131948
124683
148048
-215017
-137999
-126277
-193331
62393
35787.4
34305.3
28685.9
282932
170121
150181
148471
-201793
-128551
-108986
-137947
209596
125315
112994
113095
214806
135754
120454
161434
-218857
-137645
-128749
-193278
54662.9
35602.1
29786.9
37564.3
300245
181335
159117
161578
-236382
-142916
-129157
-149374
200677
122358
104107
108594
232580
142978
131072
169725
-221565
-142756
-128461
-197801
74106.9
44718.1
41567.3
48492
305294
184551
161508
165016
-253076
-157454
-138871
-170633
195900
121347
95854.7
94210
229960
144785
127703
169018
-234131
-149752
-136233
-208232
72334.2
45993.8
39433.2
51574.2
308125
189301
159351
154722
-276023
-167079
-154605
-184890
199987
120383
100592
82617.6
234077
142014
130218
159740
-247646
-162835
-142598
-216395
95499
53337.1
53837
54610.6
322756
193366
172510
163742
-289077
-181632
-158658
-200112
220100
128590
113696
92360.2
223741
138037
121436
150129
-272696
-171760
-162557
-238265
100428
60866.3
53455.2
59671.3
357579
218001
189326
195864
-314197
-193468
-175011
-212083
218038
130077
111009
94290.6
245031
148350
134420
150400
-257398
-169881
-152106
-246366
121506
72067.6
67192.8
67315.9
370643
224720
198453
204316
-304538
-193348
-167072
-219205
225984
129830
119045
92885.5
243050
151243
132395
160625
-265359
-170827
-158077
-251376
128593
77726.6
70399.6
80081.3
400135
243845
215552
227775
-318117
-195058
-177645
-220269
226802
134425
117525
99815.2
262420
159632
144320
167933
-275150
-181756
-159780
-258751
147109
88627.3
82421.1
95107.3
424380
259195
229108
247721
-321545
-200268
-177951
-230165
242919
145216
126269
112452
268474
168236
145816
176333
-283946
-183327
-168069
-268842
154438
100853
79840.1
97241.3
475914
291848
254997
278840
-348353
-212533
-194140
-239811
248977
149236
126953
115746
279848
170992
151960
179941
-305528
-200014
-179184
-283578
193279
116290
104382
111756
500757
302233
271832
297177
-398865
-248284
-220334
-275088
243463
145127
119980
98661.9
267747
166454
144281
173574
-322698
-207018
-190997
-298883
219260
137847
115787
134334
524757
320481
282771
315501
-453574
-279028
-250790
-308934
239684
142404
118911
92116.9
272181
162697
152931
174285
-313777
-207771
-182801
-299465
264377
158091
147746
160979
539854
325179
296898
329862
-470690
-298053
-255608
-327738
241596
138350
123249
86930.3
248654
154722
136466
169545
-326944
-212619
-191440
-305282
273874
170582
149571
181256
542375
329852
294724
331692
-512295
-315832
-282059
-346586
236403
138695
115249
80694.3
249338
152790
137165
163995
-360899
-235068
-209903
-333107
305158
188675
168103
197693
533911
324346
291370
324654
-556596
-346026
-306300
-386120
232720
138744
108909
64394.8
14963.1
12404.8
4277.29
2648.82
2602.15
2802.26
287.792
391.737
27510
20008.3
11325.7
16179.3
13778.7
10168.2
6933.18
6586.7
19287
15736.7
7162.99
10140.6
-8894.7
-878.227
-8476.8
-6714.69
23995.7
14684.5
15933.2
18997.8
-14636.4
-8501.54
-6205.57
-3558.87
46136.6
27436.5
25544.2
29149.1
-4999.95
-2161.63
-118.794
6456.59
14791.3
10308.2
9190.97
12307.9
-46712.9
-26076
-27325.4
-29367.6
6613.57
4763.07
6045.76
12822.7
-41568.7
-26749.8
-19980.7
-20495.5
76587.4
47038.2
39939.5
44355.4
-39338.5
-24145.6
-20759.9
-19057.9
21069
13116.1
12505.9
16913.3
-78256.2
-45616.9
-45271.8
-55076.5
15039.5
9345.83
9856.36
16500.3
-43110.9
-27969.6
-21638.2
-24205.7
91201.2
55181.2
49577.4
52719.1
-57549.3
-35981.1
-31776
-41203.1
8541.14
6060.61
4299.21
8132.44
-92725.7
-57593.1
-53629.8
-73574.5
9770.8
7208.95
6991.16
17602.7
-37340.2
-23583.4
-20021
-21872.2
110998
66839.3
60757.4
71945.3
-42294.9
-26976.8
-22303.6
-30062.6
22110.5
14095.5
12964.8
18710
-87809.9
-53685.7
-50617.5
-68071
-8835.3
-3681.91
-5395.93
1399.36
-38308.9
-25148.3
-21211.1
-24963.7
138509
85005.5
73008.1
84254.6
-38709.1
-22942.1
-24647.6
-33299.1
28960.3
18686.7
14880.4
21020.9
-93478.1
-57511.8
-55731.3
-78741.3
-12363.1
-11371
-1764.94
-6315.88
-56786.3
-39742.2
-26505.9
-38919.2
152802
87775.3
91444.5
101103
-47035.3
-35515.9
-22314.9
-42131.5
17689.7
8218.7
12792.3
14575.6
-109365
-76204.2
-57417.1
-95730.2
9025.51
2704.68
9128.75
12400.5
-76032.4
-47090.5
-39869.5
-41663.4
157620
95553.5
90250.9
115159
-60659.9
-38755.1
-33779.9
-42218.5
3536.95
700.036
4686
8451.34
-126238
-83104.8
-70079.9
-102523
24331.5
20197.1
10535.9
19315.3
-104800
-63334.1
-56697.2
-62562
171022
108511
93929.2
119333
-88479.6
-57010.5
-48308.8
-62340.7
2838.33
2746.4
2286.78
8565.89
-143715
-90070.6
-81729.5
-117634
84063.7
48105.2
50440
54362.4
-100130
-62499
-53013.2
-60420.2
202946
124197
116750
147196
-94794.7
-60186.8
-52835
-68959.9
10664.6
5346.43
7467.75
11824.9
-129843
-85752.3
-71691.4
-108382
85557.8
53301.7
50364.4
68857.4
-110980
-67138.4
-61596.1
-70354.3
199869
124171
114973
154936
-118692
-74497.9
-66618.7
-88075.8
1600.89
1450.98
3140.97
10853.4
-146553
-93234.2
-81612.1
-115882
85355.6
55763.1
49898.4
74327.5
-120619
-73609.8
-65532.5
-76214.1
209782
132469
120339
164683
-135632
-84297
-76677.2
-102141
-3851.61
-602.455
152.028
12741.4
-158357
-99427.7
-87827.6
-121464
128814
85925.5
64767.4
94987.1
-73400.5
-43463
-42628.6
-48531.6
225947
148278
126028
189876
-91446.6
-57903.6
-50009.4
-74493.7
8250.52
10322.3
1305.32
18770.1
-126022
-80096.8
-73679.8
-104046
169394
105988
92166.4
117225
-35275.4
-21181.4
-18620.9
-18258.2
226578
144637
129399
187683
-62768.5
-39637.6
-30952.9
-39573.2
14540.9
9686.66
8119
15686.5
-108201
-70633.6
-63235.9
-97327.6
171578
105039
96738.6
120382
-3581.5
-4304.16
2614.88
7097.23
233067
147120
136647
195391
-37734
-25665.1
-16332
-17368.7
18959.7
10975.7
12781
20424.8
-100763
-67887.2
-55944.9
-90322.3
187499
116151
101263
123491
19618
15093.2
12998.7
29708.4
212845
137915
122837
185851
-17546.1
-10505.5
-5704.94
-4028.39
6523.06
4649.93
1711.2
4415.88
-99068.5
-64281.7
-58457.9
-94931.9
198142
123251
105640
129570
58934.5
37598.3
35595.8
58406.3
216588
139198
124843
190734
31087.9
19388.9
21140.4
35933
12129.7
8496.6
5265.12
8826.81
-81151.8
-53076.1
-49294.5
-81810.1
205229
127976
107960
127146
105539
66332.3
60892.5
91339.1
235610
151147
136198
204929
73812.8
47288.5
43197.9
67259.3
25701.2
17500.9
11898.5
16539.9
-58678.5
-39399.3
-37249
-70477.3
224385
134680
123676
133478
102586
64242.1
61907.2
96071.8
229354
145448
136053
207747
83959
52712.7
52380.3
80239.6
12344
7652.31
4512.05
3858.68
-66391
-48342.1
-37919.3
-71864
244906
150491
136775
160068
75137.9
50784.4
43909.9
78323.4
210434
136560
123251
193947
67148.3
47278.6
41300.7
80964.4
-5790.5
-2776.1
-5293.4
-12749.8
-100206
-64454.2
-60782.2
-95852.6
259734
160531
145377
176497
57161.1
37850
34479.9
61523.2
208973
134594
123672
192141
45921.6
31580.8
30877.9
70902.3
1095.31
-376.181
104.652
-6257.19
-121824
-79700.8
-70999.9
-112912
309655
188431
174495
214902
65106.1
42505.6
38559.9
64661.4
201258
130807
119200
190282
47506.3
33125.1
30203.4
64190.4
173.241
-31.8198
-2667.21
-7425.33
-115866
-76628.5
-70070.7
-115952
312307
193797
175810
225063
73442.2
47227
42992.1
66126.5
204536
131916
121116
192285
47528.2
33605.2
30260.6
64362.3
-5236.13
-3478.97
-3870
-10679.4
-124106
-80662.5
-74115.4
-122763
307673
191681
174107
229640
80391.7
50160
46997.9
71803.9
213796
136342
127981
199283
35025.8
25844.8
22918.7
55642.2
-16498.9
-10514
-10253.8
-16079.6
-133871
-87492.4
-79379.8
-130516
331433
207421
182028
234877
99617.9
62255.1
57163.9
76959.4
225141
147011
134176
216633
72482
45312.1
46657.7
69795.7
-15660.3
-7289.56
-14909.3
-24909.3
-103220
-71410.7
-63161.6
-119478
377226
233543
210602
267373
115269
71765.7
66905
94359.2
225616
146880
135512
222515
99963
63991.7
64723.6
108439
-5521.8
-4933.48
-6293.96
-24466.6
-90328.6
-63075.3
-56343.7
-111309
391206
245214
215096
280101
115232
72235.9
65926.4
92679.1
230005
151508
136467
226987
99598.8
63316.5
64355.2
115373
4589.12
2653.77
-2344.06
-17036.3
-83027.1
-57236.8
-53447.4
-105863
439791
272312
243727
304990
135907
85160.4
79097
108632
220795
146064
133007
224422
113114
72721
72127.7
124319
9627.97
4210.82
409.415
-19010.6
-64875.6
-46446.3
-44052.8
-101096
450788
280716
248726
318135
159714
99102.4
91349.7
124963
225013
147530
135405
231063
134204
86401.4
83150.1
142129
17553.9
9384.01
5308.25
-12047
-43474.3
-33053
-31271.1
-82052.7
428966
268232
235681
300595
173938
107975
97836
131967
228565
150073
137893
232932
137832
90190.1
82987.5
141791
8831.06
4628.72
-941.159
-20443.2
-39964.3
-30303.8
-30556.9
-83677.6
413428
254980
229217
289227
167414
105666
94351.4
133322
237449
153839
144985
247800
152548
100272
89827.3
149743
9640.69
2376.59
-168.999
-24113
-29404.3
-27628.8
-23976.6
-79157.1
389233
240951
214613
269959
141677
91821.4
77887.1
112028
224903
148364
135108
233520
157986
106963
88676.1
152207
14.8492
-3055.41
-5669.58
-36360.1
-37017
-28140
-32491.6
-89756.6
362334
225088
200487
249136
120202
76690
67468.6
93560.8
237292
154172
144784
240226
145721
95867.4
84511.3
140500
7889.19
-509.824
281.428
-32024.2
-38027.5
-32179.7
-29670.2
-94808.2
376258
231669
208676
261615
122972
77571
67124.2
92672
249905
162233
151773
254199
150740
99114.5
85280.6
135928
12175.7
4249.71
282.136
-26921.7
-27439.3
-23830.2
-26577.3
-86113.6
337040
206692
191097
241082
111259
70557.9
61806.8
80691.5
246058
159936
150643
257309
155821
102038
88053.2
134548
6129.2
-959.544
-87.6812
-30944.4
-37148.6
-30689.1
-29863.2
-94767.2
296871
185299
165325
216856
102310
65588.4
55376.4
76402.2
245003
160367
149274
257102
159118
103861
88500.8
131353
-3248.45
-5274.31
-8138.8
-36853.7
-46500
-35665.8
-37036.1
-103762
