-2.21599
-0.750076
-0.905731
-0.555481
0
0.424133
-0.420166
-0.546875
0.317993
0
6.5153
2.13985
2.57932
1.65778
0
-1.76874
-0.482819
-0.57489
-0.486877
0
2.66892
0.755013
0.901291
0.724731
0
-0.567265
-0.116871
-0.135857
-0.17041
0
-2.96116
-0.693367
-0.815598
-0.858276
0
-3.27823
-0.871918
-1.03619
-0.911011
0
4.17261
1.18118
1.4101
1.13275
0
4.4191
1.39682
1.67975
1.1449
0
-3.29663
-1.21536
-1.47455
-0.789001
0
-0.32019
0.119469
0.160233
-0.165817
0
-2.01618
-0.605051
-0.725185
-0.534454
0
0.81218
0.265579
0.320038
0.207092
0
1.01471
0.429758
0.52499
0.221954
0
-4.38086
-1.6311
-1.97998
-1.04248
0
0
0
0
0
0
0
0
0
0
0
0
0
0
0
0
0
0
0
0
0
8.3387e+14
3.61072e+14
4.41527e+14
1.79429e+14
0
-3.34689e+14
4.9757e+13
7.15116e+13
-1.45118e+14
0
-2.06995e+15
-9.09756e+14
-1.11321e+15
-4.40355e+14
0
1.29147e+15
5.16373e+14
6.29084e+14
2.93983e+14
0
7.6267e+14
3.10703e+14
3.78863e+14
1.71446e+14
0
1.42631e+13
1.2656e+14
1.61357e+14
-4.21342e+13
0
-1.88282e+15
-7.77471e+14
-9.48636e+14
-4.19333e+14
0
1.13721e+15
4.34213e+14
5.27775e+14
2.66559e+14
0
1.07223e+15
3.5318e+14
4.25788e+14
2.72438e+14
0
1.2996e+15
5.1776e+14
6.30663e+14
2.96533e+14
0
-2.76918e+15
-9.22186e+14
-1.1125e+15
-6.99834e+14
0
1.30746e+15
4.12629e+14
4.96159e+14
3.38978e+14
0
4.72404e+14
1.99356e+14
2.43491e+14
1.03603e+14
0
-6.70653e+13
6.44454e+13
8.39279e+13
-4.95339e+13
0
-1.18987e+15
-5.05834e+14
-6.18031e+14
-2.59557e+14
0
7.12319e+14
2.80726e+14
3.41759e+14
1.63681e+14
0
0
0
0
0
0
0
0
0
0
0
0
0
0
0
0
0
0
0
0
0
1.17927e+15
5.10633e+14
6.24413e+14
2.53752e+14
0
-4.73322e+14
7.0367e+13
1.01133e+14
-2.05228e+14
0
-2.92736e+15
-1.28659e+15
-1.57431e+15
-6.22756e+14
0
1.82642e+15
7.30261e+14
8.89659e+14
4.15754e+14
0
1.07858e+15
4.394e+14
5.35793e+14
2.42461e+14
0
2.01711e+13
1.78983e+14
2.28193e+14
-5.95868e+13
0
-2.6627e+15
-1.09951e+15
-1.34157e+15
-5.93026e+14
0
1.60826e+15
6.1407e+14
7.46387e+14
3.76972e+14
0
1.51636e+15
4.99472e+14
6.02155e+14
3.85286e+14
0
1.83792e+15
7.32223e+14
8.91892e+14
4.19361e+14
0
-3.91622e+15
-1.30417e+15
-1.57331e+15
-9.89715e+14
0
1.84903e+15
5.83545e+14
7.01675e+14
4.79387e+14
0
6.68081e+14
2.81931e+14
3.44349e+14
1.46516e+14
0
-9.48446e+13
9.11396e+13
1.18692e+14
-7.00515e+13
0
-1.68273e+15
-7.15358e+14
-8.74027e+14
-3.67069e+14
0
1.00737e+15
3.97006e+14
4.8332e+14
2.3148e+14
0
0
0
0
0
0
0
0
0
0
0
0
0
0
0
0
0
0
0
0
0
8.3387e+14
3.61072e+14
4.41527e+14
1.79429e+14
0
-3.34689e+14
4.9757e+13
7.15116e+13
-1.45118e+14
0
-2.06995e+15
-9.09756e+14
-1.11321e+15
-4.40355e+14
0
1.29147e+15
5.16373e+14
6.29084e+14
2.93983e+14
0
7.6267e+14
3.10703e+14
3.78863e+14
1.71446e+14
0
1.42631e+13
1.2656e+14
1.61357e+14
-4.21342e+13
0
-1.88282e+15
-7.77471e+14
-9.48636e+14
-4.19333e+14
0
1.13721e+15
4.34213e+14
5.27775e+14
2.66559e+14
0
1.07223e+15
3.5318e+14
4.25788e+14
2.72438e+14
0
1.2996e+15
5.1776e+14
6.30663e+14
2.96533e+14
0
-2.76918e+15
-9.22186e+14
-1.1125e+15
-6.99834e+14
0
1.30746e+15
4.12629e+14
4.96159e+14
3.38978e+14
0
4.72404e+14
1.99356e+14
2.43491e+14
1.03603e+14
0
-6.70653e+13
6.44454e+13
8.39279e+13
-4.95339e+13
0
-1.18987e+15
-5.05834e+14
-6.18031e+14
-2.59557e+14
0
7.12319e+14
2.80726e+14
3.41759e+14
1.63681e+14
0
0
0
0
0
0
0
0
0
0
0
0
0
0
0
0
0
0
0
0
0
0.0558472
0.148361
-0.333931
-0.0854645
0
-11.7562
-3.90364
-7.8249
-2.7151
0
5.89044
1.84578
4.23554
1.44386
0
-0.453613
0.00964355
-0.760071
-0.226196
0
-0.400696
-0.122192
-0.297745
-0.100769
0
7.87354
2.54407
5.44171
1.8717
0
-1.01678
-0.406128
-0.480942
-0.182922
0
-3.76855
-1.26294
-2.47522
-0.861572
0
-6.21408
-1.96677
-4.4123
-1.50836
0
-3.42493
-1.11047
-2.35617
-0.811279
0
15.1653
4.72751
10.9748
3.7359
0
3.50513
1.32104
1.88373
0.69043
0
2.98428
0.891319
2.2711
0.764702
0
-0.130676
0.0321503
-0.302925
-0.0874176
0
-11.6796
-3.7485
-8.14476
-2.79571
0
3.37207
1.10742
2.27954
0.788086
0
0
0
0
0
0
0
0
0
0
0
0
0
0
0
0
0
0
0
0
0
1.71767e+14
8.02743e+12
2.54425e+14
7.68031e+13
0
4.36168e+15
1.45327e+15
2.88891e+15
1.00357e+15
0
-4.56003e+15
-1.51244e+15
-3.04008e+15
-1.05445e+15
0
2.71392e+15
8.79413e+14
1.86854e+15
6.4326e+14
0
3.43493e+14
7.5644e+13
3.38439e+14
1.08436e+14
0
2.98272e+15
1.00423e+15
1.94579e+15
6.78392e+14
0
-3.07868e+15
-1.03169e+15
-2.02226e+15
-7.03893e+14
0
1.96809e+15
6.4144e+14
1.34446e+15
4.63677e+14
0
1.65147e+15
5.15932e+14
1.19195e+15
4.05988e+14
0
3.54012e+14
1.84372e+14
4.46101e+13
3.11289e+13
0
-5.47497e+14
-2.46559e+14
-1.79281e+14
-7.73749e+13
0
1.08671e+15
3.83832e+14
6.57591e+14
2.33557e+14
0
1.77275e+14
3.34832e+13
1.90549e+14
6.0173e+13
0
2.14527e+15
7.19843e+14
1.40643e+15
4.89765e+14
0
-2.2313e+15
-7.46347e+14
-1.46959e+15
-5.11196e+14
0
1.3355e+15
4.35566e+14
9.11452e+14
3.14411e+14
0
0
0
0
0
0
0
0
0
0
0
0
0
0
0
0
0
0
0
0
0
2.42915e+14
1.13525e+13
3.59811e+14
1.08616e+14
0
6.16835e+15
2.05524e+15
4.08554e+15
1.41926e+15
0
-6.44886e+15
-2.13891e+15
-4.29933e+15
-1.49122e+15
0
3.83806e+15
1.24368e+15
2.64252e+15
9.09706e+14
0
4.85773e+14
1.06977e+14
4.78625e+14
1.53351e+14
0
4.2182e+15
1.4202e+15
2.75176e+15
9.59391e+14
0
-4.35391e+15
-1.45903e+15
-2.8599e+15
-9.95455e+14
0
2.7833e+15
9.07133e+14
1.90135e+15
6.55738e+14
0
2.33553e+15
7.29638e+14
1.68567e+15
5.74153e+14
0
5.00649e+14
2.60741e+14
6.30882e+13
4.40229e+13
0
-7.74277e+14
-3.48687e+14
-2.53541e+14
-1.09425e+14
0
1.53684e+15
5.4282e+14
9.29974e+14
3.30299e+14
0
2.50704e+14
4.73524e+13
2.69477e+14
8.50974e+13
0
3.03387e+15
1.01801e+15
1.989e+15
6.92633e+14
0
-3.15553e+15
-1.05549e+15
-2.07831e+15
-7.22941e+14
0
1.88868e+15
6.15983e+14
1.28899e+15
4.44644e+14
0
0
0
0
0
0
0
0
0
0
0
0
0
0
0
0
0
0
0
0
0
1.71767e+14
8.02743e+12
2.54425e+14
7.68031e+13
0
4.36168e+15
1.45327e+15
2.88891e+15
1.00357e+15
0
-4.56003e+15
-1.51244e+15
-3.04008e+15
-1.05445e+15
0
2.71392e+15
8.79413e+14
1.86854e+15
6.4326e+14
0
3.43493e+14
7.5644e+13
3.38439e+14
1.08436e+14
0
2.98272e+15
1.00423e+15
1.94579e+15
6.78392e+14
0
-3.07868e+15
-1.03169e+15
-2.02226e+15
-7.03893e+14
0
1.96809e+15
6.4144e+14
1.34446e+15
4.63677e+14
0
1.65147e+15
5.15932e+14
1.19195e+15
4.05988e+14
0
3.54012e+14
1.84372e+14
4.46101e+13
3.11289e+13
0
-5.47497e+14
-2.46559e+14
-1.79281e+14
-7.73749e+13
0
1.08671e+15
3.83832e+14
6.57591e+14
2.33557e+14
0
1.77275e+14
3.34832e+13
1.90549e+14
6.0173e+13
0
2.14527e+15
7.19843e+14
1.40643e+15
4.89765e+14
0
-2.2313e+15
-7.46347e+14
-1.46959e+15
-5.11196e+14
0
1.3355e+15
4.35566e+14
9.11452e+14
3.14411e+14
0
0
0
0
0
0
0
0
0
0
0
0
0
0
0
0
0
0
0
0
0
2.49011
-0.0390625
1.15942
0.708862
0
-1.14372
-0.685272
-0.650604
-0.0474701
0
-3.27185
0.561523
-1.43774
-1.13318
0
0.379089
1.64368
0.453491
-0.544495
0
1.02086
0.516815
0.564789
0.0798798
0
1.11224
0.452194
0.596725
0.130882
0
-4.80821
-2.31125
-2.6395
-0.42485
0
1.21277
0.228271
0.606201
0.247437
0
2.9848
0.0695801
1.4093
0.80365
0
1.4559
0.420837
0.75238
0.238983
0
3.28204
-0.0134277
1.53455
0.91925
0
1.38025
-0.0439453
0.638916
0.401733
0
0.45739
0.163498
0.241623
0.062706
0
-2.90022
-1.01883
-1.52908
-0.404678
0
-1.93041
-0.887375
-1.0529
-0.186607
0
-0.224121
-0.128174
-0.126465
-0.0117188
0
0
0
0
0
0
0
0
0
0
0
0
0
0
0
0
0
0
0
0
0
-3.63915e+14
3.49255e+13
-1.64537e+14
-1.15151e+14
0
1.74528e+15
5.2504e+14
9.05374e+14
2.78353e+14
0
-1.37805e+15
-2.39717e+14
-6.85516e+14
-2.88936e+14
0
2.17031e+14
-5.88011e+13
9.17507e+13
8.36913e+13
0
-1.76473e+14
6.50534e+13
-7.17098e+13
-7.48699e+13
0
1.26292e+15
3.57013e+14
6.51299e+14
2.10485e+14
0
-8.27281e+14
-1.13454e+14
-4.0642e+14
-1.855e+14
0
9.05376e+12
-7.78733e+13
-8.83607e+12
3.33193e+13
0
4.86175e+14
2.42688e+14
2.68398e+14
3.94027e+13
0
7.17254e+14
5.61274e+13
3.45275e+14
1.77533e+14
0
2.1762e+14
2.51951e+14
1.44204e+14
-3.90442e+13
0
-4.70763e+14
-2.02211e+14
-2.54385e+14
-5.11195e+13
0
-1.80942e+14
2.04695e+13
-8.12883e+13
-5.84819e+13
0
9.02018e+14
2.53588e+14
4.64945e+14
1.5089e+14
0
-6.11657e+14
-7.30472e+13
-2.9867e+14
-1.41437e+14
0
1.96056e+13
-6.96812e+13
-2.51974e+12
3.30177e+13
0
0
0
0
0
0
0
0
0
0
0
0
0
0
0
0
0
0
0
0
0
-5.14653e+14
4.93921e+13
-2.32691e+14
-1.62848e+14
0
2.46819e+15
7.42518e+14
1.28039e+15
3.93651e+14
0
-1.94886e+15
-3.39011e+14
-9.69467e+14
-4.08618e+14
0
3.06929e+14
-8.31573e+13
1.29755e+14
1.18357e+14
0
-2.49571e+14
9.19994e+13
-1.01413e+14
-1.05882e+14
0
1.78603e+15
5.04893e+14
9.21076e+14
2.97671e+14
0
-1.16995e+15
-1.60448e+14
-5.74765e+14
-2.62337e+14
0
1.2804e+13
-1.10129e+14
-1.24961e+13
4.71206e+13
0
6.87555e+14
3.43213e+14
3.79572e+14
5.57238e+13
0
1.01435e+15
7.93761e+13
4.88292e+14
2.5107e+14
0
3.07761e+14
3.56312e+14
2.03935e+14
-5.52169e+13
0
-6.6576e+14
-2.85969e+14
-3.59755e+14
-7.22939e+13
0
-2.55891e+14
2.89482e+13
-1.14959e+14
-8.27058e+13
0
1.27565e+15
3.58628e+14
6.57531e+14
2.13391e+14
0
-8.65013e+14
-1.03304e+14
-4.22384e+14
-2.00022e+14
0
2.77264e+13
-9.8544e+13
-3.56345e+12
4.66941e+13
0
0
0
0
0
0
0
0
0
0
0
0
0
0
0
0
0
0
0
0
0
-3.63915e+14
3.49255e+13
-1.64537e+14
-1.15151e+14
0
1.74528e+15
5.2504e+14
9.05374e+14
2.78353e+14
0
-1.37805e+15
-2.39717e+14
-6.85516e+14
-2.88936e+14
0
2.17031e+14
-5.88011e+13
9.17507e+13
8.36913e+13
0
-1.76473e+14
6.50534e+13
-7.17098e+13
-7.48699e+13
0
1.26292e+15
3.57013e+14
6.51299e+14
2.10485e+14
0
-8.27281e+14
-1.13454e+14
-4.0642e+14
-1.855e+14
0
9.05376e+12
-7.78733e+13
-8.83607e+12
3.33193e+13
0
4.86175e+14
2.42688e+14
2.68398e+14
3.94027e+13
0
7.17254e+14
5.61274e+13
3.45275e+14
1.77533e+14
0
2.1762e+14
2.51951e+14
1.44204e+14
-3.90442e+13
0
-4.70763e+14
-2.02211e+14
-2.54385e+14
-5.11195e+13
0
-1.80942e+14
2.04695e+13
-8.12883e+13
-5.84819e+13
0
9.02018e+14
2.53588e+14
4.64945e+14
1.5089e+14
0
-6.11657e+14
-7.30472e+13
-2.9867e+14
-1.41437e+14
0
1.96056e+13
-6.96812e+13
-2.51974e+12
3.30177e+13
0
0
0
0
0
0
0
0
0
0
0
0
0
0
0
0
0
0
0
0
0
2.28339
1.35889
3.13538
2.12524
0
4.10199
2.43143
0.206146
0.676422
0
-9.70233
-5.74707
1.69617
-0.335693
0
-0.507812
-0.294403
3.64914
2.04361
0
0.957306
0.567657
0.171051
0.229034
0
2.07156
1.22964
1.07254
0.902252
0
-13.6634
-8.10867
-6.14761
-5.41458
0
-3.64011
-2.16405
-3.7458
-2.66289
0
-9.70271
-5.75496
-2.57057
-2.80586
0
-1.57703
-0.933647
0.549507
0.103951
0
-4.2343
-2.50578
2.05299
0.61348
0
0.0822449
0.0480042
-0.411224
-0.226898
0
3.76061
2.23228
1.97025
1.65134
0
1.05447
0.624725
-0.11795
0.0749207
0
-2.53698
-1.50449
-0.526161
-0.649147
0
-1.38086
-0.819595
-0.681992
-0.582352
0
0
0
0
0
0
0
0
0
0
0
0
0
0
0
0
0
0
0
0
0
1.82585e+15
1.0815e+15
-3.34206e+14
5.44839e+13
0
1.20599e+15
7.16445e+14
9.53828e+14
7.15975e+14
0
-2.01842e+15
-1.19833e+15
-1.17129e+15
-9.52205e+14
0
2.06538e+15
1.2257e+15
9.13071e+14
8.09092e+14
0
1.58243e+15
9.37592e+14
-1.34887e+14
1.36817e+14
0
7.57167e+14
4.50089e+14
7.52718e+14
5.38595e+14
0
-1.38685e+15
-8.23576e+14
-9.22338e+14
-7.22307e+14
0
1.46014e+15
8.66685e+14
7.40192e+14
6.26812e+14
0
2.01456e+15
1.19494e+15
5.56046e+14
5.955e+14
0
-7.21111e+14
-4.26537e+14
4.63105e+14
1.70171e+14
0
3.89912e+14
2.29777e+14
-7.26644e+14
-3.67719e+14
0
6.509e+13
3.98573e+13
7.1356e+14
4.21936e+14
0
1.0179e+15
6.0302e+14
-1.34824e+14
6.01852e+13
0
5.69016e+14
3.38103e+14
4.86381e+14
3.58854e+14
0
-9.35861e+14
-5.55691e+14
-5.84664e+14
-4.65573e+14
0
1.00239e+15
5.94919e+14
4.71458e+14
4.09071e+14
0
0
0
0
0
0
0
0
0
0
0
0
0
0
0
0
0
0
0
0
0
2.58215e+15
1.52947e+15
-4.72638e+14
7.70519e+13
0
1.70552e+15
1.01321e+15
1.34892e+15
1.01254e+15
0
-2.85448e+15
-1.69469e+15
-1.65646e+15
-1.34662e+15
0
2.92089e+15
1.7334e+15
1.29128e+15
1.14423e+15
0
2.2379e+15
1.32596e+15
-1.90759e+14
1.93488e+14
0
1.0708e+15
6.36522e+14
1.0645e+15
7.61688e+14
0
-1.9613e+15
-1.16471e+15
-1.30438e+15
-1.0215e+15
0
2.06495e+15
1.22568e+15
1.04679e+15
8.86446e+14
0
2.84902e+15
1.68989e+15
7.86368e+14
8.42165e+14
0
-1.01981e+15
-6.03215e+14
6.5493e+14
2.40658e+14
0
5.51419e+14
3.24954e+14
-1.02763e+15
-5.20033e+14
0
9.20511e+13
5.63667e+13
1.00913e+15
5.96708e+14
0
1.43953e+15
8.52799e+14
-1.9067e+14
8.51147e+13
0
8.0471e+14
4.78149e+14
6.87846e+14
5.07496e+14
0
-1.32351e+15
-7.85866e+14
-8.2684e+14
-6.58419e+14
0
1.4176e+15
8.41342e+14
6.66743e+14
5.78513e+14
0
0
0
0
0
0
0
0
0
0
0
0
0
0
0
0
0
0
0
0
0
1.82585e+15
1.0815e+15
-3.34206e+14
5.44839e+13
0
1.20599e+15
7.16445e+14
9.53828e+14
7.15975e+14
0
-2.01842e+15
-1.19833e+15
-1.17129e+15
-9.52205e+14
0
2.06538e+15
1.2257e+15
9.13071e+14
8.09092e+14
0
1.58243e+15
9.37592e+14
-1.34887e+14
1.36817e+14
0
7.57167e+14
4.50089e+14
7.52718e+14
5.38595e+14
0
-1.38685e+15
-8.23576e+14
-9.22338e+14
-7.22307e+14
0
1.46014e+15
8.66685e+14
7.40192e+14
6.26812e+14
0
2.01456e+15
1.19494e+15
5.56046e+14
5.955e+14
0
-7.21111e+14
-4.26537e+14
4.63105e+14
1.70171e+14
0
3.89912e+14
2.29777e+14
-7.26644e+14
-3.67719e+14
0
6.509e+13
3.98573e+13
7.1356e+14
4.21936e+14
0
1.0179e+15
6.0302e+14
-1.34824e+14
6.01852e+13
0
5.69016e+14
3.38103e+14
4.86381e+14
3.58854e+14
0
-9.35861e+14
-5.55691e+14
-5.84664e+14
-4.65573e+14
0
1.00239e+15
5.94919e+14
4.71458e+14
4.09071e+14
0
0
0
0
0
0
0
0
0
0
0
0
0
0
0
0
0
0
0
0
0
0.0209961
-0.315674
-0.403809
0.126465
0
6.78955
2.58887
3.14648
1.59277
0
-2.47852
-0.606689
-0.716309
-0.708496
0
-0.631531
0.0447388
0.0721436
-0.255371
0
-3.36414
-1.09131
-1.31445
-0.861084
0
-4.06982
-1.55615
-1.8916
-0.953125
0
8.86633
3.26147
3.95654
2.12476
0
3.27094
1.12718
1.3625
0.812408
0
2.6499
0.63266
0.745422
0.763489
0
-5.58203
-1.51138
-1.79852
-1.5412
0
-6.03076
-1.78696
-2.13995
-1.60724
0
-0.563477
-0.192383
-0.232422
-0.140625
0
0.0020752
0.0736084
0.0939941
-0.0268555
0
-2.31799
-1.09863
-1.34863
-0.463135
0
-5.5155
-1.93518
-2.34155
-1.35693
0
-3.08384
-0.979988
-1.17888
-0.796997
0
0
0
0
0
0
0
0
0
0
0
0
0
0
0
0
0
0
0
0
0
-6.36111e+14
-1.25556e+14
-1.45319e+14
-1.93157e+14
0
1.96495e+15
7.05181e+14
8.54328e+14
4.77503e+14
0
-2.46808e+15
-8.91393e+14
-1.0803e+15
-5.9765e+14
0
1.9304e+15
6.73713e+14
8.14944e+14
4.76269e+14
0
-4.41489e+14
-7.79492e+13
-8.9114e+13
-1.37511e+14
0
1.53483e+15
5.39402e+14
6.52732e+14
3.77266e+14
0
-1.88127e+15
-6.64639e+14
-8.04517e+14
-4.61118e+14
0
1.46451e+15
5.04628e+14
6.09973e+14
3.63759e+14
0
4.53799e+14
2.24272e+14
2.75766e+14
8.72182e+13
0
1.26861e+15
3.5668e+14
4.25601e+14
3.45308e+14
0
-1.59011e+15
-4.48794e+14
-5.35658e+14
-4.32173e+14
0
1.07496e+15
2.85811e+14
3.39651e+14
2.98765e+14
0
-2.69226e+14
-4.53478e+13
-5.15491e+13
-8.46771e+13
0
1.0087e+15
3.56108e+14
4.31037e+14
2.47339e+14
0
-1.29592e+15
-4.57407e+14
-5.53643e+14
-3.17803e+14
0
9.67766e+14
3.29668e+14
3.98227e+14
2.41803e+14
0
0
0
0
0
0
0
0
0
0
0
0
0
0
0
0
0
0
0
0
0
-8.99597e+14
-1.77563e+14
-2.05513e+14
-2.73165e+14
0
2.77885e+15
9.97276e+14
1.2082e+15
6.75291e+14
0
-3.49039e+15
-1.26062e+15
-1.52777e+15
-8.45205e+14
0
2.73e+15
9.52774e+14
1.15251e+15
6.73545e+14
0
-6.2436e+14
-1.10237e+14
-1.26026e+14
-1.9447e+14
0
2.17057e+15
7.6283e+14
9.23103e+14
5.33535e+14
0
-2.66052e+15
-9.39942e+14
-1.13776e+15
-6.52119e+14
0
2.07112e+15
7.13652e+14
8.62632e+14
5.14433e+14
0
6.41768e+14
3.17168e+14
3.89992e+14
1.23345e+14
0
1.79408e+15
5.04422e+14
6.0189e+14
4.88339e+14
0
-2.24875e+15
-6.34691e+14
-7.57535e+14
-6.11186e+14
0
1.52022e+15
4.04198e+14
4.8034e+14
4.22517e+14
0
-3.80743e+14
-6.41314e+13
-7.29015e+13
-1.19752e+14
0
1.42652e+15
5.03613e+14
6.09578e+14
3.49791e+14
0
-1.83271e+15
-6.46871e+14
-7.82969e+14
-4.49442e+14
0
1.36863e+15
4.6622e+14
5.63178e+14
3.41961e+14
0
0
0
0
0
0
0
0
0
0
0
0
0
0
0
0
0
0
0
0
0
-6.36111e+14
-1.25556e+14
-1.45319e+14
-1.93157e+14
0
1.96495e+15
7.05181e+14
8.54328e+14
4.77503e+14
0
-2.46808e+15
-8.91393e+14
-1.0803e+15
-5.9765e+14
0
1.9304e+15
6.73713e+14
8.14944e+14
4.76269e+14
0
-4.41489e+14
-7.79492e+13
-8.9114e+13
-1.37511e+14
0
1.53483e+15
5.39402e+14
6.52732e+14
3.77266e+14
0
-1.88127e+15
-6.64639e+14
-8.04517e+14
-4.61118e+14
0
1.46451e+15
5.04628e+14
6.09973e+14
3.63759e+14
0
4.53799e+14
2.24272e+14
2.75766e+14
8.72182e+13
0
1.26861e+15
3.5668e+14
4.25601e+14
3.45308e+14
0
-1.59011e+15
-4.48794e+14
-5.35658e+14
-4.32173e+14
0
1.07496e+15
2.85811e+14
3.39651e+14
2.98765e+14
0
-2.69226e+14
-4.53478e+13
-5.15491e+13
-8.46771e+13
0
1.0087e+15
3.56108e+14
4.31037e+14
2.47339e+14
0
-1.29592e+15
-4.57407e+14
-5.53643e+14
-3.17803e+14
0
9.67766e+14
3.29668e+14
3.98227e+14
2.41803e+14
0
0
0
0
0
0
0
0
0
0
0
0
0
0
0
0
0
0
0
0
0
-3.96826
-1.3136
-2.65289
-0.919556
0
-9.32422
-2.99316
-6.50049
-2.23145
0
-0.418457
-0.284058
0.136292
0.0133057
0
-4.97266
-1.4585
-3.8606
-1.29443
0
-0.454102
-0.159668
-0.276855
-0.0981445
0
-1.20801
-0.47998
-0.578613
-0.219238
0
-5.69043
-1.73389
-4.23242
-1.43213
0
1.43555
0.550781
0.743652
0.275391
0
0.608398
0.158691
0.528809
0.17334
0
8.70947
2.59521
6.64539
2.23633
0
12.6709
3.85693
9.43555
3.19189
0
-10.6956
-3.43768
-7.44432
-2.5564
0
-0.381104
-0.172546
-0.122162
-0.0531616
0
-2.40137
-0.874268
-1.37854
-0.496338
0
-0.330811
-0.211243
0.0696716
0.000427246
0
-1.68945
-0.490479
-1.32605
-0.443604
0
0
0
0
0
0
0
0
0
0
0
0
0
0
0
0
0
0
0
0
0
-1.35524e+14
-3.3418e+13
-1.23315e+14
-4.00755e+13
0
-5.55546e+14
-2.39278e+14
-2.13092e+14
-8.67756e+13
0
-4.70416e+14
-8.43703e+13
-5.18451e+14
-1.6307e+14
0
-3.28295e+13
-5.41464e+13
1.01772e+14
2.5185e+13
0
-1.04304e+14
-2.62245e+13
-9.34644e+13
-3.0461e+13
0
-9.3459e+13
-7.6815e+13
6.86685e+13
1.31044e+13
0
-7.36564e+14
-1.86725e+14
-6.55635e+14
-2.13945e+14
0
1.65129e+14
1.8703e+13
2.13188e+14
6.55111e+13
0
-4.04651e+14
-1.2839e+14
-2.86416e+14
-9.7982e+13
0
1.81891e+15
5.55625e+14
1.34887e+15
4.56712e+14
0
-2.58679e+15
-8.12013e+14
-1.85593e+15
-6.32983e+14
0
1.51469e+15
4.69304e+14
1.10437e+15
3.75316e+14
0
-1.10389e+14
-3.124e+13
-8.89544e+13
-2.95974e+13
0
-1.78963e+14
-8.93824e+13
-3.34797e+13
-1.86331e+13
0
-3.47417e+14
-7.72777e+13
-3.40104e+14
-1.09091e+14
0
3.76235e+13
-1.00688e+13
8.95385e+13
2.57842e+13
0
0
0
0
0
0
0
0
0
0
0
0
0
0
0
0
0
0
0
0
0
-1.91659e+14
-4.72602e+13
-1.74394e+14
-5.66754e+13
0
-7.85661e+14
-3.3839e+14
-3.01357e+14
-1.22719e+14
0
-6.65269e+14
-1.19318e+14
-7.33201e+14
-2.30616e+14
0
-4.64279e+13
-7.65745e+13
1.43928e+14
3.56169e+13
0
-1.47508e+14
-3.70871e+13
-1.32179e+14
-4.30783e+13
0
-1.32171e+14
-1.08633e+14
9.71119e+13
1.85325e+13
0
-1.04166e+15
-2.64069e+14
-9.27208e+14
-3.02564e+14
0
2.33528e+14
2.64501e+13
3.01493e+14
9.26467e+13
0
-5.72263e+14
-1.8157e+14
-4.05053e+14
-1.38567e+14
0
2.57233e+15
7.85772e+14
1.90759e+15
6.45888e+14
0
-3.65827e+15
-1.14836e+15
-2.62468e+15
-8.95174e+14
0
2.14209e+15
6.63696e+14
1.56181e+15
5.30777e+14
0
-1.56114e+14
-4.418e+13
-1.25801e+14
-4.18571e+13
0
-2.53093e+14
-1.26406e+14
-4.73475e+13
-2.63511e+13
0
-4.91321e+14
-1.09287e+14
-4.8098e+14
-1.54278e+14
0
5.32077e+13
-1.42395e+13
1.26627e+14
3.64644e+13
0
0
0
0
0
0
0
0
0
0
0
0
0
0
0
0
0
0
0
0
0
-1.35524e+14
-3.3418e+13
-1.23315e+14
-4.00755e+13
0
-5.55546e+14
-2.39278e+14
-2.13092e+14
-8.67756e+13
0
-4.70416e+14
-8.43703e+13
-5.18451e+14
-1.6307e+14
0
-3.28295e+13
-5.41464e+13
1.01772e+14
2.5185e+13
0
-1.04304e+14
-2.62245e+13
-9.34644e+13
-3.0461e+13
0
-9.3459e+13
-7.6815e+13
6.86685e+13
1.31044e+13
0
-7.36564e+14
-1.86725e+14
-6.55635e+14
-2.13945e+14
0
1.65129e+14
1.8703e+13
2.13188e+14
6.55111e+13
0
-4.04651e+14
-1.2839e+14
-2.86416e+14
-9.7982e+13
0
1.81891e+15
5.55625e+14
1.34887e+15
4.56712e+14
0
-2.58679e+15
-8.12013e+14
-1.85593e+15
-6.32983e+14
0
1.51469e+15
4.69304e+14
1.10437e+15
3.75316e+14
0
-1.10389e+14
-3.124e+13
-8.89544e+13
-2.95974e+13
0
-1.78963e+14
-8.93824e+13
-3.34797e+13
-1.86331e+13
0
-3.47417e+14
-7.72777e+13
-3.40104e+14
-1.09091e+14
0
3.76235e+13
-1.00688e+13
8.95385e+13
2.57842e+13
0
0
0
0
0
0
0
0
0
0
0
0
0
0
0
0
0
0
0
0
0
2.57166
1.09741
1.38843
0.282104
0
-4.40723
-1.35986
-2.29199
-0.689453
0
-4.00378
-0.692139
-1.99097
-0.841187
0
4.28583
-0.198364
1.97351
1.27191
0
-0.318848
-0.125732
-0.17041
-0.0390625
0
2.07935
1.36963
1.20361
0.0373535
0
2.43115
0.272217
1.18408
0.569336
0
-3.57544
-2.53662
-2.1001
0.00756836
0
-1.47719
-0.172272
-0.720612
-0.343216
0
-6.33189
-1.9371
-3.29013
-0.997116
0
-0.135361
-0.137787
-0.0865173
0.0167999
0
-2.74023
-1.00098
-1.45117
-0.367188
0
4.11896
1.25427
2.13928
0.65094
0
0.501587
0.129395
0.256592
0.088501
0
-1.45929
-0.150757
-0.708618
-0.346741
0
-0.180542
0.3479
-0.026123
-0.187866
0
0
0
0
0
0
0
0
0
0
0
0
0
0
0
0
0
0
0
0
0
2.71233e+14
8.07868e+13
1.40568e+14
4.3579e+13
0
2.75449e+14
1.88163e+14
1.60571e+14
2.28677e+12
0
1.40636e+15
2.66372e+14
7.03247e+14
2.86277e+14
0
-8.82876e+14
-1.30141e+14
-4.35254e+14
-1.94382e+14
0
1.87118e+14
5.01178e+13
9.60322e+13
3.2285e+13
0
2.73253e+14
1.62606e+14
1.55252e+14
1.17828e+13
0
9.71807e+14
1.6226e+14
4.82288e+14
2.06444e+14
0
-6.49951e+14
-8.49003e+13
-3.18592e+14
-1.47412e+14
0
8.87546e+13
6.83178e+11
4.16736e+13
2.4445e+13
0
6.03688e+14
2.07177e+14
3.1746e+14
8.61706e+13
0
-8.82988e+13
-2.14605e+14
-7.73791e+13
6.02859e+13
0
1.82423e+14
1.91499e+14
1.17573e+14
-2.49372e+13
0
1.50129e+14
4.01067e+13
7.70315e+13
2.59442e+13
0
1.59514e+14
9.85902e+13
9.12455e+13
5.42778e+12
0
6.22565e+14
9.99487e+13
3.08295e+14
1.33835e+14
0
-3.72892e+14
-4.45588e+13
-1.82086e+14
-8.62153e+13
0
0
0
0
0
0
0
0
0
0
0
0
0
0
0
0
0
0
0
0
0
3.83581e+14
1.1425e+14
1.98793e+14
6.163e+13
0
3.89543e+14
2.66102e+14
2.27082e+14
3.23399e+12
0
1.98889e+15
3.76708e+14
9.94542e+14
4.04857e+14
0
-1.24857e+15
-1.84047e+14
-6.15542e+14
-2.74898e+14
0
2.64625e+14
7.08773e+13
1.3581e+14
4.56579e+13
0
3.86438e+14
2.29959e+14
2.19559e+14
1.66634e+13
0
1.37434e+15
2.2947e+14
6.82059e+14
2.91956e+14
0
-9.19169e+14
-1.20067e+14
-4.50556e+14
-2.08473e+14
0
1.25518e+14
9.6616e+11
5.89354e+13
3.45705e+13
0
8.53744e+14
2.92992e+14
4.48956e+14
1.21864e+14
0
-1.24873e+14
-3.03497e+14
-1.09431e+14
8.52572e+13
0
2.57986e+14
2.7082e+14
1.66273e+14
-3.52665e+13
0
2.12315e+14
5.67194e+13
1.08939e+14
3.66906e+13
0
2.25587e+14
1.39428e+14
1.29041e+14
7.67604e+12
0
8.8044e+14
1.41349e+14
4.35995e+14
1.89271e+14
0
-5.27348e+14
-6.30157e+13
-2.57509e+14
-1.21927e+14
0
0
0
0
0
0
0
0
0
0
0
0
0
0
0
0
0
0
0
0
0
2.71233e+14
8.07868e+13
1.40568e+14
4.3579e+13
0
2.75449e+14
1.88163e+14
1.60571e+14
2.28677e+12
0
1.40636e+15
2.66372e+14
7.03247e+14
2.86277e+14
0
-8.82876e+14
-1.30141e+14
-4.35254e+14
-1.94382e+14
0
1.87118e+14
5.01178e+13
9.60322e+13
3.2285e+13
0
2.73253e+14
1.62606e+14
1.55252e+14
1.17828e+13
0
9.71807e+14
1.6226e+14
4.82288e+14
2.06444e+14
0
-6.49951e+14
-8.49003e+13
-3.18592e+14
-1.47412e+14
0
8.87546e+13
6.83178e+11
4.16736e+13
2.4445e+13
0
6.03688e+14
2.07177e+14
3.1746e+14
8.61706e+13
0
-8.82988e+13
-2.14605e+14
-7.73791e+13
6.02859e+13
0
1.82423e+14
1.91499e+14
1.17573e+14
-2.49372e+13
0
1.50129e+14
4.01067e+13
7.70315e+13
2.59442e+13
0
1.59514e+14
9.85902e+13
9.12455e+13
5.42778e+12
0
6.22565e+14
9.99487e+13
3.08295e+14
1.33835e+14
0
-3.72892e+14
-4.45588e+13
-1.82086e+14
-8.62153e+13
0
0
0
0
0
0
0
0
0
0
0
0
0
0
0
0
0
0
0
0
0
-2.48318
-1.47395
-1.27125
-1.07319
0
-5.18695
-3.07025
2.12189
0.523987
0
-8.07542
-4.77801
4.40601
1.45405
0
-7.15601
-4.24316
-1.18896
-1.66016
0
11.4978
6.81961
3.01834
3.30887
0
1.08057
0.642701
1.27877
0.887063
0
-3.42502
-2.03397
-2.29324
-1.79276
0
1.20886
0.713013
-1.90613
-0.939331
0
4.9585
2.94269
2.23846
1.9693
0
1.4801
0.875488
-0.946045
-0.34668
0
2.31445
1.37567
2.22931
1.60492
0
2.80432
1.66101
-0.545044
0.0653076
0
2.87565
1.70804
2.10238
1.60765
0
0.314014
0.186184
0.0458336
0.0691795
0
-2.04069
-1.20853
0.497718
0.0110006
0
-1.61932
-0.959412
0.158997
-0.127869
0
0
0
0
0
0
0
0
0
0
0
0
0
0
0
0
0
0
0
0
0
-1.43894e+15
-8.53177e+14
-2.13036e+14
-3.18751e+14
0
-9.88435e+14
-5.87406e+14
-8.94636e+14
-6.52163e+14
0
-1.10549e+14
-6.39648e+13
8.64326e+14
4.85366e+14
0
2.53722e+14
1.48554e+14
-1.0108e+15
-5.50721e+14
0
-1.10438e+15
-6.54877e+14
-2.01035e+14
-2.66367e+14
0
-6.33017e+14
-3.76414e+14
-6.98627e+14
-4.9042e+14
0
-2.22592e+14
-1.30735e+14
6.59563e+14
3.51607e+14
0
3.67637e+14
2.16525e+14
-7.55353e+14
-3.87364e+14
0
-7.93134e+14
-4.70885e+14
-4.62775e+14
-3.75625e+14
0
7.67997e+14
4.5445e+14
-3.93113e+14
-1.23283e+14
0
-1.60265e+15
-9.497e+14
6.38137e+13
-1.80708e+14
0
1.95099e+15
1.1562e+15
-3.27725e+13
2.45986e+14
0
-7.33639e+14
-4.35031e+14
-1.32477e+14
-1.76328e+14
0
-4.54545e+14
-2.70194e+14
-4.48952e+14
-3.21639e+14
0
-1.11287e+14
-6.5221e+13
4.08622e+14
2.21447e+14
0
1.92219e+14
1.13056e+14
-4.80699e+14
-2.52183e+14
0
0
0
0
0
0
0
0
0
0
0
0
0
0
0
0
0
0
0
0
0
-2.03497e+15
-1.20657e+15
-3.01279e+14
-4.50781e+14
0
-1.39786e+15
-8.30717e+14
-1.26521e+15
-9.22298e+14
0
-1.5634e+14
-9.04599e+13
1.22234e+15
6.86411e+14
0
3.58817e+14
2.10087e+14
-1.42949e+15
-7.78837e+14
0
-1.56183e+15
-9.26135e+14
-2.84306e+14
-3.76699e+14
0
-8.95222e+14
-5.3233e+14
-9.88007e+14
-6.93558e+14
0
-3.14792e+14
-1.84887e+14
9.32762e+14
4.97247e+14
0
5.19917e+14
3.06212e+14
-1.06823e+15
-5.47816e+14
0
-1.12166e+15
-6.65931e+14
-6.54462e+14
-5.31213e+14
0
1.08611e+15
6.42689e+14
-5.55945e+14
-1.74349e+14
0
-2.26649e+15
-1.34308e+15
9.02462e+13
-2.55559e+14
0
2.75912e+15
1.63512e+15
-4.63474e+13
3.47876e+14
0
-1.03752e+15
-6.15227e+14
-1.87351e+14
-2.49365e+14
0
-6.42823e+14
-3.82111e+14
-6.34914e+14
-4.54867e+14
0
-1.57384e+14
-9.22364e+13
5.77878e+14
3.13174e+14
0
2.71839e+14
1.59885e+14
-6.7981e+14
-3.56641e+14
0
0
0
0
0
0
0
0
0
0
0
0
0
0
0
0
0
0
0
0
0
-1.43894e+15
-8.53177e+14
-2.13036e+14
-3.18751e+14
0
-9.88435e+14
-5.87406e+14
-8.94636e+14
-6.52163e+14
0
-1.10549e+14
-6.39648e+13
8.64326e+14
4.85366e+14
0
2.53722e+14
1.48554e+14
-1.0108e+15
-5.50721e+14
0
-1.10438e+15
-6.54877e+14
-2.01035e+14
-2.66367e+14
0
-6.33017e+14
-3.76414e+14
-6.98627e+14
-4.9042e+14
0
-2.22592e+14
-1.30735e+14
6.59563e+14
3.51607e+14
0
3.67637e+14
2.16525e+14
-7.55353e+14
-3.87364e+14
0
-7.93134e+14
-4.70885e+14
-4.62775e+14
-3.75625e+14
0
7.67997e+14
4.5445e+14
-3.93113e+14
-1.23283e+14
0
-1.60265e+15
-9.497e+14
6.38137e+13
-1.80708e+14
0
1.95099e+15
1.1562e+15
-3.27725e+13
2.45986e+14
0
-7.33639e+14
-4.35031e+14
-1.32477e+14
-1.76328e+14
0
-4.54545e+14
-2.70194e+14
-4.48952e+14
-3.21639e+14
0
-1.11287e+14
-6.5221e+13
4.08622e+14
2.21447e+14
0
1.92219e+14
1.13056e+14
-4.80699e+14
-2.52183e+14
0
0
0
0
0
0
0
0
0
0
0
0
0
0
0
0
0
0
0
0
0
