-485177
-481009
-1.14136e+06
-441679
128862
101886
17980.3
173677
133365
105056
-15210.6
187538
258743
324423
1.26765e+06
101830
346352
318389
405036
401756
628177
584156
891978
689856
-498770
-493826
-1.14725e+06
-458996
146650
126706
61029.7
198338
138975
110726
10358.4
186794
254073
317963
1.25657e+06
100797
375055
343099
459961
429490
681663
643968
1.00314e+06
755689
-485275
-477315
-1.12717e+06
-450523
142824
107838
45058.3
188637
138705
112726
14948.2
184908
267129
329658
1.26367e+06
101357
395826
370059
489220
452923
719035
673316
1.0558e+06
776920
-485258
-477122
-1.11217e+06
-450414
109869
83417.4
-13678.3
153538
111400
80751.6
-3855.15
142800
254592
319921
1.27145e+06
93613.9
423529
400245
557537
480123
709401
665158
1.08092e+06
761113
-489730
-488939
-1.09415e+06
-458181
115480
102582
3475.43
170045
103923
78365.8
10378.2
143688
253276
306857
1.25398e+06
106246
462045
419649
613141
521106
772715
722143
1.19827e+06
844312
-499466
-490555
-1.10448e+06
-467178
157697
133937
64356.6
211848
117322
99341.4
26831.9
165425
260797
323244
1.25895e+06
110874
477396
440549
628044
541913
778595
735260
1.223e+06
845205
-515353
-509814
-1.14581e+06
-481740
170831
140900
60586.3
223083
103663
82337.6
-26526.4
148217
292275
350547
1.30501e+06
139581
499468
447705
618713
566431
795562
747619
1.2449e+06
854409
-543392
-539962
-1.19067e+06
-513787
185932
158608
67502.5
250326
91758.4
67082.5
-57817.3
137004
322567
382209
1.35815e+06
175184
509804
457374
628476
577450
827782
782556
1.28215e+06
900587
-546010
-532304
-1.18262e+06
-519412
178809
143176
44940.9
237595
44132.7
26438
-129222
74411.7
372432
432620
1.44856e+06
216725
498959
453999
628092
567694
828536
772656
1.27499e+06
887753
-536491
-525497
-1.1635e+06
-502519
152029
116310
-16154.6
211370
27236.3
8309.21
-133671
55387.7
395309
451530
1.50489e+06
239281
517524
470667
653734
590797
812068
761948
1.25061e+06
873713
-572693
-569603
-1.21368e+06
-549034
132223
106190
-63527.9
204934
-22709.4
-37360
-206206
17584.3
420213
469365
1.54035e+06
277727
500285
448101
616670
570463
828887
775327
1.26902e+06
900119
-600738
-594001
-1.27139e+06
-577785
163087
131307
-40363.8
232947
-32191
-43255.1
-252720
11641.8
455463
514451
1.59967e+06
317053
496612
441592
592588
568370
830315
774038
1.26468e+06
899542
-604827
-587722
-1.29069e+06
-573845
201240
174137
46995
278068
4981.57
-13550.3
-212735
50590
499393
546869
1.67224e+06
354311
505046
466875
603605
588250
842029
795088
1.30569e+06
912070
-602541
-589946
-1.29848e+06
-569855
248318
223024
125464
339478
23587.7
2759.84
-185492
71652.5
488228
535285
1.65949e+06
340045
535166
490808
633347
623998
872585
821430
1.35557e+06
950125
-599529
-578623
-1.30277e+06
-571839
276228
240314
144803
359608
24591.1
12547.6
-190601
70924.9
479937
528521
1.65181e+06
317019
537551
502354
623356
630877
868328
820336
1.34131e+06
931444
-568598
-558962
-1.24914e+06
-533754
288769
248883
173413
367575
42869.1
18818.2
-141209
82944.3
460095
508324
1.65587e+06
297693
583440
537907
694683
675760
878767
834308
1.38646e+06
947133
-589137
-592389
-1.2977e+06
-557279
326625
292699
215328
427349
42399.5
12799.3
-160988
93437.8
455181
498868
1.63223e+06
305921
612457
557619
712382
709652
918982
858783
1.43732e+06
996149
-631616
-624248
-1.36517e+06
-603699
366191
333921
278601
468228
29864.7
10120.8
-183108
82150.3
430077
481053
1.60253e+06
269958
606639
560079
709297
703364
897074
841108
1.40688e+06
967929
-685416
-676370
-1.45991e+06
-655786
370092
317172
274594
457285
32066.6
8360.12
-195107
85093.2
421074
469199
1.56564e+06
256750
611467
549634
700826
711477
868566
817126
1.35899e+06
937216
-716511
-712964
-1.52204e+06
-695165
342308
296804
252686
422978
35719.5
5487.15
-185802
75195.9
429691
475138
1.57575e+06
265235
592442
528283
658315
684304
867382
814726
1.34987e+06
937557
-740957
-722802
-1.55739e+06
-708951
290541
244605
181073
373504
11331.4
-5876.06
-214055
57326.6
448505
497292
1.6135e+06
280278
563779
509558
618348
666826
844570
792256
1.30088e+06
912772
-719874
-713321
-1.56358e+06
-682982
265415
214325
118570
340214
30035.8
3511.49
-183716
71792.6
457473
500404
1.62053e+06
292332
569003
508064
601514
671384
833301
775511
1.26305e+06
903472
-774673
-766837
-1.63162e+06
-758880
197438
166378
31872.8
263472
-9199.46
-33134.3
-233857
29784
440478
483129
1.60704e+06
276764
537853
479968
547502
635855
802913
748284
1.22819e+06
872630
-799961
-786277
-1.66613e+06
-777326
210811
176778
70357.8
274788
3973.94
-12066.1
-220787
54938
456908
508677
1.65116e+06
294267
541621
486634
552315
644893
788300
737991
1.19219e+06
864029
-802027
-790712
-1.7214e+06
-758338
208046
172042
54972.6
286685
2810.75
-19528.9
-246070
56822.4
461211
507149
1.64399e+06
305325
531907
473153
511958
645515
787159
732034
1.17487e+06
863149
-781329
-772330
-1.7287e+06
-736472
239567
210204
87595
323610
27653.5
10231.8
-187948
73850.9
472900
519366
1.66483e+06
313796
543841
489532
538168
651017
819714
771424
1.23843e+06
896034
-768991
-762086
-1.73458e+06
-708442
233798
191294
61289.9
325436
28374.1
11091
-163836
78126.1
455554
500780
1.65356e+06
287235
531372
476326
526395
647931
808774
754888
1.23405e+06
879758
-738586
-744711
-1.75109e+06
-669578
229123
176827
2011.01
314147
46305.6
21290.3
-140791
86963.5
444842
486596
1.62456e+06
285751
545225
482972
512952
660513
804371
748150
1.21026e+06
880740
-772853
-778831
-1.81116e+06
-713870
195751
165617
-42688.7
289526
21344
3418.15
-138114
52512.6
411161
455569
1.57746e+06
249651
519264
463354
490327
623373
798915
744349
1.21805e+06
872676
-781895
-788163
-1.86886e+06
-704407
243394
208490
-2798.02
358095
36119
21922.4
-122120
85963
400744
446094
1.5543e+06
240044
533369
477243
506409
653092
786287
730317
1.19132e+06
866004
-793328
-800508
-1.90409e+06
-712508
273179
217182
35021.6
375915
47741
31375.7
-123499
96027.2
379955
436965
1.54795e+06
208506
539447
476248
486246
655162
770872
726587
1.17243e+06
838692
-799802
-817686
-1.93149e+06
-728007
278347
226903
66614.4
373369
50843.8
31841
-122692
94429.2
370916
430488
1.57023e+06
188661
523982
459255
461688
627429
796866
755702
1.22695e+06
866570
-841507
-842878
-2.01212e+06
-761971
239906
185908
6293.25
340703
17336.8
6366.08
-192303
64198.9
348699
411304
1.55185e+06
150482
476173
417918
388081
586004
774316
732172
1.19624e+06
829324
-807650
-815785
-1.97729e+06
-716224
226786
169655
-21177.1
321833
32064.5
11477.8
-154893
69664.9
342918
406426
1.59055e+06
145265
479365
417530
396790
586363
781023
734176
1.22691e+06
836722
-812080
-831632
-2.00431e+06
-727833
221064
178970
-38591.8
320131
17016.5
-2131.22
-184216
64126.1
333253
393989
1.58912e+06
139714
450134
391326
349768
554896
790362
739615
1.24651e+06
851933
-865605
-879053
-2.0911e+06
-783173
230950
185459
-6488.41
326555
3717.26
-6734.48
-216014
61721.2
300305
369728
1.5634e+06
98253.2
425794
369127
305853
530660
754484
714203
1.22229e+06
808739
-862144
-830217
-1.70722e+06
-853952
2785.29
-47828.7
-525829
111113
-564041
-493378
-352187
-728284
-1.01324e+06
-960559
-1.79156e+06
-1.04928e+06
226474
282690
1.07061e+06
95371.7
-716984
-733024
-1.89711e+06
-625534
-896364
-870796
-1.75439e+06
-884316
-18870.6
-55244.8
-564674
96084.5
-597678
-526711
-372438
-772424
-1.03614e+06
-990727
-1.8205e+06
-1.06121e+06
244561
297027
1.13242e+06
114693
-716460
-741917
-1.84398e+06
-621245
-906514
-875907
-1.77101e+06
-896076
-5017.63
-50783
-557724
106307
-622622
-534346
-389489
-789413
-1.0765e+06
-1.02513e+06
-1.91712e+06
-1.10914e+06
256674
311171
1.15234e+06
127501
-698851
-714167
-1.83763e+06
-596010
-946223
-911443
-1.84565e+06
-935550
-4799.84
-46760.3
-555186
104404
-623584
-536736
-399385
-787030
-1.09004e+06
-1.03123e+06
-1.94357e+06
-1.11264e+06
275913
327808
1.18784e+06
145907
-699191
-711150
-1.82506e+06
-591201
-950207
-923587
-1.87996e+06
-943635
-22006.6
-69603.3
-579694
92901.8
-609312
-514633
-388914
-768906
-1.1019e+06
-1.05654e+06
-1.99465e+06
-1.13143e+06
283574
337141
1.18323e+06
161513
-696052
-723127
-1.86467e+06
-591867
-960217
-927997
-1.89433e+06
-952647
-21484
-71507.6
-605653
90461.6
-586551
-507563
-331431
-756546
-1.11979e+06
-1.07174e+06
-2.02813e+06
-1.14591e+06
317685
369668
1.22714e+06
197544
-692938
-717425
-1.86254e+06
-590126
-941202
-907791
-1.84667e+06
-926889
-36872.8
-88638.7
-633107
78613.3
-633833
-548530
-373591
-823228
-1.08623e+06
-1.03799e+06
-1.97627e+06
-1.11499e+06
323805
359192
1.25295e+06
187433
-689233
-715285
-1.85116e+06
-597252
-949724
-929131
-1.88036e+06
-933469
-32256.1
-73290.2
-652061
99452.4
-664891
-580373
-412767
-840390
-1.0501e+06
-1.01322e+06
-1.92285e+06
-1.06279e+06
327637
363548
1.26405e+06
193283
-679289
-701893
-1.82737e+06
-571043
-975646
-947899
-1.90254e+06
-966881
-25330
-69047.6
-650888
101770
-724314
-620856
-484521
-911012
-1.04836e+06
-1.00264e+06
-1.93149e+06
-1.06309e+06
312643
356123
1.27766e+06
170627
-673631
-698419
-1.82045e+06
-574760
-995752
-969520
-1.965e+06
-980144
6553.47
-40968.4
-635924
140268
-719447
-616734
-506458
-894579
-1.00032e+06
-949972
-1.86196e+06
-999999
344871
382993
1.32662e+06
205460
-683658
-706757
-1.84569e+06
-576944
-995915
-974695
-1.97411e+06
-993180
5768.58
-48945.9
-634978
138745
-727683
-632561
-539927
-908868
-959692
-927849
-1.816e+06
-973025
338369
378217
1.3369e+06
190487
-709140
-736348
-1.91149e+06
-597606
-1.01042e+06
-974721
-1.97978e+06
-993510
1151.88
-58496.8
-674414
140263
-735934
-642310
-559073
-921697
-930874
-895857
-1.75077e+06
-940023
344943
387531
1.34445e+06
206018
-714057
-749721
-1.97202e+06
-602664
-1.00198e+06
-962400
-1.98677e+06
-986858
-2812.16
-50184.1
-696824
147898
-752565
-655957
-588188
-936835
-933392
-904855
-1.77054e+06
-946636
324633
386770
1.30444e+06
192315
-728813
-745123
-1.99217e+06
-609078
-997044
-982534
-1.99816e+06
-980359
44143.3
-12466.3
-631247
204472
-751157
-670934
-582877
-937549
-944659
-925116
-1.78969e+06
-947462
366522
412328
1.36484e+06
232687
-713964
-747703
-1.95658e+06
-586424
-1.04168e+06
-1.01342e+06
-2.06677e+06
-1.02448e+06
68134.7
11828.5
-627238
236616
-790817
-689524
-634233
-968353
-987376
-959544
-1.89116e+06
-993361
365481
417107
1.35656e+06
241188
-726340
-756029
-1.99833e+06
-599313
-1.05996e+06
-1.03628e+06
-2.11688e+06
-1.03887e+06
107653
51736.9
-559331
278405
-779589
-682736
-619231
-956380
-1.02285e+06
-989054
-1.92706e+06
-1.03197e+06
390289
436747
1.39618e+06
260921
-758033
-787972
-2.04661e+06
-634126
-1.08756e+06
-1.06691e+06
-2.17593e+06
-1.08721e+06
115454
46617.4
-551408
277052
-798173
-703707
-661888
-992962
-1.06609e+06
-1.03967e+06
-2.01526e+06
-1.09066e+06
383037
426523
1.38352e+06
242839
-804422
-841037
-2.15788e+06
-687272
-1.11481e+06
-1.08211e+06
-2.20785e+06
-1.09812e+06
122128
56383.3
-545802
284359
-799793
-702486
-647795
-986745
-1.11421e+06
-1.07899e+06
-2.06734e+06
-1.13349e+06
386920
438195
1.38849e+06
255648
-825619
-847057
-2.21071e+06
-696179
-1.12431e+06
-1.09492e+06
-2.2211e+06
-1.11017e+06
80781.3
4150.01
-599249
232959
-830771
-739829
-689052
-1.02873e+06
-1.10589e+06
-1.07789e+06
-2.0735e+06
-1.13843e+06
366498
400922
1.35434e+06
230984
-826167
-859800
-2.22329e+06
-704177
-1.18771e+06
-1.16432e+06
-2.35676e+06
-1.18608e+06
23053.8
-34779
-684118
163890
-877783
-784671
-767067
-1.08032e+06
-1.14733e+06
-1.11675e+06
-2.14985e+06
-1.16819e+06
316161
359255
1.26786e+06
173397
-869448
-895869
-2.28362e+06
-741976
-1.23211e+06
-1.1962e+06
-2.37926e+06
-1.22754e+06
-23275.8
-73137.5
-698979
111561
-937691
-825522
-818333
-1.14154e+06
-1.17286e+06
-1.12965e+06
-2.19109e+06
-1.19052e+06
280998
332432
1.23927e+06
138211
-880388
-895539
-2.28577e+06
-751531
-1.2613e+06
-1.22657e+06
-2.4558e+06
-1.2555e+06
-24827.2
-74560.9
-691797
103491
-918294
-806213
-795893
-1.11845e+06
-1.14302e+06
-1.09887e+06
-2.16358e+06
-1.14897e+06
285967
339878
1.25754e+06
138568
-881918
-901325
-2.31863e+06
-744347
-1.26047e+06
-1.22418e+06
-2.45779e+06
-1.26445e+06
-47542.3
-92105.6
-686661
74114.7
-903980
-787667
-776639
-1.10728e+06
-1.11318e+06
-1.07884e+06
-2.14183e+06
-1.12192e+06
282440
336864
1.26917e+06
128664
-865851
-887671
-2.32186e+06
-723668
-1.27439e+06
-1.23678e+06
-2.46735e+06
-1.27932e+06
-74271.7
-130157
-727048
33944.7
-870383
-767394
-703926
-1.08021e+06
-1.08942e+06
-1.06476e+06
-2.08939e+06
-1.10949e+06
268690
317616
1.25545e+06
109103
-876571
-911369
-2.36215e+06
-743835
-1.27462e+06
-1.24106e+06
-2.46089e+06
-1.27843e+06
-126985
-177982
-773054
-22538.3
-882766
-778938
-683911
-1.10914e+06
-1.10976e+06
-1.08751e+06
-2.08211e+06
-1.13749e+06
239049
290806
1.23519e+06
75029.7
-888333
-924845
-2.35456e+06
-766152
-1.27373e+06
-1.24649e+06
-2.50527e+06
-1.27517e+06
-130680
-173015
-786873
-28198
-883111
-777943
-644073
-1.12137e+06
-1.11869e+06
-1.09637e+06
-2.09284e+06
-1.14159e+06
232938
290862
1.24255e+06
60119.6
-895580
-931316
-2.3423e+06
-773834
-1.29244e+06
-1.25938e+06
-2.5071e+06
-1.29394e+06
-146910
-181502
-775089
-45414.6
-906162
-784945
-594749
-1.15279e+06
-1.16914e+06
-1.13426e+06
-2.1459e+06
-1.206e+06
211653
277747
1.26791e+06
31524.2
-916082
-942137
-2.33829e+06
-805504
-1.26747e+06
-1.24387e+06
-2.53459e+06
-1.25057e+06
-87508.7
-126292
-718599
30456.5
-871086
-752888
-548754
-1.10483e+06
-1.14494e+06
-1.11141e+06
-2.11713e+06
-1.16488e+06
248189
310486
1.32067e+06
76188.6
-906263
-932945
-2.32725e+06
-781774
-1.22503e+06
-1.1929e+06
-2.47465e+06
-1.2037e+06
-41838.8
-76175.9
-619317
78964
-827977
-698066
-454180
-1.06188e+06
-1.12568e+06
-1.09259e+06
-2.0833e+06
-1.15354e+06
278886
348922
1.40069e+06
105595
-893881
-921993
-2.31349e+06
-774384
-1.19317e+06
-1.17684e+06
-2.46051e+06
-1.16122e+06
-12785.2
-70934.8
-607551
102722
-773052
-664484
-371129
-1.01181e+06
-1.12843e+06
-1.10406e+06
-2.08082e+06
-1.1544e+06
309455
363635
1.43843e+06
132510
-892130
-927552
-2.32802e+06
-766398
-1.24698e+06
-1.22281e+06
-2.55748e+06
-1.21555e+06
-81862.5
-140403
-721298
35542.7
-827656
-705587
-435779
-1.07901e+06
-1.17555e+06
-1.13848e+06
-2.15344e+06
-1.22033e+06
247676
305059
1.34419e+06
58042.9
-935246
-955545
-2.40365e+06
-826524
-1.25432e+06
-1.24294e+06
-2.58683e+06
-1.22036e+06
-98803.3
-145866
-732843
6298.91
-837236
-722841
-419186
-1.09441e+06
-1.19529e+06
-1.16252e+06
-2.13456e+06
-1.23661e+06
223058
290078
1.34647e+06
25162.4
-945603
-974576
-2.368e+06
-837861
-1.30289e+06
-1.28346e+06
-2.69117e+06
-1.25956e+06
-129443
-174419
-776769
-22942.1
-900739
-763913
-505096
-1.15081e+06
-1.26264e+06
-1.21295e+06
-2.24204e+06
-1.31307e+06
182403
257415
1.29756e+06
-18666.9
-992238
-1.00586e+06
-2.43821e+06
-887828
-1.31194e+06
-1.30411e+06
-2.74191e+06
-1.27201e+06
-115347
-160601
-718483
-21068.2
-873115
-742158
-473766
-1.11509e+06
-1.26945e+06
-1.21453e+06
-2.21447e+06
-1.31523e+06
200164
270973
1.347e+06
-6736.61
-1.00227e+06
-1.01472e+06
-2.43318e+06
-894368
-1.31559e+06
-1.3044e+06
-2.78508e+06
-1.27376e+06
-133004
-173627
-711510
-45691.1
-856822
-722363
-468370
-1.09762e+06
-1.27318e+06
-1.22469e+06
-2.23768e+06
-1.32836e+06
198223
279435
1.36924e+06
-5260.17
-1.02773e+06
-1.04532e+06
-2.49131e+06
-932011
-1.32533e+06
-1.30131e+06
-2.813e+06
-1.26677e+06
-140529
-184486
-723722
-47857.7
-830368
-705114
-422943
-1.07934e+06
-1.28838e+06
-1.23819e+06
-2.22861e+06
-1.35112e+06
197790
270334
1.3731e+06
-11601.5
-1.05222e+06
-1.07013e+06
-2.54083e+06
-954455
-976611
-919860
-1.6374e+06
-1.03254e+06
-553282
-568272
-1.41615e+06
-476109
-859253
-794250
-1.20688e+06
-954911
-634152
-569632
-631638
-770821
-127203
-130518
-404643
-96486.1
-484713
-439403
-530206
-580912
-968973
-917989
-1.61083e+06
-1.02374e+06
-544604
-552849
-1.39789e+06
-467337
-874098
-822847
-1.2187e+06
-986962
-658546
-586108
-665890
-775507
-102986
-114688
-361035
-70500
-453313
-404889
-453369
-543328
-988967
-942435
-1.64793e+06
-1.04951e+06
-540636
-557251
-1.3986e+06
-461816
-903110
-843610
-1.24902e+06
-1.014e+06
-693077
-629762
-744322
-817403
-117960
-130885
-386068
-83902.5
-449435
-421625
-462012
-548398
-1.00685e+06
-946320
-1.66677e+06
-1.06876e+06
-545477
-570739
-1.43367e+06
-471386
-916520
-843631
-1.26221e+06
-1.02987e+06
-700836
-622712
-775700
-824968
-96750.6
-95563.4
-367955
-51910.8
-464032
-403895
-453382
-559727
-996070
-941817
-1.63826e+06
-1.06287e+06
-571800
-589206
-1.48242e+06
-497706
-899272
-830283
-1.23268e+06
-1.00564e+06
-691997
-611897
-740975
-809451
-62710.5
-75840.7
-333431
-15767.8
-455586
-405916
-443109
-549063
-1.03823e+06
-977176
-1.686e+06
-1.10657e+06
-593586
-603781
-1.50799e+06
-520977
-913822
-845021
-1.26276e+06
-1.01882e+06
-698284
-620687
-777009
-810459
-72608.6
-89032.5
-360534
-28965.9
-442606
-387598
-396762
-541035
-1.05184e+06
-993952
-1.72552e+06
-1.11555e+06
-580286
-597751
-1.49533e+06
-502332
-929075
-853829
-1.27486e+06
-1.04172e+06
-652331
-586030
-719191
-773322
-62675.1
-81854.7
-347349
-15699.9
-419385
-375174
-336681
-531554
-1.06584e+06
-1.00824e+06
-1.73838e+06
-1.13058e+06
-587688
-598897
-1.50681e+06
-507131
-969798
-903689
-1.31745e+06
-1.09315e+06
-647595
-578497
-682667
-762159
-64118.3
-89263.7
-338658
-27645.8
-420599
-367367
-317605
-531348
-1.06756e+06
-1.01284e+06
-1.73376e+06
-1.14379e+06
-569763
-584334
-1.49502e+06
-481685
-1.01267e+06
-940433
-1.38429e+06
-1.12828e+06
-620115
-558979
-638619
-729255
-68216.7
-85234.7
-313134
-29802.4
-418677
-376676
-320869
-528836
-1.10624e+06
-1.03865e+06
-1.77782e+06
-1.18119e+06
-591478
-620071
-1.58659e+06
-509743
-1.08206e+06
-999140
-1.50604e+06
-1.2189e+06
-620572
-548793
-659807
-741343
-82526.4
-96600
-342712
-46263.9
-460510
-401808
-384947
-570062
-1.1071e+06
-1.04447e+06
-1.76631e+06
-1.19094e+06
-640731
-658062
-1.67576e+06
-552951
-1.11695e+06
-1.03619e+06
-1.5644e+06
-1.24924e+06
-591238
-520226
-590346
-706438
-89171.8
-109916
-368367
-53754.3
-492974
-437351
-461847
-595136
-1.1397e+06
-1.07265e+06
-1.80012e+06
-1.2251e+06
-660949
-676886
-1.72355e+06
-567880
-1.1612e+06
-1.07942e+06
-1.64493e+06
-1.2907e+06
-556922
-491748
-532272
-667771
-108227
-130263
-398915
-78036.3
-502392
-448541
-488478
-608977
-1.15976e+06
-1.0938e+06
-1.84895e+06
-1.2537e+06
-643297
-659885
-1.69036e+06
-551673
-1.15616e+06
-1.06904e+06
-1.64251e+06
-1.28333e+06
-554022
-499455
-525496
-680269
-121914
-123170
-405011
-90702
-505366
-449860
-474777
-619563
-1.16661e+06
-1.09689e+06
-1.85692e+06
-1.24752e+06
-617969
-624987
-1.65007e+06
-508354
-1.15068e+06
-1.0758e+06
-1.62756e+06
-1.28315e+06
-593859
-534276
-580624
-710695
-89200.1
-93604
-362353
-43805.3
-488614
-431321
-438065
-592162
-1.19893e+06
-1.14077e+06
-1.9116e+06
-1.31112e+06
-600450
-626417
-1.656e+06
-499872
-1.18584e+06
-1.10801e+06
-1.68722e+06
-1.32636e+06
-650149
-596285
-682389
-782285
-87838.9
-95716.8
-381888
-48186.5
-518520
-478988
-501588
-644002
-1.26351e+06
-1.17606e+06
-1.96628e+06
-1.3635e+06
-621237
-643461
-1.69385e+06
-521586
-1.22939e+06
-1.13542e+06
-1.73867e+06
-1.3694e+06
-710851
-637524
-764858
-849768
-91659.4
-98568.6
-390606
-44511
-572088
-499642
-548977
-685984
-1.26712e+06
-1.18802e+06
-1.96694e+06
-1.37162e+06
-626024
-641166
-1.69971e+06
-519464
-1.23671e+06
-1.15015e+06
-1.75956e+06
-1.37521e+06
-738024
-663571
-780840
-879493
-95471.4
-109235
-414242
-51014.9
-591111
-534154
-597953
-713590
-1.28466e+06
-1.20092e+06
-1.97272e+06
-1.39199e+06
-590857
-604961
-1.63025e+06
-483061
-1.24749e+06
-1.15924e+06
-1.77319e+06
-1.38431e+06
-752546
-674564
-783962
-895135
-85073.4
-98727
-385218
-39208.4
-619111
-554117
-612711
-748925
-1.31147e+06
-1.2161e+06
-2.00785e+06
-1.41448e+06
-610309
-626234
-1.64005e+06
-508572
-1.26327e+06
-1.1608e+06
-1.77368e+06
-1.40063e+06
-730564
-649955
-752195
-875224
-102354
-106823
-398718
-55128.2
-644159
-567812
-622208
-770225
-1.30059e+06
-1.22615e+06
-1.99399e+06
-1.41855e+06
-637876
-657257
-1.67142e+06
-553924
-1.28019e+06
-1.20067e+06
-1.7816e+06
-1.43987e+06
-730685
-665994
-729924
-889460
-105645
-127627
-415714
-65994.3
-650056
-587967
-636158
-785804
-1.315e+06
-1.21954e+06
-1.99864e+06
-1.43061e+06
-669366
-670671
-1.69248e+06
-580888
-1.32255e+06
-1.21687e+06
-1.8225e+06
-1.46879e+06
-741439
-661791
-728833
-886588
-132130
-128842
-446937
-74095.6
-677332
-611123
-690653
-807539
-1.29466e+06
-1.21457e+06
-1.94533e+06
-1.4137e+06
-669515
-698650
-1.70919e+06
-592599
-1.3126e+06
-1.2161e+06
-1.81721e+06
-1.47561e+06
-692976
-620726
-654934
-852742
-94300.5
-118603
-428650
-49252.8
-693476
-624403
-714335
-830988
-1.28576e+06
-1.20586e+06
-1.93967e+06
-1.40824e+06
-702104
-716814
-1.76122e+06
-622116
-1.2875e+06
-1.19182e+06
-1.78698e+06
-1.44048e+06
-668861
-594908
-602957
-820190
-94719.1
-113199
-436422
-45204.6
-700780
-627540
-744554
-823375
-1.33035e+06
-1.2439e+06
-2.01338e+06
-1.44576e+06
-759769
-767115
-1.85933e+06
-677143
-1.31056e+06
-1.21718e+06
-1.84578e+06
-1.45465e+06
-660257
-586878
-621806
-797020
-121330
-141322
-496756
-66401.6
-724996
-651998
-810144
-844466
-1.35252e+06
-1.26937e+06
-2.08221e+06
-1.46832e+06
-783971
-792648
-1.89863e+06
-702067
-1.33086e+06
-1.23359e+06
-1.86859e+06
-1.4841e+06
-681888
-621880
-651576
-835389
-164845
-178018
-554160
-115847
-746657
-683806
-832328
-880610
-1.35531e+06
-1.27499e+06
-2.09957e+06
-1.47177e+06
-794274
-799562
-1.9217e+06
-713742
-1.34749e+06
-1.25098e+06
-1.85676e+06
-1.52018e+06
-744488
-671940
-726131
-899437
-183044
-193957
-574228
-139612
-769707
-696131
-847283
-905534
-1.32319e+06
-1.24354e+06
-2.02681e+06
-1.44211e+06
-765481
-773443
-1.84911e+06
-679199
-1.33415e+06
-1.23582e+06
-1.771e+06
-1.50828e+06
-743806
-675325
-685685
-911471
-171161
-182958
-513794
-129777
-762174
-704423
-805665
-911602
-1.35595e+06
-1.26521e+06
-2.0829e+06
-1.46809e+06
-795603
-806344
-1.93455e+06
-718256
-1.3734e+06
-1.25334e+06
-1.80629e+06
-1.55388e+06
-786021
-699643
-729120
-959118
-192256
-198638
-553806
-152432
-822253
-735030
-872388
-973089
-1.32026e+06
-1.23545e+06
-2.06554e+06
-1.418e+06
-782663
-785099
-1.93436e+06
-686596
-1.32695e+06
-1.21443e+06
-1.74133e+06
-1.49533e+06
-765673
-676369
-698065
-922852
-155534
-162412
-513556
-102929
-809726
-726062
-871884
-949497
-1.3094e+06
-1.23518e+06
-2.06469e+06
-1.40811e+06
-770354
-782049
-1.92557e+06
-675946
-1.32202e+06
-1.21809e+06
-1.7237e+06
-1.50053e+06
-744680
-662226
-669388
-906248
-151054
-165849
-502882
-108109
-802943
-722915
-838431
-956139
-1.34666e+06
-1.26032e+06
-2.12674e+06
-1.44513e+06
-795637
-810952
-1.94633e+06
-707082
-1.35407e+06
-1.23158e+06
-1.7426e+06
-1.5378e+06
-776345
-694162
-685621
-963343
-198410
-206668
-556080
-167965
-836456
-754061
-850648
-1.01459e+06
-1.35007e+06
-1.28178e+06
-2.16277e+06
-1.4484e+06
-816535
-827816
-1.98864e+06
-728507
-1.37611e+06
-1.26779e+06
-1.78284e+06
-1.56761e+06
-839827
-751056
-751908
-1.02865e+06
-236422
-247743
-627697
-205745
-854978
-762434
-860450
-1.02288e+06
-1.39074e+06
-1.32145e+06
-2.23331e+06
-1.5002e+06
-839384
-848193
-2.01944e+06
-755691
-1.41972e+06
-1.30732e+06
-1.85409e+06
-1.60706e+06
-891986
-807349
-814180
-1.09311e+06
-283956
-285700
-689262
-251389
-902084
-827854
-929382
-1.09421e+06
-1.41416e+06
-1.33144e+06
-2.25595e+06
-1.51682e+06
-849911
-872811
-2.05226e+06
-772930
-1.45339e+06
-1.32483e+06
-1.90258e+06
-1.64672e+06
-933355
-820916
-831466
-1.14747e+06
-292983
-295646
-716013
-266989
-959390
-848785
-964223
-1.15186e+06
-1.40726e+06
-1.34121e+06
-2.2754e+06
-1.51808e+06
-861226
-873967
-2.07561e+06
-779700
-1.43269e+06
-1.31372e+06
-1.88825e+06
-1.61663e+06
-907725
-799538
-767381
-1.11471e+06
-287198
-291288
-709135
-254861
-966225
-861731
-969688
-1.15482e+06
-1.43126e+06
-1.36273e+06
-2.31045e+06
-1.5367e+06
-858052
-870197
-2.06202e+06
-777067
-1.42317e+06
-1.31146e+06
-1.898e+06
-1.60237e+06
-889518
-783877
-732175
-1.09897e+06
-287666
-297673
-720163
-258113
-959501
-853895
-938931
-1.15451e+06
-322612
-343312
-1.05814e+06
-235492
-1.22298e+06
-1.20007e+06
-2.43729e+06
-1.20815e+06
-1.06238e+06
-989206
-1.53639e+06
-1.18036e+06
-697814
-579929
-193995
-948160
77691.2
80716.9
76613.6
96973.3
-1.38548e+06
-1.30565e+06
-2.17231e+06
-1.50355e+06
-302993
-322740
-1.01399e+06
-220019
-1.24003e+06
-1.22394e+06
-2.48381e+06
-1.23222e+06
-1.06362e+06
-983476
-1.52036e+06
-1.17756e+06
-724876
-595411
-216655
-982911
109409
108537
126538
128057
-1.38084e+06
-1.29697e+06
-2.17168e+06
-1.50391e+06
-316216
-341203
-1.03023e+06
-229527
-1.30191e+06
-1.27347e+06
-2.57225e+06
-1.29165e+06
-1.06371e+06
-982774
-1.50875e+06
-1.18274e+06
-750127
-627104
-239627
-1.00238e+06
124647
123472
154405
153315
-1.39949e+06
-1.31876e+06
-2.16717e+06
-1.52206e+06
-318287
-337855
-1.02404e+06
-238377
-1.32343e+06
-1.29917e+06
-2.63714e+06
-1.31212e+06
-1.05504e+06
-977797
-1.4749e+06
-1.17951e+06
-765209
-638264
-277047
-1.0236e+06
147683
138703
162590
172334
-1.38616e+06
-1.30027e+06
-2.14224e+06
-1.5132e+06
-331953
-348135
-1.04746e+06
-242825
-1.34729e+06
-1.31574e+06
-2.67486e+06
-1.34125e+06
-1.07684e+06
-996598
-1.50151e+06
-1.20435e+06
-770690
-629869
-275418
-1.01562e+06
146743
141113
167493
174085
-1.40956e+06
-1.30695e+06
-2.13565e+06
-1.53712e+06
-345865
-372606
-1.074e+06
-259951
-1.35401e+06
-1.32111e+06
-2.67789e+06
-1.34707e+06
-1.07821e+06
-1.00834e+06
-1.49973e+06
-1.20839e+06
-734082
-610084
-234710
-969535
187457
170998
211342
224733
-1.36594e+06
-1.28866e+06
-2.03582e+06
-1.50633e+06
-355824
-377846
-1.10084e+06
-269301
-1.3527e+06
-1.32515e+06
-2.71271e+06
-1.33689e+06
-1.10901e+06
-1.02374e+06
-1.55358e+06
-1.24067e+06
-716645
-590626
-198874
-972461
218334
198399
243153
258537
-1.40833e+06
-1.31592e+06
-2.10073e+06
-1.54521e+06
-352459
-370062
-1.07684e+06
-271253
-1.3942e+06
-1.36637e+06
-2.78418e+06
-1.38633e+06
-1.12698e+06
-1.03747e+06
-1.56719e+06
-1.2638e+06
-702744
-569841
-148206
-960429
227827
203508
259035
264688
-1.43357e+06
-1.34473e+06
-2.1555e+06
-1.57837e+06
-343071
-368432
-1.06321e+06
-262569
-1.43391e+06
-1.40062e+06
-2.84101e+06
-1.42459e+06
-1.16586e+06
-1.08312e+06
-1.60553e+06
-1.30748e+06
-668781
-550054
-81566.9
-924149
228095
200940
266806
258474
-1.47963e+06
-1.39056e+06
-2.2117e+06
-1.62684e+06
-367141
-381124
-1.06413e+06
-293649
-1.48049e+06
-1.45e+06
-2.93248e+06
-1.47385e+06
-1.22556e+06
-1.1335e+06
-1.69613e+06
-1.37741e+06
-659738
-535520
-55171.3
-921090
190676
170006
214106
222242
-1.51526e+06
-1.41895e+06
-2.28149e+06
-1.6607e+06
-361645
-382810
-1.06685e+06
-282056
-1.50213e+06
-1.46905e+06
-2.97992e+06
-1.49839e+06
-1.26852e+06
-1.17252e+06
-1.75284e+06
-1.42133e+06
-634752
-506659
1617.15
-891834
196909
169086
217280
222768
-1.54388e+06
-1.43561e+06
-2.3058e+06
-1.69419e+06
-405798
-429697
-1.14601e+06
-330130
-1.51626e+06
-1.47844e+06
-3.02223e+06
-1.49727e+06
-1.31311e+06
-1.22377e+06
-1.85932e+06
-1.45243e+06
-594960
-479720
69268.2
-846186
176355
147429
158105
210161
-1.52482e+06
-1.42607e+06
-2.27596e+06
-1.67181e+06
-429202
-446614
-1.19697e+06
-360323
-1.51414e+06
-1.48038e+06
-3.03005e+06
-1.49773e+06
-1.31595e+06
-1.22172e+06
-1.88871e+06
-1.46118e+06
-631844
-514717
28375.5
-906423
164206
152531
135009
201375
-1.54687e+06
-1.44602e+06
-2.3169e+06
-1.69466e+06
-429758
-437734
-1.18463e+06
-362802
-1.52581e+06
-1.48606e+06
-3.05229e+06
-1.50938e+06
-1.3174e+06
-1.21484e+06
-1.87823e+06
-1.46132e+06
-673426
-547383
-13875.6
-959287
179389
169940
153526
223965
-1.56041e+06
-1.4596e+06
-2.35368e+06
-1.71593e+06
-425929
-448721
-1.17862e+06
-366920
-1.52926e+06
-1.4944e+06
-3.04052e+06
-1.51556e+06
-1.31202e+06
-1.22247e+06
-1.86132e+06
-1.46849e+06
-705165
-588917
-40189.1
-999824
198283
179478
179643
238936
-1.59936e+06
-1.50662e+06
-2.39621e+06
-1.75916e+06
-456348
-460776
-1.1976e+06
-395784
-1.53088e+06
-1.49417e+06
-3.0588e+06
-1.51773e+06
-1.33015e+06
-1.23005e+06
-1.87852e+06
-1.48296e+06
-734525
-599130
-67392.2
-1.02579e+06
201567
185156
168683
248070
-1.62765e+06
-1.51538e+06
-2.44359e+06
-1.78359e+06
-464146
-467341
-1.19147e+06
-397293
-1.54655e+06
-1.49776e+06
-3.04418e+06
-1.5342e+06
-1.35257e+06
-1.25339e+06
-1.89407e+06
-1.50612e+06
-772971
-629323
-85794
-1.07039e+06
189481
171855
160991
238373
-1.66811e+06
-1.54874e+06
-2.46436e+06
-1.82651e+06
-474038
-490193
-1.23042e+06
-409450
-1.50118e+06
-1.45657e+06
-2.96868e+06
-1.48298e+06
-1.34111e+06
-1.25567e+06
-1.91143e+06
-1.48867e+06
-764979
-632478
-64770.3
-1.05838e+06
211244
190111
163587
267431
-1.65638e+06
-1.55481e+06
-2.45305e+06
-1.81899e+06
-460157
-469821
-1.22149e+06
-388822
-1.47535e+06
-1.44259e+06
-2.95237e+06
-1.45584e+06
-1.31477e+06
-1.21408e+06
-1.86645e+06
-1.46222e+06
-734826
-597081
-35141.8
-1.03535e+06
242528
219443
199514
301557
-1.67271e+06
-1.55973e+06
-2.50334e+06
-1.82462e+06
-415351
-422677
-1.14018e+06
-333152
-1.50002e+06
-1.4651e+06
-2.97062e+06
-1.48313e+06
-1.27665e+06
-1.17264e+06
-1.77928e+06
-1.41488e+06
-699290
-557293
35085.2
-995101
265048
240318
244238
331316
-1.66299e+06
-1.54998e+06
-2.50099e+06
-1.8116e+06
-402439
-418969
-1.15419e+06
-326884
-1.54823e+06
-1.50184e+06
-3.03869e+06
-1.54245e+06
-1.26639e+06
-1.16995e+06
-1.77836e+06
-1.40951e+06
-679861
-548619
47575.6
-970652
259431
231568
221489
319370
-1.67974e+06
-1.57024e+06
-2.53563e+06
-1.8286e+06
-413740
-426859
-1.15572e+06
-335800
-1.58918e+06
-1.55353e+06
-3.11416e+06
-1.58418e+06
-1.26681e+06
-1.17371e+06
-1.78942e+06
-1.40744e+06
-667417
-537260
61228.4
-959364
244692
212278
180224
309528
-1.70541e+06
-1.59898e+06
-2.58266e+06
-1.86303e+06
-384157
-412233
-1.16424e+06
-284264
-1.61315e+06
-1.57749e+06
-3.17318e+06
-1.6087e+06
-1.25639e+06
-1.17131e+06
-1.79591e+06
-1.38976e+06
-615448
-488220
121236
-889553
249452
209727
145750
323274
-1.72317e+06
-1.61272e+06
-2.62461e+06
-1.87138e+06
-442017
-468959
-1.30574e+06
-349159
-1.67073e+06
-1.62401e+06
-3.28641e+06
-1.66675e+06
-1.27284e+06
-1.19097e+06
-1.86988e+06
-1.39475e+06
-597820
-482389
118942
-868568
225699
190824
62274.2
311480
-1.75465e+06
-1.64486e+06
-2.69683e+06
-1.89731e+06
-422624
-447115
-1.31608e+06
-318388
-1.66036e+06
-1.61842e+06
-3.30016e+06
-1.64459e+06
-1.27013e+06
-1.17973e+06
-1.88549e+06
-1.39396e+06
-614394
-498509
84323.2
-888808
240978
206641
51305.5
333976
-1.76179e+06
-1.65771e+06
-2.74611e+06
-1.90208e+06
-385791
-415528
-1.27268e+06
-268646
-1.664e+06
-1.62457e+06
-3.31342e+06
-1.63796e+06
-1.24355e+06
-1.15471e+06
-1.82708e+06
-1.35831e+06
-634833
-513193
60798.5
-909985
267102
225457
82381.5
370623
-1.76059e+06
-1.66114e+06
-2.76102e+06
-1.90073e+06
-354831
-394709
-1.27292e+06
-239346
-1.67506e+06
-1.63246e+06
-3.33651e+06
-1.65706e+06
-1.22594e+06
-1.1375e+06
-1.78672e+06
-1.35233e+06
-645120
-531865
48231
-931763
265546
223969
70511.3
359615
-1.78848e+06
-1.69141e+06
-2.79652e+06
-1.93969e+06
-373274
-406363
-1.28346e+06
-251767
-1.71665e+06
-1.67825e+06
-3.39958e+06
-1.70057e+06
-1.23972e+06
-1.15163e+06
-1.77359e+06
-1.37152e+06
-685109
-557376
19959.5
-969935
243524
198867
42364.2
337307
-1.82839e+06
-1.72059e+06
-2.83511e+06
-1.97947e+06
-337136
-379967
-1.27414e+06
-209240
-1.71756e+06
-1.67642e+06
-3.41968e+06
-1.70812e+06
-1.23951e+06
-1.15147e+06
-1.76486e+06
-1.38425e+06
-674083
-543059
45186.2
-961954
238593
193778
18778.6
325662
-1.8482e+06
-1.7341e+06
-2.853e+06
-2.01067e+06
-370332
-413498
-1.35727e+06
-238875
-1.75646e+06
-1.71066e+06
-3.48816e+06
-1.74269e+06
-1.27639e+06
-1.19025e+06
-1.80185e+06
-1.42965e+06
-700247
-572586
23222.8
-992982
196696
158225
-42039.6
282581
-1.88968e+06
-1.7808e+06
-2.88267e+06
-2.06426e+06
-369038
-410700
-1.36805e+06
-233112
-1.75464e+06
-1.72012e+06
-3.48774e+06
-1.73869e+06
-1.28926e+06
-1.18481e+06
-1.79046e+06
-1.43972e+06
-734591
-598200
11925.4
-1.04675e+06
194158
157707
-37709.3
278746
-1.94799e+06
-1.82694e+06
-2.96892e+06
-2.12909e+06
-367744
-414705
-1.39998e+06
-225382
-1.79634e+06
-1.76243e+06
-3.56828e+06
-1.77744e+06
-1.28231e+06
-1.17468e+06
-1.78467e+06
-1.42132e+06
-754993
-609867
2843.98
-1.07273e+06
193682
154021
-45596.4
284270
-1.97396e+06
-1.8478e+06
-3.01934e+06
-2.15574e+06
-365983
-426047
-1.43995e+06
-221030
-1.83962e+06
-1.79941e+06
-3.63149e+06
-1.83436e+06
-1.27405e+06
-1.1738e+06
-1.77844e+06
-1.41576e+06
-767752
-632378
8032.73
-1.09199e+06
181548
145874
-61827.3
269716
-2.01545e+06
-1.89504e+06
-3.05506e+06
-2.20843e+06
-382137
-426598
-1.47317e+06
-228268
-1.86209e+06
-1.8228e+06
-3.68747e+06
-1.84513e+06
-1.27289e+06
-1.17567e+06
-1.79069e+06
-1.41733e+06
-771464
-623264
19613
-1.09676e+06
170823
128717
-96988.2
259694
-2.04956e+06
-1.91671e+06
-3.10419e+06
-2.24205e+06
-387440
-448523
-1.49151e+06
-232442
-1.90181e+06
-1.86383e+06
-3.73985e+06
-1.90202e+06
-1.29787e+06
-1.1992e+06
-1.81858e+06
-1.44426e+06
-786050
-627371
47359.2
-1.11719e+06
143047
102373
-138096
221334
-2.09298e+06
-1.94509e+06
-3.11567e+06
-2.29508e+06
-440258
-504396
-1.61448e+06
-286118
-1.92821e+06
-1.87895e+06
-3.7706e+06
-1.92716e+06
-1.30801e+06
-1.21759e+06
-1.86598e+06
-1.44921e+06
-783196
-636848
81249.4
-1.12208e+06
114980
81205.6
-190229
203416
-2.10253e+06
-1.96955e+06
-3.10607e+06
-2.31694e+06
-6711.15
2161.63
111954
-32133.8
130223
121273
196144
131868
543424
552262
1.24912e+06
512609
-59718
55923
1.1767e+06
-335019
662544
720103
2.11582e+06
482706
1.20006e+06
1.1421e+06
1.99233e+06
1.27152e+06
-28298.4
-20137
89654.1
-66512.6
105735
103815
191306
105077
576323
581545
1.29812e+06
548206
-65223.5
49257.8
1.17569e+06
-341751
653036
708634
2.10052e+06
471265
1.1956e+06
1.1353e+06
2.00469e+06
1.25445e+06
-71774.2
-62480.7
43922.6
-114874
93816.1
92413.2
184384
83759.6
599846
610988
1.37508e+06
565041
-77035.7
40698.9
1.16881e+06
-348582
619406
676562
2.05419e+06
441186
1.20749e+06
1.14721e+06
2.05351e+06
1.27061e+06
-95595.9
-76612.9
-9539.58
-130907
99555.7
97135.3
192223
97097.8
659949
666754
1.47033e+06
623150
-60574.3
56043.2
1.17694e+06
-330485
615821
667399
2.03915e+06
430941
1.2289e+06
1.16876e+06
2.06439e+06
1.29289e+06
-94523.2
-72556.2
-1911.31
-129513
99140.6
102820
181427
107864
709033
718084
1.56612e+06
689141
-47261.6
64640.9
1.19447e+06
-318168
607289
672983
2.04587e+06
424099
1.2491e+06
1.18704e+06
2.10113e+06
1.31193e+06
-94712.7
-92146.6
-24267.2
-143115
120036
101931
167948
121112
733825
734939
1.61516e+06
690676
-41959.7
60027.7
1.21228e+06
-325242
619443
667302
2.07066e+06
423162
1.28863e+06
1.21801e+06
2.14382e+06
1.34957e+06
-104075
-78356.6
-26003.1
-133474
93811.1
96249.3
167659
91105.8
733740
740878
1.62869e+06
697119
-51819.6
74306.3
1.21862e+06
-320433
628036
703226
2.11467e+06
447985
1.3067e+06
1.25773e+06
2.19108e+06
1.38637e+06
-81623.5
-61660.4
13387.7
-120295
92500.2
95303.9
204605
82180
748355
743332
1.61131e+06
713098
-17163.6
95091.7
1.23836e+06
-282162
694622
755126
2.20039e+06
513080
1.36894e+06
1.30326e+06
2.27475e+06
1.44349e+06
-80192.3
-57851.2
26888.4
-109199
85941.1
85828.6
227263
70585.5
746681
743434
1.59242e+06
727115
-18676.1
87745.6
1.20462e+06
-267069
716901
772962
2.24458e+06
550956
1.40968e+06
1.34022e+06
2.33693e+06
1.50567e+06
-64010.1
-42447.6
26672.1
-90579
85401.5
89823.8
243832
72623.4
761318
753033
1.57345e+06
742975
-2242.24
100995
1.18489e+06
-243279
743845
788480
2.25998e+06
572460
1.45744e+06
1.38305e+06
2.37463e+06
1.55438e+06
-47890.9
-25363.9
53356.2
-75666.1
78826.8
92198.2
245118
57600.9
758376
752625
1.55358e+06
745774
-646.296
102248
1.16194e+06
-246256
766210
829145
2.31278e+06
590822
1.49849e+06
1.42019e+06
2.4226e+06
1.59188e+06
-36466.9
-26057.6
69257.6
-74147.2
77402.7
73387.8
244991
51055.9
750913
737822
1.54057e+06
729154
-1380.27
90285.5
1.15175e+06
-245483
799709
838472
2.37742e+06
616348
1.53438e+06
1.44609e+06
2.46629e+06
1.63377e+06
-25822.1
-15194.3
98021.3
-56321.8
58660.9
62711.9
219666
27758.9
736479
717896
1.521e+06
707455
-31551.8
68001.8
1.11811e+06
-281050
813985
857941
2.45522e+06
627593
1.54056e+06
1.45411e+06
2.47105e+06
1.6507e+06
-30800.2
-17903.2
100150
-70529
51413.7
62021.7
213497
21136.8
722146
705339
1.48326e+06
694257
-26906.1
77412.6
1.10898e+06
-266863
829141
871968
2.48059e+06
643843
1.5731e+06
1.4852e+06
2.50564e+06
1.68817e+06
-32104.1
-16105.1
120883
-68140.3
72945.8
75400.9
241229
49115.6
718781
700775
1.49708e+06
690397
-30329.2
64524.2
1.08772e+06
-268594
830773
870718
2.49726e+06
644446
1.6277e+06
1.52808e+06
2.57115e+06
1.75792e+06
-23110.4
-9948.29
146745
-67881.5
83133.1
87059.7
259562
64326.9
709729
696143
1.49793e+06
675987
-30986.1
63410.5
1.09646e+06
-270701
848701
882605
2.54722e+06
651181
1.65165e+06
1.54826e+06
2.58655e+06
1.77932e+06
-30603.6
-3824.03
149830
-70763
80057.2
87667.8
213643
66760.8
687248
677082
1.44924e+06
657510
-53016
46773
1.03682e+06
-290624
850597
902611
2.57452e+06
656286
1.6658e+06
1.55777e+06
2.56685e+06
1.79654e+06
-18686.7
-277.893
160653
-61449.7
100179
94429.2
203321
100587
651909
642163
1.40916e+06
611657
-51617.4
43194.3
1.02848e+06
-283224
861167
905013
2.60536e+06
662558
1.69918e+06
1.59433e+06
2.5894e+06
1.84986e+06
-28388.2
-11223.2
135750
-62787.5
93653.5
86998.2
168586
86523
644680
638854
1.42144e+06
609390
-82504.5
14110.3
1.00368e+06
-332871
830152
885499
2.56203e+06
636830
1.6879e+06
1.57801e+06
2.56256e+06
1.83635e+06
-48180.1
-27090.7
101645
-87532.7
76587.4
79338.8
178601
67844.1
649779
646598
1.41984e+06
615221
-110918
-4642.16
976778
-357212
820165
875319
2.52229e+06
631545
1.67563e+06
1.56718e+06
2.54288e+06
1.8216e+06
-29145.5
-16938
111887
-63899.8
117220
118263
257617
106297
675151
671131
1.4799e+06
637090
-105307
-4684.58
989284
-358587
822544
870055
2.51612e+06
631752
1.70617e+06
1.59124e+06
2.58655e+06
1.85997e+06
-72984
-53837.7
32519.1
-106829
103788
102999
252726
92863.6
673861
668684
1.48351e+06
632476
-141770
-36297.9
954282
-394865
772456
822661
2.44027e+06
573674
1.67562e+06
1.55912e+06
2.52878e+06
1.82026e+06
-82458.6
-57103.8
2803.68
-109795
97907.4
102827
224275
91059.8
683786
685050
1.50343e+06
650351
-167843
-62166.7
907946
-430390
754339
816116
2.41563e+06
559947
1.67156e+06
1.56176e+06
2.50544e+06
1.82281e+06
-43950.2
-30686.3
48139.1
-73069.6
135649
126325
283857
127336
698259
694380
1.55696e+06
646122
-178069
-71436.9
933428
-445069
773416
827498
2.45213e+06
576151
1.70508e+06
1.58741e+06
2.55515e+06
1.85526e+06
-35795.9
-22589.9
76839.9
-65126.7
131688
137338
302919
114291
705553
709480
1.57908e+06
662865
-201814
-84343
916686
-486283
777954
840635
2.4639e+06
570188
1.65446e+06
1.55736e+06
2.52582e+06
1.79224e+06
-44861
-32635.1
100148
-91501
139913
148277
364913
113141
727898
725620
1.59902e+06
688446
-204627
-89087.7
927284
-489425
802263
861108
2.51897e+06
593449
1.62472e+06
1.53045e+06
2.53389e+06
1.74473e+06
-40879.3
-29653.9
108214
-80732.5
184006
192648
466446
165295
758394
758134
1.63304e+06
728942
-223850
-105017
903231
-503152
816655
878299
2.54296e+06
622539
1.62753e+06
1.53374e+06
2.57236e+06
1.75338e+06
-44327.1
-27005.1
115533
-87121.2
202592
204883
512734
175589
789327
779641
1.66951e+06
755914
-226563
-111100
909006
-510190
826656
877413
2.55881e+06
622612
1.61644e+06
1.52267e+06
2.58586e+06
1.7231e+06
-47591.1
-25488.4
132360
-95197.8
207977
219521
525048
177429
789605
788759
1.66995e+06
768259
-252253
-136652
867531
-549462
822137
882438
2.56522e+06
610508
1.59907e+06
1.51396e+06
2.59902e+06
1.69327e+06
-22993
-5109.55
156555
-65858.5
247861
251797
596948
224135
799128
792315
1.67621e+06
770226
-280646
-160045
855367
-573287
831415
889366
2.60115e+06
626224
1.61607e+06
1.53098e+06
2.63941e+06
1.7136e+06
-5622.91
12173.6
220620
-56046.7
255744
257810
630718
218277
836340
830102
1.74226e+06
819803
-286943
-154158
898709
-596387
852112
912097
2.6596e+06
644386
1.61529e+06
1.53434e+06
2.66043e+06
1.71487e+06
-17073.1
3981.01
264273
-87747
233714
239136
642517
180688
876860
865834
1.77943e+06
867454
-298166
-162876
918822
-617643
862111
919010
2.68097e+06
651780
1.61116e+06
1.52651e+06
2.68178e+06
1.69969e+06
-36962.6
-15318.1
286375
-118065
226616
230503
678086
169197
921074
906935
1.8505e+06
917879
-319896
-181916
933334
-647073
852743
910495
2.68981e+06
640541
1.62457e+06
1.5389e+06
2.72369e+06
1.71548e+06
-50998.7
-17452.1
301137
-135506
213275
228205
681164
160675
965453
945937
1.90476e+06
964677
-312861
-168738
982021
-640132
853507
908498
2.70633e+06
633089
1.62684e+06
1.5438e+06
2.73823e+06
1.71485e+06
-52188.7
-15581.1
343405
-152214
206361
220899
657858
144728
987879
966652
1.91563e+06
995017
-311763
-171030
1.00156e+06
-655734
848248
910524
2.71931e+06
621371
1.62354e+06
1.53689e+06
2.73065e+06
1.70348e+06
-40184.9
-8093.54
375336
-141849
234927
240119
682808
189469
1.01822e+06
996907
1.9606e+06
1.02935e+06
-304150
-157681
1.05347e+06
-641531
857111
918494
2.74039e+06
637200
1.65226e+06
1.56564e+06
2.75145e+06
1.75031e+06
223357
207092
284430
254906
626179
644753
1.6499e+06
535785
-24293.4
79655.6
1.10646e+06
-262194
-14212.1
21506.7
341085
-95899.2
-156734
-208598
-1.0379e+06
-6613.57
-82537.7
-51683.8
164473
-161000
212272
190712
268075
241029
622794
642186
1.64128e+06
530270
2365.98
101187
1.17749e+06
-235059
11783.2
52535.9
430254
-73392.7
-138343
-185829
-1.00553e+06
17499.5
-106366
-70545.9
143705
-176245
184618
157567
217616
210431
613057
626255
1.63033e+06
513560
18095.6
111398
1.22655e+06
-233334
29530.2
60590.6
453817
-53151.8
-157376
-216495
-1.0563e+06
-246.78
-104906
-80724.7
142810
-183834
138068
112504
130827
156998
565618
587051
1.55897e+06
467673
-24050.8
76865.3
1.20302e+06
-287428
17467
43315.9
417853
-62501.9
-182456
-249721
-1.14136e+06
-23063
-123383
-96896.3
124594
-209109
90854.7
72197.7
64450
112315
523960
555504
1.49955e+06
422181
-24020.4
84048.8
1.21613e+06
-279970
-14491.4
26595
369858
-86574.6
-213364
-270166
-1.20355e+06
-48650.4
-178697
-138044
72362.5
-259514
53182.9
41151.5
-3441.49
72303.8
501945
532369
1.46191e+06
401341
-10760.8
105832
1.27546e+06
-278027
33415
69604.1
424250
-38856.9
-208029
-267863
-1.23319e+06
-34328.6
-190446
-149024
33642
-276179
82236.5
76877.4
60833.8
101582
513553
541830
1.51172e+06
406240
-8000.21
104846
1.30145e+06
-284852
46680.4
74753.9
439353
-27721.4
-212858
-271335
-1.23665e+06
-42367
-154772
-115108
94292
-247782
93807.6
87305.8
103530
112718
507022
546968
1.53581e+06
402016
-18373.5
100795
1.31418e+06
-293800
59265.4
97934.3
486026
-6488.41
-196516
-243658
-1.18534e+06
-15096
-131784
-83345.3
156885
-207788
107428
93308.4
112465
129821
518555
539699
1.55056e+06
411077
3517.15
105270
1.32532e+06
-269588
72904.8
89257.4
468738
14018.4
-170442
-238450
-1.17884e+06
23338.8
-97942.8
-69973.9
184405
-170878
96146.7
78903.9
90586.7
108086
467479
488751
1.47171e+06
347765
-32576.4
69840.2
1.26431e+06
-313274
45940
58211.2
389068
-16506
-174851
-255052
-1.23269e+06
7790.2
-99955.9
-78300.8
159025
-178112
72231
65526.9
86879.4
88430.8
407961
448685
1.41381e+06
284332
-70771.5
46852.2
1.20735e+06
-340882
18215.1
50864.3
352350
-29835
-178260
-241457
-1.22662e+06
18824.6
-121444
-79141.5
153451
-184662
84140.1
79681.7
103752
96952.1
398920
443603
1.42468e+06
269855
-43164.6
75656.2
1.27037e+06
-320630
58661.6
82674.2
383508
12950
-151633
-223589
-1.21127e+06
47618
-91044.2
-56094.1
166147
-157676
85335.1
83140.2
109691
97230
408974
455903
1.42918e+06
281856
-56861.3
59555.4
1.24203e+06
-343377
32367.8
55833.2
300009
-9466.04
-172480
-249383
-1.25978e+06
19907.9
-67340.6
-38768.5
175652
-135314
85792.6
77035.7
77479.1
104290
434111
477960
1.428e+06
312811
-56427.1
63539.2
1.23836e+06
-337112
48977.8
72158.8
293666
14632.9
-143340
-215852
-1.22568e+06
63483.3
-54893.4
-23992.8
151969
-98311.9
75420
67503.9
52144.9
92604.1
451247
487740
1.43202e+06
335001
-55076.5
46916.5
1.24268e+06
-356972
43343.5
54556.1
258012
5972.22
-146378
-233313
-1.24928e+06
56338
-34134.2
-18518.4
152903
-81901.4
67665.2
55302.1
38392.4
75773.6
457256
490106
1.42408e+06
344809
-111037
-6529.42
1.18906e+06
-426882
28705.7
39319.4
226701
-11535.7
-176490
-269452
-1.32226e+06
15856.9
-21498.9
-10382.4
163789
-72527.9
50280.9
33305.4
22908.8
52892.3
446459
482112
1.39682e+06
333768
-165232
-50092.2
1.11599e+06
-480326
21795.9
39580.3
223614
-15990.5
-180070
-271945
-1.32891e+06
14649.8
-39244.4
-22018.6
148215
-82199
1994.04
-1871
-36685.4
4240.52
444145
482419
1.39316e+06
339810
-195046
-57772.7
1.13294e+06
-510784
33516.9
54966.9
240966
9668.27
-198244
-281114
-1.36199e+06
4893.18
-50814.1
-29561.3
98669.7
-86295.3
38743.8
39234.5
41068.8
53510.3
504139
532528
1.47754e+06
404644
-178057
-43987.7
1.1814e+06
-495485
57916.3
69097.8
269528
31237.1
-225305
-299335
-1.4051e+06
-16488.3
-6424.77
5839.99
154440
-43755.8
45312.1
40487.5
29775.6
64266.1
522171
549578
1.48334e+06
423251
-154344
-22005.2
1.23235e+06
-472771
72064.8
88371.4
305973
40585.8
-229843
-304419
-1.43939e+06
-11074.7
-8302.85
6053.54
134759
-30986.1
74151.5
62286.2
27841.6
103154
579302
603033
1.552e+06
494220
-103968
23359.3
1.31186e+06
-424690
110341
120224
355634
86037.9
-224950
-306457
-1.46997e+06
791.252
32075.1
31185.5
164358
11375.9
93162
79763.8
55980.9
113593
603502
622306
1.60934e+06
510861
-110388
21407.7
1.34435e+06
-448021
121895
129034
391010
90932.5
-223777
-310695
-1.48431e+06
-6871.66
19689.4
16414.8
148175
-16465
51683.8
37918.6
2170.82
69059.6
560263
583014
1.55308e+06
456815
-117057
13968.9
1.3423e+06
-452322
91035.8
103014
351332
53511.7
-253430
-342263
-1.54817e+06
-34570.5
-57287
-54829.8
44590.2
-94818.8
61973.7
52397.3
25081.8
83534.8
576680
601735
1.6024e+06
477620
-96056.2
41172.7
1.42923e+06
-435697
134605
147239
446706
102214
-270446
-355223
-1.57773e+06
-48565.5
-81136.3
-68029.3
18915.1
-118894
97510.7
85401.5
82265.5
116786
615910
640410
1.67354e+06
514060
-100068
40288.8
1.42309e+06
-438452
126025
132912
403585
87342.5
-282520
-362858
-1.62947e+06
-59117
-72658.1
-51861.3
53871.6
-124404
85900.7
77781
79975.2
106681
625134
658834
1.69072e+06
530997
-111352
32628
1.40264e+06
-446486
128872
147520
419286
92829.7
-278506
-347300
-1.62116e+06
-53110.8
-105236
-70864.1
42518.3
-150526
68574.5
49745.7
26423.9
85535.2
666123
684923
1.74516e+06
574268
-99161.1
33216.3
1.40299e+06
-436158
131176
137947
419771
95591.6
-275070
-354211
-1.63532e+06
-39573.9
-116625
-97000.9
27198.9
-174989
78485.3
56346.5
31753.3
92754
672956
685006
1.76955e+06
569975
-104590
27055.3
1.39892e+06
-442749
113896
113550
383176
76585.3
-241007
-338283
-1.62606e+06
80.6102
-128007
-111578
15286.9
-193136
45621.1
32201.6
38332.3
50335.4
625378
651887
1.74588e+06
511725
-115217
23915.1
1.38624e+06
-451995
81878.7
95361.8
351035
40054.8
-237954
-325856
-1.61301e+06
70.7107
-211159
-176352
-41323.3
-288752
53952.2
47523.2
43675.9
66639.9
634741
667997
1.78402e+06
525799
-97505.8
45465.6
1.435e+06
-434263
96638.9
112141
375679
62466.5
-209627
-298609
-1.59362e+06
44665.1
-225988
-183390
-54215.3
-305810
80152
73039.2
108209
86954.3
661221
688627
1.83705e+06
545715
-95472.1
48203.5
1.44329e+06
-430492
88085
103598
372185
46420.9
-224799
-319102
-1.63259e+06
27549.6
-204616
-168993
-10827.2
-291170
82299.5
79635.8
138892
90432.6
661810
693421
1.82125e+06
551042
-67716.1
73638.1
1.46425e+06
-392746
118158
138015
440685
72405.6
-222048
-313548
-1.63922e+06
33795.5
-227968
-185157
-47461.7
-307073
61269.4
50057.5
108361
59913.2
658710
677159
1.80928e+06
542674
-38002.7
94425.6
1.4982e+06
-364609
119017
133536
463381
66926.9
-253821
-350592
-1.692e+06
-1206.32
-240992
-208914
-72331.4
-328219
47604.5
34645.4
99470.1
33881.7
636173
654760
1.79411e+06
510142
-34295.4
99651.1
1.53138e+06
-369169
110243
127310
481562
51449.1
-255546
-358280
-1.70624e+06
-7708.88
-245987
-211896
-62029.5
-337626
17298.7
16455.1
122014
-4929.95
582939
618992
1.76133e+06
448115
-19998.4
120541
1.56261e+06
-346727
109346
139549
529456
44089.5
-247564
-342969
-1.67071e+06
110.309
-289340
-236796
-70583.4
-386073
11762
16943
112839
-8016.47
568551
611758
1.75185e+06
441783
13263.9
154570
1.62628e+06
-310614
156664
185459
621248
100645
-250164
-344485
-1.69256e+06
8011.52
-292507
-241205
-84932.7
-387317
440287
380165
221826
579630
-540505
-511952
-933313
-561825
-327675
-299509
-506583
-344599
-714617
-606827
-376945
-925926
475305
431515
462152
572109
-540667
-500221
-756385
-602952
427194
358271
176061
567503
-540562
-515917
-955258
-562849
-322263
-304665
-515062
-340608
-685049
-579415
-336401
-885558
481625
429403
430034
589946
-554020
-515740
-756876
-621705
447449
378017
192540
588837
-555271
-539837
-994425
-581666
-308004
-292911
-505865
-337235
-684904
-586857
-352000
-902779
483599
421470
409309
585726
-547120
-506730
-748922
-627363
456691
375166
172246
597113
-602965
-587037
-1.08576e+06
-629624
-302904
-289028
-463757
-332386
-710156
-612347
-352197
-939210
486514
426266
411285
591961
-566214
-526927
-788143
-643440
419020
338898
87955.6
566508
-649758
-624671
-1.18265e+06
-671097
-300403
-280754
-423181
-335727
-718747
-607396
-343623
-934985
481941
423375
384269
596810
-585630
-545707
-833144
-651163
390667
314848
26985.3
540524
-665416
-636161
-1.20838e+06
-681649
-273925
-244781
-347443
-298582
-711499
-604619
-347625
-923105
474042
419851
341245
598907
-605425
-569114
-872893
-676942
398737
335306
41700.2
557863
-656640
-630656
-1.2026e+06
-677265
-273633
-245285
-364144
-305320
-714275
-607585
-378811
-930147
503660
451219
372184
630603
-588319
-543441
-843368
-657610
425595
351484
69686.1
590212
-662898
-639227
-1.19255e+06
-677356
-278173
-262376
-392323
-307005
-690388
-595775
-364010
-889559
537674
470691
416449
676213
-558293
-521541
-789096
-615049
444924
371003
95919.7
601632
-690944
-667805
-1.2418e+06
-717296
-310275
-296640
-464872
-352521
-719181
-623101
-419188
-931368
560123
486719
431129
695174
-561702
-521336
-817746
-630421
460830
383519
137672
611572
-737729
-709169
-1.28391e+06
-774992
-352704
-330532
-497945
-397793
-739050
-633877
-415671
-955974
577043
512015
468199
714944
-561105
-517618
-807236
-627192
453090
376983
137011
607178
-780051
-749755
-1.32435e+06
-818173
-369448
-342601
-500595
-412441
-741213
-637903
-410623
-948678
605908
533023
512763
753398
-548432
-511640
-787842
-602478
468624
394476
160045
627132
-810072
-774952
-1.35497e+06
-857969
-355277
-330971
-505808
-387832
-733584
-637455
-435805
-940948
628151
556573
523995
775303
-536833
-507368
-780427
-600115
479916
413616
184745
646144
-818372
-775869
-1.38569e+06
-858497
-392130
-369336
-598064
-430923
-760609
-660413
-505067
-966855
658451
581523
570974
807392
-536886
-506044
-788829
-596532
482117
406942
163564
645490
-806171
-767331
-1.39113e+06
-844056
-426745
-412884
-676414
-472704
-767545
-673463
-542205
-974018
671611
580226
568690
820753
-542988
-515641
-796559
-602147
484720
412866
164214
650073
-839475
-801477
-1.46663e+06
-873154
-500665
-482456
-809378
-554917
-833817
-734145
-633578
-1.04395e+06
651310
562735
538943
797925
-581737
-545750
-874373
-645892
509494
430854
179582
676809
-858058
-822316
-1.52861e+06
-890909
-556458
-531594
-877698
-617922
-869074
-759785
-676314
-1.08395e+06
661979
578554
569695
806171
-597454
-557943
-924223
-654268
504494
421081
157677
670814
-861356
-822277
-1.56046e+06
-882416
-594094
-564912
-901574
-663816
-872194
-761815
-670803
-1.08544e+06
687131
596369
612218
837110
-593502
-559831
-937925
-636298
505074
429372
175312
670999
-853556
-818922
-1.56025e+06
-877568
-611034
-573290
-903479
-680051
-877618
-765999
-689387
-1.09173e+06
687005
601640
625529
827738
-594661
-568687
-956324
-647124
515976
441533
209422
690515
-828694
-793844
-1.52472e+06
-844049
-624053
-574811
-903903
-681979
-894388
-787132
-701632
-1.1172e+06
665243
592620
613865
810624
-585748
-550901
-929116
-627716
520790
440285
210475
692684
-814060
-776060
-1.47436e+06
-833509
-616178
-572281
-890713
-684118
-899199
-784152
-676288
-1.12166e+06
647747
570653
586709
792870
-602791
-573453
-933039
-652451
524035
442893
194342
703308
-823666
-792305
-1.50317e+06
-840453
-613598
-574607
-889620
-681619
-927954
-815358
-710761
-1.15465e+06
645548
568538
560697
798687
-639368
-606727
-1.02099e+06
-691992
532200
447991
185688
714893
-844094
-814374
-1.54633e+06
-867723
-616778
-573138
-866803
-689726
-957087
-837854
-716372
-1.19801e+06
653519
575774
548453
812186
-680617
-645818
-1.10564e+06
-734252
529764
441307
151322
715197
-850423
-817153
-1.56425e+06
-869705
-594745
-548753
-807710
-673913
-956636
-832545
-683546
-1.19967e+06
657326
572158
533706
818470
-699372
-669079
-1.14558e+06
-744187
530962
446795
119502
728733
-835635
-797681
-1.54059e+06
-849664
-556998
-503828
-731329
-627223
-956004
-829725
-683102
-1.19763e+06
633103
553484
464474
797501
-720276
-686340
-1.19189e+06
-768630
563465
468945
147526
762002
-805943
-773776
-1.4893e+06
-825727
-546388
-496071
-722787
-613716
-969105
-849389
-709864
-1.22791e+06
640095
558619
456681
798471
-725870
-687221
-1.17592e+06
-784806
581720
477835
177282
775724
-805655
-775429
-1.46012e+06
-829638
-545719
-505279
-741429
-615955
-983369
-861503
-721961
-1.23707e+06
653389
568157
476451
815552
-754724
-712775
-1.17235e+06
-818768
577061
480882
185565
768224
-827932
-798186
-1.50073e+06
-858926
-569949
-534894
-800401
-645219
-1.03392e+06
-909834
-788553
-1.29943e+06
655337
563666
469431
816880
-796809
-748811
-1.23652e+06
-877754
582929
488709
209476
772774
-851513
-813197
-1.52131e+06
-885648
-599854
-556370
-837693
-669310
-1.06988e+06
-935125
-806370
-1.34615e+06
657732
575223
480109
821068
-850842
-793111
-1.29627e+06
-934698
571815
470975
184346
759766
-859876
-823253
-1.51862e+06
-892894
-609885
-565277
-850732
-683692
-1.08706e+06
-951067
-798896
-1.36461e+06
668571
585267
500388
837845
-889994
-835174
-1.33361e+06
-976860
549042
452409
151285
736061
-860086
-819100
-1.50353e+06
-895882
-585780
-536088
-819118
-643643
-1.1017e+06
-966227
-820409
-1.38404e+06
676972
593799
489118
853411
-956544
-895124
-1.40895e+06
-1.05931e+06
554671
460505
168357
739166
-846744
-814977
-1.49914e+06
-884147
-579446
-536356
-835300
-639236
-1.1283e+06
-990642
-842995
-1.42185e+06
687361
596208
493450
858924
-958475
-899878
-1.40938e+06
-1.06439e+06
549254
453452
179153
731444
-873729
-843876
-1.53093e+06
-918934
-579239
-543600
-852949
-639762
-1.14847e+06
-1.0067e+06
-858001
-1.44679e+06
674325
575538
464810
842550
-985717
-926561
-1.41872e+06
-1.09933e+06
569557
479286
240474
746278
-899653
-861805
-1.55698e+06
-943737
-590959
-552678
-870128
-653903
-1.16631e+06
-1.01754e+06
-836852
-1.46875e+06
677540
583118
488788
849399
-1.01681e+06
-947754
-1.45153e+06
-1.13502e+06
600196
508099
314261
770968
-906256
-867550
-1.57749e+06
-953183
-572684
-529047
-828544
-630321
-1.14714e+06
-989526
-758554
-1.45724e+06
713773
623153
542501
888837
-1.03569e+06
-960994
-1.48721e+06
-1.15085e+06
590430
494843
315946
757316
-927887
-891406
-1.61512e+06
-972862
-543088
-501676
-772139
-601452
-1.11949e+06
-963871
-674735
-1.43747e+06
736242
639839
583038
912732
-1.05101e+06
-981961
-1.5113e+06
-1.16562e+06
549143
459736
280166
703254
-970822
-934512
-1.6796e+06
-1.02773e+06
-504668
-464510
-715253
-555645
-1.12985e+06
-973505
-665371
-1.45707e+06
710764
616641
547197
878012
-1.10263e+06
-1.03573e+06
-1.5809e+06
-1.23512e+06
8990.16
-17453.5
-195877
44663.7
295087
315077
896849
216140
863163
894661
2.20775e+06
759267
279998
302899
839085
216809
138893
125383
137434
152806
1.11378e+06
1.03396e+06
1.5567e+06
1.23719e+06
-27268.9
-56763.7
-256133
3213.8
262311
279758
859352
188005
909392
927657
2.28059e+06
811633
286073
292041
841347
220519
122953
109012
115941
147070
1.07548e+06
984946
1.50323e+06
1.18662e+06
-46170.5
-61859.8
-295511
-3384.21
260787
284684
811983
201029
938177
968938
2.36573e+06
830989
288594
311675
858457
231272
128986
114329
123975
152975
1.09011e+06
1.00908e+06
1.50162e+06
1.21537e+06
-76193.6
-94059.3
-335004
-39716.1
284775
304367
840329
223480
948361
980477
2.41299e+06
841136
298848
320029
860610
247875
98705
91053.4
74721.4
126395
1.12687e+06
1.04272e+06
1.58308e+06
1.25663e+06
-76962.2
-87608.4
-338254
-32333.2
307499
330674
873296
253686
976271
1.00669e+06
2.48349e+06
867478
320358
343731
870919
275012
92327.6
90474.3
60995.7
117165
1.1839e+06
1.10124e+06
1.65664e+06
1.32247e+06
-81387.3
-99037.4
-359538
-40991.7
290003
304641
843210
224396
1.01735e+06
1.03625e+06
2.57479e+06
897752
359034
373755
932252
309196
102591
98869.8
65358.6
134886
1.20224e+06
1.11287e+06
1.67241e+06
1.33862e+06
-96233.7
-108495
-375875
-57777.7
258857
280841
830262
189934
1.02857e+06
1.05397e+06
2.60312e+06
900939
393697
403295
980902
352218
138860
120711
106033
164032
1.2329e+06
1.14679e+06
1.71697e+06
1.37776e+06
-83262.5
-100753
-346956
-46736.9
239629
261134
826681
167849
1.04856e+06
1.0624e+06
2.61817e+06
931281
412305
411875
994066
377854
155941
140765
142759
198277
1.2472e+06
1.14916e+06
1.73832e+06
1.38981e+06
-81036.6
-86158.8
-338027
-39798.1
220874
243432
807142
143435
1.03295e+06
1.05718e+06
2.60701e+06
910765
409565
412948
982066
374204
174037
154530
166945
212558
1.26643e+06
1.17258e+06
1.74316e+06
1.41493e+06
-73637.4
-80490.7
-331165
-25481.3
210902
234326
803900
130431
1.01417e+06
1.03971e+06
2.55584e+06
902617
387523
388374
908901
361789
161691
146751
143527
207321
1.30475e+06
1.20583e+06
1.80198e+06
1.4647e+06
-46825.3
-54638.8
-305540
5930.5
203965
239926
808295
121802
1.02571e+06
1.05605e+06
2.54947e+06
922556
387671
401339
873429
377495
189554
185029
176191
240914
1.34512e+06
1.25554e+06
1.84057e+06
1.51587e+06
-8618.92
-26041.3
-257106
44032.2
209821
242424
850434
118472
1.06163e+06
1.07513e+06
2.60643e+06
949388
434224
428966
914619
422379
249462
234351
261381
307000
1.39217e+06
1.28766e+06
1.88216e+06
1.56445e+06
-29339.3
-52960.9
-305443
16302.3
201535
230553
812884
108353
1.07277e+06
1.08682e+06
2.63065e+06
950580
454025
445349
910486
449357
304103
262102
318705
355492
1.41041e+06
1.30123e+06
1.87535e+06
1.59913e+06
-60262.5
-72851.1
-345744
-17783.7
163185
196088
736083
70785.6
1.04398e+06
1.06011e+06
2.60155e+06
912960
447307
442618
881958
448412
284755
253812
300234
334943
1.39322e+06
1.28054e+06
1.83514e+06
1.56893e+06
-75620.1
-89373.3
-359405
-34678.6
149867
183136
686939
75272.9
993931
1.01407e+06
2.57294e+06
846613
424683
416562
850305
425385
282257
238337
309206
321292
1.39081e+06
1.26965e+06
1.78805e+06
1.57684e+06
-61758
-73281
-326379
-13164.9
192931
215206
716991
125490
974518
1.0008e+06
2.55805e+06
834016
430991
416540
821481
437948
267009
231968
285891
315969
1.44623e+06
1.32048e+06
1.86082e+06
1.64967e+06
-56070.7
-74446.3
-301607
-23932.7
206194
233608
726034
137483
942622
969879
2.5209e+06
788512
420794
412937
799873
426851
257000
222056
289700
293707
1.47839e+06
1.35084e+06
1.87871e+06
1.68426e+06
-79264.5
-86523
-310752
-47106
193071
218877
718507
112875
922569
960617
2.53505e+06
761559
398601
391111
779948
394642
266444
243701
332615
307763
1.4723e+06
1.34874e+06
1.83934e+06
1.68611e+06
-87073.1
-97500.8
-324411
-57039.5
187875
209272
699738
113419
951839
987622
2.60936e+06
783607
422860
412487
831893
423037
270257
242912
330826
312171
1.46737e+06
1.3344e+06
1.81744e+06
1.68296e+06
-88036.9
-95677.2
-334908
-51647.1
177301
206497
690721
108140
981798
1.01854e+06
2.66965e+06
822113
430933
423141
852251
430723
261784
240442
293166
312752
1.44375e+06
1.31293e+06
1.78147e+06
1.65117e+06
-81124.9
-93823.2
-347292
-39158.9
187073
211096
678375
125218
992425
1.03272e+06
2.71728e+06
825170
432037
419623
880634
425378
252308
217802
273642
294043
1.43629e+06
1.29718e+06
1.73467e+06
1.64844e+06
-83927.2
-96549.8
-348384
-42524
232917
258281
768607
168912
987451
1.03311e+06
2.73075e+06
819432
414390
406797
863132
400983
209750
183353
228488
246546
1.46173e+06
1.32853e+06
1.79709e+06
1.68241e+06
-79124.5
-90576.8
-353201
-32572.9
268932
287949
837355
197032
998667
1.03995e+06
2.76752e+06
825577
396905
390932
849138
377373
180546
158665
189295
215790
1.47807e+06
1.3415e+06
1.8147e+06
1.69468e+06
-61884.6
-75539.5
-359262
-132.229
275751
302442
859228
209065
1.03569e+06
1.07997e+06
2.85261e+06
865177
417635
418921
901329
404149
169090
154960
157711
219271
1.46727e+06
1.34085e+06
1.78326e+06
1.69689e+06
-77935.9
-99151.2
-403941
-27953.3
272590
297490
869479
200226
1.0612e+06
1.10599e+06
2.89471e+06
881320
440117
433674
934126
423553
183383
160952
150961
219674
1.42954e+06
1.30824e+06
1.73508e+06
1.64629e+06
-108287
-123121
-418118
-67397.9
257665
291277
882155
183621
1.07373e+06
1.11871e+06
2.92808e+06
905963
435182
432679
942910
415468
179122
167697
168585
222049
1.36884e+06
1.2508e+06
1.6912e+06
1.56566e+06
-101355
-121367
-414369
-62210.5
277083
299349
897830
202093
1.07499e+06
1.11725e+06
2.93022e+06
897553
416707
408358
929583
386575
187266
161223
175082
225153
1.37198e+06
1.24732e+06
1.70079e+06
1.56368e+06
-81174.4
-101664
-380010
-34709
327749
353908
998192
261391
1.09152e+06
1.13899e+06
2.95471e+06
924461
404925
402312
905648
380116
196668
179395
177333
246941
1.40797e+06
1.28882e+06
1.80498e+06
1.60553e+06
-61342.2
-81861
-362991
-12181.3
370453
393265
1.07035e+06
291344
1.12203e+06
1.16518e+06
2.9967e+06
954910
390865
390006
884222
355294
223377
201262
194975
266160
1.41545e+06
1.30011e+06
1.82658e+06
1.60032e+06
-38917.7
-61322.4
-342855
18344.5
389377
417081
1.12136e+06
314007
1.14653e+06
1.18277e+06
3.03672e+06
980315
383704
389436
891561
347844
249812
232874
232029
306573
1.39758e+06
1.29048e+06
1.81992e+06
1.58479e+06
-67354
-89502.7
-374875
-19180.3
368541
384491
1.07354e+06
290222
1.19275e+06
1.23217e+06
3.09555e+06
1.03713e+06
412316
415099
953376
380370
275238
236691
255956
332769
1.38203e+06
1.26678e+06
1.77854e+06
1.57407e+06
-100918
-118899
-391175
-65931.3
313549
336784
986929
232833
1.22778e+06
1.26352e+06
3.12874e+06
1.08428e+06
414871
422445
968094
386258
241382
214518
200130
301366
1.32867e+06
1.21593e+06
1.69941e+06
1.51355e+06
-96990.3
-114871
-368502
-67120
308103
329145
958635
234156
1.25586e+06
1.29039e+06
3.17811e+06
1.10854e+06
451767
457715
1.05923e+06
418215
256158
220405
226230
310628
1.34141e+06
1.22458e+06
1.68407e+06
1.53046e+06
-114201
-130193
-357628
-91928.8
317777
331111
985653
236685
1.27072e+06
1.30198e+06
3.19883e+06
1.12735e+06
436845
438832
1.05318e+06
390590
232663
200370
201946
284091
1.37424e+06
1.25189e+06
1.76185e+06
1.5595e+06
-118640
-128070
-343131
-99086.2
327050
352609
1.00997e+06
245352
1.29923e+06
1.33136e+06
3.24563e+06
1.15795e+06
428921
443523
1.07825e+06
375930
226291
199345
204814
274953
1.39475e+06
1.2823e+06
1.79865e+06
1.5854e+06
-102910
-109829
-305206
-81821.4
313029
335686
1.00702e+06
216922
1.33823e+06
1.35934e+06
3.30532e+06
1.19208e+06
452448
461096
1.14941e+06
385091
233505
206268
222653
277732
1.3831e+06
1.26327e+06
1.77373e+06
1.56205e+06
