458.912
-1962.22
3251.98
-548.008
2569.63
116.673
992.071
-47.3762
-11312.3
-9540.99
-9248.25
-3880.6
10984.9
6255.77
7557.56
4611.75
-10718.3
-5638.47
-10747.3
-2035.76
14294.9
8800.65
10711.3
6194.26
-17040.6
-16493.3
-5502
-9671.1
4291.43
5576.24
9782.82
1681.5
-12132.5
-12329.1
-1111.57
-5039.55
23372
20283.4
17713
8743.38
6890.76
5980.71
9775.75
1508.26
25627.7
18246.9
28566.4
10436.2
-59324.8
-50331.2
-50152.3
-25542.8
-14615.9
-17563.1
-13996.5
-11258.6
-33537.4
-27842.3
-27039.1
-13546.8
-5382.5
-1716.15
-15289.8
-6453.06
-11137.6
-17789.4
-8845.2
-9591.2
10576.2
1393
11766.3
-73.5391
-78797.2
-57821.5
-61039.6
-29227.6
-42857
-30385.1
-33739.6
-15782.6
-35748.5
-28644.9
-24503.4
-13123.2
-30670.8
-6711.15
-39009.7
-9567.15
-38419.2
-29051.5
-32077.2
-15490.6
-912.875
-1991.92
3177.03
-84.8528
-128914
-99444.7
-105897
-51971.6
-69646.5
-54155.9
-54484.7
-29014.7
-66685.1
-48325.8
-54602.8
-25175.8
-59551.8
-19852
-63290.3
-16091.6
-63664.4
-47362
-51477.4
-25420.5
-12624.7
-10970.1
-6661.65
-4432.85
-163440
-115260
-136098
-55913.1
-82824.1
-62125.7
-68491.8
-29605.9
-68578
-48262.2
-60401.1
-23642.1
-69178.4
-21974.1
-75178.9
-18534.7
-76798.2
-58716
-61287.1
-26954.2
-11309.5
-6502.55
-10753.7
-1706.96
-168371
-124205
-142102
-62864.6
-94637.1
-78638.1
-83232.8
-41449.9
-70198.7
-50607.6
-55766
-25503.9
-86983.3
-42487.2
-81926.1
-29315.2
-97802.1
-77624.1
-78713
-36449.9
-5709.89
-11555.5
5811
-5575.54
-205267
-144552
-190164
-74902.4
-129603
-78501.6
-121642
-41991.5
-82940.8
-57072.7
-72768.4
-27007.9
-117679
-54688.3
-123517
-36580.8
-82706.7
-65786.4
-77854.6
-32748.2
-38927.6
-28958.9
-31952.7
-13434.3
-208823
-135894
-188047
-68882.1
-133390
-86641.1
-118747
-50159.3
-66262.3
-38635.6
-54153.1
-17127.5
-130593
-59169.3
-129712
-38502.7
-60686.7
-47896.6
-53296.8
-19536.7
-42067.2
-28188.1
-26638.8
-13720.7
-215846
-146936
-192223
-75907.9
-199398
-130223
-180875
-73305.8
-48100.9
-36537.6
-35992.4
-15690.7
-165107
-83974.6
-161148
-53428.3
-46416.6
-43895.8
-42184.6
-21039.3
-68631.1
-56277.2
-44745
-25839.8
-225071
-155420
-204380
-79514.2
-234655
-154414
-213150
-80997
-49054.8
-37393.2
-38696.4
-15689.3
-195849
-108848
-188447
-63323.5
-34251.5
-36474
-29581.1
-15007.6
-72620.6
-66010.5
-51724.2
-27911.6
-235200
-151200
-206776
-77991.8
-236162
-148379
-209787
-78265.4
-29451.7
-25155.3
-20734.5
-8995.81
-204886
-106613
-193515
-62825
-8341.03
-16231.6
2049.9
-2909.74
-66270
-56667.5
-47560
-22588.5
-243050
-161126
-217626
-84023.4
-223929
-146380
-208217
-79107.6
-39139.8
-38550.8
-28321.7
-16399.9
-192431
-102955
-181415
-60650.7
-10492.1
-16368.8
-9604.63
-5079.15
-62464.4
-64939.3
-42512.7
-29110.2
-250328
-170357
-230405
-90982.7
-233737
-150537
-215744
-83879.1
-51865.6
-54204
-39002.6
-24253.8
-188477
-105291
-179815
-63032.2
-11875.2
-19347.9
-16215.4
-11704
-88446.3
-82959.9
-66225.5
-38090.4
-276432
-174591
-251087
-90784.7
-241508
-154397
-220001
-85900.7
-81398.6
-63795.9
-63379.4
-27564.4
-209710
-113764
-196655
-67318
-36146.6
-26335.5
-35083.8
-12175
-127193
-101528
-93913
-46887.5
-258391
-166175
-236005
-88794.2
-258833
-168411
-235048
-93128.8
-80510.5
-72922.5
-60823.9
-32834.5
-215907
-117385
-202602
-70055.2
-42034
-30564.7
-44940.9
-17867.2
-154726
-128232
-117467
-60246.2
-270212
-170777
-256266
-92150.9
-249344
-160010
-234295
-87522.8
-108711
-88406
-94070.7
-41292.9
-209784
-113535
-204137
-66977.9
-41607.6
-20583.9
-54299.4
-14867.6
-175397
-144284
-145745
-68326.3
-270282
-158917
-244921
-86922.5
-231725
-144357
-210150
-80058.6
-112269
-87199
-90699.9
-40940.8
-207767
-105170
-196255
-63752.7
-43831.4
-14722
-46815.4
-12460.6
-195285
-148231
-158202
-70728.4
-259172
-155760
-238726
-85569.1
-243174
-155310
-219008
-84009.9
-105911
-82522.9
-83932.9
-37155.6
-185184
-97871.4
-172001
-55745.5
-47449.7
-16718.1
-51916.5
-13418.8
-174906
-138665
-137572
-63794.5
-271549
-166767
-258721
-92027.8
-249390
-153465
-230472
-83205.3
-93140.8
-79600.4
-77612
-35397.1
-185271
-100565
-179901
-59215.2
-42512
-12865.1
-54184.2
-15009.8
-170202
-137953
-138464
-62788.3
-275049
-160122
-257382
-86718.2
-256983
-159074
-233815
-86352.6
-66082
-48173.1
-53851.1
-17855.2
-184054
-97285.2
-180575
-57603.7
-61055.8
-20998.2
-69627.4
-15797.5
-137356
-112658
-104629
-48879.5
-248505
-142924
-235389
-79351.5
-262211
-162315
-238212
-88172
-14501.3
-21609.9
-9311.18
-5851.31
-169269
-83810.5
-165377
-51997.8
-53397.2
-8468.31
-68464.9
-14477.3
-101069
-93712.9
-70229.8
-36942.8
-252480
-145539
-241780
-80939.7
-284500
-182245
-258069
-96745.6
-3025.71
-7223.8
-3332.59
-1407.14
-169239
-84236.9
-164465
-49713.8
-66777
-13500.8
-83218
-18333.9
-60585.6
-70717.7
-34341.3
-25870.2
-248468
-138208
-232870
-79313.3
-278459
-174239
-249968
-92807.8
22707.3
13082.9
18119.6
6729.54
-151347
-68903.3
-150699
-44688.4
-72323.6
-11038.6
-84507
-17771
-25138.4
-45693.9
-7252.79
-14508.4
-269150
-151740
-252091
-87107.8
-288063
-183215
-259401
-97485.3
51473.8
38199.3
46543.2
21625.4
-132638
-55063.1
-132814
-37017.7
-109319
-32116.8
-116653
-27300
-11881.5
-35891.3
2982.58
-10530.2
-287941
-172713
-263663
-98507
-299264
-191320
-264974
-101355
97763.9
61611.6
85902.2
30949.4
-131636
-52675.2
-140240
-41179.8
-110176
-41717.2
-114027
-35607.8
-37769.4
-57200
-22837.4
-25000.5
-303122
-180633
-278833
-98152.8
-299270
-199131
-260075
-101343
119605
86889.3
103422
48562.7
-134285
-49837.6
-139107
-36655.7
-132858
-58031.5
-132134
-35690.5
-36186.9
-43366.2
-19270.8
-14075
-316539
-195082
-284569
-106044
-329247
-222587
-288864
-114140
158241
108329
136433
56749.6
-146023
-56226.3
-152966
-42457.5
-124313
-52026.8
-127023
-35514.4
-37268.1
-49064
-22426.6
-18618.1
-326267
-206737
-296786
-111928
-330892
-232373
-286118
-116774
195828
139826
168416
70966.7
-120654
-34207.7
-132606
-30533.6
-126670
-54595.7
-129844
-38685.8
-7563.92
-21595
-2983.28
-7269.06
-345427
-216680
-306966
-113233
-347797
-247641
-297353
-121929
224133
158439
190271
80161.2
-110691
-26195.5
-123083
-26636.7
-134594
-60560.2
-132619
-38924.1
-5827.27
-16189.9
-2881.46
-4997.83
-338536
-215585
-300784
-115770
-354376
-262136
-300402
-130345
213487
150643
187936
72683.5
-85179.5
-14986.4
-92065.3
-16518
-131076
-54985.3
-132049
-36023.6
11771.9
-4593.37
17527.1
-1737.36
-360326
-235055
-320370
-126272
-380086
-273578
-320781
-135074
166389
115740
146885
55737.7
-63204
-1755.04
-77297.4
-11737.3
-108833
-40974
-116716
-32262.5
-35536.4
-32395.4
-22790.8
-17662.8
-378347
-245698
-334078
-128541
-382734
-284658
-319851
-141784
144042
109307
128815
54582.3
-63586.6
-2052.02
-79869.1
-12889.8
-99073.4
-33792.6
-107962
-25600.8
-69283.7
-55679.7
-47060.1
-28316.8
-362922
-232599
-318653
-122518
-394330
-290115
-329679
-142331
152603
109701
138433
54813.5
-36638
22624.6
-57391.6
-298.399
-62382.4
-504.167
-82219.5
-12304.4
-86984.7
-66576.2
-62773.4
-32892.5
-367871
-243385
-328076
-129368
-392736
-296981
-325522
-143949
132418
97086.5
112589
44208.3
-6496.9
42270.8
-26329.8
12170.7
-28239
26527.1
-51708.6
-256.68
-89342.9
-71291.2
-72122.1
-36126.1
-381782
-242980
-341676
-126874
-380223
-285832
-318108
-136265
114118
87844.6
91414.1
40403.4
22119.7
67472.8
-7537.05
22823.3
-9176.83
45011.6
-36870
9855.65
-109226
-76216.2
-97027.8
-38622.9
-24045.2
-17025.7
-28310.4
-9068.64
4990.76
5896.56
4273.05
7521.49
-33534.5
-21088.8
-38315.3
-12474.1
20112.9
17979.6
17959.8
10803.9
-1166.73
3488.86
-7545.54
-1352.7
-11633.3
-14367
-11740.1
-5777.06
-41937.8
-29000.6
-34391.6
-17977.5
47994.9
26937.9
49053.4
16019.5
-19871.1
-8312.04
-15805.3
-6274.87
62654.6
41897.5
64203.9
23809
17996.6
17085.8
12529.2
6777.62
-27816.2
-29035.2
-22496.6
-13842.3
-95375.3
-62487
-75680.2
-31538.4
49923.2
29641.9
51655.6
17586.5
-56497.1
-28673.2
-55917.3
-15629.9
69705.9
45779.5
61667.5
26369.4
9928.49
936.209
8181.93
1574.02
-76048.6
-57741.6
-64849.5
-30480.5
-94090.5
-72220.4
-81141.2
-35981.8
77128.4
43710.5
76919.8
29576.2
-49035
-26998.8
-49714.6
-17112.7
123177
83039.1
113068
45640.9
27905.3
18886.8
20475.7
8029.2
-110164
-84585.5
-98318.2
-43820.1
-115792
-90592.4
-96732.9
-46959.7
104841
56284.3
102424
33243.2
-63914.7
-33714.9
-59887.7
-23244.7
158330
100517
151211
53199.9
47097.6
32767.3
41844.5
17025.7
-147906
-110098
-129282
-57623.5
-158007
-111337
-146339
-55568
99120.1
54153.8
96773.9
33968.7
-120064
-69505.8
-113196
-39331.4
147157
91774.7
132708
48006.2
32287.9
17865.1
29231.8
8916.62
-206194
-141641
-191557
-75018.4
-185115
-125135
-169119
-61691.5
87656.5
44407.7
88557.3
29914.2
-139632
-80449
-135912
-45496
139707
83391.2
127836
45948.5
-762.968
-1317.34
2682.76
189.505
-253148
-168193
-227270
-88286.5
-195905
-134087
-178752
-67180.1
100195
45276.8
101417
29813.7
-117410
-62255.1
-114869
-36925.1
151512
85194.3
143786
47820.9
7846.06
-723.37
8391.94
3494.52
-283918
-194149
-256721
-101526
-207650
-138965
-181912
-71311.7
93734.1
45563.1
98047.4
29866.1
-119150
-57808.8
-113018
-32988.7
120927
65872.7
114241
35450.1
12741.4
-9273.71
21903.3
1492.7
-334082
-218678
-297411
-117788
-207133
-141539
-188373
-69983.1
108793
46814.7
115672
34263.6
-94463.1
-52842.1
-92521.4
-33124.4
134402
72727.3
126223
40810
32030.5
4589.12
38692.9
8483.87
-367186
-246504
-328651
-130605
-204743
-141928
-190545
-72431.8
118945
46833.1
121951
34038.7
-94715.5
-52142.1
-91513.1
-32015.7
148437
78613.3
138079
42837.9
59600.6
18856.4
63467.1
17914.6
-402316
-270403
-364215
-143667
-216974
-137447
-204695
-70963.1
101804
35567.5
106286
26295.2
-120601
-67284
-118935
-40673.5
104004
55185.4
89591.1
29256.5
33808.9
-4648.52
46811.2
5138.54
-461343
-298783
-425625
-161019
-222147
-138739
-200929
-72911.2
86784.6
25950.8
90031
21024.4
-141814
-75605.3
-142604
-47061.5
113783
63007.5
105418
37450.5
32672.6
-745.291
40817
6912.68
-468501
-292400
-426795
-156256
-254931
-159658
-229513
-83372.1
66844.2
12952.8
73639.5
14218.5
-139936
-67788.9
-141314
-41146.5
131565
74114
125711
44853.9
47580.5
10025.4
49883.6
13699.5
-466450
-292768
-425480
-154962
-230374
-145589
-201518
-73752.7
77300.9
22319.8
87537
19353.5
-131468
-63485.5
-130154
-39725.3
142949
73595.7
136629
44496.1
82847.5
22657.8
93097
23525.4
-430619
-266281
-386594
-140763
-215073
-139238
-192684
-70941.9
52508.3
1515.33
62923.3
9147.13
-156688
-80468
-158806
-51113.2
146414
76264.3
136175
45976.1
95418.4
35308
95440.3
26267.6
-415172
-262719
-377406
-141096
-209773
-136669
-191506
-70438.4
26537
-12006.7
34733.1
404.465
-182235
-91408.4
-185068
-58623.4
152179
78512.2
144444
45821.9
110604
46195.3
110536
33547.3
-415106
-262554
-379291
-141569
-184329
-115265
-169868
-57759.3
27877
-12903.3
40221.6
1944.54
-182397
-88368.5
-178729
-53520.9
155650
81073.3
146624
50476.8
125984
53202.7
129577
38233.3
-416608
-262941
-383997
-142927
-154859
-89717.7
-144048
-49781
9992.83
-19156.2
18191.7
-6503.97
-171782
-77482.6
-178315
-51256.8
179185
102112
167018
61509.8
124012
60609.7
118288
34767
-421077
-252064
-398831
-139905
-146847
-83321.2
-131658
-49690.5
-24801.8
-42738.9
-8717.21
-20091.7
-155578
-61919.2
-160508
-47186.6
232599
136314
219026
77671.4
122578
65215
115927
36272.5
-408520
-240824
-385351
-136235
-128162
-75189.5
-108552
-38534.5
-70222.1
-66785.5
-50614
-32215.1
-161478
-63774
-164957
-43387.4
253179
146822
235107
84957.5
138402
67413.4
138175
44016
-380270
-215689
-359538
-121395
-94765
-56233.4
-85953.1
-30687
-122936
-102689
-99701.3
-50796.4
-167503
-71219.8
-177806
-52514
284254
172280
255688
94726.9
149460
81667.3
135054
43005.5
-384119
-220474
-370940
-129311
-46427.9
-21885
-43414.2
-9061.57
-149682
-110946
-129909
-54111.3
-162409
-58371
-171170
-42120.9
327946
203905
300205
113370
168094
102540
154044
59218.1
-366653
-194985
-357608
-111609
-4478.11
-398.808
-3196.83
3505.84
-170869
-131431
-139044
-63073.2
-151383
-57080.5
-154378
-39255.7
319112
193421
291441
107422
169119
94357.7
161577
54846.7
-351110
-189226
-341403
-112926
10660.3
2900.55
11004
3992.32
-166635
-122683
-134289
-57369
-131474
-49929.5
-133331
-37113.9
327943
190647
312704
105756
165826
94980.7
160790
53712.5
-341517
-178701
-327225
-103104
-10925.5
-11006.8
-15718.3
-5665.34
-156981
-125951
-131697
-61787
-113641
-40602.1
-120584
-32649.9
325633
178790
309688
100561
144885
78836.7
135777
46174.8
-329382
-175258
-322643
-101667
-16030.1
-11467.2
-14315.4
-8423.76
-170647
-124962
-140508
-64662.1
-131779
-46489.4
-134852
-38927.6
277418
147976
266659
81622.7
143528
74387.6
138686
44624.1
-318052
-162874
-310648
-101754
-31381.4
-16377.3
-34549.2
-8022.83
-205758
-144900
-172632
-70391.8
-168169
-78536.9
-162886
-51618.1
241348
124608
237825
73372.2
149449
84296.3
143843
49058.4
-334044
-171805
-325642
-101282
-30553.4
-17691.8
-41121.8
-11712.5
-217001
-156477
-189536
-78603.4
-189753
-95977.7
-188109
-62009.7
228880
109182
227109
65243.3
160855
90793.9
152857
53124.9
-323322
-167344
-323969
-101695
4293.55
23438.5
-7238.65
11431.8
-202840
-140009
-172533
-69609.7
-187791
-88890.4
-182326
-55800.6
186835
89053.7
184615
55783.7
167313
97474
162746
56659.1
-294519
-131797
-299707
-84753.1
19392.4
26257
9992.83
7672.82
-215914
-151499
-190300
-77213.9
-181854
-85632
-178307
-53692
170158
76027.4
172128
50514.3
149830
78300.8
144428
45393.4
-303914
-141173
-301183
-91141.8
-221.324
9674.63
-7438.76
-3630.29
-223078
-158027
-197994
-82597.9
-170449
-79708.6
-168776
-52613.7
187610
83628.8
191427
53104.4
141962
72002.6
135516
41122.5
-310259
-149535
-304300
-96282.5
-52248.1
-14929.9
-54963.4
-15789
-266878
-176462
-241924
-94802.5
-174677
-71633.5
-178483
-47352.1
175261
80662.5
176548
53552
118765
57950.9
115097
36966.1
-325474
-151147
-324259
-98181.8
-68473.4
-31483.9
-67716.8
-23922.8
-272676
-177134
-243991
-93502.1
-141475
-55466.2
-143468
-40672.1
186444
84852.8
189138
54431
124872
61659.7
120517
35711.7
-341075
-167708
-332040
-105769
-94789.8
-49184.9
-90878.8
-31295.8
-261680
-165342
-238205
-88131.7
-124036
-42635
-125794
-32174.1
198943
92133.2
205108
59916.7
128213
65790.6
127782
41429.4
-345610
-168113
-339348
-104166
-106242
-51341.6
-103297
-32337.4
-306119
-194942
-272807
-105937
-125651
-46193.2
-125593
-35100.1
160981
62802.4
167862
43479.3
104623
46961.1
109338
31686.2
-364188
-182940
-356011
-114589
-20557.7
-17188.4
-17298
-8457.7
-8719.33
-4249
2583.06
-2208.29
5733.22
9305.53
2720.24
2666.5
-4112.53
-1832.11
7268.35
-964.494
-38212.8
-29723.9
-27198.2
-17804.9
30735.1
28874
25608.6
17854.4
-15731
-8824.69
-16308.7
-2887.82
2262.03
-1480.68
13897.5
2702.56
11613.5
16658
5236.83
6497.6
-26261.2
-21505.2
-18541.8
-11673.6
-73207.5
-53197.1
-61091.9
-28380.4
71842
55108.4
60763.8
28360.6
29669.5
23118.1
27133.8
15934.7
54191.2
30304.5
59303.6
23596.9
27343.8
32486.6
18672.6
15541.5
-28046.7
-18006.5
-24463.1
-5866.86
-87541.9
-63855.3
-73505.2
-30039.3
89140.7
69239.9
70709.3
35386.5
84842.9
53272
79553
32080.7
108675
58836.9
113929
36867.1
67758.5
58572.5
54783.1
28917.1
4929.24
883.176
14394.6
3372.19
-91151.7
-70301.3
-74105.5
-36039.8
124377
97334.7
101854
49597.9
125932
83911.7
109280
44185
127293
67857.5
125287
36722.9
110346
90052.2
85332.9
40344.7
23313.3
12748.4
19651.2
3701
-128982
-94660.4
-113315
-51992.1
156942
122403
127458
57752.9
143239
96933
125762
53354
95174.5
45882
103006
31179.2
122836
103597
94081.3
47801.8
23984.4
18524.8
20840.6
9608.87
-185123
-129773
-156548
-66343.6
179290
141107
142099
68071.8
147725
89666.8
137707
49072.5
91566.1
34640.5
104643
26889.9
137384
109343
108008
50203.2
13691
6308.81
22559.5
3970.4
-223425
-158992
-191424
-81622.7
220095
170519
185068
84855.6
142838
88478.2
129812
46768
80389.6
23751.7
87260.5
19074.2
109566
95421.2
81417
41839.5
-27815.5
-23505.6
-27230
-15915.6
-239302
-163238
-211125
-83247.7
223154
171560
185171
78388.4
155550
97738.4
145166
52965.8
74164.9
20116.5
85995.5
16587.3
100017
97896.1
78201.1
43289.1
-63476.3
-43598.1
-64343.9
-26558.2
-238324
-162879
-208414
-83829.6
192899
155624
159742
68495.3
171048
102569
162019
57721.8
61033.2
13817.6
75721.2
15695.6
101065
90474.3
75649.1
39827.8
-91733
-52627.1
-83270.3
-31292.3
-251007
-173773
-216841
-89533.2
166890
140610
132890
63791.6
185943
111943
171150
61741
60739.1
11687.1
75175.4
12327.7
122991
106464
93239.1
47830.8
-107248
-60378.4
-103021
-38618.6
-284695
-198103
-250310
-104247
158431
135227
119659
58546.3
210687
130169
196146
74115.4
53919
8162.84
69696
16525.1
155569
134523
119812
63367.4
-122811
-65789.2
-118556
-39342
-298268
-202363
-253858
-99924.1
171252
148307
135060
66645.5
225011
131432
206045
73938.6
59201.1
-777.817
81726.7
8880.55
201583
168778
157547
81258.6
-119278
-66640.6
-108427
-36450.6
-287804
-206827
-250642
-104299
188626
156940
149735
76989.8
244484
146332
223771
80965.1
18416.6
-41179.8
42120.9
-11013.2
246169
197822
205711
95898.5
-115072
-72196.3
-110580
-40014.5
-275504
-195709
-244160
-98012.8
182877
144960
147097
64522.8
263616
160537
237094
86020.2
-20866.7
-64243.5
5540.89
-25248
286795
225924
241454
109432
-90757.2
-56287.8
-97098.5
-33096.8
-249220
-173974
-225996
-90476.4
160090
133551
127463
55772.3
259719
159083
232987
84821
-93181.8
-105548
-60609
-48361.9
308562
234949
256309
114754
-105611
-59176.4
-103380
-35713.8
-249187
-166442
-228387
-89377.6
112551
106121
77618.4
43875.3
243432
154243
215912
82788.1
-147501
-135916
-105577
-62046.5
346081
259590
291247
127324
-114107
-62154.7
-110777
-38462.4
-275159
-178317
-250584
-96779.6
104726
105543
69093.5
44219.6
230197
144690
207397
77183.5
-229189
-197357
-180701
-94444
374472
279885
317484
138492
-125036
-69213.7
-124034
-40916.7
-308062
-196744
-279896
-105804
94384.6
98049.5
61303.3
36935.7
201081
117300
186574
63767.6
-247525
-204128
-187919
-95815.8
414168
300890
355742
149369
-142961
-79326.1
-124551
-46566.5
-333771
-215672
-296887
-116171
104097
111222
72148.2
51427.9
179158
103737
164081
58062
-244551
-207167
-190956
-93868.4
406195
289470
353394
144003
-192363
-117908
-177665
-67544.3
-348426
-224166
-311698
-116748
129257
122115
91672.9
52067.8
205786
121828
191482
70340.2
-201519
-176766
-157635
-77467.1
429931
309757
377615
157708
-212319
-128650
-201263
-68129
-318458
-204980
-288978
-104783
143196
131984
98644.9
55484.5
223524
126424
208008
70879
-167963
-151008
-124468
-68400.6
464756
325068
404091
164888
-201867
-120345
-185080
-68059
-294019
-190186
-266372
-102560
143842
142095
96681.3
60547.4
235044
137310
222589
79903.8
-131549
-123481
-88676.1
-53535.1
528285
366391
465325
189212
-217320
-128245
-200575
-73232.9
-307098
-197261
-275687
-104956
174671
167378
126360
73998.7
243971
137063
227394
81239.5
-127984
-126653
-89736.1
-52239.6
570330
388745
497199
199396
-241425
-141742
-229875
-78915.2
-329430
-214978
-292239
-110903
214966
190402
157444
85504.8
247648
142640
230635
82492.5
-115187
-117542
-78771
-48690.7
604858
410116
525744
208234
-237366
-134892
-219858
-74175.5
-342962
-225590
-311153
-119613
251672
222804
198044
104452
266831
154960
251611
88044.7
-119521
-123639
-83187.6
-51258.2
580764
392958
512074
197980
-257184
-152313
-238928
-85124.3
-351612
-224083
-321459
-119889
265154
222044
215667
100155
286257
165906
271752
94979.3
-136961
-133464
-97524.9
-58153.9
553144
382150
495761
193919
-267261
-158718
-253859
-85962.3
-342284
-211552
-315247
-114836
248407
211600
201562
94556.4
308194
177482
290487
103131
-154801
-141188
-114180
-61855.6
536607
360534
472663
183853
-265553
-154973
-247624
-86115.7
-341230
-210342
-315417
-115560
230182
199296
182506
91105.8
312490
175229
296835
102644
-176324
-158607
-128491
-70420.8
537344
355229
475512
183846
-295083
-177426
-272875
-98390.4
-382306
-239613
-351705
-131416
216219
184127
171717
84316.1
315083
177391
296056
103665
-208135
-177574
-163915
-80052.3
547997
365886
482400
186207
-331260
-196902
-312390
-108943
-418778
-258058
-384466
-140548
212562
179079
168818
80613
321901
171070
309006
97540.4
-191501
-162340
-136423
-72077.5
534337
365605
470536
186305
-338446
-199151
-299468
-111301
-410848
-251231
-366522
-137517
245713
204430
199293
98731.9
292853
152467
274002
87278.2
-171352
-157512
-121419
-66900.8
503518
342091
443408
174197
-395825
-247531
-359549
-136678
-405363
-252527
-364487
-136566
263849
209876
211266
98242.6
280388
150246
258735
84840.1
-134006
-132706
-101040
-57145.5
468013
320953
408553
162311
-434537
-269413
-408774
-146892
-389020
-238632
-360917
-130644
278739
226417
215813
102145
260109
143077
242016
79073.6
-134046
-123111
-93396.1
-54210.3
433442
302187
375233
151227
-470041
-282888
-429534
-157987
-384432
-230146
-351537
-128981
267617
230375
204621
104094
229525
125113
213836
69469.7
-127663
-121584
-84434.2
-54508
418358
290586
361894
143961
-501698
-305102
-460100
-170643
-411306
-251517
-376689
-142015
283650
245221
218259
110473
214516
118923
199601
67757.1
-151110
-140650
-102738
-58438.1
404249
287145
349713
143706
-533786
-324952
-489244
-178566
-440357
-267054
-395632
-146090
302573
254334
235599
116158
4492.25
3923.03
3854.44
195.161
4790.65
4900.25
3884.84
997.021
8342.45
6475.68
267.993
1757.87
1279.16
-3317.04
8669.13
-2091.62
5542.3
6243.05
8194.66
1477.85
9459.67
4857.12
14347.2
3512.2
-3705.24
1684.33
-1221.17
2327.8
3294.41
-3655.74
8960.46
-849.942
23896
23326
15395.1
10501.2
-5190.16
-18152.8
10429.8
-3237.84
10482.9
5960.91
12925.2
3504.42
28644.2
14137.2
34892.2
12723
5302.59
5241.08
3505.84
2165.87
18410.9
11514.5
17199
6150.41
39816.5
33427.8
23471.7
15068.4
-11845.5
-27489.5
1506.14
-8594.88
23294.2
17300.8
21302.3
9507.05
63692.6
33935.5
63127.7
21970.5
-33096.8
-24954.5
-29383.1
-14881.8
-2339.82
-6388.71
-4695.9
-5424.92
46328.9
43955.9
30427.5
18769.4
-42865.5
-57238.2
-21551.9
-23521.9
-1772.01
-7810.7
1307.44
-5802.52
51476
16192.7
54699.7
11588.8
-57858.3
-36650.1
-52017.6
-20994.7
-5367.65
-4660.54
-2895.6
-2552.66
55826.8
51568.6
34598.7
20567.6
-51850.7
-63633.2
-27300
-25665.9
-15518.9
-9265.93
-11219.7
-5123.7
71542.9
30030.8
75574.2
22527.7
-68771.8
-39762
-60917.2
-21819.9
6053.54
3218.04
7420.38
2498.21
52363.4
56871.2
33549.4
23801.9
-48737.3
-57608
-23655.6
-20834.2
11998.2
13929.3
9724.84
7506.65
102077
52316.7
102622
33627.2
-92017.9
-59250.6
-85236.8
-34896.4
8538.31
6631.25
3643.01
96.8736
38473.7
47251
22177
15377.5
-20405
-41008.7
-5195.82
-14830.2
38458.1
31930.1
36100.6
15815.9
137180
76033.1
130623
44526.5
-113672
-66207.1
-108390
-37378.4
-14343.7
-8524.88
-15216.2
-6278.4
21287.4
40986.7
2489.02
12735.7
-1958.69
-30436.7
12365.2
-7524.32
44387.9
30824.9
38014.1
15463
164170
93773
155109
54657.9
-130055
-80752.3
-120586
-46960.4
-19174.6
-6526.6
-21646
-8640.14
13216.5
35980.4
-1832.11
10137.1
13343.1
-17634.5
21212.5
-2829.84
65900.9
52313.9
58377.3
27312.7
196501
117978
179570
66042.4
-188469
-122564
-166261
-68242.2
-60575
-36350.2
-58373.8
-24492.8
-751.655
26057.6
-10322.3
4842.27
23854.2
-13981.6
35902.6
-1837.77
73959.1
47829.4
72473.5
24890.9
197069
112387
184164
60544.6
-228121
-145380
-204789
-79562.9
-92007.3
-51761.6
-83932.2
-32228.5
-14562.9
17084.4
-25776.2
317.491
40743.5
2313.65
46704.4
6481.34
88124.6
61157
83099.2
32603.3
206863
123220
189623
69041.2
-283838
-181374
-258598
-100378
-113621
-64338.2
-108025
-38361.2
-41301.4
-1905.65
-49175
-9432.8
45866.5
13930.7
46140.8
9827.37
108604
71713.4
98582.7
39250.8
218517
136029
196093
71209.9
-281516
-167176
-260268
-89293.4
-94097.5
-47980
-93573.6
-25635.4
-48156.8
-2788.83
-61288.5
-9042.48
97667.7
49964.2
99010.5
35263.4
132194
83004.4
122724
48800.3
252019
161923
227239
87062.5
-229609
-133758
-210373
-71295.5
-53079
-28388.9
-45334
-14772.9
-33033.9
9122.38
-44861.7
-4387.6
165890
82742.1
169481
55277.4
170778
99284.2
163427
58088.1
295961
191489
269017
105217
-210666
-122619
-195249
-67822.9
-35093.7
-16238.7
-38152.7
-9772.22
-58169.4
-9577.05
-66282.8
-14924.2
178272
82749.9
176570
54883.5
150598
78688.3
145141
49892.7
321664
203356
287882
106713
-162007
-95710.4
-150911
-52872.5
-13190.4
-4084.96
-19368.4
-3570.18
-40588.6
4800.55
-53964.3
-5486.44
245252
121125
243411
79205.2
183469
90557.8
182141
58235.9
343033
214837
308399
113706
-128075
-64644.4
-123635
-36186.9
11973.4
19020.5
4757.41
9374.11
-28318.9
17163.6
-44253.6
-586.192
313876
168448
304006
102655
202067
105220
197552
65623
381954
246384
346275
130644
-89438.4
-42428.5
-92097.1
-27892.5
48219
41145.1
35321.4
19613
-22984.5
16383.7
-41092.1
-2365.27
370397
205084
349485
121601
232373
124215
221933
76185.8
413566
271970
364470
142463
-96183.5
-43701.3
-98098.3
-28332.4
45474
38967.2
36653.6
18016.4
-40919.6
9695.14
-58376.6
-6493.36
411998
230260
385971
132938
237934
129709
231384
77378
428193
275872
381236
145600
-86670.1
-35974.8
-87183.4
-23333.1
24075.6
18992.2
20983.4
7720.19
-40937.9
12232.2
-59715.9
-6293.96
430595
238633
407314
137645
243047
128311
233704
75544.5
438789
280796
396154
149789
-88533.3
-42260.2
-86364.6
-28064.4
6918.33
8161.43
6209.81
1166.73
-48977
6363.25
-66420.7
-10004.1
427947
234081
399486
134775
240456
129210
235841
78029.9
441824
278080
395914
147833
-90636.9
-43495.6
-88334.6
-26936.5
-11081.1
-1502.6
-12574.5
-2037.88
-47406.6
15952.3
-65434.2
-3921.61
474027
272172
444758
155971
254860
138298
248381
83271.7
456018
290483
409027
153778
-114589
-58523
-109841
-34912.7
-37746.8
-18745.4
-31509.4
-11222.5
-58051.3
8041.22
-77052
-10002.7
484234
277791
447464
155297
238972
127358
234139
77056.3
452644
284738
408413
151964
-138143
-77784.6
-133556
-47272.2
-61902.2
-43774.2
-55135.9
-23278.7
-84938.4
-12701.1
-101869
-21136.8
478424
277884
442933
154435
248310
127671
242331
78739.2
437720
275045
393491
145278
-155295
-80421.4
-152225
-47915
-73523.5
-44849.7
-71823.7
-25351.2
-90207.7
-8098.49
-110935
-19086.9
467723
268470
439294
151189
248254
127356
237727
75695.8
433969
276622
390550
145786
-150989
-70657.6
-148601
-42842.9
-76373.2
-49083.1
-68708.9
-27082.9
-69834.6
9984.35
-92131.8
-10886.6
445478
247504
425154
142863
226085
114477
216871
67575.4
431416
279166
386135
148277
-147989
-68819.9
-145824
-42321
-72358.9
-41285.8
-70300.6
-23799.1
-64751.9
12676.3
-84552.3
-8639.43
399061
210779
386903
124060
213587
111273
204405
65021.3
440164
284894
394358
147763
-127638
-58147.5
-127696
-37196.6
-57926.9
-29862.5
-61442.6
-19544.4
-20781.2
45680.5
-49330.6
8640.14
395562
204304
384846
124064
210578
112900
197595
64500.2
442653
285892
393627
148390
-122054
-50599.1
-125345
-33591.8
-53980.5
-25489.8
-56007.1
-16601.5
-1284.11
59492.4
-32983.7
14738.2
389876
196833
383855
119814
188271
101492
179540
57625.7
456127
295639
411126
155411
-130095
-57434.7
-134229
-39519.5
-58546.3
-29260.1
-61082.7
-19891.6
-1275.62
54094.4
-32899.6
11187.8
354490
167364
350130
104674
177396
95240.2
164759
54196.2
458402
296740
407914
154740
-146994
-67817.9
-147674
-45239.3
-66648.3
-33089.1
-63685.6
-22014.4
-25356.8
43435.4
-55080.1
4881.87
364028
176631
358647
110155
180565
104214
168695
58655.2
486039
322554
429874
166732
-170048
-75849.2
-175445
-50792.9
-99022.5
-57311.7
-94113.1
-34208.4
-41033.4
38081.9
-73626.1
309.713
374740
180360
369050
113961
165354
91842.6
151073
50788.7
490869
329826
431876
170497
-194427
-94342.9
-191247
-59723.7
-107539
-59029.3
-98601.8
-35984.7
-48456.6
37232.7
-78242.1
588.313
386094
185758
379670
117613
157087
94563.5
142360
52026.1
513652
348496
448866
178328
-217097
-111667
-207615
-68003.2
-142164
-84729.8
-132796
-50136.7
-41392.6
42016.3
-70438.4
3148.75
409846
199258
402653
123409
154791
90237.4
141621
47529.6
502341
342028
438043
171116
-233313
-124550
-224212
-73729.3
-162883
-97597.7
-145130
-53927.5
-35328.5
44292.5
-68478.3
5081.98
429884
210762
420948
130608
156092
93963.2
143132
51015.6
495984
340533
431244
172772
-269279
-146887
-257786
-87650.8
-174525
-111254
-155894
-60104.8
-37884
39071.9
-67416.3
1362.59
435100
217955
424778
133454
168251
105866
149975
56306.2
492588
346785
424491
171914
21547
9646.35
28218.5
5559.98
45244.2
34718.9
40044.9
19115.9
38511.9
24041.6
38965.8
15481.4
-3508.66
-2429.62
-2968.43
-997.728
-10688.6
-3806.36
-16074.7
-3944.24
-20402.2
-19400.9
-15260.1
-8252.64
18673.3
711.349
34094.6
4132.33
83116.9
58227.4
67184.3
28058
83239.2
45177.1
82944.3
29383.8
-1834.23
-4260.32
3121.17
-3059.65
-16674.3
2846.81
-28072.1
-3193.29
-77026.6
-61813.2
-69263.2
-33319.6
43332.9
17433
53732.3
16910.5
98488.7
67866
81632.6
34390.8
103955
48987.7
101188
32046.1
1839.18
-1207.03
9610.29
2337.7
-32592.7
-11537.2
-40513.7
-8953.39
-127825
-98082.8
-107034
-49600
102717
43286.2
116941
30418.3
85364.1
68188.4
63895.6
31917.4
138613
74326.1
129424
43848.4
-1046.52
-14310.4
6981.27
-6279.82
-36503.7
-7170.77
-39190
-6597.31
-157573
-111825
-141597
-56444.8
121342
45524.9
128702
32719.2
84591.2
78112.7
65696.6
35149.6
167934
93094.9
167779
53685.7
-30578.8
-32592.7
-19542.3
-12308.6
-36398.3
-8105.57
-44629.8
-6627.71
-158808
-106540
-134567
-54092.3
122291
42981.5
138868
35491.8
97500.8
80299.8
70461.1
37217.2
185128
101286
175523
61818.8
-39775.5
-41312.7
-25599.4
-15752.2
-31008.8
-5990.61
-43286.2
-7404.12
-175658
-128646
-155429
-64447.1
134903
38966.5
147681
32471.8
141512
118052
117006
57442.5
197135
104083
192232
62470.1
-24597.4
-29185.8
-22143.8
-12375.8
-41101.3
-6141.22
-49166.5
-10859.7
-194500
-128839
-172152
-64039.8
90230.4
5277.14
111062
14687.3
165612
128682
138255
60901
173760
84037.5
172853
53114.3
-12321.3
-20948
-10279.9
-9902.32
-67414.1
-16250
-76363.3
-18163.5
-225473
-148760
-203869
-77245.8
65640.7
-1149.76
86506.7
12237.2
175749
133565
152748
66722.6
137167
54685.5
144391
38126.5
-12082.3
-15131.4
-6056.37
-7382.19
-92664.9
-33811
-94584.7
-25643.2
-243301
-160808
-214127
-82583.7
54093
-17623.2
75866.2
2955.71
189422
141090
160589
69614
116047
41198.9
120013
30934.5
-19172.5
-23278
-20395.1
-12751.3
-109668
-43641.9
-110750
-31362.3
-257582
-161777
-236647
-84794.8
37585.6
-22952
53692.7
104.652
202827
156763
174480
76950.2
114551
38942.5
124943
28579.8
-34644
-23743.2
-32343.8
-10424.9
-118305
-44061.2
-119341
-29731.7
-231741
-137312
-207918
-71936.8
13582.1
-40802.9
41150.8
-8630.24
225450
164506
191627
82679.9
83280.2
22107.7
95601.5
21121.3
-24116.6
-19001.4
-23825.3
-11098
-134673
-61442.6
-136415
-41140.2
-223586
-139142
-207237
-74583.5
-15466.5
-60528.3
14917.1
-19825.2
290035
207215
254948
108296
71850.5
11515.9
88654.2
18291.4
-16426.1
-11151.1
-15175.2
-7766.86
-130086
-52596.7
-137097
-37938.4
-233110
-145781
-211687
-76306.7
-39930.3
-75242.5
956.715
-23513.4
358526
246618
314988
131426
75755.9
10494.9
95865.3
23203
1346.33
2916.82
6614.98
880.348
-95526.6
-20581.8
-106201
-19543
-251312
-157064
-232659
-82156.6
-20943.8
-59435.9
13495.1
-13524.1
424418
283837
371155
151054
80682.3
3385.63
98077.8
18509.9
20466.5
17014.4
22609
8449.22
-77066.2
-11169.5
-96651.6
-16124.2
-261934
-169326
-238684
-87935.1
5514.73
-54654.4
50314.2
-10812.4
494181
332634
442925
179691
104815
18692.4
129729
30168.7
31745.6
15095.3
37595.5
7443.71
-49277.6
10457.4
-59500.2
-2845.4
-245990
-151733
-221805
-75665.4
-216.375
-66975.7
33212.1
-15367.6
542178
356039
481050
186896
124923
18268.8
150521
27742.6
5103.19
-5036.01
7230.87
45.2548
-46879.1
6119.3
-65825.3
-6394.37
-213921
-137580
-193656
-70299.8
-7281.79
-68644.5
38846.3
-14659.7
584022
385016
519605
207689
108180
12773.9
138975
31274.6
3210.97
-4110.41
11965
-395.98
-25400
26641
-48961.5
4162.03
-216520
-140436
-197805
-71248.8
-14102.5
-85418.5
27201
-23413.7
627705
406591
563825
213394
118126
4013.54
145361
24963.7
-3880.6
-11358.3
2162.33
-2823.48
-2346.89
38964.4
-24944.6
6292.54
-217746
-140711
-194273
-74732
-48851.2
-108679
-3126.12
-34282
610102
390919
543294
204054
92591.4
-17033.5
121471
17528.5
-345.775
-12034.3
5287.04
-2392.85
12094.4
48141.2
-7755.55
13176.2
-253946
-162655
-232102
-87951.4
-49904.1
-100276
-8770.95
-30673.6
590789
378411
527245
197053
73969.7
-30366.7
95328.6
6711.15
6912.68
-9010.66
11723.8
-1936.06
12172.8
44183.6
-12903.3
9400.98
-292437
-192112
-263443
-102311
-48798.1
-100406
-6165.97
-30906.2
566658
372463
498560
194872
64581.5
-20269.2
84955.3
12695.4
-3204.61
-12979.7
-906.511
-4722.06
2225.27
36985.9
-16588.7
7973.34
-285111
-173840
-261957
-91827
-36367.2
-92139.5
-2295.27
-28113.2
574121
378834
512046
193600
92969.7
-11473.5
114429
10913.5
-10166.8
-18831
-543.765
-8175.57
-21590.1
20381.6
-33914.3
-2717.41
-250582
-157682
-223653
-87164.3
-32462.6
-82801.5
4483.06
-24421.3
537784
359858
471017
183632
70930.6
-5936.87
85368.3
14449
-36278.8
-33511.2
-28440.5
-17054.7
-42524
10572
-60711.5
-7939.39
-284229
-173407
-265314
-96701.8
-56176.8
-99755.1
-16595.8
-36449.2
553906
373299
489477
193993
70478.7
-4533.97
92334.7
13443.5
-51564.3
-37268.1
-46656.3
-20844.1
-51261.7
4887.52
-68171.5
-11873
-265232
-154698
-247395
-82348.2
-99484.3
-128343
-49495.4
-49267.7
565204
369977
501989
193397
56970.2
-16562.6
80769.3
9360.68
-61729.7
-41825.4
-53050.7
-23835.9
-48219
4541.75
-59283.8
-9370.58
-252938
-152140
-236700
-82424.6
-120860
-132223
-81400
-52909.3
582133
382552
512107
199687
43423.4
-22015.8
61461
4853.58
-74386.2
-42022.6
-71999
-24031.7
-34177.3
19847.8
-58738.7
-3599.88
-243199
-142725
-229600
-78862.9
-148413
-154320
-97796.4
-64236.4
603956
399621
533011
211041
39526.6
-20675.8
62028.8
7023.69
-78225.8
-45059
-72997.5
-26496.7
-32890.4
22020.7
-52325.2
-1011.87
-216522
-117926
-210576
-64865.7
-186245
-181543
-140895
-81336.4
619521
408185
552482
209853
43896.5
-25708.3
69381.3
-371.231
-105650
-65308.4
-100882
-39078.3
-69108.4
-4928.53
-88992.2
-19104.6
-179365
-91098.7
-172919
-54658.6
-203399
-181404
-152389
-79207.3
619945
408146
545785
213737
32519.8
-21462.1
54083.1
5983.54
-112132
-60238.4
-108721
-35922.4
-85028.9
-6014.65
-105544
-19072.8
-158226
-79056
-159895
-47183.8
-202770
-185929
-155887
-83738.4
682759
453630
613944
238806
51779.3
-21100.1
80890.9
3908.18
-117667
-66033.9
-109113
-39069.8
-81940.9
335.169
-100360
-15438.3
-141549
-68372.3
-138284
-42318.9
-226525
-197917
-176582
-89340.1
724446
474204
648003
251586
25726.7
-42053.1
58355.4
-2061.92
-120267
-65221.4
-111905
-37898.8
-54226.6
17777.4
-74316.2
-4220.01
-147098
-69677.6
-149303
-43054.3
-227920
-187478
-180663
-82587.2
763003
494730
681104
261852
-7448.66
-68925.9
24298.3
-19359.9
-126942
-72407.7
-113431
-41267.5
-35937.3
27243.4
-62151.9
-70.7107
-145022
-73301.5
-146006
-44611.4
-219801
-189360
-168640
-86119.2
799026
523112
715946
278027
-15889.4
-66993.4
18118.2
-16735.8
-142577
-87143.8
-126492
-49712.4
-42435.6
18435.7
-58745.7
-2378
-116726
-44445.2
-120519
-28917.8
-218706
-191021
-183135
-85949.5
839331
544612
756186
284935
-7513.01
-74848.7
32787.1
-24331.5
-165949
-107327
-146637
-56875.4
-69508.6
-2903.38
-84048.8
-15384.5
-62390.9
-14549.4
-67987.6
-14834.4
-213528
-177110
-167280
-80365.5
848554
549678
763522
293070
-51168.4
-93016.4
-5796.15
-31163.6
-176719
-113735
-151502
-61241.8
-88804.1
-12002.4
-102866
-17713.7
-58547
-11929.6
-71566.3
-14372.7
-32941.3
-28048.1
-20154
-12806.4
-19224.8
-13742.6
-10890.2
-4776.51
-32089.2
-22416
-24760.8
-10846.3
27357.3
15681.5
28735.4
7773.93
-3937.17
-2932.37
-7461.39
-3329.06
-25829.9
-17005.2
-19239
-8126.78
-40662.9
-34228.2
-35648.8
-14394.6
3471.89
-946.109
8688.22
3247.03
-25383.7
-16245.1
-21209.7
-7689.08
27025.6
10106
23393.9
6293.25
-1619.98
512.652
-2725.19
1741.6
-31681.9
-24223.4
-29140.6
-11845.5
-41203.8
-41019.3
-34216.2
-17033.5
10366.2
-5841.41
12752.7
1619.27
-24357
-19628.6
-22602
-7397.04
37006.4
19765
34515.3
10375.4
8387.7
7155.21
9122.38
2566.09
-38038.8
-27103.4
-34239.5
-11744.3
-71401.5
-59503.7
-59141
-30521.6
-11986.2
-14445.5
-3151.57
-6362.55
-65306.3
-44230.9
-59272.5
-25923.2
71408.6
41167.8
65471
23019.2
23990.7
24346.4
14501.3
12854.5
-60809.8
-45447.9
-53255
-23379.1
-95364
-71612.2
-74059.5
-35598.6
-10319.5
-15364
-65.0538
-2269.11
-72165.2
-46128.1
-63435.3
-24620
70491.5
42879
69569.4
23381.9
54605.6
38738.1
44140.4
18826.7
-61469.5
-41669.1
-51292.8
-20697.7
-137900
-108267
-109555
-52036.7
3041.27
-16336.3
19668.2
-1721.81
-103556
-71657.5
-91473.5
-38106
83122.5
45549.7
79396.1
26268.3
62289.7
47159.8
52127.2
23978
-85557.8
-60631.6
-75501.3
-29429.8
-144378
-111956
-116357
-50252
-12607
-31652.2
3693.22
-7143.19
-120335
-79899.5
-104113
-39757.1
88310.6
47861.2
82971.2
27714.3
53393.6
38084.8
42803.3
17242.1
-87609.8
-60984.4
-67461.5
-29079.1
-119452
-94784.8
-99827.2
-42026.2
-11308.1
-30059.8
6324.36
-8881.26
-98002.9
-63424.6
-79126.7
-28826.6
69868.5
33171.8
66355.6
19214.9
40701.1
32626.6
40024.4
17689
-95559.1
-72837.7
-72211.2
-36961.2
-101671
-89268.7
-90219.8
-40160.8
-34393
-56788.5
-20271.3
-21993.8
-87207.5
-68875.7
-74627.3
-31928.7
63021.6
32702.3
56859.9
17205.3
25437.5
17044.1
24311.7
6076.17
-120398
-91931.7
-103413
-44647.4
-101415
-74422.3
-87948.5
-35792.3
-91167.3
-79887.5
-65439.2
-37637.9
-92727.2
-61895.2
-74790.7
-28900.9
66746.6
43641.2
57526.7
23145.7
7325.63
17241.4
2315.77
7317.14
-145172
-104287
-115567
-54377.2
-88729.9
-65730.5
-77951.5
-29081.2
-113044
-100249
-91705.4
-43091.1
-62245.9
-50363
-53397.9
-21363.8
53349.8
31749.8
46143
16171.5
11713.9
9497.15
5390.27
3455.63
-177263
-126477
-144885
-59248.5
-70036.8
-59481.1
-58127.7
-26948.5
-129398
-118151
-96166.5
-55556
-50578.6
-49296.7
-32661.3
-21387.2
25089.6
13037.6
19352.8
4453.36
-14977.9
-8991.57
-10203.6
-6806.61
-188438
-147997
-152751
-73556.1
-47808.2
-40352.5
-31342.5
-16067.6
-136909
-116747
-103843
-50051.1
-56094.1
-55662.7
-37067.2
-22958.3
9310.47
10594.6
7090.87
5381.79
-27900.3
-17323.4
-26039.2
-10708.4
-214661
-164849
-170035
-79415.2
-7013.09
-12744.2
-864.084
-3076.62
-116385
-104698
-84134.4
-46616
-29549.3
-34574.7
-13723.5
-11930.3
-14557.9
-7276.13
-14700
-5330.17
-31933.6
-16905.5
-25621.3
-9050.26
-230647
-180435
-185505
-89935.5
24031
4637.21
26609.1
8722.87
-106711
-101515
-81764.2
-40143.2
-15667.4
-34580.4
-2355.37
-9388.26
-23544.5
-8843.78
-25614.2
-4932.78
-37461.8
-23521.2
-31615.5
-12765.4
-263819
-204335
-220255
-97842.4
60371.4
28603.2
58600.1
15543.6
-94517.5
-94893
-65175.4
-43863.2
-23599.7
-35885
-8191.83
-15147.6
-3472.6
3257.64
-8887.63
-1492
-41178.4
-23574.9
-40020.8
-16431.7
-291467
-225109
-239628
-115383
57364
32047.5
56819.6
19599.6
-126486
-112101
-95865.3
-48282.7
-31661.4
-42198.7
-18439.9
-16705.4
-38379.6
-16233.1
-38386
-11072.6
-58737.9
-32007.9
-56110.3
-20784
-356893
-262147
-295101
-129659
99582.6
55985.2
94970.1
34313.8
-110626
-108655
-82524.3
-46983.7
-17709.5
-35335.5
-1467.25
-11843.3
-60841.6
-31944.3
-62839.9
-19074.2
-67895
-38539.4
-62476.4
-23372
-374323
-283505
-313906
-141426
120052
61290.6
121583
37326
-108058
-101375
-74357.9
-40569.5
-18753.2
-43232.5
3201.78
-13348.1
-48342.1
-17339.7
-47807.5
-13450.6
-74668.4
-43513.2
-72993.2
-25818.6
-388028
-286903
-320165
-137839
129542
66733.2
120961
40826.2
-74632.3
-83019.3
-45184.1
-29995.5
-2263.45
-34649.6
16391.4
-7552.61
-74494.4
-38048
-72687
-24139.2
-65359.3
-40030.7
-65044.6
-22570.8
-367446
-284024
-304416
-134968
129667
62206.3
127808
36705.2
-58504.6
-77361.7
-32423
-26735.7
-13260.4
-48699.9
11287.5
-14504.2
-71397.3
-30125.6
-67013.9
-20336.4
-58552.7
-30281.1
-56917.1
-19296.2
-359950
-279005
-299313
-131497
131634
69100.6
123569
39713.9
-36414.6
-56163.4
-11553.4
-17341.1
-29716.2
-56990
-8116.17
-20469.3
-35211.1
-7919.6
-37070.8
-7749.18
-25335.6
-3481.09
-36194
-5121.57
-330136
-259785
-267311
-121730
124668
67795.3
120157
38418.5
-19354.2
-47963.8
4446.99
-10171
-39165.9
-63431
-14782.8
-22710.1
-46566.5
-13472.5
-46710.8
-11963.5
-12126.9
5719.08
-21800.8
-2265.57
-320003
-249438
-255914
-113361
116250
56078.5
118481
34580.4
18113.2
-33053.7
44747.1
-1444.62
-44479.1
-75680.9
-13058.1
-27249.8
-53196.4
-18416.6
-54407.6
-14271.5
3010.15
15237.4
-11108.6
3590.69
-281866
-238447
-222010
-107221
102131
45337.6
104968
31411.1
11554.8
-46463.3
39243.7
-8401.14
-69418.1
-88770.2
-35559
-31554.6
-56094.1
-18645.7
-64403.3
-15645.4
-16924.6
4920.76
-28403.1
-3780.19
-300139
-251035
-241423
-117256
126090
57422
125529
36779.5
16042.1
-44952.2
45278.9
-10200.7
-54402
-79986.5
-16392.9
-26291.6
-71747.3
-31115.5
-77211.8
-23099.8
-19882.4
3343.2
-22382.8
-2755.6
-328965
-269821
-263832
-128826
125237
55576.5
120367
36872.1
-19357.8
-72862.4
8356.59
-23397.5
-52879.6
-86075.4
-19833.6
-28144.3
-82211.8
-27990.8
-93592.7
-23947.6
-39627.7
-10024.7
-43830
-11481.3
-364794
-287155
-309297
-137873
131554
56009.9
136350
37658.4
-54027.9
-95206.3
-15258.7
-35612.7
-65524
-94645.5
-23127.3
-32961.1
-59548.3
-11142.6
-70187.4
-12543.4
-57634.9
-20099.5
-58013.2
-14258.8
-388327
-302111
-321858
-147650
135078
61546.6
139600
44428.2
-84324.6
-115088
-43839.9
-41815.5
-50095.7
-88061
-11515.9
-25432.5
-65055.9
-13341.7
-75500.6
-14025.5
-57212
-26054.1
-56796.2
-15462.3
-428355
-322609
-357392
-155854
162514
70328.1
163958
47982.9
-93956.8
-130224
-49313.6
-51418.7
-39571.1
-87228.7
1137.03
-27271.7
-75263.7
-20197.1
-90542.2
-20043.6
-65059.5
-33458.2
-62065.6
-20893.6
-466906
-353135
-400244
-176293
172236
80241.8
170469
52675.2
-113574
-134256
-68456.4
-51187.5
-51922.9
-98746.8
-8703.07
-31739.2
-48400.8
5619.38
-65968.1
-8020.71
-63671.4
-28753.8
-65606.1
-18636.5
-490946
-355057
-414301
-173733
190606
92839.6
182040
58870.2
-84495.7
-112974
-42145
-39870.9
-43483.5
-95178
-391.737
-29498.4
-46480.3
5248.85
-63450.8
-7795.85
-49667.2
-23808.3
-44247.9
-12683.4
-479476
-355603
-406531
-175544
210775
106979
195547
64070.2
-72515.9
-112745
-41498
-41603.3
-58721.7
-110739
-14946.8
-38214.9
-33392.4
19464.5
-58431.1
-3959.8
-41767.4
-19354.2
-42886
-13866.4
-480679
-352038
-416447
-172612
222462
119873
213422
71894.4
-77285.4
-104078
-35326.3
-38557.8
-89600.3
-129394
-38424.2
-47469.5
132.936
46044
-23191
13037.6
-21259.9
-698.621
-20202
-1169.55
-470582
-346156
-396199
-171384
247992
139699
234606
83328.3
-72077.5
-102956
-31049.1
-32408.1
-88510.7
-128822
-36664.9
-43210.6
13922.9
55645.1
-10870.4
17995.9
2836.21
10069.2
2527.91
7272.59
-478233
-345922
-400871
-166661
270667
153385
251718
88482.4
-34499.7
-85680.1
5774.94
-25651
-90676.5
-138599
-35916.8
-50473.3
26748.4
63041.4
-3949.19
19368.4
24303.3
18376.3
23913.6
10311
-460627
-342709
-392916
-167474
-12180.6
-14639.9
-11753.5
-8594.88
-14569.9
-19494.2
-13843.7
-10120.1
-39308.1
-29198.6
-35986.8
-16815.7
-7191.28
-6674.38
-3167.84
-1110.16
-21423.9
-13845.9
-18448.4
-9525.44
-35163.7
-27552.4
-39929.6
-16690.5
-20330
-10225.5
-20827.8
-4352.24
-30055.6
-22498
-34219
-11211.2
-101150
-64482.5
-92104.9
-32444.2
14305.5
11659.5
14840.1
11325.7
-32584.9
-17611.2
-34378.1
-10410.7
-51922.9
-29914.2
-56958.2
-15063.5
-13012.2
-8263.25
-12344
-4707.21
-30359.6
-15947.4
-32418
-9019.15
-107902
-70338
-94409.4
-37125.9
70497.1
44250
73995.2
28703.6
-6762.06
8598.42
-15216.9
-10.6066
-23262.4
-6111.52
-28462.5
-2841.16
-52550.8
-42634.3
-43924.1
-25672.2
-54699
-41772.3
-48214.8
-25041.5
-142086
-98677.5
-125641
-53600.8
67844.1
26986.7
74917.3
20808.7
-22858.6
-1938.89
-23316.1
-6791.76
-39025.2
-24001.3
-44902
-18949.8
-81572.5
-47352.1
-76337.8
-26645.2
-80594.6
-43736
-74451.3
-24054.4
-189272
-126016
-163932
-67098.8
87076.7
47550.1
93469.6
29282
-14697.2
12317.8
-22675.5
208.597
-51257.5
-15899.3
-51666.2
-9420.08
-74773.7
-46764.5
-68023.7
-25765.6
-72798.8
-45628.2
-71945.3
-24081.9
-215171
-139791
-188305
-70685.2
118650
61775.7
119127
41475.3
-7916.77
16214
-22593.5
2291.03
-22535.5
615.89
-32161.3
-1334.31
-80934.7
-53182.9
-77558.3
-28866.9
-56248.2
-30378.7
-54220.2
-16476.3
-191788
-128144
-170532
-67009.7
162666
84724.1
163902
53269.9
719.835
25728.8
-6892.17
6953.69
16555.5
28042.4
1172.38
11046.4
-73409
-41094.9
-69015.7
-21129.1
-45988.8
-26735.7
-47085.5
-16085.3
-217093
-145752
-190746
-76417
157398
74347.3
161372
47437.7
-20110.8
6479.22
-29927.6
-5243.9
23566.5
34693.5
11374.5
13273.1
-62581.8
-38231.8
-64285.9
-20518.1
-38328
-16247.9
-40421.1
-7653.02
-231708
-160053
-206054
-83644.4
150838
62422.7
160216
42256.7
-43375.3
-6598.01
-51792
-11372.4
43204.2
46397.5
31685.5
22769.5
-80443.3
-51712.1
-78468.3
-29276.3
-6135.57
5002.78
-9842.93
3047.63
-245403
-163375
-221583
-85946.7
127985
46268.1
141774
38939
-62318
-11825.7
-65512
-12436.6
65478.1
56990
44655.9
26452.2
-95914.1
-57544.3
-99330.8
-32082.1
24618.6
22741.3
19327.3
15117.9
-249406
-172164
-220676
-88559.5
120531
30195.6
137578
26432.4
-81177.3
-37971.6
-78433
-24943.9
81428.3
71229
65734.1
36804.2
-90349.2
-47689.4
-87052.6
-28069.3
41508.6
25851.8
34860.4
14627.9
-275451
-184774
-241447
-95435.4
84663.3
5881.01
104516
16603.6
-126411
-68177.8
-122827
-41108.4
95488.4
75323.1
80849.2
36431.6
-99642.7
-58084.6
-93094.9
-32431.5
43758.6
29928.3
35454.3
13613.2
-255588
-168232
-224638
-86535.7
101591
26436.6
118739
31054
-142367
-73926.6
-133612
-45331.2
114823
92958.4
86944.4
43871
-108929
-64532.7
-96172.9
-33854.2
33260.9
21521.5
25992.5
9200.17
-236742
-156554
-204335
-79576.4
150828
50423.1
168436
43690
-151358
-90200
-140980
-52510.5
140555
114573
114452
55222.2
-110280
-68004.6
-99798.2
-34812.3
39259.3
33654
28702.9
17030.7
-212028
-144930
-184769
-73788.7
173354
59080.9
193375
49823.5
-168702
-95574.7
-160100
-54761.9
179791
142490
150272
72127.7
-101246
-67752.9
-91042.8
-35114.2
59597.1
50189
46472.5
23328.2
-171428
-115756
-152334
-57827.2
213908
87083.7
224941
67902.8
-158247
-81878
-148905
-48089.6
241014
183254
195634
89420
-99460.9
-64025
-93785
-32250.4
76273.5
62690.7
60363.6
31271.8
-134790
-91645.3
-120580
-46965.3
272378
118601
280471
79086.4
-156471
-89337.3
-147874
-52198.6
286902
221234
239795
110255
-82530
-49776.8
-70354.3
-26220.2
95345.6
74121.8
73982.5
34566.2
-95358.3
-59300.1
-81812.3
-30573.2
282372
124502
288944
85031
-155741
-85945.3
-152074
-50273.2
337820
255397
286000
125723
-88971
-64890.5
-81558.4
-34697.7
92952
69355.2
75973.7
32099.1
-90227.5
-65873.4
-78375
-33842.8
295094
128397
298917
87378.6
-168077
-92639.5
-155081
-54102.2
354288
259131
292790
124619
-95593.1
-60463.3
-85146.3
-29585.3
68890.6
57023.9
52184.5
25077.5
-113740
-75876.1
-98467.4
-38709.9
307374
139540
313278
95016.8
-173009
-99474.4
-160020
-56852.8
341838
259495
283765
125533
-71052.9
-48009.7
-67180.8
-24643.4
75680.9
65430.7
56507
29670.2
-121374
-88031.3
-104306
-45080.2
345427
157603
349522
103691
-151233
-79140.1
-144971
-47417.9
361979
269734
305093
132690
-80237.5
-62618.5
-71103.8
-34310.9
69502.2
57197.9
54579.5
24787.6
-129808
-95913.4
-113001
-49113.5
353838
157092
356880
105483
-151305
-80750.2
-139554
-46953.3
368084
271900
302298
128300
-80864.7
-51280.1
-83524.2
-28113.9
69414.6
64836
47644.1
29686.5
-140863
-102425
-123395
-52319.5
385546
182267
381444
114277
-122769
-61084.1
-119302
-37439.9
380476
291881
315621
142563
-64271.1
-35703.9
-59483.2
-20576.1
84705
74157.1
63143.9
31823.3
-138681
-95415.6
-114748
-47596.1
401381
194126
397909
122182
-114157
-55006.5
-113051
-34709
416292
317386
349232
153411
-75630
-50222.3
-68035.7
-26742.8
74864.9
66244.6
53328.6
27913.7
-153034
-105720
-132092
-52940.4
419812
205463
416089
131750
-107807
-50425.2
-105018
-33362
404966
305742
329175
144837
-68083.1
-40976.1
-51171.2
-17826.9
63269.1
66317.4
42068.6
27356.5
-146147
-97525.6
-120141
-47529.6
456761
231309
456073
146142
-81581.7
-34654.6
-77334.9
-22577.2
408897
316504
338056
152049
-70033.3
-54772.5
-55216.6
-26270.4
50266.1
56270.1
30424.7
21639.6
-160764
-119739
-130444
-59318.5
454371
212026
461066
136662
-56526.1
-21463.5
-55168.5
-16086.7
390877
297906
326317
143705
-113814
-93451.2
-95382.3
-47366.3
-1313.8
20873.8
-16445.2
1592.4
-178494
-130912
-156499
-64747.6
425431
189968
426400
127774
-65595.5
-27553.8
-65250.4
-20135.6
362942
278630
287935
127595
-125443
-93732
-109599
-46211.5
-38398.7
1566.95
-52732.5
-9086.32
-180889
-132078
-154263
-66424.2
442257
200624
445073
128991
-48921.2
-17517.2
-48191.4
-15246.6
335925
268901
271316
125689
-133264
-95116.5
-107907
-46819
-73701.7
-15090.4
-85411.4
-18394.7
-191646
-131660
-157162
-65192.4
428679
194503
435973
128363
-35058.4
-5768.58
-39323.6
-7731.51
326388
268746
263498
125368
-152283
-117466
-129912
-57063.5
-72351.9
-12350.3
-82436.6
-14195.2
-149155
-112924
-126605
-54382.2
442248
193900
452768
132040
-27373.5
-2756.3
-30521.6
-6827.12
357600
292174
285267
137619
-175800
-127102
-151954
-60585.6
-55908.8
-715.592
-72656.6
-8764.59
-136692
-100768
-117648
-47508.4
452437
194495
462782
134163
-31078.8
-8296.48
-41604
-9476.65
404998
329044
328740
156887
-198291
-145762
-174694
-72004
-46314.8
7060.46
-58950.8
-3313.5
-129666
-103523
-110682
-50404.7
442668
178102
459335
123997
-57904.3
-24395.2
-67138.4
-20860.4
437020
348585
359869
167956
-200633
-148640
-172798
-73988.1
-35243.6
11397.9
-45121.2
-1329.36
-78979.6
-66956.6
-64343.2
-30611.4
434534
170986
456915
125210
-50447.1
-8700.24
-54895.5
-12223.8
500564
389832
412277
187204
-229214
-166030
-204097
-82244.3
-35924.6
9935.56
-45193.3
-1494.12
-70061.6
-65143.6
-55316.3
-30602.2
424822
153109
450905
111525
-61316.1
-23478.1
-67137.7
-21134
529557
414458
441100
201400
-219151
-157229
-185920
-77033.6
-26728.6
10762.9
-40360.2
-648.417
-36471.9
-41447.8
-20117.9
-14907.2
406668
141214
431264
110264
-62827.9
-21428.9
-73044.1
-17776.7
591783
450404
498203
218682
-3380.68
-7264.82
-4405.98
-6197.08
-4719.23
-1662.41
-7609.18
-2839.03
1803.83
-1898.58
-2238.7
-3200.37
-6629.13
-5529.58
-9668.27
-3680.49
2317.9
-1675.14
2570.33
-2126.98
43259.4
28314.7
44548.4
17364.4
-62423.4
-43199.3
-57975.7
-22055.4
-22432.3
-11851.1
-19644.1
-6326.48
-40314.3
-24866.8
-38344.3
-11681.4
-45591.4
-27151.5
-41993.7
-14422.1
-25900.6
-21058.3
-22196.8
-9007.13
55134.5
27247.7
57616.5
18264.6
-85546.5
-57892.2
-82473.4
-34388
-38833.6
-25227.4
-38386
-13692.4
-11639
-13953.3
-11817.2
-5913.53
-64192.6
-44217.5
-60315.5
-23220.7
-21642.4
-18543.2
-18937.7
-9720.6
57755.1
23951.1
58629.1
16340.5
-102057
-56701.5
-100742
-33439.1
-47293.4
-24016.9
-53692
-19819.5
-46053.2
-37365.6
-34388
-22368.6
-94236.1
-59323.4
-88430.1
-34679.3
-25219
-19974.4
-25448.8
-11821.4
75011.3
36135.3
75311.1
20701.3
-86724.5
-44308.7
-82068.2
-29302.5
-54003.9
-19879.6
-57485.7
-14404.5
-65031.2
-49436
-53298.9
-25076.1
-98584.8
-60369.2
-94484.3
-33509.8
-50399
-32575
-46370.6
-20442.5
83764.6
44245.1
82531.4
28516.2
-53001.2
-20137
-61318.9
-13000.2
-31302.9
-1881.61
-36401.1
-4295.67
-52622.2
-50086.5
-36566.6
-20579.6
-106008
-62923.3
-96025.1
-32601.9
-34388
-19940.4
-37441.3
-11540
123411
69370.7
119722
39606.5
-72897.8
-42398.8
-68116.3
-27605.4
-36044.1
-13177.6
-42477.3
-13505.7
-44819.3
-41761
-35230.9
-20869.5
-98263.8
-64074.5
-93904.5
-36789.4
-50102.1
-31060.4
-45131.1
-18377
146064
78069.5
143805
47359.9
-145165
-85921.3
-132295
-49794.5
-61171.1
-26232.2
-64447.1
-19737.5
-49550.5
-38026.1
-42253.9
-17955.6
-142353
-88137.3
-135270
-50794.3
-70388.2
-43383.1
-61437
-22868.5
145190
71632
141525
44362.5
-211737
-133050
-194157
-75843.6
-104152
-54461.4
-105279
-35631.8
-24646.2
-20624.9
-22640.9
-11354.7
-159771
-99226.2
-151812
-56964.5
-95132
-61352.8
-85687.2
-33794
131673
61484.3
129391
38574.8
-249078
-151040
-223445
-81068.4
-114661
-52690.1
-118025
-36895.4
-42857
-25743.6
-35715.3
-16992.5
-184366
-107802
-170138
-62005.5
-109891
-67808
-98130.9
-36915.2
148024
72454.4
145097
44426.8
-259148
-164959
-225622
-89477.3
-125409
-60519.1
-124212
-38733.9
-34559.8
-19811
-27882.6
-11720.3
-204635
-125306
-192964
-71291.2
-128813
-80849.2
-114242
-45728.6
157170
80960.2
154308
51534.6
-280418
-180170
-252325
-93413.8
-131740
-59628.2
-131651
-37296.3
-19313.9
-13390.5
-17563.8
-7499.57
-228321
-135629
-213569
-74880.5
-132608
-78067.4
-126310
-42854.9
183921
96456.4
178603
58224.6
-275724
-182466
-248938
-94552.9
-115990
-49148.2
-118705
-32341.6
-4659.83
-776.403
-12901.2
-1633.42
-231478
-138782
-215943
-76320.2
-121657
-67880.8
-115963
-37525.4
196740
103990
189147
63452.2
-292652
-193402
-257743
-101751
-107871
-42963.1
-106958
-29336.4
14475.2
16988.2
3966.16
8856.51
-246550
-148944
-228824
-83003.7
-113558
-63114.2
-102572
-35106.4
179314
89478.7
171019
54147.4
-348416
-234162
-310672
-123215
-104811
-41568.7
-108469
-27786.5
55897.5
43791.1
37865.6
20593.8
-289258
-175398
-270530
-97450.6
-140816
-82020.1
-130386
-45771
147398
74328.2
137820
44479.1
-357184
-233146
-315231
-120251
-68529.3
-16672.9
-80114.5
-17129
63574.6
54415.4
47339.4
21462.8
-293414
-171851
-272329
-96054.8
-132237
-73150.2
-123280
-40001
157259
83983.1
149813
48381
-360137
-243187
-318665
-127792
-63897.7
-11784.6
-73861.5
-12785.9
61142.8
55130.3
41985.2
23580.6
-307362
-185424
-286098
-101743
-135076
-77745
-127484
-45530.6
156295
84958.2
143856
50169.9
-396102
-259398
-354415
-134372
-57087.6
-4702.26
-65679.6
-9844.34
69234.2
60839.5
47661.1
26541.3
-337168
-201239
-310787
-111208
-158931
-86789.6
-151867
-50197.5
160373
91894.9
150045
51721.3
-411507
-275334
-369464
-146402
-85769.2
-24485
-96822.7
-24701.4
44907.6
52197.9
22008
15760.7
-347996
-208877
-320644
-114724
-182511
-103738
-173128
-63023.7
174209
103289
167142
57789.7
-412054
-266524
-373823
-140354
-71661
-11151.8
-85202.8
-15487.1
49225.2
60845.1
21263.4
22194.7
-326135
-191296
-303881
-106258
-178591
-98061.6
-171155
-56727.6
213282
123677
199624
69041.9
-428606
-278328
-388191
-150342
-87624.7
-15728.9
-100814
-19382.5
63541.3
73064.6
36283.8
27249.1
-292294
-165609
-274034
-92071
-166821
-88383.4
-158560
-54170
248561
149365
232812
82708.2
-460505
-285002
-423964
-152917
-99594.6
-21409.8
-121930
-28061.5
16949.3
44585.2
-4951.16
5079.86
-276677
-157772
-259167
-89145.7
-187405
-96341.9
-186167
-58930.3
247263
144621
233787
78496.6
-423123
-256274
-383895
-140178
-105285
-10622.9
-123620
-20234.6
-9785.65
36819.8
-32097
4843.68
-248654
-138902
-233354
-76342.1
-174426
-80375.4
-168962
-52465.2
267082
163533
248717
92619
-403705
-242651
-379059
-130376
-94717
-1267.14
-119485
-17753.3
-3936.46
36314.9
-28153.5
4923.58
-212792
-119665
-194019
-64916.6
-145632
-61577.7
-154766
-42439.8
324056
192411
305457
105857
-410771
-252382
-382134
-138838
-140970
-35806.5
-160206
-38215.6
-40559.6
16095.2
-62525.9
-6602.26
-207843
-126150
-188337
-68287.4
-182525
-83688.2
-183950
-56582.7
313784
183338
297428
102081
-424303
-256743
-396658
-141241
-150187
-36278.1
-173412
-36542.6
-53905.6
9531.09
-81750
-8476.09
-226520
-140842
-204857
-76124.3
-188559
-86383
-189337
-56289.9
308376
172552
291774
95752.2
-451529
-276161
-422182
-154387
-177458
-53815.8
-197459
-47164
-40206.8
20088.9
-66816.6
-5278.55
-231529
-149681
-206471
-78802.8
-226730
-111540
-223091
-72209
261929
143458
249905
79446.3
-471479
-276615
-438939
-150441
-192515
-60565.8
-215957
-52781.3
-72056.3
1496.24
-90612.9
-14079.2
-230808
-149915
-205605
-75664.7
-255470
-121882
-252862
-73484.7
252837
146580
246174
84824.5
-467893
-280939
-430893
-157188
-212884
-66800.4
-226653
-55946.3
-71213.4
2732.97
-88197.4
-13812.6
-226887
-152498
-196029
-77076.1
-270746
-136059
-259822
-86646
270524
148811
264549
86778.3
-484205
-284088
-462627
-158263
-213447
-65620.2
-237467
-54867.2
-52194.4
9095.51
-76002
-8653.57
-229578
-158274
-200894
-79801.2
-302305
-150775
-306097
-95461.5
275039
152239
260968
86043.6
-480682
-279176
-453615
-156031
-214558
-60194.6
-236271
-52155.5
-49538.5
19767.9
-79765.2
-7208.25
-231515
-160223
-204760
-80625.7
-320631
-154414
-318486
-95010.4
243270
133322
226487
78324.8
-502249
-289474
-467580
-162988
-191748
-44412
-209800
-44016
-50176.3
24329.4
-82810
-4734.08
-252307
-172123
-221312
-89723.4
-305871
-145972
-297476
-90379.6
246435
133100
229112
75738.2
-508964
-291706
-482781
-166775
-169866
-26232.2
-201357
-34385.2
-13779.4
52542.3
-55559.5
7140.36
-252279
-165642
-229138
-86187.8
-300945
-142715
-298932
-89786.3
229545
132624
206368
73360.9
-511921
-285957
-480182
-161452
-124114
5106.02
-157504
-22178.4
-34533.7
45657.9
-67405.7
-627.204
-246910
-161489
-217569
-84591.2
-303386
-143671
-297738
-89427.1
207523
119554
191719
63870.1
-512232
-293541
-483763
-170259
-105790
19111.7
-144902
-12143.1
-55933.6
33441.2
-94202.2
-5930.5
-263666
-178911
-237746
-93374.2
-326171
-160940
-324634
-103817
173530
100949
148946
53362.5
-512466
-281404
-490448
-160933
-49204
66401.6
-90368.2
12140.3
-50752.6
40405.5
-91688.4
-2845.4
-274395
-179240
-242004
-93289.3
-333222
-151879
-337607
-98676
173658
113551
153236
58312.3
