8617.51
1945.96
7036.42
3582.91
-5403
-1172.38
-5132.18
-3867.87
2616.3
409.415
4284.36
4769.44
-1401.49
-1911.31
1477.15
1748.68
-1306.73
-1504.02
-802.566
-1674.43
25716.1
17039.9
12665
13635.8
4990.76
503.46
3343.2
424.971
-17045.5
-11950.1
-8540.44
-11680.7
3930.81
2965.61
2015.25
9189.56
-24122.2
-14926.3
-9768.68
-3564.53
-21469.2
-16848.2
-9569.98
-18389.7
36008.7
19533.1
22735.6
25606.5
-6386.59
-7321.38
-2440.23
-10242.4
-55714.4
-36600.6
-27425.8
-38218.4
-15937.5
-11365.3
-7724.43
-8617.51
-65187.5
-41977.4
-29348.5
-25685.7
-52956.6
-34629.8
-27553.8
-38433.4
28669.6
15809.5
18266.7
18688.1
-26267.6
-15608
-15875.3
-22091.4
-48820.8
-29414.9
-25161.7
-30322.2
-33475.8
-20363.3
-18463.3
-20906.3
-86069
-50930.1
-46155.7
-44129.1
-50205.3
-30028.7
-30536.4
-41577.2
39554.8
23595.4
21632.5
25206.2
-20501.1
-18153.6
-8201.02
-23384
-50962.6
-32285.8
-25591.6
-30464.3
-29644
-18356.5
-16102.9
-18233.5
-88275.9
-54118.4
-43847
-40726.5
-38498.4
-26575.9
-22635.2
-40993.1
50985.9
31312.1
27560.2
29007.6
-28167.6
-20835.6
-14092.6
-22435.1
-45483.2
-27042.6
-22978.8
-19811
-42920.7
-26561.1
-23311.9
-28647
-82310.8
-49156.6
-41288
-32479.5
-18447.7
-12198.3
-12401.9
-23184.6
88506.4
53325.8
48356.9
52087.6
-48567.6
-31321.3
-28025.5
-40213.9
-36051.8
-19553.6
-23030.5
-20704.1
-46657.7
-28947.5
-24345.7
-29096.7
-67992.6
-40421.1
-34004.8
-26941.5
-21546.3
-14321.7
-13068
-21200.5
102782
66840.7
52304
65927.8
-43288.4
-29451.7
-26803.6
-43502.6
-23850.7
-16358.2
-11931.7
-16086.7
-36761.8
-24169.6
-20629.1
-26374.4
-54837.5
-33178.2
-25445.2
-16393.6
-35596.5
-27432.2
-18918.6
-40167.2
114573
67557.7
64271.1
70644.2
-36488.1
-22720.8
-26597.1
-45991.6
-13612.5
-9693.02
-6593.06
-11392.9
-33108.2
-21094.4
-20506.1
-28252.5
-46205.2
-27817.6
-20425.5
-10724.7
-57016.1
-36688.9
-33565.7
-53248
136382
86584.5
73452.1
88845.1
-42819.6
-27928.6
-26798.6
-47857.7
6545.69
2632.56
9241.18
13831.7
-41274.5
-29072.7
-19422.8
-28214.3
-39902
-22080.8
-17878.5
-2579.53
-56643.5
-37531.8
-32760.3
-54382.2
150939
91484.1
89345.1
113805
-53097.4
-36778.7
-31976.1
-60797
14029
7421.79
11118.5
17587.9
-51020.6
-32340.9
-27649.3
-33768.6
-30346.2
-17585
-12201.8
907.218
-66338.6
-44477
-38871.8
-67165.2
135354
85198.6
76682.9
103955
-60077.2
-41659.2
-36049.7
-68008.1
37884.7
24528.1
22861.5
38433.4
-70234.8
-45666.4
-36172.8
-47856.3
-17687.6
-8093.54
-7735.75
7434.52
-71533
-46163.5
-43606.6
-68785.2
147804
94147
82781.7
113862
-63973.4
-46621
-36579.3
-71706.3
31166.4
21971.9
16921.1
33597.5
-64966.1
-40481.9
-33338
-39637.6
-1941.01
-1256.53
5004.19
21046.3
-71006.2
-47565
-42982.9
-72313
157546
99062.1
88210.9
119784
-77087.4
-52272.2
-45522.1
-79215.1
17420.3
11117.8
12223.8
22375.7
-41444.9
-22408.9
-24554.3
-25695.6
-2122.73
639.225
4245.47
24272.1
-61304.7
-43532.3
-36244.9
-75701.4
159380
99994.8
91722.4
122474
-84138.6
-56433.5
-50708
-82142.5
-10857.6
-6530.84
-1034.5
8143.75
-14562.9
-7186.33
-9760.9
-10740.2
-6255.07
-3850.9
3775.24
25218.3
-60126
-40458.5
-38780.6
-76426.2
178376
113726
101929
144277
-116603
-75050.9
-70387.5
-107529
-26965.5
-13582.8
-11308.1
5463.81
-2606.4
-1385.22
-1957.27
-4215.06
-10634.2
-3090.06
-4214.36
18088.5
-43635.6
-29574.7
-32471.8
-70652.7
169137
107101
97394.1
142237
-135892
-91595.8
-77541.3
-127057
-52942.5
-31644.4
-24750.9
-15595.9
14529.6
11279.8
5615.13
6146.88
-3177.74
-670.337
3111.27
20866.7
-20341.3
-18337.4
-18922.9
-66692.9
156099
100284
90115.1
131595
-141165
-94548
-81099.5
-130319
-57847.7
-33425.6
-29621.4
-15917.7
22565.9
13273.1
12770.3
8180.52
12297.3
9777.17
8972.48
29528.1
2887.82
-4066.57
-7788.07
-52873.9
188990
119493
107108
151736
-160928
-104650
-91018.1
-143760
-72917.6
-41234.9
-41174.8
-33316
27553.1
17216.6
16376.6
20261.4
7558.97
5175.31
9562.91
26340.4
-3614.02
-8810.55
-8403.26
-52571.3
194843
124024
112894
165364
-143620
-91245.8
-85982.1
-135240
-70642.8
-42081.3
-38593.2
-38658.2
38366.2
24377.5
19647.7
27120.4
2060.51
3266.83
4800.55
23796.3
-25006.8
-23507.8
-20033
-74512.8
204452
127807
119333
169374
-128529
-81704.8
-78134.6
-126253
-73793
-44868.8
-39762
-45520.7
45693.2
29250.2
21421.1
24950.3
-17944.2
-11296.7
-4756.71
8356.59
-55134.5
-38994.8
-38700.7
-91594.4
209234
133586
120107
176084
-105382
-67429
-66057.2
-112338
-43949.5
-25076.8
-21998.8
-18311.2
58044.3
33899.4
30910.5
32637.9
-5434.82
417.193
-3534.12
10553.6
-44874.4
-32539.6
-34141.9
-88148.6
229088
144223
131443
190373
-80814.5
-53972
-50314.9
-95864.6
-31725.1
-19318.2
-16172.2
-11530.1
60596.9
38446.8
29439
35472.7
11156
8102.74
7450.78
20446.7
-38846.3
-31086.5
-30111.4
-87587.9
232513
147238
132805
193148
-95607.2
-63600.7
-55074.4
-98578.5
-49248.6
-26485.4
-26328.4
-16931.7
29922.6
17322.7
16598.6
11083.9
5689.38
4789.23
4454.77
15386.6
-60058.1
-41763.8
-41968.2
-94154.1
219361
140338
125183
182953
-101951
-66463.8
-61499.2
-98935.6
-40912.5
-23456.9
-23377
-18637.2
23743.9
14668.2
12335.5
9758.07
3981.01
5354.21
2749.23
15196.4
-79068
-53362.5
-52774.9
-108219
217188
140557
122238
183111
-110378
-73062.5
-66975
-110782
-36253.4
-22071.6
-18793.5
-16208.3
35280.4
22856.5
14213.6
13562.3
9756.66
8676.2
6807.32
20934.6
-80839.3
-56087
-53682.8
-115482
225472
142224
129195
184477
-119105
-77013.1
-74663.4
-121273
-21557.6
-16296.7
-9410.18
-12348.2
35524.3
20607.9
14596.8
4023.44
8325.48
6066.98
8073.75
21730.1
-77402.7
-53608.6
-52927.6
-116702
245388
156426
139127
199413
-141438
-92430.9
-85254.5
-140904
-2696.2
-4216.48
3580.08
6324.36
37064.4
21008.1
17160.1
1786.86
12512.3
9285.73
8803.48
24352.1
-52124.4
-38806.7
-39291.1
-103486
256504
160015
148717
209786
-171215
-113071
-100085
-163714
632.153
-2200.52
5504.83
10842.8
33644.1
19001.4
15004.1
1144.1
-832.972
1821.51
3081.57
20174.5
-46862.1
-35353.2
-35646
-98071.5
235833
149162
137409
199758
-187811
-124508
-110292
-178879
13506.4
7495.33
11974.1
26795.1
29591
13225.7
14871.9
-6337.8
-12559.6
-5216.33
-4636.5
13581.4
-49733.6
-37367.1
-37544.5
-98808.3
238907
150602
137945
202653
-202356
-132462
-118454
-194664
-6354.06
-2793.07
-1648.97
12173.6
48399.3
26444.4
23939.8
7358.86
-18082.8
-9656.25
-5270.07
9506.34
-58896.3
-43586.8
-39417
-101288
213842
137008
125205
187686
-206091
-134596
-121188
-198230
-30824.2
-18444.2
-15704.8
-10919.9
75787
45057.6
33683
19000.7
-29038
-14977.2
-13436.4
1862.52
-72002.6
-52258.7
-48100.9
-116803
208334
132944
121707
179727
-197634
-129347
-116691
-192384
-28426.4
-18500.7
-15190.8
-18337.4
111259
66931.9
48199.9
25606.5
-39753.5
-22178.4
-18142.2
-5314.61
-68105
-46824.6
-47771.4
-112878
233871
152565
133514
201647
-186178
-120244
-113483
-184341
-8067.38
-6213.35
-1560.58
1477.15
133318
76676.5
62933.9
32531.9
-23638.6
-9076.42
-14510.5
2969.14
-38680.9
-29506.9
-32503.6
-94063.6
261660
165802
151799
224026
-183685
-122083
-110254
-191417
-12022.9
-9024.8
-6320.83
-8610.44
158315
93472.4
70384
33438.4
-18860
-8551.75
-11329.3
-1528.76
-20872.4
-19024
-24107.4
-88654.9
265446
171898
149333
223512
-163445
-110170
-96339.8
-171670
-17785.1
-11026.6
-7500.99
-4602.56
187452
106101
93133
39143.3
-10001.3
-4144.35
-4668.32
5028.24
-21993.8
-18785
-21386.4
-81306
284472
181210
165435
238040
39964.3
25448.8
20141.2
21516.6
20463.7
14598.9
9472.4
12661.5
16106.5
11958.6
8443.56
12735
17696.8
14022.6
9637.16
16433.2
1434.01
3903.23
-1170.97
5430.58
24698.5
17131.8
13200.3
18283
69380.6
42272.3
36462
39870.9
37602.5
24715.5
18864.2
24627.1
48279.1
30040
26828.3
33142.1
26058.3
20288.3
15983.4
34057.1
-19763.6
-8891.16
-10922
-1982.02
63199.1
38587.5
36553.9
49776.1
76059.2
45767.5
41121.8
44940.9
22084.4
14040.3
11110.8
10004.9
59619
35536.4
35305.8
44428.2
12860.2
11590.2
11701.9
34075.5
-54184.9
-31254.8
-27806.3
-22701.7
73899.7
46681.8
42241.1
62466.5
63851
40677
34225.4
41419.5
25166.6
16444.5
9737.57
6914.09
67896.4
42349.3
38186.6
49947.9
16219.6
13441.4
13997.9
43245.9
-42268
-25182.9
-22310.6
-16730.1
96937.3
61655.5
52729
75910.7
78397.6
44693.4
45457.8
46592
24959.5
14517.6
12492.5
5499.17
93134.4
55809.8
53314.4
65075
9912.93
9834.44
14516.9
48787.5
-47418.6
-26603.5
-23711.4
-16344.1
105838
64523.5
59589.3
78685.4
105446
66118.7
58081
73394.9
16117.8
9884.65
7676.35
6454.47
109167
68641
62929
85967.2
2694.78
8104.86
9782.12
58862.4
-57233.2
-32301.3
-29258.7
-13445.6
115304
72751.4
65029.8
88620.3
135158
80858.4
76064.9
91049.9
9888.18
3775.24
3864.34
-1936.77
97985.2
62822.2
53030.9
77292.4
-19020.5
-7107.13
-2835.5
38641.3
-86202.7
-49960.6
-46932.1
-41654.2
126696
77460.7
71996.2
91850.3
128372
80470.2
69915.9
87715.2
-11718.9
-6641.15
-8334.67
-12379.3
63985.4
43823.6
32405.3
49512.3
-65036.9
-31832.5
-30152.4
8799.24
-122435
-71361.2
-69703.1
-74081.5
113738
69206
66817.3
87334.8
127706
79273.7
70446.2
88775.8
-17542.6
-10260.8
-11195.6
-13784.3
42531.1
29207.8
21228.1
33178.9
-93196.7
-50456.3
-45384.9
-11426.8
-137261
-82216.7
-76981.3
-92226.5
107672
68068.2
61225.5
86779.7
142463
86091
81587.4
97978.8
-5313.2
-3172.08
-3750.49
-5681.6
30654.5
21086.6
15046.5
19982.8
-112960
-66236.8
-54065.4
-28167.6
-145788
-87023.6
-83362.2
-102200
100510
60739.8
57757.2
79106.9
156408
97392.6
87906.1
113142
6853.28
6570.44
2140.41
6037.28
31601.3
21961.3
15178.8
21861.6
-129070
-73607
-62337.1
-30393.6
-133224
-78733.5
-77527.9
-95313.8
87773.9
54439.4
49606.4
70284.3
193480
120554
103746
131665
20728.8
12283.2
10681.6
13056.7
44882.2
28718.4
19873.2
20924.7
-158713
-92552.5
-83201.7
-56796.2
-137619
-83447.8
-81242.3
-107540
70022.7
41811.9
40814.2
50965.4
227384
139862
124543
150288
26521.5
14511.2
14084.9
13850.1
63324.2
37529.7
32351.5
28582
-155309
-93043.2
-78772.4
-65150.7
-134631
-83551
-79212.9
-107817
78253.4
47724.8
41814.8
51283.6
241962
150967
131412
162168
27090.7
17594.2
12537.7
11583.8
73592.8
43313.8
38234.7
29707
-137974
-82214.6
-69215.9
-54426
-143994
-88966.1
-83623.2
-111829
98244.7
58641.8
53281.9
61139.3
251955
154801
140978
173220
29229.7
16238
16477.7
12186.3
83140.2
46606.8
46674.7
38630.7
-128982
-78476.8
-62164.6
-48368.2
-152471
-94168.2
-88629.5
-123066
108497
65387.6
57536.6
64153
256427
161582
142613
185590
22941.4
14742.5
12484
13210.2
71605.2
41251.9
39886.5
35761.9
-134112
-80517.5
-66040.2
-47884.6
-142058
-87942.2
-82397.7
-114519
108468
66586.1
55048.3
60039
286787
177516
159106
199086
34184.4
21455.7
17698.2
16258.5
92090.8
53372.4
49828.4
44289.6
-132886
-81071.2
-65792
-51190.3
-152668
-94393.8
-89554.4
-126038
112170
64957.7
56575.6
47856.3
336079
208529
189506
240632
56618.7
32843.7
35249.3
39485.5
115185
68358.8
66335.8
70221.4
-129736
-78835.3
-61043.8
-45082.3
-144374
-90687.9
-84201.6
-123250
126067
72913.3
67141.2
54597.1
380105
235393
213418
274973
83065.2
49976.2
48981.3
64326.9
119390
73698.9
66449.7
83494.5
-116394
-67907.7
-55205.2
-27348.1
-137166
-88597.7
-78346.7
-114181
137690
78550.4
76967.2
69767.4
383765
239187
215885
283332
68925.9
45472.6
39461.5
61397.4
105669
67151.1
57666
75160.5
-127492
-70800.5
-61091.2
-23697.3
-170411
-105596
-97561.6
-131663
147412
86525.8
84094.1
89363.4
387905
243554
216916
287552
45405.4
31863.6
25476.4
43067.8
91526.5
59031.4
49056.9
65045.3
-140149
-77745
-68248.5
-27080.1
-201304
-124635
-114264
-152961
146794
89579.1
82151.7
98578.5
407931
257348
228852
305943
70462.5
47133.6
37995
53827.1
99406.5
64974.6
52253.1
66832.2
-124695
-69834.6
-58653.1
-16146.8
-185223
-116173
-105906
-148369
172693
104092
97747.6
116605
450366
281092
253171
333100
104952
69329.7
57536.6
81088.2
130412
82859.5
69396.2
85918.4
-111898
-60691.7
-49305.1
883.883
-175026
-106480
-101277
-136983
178585
109957
98593.3
124264
489351
308728
272341
364205
121462
79238.4
64560.3
92967.6
151657
96874.3
79965.3
101072
-110840
-58931.7
-50551.1
8689.64
-172816
-106750
-102460
-136672
189181
116837
104032
128452
521629
323074
292397
378820
134654
81190
77505.3
94086.2
137406
84473.8
76605.8
91055.6
-109002
-61953.2
-45220.9
6284.77
-181446
-116122
-102482
-151551
187469
113788
105949
123058
545330
337962
304905
393194
176400
109559
100103
132698
132018
81728.8
73863
91110.7
-89216.4
-48130.6
-35061.9
24945.3
-168875
-105471
-95391.5
-132107
207650
126407
117960
143343
561955
349772
312041
402588
209661
133003
114983
154636
128119
81459.4
69625.3
92646.5
-73134.6
-36017.9
-28080.6
36411
-157636
-98137.9
-88332.5
-118766
227094
141220
126086
159328
564682
349875
313339
399141
257908
161193
140879
180700
106843
66162.6
58449.4
74686.7
-59783
-29050.8
-21747.8
42235.5
-124188
-78268.2
-68389.2
-94832.2
235752
145555
131725
164736
565519
349208
312859
391903
285272
177866
156659
198882
91668.6
57367.6
49969.8
63779.6
-60177.6
-28855.6
-22080.1
38870.4
-105307
-63592.9
-58620.6
-73412.5
236638
146045
131256
165634
573269
355320
314349
388955
278390
173919
152024
193385
55828.2
35283.2
29932.5
39259.3
-70291.4
-35109.3
-28023.3
30368.8
-101286
-62668
-55390.5
-66357
216523
133755
120106
147428
589761
362506
324701
397983
251888
153014
140380
174058
35247.2
18241.2
20501.9
18120.3
-78853
-46001.5
-31025.7
15515.3
-115942
-75149.9
-61053
-71110.9
218537
133669
122286
148578
582897
359720
319034
391345
220475
134898
120210
146260
38810.3
20604.4
21760.5
18118.2
-99591.7
-57583.9
-43489.2
-2285.37
-150567
-95351.2
-81813.7
-99088.3
231359
142336
128359
159742
574588
353692
315558
381722
192694
116531
105541
118051
44209.7
23900.2
24331.5
17278.2
-102838
-60379.1
-45269
-11681.4
-176268
-112657
-93840.8
-117110
241454
148227
135536
167422
565071
351880
309646
380632
154204
97455.6
81769.8
97193.2
40615.5
24346.4
22005.2
19273.6
-109602
-62236
-49720.2
-11187.8
-203692
-127020
-110186
-132473
240083
151772
132735
174203
572504
353923
312929
379861
141402
88094.9
73046.3
80945.3
42707.1
24184.5
20951.6
15707.7
-104104
-59556.1
-48303.9
-11813.6
-213764
-131550
-119088
-144225
252610
156983
139092
178970
614951
378680
337285
405847
139167
83281.6
76365.4
79238.4
55703.8
30549.1
31082.3
21250
-97193.9
-57313.8
-42131.5
-10427.7
-206833
-130356
-112146
-139838
268508
165180
152704
189501
-30224.6
-17674.8
-17997.3
-19871.8
-29893.6
-19612.3
-13088.5
-13124.6
-16865.2
-12843.2
-8717.92
-14955.3
-12385
-9888.18
-2675.69
-2846.81
-22179.1
-12975.4
-11040.1
-9514.83
-7201.88
-4562.25
-4459.72
-3655.03
-67978.4
-38792.6
-41371.4
-47572
-62148.3
-37797.7
-32818.9
-36763.9
-45621.1
-27509.3
-27338.9
-31983.9
-24371.1
-17610.5
-10861.2
-9983.64
-41209.5
-24062.8
-24523.2
-27271.7
-23205.8
-16118.5
-14601.8
-20024.6
-102169
-62378.1
-59265.4
-81569.7
-70787
-44932.4
-35641
-45298
-78664.2
-48872.4
-45004.5
-64062.5
-38144.2
-23982.2
-18406.7
-15093.2
-21136.1
-14942.6
-11850.4
-19728.3
-75175.4
-46973.8
-43616.5
-57974.3
-113674
-69609.7
-67008.3
-92112
-56804.7
-32858.5
-29737.4
-29175.2
-96274
-58863.1
-55068.1
-71600.9
-40536.3
-24855.5
-19108.9
-11641.1
12435.2
4479.52
5102.48
-4529.73
-86855.3
-58292.5
-49511.6
-77052.7
-115632
-71039.5
-68230.9
-95883.7
-60458.3
-33885.3
-31137.4
-23304.8
-109230
-68218.1
-61055.8
-81096
-70126.6
-42845
-34377.4
-31312.8
26327.7
14876.1
14849.9
10868.2
-90299.7
-58314.4
-52919.9
-83768.8
-121304
-73496
-75157.7
-104836
-59368
-31175.6
-30639.6
-21987.5
-125137
-75342.2
-74056.7
-93735.5
-83467.6
-48069.8
-46716.4
-40203.3
58320
34882.3
31609.8
33574.8
-81443.9
-54834
-51267.4
-85720.4
-118955
-80741.7
-65693
-105343
-48161.7
-30624.1
-21146
-7847.47
-108822
-73667.1
-59314.2
-92264.7
-86339.2
-52135
-46266
-51188.2
65122.4
42207.9
32919.4
42717.7
-87302.9
-59884.9
-49765.5
-89296.3
-153576
-97611.1
-84672.5
-119563
-71218.4
-43575.5
-34943.8
-24287.7
-126754
-79760.9
-69647.2
-94024.7
-94877.5
-57067.8
-52473
-58452.3
50708
33678.1
26067.5
33618.7
-130937
-82195.5
-74838.1
-107700
-153172
-95239.5
-85212.7
-117229
-69780.8
-40933
-35684.1
-29242.4
-131307
-80899.4
-73136.1
-96964.1
-72773.3
-42210
-41587.8
-47335.1
68683.4
43388.1
36160.7
41253.3
-144963
-87957.7
-85642.7
-116523
-136041
-82696.1
-78157.2
-103318
-49298.8
-27828.9
-26512.3
-19751.6
-129615
-79067.3
-72388.6
-92135.3
-59947.1
-34088.2
-36347.4
-41942.7
90664.5
56472.4
47169
51832.3
-152123
-93509.9
-91098.7
-128044
-127389
-77712.4
-72148.2
-93468.9
-31681.9
-16495.4
-17158.7
-7181.38
-128440
-79046.1
-70768.7
-89526.1
-74389.8
-43299.7
-45446.5
-60924.3
114392
72441
58961.4
68352.5
-175961
-109733
-103901
-152136
-135035
-88837.4
-71656.1
-95337.8
-30503.2
-20140.5
-11300.3
-3497.35
-134375
-85732.5
-73368.7
-93401.7
-80036.7
-48933.9
-49119.2
-70641.4
124235
74890.4
68830.5
79215.1
-195294
-128505
-109843
-166613
-174491
-110898
-94164
-119345
-30036.5
-18317.6
-12755.5
494.975
-145017
-92655
-80089.7
-109954
-75364.1
-49899.1
-43848.4
-75316.8
118059
72058.4
63174.3
73655.1
-205855
-133374
-116438
-177275
-227643
-137879
-124818
-145387
-50208.1
-26749.1
-26315.7
-11441.7
-162296
-98149.2
-91986.8
-115784
-87516.5
-56610.3
-52009.1
-81808
92545.4
59437.3
48380.2
59240.7
-214197
-134708
-123354
-176971
-255896
-154496
-141201
-165132
-58816.4
-34317.3
-29335.7
-18068.7
-176337
-106283
-100419
-127816
-74953.3
-47280
-45953.5
-73371.5
106572
66837.1
56354.3
64629.6
-228029
-141522
-132075
-178619
-258250
-156660
-143948
-168320
-51081.4
-29422
-26508.7
-17918.1
-182801
-111452
-104353
-134721
-69724.3
-45956.3
-43733.1
-73917.4
141461
86181.5
73590.7
79909.4
-236416
-151438
-137045
-199026
-274337
-167786
-152245
-180377
-53113.6
-29907.8
-27618.9
-14095.5
-183830
-114154
-104713
-139125
-98644.9
-63679.2
-60792.1
-100352
159277
99062.1
82538.5
92341.1
-255946
-164863
-147143
-219504
-293214
-183124
-159900
-198092
-47654.8
-28062.9
-22067.4
-16359.6
-200735
-126113
-112876
-155053
-113537
-73797.2
-69534.1
-119337
192891
113680
106014
108429
-262711
-172671
-149458
-234229
-289410
-180094
-158786
-193994
-19526
-7032.88
-9115.31
14093.3
-182640
-115803
-103735
-145865
-90044.4
-58557.6
-56936.9
-108562
215574
134979
115110
136081
-240824
-154064
-138041
-211387
-303552
-189027
-163767
-198664
437.699
1578.97
5700.69
27939.2
-190971
-119961
-106515
-143127
-71107.4
-50210.9
-46461.2
-98145
224912
137906
123507
146284
-246210
-157913
-140513
-207377
-335498
-207114
-182011
-220825
16745
13043.3
13155
37714.2
-220262
-138287
-122463
-164989
-65563.6
-45139.6
-43521.7
-94557.1
225701
137875
125132
149786
-293877
-185957
-165840
-236033
-332124
-203889
-180559
-215004
54549.8
36179.1
35209
67094.5
-236222
-148210
-129127
-169607
-57148.4
-40698.2
-38731.8
-88784.3
241169
146540
133428
158208
-306871
-195769
-173517
-245926
-323079
-196799
-178382
-211823
72460.1
50725
42446.2
82001.1
-245632
-153443
-134767
-172755
-73916
-50114.8
-49926.7
-107583
257675
159762
140497
169358
-319876
-203744
-181832
-264011
-335027
-209323
-179263
-215309
99678.7
66112.4
59510.8
100321
-273206
-169278
-151232
-187051
-82527.1
-54749.2
-56568.5
-117303
276110
166851
157916
190403
-322040
-206782
-181833
-267628
-365777
-228228
-199252
-240431
99612.3
64812.7
60793.5
103727
-296674
-190104
-163033
-215935
-55997.2
-40970.5
-41350.2
-106572
246961
153808
135817
176203
-311807
-199800
-175686
-255840
-388734
-239798
-215369
-256218
81250.8
54815.6
47550.1
89362.7
-319848
-201175
-178439
-227264
-42702.9
-33992
-34515.3
-95302.4
216049
135349
117161
150873
-311116
-198088
-175054
-244642
-429021
-264418
-237817
-292916
61539.5
40254.9
38718.3
67781.8
-365032
-227449
-205342
-265417
-45825.5
-34639
-36838.1
-98545.9
201343
124032
109288
133191
-356238
-224280
-199586
-268687
-450364
-277048
-251642
-310061
51396.1
37466.1
30967.7
64766
-407388
-253073
-229339
-294093
-51302
-37325.3
-39902
-100441
189216
116149
101384
116945
-380614
-239846
-213157
-286332
-451481
-279936
-251453
-318341
35166.5
27307
21667.2
50894
-436624
-272933
-246070
-322620
-72120.6
-49204
-53840.5
-125501
177689
110581
94240.4
108764
-392305
-245049
-220372
-296720
-461237
-287348
-256615
-325537
31571.6
26507.3
19965.9
48929.7
-472137
-296598
-264796
-351415
-74949.8
-51306.3
-55314.1
-128812
186065
111931
104055
115095
-383571
-244439
-211409
-289195
-473688
-296034
-264011
-336084
26535.6
17240.7
19571.3
46985.8
-484896
-306415
-272795
-366991
-69315.6
-49827.7
-50747.6
-128286
173681
108807
91018.1
111871
-381405
-241114
-211325
-276507
-513221
-319088
-286525
-364922
-15595.9
-7558.26
-3405.43
19408
-517024
-323875
-290083
-383513
-65557.3
-47982.9
-47760.8
-120721
164230
100784
88826.8
101236
-410701
-258113
-226626
-291903
-544882
-339721
-302964
-395734
-22064.6
-11987.6
-7203.3
7609.18
-552050
-345578
-310598
-414919
-60959.7
-44231.7
-45504.4
-115339
173574
103513
95559.1
104273
-448687
-278821
-250359
-319053
-559713
-346006
-313093
-403313
-37583.4
-19062.2
-16486.2
2065.46
-595458
-371093
-333242
-438409
-63815.7
-44928.2
-45778.1
-110101
163455
98928.5
90142
99491.3
-468735
-291703
-260810
-333751
-549417
-340626
-307189
-397492
-50201.8
-26715.9
-23537.5
-5616.55
-618403
-386227
-346533
-455934
-85546.5
-56922.1
-59182
-130415
173738
107239
94288.4
109423
-475749
-296506
-265139
-344710
-567706
-353609
-314783
-399969
-58719.6
-32744.7
-25668
-3374.31
-663275
-413049
-372099
-482205
-85613.7
-56514.8
-60620.3
-126637
181073
110092
103082
125533
-492226
-310301
-271778
-350433
15216.9
6186.48
5885.25
-3321.99
14478
7490.38
5861.92
3297.95
7527.86
3572.3
5739.59
3947.07
4818.23
-406.586
594.677
-5592.51
-2015.96
-3754.03
699.329
-6381.64
-23315.4
-13765.2
-18702.3
-25860.3
1353.4
-2015.96
-3296.53
-14169
41679
25670.1
20224.7
23953.9
33207.1
18936.3
20489.8
25079
12957.7
4881.87
5016.92
-1901.41
-2158.8
1518.16
-1153.29
6091.72
-30146.1
-16766.9
-23056.6
-31476.2
-7945.05
-7041.37
-9309.06
-25793.1
56689.5
33987.1
30052
36037
57658.2
35612
35369.5
49508.8
22322.7
10617.9
10192.2
323.855
10688.6
8420.23
9772.92
27860
-33322.4
-22028.5
-21151
-35118.5
-16725.2
-13882.6
-11653.8
-32695.2
89656.9
52882.4
49582.3
56652.7
51710
34697
31264.7
54240.7
54169.3
30680.7
28023.3
20714.7
-10014
-3457.75
1280.57
27070.2
-16932.4
-12546.2
-13417.4
-28640.7
-12440.8
-10406.5
-10108.8
-30088.8
125514
76388
68800.1
83097.8
52506.2
34603
34062
57380.3
77252.8
43900.7
43284.8
40927.3
-13453.4
-4967.43
1388.05
32070.1
5156.22
-1038.03
889.54
-14840.8
11438.9
3677.66
2268.4
-21538.5
166478
101456
88187.5
94724.7
44433.2
33217
25926.8
51392.5
96339.1
56783.5
50710.2
48670.9
15399.4
15735.2
14862
50450.7
27370.7
15626.4
5858.38
-14541.7
37693.7
18348
19550.1
2131.22
217203
134732
115636
131712
72931
47537.4
45715.9
74237
118862
69476.8
67009
69722.1
37954.7
25269.9
32095.6
78530.6
48676.5
26612
20944.5
-4596.19
35363.1
15627.1
20475
844.993
248326
154456
132456
152883
101543
64263.3
60258.9
93256.8
160343
96414.7
89287.8
98820.3
29637.7
24741.7
22604.1
70320.4
66400.9
38086.9
29758.6
10259.4
21279.7
11754.2
10098.2
-1537.96
252140
157401
134731
155640
107981
69985.2
63848.2
101378
182973
112977
101178
119348
32370.6
27007.9
25443.1
79082.8
60140.1
34426.9
27682.5
6121.42
28410.8
16848.2
14205.1
4232.03
286250
177873
154629
176264
113505
74227.8
67827.1
109067
228906
141947
127515
151998
18468.9
16688.4
20210.5
71097.5
81413.4
46473.9
42114.6
18827.4
29668.8
16742.2
19029
15482.1
315857
194814
172257
198413
97242.7
63349
59551.8
96990.3
253749
157471
144909
182101
23752.4
19499.9
24287.7
73601.3
101273
59943.6
53354.7
43390.2
22442.9
13505
15224
21612.7
339751
212248
179121
210528
91431
62311.7
51200.9
93509.9
261209
163870
147592
199809
50515
38117.3
35430.3
95168.8
109547
66427.7
53626.3
48280.5
12701.1
10697.1
5264.41
11861.7
351958
217416
188197
216291
87125.5
58428.9
52547.2
86945.8
239454
150984
134016
186915
47647.7
35914
36429.4
95342.7
72539.3
45760.4
31261.9
19124.4
8181.23
4481.64
6408.51
7875.76
350284
214048
191550
217329
109978
69584.3
67909.8
104420
233675
144429
135079
181820
54074.6
40616.2
39799.5
102187
67581
40815.6
32306.3
17475.4
424.264
5391.69
-2093.04
7803.63
322487
199646
173744
202375
127107
84171.9
75788.4
124656
224060
142476
126433
178729
67356.2
50080.8
47220.6
118737
65398.9
39428.3
30747.1
17461.3
6305.98
6329.31
2597.2
7278.25
341110
207473
186388
207440
124884
83523.5
74625.9
127243
244643
153554
139573
188113
67025.2
47422.8
50317
120168
93701.5
54925.9
47581.2
31177.8
14317.5
11206.2
8437.91
19821.6
355473
216937
192979
221416
117149
78408.2
70999.9
124495
246717
154084
142565
202510
85161.8
60747.5
57204.2
131964
117359
67411.3
61514.8
54414.7
17129.7
12816.3
11738.7
20168.1
346876
211583
186038
200663
97522.8
69015
57248.1
109499
221150
140250
127221
181931
114127
77655.9
72681.4
143927
108018
64827.5
50779.5
33657.6
59037.1
34568.3
36434.4
50797.8
409461
249899
222910
248280
134485
85091.8
83529.8
133795
260225
161568
150048
207778
148900
95703.4
98045.3
178132
141217
82208.2
72419
52548.6
64666.3
36341
40044.2
55428.7
457415
278521
250979
281984
161339
98951.1
98606
150001
264869
163023
154615
210920
160691
104670
102096
185482
185736
109696
96661.5
83002.3
63108.6
39839.1
37304.8
55171.3
490372
298668
268523
304004
174193
110263
103223
159046
264470
167164
151222
210774
172340
114073
106821
193376
228259
135207
120144
107587
53424
35150.3
31387.1
54724.4
521983
321664
283997
327565
165083
106751
95813
153379
264618
169119
149991
213405
165849
109961
103499
189466
253152
153089
132059
125152
40331.2
29685
25346.2
51089.2
555159
340075
306108
352187
137124
89933.4
82720.9
135175
253943
161832
147552
209720
165757
110499
105452
189459
282693
170597
150866
148107
45409
31665.7
31459.9
65505.7
582667
358761
319662
375300
117706
78110.6
71376.1
127556
239274
153120
141113
211224
166226
109957
106470
199369
294501
179532
154934
155531
87485.4
53841.9
56207.2
91008.9
616649
382189
337402
412869
132902
83920.1
83277.4
136980
276729
174310
159272
232337
169884
109942
112021
205290
307771
187314
163466
169816
87866.5
54826.2
54485.4
90104.5
615633
383045
333296
402989
149458
94828.7
88085
141844
291887
184138
166833
238542
179096
122816
107762
205319
313646
192610
163868
174532
65630.1
44105.1
40581.6
74094.2
590006
366787
317115
380146
151500
98555.1
87718.7
142742
293873
188114
164752
234447
184954
126057
111188
207834
299624
182628
157208
162609
63541.3
40450.8
41558.8
72728.1
587523
361583
315471
366424
131824
86278.3
77110.7
131255
333161
209890
186835
254690
181804
119763
111750
203851
306848
182975
164626
163806
56968.8
40207.5
34670.9
66155.5
569200
350253
302649
336286
97162.1
68154.5
54814.2
99091.8
357825
226342
199594
266458
169031
114705
100329
176920
305866
185944
158835
160210
69198.9
43373.2
48175.2
82020.1
566742
343667
305237
331666
89103.2
58935.9
55679
102621
381686
235885
218134
287957
192134
123413
118572
201168
312659
186731
165210
159231
90670.2
57019.7
59986
102506
571851
348382
307671
336814
91436
59602.7
60001.5
106294
385410
237952
219985
292342
184686
117879
118057
201718
313294
187586
164179
157739
110281
69912.4
68126.2
113482
569841
349569
303219
332231
118437
76376
72578.1
121581
409769
254891
230035
305625
183863
122855
111649
200089
324564
196802
167257
162731
121123
79762.4
72520.2
124058
562822
345102
298863
326587
147711
96915.3
87776.7
146818
431026
270447
239794
319448
194017
129884
118717
215585
333673
202053
173433
169709
120843
77849.6
74258.2
122817
555346
337582
296656
315331
141377
93642.2
83715.8
144857
449300
279810
251797
329066
179512
118080
112941
206922
351435
211003
183663
176818
115076
76332.2
71366.9
123587
561463
341436
299402
315177
135799
90713.3
80583.3
136036
450044
281665
253048
333771
170808
114941
107094
198006
357831
215645
187578
181929
122655
80246
78032.8
134712
575052
348880
306604
321779
139317
91648.1
83680.4
143509
451745
281426
255807
338810
190619
125640
119968
218797
371530
223186
194559
188431
5852.72
3405.43
5958.79
8558.82
3583.62
906.511
1895.75
1516.74
5358.46
1995.46
5793.33
4702.97
-5704.23
-4743.27
-2935.2
-5788.38
-6240.92
-5103.19
-2721.65
-4668.32
17090.8
12100
8208.8
9444.83
37268.1
24792.6
21563.9
31205.3
16093
8978.13
9393.21
9727.67
47510.5
32280.8
26344.7
35474.1
22840.3
10494.2
13664.1
5031.06
-4487.3
-4234.86
-2221.02
-9386.84
42381.2
29202.1
21397.1
31377.9
54326.3
33273.6
32736.9
52760.1
-1629.88
-3360.88
1800.29
-659.731
66180.2
40865.1
38496.3
56967.4
55052.5
30573.9
33246
35265.5
-7555.44
-4818.93
-3833.93
-6843.38
31828.3
19648.4
18747.5
26003.1
45375
27773
30279.7
44812.2
435.578
-1402.9
305.47
-114.551
80779.9
50517.1
46313.4
57086.1
59679.1
37017
31957
37399.6
-20242.3
-12485.4
-12695.4
-18782.2
44456.5
32648.5
20238.1
28278.6
28072.8
19261.6
21146.7
43674.5
-24712
-17293.7
-13459.1
-21554.7
90042.3
56644.9
56420.8
80465.9
87946.4
51343
51816.1
57661.7
-15306
-9779.29
-11781.1
-27756.8
51780.7
33580.5
28726.9
30977.6
17454.2
16963.5
10426.3
33443.3
-43417.8
-28616.6
-25553.4
-37165.5
104065
71132.1
59037.1
96383.6
120265
76678
65509.9
84199.4
2033.64
1897.17
-7491.09
-27489.5
74224.3
50972.5
35534.9
43472.2
46937.7
33144.9
29712.6
56313.3
-54612.7
-33833.6
-31430.2
-44381.6
129002
80854.1
78849.5
119653
124157
80656.8
65557.3
87921
5060.76
-1120.06
-1180.87
-30156.7
124636
77930.9
66694.3
78407.5
79401.7
53146.1
45609.8
75661.1
-38858.3
-24258.7
-22715.1
-32539.6
154623
100243
90173.8
139287
148451
90932.5
80046.6
92606.2
8954.8
128.693
577.706
-32944.8
155030
96592.9
82554
100239
97990.2
62993.3
57206.4
93068
-42444.1
-26450
-23745.4
-34098.1
172480
105146
103036
154801
163846
103542
86548.5
105174
30663
13852.9
12748.4
-16006.1
152392
91029.4
83841.7
98420.1
88001.6
55952.7
54602.8
84443.4
-33128
-21751.3
-17551.8
-25722.4
170375
104448
104643
150284
153178
95865.3
79827.4
91711
22124.7
8918.03
8783.68
-20023.1
137792
83821.1
76370.4
87949.2
100966
65973.1
60543.2
101611
-43990.5
-28352.2
-23887.5
-28355.7
162656
102323
102551
166780
174077
106469
91967
101603
57142.7
29838.5
26132.5
-2319.31
135570
82525
72372.4
82339.8
98689.5
65461.8
57720.4
95434
-75695.1
-48036.6
-40027.2
-47653.3
146702
96847.5
90726.7
162410
180164
111654
95781.9
106527
70643.5
39007.5
30205.5
-1687.86
126054
77474.2
64137.4
65966.7
105906
67692.7
63173.6
99766.4
-79608.9
-52122.3
-42865.5
-59465.6
144544
94564.9
90029.5
158131
178373
107929
93748.9
100087
64643.7
32500.7
28957.4
-11066.2
138210
83088.6
71994.1
67694.9
111584
72575.3
63899.1
97360.8
-79379.1
-49633.9
-42826.6
-56276.5
135791
93348.7
82724.4
153420
184749
108937
99424.9
97744.1
51032.6
26156.6
20282.7
-20839.9
119466
74245.5
59271.1
56723.4
107803
69880.5
64916.6
102368
-84715.6
-50217.3
-43334.3
-49805.8
106965
74350.9
67867.4
139328
196556
121110
105797
113484
36792.2
18499.3
16191.3
-14519
82595.7
48933.2
43869.6
35643.1
105222
65989.3
63766.9
97478.9
-55110.5
-32968.9
-29093.9
-27234.9
97408.2
65673.2
63871.5
124677
208393
128061
108658
122405
9140.06
-452.548
2095.86
-28823.8
68084.5
41768.8
30984.7
22179.1
109324
69942.1
65862.8
109558
-21456.4
-14815.3
-6672.97
347.897
101254
68812.8
67124.9
135123
232012
139432
123442
129274
14736.8
4335.27
3247.74
-25569
68229.4
40153.8
32780.1
17816.3
88526.2
57371.8
53433.2
93381.2
-18657
-14639.2
-2802.26
9975.16
91497.5
63829.8
61019.8
131258
246401
147585
133183
143923
13860
4145.06
1608.67
-26101.4
61826.6
35793.7
27514.9
10828.6
66637
44930.3
40501.7
74105.5
-19994.9
-9918.59
-5757.97
15545.7
88069.4
61913.6
59060.4
131015
225799
136918
119403
127204
-1599.48
-4286.48
-7387.14
-38136.4
68718.8
41403.9
31177.8
11077.5
57965.1
39324.3
34138.4
63349.7
-9949.7
-3907.47
161.22
24652.6
91397.1
65522.6
58966.3
128959
218529
128905
118525
118674
-17200.4
-14845
-16177.9
-52306.1
75881
45695.4
33864.8
19229.1
25069.8
16952.2
18300.6
40829.1
-13576.5
-4984.4
-935.502
20840.6
82911.1
55145.1
55840.2
114355
202491
120811
111147
114821
-18341.6
-15911.3
-14781.4
-49403.4
64867.1
35102.9
32019.9
7353.91
11584.5
10170.3
8368.61
24188.7
21537.8
18785.7
14849.2
44212.6
97048.3
66448.2
59500.2
111748
196303
120245
102184
108234
-41452.7
-29182.3
-28640.7
-64501.6
67532.9
42446.2
27808.4
8100.62
1761.4
1475.02
5541.6
22474
52579.8
32683.9
38567.7
71371.8
126021
82806.4
78435.1
137126
210616
122288
118206
119043
-19666.8
-15977.8
-18400.3
-54506.6
79373.4
44872.3
39125.6
14630
-26495.3
-13917.3
-13662
-2120.61
71937.5
45544
49404.8
91356.1
149127
99888.7
87054.7
150836
214200
128828
118294
132622
5334.41
202.233
-6980.56
-42183.9
93494.4
54968.4
44131.2
22563.8
-28463.9
-16914
-13464
-8420.93
56448.3
40013.1
38798.9
86853.9
160578
102275
96892.7
156172
192225
119577
102574
120525
-4483.76
-6659.53
-9164.81
-50901.8
107321
60174.8
55415.3
30091.6
-39025.9
-20578.9
-21562.5
-14111
42569.2
32918.6
29306
79262.4
178843
115868
104946
168364
179879
109983
95450.2
106418
-15152.6
-10438.3
-15480.7
-48399.3
113474
67598.7
57346.4
45894.8
-45540.5
-27208.8
-26641
-21100.1
52516.8
38120.1
33054.4
75835.8
217894
136158
124082
188749
186799
117237
93602.6
101017
17176.3
9371.29
2127.68
-20501.9
141957
80241.1
76361.2
66439
-68317.1
-43949.5
-35023
-42837.9
70318.9
48519.5
43877.4
85961.6
220322
136488
129973
182484
189928
117279
95313.8
93592.7
11128.4
3882.02
4139.4
-19074.2
145040
85507.6
78976.8
76710.5
-81373.8
-49078.2
-44325
-48690
58765.5
41611.8
38720.5
86647.5
225022
141246
133386
199217
203573
124181
104823
100654
20984.8
13308.5
8580.74
-1819.39
141188
85377.5
77310.8
82539.9
-100272
-61039.6
-54654.4
-65389
20954.4
16760.6
20244.5
62819.4
234022
149929
136452
207088
210835
128613
111900
111803
34367.5
21897
16892.1
12382.9
145138
87992.4
79211.5
88795.6
-92299.4
-56339.4
-47782
-53355.4
-6593.06
1946.66
4070.11
46800.6
229998
147388
137226
211488
203837
126152
105861
107933
26679.1
14410.1
15402.2
9323.2
145942
92014.4
79712.9
96580.2
-54969.1
-34491.3
-32022.7
-39158.2
-352.139
3319.16
6169.51
44126.3
259914
166072
149250
222497
225745
135597
117132
112057
33181.7
16262.7
15578.3
1656.75
155704
96443.7
81384.5
97097.1
-43720.4
-27075.1
-25421.9
-28992.1
-19373.3
-5797.57
-3634.53
31709.5
266097
167638
152824
226959
246092
152852
126747
127841
37661.9
22317
17486.8
8890.45
132796
80195.8
71894.4
81595.9
-67052.8
-42683.1
-35247.2
-44844
-21283.2
-7415.43
-4541.75
36041.2
244973
154592
141957
205140
248383
154673
126239
128189
13232.1
7609.18
4264.56
-6976.32
94722.6
59849.5
50340.3
58002.6
-81644
-49675
-46068.7
-52102.5
-41111.2
-18736.9
-17062.5
24245.3
231892
147419
137368
206904
278902
170414
145382
146402
28002.8
14912.2
12767.5
-1897.17
70210
44631.9
35245
40785.9
-94222.7
-58514.5
-51980.1
-65299.2
-70241.2
-40454.3
-28376.2
7967.68
215711
140772
128070
203615
303621
184910
162127
168267
41684.7
23425
20212.6
7044.9
55129.6
34636.9
27350.2
26155.9
27092.8
16028
16527.9
19760.8
-592.555
-108.894
-2406.99
-4359.31
9408.76
3237.13
6490.53
2110.01
22997.2
11822.1
12264.1
8297.19
20603
13625.9
8046.88
6232.44
21836.9
13749.7
11216.8
14410.1
21261.3
14515.5
9385.43
10009.8
-5053.69
-3737.77
-4121.73
-12268.3
-42866.2
-26180.6
-25160.3
-34364.7
7530.69
2953.59
2475.58
-9084.2
14768.6
9188.15
4608.21
-3414.62
10960.2
7677.77
6776.91
6779.03
73356
45222.3
39917.6
46154.3
2903.38
3454.92
-1774.84
-5373.3
-39024.5
-24557.1
-21703.9
-31563.8
34288.3
18513.5
17106.3
5909.29
35598.6
23727
12360.9
3902.52
41031.3
28572.8
23281.5
35368.8
104627
65171.2
58278.3
73496
10422
7027.23
2439.52
-3614.02
-32906.6
-20642.6
-16385.8
-18666.2
55717.2
32766.6
26512.3
18267.4
69355.2
43224.7
30202.7
16725.2
70826.6
47081.3
41097.8
64892.6
104778
65268.8
59903.3
79089.2
14148.5
7701.81
5448.96
-2290.32
-46972.4
-28979.4
-23714.9
-27074.4
65863.5
38428.4
33070.7
23502.8
90191.5
53417
43977.8
29347.8
72744.3
47644.9
43108.1
72230.3
118918
75196.6
66564.2
91339.1
6885.81
3447.15
954.594
-9970.21
-70446.9
-42195.9
-38980.7
-40310
79570.7
47596.1
38603.1
28738.9
102221
61068.6
48769.2
33331.6
68199.7
47046.6
39982.6
71892.3
119897
71850.5
71600.2
92568.8
-9470.28
-7747.77
-6848.33
-20677.2
-71141.3
-46280.1
-34897.8
-45375.7
82215.3
44969.2
42838.7
27586.4
96679.2
56337.3
46264.6
23853.5
75983.6
47849.9
46790.7
79316.2
103986
68182.1
56684.5
85743.1
1.41421
-777.817
-2038.59
-11352.6
-80137.8
-45467
-41685.4
-33823.7
48890.8
28540.2
22030.6
8951.97
80610.9
49203.3
38062.1
25150.4
77860.2
52824.4
45303.6
78664.9
95863.2
58304.5
54477.6
75660.4
-13413.1
-11116.4
-8551.04
-19891.6
-108684
-65387.6
-54112.8
-46231.3
23806.2
9522.61
11375.2
-7181.38
41745.5
25030.2
15354.8
-589.727
63579.5
42811.8
37674.6
71045.1
78862.2
47526.1
43202.8
53918.3
-20572.6
-15145.5
-14727.6
-34376.7
-112219
-67267.8
-53940.2
-40432.4
-16624.1
-11954.3
-14182.4
-33160.5
28591.2
16742.9
7176.43
-17753.3
42725.5
30362.5
23792.7
49047.8
73657.9
42674.6
42978
46208.7
-11921.1
-11289
-7502.4
-29644.7
-106911
-63228.8
-49829.1
-34068.4
-38614.4
-27663.4
-24629.9
-53640.4
30938
15530.9
11931
-17189.1
34814.4
21382.9
22476.8
37673.2
59057.6
37896.7
30699.7
41976
175.362
-1453.1
-3357.34
-19217.7
-106290
-58776.1
-52114.5
-20846.2
-54713.8
-34252.3
-35177.9
-59303.6
22005.9
12099.3
5267.24
-17063.2
24998.3
20149.7
11739.4
28582
68648.8
41027.7
37251.8
39407.8
-10028.9
-9620.19
-9989.3
-34699.9
-97479.6
-57743
-45603.4
-25274.8
-47103.2
-32483.1
-30180
-59566
33586.9
18439.9
10748.7
-16553.4
36536.9
23608.9
20435.4
32833.1
79825.3
50874.2
42007.8
51425.8
-17186.2
-15312.4
-11597.3
-36042.6
-93312.6
-52642.7
-42330.9
-11890
-63930.2
-41927.2
-38250.2
-68181.4
37383.3
20446
15533
-8775.9
41961.8
27787.2
25619.9
40263.4
98776.5
61025.4
55057.5
69251.9
-37711.4
-27601.2
-23342.3
-49390
-81776.9
-45321.3
-34190
3771
-67312.3
-44844.7
-38569.1
-67627.7
37425
22738.4
13600.5
-6643.98
46606.8
31634.5
30468.5
55609.7
106661
66173.2
60133.8
77572.4
-45408.3
-33287.8
-28205.1
-59960.5
-51874.8
-27160.7
-13831.7
34907.7
-74847.3
-48146.9
-42653.4
-67403.5
60749
35213.2
28314
6684.28
45172.1
30997.4
31410.4
63835.5
102408
65012.1
56789.9
76209.1
-43932.5
-30439.5
-30213.3
-63947.2
-39404.2
-15443.2
-9466.75
50903.2
-82052.7
-50993
-48226.8
-69855.8
77198.4
46126.7
37109.7
22886.2
27319.1
22128.9
19144.2
54802.2
104249
66589.7
58812.9
82589.4
-60464
-42501.4
-37692.3
-77298.1
-33171.8
-12216
-4942.68
59129.7
-82884.2
-51548.8
-47331.6
-68508
79005
46520.6
39801.6
26998.8
15951.6
14666.8
14927.7
50382.1
105374
65633.7
60635.8
82598.6
-61304.7
-40847.4
-41930
-83420.2
-3541.9
4992.88
10055.8
77035.7
-69729.2
-45098.6
-40964.1
-64788
71569.8
41642.2
35319.3
18477.4
16093
12745.6
15318.1
51908.7
97080.8
62641.2
54154.5
79290
-48865.3
-34915.5
-33210
-74846.5
-8307.8
2886.41
7812.12
77615.6
-74262.5
-48406.4
-42538.8
-69341.7
49506.7
27166.3
25631.9
12332.6
6373.15
7805.75
11820
49688.4
86146.1
53653.1
48145.5
64350.3
-43320.2
-30245.1
-32807.6
-75108.2
-39448.8
-17024.3
-10991.3
47784.9
-77038.6
-49901.2
-46063.1
-76571.9
1366.84
-864.084
-3958.38
-24400.1
-27039.8
-11428.3
-7846.06
27995.8
67964.3
42697.9
38297.6
52138.5
-33555
-24794
-28888.1
-76617.1
-45233.6
-20856.1
-13686.1
44269.8
-77051.3
-49151
-46942
-77373.7
-20965
-16619.1
-14465.3
-43099.6
-49025.1
-25378.1
-19264.4
15052.2
60567.9
38564.2
34212.7
46679.7
-14640.6
-14404.5
-17905.4
-67767.7
-35719.5
-13879.8
-9690.9
46392.6
-59307.2
-38444.7
-37181.8
-65747.5
-17503.7
-13730.6
-13102.7
-39087.4
-57674.5
-31108.5
-25005.4
8451.34
57178.8
36667
31106.3
44712.5
-2742.16
-6456.59
-11709.7
-60545.3
-20299.6
-5160.47
-3361.59
52375.4
-49718.8
-32238.4
-32796.3
-63764.8
-42358.5
-31534.1
-23887.5
-53746.5
-70879
-38723.3
-31981
-1183.7
53180.1
31899.7
33575.6
45602
-28569.2
-20920.5
-27679.7
-77894.9
-29029.6
-14346.5
-2645.29
45756.2
-26054.8
-17768.9
-20226.8
-46723.5
-37072.9
-23590.5
-24871.8
-48990.5
-73602
-41160
-32529
2270.52
56039.6
34936.7
31960.5
47294.8
-19647.7
-21155.9
-19583.3
-78787.3
-46468.2
-25149.7
-12918.1
33874.7
-26669.9
-22541.1
-19372.6
-55486.7
-11059.2
-11598.7
-7577.36
-28706.4
-66571.3
-40508.7
-26538.4
-334.462
72832.7
42840.1
44357.5
62162.5
-28837.9
-24491.4
-24796.8
-79229.9
-50177
-27684.6
-11879.4
40835.4
-1721.81
-8647.21
-4247.59
-40439.4
5806.76
48.0833
753.069
-14712.1
-53965
-30454.4
-20619.9
15467.3
45732.1
28164.1
30096.6
50734.9
-62921.9
-43605.2
-45822.6
-103260
-79822.5
-44063.4
-25680.7
38364.1
-13604.7
-11033
-14053.7
-42927
25962.1
12249.2
12136.8
-2537.1
-69118.3
-38348.5
-29584.6
8015.76
11316.5
8118.29
10994.1
28859.1
-81039.4
-56372
-56774.3
-124791
-118199
-65735.5
-47954.6
14659
-27433.6
-19750.2
-21826.3
-54273.3
33719.8
18418.7
16903.4
6151.83
-94799
-54527.1
-43821.5
-10035.3
3111.27
2262.03
8439.32
30443.1
-92112
-64467.6
-60382
-133222
-132382
-75504.9
-54107.8
10588.9
-4887.52
-7558.97
-7573.11
-42246.1
51380.5
26575.9
29427.7
21288.9
-103179
-60809.8
-47511.2
-18924.3
11252.2
8426.59
11045
34028.1
-84991.4
-60690.3
-58763.4
-133404
-118166
-65599.7
-50966.8
12830.5
23577.1
9870.5
6451.64
-26394.2
53828.5
30349
29506.2
25744.3
-96305.1
-55064.5
-45470.5
-12117.7
7701.81
9106.83
6314.46
28446.9
-71266.5
-51384
-50848
-127831
-140589
-76463
-64154.4
-2433.86
25250.1
11479.2
7979.7
-28674.6
37095.5
22180.5
20610.7
19694.3
-113179
-64069.5
-53406.4
-25194.2
32864.2
23780
20509.6
45628.9
-53768.4
-38286.3
-43183
-111492
-148490
-80032.5
-70287.1
-7984.65
58635.4
33370.5
25321.5
-4288.6
23637.2
15504.7
11318.7
13603.3
-115698
-62669.5
-56941.9
-21461.4
40039.2
28174
24875.3
51261
-42241.1
-33144.2
-37241.2
-109682
-139634
-75800.4
-64579.4
-1625.64
81808
48593.1
37343.7
13985.9
24129.3
14476.6
12189.8
10241.7
-111815
-61608.1
-53173
-17329.8
39233.8
25593.7
26426
51005.7
-24898.6
-26119.8
-25123.5
-100273
-130982
-72984
-58261.4
38.1838
101978
58873
49964.9
28796.2
25659.5
13726.4
15337.1
13650.7
-111208
-63853.9
-51729.1
-14142.1
32869.9
25450.9
19658.3
48021
-30252.1
-25073.3
-30407.7
-103940
-143732
-76974.9
-69787.2
-9835.15
111400
67993.3
53538.6
34531.6
12076
6198.5
8119
9258.15
-137111
-76572.6
-67977.7
-34836.3
12003.8
9622.31
1561.29
2253.55
15564.1
12335.5
2880.75
3642.31
8846.61
9531.8
-828.729
-3122.58
-4478.81
-3884.14
-1233.9
-6198.5
22631.7
17486
8228.6
18261.7
16181.4
11888.6
5106.02
7474.83
16184.3
12599.9
3580.08
-7278.96
39569.7
24494.2
18014.3
7150.26
34353.4
20419.8
18628
8594.18
-7339.77
-5520.38
-3919.49
-12395.6
44562.6
30006.8
22891.2
30935.9
53307.4
33162.6
26456.4
20195
10500.5
6477.1
1454.52
-9789.19
56997
36564.5
28118.8
29837.1
32922.2
21745.7
16315.8
17701.7
-28644.2
-20770.6
-10374.7
-12228.7
64069.5
40686.9
37837.3
57385.3
62506.8
37166.9
35380.1
38656.1
-16584.5
-9444.83
-17223.7
-34131.3
41046.1
25506.8
20288.3
17102.8
-2291.73
-818.83
-1709.08
-5578.37
-69522
-44082.5
-33045.9
-35846.8
51689.5
37331
29154.7
57842.7
38208.5
24919.2
19544.4
20472.9
-35369.5
-25498.3
-23933.4
-61565
30535
16881.5
16955.7
6460.13
-37263.1
-24957.3
-19174.6
-37174
-87329.8
-53412
-43760.7
-51237
40736.4
32387.6
25245.1
60826.7
37474.5
22944.2
22322.7
17886.3
-40742.1
-27626.7
-31513.6
-69190.4
32306.3
18904.5
17183.4
14372.7
-60379.8
-36204.6
-37292.8
-51817.5
-86718.9
-52173.9
-44613.5
-43761.4
42043.2
33951
27183.3
74058.1
39309.5
26594.3
18532.6
22636.6
-49786.7
-37096.2
-34422
-82368
31705.3
17921.6
15452.4
7752.72
-62940.3
-42504.9
-34091
-57658.2
-96505.2
-57929.7
-52535.2
-53735.9
72780.4
47753
45469.8
86503.9
40774.6
24924.1
18531.9
15275.6
-62245.9
-45013.7
-42879
-98536
34175.9
18283.7
15756.5
3056.12
-60327.5
-43574.7
-31582.9
-54755.5
-105217
-62069.1
-60274.5
-69012.9
92045.5
58184.3
55888.3
96262.7
49648.1
28326.7
24237.5
10837.8
-67136.3
-46446.3
-46390.4
-104575
56072.9
35187.8
26066.8
16064.1
-68015.2
-42625.8
-38922.7
-56637.8
-105003
-61273.6
-60113.3
-66659.7
116511
75432
68392.8
109541
56345.1
34185.1
28646.3
20721.8
-55248.4
-39132.7
-42359.2
-95553.5
88257.5
52325.9
44955.7
38120.8
-67728.1
-44622.7
-36171.3
-50411.1
-110722
-65587.7
-62710.5
-72534.3
158028
102444
88828.9
137490
60457.6
38977.8
27712.9
23763
-76248
-57088.3
-49982.5
-116059
92744.8
51931.3
48482.1
38396.6
-95846.2
-65818.2
-49056.9
-70785.6
-109852
-68088
-60943.4
-78710.9
183852
115652
104476
154638
67367.5
36985.9
35423.9
21381.5
-100094
-70002.9
-65649.9
-135868
89314
49872.9
47593.9
34454.5
-125506
-80542.3
-68262.7
-88345.9
-99091.8
-61457.5
-55653.5
-69044.7
198828
125354
112058
157567
64867.1
38296.2
28014.2
12633.2
-101343
-68146.7
-65416.6
-132551
119157
72228.1
58757
50237.8
-104354
-62233.9
-61130.1
-80190.9
-72935.2
-46090.6
-39787.5
-53904.9
205815
130438
115746
159686
73595
42606
34278.4
15803.1
-93630.1
-63498.9
-58201.3
-118686
149687
90824.3
77112.8
71021.8
-63501
-39365.3
-35402.7
-49001.8
-49286
-29329.4
-25911.9
-27319.1
208879
130227
121030
166307
81989
48716.1
41390.5
26946.4
-104801
-70264.5
-66385.3
-124925
154273
95524.5
76597.3
73458.5
-63946.5
-38927.6
-39677.9
-54438
-62426.2
-39732.3
-32765.9
-33765.8
199672
125389
113928
161386
57776.3
33812.4
26688.3
11878.7
-120317
-81301
-71813.8
-128414
149254
89400.2
76646.8
67583.9
-65070.8
-41232.1
-39551.3
-59056.9
-67248
-43811.6
-32271.6
-36681.2
181731
114295
105024
148367
18268.8
10593.9
4311.94
-13057.4
-140571
-93823.2
-82569.6
-141998
159193
93802
80451.1
66376.1
-48398.6
-35025.1
-30590.9
-61872.6
-22196.8
-12519.3
-11488.4
-8594.18
167202
105246
93542.4
133145
10893.7
994.899
1483.51
-29437.6
-159082
-103754
-93110.4
-145640
162084
95401.4
83402.5
70459.7
-40952.8
-28672.5
-30040.7
-61363.4
34445.3
20898.5
22871.4
38968.7
132049
83364.4
74056
105563
-4982.98
-6553.47
-11884.3
-43958
-179223
-114182
-106522
-164986
154006
90406.4
76928.3
58517.3
-46886.1
-31108.5
-33251.7
-71917
23374.8
14172.5
17821.9
31990.2
144043
91160.9
79924.3
108507
-23005.7
-19517.6
-20140.5
-64029.9
-181953
-114719
-107608
-170209
155855
90937.5
78811.3
57028.9
-47499.9
-32010.7
-31728.6
-68205.4
917.825
3697.46
2095.86
16288.9
171958
107609
97852.3
129680
-16635.4
-14884.6
-14277.2
-57224
-194201
-123055
-115244
-175559
153532
91297.4
77298.8
61821.6
-58725.2
-38194.4
-40225.9
-74869.9
-17601.3
-11508.9
-4528.31
9255.32
204241
127869
116083
157512
-7816.36
-9090.56
-7562.51
-38242.5
-218226
-137186
-130043
-194009
133444
77427.5
67656
47483.6
-95475.7
-61905.8
-59513.6
-102448
-55554.6
-34817.2
-25110.8
-19790.5
220715
139953
125407
175181
-30878.6
-21789.5
-20646.8
-48798.9
-244448
-155984
-142351
-218746
114066
65426.5
56543.8
33799.7
-131235
-86066.9
-79286.5
-134594
-56143.6
-32571.5
-28712.8
-27700.9
227048
146518
128346
188278
-38513.3
-28499.2
-21375.8
-52216.3
-271064
-171150
-160298
-238489
95267.1
54355.3
47176
25452.3
-159838
-101977
-98772.9
-158859
-44327.1
-26397.7
-21863
-15258.7
222367
144147
125646
188172
-43588.2
-27629.5
-30082.4
-51473.8
-275544
-174618
-160948
-246707
89007.8
53209.8
39750
10092.5
-165741
-105379
-102639
-174030
-42603.9
-25948
-20372.5
-18113.2
238995
152096
136273
192086
-40216
-27160.7
-26184.2
-56305.5
-268578
-169935
-155951
-236911
115558
68152.4
57303.9
29345.6
-159149
-102723
-95933.2
-164575
-65799.1
-40643.8
-32554.5
-26937.9
264770
166088
153202
214773
-19125.8
-14427.8
-13525.5
-38272.2
-281131
-176675
-164598
-241843
128179
81221.8
60623.8
50271.8
-174462
-108626
-108470
-171089
-106294
-65801.9
-56553.7
-53669.4
268021
170160
153938
223422
-34150.4
-22194
-21771.8
-40158.7
-286456
-180089
-167172
-243595
114742
70148.5
56958.2
38171.7
-203512
-128728
-122504
-193190
-133413
-83440.7
-72362.5
-82554
273375
175563
156131
226932
-54924.5
-32671.9
-35192
-56857.7
-302521
-192466
-174473
-257455
103768
61403
50934.3
30255.7
-228250
-149079
-135425
-220002
-152240
-96149.6
-82931.6
-104706
280908
179012
159573
233819
-52991.3
-34631.3
-34146.2
-61644.9
-312571
-197501
-181128
-263736
91745
54720.9
44696.9
24241.7
-251076
-160987
-151374
-239770
-140896
-88163.5
-79447.7
-103610
270765
173805
153239
222651
-59282.4
-37304.8
-40064
-72321.5
-307864
-195083
-180382
-269435
89441.9
52474.4
40917.4
12478.3
-261601
-170030
-155392
-255034
-153669
-96807.2
-86790.3
-116771
301771
190406
169123
232209
-48731
-33439.1
-33332.3
-75168.3
-291120
-185138
-170907
-262951
99879.5
58524.4
45886.3
16550.5
-274891
-179290
-162778
-263291
-173338
-106166
-101064
-134379
343906
214366
193182
257839
-15611.5
-15493.4
-11463.6
-53154.6
-294376
-187318
-171460
-259557
113602
70090.5
55173.4
36676.9
-318385
-204491
-186077
-286180
-196877
-122986
-109871
-142517
380762
239251
215323
291569
-5699.28
-5055.11
-4153.55
-26481.9
-289012
-181415
-172898
-262223
119095
74971
57421.3
42405.9
-358493
-227106
-211293
-317759
-218497
-133025
-126188
-165300
424784
270021
235389
318222
3520.68
4458.31
-389.616
-13349.5
-280646
-180099
-167318
-262156
119353
73305.1
55712.9
41509.3
-395032
-254462
-231070
-350103
-210480
-129533
-123087
-165949
464445
292927
255882
346801
21166.5
12097.2
9502.1
1440.38
-294176
-187866
-176314
-278921
104005
63411.9
48902.8
28974.4
-444159
-282238
-260553
-389306
-203882
-126752
-118319
-165324
473862
298891
260891
342753
11052.8
7993.14
1260.77
-9997.78
-22462
-11920.4
-15431.9
-17020.8
-11544.9
-3995.86
-8032.73
-3773.12
-2685.59
275.065
193.04
6248.7
27215.1
18672.6
12305.8
17882.7
5015.51
3841
3061.07
6776.91
6251.53
4613.16
3699.58
7477.65
-19506.2
-13363.6
-12615.5
-20640.4
-17462
-10878.8
-11293.9
-16119.9
-33407.3
-19521.1
-15036.6
-8678.32
32968.9
19994.9
16271.2
18169.8
4327.49
1689.99
3320.57
6336.38
29708.4
16515.9
18457.6
23131.6
-43835.7
-31418.2
-19891.6
-34537.9
-11093.1
-8461.24
-6013.94
-15142
-33403
-21088.8
-12860.2
-7915.35
31246.3
18302
16553.4
13541.1
4015.66
1958.69
3148.04
1590.28
36446.4
19406.5
24458.1
28820.3
-47036.7
-29796.8
-27724.2
-35410.5
-21411.9
-10871.8
-14647
-17879.9
-49786.7
-26420.3
-25289
-7619.78
27698.1
18288.6
11757.1
11051.4
20481.3
11526.5
10047.3
12133.2
55477.5
33034.6
31566
42398.1
-47610.2
-31704.5
-26150.2
-37986.5
-21195.5
-14504.9
-12474.1
-21572.4
-89957.4
-55423.7
-44703.3
-44472.8
2129.1
-707.107
296.278
-7314.31
1313.8
-1206.32
-634.982
-9370.58
61889.5
34904.9
38065.7
44901.3
-54823.4
-36103.5
-32083.6
-47555.1
-22175.6
-14431.3
-14414.4
-23218.6
-108540
-65439.2
-55970.3
-55842.3
-5053.69
-2147.48
-8674.08
-15470.1
-4589.12
-4553.77
-5741.71
-18247.6
76719.7
44430.3
43366.9
53201.3
-93591.9
-56543.8
-56929.2
-73401.2
-35848.9
-22310.6
-22127.5
-34359
-115678
-67895.7
-64932.2
-64684.7
-3061.07
-1333.6
-5692.92
-19560.7
-462.448
78.4889
-4628.72
-15964.3
63238.7
43667.4
32577.8
53450.2
-103329
-63774
-62062.1
-86747.9
-29134.9
-19357.8
-20371
-38474.4
-109916
-64459.9
-62588.1
-67309.5
13485.2
8212.34
2306.58
-11548.5
2917.52
1806.66
-3635.24
-18599
71786.2
47643.4
36349.5
50794.3
-139115
-89116.7
-77747.8
-104020
-26429.5
-21095.1
-15702
-35456.5
-114328
-71895.8
-62018.9
-68632.5
14964.5
7701.1
4384.77
-9321.79
9328.15
4212.24
2262.03
-11960.7
60290
37826
33328.1
47417.2
-160956
-99942.5
-89999.8
-120560
-17110.6
-9996.37
-12730
-32070.8
-129826
-77746.4
-71293.3
-84426.4
32531.2
20865.3
12526.4
-3489.57
25400
14063.6
11054.9
-5702.11
82702.5
52279.9
44312.3
54130.4
-149717
-93303.4
-83750.4
-108624
24987
13285.8
11724.5
3338.25
-114482
-70555.8
-63223.1
-72570.4
69830.3
41954.8
34011.1
27114
39332.8
23718.5
16981.9
4919.34
109821
68315.7
61393.1
79367.8
-147349
-94033.2
-79319
-105309
32412.4
17043.4
19062.2
11565.4
-117595
-72614.9
-63209.7
-76320.9
85465.2
52836.4
41889
34861.1
48067
27240.6
23487.3
8287.29
117704
72400
66096.8
84093.4
-171379
-107314
-90765.6
-110080
1807.36
-44.5477
461.741
-1004.8
-98906.6
-63803
-51012.1
-61656.9
84999.2
52803.9
40568.8
43084
61316.8
34994.7
33389.6
24575.5
99501.2
64351
56169
84466.7
-216186
-135357
-114897
-138240
-52332.3
-34621.4
-30663.7
-47533.1
-108988
-70219.2
-54789.5
-65251.8
39173.7
21691.2
14273.7
-3607.66
40513
22427.3
23512
17507.3
60659.2
39388.7
35629
55316.3
-241124
-150796
-122761
-143418
-73896.2
-48628.4
-41943.5
-69485.3
-83527.7
-53053.5
-41854.4
-46603.3
14350
5811
870.448
-27491.6
46168.4
28821
26655.1
25862.4
46022.8
31313.5
29612.2
51050.3
-273899
-167467
-143822
-149829
-118700
-75378.3
-68635.3
-98088.4
-96491.1
-59150.9
-50536.9
-45657.2
-33845
-22451.3
-27466.9
-60703.7
53238.8
30804.4
30492.6
36346
40679.1
26531.4
25786.1
50638
-328199
-202141
-168901
-181498
-173225
-111472
-96616.2
-142159
-124752
-80301.9
-62618.5
-76933.9
-94306.1
-63820.6
-59873.6
-113528
14313.3
8184.76
10873.2
8495.89
-5341.48
-789.838
3080.86
21159.5
-366699
-224069
-192194
-200236
-219715
-137940
-125071
-171228
-135710
-84425
-71530.2
-79540.3
-134644
-85627.8
-86472.1
-144091
10804.6
6202.03
7160.87
9010.66
-23283.6
-11082.5
-9301.99
10629.2
-436825
-263057
-237039
-249091
-256673
-161225
-146161
-202218
-138799
-85422
-74181.2
-81127.1
-156813
-103093
-96869.4
-171000
10549.3
6859.64
7690.49
13587.1
-52979.3
-27444.9
-25738
-5998.39
-453950
-275738
-248978
-273609
-256805
-161908
-148083
-209828
-137275
-83136
-74644.3
-81252.9
-145561
-97239.9
-93145.1
-172220
16504.6
11052.8
10221.2
18811.2
-40820.6
-19951
-20784
-1059.95
-507609
-311607
-275893
-314818
-252507
-161947
-143956
-207640
-128659
-80995.5
-67993.3
-76056.4
-153927
-103568
-97231.4
-183870
15187.9
11076.8
9584.83
19165.4
-50165.7
-27700.9
-23616.7
-6320.83
-536548
-329622
-293846
-344955
-275488
-172714
-156142
-221842
-142068
-86062.7
-76101
-81741.5
-148210
-97756.8
-94754.4
-184322
30221
16562.6
19931.2
26496
-38967.9
-20810.2
-17624.6
-3948.48
-541638
-334837
-296232
-349976
-258314
-163883
-147000
-207448
-142335
-89370.5
-74618.2
-82920.3
-122997
-85014
-81388
-166248
31674.1
20130.6
18872
28201.5
-15884.4
-7325.63
-3245.62
18969.6
-573418
-354527
-316300
-379295
-266497
-169369
-150775
-210363
-161854
-99848.4
-87264
-97235.7
-117718
-79995.7
-81070.5
-169247
28762.3
17395.5
16892.1
25004
-12586.5
-5121.57
-3589.27
18499.3
-640377
-397347
-352281
-435617
-307452
-192369
-175722
-238408
-162046
-102512
-87177.1
-105379
-128458
-86197
-87974.7
-177752
23350.1
13362.9
15644
22902.5
-48352
-25338.5
-24012.6
-3215.92
-654089
-405494
-360776
-446456
-327286
-206500
-187593
-262115
-157719
-98876.2
-85609.4
-103305
-145632
-98713.5
-99727.5
-201210
20129.9
11932.4
14618.7
25704.7
-55964.7
-30127
-28782.8
-11916.2
-714185
-444621
-388552
-482114
-343103
-218234
-195065
-277916
-148514
-96361.7
-78148.7
-99677.3
-180654
-121228
-119050
-238195
4899.54
4420.12
6420.53
17969.7
-89981.5
-51343.7
-46354.4
-38261.5
-736709
-454279
-403945
-492397
-369049
-229332
-211298
-290405
-145062
-87929.4
-79460.4
-90290.5
-186809
-122076
-125370
-244604
18572.9
10871.8
15015.4
31814.1
-73169.3
-42745.3
-37534.6
-29870.3
-748850
-462772
-408439
-491735
-382206
-241738
-216112
-300817
-144167
-92648.7
-76411.4
-94417.8
-212282
-143587
-136593
-264896
238.295
1689.99
5241.08
22107.7
-92479.7
-54044.9
-46101.2
-35996.7
-778716
-480731
-423985
-509650
-404710
-253672
-228915
-312369
-159805
-99644.8
-86091
-105256
-239465
-155994
-156355
-289890
-4193.85
-1574.02
3387.04
22800
-101905
-58705.4
-53223.9
-44681.4
-777155
-477813
-429096
-517577
-405195
-256994
-228346
-319859
-141668
-87956.3
-78453.5
-97453.5
-238309
-163719
-149704
-298354
2200.52
4713.57
4543.87
27737
-98212.9
-56991.4
-50554.6
-39932.4
-741045
-456491
-408551
-498148
-389341
-246896
-220013
-308667
-125157
-77603.6
-67513.1
-83876.3
-236696
-162678
-149015
-296805
13069.5
11482
11245.8
36474.7
-87471.2
-50208.8
-44712.5
-32603.3
-724401
-445754
-398788
-481383
-377939
-238543
-214791
-297532
-107161
-63995.3
-61422.8
-68571.7
-247028
-167002
-156165
-300627
19741.7
18168.4
13190.4
44380.9
-94509.1
-52827.9
-49599.3
-32355.8
-716303
-444165
-390033
-476466
-385776
-245254
-213843
-301514
-125887
-79883.3
-64325.5
-78601.3
-257646
-175920
-158108
-309375
19526
11955.1
19139.3
44329.9
-93344.5
-58101.5
-43541.5
-36752.6
-694869
-428275
-379752
-454861
-369212
-232095
-207397
-282621
-140284
-85610.8
-75773.6
-87567.4
-252735
-169520
-157669
-296521
11519.5
12601.3
10102.4
41429.4
-93726.3
-53115
-46587.7
-27056.7
-677951
-416583
-372587
-443222
-361676
-228912
-201219
-270258
-138036
-84253.9
-73840.3
-81881.6
-243398
-163941
-152486
-287559
14779.9
13529.8
12913.2
46378.4
-94275.7
-53767
-47019.8
-25827.1
