-272278
-259856
-602193
-250361
54668.5
51917.9
46500
80590.4
93294.3
120683
543253
18278.7
228287
204961
311838
261584
148512
122506
134321
176331
328991
332358
840058
288355
-273399
-275319
-627333
-253939
66274.3
51978
36321.2
89111
123307
158791
601594
64481.1
235418
219277
313313
279153
157664
137677
150775
187722
333990
341171
879653
285646
-343244
-322799
-738804
-321686
64997.3
67981.2
12434.5
101784
158774
189301
611526
113326
251916
228017
279643
299713
168333
155779
147617
208381
338173
353998
888556
292531
-303921
-296286
-705169
-266709
122800
102518
63714.6
171493
224920
233134
649173
178025
290050
257342
310121
346248
208492
177420
197751
245241
378909
385756
928485
339560
-353067
-360412
-800471
-345553
110125
74933.5
17037.7
134009
239036
244370
662273
194676
291225
256546
294521
351712
206781
184172
204127
247176
385588
379210
937418
333681
-396226
-400109
-838921
-399025
69881.2
45780.2
-3920.91
82661.5
247265
261116
703652
198657
304527
272708
337861
352134
222123
196591
256372
249129
360666
360492
938200
300345
-416835
-403477
-830844
-402863
35227.4
22578.6
-35983.2
65564.4
245321
255978
709663
191530
300390
265526
358322
343122
210641
182012
260867
236710
343777
348807
934936
275458
-407799
-402201
-814059
-406696
45189.8
33519
-24781.3
75702.1
221068
243662
712975
175068
273989
248272
342957
318234
202577
180380
276455
221669
339075
355958
990284
267737
-471326
-461329
-896461
-480978
38809.6
23555.8
-38724.7
61002.1
183159
199467
645823
122599
245252
208696
281085
276115
182912
164724
247051
204870
337115
349586
1.00239e+06
263583
-467772
-452025
-897877
-461244
59311.4
42743.9
-33603.8
101478
187591
204512
629887
130248
222673
194238
238873
263294
207330
180722
266366
236203
350829
366152
1.00963e+06
282001
-509771
-502880
-970416
-527580
44204.1
20466.5
-68199.7
67972.8
165826
180999
613566
94612.3
189912
162341
198102
221950
182335
165181
235661
205142
347811
352000
1.00463e+06
266583
-521189
-510106
-983913
-520993
28089.1
10357
-87686.9
59439.4
146348
165669
592827
78640.9
185236
164259
202739
211495
186726
167585
252850
211066
325913
335919
978694
250558
-519952
-495678
-1.00721e+06
-507651
38542.3
35489
-99816.6
88380.6
131234
157782
555063
73148.8
168918
157025
177966
199608
180283
165149
228646
204551
313302
344787
954073
248714
-512619
-501494
-1.00919e+06
-516384
68684.1
55505.1
-63588
112209
125257
152170
564039
64046.9
185527
175522
209166
223982
186840
166092
244805
201725
340835
366280
1.01958e+06
272722
-567826
-547649
-1.0799e+06
-573301
81378.8
73689.7
-51760.2
137772
84166.2
107580
489053
26507.3
175581
157715
164597
212708
175279
164723
220791
206663
349355
375603
1.03105e+06
286727
-584866
-561159
-1.10437e+06
-584236
92759
71688.6
-68186.3
147342
53267.8
76073.4
391643
-12544.8
153086
137045
115094
187262
170936
151153
196610
190752
354922
380305
1.01142e+06
292990
-641318
-632534
-1.22014e+06
-659877
66301.2
34326.5
-123120
110528
18316.9
35028.7
329015
-46697.3
117485
94806
65831.6
145916
138280
123286
139914
166499
351836
360115
988124
281704
-670279
-658644
-1.25838e+06
-687362
58483.4
38116.6
-110507
93101.2
-12448.6
19647.7
291272
-76849.1
97374.3
89708.5
63478.4
115220
148264
134557
156198
167699
325601
345420
973191
249450
-661901
-626014
-1.23756e+06
-666018
56347.9
43503.3
-98685.9
100184
2327.09
24456
301740
-66144.2
149646
131214
156788
169291
163953
148659
192823
186549
339736
362325
1.01332e+06
259197
-622823
-599530
-1.18777e+06
-616373
59059
43680.8
-102487
109968
9386.84
46176.2
351688
-43797.5
185722
178188
240072
220519
180675
172397
233188
213085
348266
375287
1.06025e+06
272508
-634919
-615574
-1.24533e+06
-634698
54385.7
25684.2
-153405
105820
21639.6
31696.8
327409
-48775.5
230828
195461
263314
257021
192066
169081
205700
229074
360012
370328
1.04266e+06
288942
-607269
-582124
-1.18736e+06
-595536
36055.4
15064.2
-186338
95751.5
5144.2
29781.2
322668
-61058.7
244752
222131
308219
284425
184020
167582
207552
216512
353582
374407
1.02362e+06
285451
-579654
-564754
-1.17095e+06
-565599
57419.9
31118.4
-180343
123793
30983.3
56807.5
359318
-23427.2
289601
267307
366014
344978
203099
195008
235716
251555
383946
394572
1.03351e+06
327767
-522875
-508287
-1.11947e+06
-486998
88133.8
57424.1
-182173
167268
86275.5
106975
417525
42138.6
367629
335985
459494
419136
276274
256736
317962
330804
402345
406082
1.02741e+06
349846
-471840
-455708
-1.04967e+06
-432072
90146.2
69135.2
-189497
179368
97309.9
115027
435880
46522
380303
353983
481505
437274
306524
282450
343534
367263
433452
448038
1.05945e+06
398642
-446704
-455240
-1.01884e+06
-416468
104817
65976.6
-176864
187470
80303.3
98285.7
453714
15112.3
382278
346337
462927
444977
320509
280216
347601
374654
472493
471821
1.10562e+06
439145
-503640
-490865
-1.09207e+06
-473124
73505.2
52770.7
-220057
161087
28264.5
55328.3
391441
-40324.2
342156
307526
355376
408308
279166
256259
273522
346680
457780
464146
1.05472e+06
435799
-486377
-478802
-1.07016e+06
-450805
83744.8
48784
-213139
167802
22432.3
44257.1
387398
-58968.5
350801
314255
348020
421901
288322
255736
267291
352490
493302
490927
1.06047e+06
475948
-483711
-496610
-1.09649e+06
-468173
76484.2
31685.5
-230508
140510
19980
43434.7
411172
-66118
351433
309183
329015
420500
296331
265142
258380
364185
535629
519967
1.08897e+06
521889
-482296
-483507
-1.08079e+06
-447005
45548.3
19313.2
-242360
115311
4397.5
42128.7
417436
-80675.2
343372
308556
331275
408123
295526
263525
255732
361146
550606
541902
1.10036e+06
550915
-473684
-457642
-1.06315e+06
-426779
37884.7
18608.2
-255289
123989
15584.6
43664.6
417803
-69345.3
346783
309786
340383
415188
284559
244955
218560
358655
564169
546600
1.09847e+06
563452
-440221
-447560
-1.04375e+06
-400353
37767.3
8255.47
-282374
111900
10016.2
48246.6
418191
-64090.7
343855
317229
342399
420970
264811
232214
155708
343115
562373
550165
1.10322e+06
562110
-444961
-441223
-1.07996e+06
-395510
46363.6
21799.4
-301335
138143
30912.6
53164.5
392457
-38694.3
357249
313329
301716
436341
262925
224658
86494
358833
582937
563378
1.08983e+06
594978
-413672
-419310
-1.02622e+06
-364951
40874.3
-985
-324131
118954
18419.4
37708.6
344592
-63901.2
340324
289746
267263
410961
232241
178872
8973.19
313144
596627
572061
1.08682e+06
604766
-421751
-433787
-1.03869e+06
-387735
-2437.4
-38205.7
-369492
62043
20430.4
45727.2
368250
-53981.9
316697
282388
247315
400789
194239
163473
-53844.1
293554
603404
574656
1.0916e+06
616382
-393180
-397275
-990420
-334146
-1958.69
-29774.1
-362361
79705.1
38984.2
66387.4
401413
-26641.7
348387
313277
296344
433961
222073
183894
-35225.9
330367
606913
576720
1.08014e+06
626337
-326626
-330462
-706844
-316142
139577
144772
324989
135291
-195623
-230163
-946158
-65875.5
85243.8
103627
341511
44385.1
78552.5
71584.7
101107
92707.4
187867
218319
863517
81068.4
-344565
-338243
-758154
-319581
194576
196898
393484
195778
-151290
-196769
-911488
-11308.1
132622
144989
398136
101838
94056.5
81756.4
122433
112789
221790
249457
928020
115903
-351846
-345061
-813287
-323166
214421
222450
423616
229537
-167291
-204519
-966654
-15776.3
183064
199204
465720
169728
91094.4
91189.9
101207
112394
259186
299115
993993
161562
-325411
-331838
-817957
-291126
280740
267878
477770
305764
-112091
-169993
-931670
45478.3
260278
264023
543469
259449
131751
118431
158790
157161
304214
325581
1.04471e+06
204984
-338645
-341051
-837746
-293006
321326
311440
532188
336147
-88553.1
-144903
-926669
71591
293382
281139
580471
287138
134567
113719
157591
148287
333247
351477
1.09818e+06
227744
-336466
-340691
-839388
-302003
321186
305796
567300
320701
-63211.1
-121641
-865535
89594.7
262221
247517
550145
236548
109832
96718.8
151319
116050
323522
341860
1.11164e+06
211028
-332718
-355430
-830210
-312073
293477
282017
555591
301712
-74349.4
-133543
-861013
79429.3
223910
229300
550338
185546
71633.5
64112.7
100960
82564.6
292557
325779
1.06697e+06
189761
-359335
-367364
-849099
-327985
313018
299835
584251
311983
-62948.1
-123783
-871419
99013.3
232210
238540
590166
200905
76880.9
64969.7
105997
88121.1
315445
346651
1.11641e+06
210897
-377920
-384438
-881648
-345427
284713
277077
572691
275649
-96308.7
-155323
-940345
64564.5
246804
250881
639946
212351
42577.7
36131.7
59389.9
44180.7
309972
345475
1.12772e+06
203623
-377964
-391362
-930493
-343964
319668
302985
605907
333527
-52303.3
-119517
-922596
127903
252972
260945
638829
226986
50110.5
44978.4
71929
61702.8
322599
352262
1.09885e+06
234659
-404035
-409371
-950467
-371567
313656
295183
588758
304947
-39326.5
-104053
-929201
140192
254943
255085
651940
211956
27304.9
20799.5
35113.5
28460.3
327622
357934
1.07875e+06
238378
-406838
-411275
-952391
-374221
282978
261904
555014
269966
-2428.91
-80812.4
-874683
175454
206598
207520
606776
150371
5931.92
2791.66
2328.5
15328
318110
343184
1.04227e+06
238917
-416642
-416944
-984494
-383936
247687
240614
505238
244250
-35933.8
-104448
-926023
144704
184148
210778
585420
145647
-557.2
-2411.23
-43625
10470.1
316210
340702
1.00763e+06
235572
-429171
-428097
-1.00033e+06
-390585
248178
243429
516911
227511
-37990
-112436
-941161
134642
226051
241506
645275
179432
3751.91
-5011.97
-31575.1
9176.12
312287
327027
1.01285e+06
214216
-445223
-435668
-1.0415e+06
-395291
233442
232583
529619
218017
-83596.3
-154420
-1.01329e+06
85743.8
235649
253810
675225
203008
-3731.4
-2956.41
-35975.5
10692.9
283966
310117
998210
195314
-445528
-449422
-1.07938e+06
-407892
232098
224519
512196
217157
-107730
-176765
-1.05026e+06
69398.3
236897
255311
647033
207323
-913.582
-7363.1
-45485.4
4168.39
253487
277033
914487
158069
-483341
-482823
-1.13401e+06
-437436
207017
201554
462176
188962
-152806
-226688
-1.15565e+06
26988.9
221020
226153
602765
185091
-25814.3
-35660.8
-87902.6
-26358.1
237346
264725
882424
150665
-485280
-481444
-1.14129e+06
-446435
189198
178621
440200
155999
-167173
-239701
-1.1608e+06
167.584
177571
190347
541128
133382
-49818.5
-54262
-111526
-51838
227445
251314
854856
137534
-492991
-503904
-1.14872e+06
-470846
132554
141144
374445
112542
-193177
-250341
-1.18662e+06
-25466.5
175280
187400
575721
116423
-66602.4
-63123.4
-137446
-72887.2
214005
250937
858217
116818
-517473
-512836
-1.16404e+06
-481560
141285
153815
365204
134843
-193669
-252959
-1.19537e+06
-10217.7
187194
200224
616766
134881
-59081.6
-55059.6
-122818
-53149.7
232269
272632
926049
139552
-538158
-542813
-1.21736e+06
-504338
126962
131234
299060
116888
-237857
-299341
-1.30804e+06
-68677.7
214250
215963
663804
153630
-63730.1
-67458
-159368
-63402
241615
270532
944778
139124
-550088
-552500
-1.22304e+06
-530798
119055
117045
269522
119188
-254494
-311783
-1.30704e+06
-74871.3
212001
231644
710637
156462
-71814.5
-69949.8
-154912
-69952
227732
269753
951798
123535
-548512
-534192
-1.17752e+06
-515991
117743
119471
232250
123552
-249713
-304062
-1.33871e+06
-58865.9
245521
258612
768935
192808
-43120.1
-38828.6
-124386
-23704.3
272654
318169
1.03874e+06
180075
-507936
-502784
-1.14138e+06
-476038
136218
135523
223961
153359
-213719
-279193
-1.30809e+06
-19587.6
232787
235819
737799
164998
-8781.56
-11957.2
-121213
20108.7
324134
359642
1.10369e+06
236440
-490958
-489101
-1.11211e+06
-454629
147520
142013
233117
166099
-199599
-267166
-1.30044e+06
-10982.1
216819
246019
739675
156754
6766.3
7003.89
-112904
39930.3
337963
374500
1.1095e+06
247607
-475311
-481644
-1.08193e+06
-438203
184224
171715
308907
191352
-187648
-270961
-1.28352e+06
-5904.34
266489
280982
805139
207935
43826.5
26169.3
-59311.4
76086.1
362462
384527
1.15509e+06
267992
-490330
-486283
-1.08747e+06
-453750
171590
171234
336707
179185
-252571
-315066
-1.36103e+06
-70514.8
289397
311307
857196
240737
25099.5
21674.9
-90768.5
59083
345108
385570
1.14042e+06
256574
-479883
-479013
-1.07499e+06
-452273
189689
179385
364576
195961
-239448
-307374
-1.34321e+06
-53332.1
319243
337144
889385
271019
50404
40093
-46769.5
82324.9
352670
382719
1.13798e+06
257555
-444261
-439616
-1.00203e+06
-410121
228719
215386
435599
218583
-209994
-283001
-1.31705e+06
-29967.9
374078
377198
962594
324025
68478.3
47311.8
-15175.2
88822.5
373485
400212
1.1681e+06
279615
-427723
-422651
-954178
-404716
206841
198650
442013
194286
-194283
-271062
-1.276e+06
-9982.23
348143
359000
936890
299214
57216.3
50122.6
-10678.7
83546.1
357405
389677
1.13765e+06
272069
-430267
-435900
-942373
-416619
185425
188482
412006
190492
-235840
-297325
-1.31596e+06
-49885
342303
354083
945794
274308
39892.1
35570.3
-45508.7
74184
349026
374171
1.1029e+06
262028
-461526
-451755
-968529
-443328
197850
193867
390271
195603
-235911
-299335
-1.34001e+06
-43078.4
354768
373245
1.00513e+06
285747
35281.8
20947.3
-71759.3
66552.2
320324
344834
1.05864e+06
222314
-448082
-445455
-966160
-428904
208609
202824
381912
220833
-245613
-308257
-1.39558e+06
-50565.9
408447
423660
1.09711e+06
342336
25318
15922.6
-116157
64111.3
300718
331731
1.02786e+06
208753
-470266
-478079
-976886
-481967
201391
181950
340891
212365
-235701
-308074
-1.39104e+06
-40438.7
418853
433986
1.14861e+06
343428
20562
2165.87
-119930
46075.8
260712
288533
959139
157671
-483918
-463230
-923290
-482624
207920
200351
347748
218903
-230919
-290683
-1.37305e+06
-30211.8
449623
464841
1.23627e+06
372557
-8995.81
-17575.8
-143146
14228.4
239807
274884
936496
137660
-455561
-435668
-855951
-456646
217433
208106
352896
243921
-184637
-254424
-1.31041e+06
27158.6
443068
459162
1.24757e+06
359537
-1745.14
-3664.23
-131651
38731.1
224198
257371
907294
130930
-263074
-176240
446550
-469133
-523363
-496250
-917544
-543098
-530073
-484034
-595271
-620770
-64155.1
-70087.7
-151387
-52798.2
566121
536963
958321
589106
-205627
-178674
-61533.1
-276162
-269512
-175838
452401
-468679
-531193
-498853
-906548
-552929
-531527
-480309
-592200
-620112
-40582.3
-37526.9
-129490
-17949.9
610099
584079
1.03689e+06
648418
-194288
-157458
-68704.6
-244022
-243352
-149122
491302
-443084
-551956
-514295
-955436
-569570
-520976
-469738
-574275
-606741
-4732.67
-5564.93
-116579
30394.3
633147
605041
1.08299e+06
666684
-181569
-149809
-95934.6
-215179
-225332
-137051
518447
-428415
-528753
-500342
-933877
-540290
-489595
-447217
-524195
-588840
41250.5
14603.2
-100539
70314.7
690674
660985
1.15909e+06
728951
-130233
-118456
-95132.7
-170227
-243333
-158201
520282
-452160
-556669
-540814
-986351
-583442
-497113
-439602
-476635
-600877
58228.8
39081.8
-71814.5
91612.8
731144
702877
1.24291e+06
773170
-144684
-126567
-120486
-178725
-284595
-199945
475167
-514592
-590330
-575116
-1.00569e+06
-642257
-471226
-415245
-402657
-585704
81096.7
69321.9
10166.1
105888
767258
731259
1.31232e+06
796755
-139405
-122573
-115501
-177870
-300550
-203633
478688
-534814
-602078
-567335
-986203
-638870
-465643
-412602
-382335
-577296
67518.1
38459.5
-2295.98
88420.9
769138
732784
1.34509e+06
789734
-136183
-123618
-82419.7
-189255
-304537
-201842
522521
-539566
-587634
-553484
-971158
-622034
-455950
-403945
-363545
-569229
52080.5
35854.6
-5031.77
78334
779198
747303
1.40234e+06
796455
-124828
-100208
-5448.26
-169521
-300862
-205185
561069
-544549
-618200
-592722
-1.05476e+06
-648515
-462741
-406797
-364322
-573524
45861.5
30366
-28269.4
74276.6
748917
714370
1.40521e+06
750467
-119296
-95733.8
30786.7
-169319
-315930
-213007
548775
-563604
-594741
-573020
-1.06825e+06
-604860
-431431
-387508
-332078
-536284
71379.6
41985.2
-31850.9
104740
740646
708856
1.39772e+06
740904
-74581.4
-58405.6
82091.6
-123703
-331182
-221872
562599
-588545
-619530
-602014
-1.14558e+06
-635290
-458579
-403776
-351440
-574561
63001.1
42108.9
-36744.8
88074.4
697354
677734
1.38379e+06
682905
-80149.8
-55152.9
108259
-139555
-354106
-246480
555101
-623635
-593902
-581457
-1.13916e+06
-603063
-458083
-404184
-344786
-578066
54172.2
36338.2
-14771.5
81622
676070
652758
1.36135e+06
653236
-64454.2
-43756.5
150164
-129000
-354494
-237234
553941
-616335
-600204
-576507
-1.15288e+06
-604330
-472772
-419563
-384687
-591820
34231
14433.5
-82942.2
66219.1
670962
659362
1.36035e+06
650610
-67678.6
-46266
145653
-128455
-345986
-231556
592756
-614808
-602924
-579227
-1.13331e+06
-619908
-490297
-434367
-410444
-617127
16066.2
2911.16
-120044
50527
685407
678084
1.40901e+06
665556
-76270
-50011.5
140459
-138977
-334698
-218118
642335
-597019
-631715
-610534
-1.17567e+06
-641093
-508107
-454224
-437699
-626853
17633.1
3894.04
-152714
69292.2
687130
672220
1.43926e+06
655687
-108462
-86249.3
75066.5
-155139
-364046
-247419
587473
-641694
-646706
-624621
-1.21141e+06
-661266
-533452
-475379
-473419
-661981
8832.47
-21530.7
-237113
54435.9
653604
649519
1.3976e+06
622180
-137919
-117774
-23212.2
-200127
-399024
-282559
554815
-680566
-700206
-682791
-1.30123e+06
-716215
-569524
-509424
-520181
-695642
-13264.6
-38306.1
-301056
42681.7
635766
628282
1.37749e+06
606841
-180968
-157299
-94757.3
-232571
-434344
-313730
519129
-730137
-708144
-685250
-1.3001e+06
-737597
-586011
-525892
-547713
-720494
-19383.2
-41633.7
-300209
33823.7
632870
623390
1.3659e+06
595064
-200585
-173033
-132510
-255734
-441360
-314028
542360
-747406
-713111
-680626
-1.28875e+06
-742676
-580267
-513483
-535590
-708313
-51575.7
-74213
-355335
-4549.53
640895
635801
1.38008e+06
609909
-202674
-179759
-132104
-268483
-436136
-296736
593755
-729994
-715751
-674869
-1.26192e+06
-735991
-561048
-488427
-495024
-675392
-88511.4
-96119.9
-398376
-31740.6
663023
659550
1.40948e+06
652520
-209692
-170112
-103194
-265223
-387392
-271615
661614
-690355
-746417
-728304
-1.36066e+06
-776632
-528765
-469342
-479130
-649053
-106604
-126735
-466188
-57192.9
677973
660656
1.40551e+06
650809
-204133
-184302
-108759
-274041
-410544
-276177
668847
-718763
-787308
-749443
-1.3921e+06
-813101
-504461
-445931
-412526
-619399
-148595
-170165
-529743
-105491
686546
675317
1.4388e+06
668787
-236749
-206025
-120623
-312613
-369229
-228294
760326
-661701
-800288
-764989
-1.42404e+06
-818888
-475932
-408539
-358916
-578926
-149774
-157310
-530308
-96093.7
706103
698161
1.46798e+06
699626
-248193
-202991
-119539
-312418
-333824
-204924
799370
-633604
-759945
-735209
-1.40297e+06
-777681
-416303
-355453
-287056
-523562
-130910
-139386
-500839
-76129.9
762826
746578
1.50986e+06
759932
-209562
-175566
-82503.1
-275226
-296672
-161088
868256
-592718
-730950
-696048
-1.37159e+06
-734829
-406172
-347202
-287160
-504518
-124654
-139775
-483107
-67429.7
775716
758508
1.52679e+06
776940
-193148
-160881
-41146.5
-262303
-253938
-128047
940540
-545705
-704459
-684310
-1.34239e+06
-702808
-424753
-374938
-335579
-526554
-116822
-140253
-474671
-68024.4
758080
732978
1.50089e+06
755228
-200900
-164612
-30791
-275773
-230873
-101924
973353
-517915
-730321
-703513
-1.42308e+06
-720475
-480719
-424246
-428605
-576457
-151116
-166703
-523719
-95680.7
680563
665486
1.39588e+06
672000
-241079
-201192
-73891.2
-313714
-211150
-84461.8
1.00307e+06
-506643
-710162
-688784
-1.42095e+06
-696939
-496851
-444700
-475364
-602466
-153437
-178820
-548496
-108462
655982
647907
1.35938e+06
644924
-249274
-216100
-103159
-341643
-170812
-47518.3
1.0814e+06
-462224
-694158
-691461
-1.437e+06
-683308
-512528
-455880
-497295
-620312
-133983
-151006
-501552
-93988.6
654551
645271
1.36512e+06
634698
-255505
-210993
-78102.8
-344308
-157112
-31429.5
1.10211e+06
-444323
-673634
-664567
-1.42049e+06
-647506
-528595
-471635
-539407
-631386
-131726
-142849
-449139
-98502.1
611538
600336
1.29379e+06
592225
-246647
-197796
-55036.2
-335169
-131864
-15115.1
1.1285e+06
-427842
-661549
-650543
-1.39795e+06
-641004
-531746
-479845
-557200
-633468
-160936
-178535
-503052
-114230
599671
595238
1.23757e+06
584841
-267993
-237988
-80791.9
-374376
-114372
6141.93
1.17299e+06
-405316
-660055
-643418
-1.37199e+06
-646337
-536985
-476178
-575934
-628923
-191478
-199843
-578636
-136670
610372
609173
1.23417e+06
611245
-331220
-281641
-149997
-437364
-47893
62781.9
1.24549e+06
-331072
-645178
-636194
-1.37591e+06
-625077
-524487
-474392
-599030
-611063
-185349
-203389
-639382
-117479
632975
618621
1.22553e+06
629134
-363958
-321656
-216190
-468484
-56816
49040.7
1.24738e+06
-357614
-640540
-632172
-1.35547e+06
-621601
-536823
-494607
-623013
-633262
-204900
-239414
-711849
-152995
620483
601826
1.19527e+06
619265
-415561
-372550
-297978
-544182
-47814.6
71465.9
1.29728e+06
-333283
-652781
-644258
-1.34968e+06
-641918
-552477
-491201
-622817
-635822
-230431
-243249
-734507
-170845
620097
614868
1.19792e+06
634814
-479517
-417240
-341863
-607034
-22184.1
93977.3
1.31875e+06
-300827
-626195
-618277
-1.29735e+06
-610831
-529750
-472189
-605937
-605634
-217377
-229270
-703090
-148305
639547
626055
1.19627e+06
658934
-494169
-435047
-366766
-619095
-11526.5
28358.5
460481
-119105
-296083
-302669
-827526
-237838
39950.8
61569.9
363231
-22694.6
13398.3
17404
155452
-14439.1
-536440
-478524
-533665
-647699
-157855
-141977
-133915
-186022
12284.6
51273
517747
-85120.1
-270918
-278628
-771235
-215020
34335.7
57886.6
349840
-12892
18507.1
25733
157833
-3623.92
-560955
-501573
-535341
-684972
-157403
-142834
-113888
-205005
40213.2
85815.2
564033
-55910.9
-254273
-253332
-734739
-191953
46290.7
71314.5
326884
4183.24
5972.93
23729.1
155229
-17730
-571219
-496214
-521495
-691220
-167964
-136891
-109803
-199086
95012.5
139115
616530
8750.45
-187204
-200026
-667992
-112514
60060.9
76001.3
317646
8297.9
60686
70117.4
221057
36683.3
-535594
-463003
-468097
-648600
-101838
-85763.6
-19768.6
-137930
126634
151406
659365
40291.7
-166209
-198351
-648350
-108434
47842.1
58770.5
299067
-323.855
46919.4
52705.6
246891
-1125.01
-529168
-473931
-445585
-665400
-86101.6
-73378.6
38509
-153176
122279
146458
634405
35585.9
-172293
-197869
-622251
-123483
10524.6
30086
250970
-38299
14977.2
26627.5
236331
-33115.2
-553897
-497950
-439854
-707989
-110004
-92188.3
82020.9
-188909
120767
153886
630104
25808
-178511
-197351
-604965
-122214
9963.13
21599.3
252139
-57670.9
-9355.73
-521.845
205089
-69486
-555806
-482717
-404013
-699286
-151372
-134588
33736.8
-228709
141778
179652
721407
54031.4
-187644
-199972
-608637
-124167
370.524
15841.3
283519
-59588.6
-21771.8
-5312.49
238526
-85158.3
-547309
-476347
-374019
-694967
-188850
-164795
-12185.6
-271953
124461
157919
736295
18371.3
-219616
-239070
-674345
-166838
-2851.76
16189.9
288696
-64420.3
-82240.1
-57802.4
204526
-165143
-562221
-494512
-399554
-713071
-230167
-200629
-77656.6
-312212
125141
169850
720306
25071.9
-225043
-236922
-713772
-158721
16890
36961.2
311510
-53137.7
-86322.2
-53589.5
213930
-171398
-536975
-465662
-393478
-664734
-209954
-186534
-80389.6
-277792
114564
152753
727556
4544.58
-244602
-264097
-766624
-188761
5161.17
29477.2
334474
-69467.6
-133910
-100087
194777
-243123
-545554
-482892
-428908
-684395
-226799
-203360
-111669
-310162
95970.7
137068
684993
-7054.8
-243717
-263087
-780432
-169797
6950.86
33853.4
363266
-63257.1
-183568
-141153
137450
-278507
-530285
-467581
-415134
-656156
-234356
-212942
-125312
-304944
118335
166024
695820
22928.6
-262699
-277001
-849533
-180773
31728.6
60881.2
379153
-31718
-184833
-137862
98053.1
-272390
-524190
-454827
-437539
-639503
-271571
-233697
-197884
-330061
141547
179972
747498
47824.5
-270946
-292380
-882783
-195594
43576.2
65817.5
391984
-12204
-172770
-134692
105715
-259422
-525933
-463337
-450563
-652875
-282242
-247948
-224926
-353976
131313
169753
743731
39407.8
-318209
-337045
-958107
-241258
67589.5
87106.4
402663
26088.7
-204000
-159324
64329.7
-285789
-548151
-483561
-480063
-664451
-293444
-256813
-254988
-343858
111405
159858
667116
20044.4
-343542
-360156
-1.04755e+06
-256216
61241.1
81421.9
352242
6150.41
-203227
-160305
29791.8
-295182
-557095
-486977
-532731
-667066
-279907
-250822
-279978
-336624
112134
143930
661639
24255.9
-378365
-407889
-1.13947e+06
-295725
59435.2
75777.1
347358
13896.1
-231474
-190149
1338.55
-328274
-585208
-525851
-596325
-700840
-288548
-262636
-299803
-345300
89074.2
127678
604660
806.809
-422294
-439386
-1.21361e+06
-334830
83031.3
104404
396447
47323.8
-266603
-218865
-57644.1
-352568
-582564
-521648
-592666
-701059
-280018
-249269
-275350
-336120
91192
122893
599766
-13001.6
-393472
-414058
-1.18463e+06
-307819
84350.1
97354.5
364866
28246.1
-251302
-210108
-65055.9
-346906
-565273
-496451
-552936
-676766
-278070
-246393
-278954
-330032
91001.1
133379
654099
-369.11
-373485
-392567
-1.11934e+06
-280979
57407.9
77679.2
346755
13809.8
-212638
-166102
2753.47
-290945
-560355
-493166
-523505
-672992
-284526
-250240
-289096
-334386
93756
115758
664419
-18225.7
-373949
-412677
-1.13227e+06
-305476
65291.4
74273.8
326937
15910.6
-196278
-164283
21960.6
-280907
-554469
-502382
-537734
-673960
-295056
-271925
-353104
-338675
71596
119834
662576
-39105.8
-386258
-398211
-1.09898e+06
-302973
34523.1
55055.3
306227
-26126.9
-167404
-126430
81622.7
-257455
-558684
-487215
-507914
-670443
-282390
-257390
-343917
-318482
105289
152988
747025
5951.72
-337856
-356763
-1.03439e+06
-247980
25580.3
50989.5
320348
-27051.1
-133220
-88839.5
177389
-222276
-527811
-463740
-452916
-637357
-243303
-218930
-313491
-270278
147696
187380
777837
53576.1
-274908
-301592
-954204
-177069
47137.2
67974.2
336323
-2294.56
-93381.2
-50325.5
220982
-162105
-468573
-407746
-378417
-572947
-197274
-179962
-276075
-210238
155810
194309
784383
55307.8
-242700
-267955
-925230
-144640
49742.1
70513.4
347892
-3605.54
-71322.3
-35808.6
224605
-144690
-436110
-373687
-345831
-527502
-201210
-184636
-315281
-206913
146824
180015
806090
42705.7
-243588
-286819
-936870
-157449
48576.8
62838.5
363630
-6717.51
-56253.2
-31438.7
245964
-131527
-429275
-382962
-360292
-527223
-206050
-202572
-353279
-221681
93972.4
139994
749310
-20322.2
-313346
-340159
-1.04821e+06
-220976
31460.6
54370.9
350328
-26353.2
-95645.4
-55514.2
206103
-171108
-456259
-401982
-417358
-543866
-251510
-237903
-440643
-250571
71282
119399
710230
-51730.5
-312403
-346481
-1.07684e+06
-215730
15323.7
41487.4
338443
-58422.6
-85516.8
-51637.9
219955
-175780
-465505
-412868
-461994
-550705
-235772
-234079
-452734
-238948
65896.7
110598
726211
-56467.4
-317900
-360656
-1.10905e+06
-230491
30201.9
58050.6
394776
-40261.2
-87498.8
-51784.3
260205
-185858
-458369
-419385
-487769
-547097
-218242
-217971
-436430
-228086
40643.8
96298.8
682689
-75439.1
-331724
-365464
-1.13551e+06
-230374
16890
53045.7
390723
-52455.3
-99202.1
-51420.8
252952
-186866
-468871
-422451
-525660
-542958
-229228
-221230
-448634
-228321
33581.2
81621.3
646906
-101307
-347584
-375347
-1.16075e+06
-240097
24591.8
46494.4
378206
-56268
-106972
-72112.9
215040
-192008
-447890
-401574
-510788
-517906
-234398
-232909
-469567
-217774
-7800.8
49428.2
628786
-144721
-357619
-382217
-1.17535e+06
-247516
-2160.92
27446.3
356315
-71246.7
-133820
-96868
168076
-220572
-452358
-409488
-512846
-534343
-251521
-250167
-518178
-247393
-20734.5
31043.4
616827
-169457
-354583
-384557
-1.19716e+06
-247801
25738.7
49989.6
363628
-39945.2
-164212
-126923
121078
-250484
-436957
-394915
-504557
-508585
-254409
-253568
-559437
-225062
-71009.8
-10039.5
564372
-240566
-343101
-370197
-1.17746e+06
-237133
2349.72
27594.8
331970
-87099.3
-184330
-142165
100996
-294165
-436607
-391525
-493979
-512584
-236445
-245135
-559342
-222619
-113279
-45249.9
559111
-280479
-343559
-373796
-1.15597e+06
-245591
-14528.9
20965
363808
-99333.7
-221242
-170308
106885
-341338
-439866
-399558
-470924
-526478
-223286
-221657
-503286
-212517
-129965
-59192.6
532175
-294193
-333127
-358176
-1.12777e+06
-224258
-1126.42
33468.1
386062
-78249.9
-249237
-194392
80927.7
-359724
-419563
-375048
-438229
-493586
-203813
-204652
-476649
-174741
336496
376809
1.26277e+06
207672
-427249
-410226
-787350
-427833
-818602
-755552
-1.08272e+06
-926933
-1.16969e+06
-1.07274e+06
-1.43793e+06
-1.35597e+06
-854539
-704469
-107781
-1.19154e+06
-541298
-439312
-41860.7
-757989
326840
361053
1.22257e+06
199981
-413484
-403344
-804272
-408856
-820284
-759590
-1.08274e+06
-930382
-1.15064e+06
-1.04835e+06
-1.39764e+06
-1.33703e+06
-813966
-661714
-34474.3
-1.1569e+06
-560191
-461129
-118502
-766258
332087
376691
1.24289e+06
214226
-395157
-382591
-776107
-382072
-855520
-793054
-1.12317e+06
-970865
-1.14915e+06
-1.05449e+06
-1.39105e+06
-1.33419e+06
-790019
-628732
56092.7
-1.12077e+06
-549742
-450782
-78466.2
-759242
334390
372732
1.21527e+06
218746
-370594
-357438
-764648
-350603
-880218
-814896
-1.17597e+06
-996168
-1.18716e+06
-1.08741e+06
-1.45936e+06
-1.37153e+06
-754314
-594392
110143
-1.08082e+06
-517168
-427351
-35708.2
-724922
347912
381926
1.20588e+06
238103
-326943
-322786
-722671
-306595
-883333
-821906
-1.17597e+06
-1.00889e+06
-1.18244e+06
-1.08452e+06
-1.46632e+06
-1.37774e+06
-692678
-536676
203138
-1.03294e+06
-507749
-414579
-28219.9
-717260
346849
377959
1.21684e+06
231851
-326376
-321654
-706937
-307176
-939154
-865929
-1.22068e+06
-1.06665e+06
-1.15094e+06
-1.04476e+06
-1.37215e+06
-1.33463e+06
-615544
-463622
357730
-938986
-499652
-402205
-8488.11
-700404
348387
390903
1.23369e+06
235403
-346578
-335236
-750281
-325601
-960648
-877498
-1.24825e+06
-1.08315e+06
-1.14977e+06
-1.04484e+06
-1.34899e+06
-1.34428e+06
-619109
-473694
369407
-956531
-518540
-422179
-22715.1
-735730
350950
391225
1.25098e+06
230394
-349154
-344046
-766051
-329120
-969781
-893073
-1.28244e+06
-1.10103e+06
-1.15122e+06
-1.04478e+06
-1.31884e+06
-1.35625e+06
-634696
-480159
401552
-990035
-576163
-475408
-78360.9
-804656
377677
422580
1.30887e+06
268049
-364996
-356288
-794289
-341308
-981835
-898140
-1.30562e+06
-1.0954e+06
-1.16639e+06
-1.06014e+06
-1.32978e+06
-1.36619e+06
-656886
-493951
423727
-1.00392e+06
-580774
-473428
-42222.8
-810581
416830
462766
1.3753e+06
312886
-347254
-339539
-787824
-312738
-957735
-879424
-1.31825e+06
-1.05623e+06
-1.17819e+06
-1.0689e+06
-1.35647e+06
-1.37224e+06
-653905
-490837
422457
-997670
-565243
-463152
-4026.27
-795663
453799
491803
1.42126e+06
346216
-331523
-332190
-786573
-297327
-953135
-885499
-1.35526e+06
-1.05658e+06
-1.18119e+06
-1.07755e+06
-1.3814e+06
-1.38512e+06
-650376
-492515
433833
-1.01693e+06
-553824
-448312
31681.9
-792131
480229
512546
1.4593e+06
372767
-348326
-348693
-843533
-306738
-964073
-891887
-1.38846e+06
-1.05773e+06
-1.16713e+06
-1.05228e+06
-1.34883e+06
-1.35178e+06
-639408
-473619
464699
-984886
-552484
-442844
41237.1
-784561
485658
512020
1.46311e+06
372620
-374979
-378555
-905175
-335191
-961586
-889430
-1.39063e+06
-1.05983e+06
-1.17304e+06
-1.05833e+06
-1.36089e+06
-1.37024e+06
-679739
-517264
397701
-1.04919e+06
-548534
-435425
61710.6
-783940
484971
510597
1.45311e+06
373182
-373074
-384837
-933104
-331591
-929206
-865270
-1.34891e+06
-1.02375e+06
-1.16788e+06
-1.05749e+06
-1.35112e+06
-1.36081e+06
-706671
-537122
371711
-1.07854e+06
-536307
-426600
71747.3
-764165
485898
519982
1.47984e+06
374829
-405174
-410642
-983368
-364744
-944097
-868894
-1.3591e+06
-1.03329e+06
-1.19279e+06
-1.08393e+06
-1.41695e+06
-1.37492e+06
-774764
-604962
289946
-1.14502e+06
-517966
-407035
110477
-743840
487232
521001
1.49553e+06
373968
-416670
-420794
-1.01219e+06
-376951
-938411
-870231
-1.38125e+06
-1.02707e+06
-1.23426e+06
-1.12652e+06
-1.49909e+06
-1.42229e+06
-828112
-655262
198947
-1.2041e+06
-489659
-391674
144902
-717196
493855
518283
1.49026e+06
379954
-409227
-421338
-1.01166e+06
-365040
-931482
-870099
-1.39006e+06
-1.01694e+06
-1.24973e+06
-1.14097e+06
-1.54689e+06
-1.43476e+06
-863931
-691358
144067
-1.25728e+06
-461942
-361935
175519
-682113
492134
519509
1.4823e+06
378193
-447722
-451069
-1.08971e+06
-399563
-951083
-884253
-1.42248e+06
-1.0382e+06
-1.24681e+06
-1.13233e+06
-1.54539e+06
-1.4212e+06
-904190
-723267
83152.2
-1.28282e+06
-447385
-350710
178987
-665373
533103
558201
1.55229e+06
417955
-448708
-456423
-1.08354e+06
-403569
-949839
-888486
-1.40548e+06
-1.04594e+06
-1.20483e+06
-1.10112e+06
-1.46952e+06
-1.389e+06
-875119
-699072
125155
-1.26086e+06
-431212
-329686
207655
-655302
555461
581756
1.60356e+06
436013
-468714
-472492
-1.09881e+06
-433050
-973760
-906560
-1.4129e+06
-1.07996e+06
-1.17057e+06
-1.05902e+06
-1.37209e+06
-1.3607e+06
-851984
-667244
199043
-1.24875e+06
-447419
-346397
188143
-672640
587775
614997
1.69976e+06
468349
-486737
-487857
-1.06871e+06
-466086
-1.00321e+06
-939280
-1.41616e+06
-1.12191e+06
-1.14705e+06
-1.04367e+06
-1.29422e+06
-1.33855e+06
-853957
-671865
256162
-1.24843e+06
-439735
-337931
237752
-666779
574606
604465
1.68925e+06
446479
-523965
-515503
-1.1165e+06
-504270
-1.0379e+06
-963620
-1.45279e+06
-1.16124e+06
-1.17745e+06
-1.06278e+06
-1.33028e+06
-1.3688e+06
-868621
-684718
199982
-1.25483e+06
-441689
-344901
219619
-669750
578047
603823
1.68923e+06
446690
-539604
-534481
-1.12466e+06
-532034
-1.06395e+06
-989177
-1.46416e+06
-1.20363e+06
-1.1653e+06
-1.05345e+06
-1.31056e+06
-1.37094e+06
-874683
-692774
180220
-1.28091e+06
-459624
-361018
192763
-695795
599109
621584
1.76077e+06
451178
-581770
-574572
-1.1462e+06
-589260
-1.09854e+06
-1.01313e+06
-1.46921e+06
-1.24166e+06
-1.12436e+06
-1.00878e+06
-1.1919e+06
-1.32482e+06
-857295
-675425
236044
-1.25488e+06
-456372
-352371
220359
-695729
583877
621067
1.77607e+06
444637
-596846
-582119
-1.17631e+06
-597400
-1.09994e+06
-1.01461e+06
-1.46166e+06
-1.24399e+06
-1.13682e+06
-1.03014e+06
-1.23781e+06
-1.35232e+06
-864412
-690516
216022
-1.27679e+06
-511284
-407374
155464
-764194
563027
604993
1.75899e+06
419007
-590870
-576440
-1.16938e+06
-595018
-1.10625e+06
-1.02043e+06
-1.47277e+06
-1.25092e+06
-1.15941e+06
-1.04631e+06
-1.26705e+06
-1.37522e+06
-887205
-700152
227882
-1.31218e+06
-597951
-487302
17951.3
-857767
594817
634361
1.82042e+06
455414
-579014
-570766
-1.1488e+06
-577459
-1.10772e+06
-1.03268e+06
-1.49498e+06
-1.25141e+06
-1.18578e+06
-1.08346e+06
-1.32168e+06
-1.40053e+06
-912055
-725631
225095
-1.3341e+06
-616679
-507406
1369.67
-874888
604895
640267
1.84518e+06
455156
-574422
-569630
-1.1544e+06
-573990
-1.11978e+06
-1.0442e+06
-1.53673e+06
-1.26291e+06
-1.24803e+06
-1.13919e+06
-1.42917e+06
-1.46599e+06
-957839
-771288
150300
-1.38798e+06
-643238
-539433
-31793.6
-910063
595448
634097
1.8379e+06
449044
-587246
-580207
-1.17098e+06
-590296
-1.13844e+06
-1.06122e+06
-1.57442e+06
-1.27883e+06
-1.29806e+06
-1.18441e+06
-1.52101e+06
-1.52225e+06
-999002
-803241
104080
-1.44443e+06
-691937
-575576
-99733.9
-963224
606676
651339
1.89413e+06
453467
-601655
-586476
-1.18448e+06
-602517
-1.14716e+06
-1.05895e+06
-1.58159e+06
-1.27911e+06
-1.31176e+06
-1.18571e+06
-1.52934e+06
-1.52181e+06
-1.0098e+06
-809565
113793
-1.4481e+06
-733694
-610353
-148930
-1.00872e+06
631135
672502
1.93699e+06
472765
-588005
-572805
-1.16744e+06
-586068
-1.14205e+06
-1.05725e+06
-1.58133e+06
-1.28166e+06
-1.28488e+06
-1.16674e+06
-1.50103e+06
-1.49489e+06
-994517
-792530
156134
-1.43588e+06
-748535
-629037
-175297
-1.03361e+06
636895
672507
1.96471e+06
470087
-564856
-555336
-1.13587e+06
-564514
-1.14555e+06
-1.06397e+06
-1.57599e+06
-1.28742e+06
-1.25143e+06
-1.1356e+06
-1.43965e+06
-1.46013e+06
-971824
-768005
239737
-1.42534e+06
-808000
-689625
-258467
-1.09997e+06
638328
685631
2.00842e+06
461915
-564821
-550526
-1.11579e+06
-566559
-1.17231e+06
-1.08909e+06
-1.60065e+06
-1.32497e+06
-1.27226e+06
-1.16551e+06
-1.49398e+06
-1.48074e+06
-1.0071e+06
-794964
240076
-1.46289e+06
-865475
-737983
-291056
-1.1805e+06
614023
666930
2.00637e+06
441022
-573997
-557067
-1.13545e+06
-569278
-1.21075e+06
-1.12153e+06
-1.66156e+06
-1.35628e+06
-1.34498e+06
-1.23082e+06
-1.61855e+06
-1.55165e+06
-1.05596e+06
-839737
180110
-1.51403e+06
-927455
-795002
-333196
-1.24816e+06
596263
639739
1.98387e+06
414660
-579792
-567535
-1.1488e+06
-576584
-1.23704e+06
-1.15183e+06
-1.7032e+06
-1.38711e+06
-1.39379e+06
-1.27936e+06
-1.70823e+06
-1.60698e+06
-1.08855e+06
-869735
154149
-1.56437e+06
-987663
-847681
-388934
-1.32138e+06
593246
642985
2.00194e+06
411608
-576878
-563480
-1.15532e+06
-570095
-1.26202e+06
-1.16461e+06
-1.73267e+06
-1.40589e+06
-1.38592e+06
-1.26141e+06
-1.69345e+06
-1.58229e+06
-1.06337e+06
-839342
201968
-1.52039e+06
-1.02793e+06
-875882
-433850
-1.36015e+06
-308030
-349336
-1.18473e+06
-189438
102920
203879
1.48511e+06
-161443
521914
459752
392235
649670
-642943
-611406
-932945
-720201
737543
680615
1.04407e+06
811719
-576245
-481605
-131264
-790448
-335630
-372324
-1.23858e+06
-209957
63247.9
155827
1.35218e+06
-194995
517034
460230
396451
654190
-671340
-632310
-958509
-754106
686574
633581
996224
745626
-626471
-533427
-209919
-850201
-343382
-379692
-1.23158e+06
-221686
48209.1
143183
1.33305e+06
-214036
549324
483095
430969
692885
-679551
-634888
-950188
-765156
653800
605529
966291
707152
-624154
-521640
-174457
-845014
-338088
-377471
-1.22726e+06
-216781
12347.5
112364
1.27347e+06
-253850
558481
489114
424172
706655
-682479
-637860
-937358
-770377
636101
593079
970679
684201
-623552
-527007
-184937
-840716
-337682
-378826
-1.22765e+06
-223802
-1759.99
94503.4
1.23535e+06
-266040
575723
514642
447002
723778
-686955
-643616
-938905
-787994
623460
580815
974004
657099
-622958
-526384
-194787
-846132
-358930
-392905
-1.20556e+06
-254784
-41109.8
65196.7
1.17882e+06
-298709
582238
513769
478116
725279
-722432
-666922
-929921
-826702
572661
542043
946199
600900
-648046
-546564
-193518
-876494
-363995
-393706
-1.20789e+06
-260274
-36293
80304.7
1.19541e+06
-296602
582098
515723
472320
705869
-760855
-694880
-978501
-863543
578511
549765
950789
609782
-664069
-554038
-205462
-899692
-382148
-409918
-1.23092e+06
-284906
-38318.8
70716.3
1.20397e+06
-310254
566022
505788
492949
683412
-774435
-706164
-989299
-891500
600527
574228
1.01547e+06
627336
-694370
-578066
-209682
-939526
-368106
-401257
-1.2075e+06
-267008
-6602.96
107801
1.28439e+06
-277385
583449
516112
527580
702496
-782432
-705324
-986924
-886679
621663
592509
1.03852e+06
659012
-667569
-553813
-158905
-910370
-344052
-370666
-1.15854e+06
-234598
6839.14
127028
1.33903e+06
-261248
605088
540606
585275
727466
-732704
-660138
-917610
-825715
671068
639039
1.11217e+06
716941
-634606
-517877
-97302.8
-866013
-321558
-354710
-1.13891e+06
-219843
43804.6
157658
1.404e+06
-227691
620506
560066
613411
733007
-698751
-641178
-896481
-800533
713931
674549
1.16189e+06
755848
-585814
-475107
-27061
-822412
-318825
-350078
-1.12404e+06
-213997
56982.2
175741
1.42407e+06
-204097
635379
570625
660786
749631
-691929
-623424
-875120
-782494
722292
688539
1.1755e+06
774237
-564776
-454315
6396.49
-791724
-322809
-353580
-1.13866e+06
-213334
89769.3
189058
1.44773e+06
-172748
657596
599720
693376
782844
-677716
-622551
-866634
-770674
737423
700033
1.18739e+06
794178
-559798
-448623
1342.09
-787589
-300445
-329377
-1.13346e+06
-174453
82571
170348
1.40729e+06
-188011
699689
634983
755634
835775
-659079
-604110
-836996
-751155
781228
740221
1.25933e+06
840657
-565686
-456409
2865.9
-795247
-288152
-325070
-1.14547e+06
-161664
83558.1
184639
1.43661e+06
-190737
724216
644707
765572
855770
-653156
-590299
-815199
-740213
789123
749341
1.25655e+06
856333
-550657
-442786
31871.4
-781901
-286318
-325192
-1.15437e+06
-157464
76750.8
179633
1.46065e+06
-203548
710764
637798
736467
850674
-634561
-576801
-790294
-719748
819117
769438
1.28691e+06
889081
-554853
-446443
27527.7
-778035
-280276
-323588
-1.18331e+06
-145593
90599.5
185980
1.48009e+06
-184982
721074
645871
713020
871633
-612890
-570019
-784466
-700868
844396
788775
1.30123e+06
918598
-532753
-429886
41420.2
-757490
-287589
-332775
-1.21499e+06
-149403
85866.8
193106
1.46822e+06
-182825
738690
657868
702758
895711
-629963
-576270
-808280
-712136
830195
779493
1.25895e+06
911987
-528023
-422385
37900.2
-740360
-280734
-327175
-1.21459e+06
-140739
145097
241115
1.57039e+06
-117692
745178
665825
686385
909385
-657119
-609407
-864337
-742222
837292
778081
1.22219e+06
922747
-517896
-420620
27773.7
-739009
-287396
-325665
-1.2336e+06
-138250
164045
259653
1.59881e+06
-104306
724819
650188
643401
897179
-713701
-660226
-952655
-808823
824412
766442
1.19652e+06
908583
-554097
-450884
-13345.2
-780436
-266506
-317219
-1.2049e+06
-120426
218232
312925
1.7368e+06
-63257.1
727828
632656
610329
901971
-772030
-716720
-1.03419e+06
-872038
817710
754518
1.17219e+06
902533
-553073
-446514
17933.6
-780256
-280924
-330548
-1.23962e+06
-133660
194804
298804
1.74156e+06
-93494.4
686379
596696
519291
864117
-818315
-756749
-1.12066e+06
-912413
783860
722808
1.10902e+06
869176
-568357
-459925
-27606.2
-783599
-311402
-361035
-1.32015e+06
-164521
215177
315254
1.78018e+06
-72821.4
648990
572597
435131
830172
-869247
-811997
-1.22163e+06
-974437
742087
680333
1.01821e+06
824808
-578377
-474698
-77650.2
-797356
-315245
-367360
-1.30602e+06
-173307
240773
341060
1.8652e+06
-58735.8
643698
550470
404952
823757
-932479
-867665
-1.2975e+06
-1.0405e+06
710231
651441
966465
792281
-611977
-516665
-121412
-846287
-334580
-382637
-1.34231e+06
-188698
206130
318224
1.83992e+06
-99275
646360
557928
386565
822659
-941736
-881532
-1.32449e+06
-1.05154e+06
723330
665123
981818
806942
-643572
-539853
-154750
-879927
-366504
-413230
-1.42085e+06
-211097
160783
273717
1.77729e+06
-159359
631831
546306
378466
812774
-974140
-908721
-1.36146e+06
-1.09146e+06
733612
679665
1.02009e+06
815369
-703317
-590831
-214984
-952177
-327639
-387552
-1.40469e+06
-162862
177529
291638
1.857e+06
-151172
669155
563604
395858
856824
-984198
-923944
-1.39735e+06
-1.09982e+06
784348
720371
1.07206e+06
874242
-686498
-574415
-167007
-936424
-317157
-380047
-1.41322e+06
-151642
156020
276737
1.87808e+06
-180596
672625
566477
392348
857019
-981361
-920678
-1.40369e+06
-1.09357e+06
823724
755604
1.13088e+06
916110
-679645
-567612
-135088
-931709
-334370
-396290
-1.47823e+06
-160106
139840
262239
1.86647e+06
-203555
664839
572749
376649
856827
-994256
-938459
-1.43144e+06
-1.11107e+06
835329
767915
1.1442e+06
929851
-689674
-572314
-140733
-947634
-324614
-383739
-1.45028e+06
-150682
112787
253231
1.88432e+06
-237509
682869
582500
417022
867756
-1.01317e+06
-940522
-1.42594e+06
-1.1309e+06
857360
795492
1.19482e+06
955320
-705277
-580902
-116664
-970377
-325292
-386968
-1.48219e+06
-145434
151415
279415
1.93835e+06
-197581
676920
576888
392902
861654
-1.01538e+06
-946228
-1.41342e+06
-1.13684e+06
887159
822038
1.23224e+06
988804
-712190
-587162
-119549
-979915
-352575
-417636
-1.55558e+06
-169523
144676
268025
1.92413e+06
-210690
641694
539091
358161
822813
-1.0321e+06
-957854
-1.39416e+06
-1.16555e+06
890976
821400
1.26674e+06
982351
-762815
-642069
-176728
-1.04726e+06
-385754
-458040
-1.62379e+06
-211793
157526
290919
1.99679e+06
-212561
613031
502990
302514
781729
-1.04596e+06
-966708
-1.39283e+06
-1.18992e+06
893937
830888
1.28546e+06
977236
-792192
-664930
-196552
-1.08526e+06
-433937
-495758
-1.70625e+06
-251745
122267
264748
1.99039e+06
-253672
542333
443415
215342
708707
-1.07068e+06
-986479
-1.3948e+06
-1.21506e+06
892286
828723
1.32085e+06
976324
-840307
-705445
-254178
-1.12793e+06
-484678
-549541
-1.80272e+06
-304478
104272
238004
1.98637e+06
-278712
486680
398858
140868
657744
-1.09784e+06
-1.0169e+06
-1.42026e+06
-1.24872e+06
874913
811563
1.31675e+06
954285
-878908
-745565
-315660
-1.174e+06
-489431
-548858
-1.81012e+06
-303927
92524.2
242229
1.99868e+06
-291361
469121
379570
109650
637455
-1.11514e+06
-1.02142e+06
-1.41251e+06
-1.26846e+06
880363
825906
1.34139e+06
964869
-914643
-774567
-347917
-1.21214e+06
-497963
-439374
-444483
-603588
536854
517261
1.05042e+06
531372
-338877
-330779
-566520
-364399
59885.6
64594.9
191234
39332.8
-542230
-494264
-625164
-630294
-116794
-61709.9
356947
-233482
-478044
-425930
-462139
-569490
520734
503203
1.03001e+06
500898
-340215
-321873
-580161
-356833
37698
44833.4
164955
12214.6
-532193
-486859
-628298
-620784
-127867
-80666
302530
-243098
-479648
-426716
-467956
-572379
539033
524904
1.07853e+06
540389
-353891
-345753
-609931
-371082
40327.7
52691.5
196665
18745.4
-561204
-509561
-651826
-649932
-124321
-77967
293399
-232913
-478972
-431723
-487226
-574096
562626
549126
1.08431e+06
567373
-379931
-369998
-666310
-399097
36116.9
49674.3
195765
14482.3
-574528
-528180
-671260
-673498
-119273
-70094.8
296986
-227142
-466827
-419335
-474845
-556688
616722
599571
1.14697e+06
618748
-393631
-384349
-699146
-421897
65488
81281.2
248706
33624.3
-582402
-537461
-680264
-688915
-91586.6
-37110.4
338067
-194007
-464873
-416075
-474459
-552016
650599
626282
1.2277e+06
654496
-446271
-423920
-766433
-469053
59300.8
73621.1
311094
17040.6
-605631
-547001
-649726
-715515
-46133.8
-1317.34
405649
-143538
-468405
-411246
-478093
-556767
641050
622728
1.22375e+06
649164
-459528
-433102
-802626
-487947
64517.1
86718.2
328152
24509
-611336
-545128
-659281
-718355
-39377.4
5458.16
414548
-139532
-473439
-425518
-483771
-575282
631932
614787
1.2174e+06
625157
-447219
-420023
-774385
-473753
73648.7
89300.5
354454
23535.3
-600740
-542436
-666713
-712725
-52878.2
-7153.09
417827
-167840
-482662
-422927
-473950
-573653
653416
641463
1.27453e+06
668912
-454266
-429510
-780274
-483504
95740.8
117777
403772
58753.5
-591741
-520154
-659127
-680404
-52156.2
-10325.2
441121
-166524
-449964
-391835
-434541
-535923
673549
660143
1.26916e+06
704017
-446826
-420478
-779493
-464064
136002
155530
457636
112736
-530008
-470524
-587469
-610817
-50654.3
-2180.72
455500
-161252
-418548
-365711
-385783
-508053
715934
689798
1.2855e+06
740060
-420859
-403756
-766748
-442043
179365
188605
507215
145528
-487972
-436050
-552354
-567224
-44052
4454.77
475994
-165940
-393474
-341066
-366444
-474377
718240
689751
1.28873e+06
747564
-442375
-416007
-813711
-448942
177359
183923
512630
145448
-446404
-392301
-490162
-515066
-27041.2
21691.9
504916
-138333
-378882
-335353
-349169
-453489
733612
704256
1.30266e+06
759397
-425735
-410934
-785458
-432973
166052
183885
496343
129587
-409013
-371410
-437517
-487571
-36525.6
11274.8
464106
-146240
-361989
-330535
-355097
-436216
754144
723172
1.34693e+06
772030
-386345
-373960
-715691
-386589
175372
185261
523873
133613
-380892
-345637
-392069
-457002
-55507.2
-15086.1
404951
-169242
-394243
-355221
-389935
-474136
755785
728280
1.37816e+06
779925
-402084
-387791
-735234
-406931
165949
181888
524614
129600
-385179
-339409
-388694
-456232
-87278.9
-49714.6
341404
-202618
-414056
-372686
-410810
-498392
757673
733343
1.36206e+06
786731
-408175
-398312
-758076
-413943
151948
168347
494867
115571
-369282
-333086
-360306
-444946
-115554
-69441.4
310408
-232270
-413341
-378490
-401387
-499002
807697
772028
1.41075e+06
840317
-386561
-380651
-737239
-385701
158337
169988
499811
119058
-355167
-322124
-334725
-432541
-127160
-81363.9
290597
-245172
-434518
-393938
-454208
-517919
833302
797506
1.45264e+06
868269
-411933
-398891
-791238
-407658
133329
147531
473112
89342.9
-353006
-316113
-310073
-436390
-132841
-82126.9
266779
-239433
-411609
-368903
-418244
-480956
868994
820766
1.49716e+06
908408
-402063
-397106
-785721
-394303
150892
159081
460768
118790
-358865
-318885
-316596
-435794
-76102.4
-36214.5
350069
-175287
-397863
-358930
-406516
-472956
873580
833889
1.50809e+06
903224
-400961
-389800
-786846
-393651
155711
162035
445349
123051
-357720
-322220
-334254
-440974
-53771.2
-8209.51
393338
-153122
-407178
-372407
-387391
-494620
911005
864969
1.58901e+06
953789
-410367
-407723
-787810
-407125
172219
174249
471443
147496
-393301
-356910
-373393
-479048
-7135.41
26484
480249
-114194
-435407
-392800
-430052
-524287
900797
858971
1.55857e+06
945914
-457228
-445377
-867659
-453483
145634
148833
404983
124462
-425687
-383287
-416941
-517324
-7711.71
33318.2
496888
-113737
-445193
-401217
-433238
-538749
913068
872836
1.55192e+06
954252
-469561
-460653
-901592
-473076
130567
137454
349104
107853
-459495
-419880
-470197
-561905
8797.82
57161.8
532629
-94180.3
-453855
-412933
-445914
-549698
932759
879383
1.60004e+06
970988
-496773
-484543
-935956
-496921
110334
108032
327183
81382.3
-478729
-429394
-468264
-579973
67067.7
99919.8
626577
-34397.2
-473226
-421996
-472617
-569661
911143
870152
1.56885e+06
950938
-496808
-487156
-963764
-502282
96165.8
101070
282064
67472.1
-496363
-452983
-511364
-596918
51584.1
92788.7
602726
-53825.7
-493886
-446664
-503232
-592451
891809
860774
1.55964e+06
923762
-490858
-480356
-962561
-493451
91650.9
100535
272423
65492.2
-537474
-493879
-600397
-643415
24867.5
68091.6
585820
-90675.8
-513780
-467009
-530775
-617994
924782
886364
1.62887e+06
970159
-493986
-493502
-983980
-491586
130141
126375
323313
110806
-571221
-529453
-668324
-671918
22463.4
57043
597050
-102089
-535129
-484513
-555060
-648075
925434
884900
1.62406e+06
964418
-509658
-504825
-1.02638e+06
-504377
118311
109862
303940
90843.4
-606921
-567964
-737862
-714310
-12158
32349.4
574603
-143664
-559415
-506969
-580722
-669786
927890
893111
1.62894e+06
963835
-513117
-511655
-1.05259e+06
-510436
89596.8
94279.3
262013
61425
-656172
-612729
-825725
-765121
-37004.3
15583.9
562252
-174141
-577224
-516937
-612559
-688555
921541
891343
1.65222e+06
956142
-527776
-513535
-1.07909e+06
-515173
72200.6
80075.6
262208
43062.8
-680616
-622768
-834898
-789391
-29632.7
27355.8
598799
-163226
-553061
-500261
-577348
-660859
966734
924125
1.70223e+06
1.00559e+06
-476068
-478685
-1.01145e+06
-458924
82609.2
88370.7
252459
57197.9
-673060
-620799
-818929
-784994
4029.8
58025.2
645144
-126165
-538258
-492328
-551480
-653111
965001
921625
1.71057e+06
992755
-447416
-448002
-959096
-428321
67743
66200.8
217944
40312.9
-675861
-626113
-808918
-795747
19253.8
70065.1
677904
-114094
-565012
-511044
-558635
-693146
972012
927846
1.72538e+06
1.01116e+06
-451104
-457531
-956439
-441212
43711.9
42447.6
168308
18308.4
-713069
-651875
-851507
-834815
20747.2
64968.3
685515
-121054
-600645
-541687
-584409
-737751
948966
908269
1.66637e+06
994587
-487496
-489383
-1.01402e+06
-478374
-13208
-10741.7
71371.8
-35701.1
-749430
-688965
-887866
-876315
-18162
38140.6
647443
-162425
-620662
-563805
-582538
-759139
956655
915529
1.66245e+06
1.00791e+06
-504161
-505313
-1.02287e+06
-496242
-56508.4
-49815
-5281.38
-79382.6
-783258
-724669
-931903
-915445
-34600.1
21651.6
645018
-182709
-632687
-570595
-605785
-772311
978446
935035
1.6816e+06
1.0342e+06
-515828
-510332
-1.04752e+06
-504984
-77696.2
-67559.8
-35882.8
-98315.4
-793447
-722794
-916926
-925702
-6941.67
52465.9
682565
-143551
-536244
-490263
-611320
-632738
-1.03706e+06
-959389
-1.31274e+06
-1.19038e+06
475355
389882
27630.9
664622
213367
220326
594390
182163
922869
831005
956059
1.0979e+06
123781
137039
507930
55385.6
-562885
-510498
-657354
-656078
-1.04758e+06
-963487
-1.34183e+06
-1.19689e+06
488008
394935
28976.5
683566
185681
186823
550283
144767
930009
842590
954485
1.11803e+06
123894
142910
483194
71410
-567972
-519182
-651385
-665378
-1.06935e+06
-985949
-1.37494e+06
-1.2193e+06
472160
382823
-8972.48
667871
152924
160892
512273
108956
959237
864252
991458
1.15461e+06
138440
146252
503002
81485.6
-577604
-520538
-652550
-673378
-1.09777e+06
-1.01342e+06
-1.41336e+06
-1.24883e+06
450646
357468
-63101.5
646284
131629
147371
498061
79210.8
964798
872329
988305
1.15841e+06
99093.2
110351
449377
34228.2
-573585
-522283
-640065
-687613
-1.10979e+06
-1.02717e+06
-1.44948e+06
-1.27184e+06
454227
366368
-75132.2
659229
133619
145402
522910
77829.8
992790
898973
1.0222e+06
1.18716e+06
90320.9
105652
425892
22274.6
-571006
-514658
-608374
-678405
-1.11978e+06
-1.02922e+06
-1.44688e+06
-1.27273e+06
412841
323580
-113959
606106
104562
122783
520448
38147
1.02126e+06
919164
1.06234e+06
1.21779e+06
102997
123584
487413
39804.5
-573684
-511134
-593388
-695050
-1.11817e+06
-1.02683e+06
-1.45151e+06
-1.28003e+06
401439
324011
-144616
606766
104275
131465
513035
41324.7
1.04525e+06
944343
1.10245e+06
1.23924e+06
106006
132578
507032
38707.7
-591317
-526237
-581918
-715366
-1.11239e+06
-1.01876e+06
-1.42805e+06
-1.27829e+06
433723
348058
-115901
641291
119253
147220
556161
47575.6
1.05609e+06
955711
1.15111e+06
1.24471e+06
108421
136146
513579
43108.8
-570819
-505653
-549691
-695888
-1.10285e+06
-1.00337e+06
-1.40796e+06
-1.25849e+06
441579
358320
-123766
659926
137962
157106
584188
70277.9
1.09542e+06
994544
1.2414e+06
1.2882e+06
124775
148310
545787
62867.4
-533079
-464484
-453873
-650265
-1.07062e+06
-974165
-1.35604e+06
-1.22077e+06
469942
380837
-103393
696532
173959
202229
637730
122234
1.1295e+06
1.02787e+06
1.31474e+06
1.31882e+06
119488
143918
535173
62337.1
-513621
-448842
-422219
-637590
-1.03808e+06
-947363
-1.31941e+06
-1.19344e+06
502312
409027
-81594.5
734858
221180
239229
687554
168991
1.15615e+06
1.05026e+06
1.37445e+06
1.3353e+06
123179
142346
515357
58330.7
-480203
-418614
-374668
-593719
-1.00738e+06
-912173
-1.27322e+06
-1.14554e+06
497790
400845
-109772
734103
253082
269794
722036
210197
1.17462e+06
1.06887e+06
1.42504e+06
1.35083e+06
131543
156788
536265
79343
-475819
-410251
-393214
-589266
-991672
-912767
-1.25453e+06
-1.13899e+06
513729
408836
-113064
747148
260174
273920
716385
223691
1.16165e+06
1.06927e+06
1.43097e+06
1.33473e+06
178264
195754
598600
119720
-455462
-395362
-373957
-552617
-976205
-894629
-1.22848e+06
-1.1132e+06
556113
441101
-61379.7
795637
291689
299127
764906
249864
1.18539e+06
1.09142e+06
1.47639e+06
1.36767e+06
224019
231815
653175
179879
-453249
-393331
-409374
-545725
-1.00114e+06
-916574
-1.29133e+06
-1.13354e+06
543674
429005
-94359.2
777791
284881
295583
746451
242364
1.20222e+06
1.09773e+06
1.49375e+06
1.3836e+06
258242
266464
703415
218097
-445132
-388095
-400967
-534078
-1.00473e+06
-923532
-1.3074e+06
-1.1344e+06
528342
417204
-121950
764906
285600
299665
747725
250408
1.18565e+06
1.08616e+06
1.46974e+06
1.35777e+06
251676
256819
697080
207385
-442116
-388615
-429910
-523179
-992359
-919563
-1.3226e+06
-1.11948e+06
542224
425676
-120503
788995
308791
312294
760915
278836
1.18214e+06
1.07804e+06
1.46353e+06
1.35762e+06
276705
277850
708814
241146
-420408
-373733
-457776
-484771
-997538
-920950
-1.35406e+06
-1.11265e+06
516166
406091
-170235
762050
316318
326212
759718
293571
1.18626e+06
1.08485e+06
1.45309e+06
1.36249e+06
305460
311174
755932
274970
-403250
-361990
-440949
-470529
-951768
-883270
-1.29119e+06
-1.066e+06
530969
409026
-175004
778866
334020
334609
771766
315138
1.21714e+06
1.11733e+06
1.48932e+06
1.40379e+06
356283
354048
854826
322111
-427920
-380600
-470840
-491074
-918220
-846127
-1.22934e+06
-1.03034e+06
537656
414976
-166547
786841
322514
321016
747828
295725
1.23457e+06
1.13258e+06
1.49945e+06
1.42499e+06
385384
388423
914590
356977
-431223
-390790
-474921
-499596
-889696
-825506
-1.17454e+06
-1.00206e+06
526596
401766
-167514
765554
324221
320399
754381
291117
1.26279e+06
1.14381e+06
1.52952e+06
1.46145e+06
432672
423995
1.02251e+06
396290
-451308
-407000
-514063
-515070
-902849
-830733
-1.18711e+06
-1.01387e+06
476016
359604
-224462
706736
299864
305433
733075
266435
1.23276e+06
1.11941e+06
1.46197e+06
1.42667e+06
403915
405376
1.00721e+06
360780
-489321
-444439
-589062
-560765
-896711
-832308
-1.19941e+06
-1.01421e+06
466849
354928
-235013
702023
279104
287144
691196
251917
1.20367e+06
1.09613e+06
1.39553e+06
1.39663e+06
414755
415961
1.01811e+06
367191
-480622
-441272
-575518
-550410
-854811
-792257
-1.12303e+06
-964226
431185
312456
-268260
648832
284128
286414
710389
247864
1.22049e+06
1.10933e+06
1.41823e+06
1.42106e+06
453523
453901
1.12607e+06
404325
-516238
-476306
-630548
-602896
-893504
-835690
-1.19679e+06
-1.01313e+06
416061
313878
-312775
649648
281486
292852
711192
255611
1.23142e+06
1.12445e+06
1.42e+06
1.43222e+06
431479
433427
1.06934e+06
372773
-579695
-527434
-697862
-673167
-953286
-889586
-1.29804e+06
-1.07574e+06
449401
343805
-279084
691661
281185
289292
706168
251693
1.23765e+06
1.13545e+06
1.42978e+06
1.45249e+06
409890
413450
1.0138e+06
360600
-567525
-524313
-679473
-659000
-987521
-930065
-1.37497e+06
-1.10864e+06
477704
361295
-254263
718973
320647
320941
750970
293461
1.307e+06
1.18512e+06
1.50615e+06
1.53339e+06
419246
409441
1.01465e+06
366522
-578823
-534560
-679583
-671695
-1.03845e+06
-975133
-1.45329e+06
-1.16498e+06
472349
350794
-260461
706147
346143
346439
798753
317142
1.31815e+06
1.19117e+06
1.50614e+06
1.53179e+06
365761
364121
948502
304494
-616686
-563015
-737707
-717487
-1.09682e+06
-1.0309e+06
-1.55694e+06
-1.23011e+06
461485
351301
-279290
707561
345092
346563
795486
322282
1.31292e+06
1.19449e+06
1.49934e+06
1.53869e+06
323773
327292
869763
263008
-614554
-562407
-713364
-719830
-1.1292e+06
-1.05212e+06
-1.5973e+06
-1.25816e+06
461199
355079
-261581
703730
362928
369907
837831
341987
1.33063e+06
1.20669e+06
1.52549e+06
1.55192e+06
326919
343462
887576
279450
-636029
-583544
-770181
-739538
-1.12227e+06
-1.05268e+06
-1.58804e+06
-1.25196e+06
516604
407874
-196279
769997
383854
388579
866662
362238
1.35182e+06
1.23267e+06
1.54736e+06
1.57752e+06
379641
378227
940525
330833
-669507
-618433
-825667
-771055
-1.13277e+06
-1.06119e+06
-1.59362e+06
-1.26369e+06
582203
458681
-106926
841489
369804
367391
867126
331746
1.36175e+06
1.23885e+06
1.56066e+06
1.59097e+06
398738
394785
956355
361991
-714934
-662824
-901930
-821669
-1.17372e+06
-1.09729e+06
-1.65355e+06
-1.31073e+06
598455
472785
-105405
856870
348017
354367
856837
295612
1.37179e+06
1.24354e+06
1.57646e+06
1.59985e+06
405375
389143
954809
353182
-775689
-715567
-986828
-880138
-1.2323e+06
-1.15152e+06
-1.73465e+06
-1.3703e+06
579438
457988
-131001
840215
325452
338671
855669
275906
1.3314e+06
1.20592e+06
1.52574e+06
1.55157e+06
343104
337942
880974
292249
-831277
-767147
-1.07738e+06
-941547
-1.28521e+06
-1.20684e+06
-1.81328e+06
-1.42932e+06
580615
455321
-142908
850674
290542
299778
827881
233625
1.29321e+06
1.17843e+06
1.48639e+06
1.51555e+06
308143
301790
821268
256506
-824203
-762022
-1.08254e+06
-928476
-1.29841e+06
-1.21425e+06
-1.84253e+06
-1.43535e+06
586367
467267
-136477
860607
290817
313591
865058
236848
1.31739e+06
1.1988e+06
1.51863e+06
1.54323e+06
318565
321564
840459
278015
