107225
101316
194816
107865
-52032.5
-66470.2
-358365
-4666.9
-866807
-796508
-1.16267e+06
-970486
-619072
-599409
-1.26812e+06
-605088
-641317
-593968
-1.00048e+06
-680791
-1.05398e+06
-968994
-1.46082e+06
-1.17005e+06
104691
101710
188853
114488
-48915.5
-71615.8
-353119
-2025.15
-888633
-818988
-1.18056e+06
-1.01469e+06
-623134
-610743
-1.27612e+06
-619536
-642736
-601505
-1.03712e+06
-678890
-1.07768e+06
-1.00143e+06
-1.51076e+06
-1.21184e+06
143599
140934
236484
155103
-52171
-65027.7
-342854
-736.805
-908837
-828141
-1.18522e+06
-1.0275e+06
-643453
-623868
-1.28161e+06
-634766
-672379
-631490
-1.10116e+06
-710559
-1.11154e+06
-1.02261e+06
-1.56224e+06
-1.22925e+06
210255
196912
342269
232167
-33627.2
-49624.8
-306280
17290.2
-895477
-821232
-1.14122e+06
-1.02564e+06
-639381
-617545
-1.27158e+06
-636299
-660652
-629168
-1.11178e+06
-692842
-1.08662e+06
-1.00476e+06
-1.53082e+06
-1.2024e+06
229215
206687
369921
244694
-35141.8
-56186
-316009
18377.7
-928398
-849865
-1.16833e+06
-1.0585e+06
-648969
-629609
-1.2686e+06
-645989
-675701
-642204
-1.13054e+06
-718571
-1.09359e+06
-1.01005e+06
-1.53618e+06
-1.21619e+06
216361
201297
351291
235061
-45023.6
-70758.1
-361578
9530.39
-927456
-863078
-1.19338e+06
-1.07708e+06
-667249
-659485
-1.32468e+06
-683942
-687601
-660811
-1.16017e+06
-731402
-1.07996e+06
-1.00557e+06
-1.54196e+06
-1.20013e+06
216857
202513
330780
228346
-63448.7
-86067.6
-391380
-17524.9
-946108
-877414
-1.20082e+06
-1.08982e+06
-694408
-678003
-1.34425e+06
-698228
-741804
-708231
-1.23229e+06
-780908
-1.10361e+06
-1.03059e+06
-1.5874e+06
-1.21914e+06
181191
167199
280593
184776
-95196.4
-116685
-432930
-57118.7
-995676
-913141
-1.24204e+06
-1.14732e+06
-738949
-724156
-1.42182e+06
-753991
-789922
-746732
-1.33051e+06
-828861
-1.1591e+06
-1.08018e+06
-1.67504e+06
-1.28498e+06
194551
187642
326874
199670
-97838.1
-111150
-403831
-60458.3
-1.00979e+06
-913554
-1.22163e+06
-1.16033e+06
-769783
-742250
-1.44218e+06
-779390
-804076
-756891
-1.34609e+06
-847151
-1.19317e+06
-1.105e+06
-1.71543e+06
-1.31916e+06
192875
197578
347082
208239
-122501
-119233
-405361
-82835.4
-1.01362e+06
-920650
-1.22281e+06
-1.16564e+06
-778632
-737791
-1.45941e+06
-784560
-826553
-775139
-1.38609e+06
-866591
-1.21964e+06
-1.12553e+06
-1.7464e+06
-1.35013e+06
232085
221800
402054
252393
-81657.4
-87778.8
-348136
-28891
-1.0097e+06
-920232
-1.22258e+06
-1.15285e+06
-761522
-726654
-1.43506e+06
-754272
-814653
-769797
-1.36718e+06
-851064
-1.22692e+06
-1.12714e+06
-1.74551e+06
-1.34497e+06
222833
229302
392716
253946
-75657.6
-81163.1
-364378
-19409.4
-1.00865e+06
-923346
-1.26515e+06
-1.15459e+06
-758955
-729870
-1.47553e+06
-759124
-818784
-770318
-1.39114e+06
-851425
-1.20707e+06
-1.11359e+06
-1.75194e+06
-1.32153e+06
272655
267684
424176
301966
-59964.1
-81076.2
-369773
178.191
-1.00616e+06
-929192
-1.28794e+06
-1.14329e+06
-742179
-731774
-1.4579e+06
-738244
-820867
-778727
-1.40613e+06
-843570
-1.19735e+06
-1.12617e+06
-1.77631e+06
-1.31218e+06
313440
292770
462260
344169
-48937.4
-82299.5
-378118
8254.76
-1.00661e+06
-927386
-1.27087e+06
-1.15601e+06
-757829
-750182
-1.48498e+06
-760271
-805713
-769388
-1.42022e+06
-825220
-1.22205e+06
-1.15685e+06
-1.8277e+06
-1.34629e+06
333485
314041
494125
367177
-75723.4
-102004
-427562
-14460.3
-1.00655e+06
-916604
-1.24351e+06
-1.15444e+06
-785225
-769966
-1.52602e+06
-780794
-826207
-793426
-1.47094e+06
-850511
-1.26494e+06
-1.18285e+06
-1.89483e+06
-1.38182e+06
353500
328590
510689
390428
-100548
-134036
-476007
-57211.3
-995521
-917166
-1.20807e+06
-1.17071e+06
-780565
-763845
-1.5193e+06
-792659
-843964
-818144
-1.51223e+06
-876664
-1.274e+06
-1.2007e+06
-1.90442e+06
-1.41133e+06
374410
346675
538624
413290
-126697
-146333
-515892
-63004.6
-1.00831e+06
-913254
-1.16916e+06
-1.16681e+06
-779440
-755593
-1.48937e+06
-770804
-860146
-820747
-1.51861e+06
-890233
-1.29624e+06
-1.20877e+06
-1.90425e+06
-1.4221e+06
366046
348973
531243
412565
-148024
-179385
-598057
-91974.8
-997242
-911294
-1.17423e+06
-1.1825e+06
-774288
-763763
-1.52611e+06
-787308
-858727
-821903
-1.51641e+06
-896459
-1.29235e+06
-1.21453e+06
-1.92964e+06
-1.4265e+06
377524
347107
526791
413019
-152721
-173860
-607641
-89991.4
-1.01726e+06
-925036
-1.17331e+06
-1.1942e+06
-824730
-802404
-1.58671e+06
-833371
-883130
-849475
-1.52877e+06
-924799
-1.31521e+06
-1.23303e+06
-1.95747e+06
-1.44321e+06
319904
294364
447832
355224
-158595
-179789
-599219
-94811.7
-1.05675e+06
-954309
-1.20073e+06
-1.23073e+06
-888577
-863091
-1.68311e+06
-895191
-917643
-872272
-1.58116e+06
-948646
-1.36257e+06
-1.27242e+06
-2.01894e+06
-1.49478e+06
310266
277935
439933
334408
-152349
-179584
-587881
-98025.5
-1.06407e+06
-960427
-1.20662e+06
-1.24309e+06
-949160
-920908
-1.78754e+06
-958524
-936272
-897360
-1.6247e+06
-979034
-1.38435e+06
-1.29326e+06
-2.0492e+06
-1.51714e+06
270157
254138
399576
298123
-161364
-170021
-562076
-112328
-1.08745e+06
-979153
-1.22591e+06
-1.2816e+06
-986698
-938017
-1.85215e+06
-1.00034e+06
-949449
-901759
-1.63275e+06
-998413
-1.3931e+06
-1.29601e+06
-2.05571e+06
-1.5342e+06
256467
233144
377411
295294
-145955
-159037
-529025
-68609.2
-1.10674e+06
-1.00918e+06
-1.26339e+06
-1.27731e+06
-999403
-960989
-1.87223e+06
-992397
-960016
-915297
-1.62825e+06
-996147
-1.39818e+06
-1.29635e+06
-2.0524e+06
-1.51754e+06
219947
211081
323003
254311
-124449
-140639
-522929
-59910.3
-1.13266e+06
-1.0304e+06
-1.32373e+06
-1.32193e+06
-1.01664e+06
-978760
-1.93884e+06
-1.02787e+06
-955684
-904810
-1.62446e+06
-1.00071e+06
-1.37795e+06
-1.28202e+06
-2.04752e+06
-1.50901e+06
243472
227157
346922
262003
-97058.2
-117122
-473330
-48099.5
-1.12843e+06
-1.0188e+06
-1.31187e+06
-1.30971e+06
-1.00527e+06
-973166
-1.88759e+06
-1.02936e+06
-962082
-910918
-1.60571e+06
-1.02206e+06
-1.38526e+06
-1.29259e+06
-2.04294e+06
-1.52726e+06
226106
211814
343295
235869
-81745.8
-104049
-434218
-33705
-1.10938e+06
-996948
-1.27011e+06
-1.29226e+06
-1.01596e+06
-983458
-1.87046e+06
-1.04554e+06
-955196
-905744
-1.58561e+06
-1.01577e+06
-1.41638e+06
-1.32149e+06
-2.04558e+06
-1.57862e+06
222161
210312
370511
223210
-83242
-102055
-418966
-36773.1
-1.1004e+06
-988909
-1.25931e+06
-1.28133e+06
-1.04368e+06
-1.00158e+06
-1.86796e+06
-1.07747e+06
-991963
-940639
-1.62372e+06
-1.06384e+06
-1.4695e+06
-1.36182e+06
-2.0823e+06
-1.63693e+06
225611
223390
399099
246606
-67752.9
-84758.1
-389664
-4951.87
-1.08423e+06
-981197
-1.24228e+06
-1.25954e+06
-1.03499e+06
-988161
-1.84099e+06
-1.06724e+06
-994582
-941123
-1.6132e+06
-1.05804e+06
-1.48971e+06
-1.38367e+06
-2.08411e+06
-1.66265e+06
254465
235648
402442
286320
-23652.7
-55520.6
-376921
54765.4
-1.0542e+06
-954475
-1.22964e+06
-1.21779e+06
-1.01128e+06
-970327
-1.80688e+06
-1.03097e+06
-974884
-926781
-1.58373e+06
-1.03613e+06
-1.50985e+06
-1.40108e+06
-2.10307e+06
-1.68465e+06
222059
211860
337606
252646
-37712.8
-75684.5
-446374
41291.5
-1.03906e+06
-949161
-1.24442e+06
-1.20466e+06
-1.0218e+06
-990740
-1.86008e+06
-1.05691e+06
-973373
-923137
-1.59056e+06
-1.03666e+06
-1.52543e+06
-1.42047e+06
-2.12739e+06
-1.70775e+06
217842
201118
300425
233955
-52992
-77045.6
-485466
22140.2
-1.06095e+06
-957227
-1.259e+06
-1.21562e+06
-1.02655e+06
-980375
-1.84553e+06
-1.04773e+06
-971312
-906159
-1.55618e+06
-1.02683e+06
-1.55032e+06
-1.43159e+06
-2.13166e+06
-1.73009e+06
189861
171248
228790
219463
-20513.9
-56755.9
-473581
64686.1
-1.06257e+06
-961353
-1.27111e+06
-1.22981e+06
-1.01389e+06
-972850
-1.85407e+06
-1.0356e+06
-923189
-864628
-1.51198e+06
-975321
-1.57433e+06
-1.45305e+06
-2.17417e+06
-1.76116e+06
161798
146394
187731
177151
-20831.4
-52825.8
-472594
64448.5
-1.07164e+06
-962205
-1.26948e+06
-1.23275e+06
-1.01685e+06
-974933
-1.87122e+06
-1.03174e+06
-912967
-858563
-1.49246e+06
-974008
-1.58618e+06
-1.4606e+06
-2.19491e+06
-1.76498e+06
143384
128766
167299
178170
-5793.33
-45013.7
-442622
90969.3
-1.06913e+06
-975428
-1.26242e+06
-1.23329e+06
-986335
-948186
-1.83933e+06
-992484
-882010
-834711
-1.42746e+06
-935108
-1.5799e+06
-1.46338e+06
-2.182e+06
-1.76217e+06
166283
148398
176937
195874
39017.4
4842.97
-393201
138329
-1.06189e+06
-958183
-1.24737e+06
-1.22653e+06
-948293
-909993
-1.79018e+06
-953365
-848031
-800873
-1.35531e+06
-920299
-1.57369e+06
-1.4407e+06
-2.16076e+06
-1.75766e+06
128391
116453
141864
158131
42227
-6701.96
-394000
130059
-1.06458e+06
-973586
-1.26128e+06
-1.24841e+06
-928233
-906048
-1.77945e+06
-950258
-835814
-785087
-1.28518e+06
-913439
-1.54526e+06
-1.42962e+06
-2.1173e+06
-1.73953e+06
27176.9
7730.09
-191458
85402.9
-270405
-250508
-356340
-306066
185850
225684
933746
63292.4
703232
585767
307464
924809
-204705
-191062
-327775
-225552
131420
103987
-147482
223871
45723.6
20222.5
-174814
100089
-295047
-267331
-384089
-323477
162581
209048
915440
34796.7
669507
554317
246054
885974
-203214
-187958
-336681
-214470
144456
113665
-144982
241871
35114.2
10970.8
-193597
89178.9
-304393
-274028
-428481
-328426
168310
218113
936972
43847.7
662462
554478
229562
887043
-196610
-181512
-323998
-211625
129168
98135.8
-195483
227781
56452.6
24247.4
-156083
104203
-280627
-272760
-413614
-313504
175870
214920
951013
37439.2
673117
559430
249337
884762
-180188
-171019
-299049
-189961
134999
95140.5
-194831
234678
31322.7
11197
-157607
68745.6
-329678
-316174
-484239
-373249
137379
178326
911229
-1380.27
634932
540693
227421
845855
-184385
-180510
-323507
-192633
115978
77148.2
-232480
211617
41347.4
12606.3
-143713
69551.7
-345474
-340713
-516461
-385281
102931
145861
853556
-43035.2
665503
552558
249198
874641
-197868
-187298
-359613
-204726
111317
67112.9
-254805
207338
13916.6
-13546
-151370
52193.7
-397016
-375899
-588701
-435646
84195.2
134670
849940
-68947.2
660250
538806
243697
869450
-212017
-208616
-374436
-231602
85117.3
39183.6
-286815
176482
-33229.1
-44828.4
-210871
-3211.68
-442152
-407171
-646967
-481892
40937.9
104022
822725
-117120
620094
509154
178109
837271
-227835
-214743
-392245
-244520
76982.7
40113.5
-285551
168844
-22254.8
-32019.2
-179572
7445.13
-452108
-411628
-643927
-494059
34851.2
104052
856242
-126067
622926
517133
155932
851277
-213342
-199172
-344888
-232908
79813.3
48714
-264201
168167
-49071.1
-54968.4
-206472
-26286.7
-462352
-424519
-670122
-501942
3473.31
71332.2
822380
-168394
626282
520910
130736
850180
-212127
-190081
-331408
-223910
75557.2
48072.7
-235685
152473
-52830.1
-50385.6
-204941
-15847.7
-461332
-428500
-693533
-500097
-20583.2
45551.1
787617
-191487
631287
532492
119377
881477
-170489
-157073
-280954
-170496
98857.8
66630.7
-170631
176582
-37845.8
-42562.2
-209746
-8505.08
-460124
-431391
-719262
-482580
-57994.1
17835.4
730997
-226738
674598
562175
122257
932205
-157157
-139470
-277292
-154300
110332
83977.4
-153759
191914
-22585
-38450.3
-182089
17389.2
-464745
-429190
-757207
-475869
-18037.6
55565.9
762916
-172453
679323
545641
110606
929751
-135130
-125719
-256966
-131131
124439
95639.7
-158051
222499
11501.8
-7882.83
-149521
54080.2
-420055
-387694
-711799
-425690
22592.8
96378.7
815402
-123867
667037
529321
72629.1
915259
-104839
-101974
-237621
-93792.8
185569
147720
-77621.2
285470
23444.8
292.035
-141612
55674.8
-390930
-365967
-682743
-390981
66853.4
131435
866725
-79084.2
661626
533668
55632.3
919597
-99827.9
-99868.2
-235926
-91507.4
192215
153438
-87064.6
296554
12568.8
-20226.8
-143115
30887.8
-391589
-384578
-707732
-411401
80291.3
138927
882360
-81378.8
668105
535182
64747.6
894017
-106906
-114126
-256545
-104240
199923
152341
-74205.2
284848
-30100.1
-38512.6
-174249
-7152.39
-415144
-395128
-751919
-429492
100488
163019
925947
-45731.4
650151
540846
100146
892664
-113839
-112124
-273149
-95480.6
198905
161720
-52341.5
291701
-22177.7
-39187.2
-165117
-17821.9
-412487
-402663
-764301
-419121
110261
179863
933042
-28879.7
692822
572974
148886
931897
-110572
-107175
-291178
-96040
225177
188097
-9820.3
313895
-22241.3
-33771.4
-132648
2129.1
-394544
-385580
-735497
-404700
177603
225532
1.01151e+06
29542.2
700992
574427
148910
949678
-88268.8
-92065.3
-243636
-70736.1
227797
178231
-2904.09
319694
-36743.4
-40880
-175329
-772.868
-404695
-383417
-710396
-411659
174175
230735
1.03062e+06
38221.2
683614
566162
94196.5
952780
-91571.7
-92628.9
-241932
-71745.9
223951
182242
-14401.6
328025
-6493.36
-20822.2
-157239
30261.3
-363426
-349109
-638978
-381944
214631
264862
1.09301e+06
71808.8
718643
590668
85995.5
999650
-81741.5
-91240.1
-219236
-69607.6
228073
175138
-45923
328978
21970.5
13666.3
-113482
59078.8
-351461
-339123
-580018
-379235
239518
290312
1.15351e+06
91177.9
751005
626878
96906.2
1.02976e+06
-81218.3
-75106.1
-198145
-65759.5
229588
179348
-38786.2
320148
27898.9
20480.6
-105282
85263.6
-365851
-350153
-595256
-388739
249638
286371
1.16427e+06
110273
759257
635314
96368
1.06773e+06
-66208.5
-68125.5
-180674
-36542.6
213380
162135
-61256.7
319344
78500.9
66176
-56576.3
126405
-349105
-334895
-539680
-371425
236077
289194
1.15249e+06
100546
820760
686012
133563
1.1348e+06
-53000.5
-47470.9
-165303
-29231.8
215982
168434
-70456.8
317913
94478.7
76871.7
-15017.5
129345
-372444
-348847
-571912
-404939
259310
311841
1.19505e+06
119388
833792
676122
140077
1.13291e+06
-37922.1
-42637.1
-131665
-35958.5
203155
156557
-87549
300874
105501
84147.8
9804.74
139383
-369244
-333676
-552112
-394943
263638
323891
1.22108e+06
124362
822432
671425
137833
1.1173e+06
-53663
-57563.4
-147016
-51680.3
226044
178225
-45983.2
324932
74076.5
57227.6
-27493
103754
-371030
-338761
-574159
-400208
270517
329768
1.23734e+06
126197
797232
652028
108353
1.09017e+06
-74582.1
-77250.7
-161776
-79426.5
200234
149463
-94254.5
289776
59174.2
41377.1
-54280.3
92104.2
-370236
-353148
-593012
-394522
271978
322084
1.23397e+06
128534
792660
646798
104497
1.08095e+06
-81090.3
-78957
-165479
-69320.5
200164
153149
-70939.1
299985
47379.7
27370.7
-95453.1
92434.4
-375465
-354462
-640982
-391864
282302
329721
1.21478e+06
153651
790164
654638
97008
1.09529e+06
-56642.1
-66043.1
-179097
-30392.2
224079
175453
-44086.7
329135
33577.7
7978.29
-161500
66898
-370374
-363055
-674532
-377157
261148
309057
1.15376e+06
140409
816730
664410
96904.7
1.12046e+06
-76656
-85020.4
-248039
-55874.2
246150
198280
-22775.2
355036
20398.6
7812.82
-167140
80079.1
-396765
-373354
-705351
-406902
293668
340821
1.17861e+06
172250
801112
648864
66754.4
1.11987e+06
-83155.1
-89130.1
-257835
-69138.1
259147
218925
-8163.55
377480
48076.2
36194.7
-198596
123729
-379434
-356249
-688357
-384214
314395
362956
1.19738e+06
202883
790665
643953
-11226
1.12725e+06
-66099.6
-73205.4
-260275
-41043.3
335427
285305
74502.9
461763
58160.9
36745.5
-221613
135315
-377611
-350249
-678072
-389035
334462
377204
1.20747e+06
218355
800737
647078
-68985.3
1.14722e+06
-46544.6
-55135.9
-222188
-25173.7
359234
302736
93142.9
482702
71481.4
37003.6
-252186
165182
-366934
-358660
-663108
-379876
353715
377778
1.22832e+06
238222
822923
659929
-81660.2
1.17591e+06
-27889.7
-39856.8
-181817
7487.55
399778
334826
172016
530686
90809.5
58538.5
-268708
186697
-366550
-352761
-672246
-386513
354672
389226
1.22434e+06
233130
843234
693151
-72064.1
1.20781e+06
2428.91
-14038.9
-158593
35581.6
432066
366384
225397
549695
95475.7
53277
-276932
183628
-383345
-376575
-676169
-404586
350532
384653
1.24199e+06
229347
896886
728596
-20955.1
1.26737e+06
-2266.28
-15037.3
-149207
26224.5
455387
393408
290503
576282
425361
281267
-757107
760500
38943.9
40514.4
120954
29158.3
50104.2
8592.05
-426189
166039
-479997
-450452
-840510
-485927
-1.07079e+06
-1.02064e+06
-1.80987e+06
-1.12065e+06
-76127.1
-95036.6
-419197
-11838.4
437903
294440
-765379
784466
26617.6
20436.1
94905
15815.2
27023.5
-10723.3
-487040
148227
-482083
-456662
-854973
-499999
-1.11766e+06
-1.05898e+06
-1.89052e+06
-1.16786e+06
-84432.1
-102606
-416050
-36856.5
466831
319752
-758286
824163
16142.5
24279.9
80501.3
13217.2
26859.5
-14355.7
-514741
152796
-502329
-469538
-876822
-519494
-1.14602e+06
-1.08817e+06
-1.97265e+06
-1.18695e+06
-72718.2
-82097.2
-371470
-18019.2
526392
363784
-689986
874965
62482.8
59576.6
138806
50961.2
38080.5
-18833.8
-551487
168098
-500691
-483713
-872111
-520259
-1.13672e+06
-1.09398e+06
-1.99821e+06
-1.18916e+06
-52959.5
-78108.4
-331878
-17168.6
533015
382445
-657984
887370
72885
81764.2
188376
66806
37709.3
-17282.4
-572328
172060
-543834
-523519
-944345
-574799
-1.17322e+06
-1.1247e+06
-2.04118e+06
-1.22326e+06
-98285.7
-103512
-359152
-67277.7
578024
405103
-620044
918532
93597.6
77860.2
175990
79794.2
44160.2
-18797.7
-582333
173098
-569311
-559919
-1.0024e+06
-610438
-1.17989e+06
-1.13712e+06
-2.06884e+06
-1.24394e+06
-86878
-108934
-336535
-76900.7
535059
361000
-683165
884424
45124
35588
122419
30910.5
-1891.51
-61420
-627093
126934
-618442
-592773
-1.04592e+06
-644955
-1.20848e+06
-1.16487e+06
-2.11265e+06
-1.26535e+06
-125577
-147529
-361743
-105913
499813
334387
-746259
859984
-35047
-40066.1
29819.4
-63974.8
-64601.3
-114490
-728143
64375
-660493
-620570
-1.11244e+06
-697440
-1.26933e+06
-1.21184e+06
-2.19202e+06
-1.32307e+06
-206008
-207894
-474602
-184284
484968
327526
-793198
856312
-81962.9
-65288.6
9162.69
-113329
-77979.7
-122170
-751170
53444.5
-657648
-611607
-1.08292e+06
-695177
-1.28352e+06
-1.21856e+06
-2.20766e+06
-1.33002e+06
-209984
-204880
-481543
-182908
485491
329406
-822672
850616
-102217
-71703.5
6529.42
-147309
-105961
-148490
-807132
20898.5
-686699
-642720
-1.11352e+06
-724912
-1.29184e+06
-1.22345e+06
-2.25916e+06
-1.33404e+06
-250014
-250675
-562037
-236256
500941
347105
-801196
887345
-90173.1
-52051.5
82791.6
-127204
-84323.2
-130122
-777310
52028.2
-690710
-651242
-1.13812e+06
-723862
-1.25545e+06
-1.19922e+06
-2.22785e+06
-1.28109e+06
-274670
-268845
-609523
-251384
544218
380341
-783371
929732
-71955.2
-42442
93089.2
-116325
-62597.3
-107772
-753085
77475.6
-703602
-667821
-1.19247e+06
-732850
-1.24794e+06
-1.19531e+06
-2.249e+06
-1.27804e+06
-280764
-284452
-648326
-262202
537077
367275
-805009
933206
-43504
-29455.9
108395
-72940.9
-55722.1
-103025
-739171
87286.7
-697864
-657808
-1.18975e+06
-715700
-1.27059e+06
-1.2217e+06
-2.30354e+06
-1.29739e+06
-278334
-283553
-643703
-244508
561909
386773
-797269
967742
-42837.2
-37104.7
75978.6
-72092.4
-40939.4
-87667.1
-721315
103059
-657269
-618965
-1.12893e+06
-683893
-1.2621e+06
-1.20547e+06
-2.28947e+06
-1.28058e+06
-279507
-282737
-634936
-259143
573348
400996
-821599
992613
-51410.9
-36717.2
52510.5
-68294.5
-32027.7
-83526.3
-706086
109761
-648606
-609559
-1.09509e+06
-685186
-1.25858e+06
-1.20965e+06
-2.30193e+06
-1.27684e+06
-273745
-268331
-607487
-253710
589600
398051
-845889
978981
-41509.3
-36739.1
36758.2
-86897.8
-35458.6
-84334.5
-725361
100041
-659173
-632894
-1.08787e+06
-705454
-1.26483e+06
-1.22086e+06
-2.3368e+06
-1.30231e+06
-271166
-277884
-598838
-281703
604197
433898
-783028
1.0222e+06
-38249.5
-14280
85088.3
-62004.8
8922.27
-36730
-651829
164158
-689573
-647164
-1.11187e+06
-738881
-1.26242e+06
-1.2154e+06
-2.31848e+06
-1.28213e+06
-292152
-270722
-563552
-285464
643955
455134
-762400
1.04321e+06
-20034.5
-10692.9
68060.4
-53327.2
52917
1231.78
-593243
201623
-698468
-665182
-1.12765e+06
-764936
-1.26172e+06
-1.21346e+06
-2.33096e+06
-1.28869e+06
-263236
-257478
-524685
-282002
614595
424910
-797726
1.02677e+06
-3243.5
-4261.03
91344.1
-26450
45816.3
-18239.8
-587670
179040
-679983
-642561
-1.05883e+06
-730310
-1.26617e+06
-1.22202e+06
-2.33761e+06
-1.30002e+06
-261001
-257303
-484116
-267803
582948
402151
-863149
1.01047e+06
-53247.3
-44222.5
26357.4
-71639.1
-15484.2
-70829.5
-669644
126540
-666650
-625979
-1.04064e+06
-708030
-1.30778e+06
-1.25576e+06
-2.36162e+06
-1.34057e+06
-274439
-264128
-505102
-265353
585677
396389
-912552
1.02457e+06
-52820.9
-46541.1
19782
-71416.4
-33563.5
-88580.7
-710219
102266
-636851
-600009
-1.00333e+06
-682901
-1.32199e+06
-1.26925e+06
-2.37024e+06
-1.36442e+06
-256049
-246847
-493917
-250118
585977
401087
-949060
1.00919e+06
-40300.8
-26829.8
35040.7
-76252.3
-72779.7
-117410
-770672
60584.2
-613847
-578304
-948280
-661934
-1.361e+06
-1.29387e+06
-2.41048e+06
-1.41007e+06
-256668
-250726
-501235
-263672
595320
413655
-928039
1.05189e+06
-15018.9
5856.26
99771.4
-17587.9
-70063.7
-124022
-779082
72270.6
-615371
-589112
-964120
-649331
-1.36703e+06
-1.31053e+06
-2.41269e+06
-1.40793e+06
-263822
-260864
-521227
-255085
631843
438777
-918834
1.0754e+06
16604.3
23463.9
108298
-412.243
-70971.6
-120087
-776534
66981.4
-605344
-576704
-972808
-642588
-1.3781e+06
-1.3132e+06
-2.40112e+06
-1.4366e+06
-268940
-269507
-540857
-271636
615413
414150
-948502
1.05188e+06
5551.5
6726.71
112636
-29095.3
-65164.1
-115060
-743261
57638.4
-595812
-553770
-949952
-636722
-1.3578e+06
-1.29589e+06
-2.35243e+06
-1.42344e+06
-267042
-260896
-533901
-260693
604762
407990
-944417
1.04351e+06
-41898.2
-34673
92259.1
-87814.9
-51864.2
-98302.7
-684650
71205.7
-580607
-539487
-918119
-623400
-1.34299e+06
-1.27253e+06
-2.29599e+06
-1.40785e+06
-266082
-256103
-516027
-260920
576966
383077
-996239
1.01595e+06
-98934.8
-78681.2
59681.2
-160271
-37176.8
-77720.9
-637787
80587.5
-587126
-544355
-930519
-629717
-1.31128e+06
-1.24179e+06
-2.24938e+06
-1.3717e+06
-262902
-252346
-528149
-257263
574327
377945
-1.00812e+06
1.00722e+06
-125857
-99265.1
46820.4
-194630
-12117
-62018.2
-589889
105028
-583639
-551644
-931283
-615226
-1.25906e+06
-1.20321e+06
-2.18424e+06
-1.32354e+06
-256607
-259903
-535620
-250427
578872
388470
-996728
1.0289e+06
-120800
-84235.5
90927.6
-174435
29809.5
-18399.6
-526169
159065
-576443
-556671
-970036
-604637
-1.22414e+06
-1.16718e+06
-2.12191e+06
-1.27212e+06
-249167
-240777
-541591
-234577
590076
385583
-1.00665e+06
1.02184e+06
-127325
-102122
50023.6
-195326
77883.6
22086.5
-458620
204220
-595460
-576693
-1.03387e+06
-625753
-1.18122e+06
-1.13254e+06
-2.06724e+06
-1.23521e+06
-219495
-228248
-509651
-211956
551159
361821
-1.04019e+06
1.00381e+06
-133674
-103079
48349.8
-189719
73748.4
21864.4
-454122
209283
-612149
-571040
-1.02201e+06
-630396
-1.1879e+06
-1.13523e+06
-2.04627e+06
-1.2346e+06
-218758
-212699
-487800
-182460
551975
366925
-1.08222e+06
1.01905e+06
-150239
-121002
-9609.58
-203652
79041.1
33306.9
-472705
222793
-574797
-537325
-995350
-596892
-1.189e+06
-1.12688e+06
-2.04889e+06
-1.22296e+06
-185775
-180817
-486601
-147063
571483
377896
-1.1043e+06
1.04601e+06
-160881
-128378
-45097.1
-211492
96632.5
45881.3
-469994
238946
-551450
-511215
-945855
-575903
-1.1734e+06
-1.11476e+06
-2.0321e+06
-1.2124e+06
-139977
-136148
-449161
-87956.3
583779
379500
-1.11193e+06
1.0533e+06
-152873
-125828
-49843.2
-198676
122854
61582.6
-451077
272704
-528129
-508415
-902140
-545717
-1.16019e+06
-1.11697e+06
-2.02481e+06
-1.20936e+06
-79152.8
-99999
-390118
-26005.3
604813
411600
-1.08885e+06
1.08275e+06
-129999
-95440.3
-24290.5
-174756
161628
102716
-397347
306281
-519675
-494686
-898335
-548420
-1.14534e+06
-1.09191e+06
-1.98549e+06
-1.19798e+06
-35090.2
-42445.5
-323318
21052
630220
416929
-1.04723e+06
1.08993e+06
-124128
-106246
-23523.3
-176169
204319
141416
-308119
350251
-530673
-514720
-900572
-569217
-1.14301e+06
-1.09747e+06
-1.95742e+06
-1.2072e+06
12184.9
-10351.3
-243787
58582.4
-247.487
-4218.6
-1607.96
-222.739
-107514
-66417.1
269163
-205014
-166599
-228587
-1.13041e+06
9034
239395
232306
425530
251825
114375
25515.9
-792944
333758
-630140
-653109
-1.76801e+06
-508804
-5885.25
-12455.7
1956.56
-20323
-136474
-103334
211445
-251900
-135467
-203341
-1.10539e+06
31158.7
233887
222294
397641
237105
111515
11605.7
-852347
334068
-658201
-688844
-1.87261e+06
-537394
-34320.1
-31783.7
-23148.6
-46577.8
-166935
-120630
174363
-277692
-122090
-186432
-1.07812e+06
51080.7
244880
237603
420213
254392
102986
8379.22
-912785
337031
-668925
-693238
-1.92493e+06
-532915
-32415.9
-27826.8
7952.12
-56384.7
-165605
-117340
200734
-272123
-78225.8
-148313
-994537
97353.8
278762
265085
468035
307132
133691
32898.1
-886391
379501
-661377
-699543
-1.94279e+06
-512807
-52071.3
-39553.4
2011.01
-69531.2
-185039
-141217
169986
-296609
-84735.4
-149410
-988648
92126.8
296271
272906
462032
314967
130793
32244.8
-892333
370650
-685395
-727669
-2.01886e+06
-549191
-28846.4
-18117.5
18548.1
-55346
-191585
-144099
144474
-300168
-57990.5
-128397
-972345
105781
297437
277114
461681
317379
157733
58130.5
-881086
414172
-709075
-753698
-2.07245e+06
-561335
-31232.9
-44629
12715.9
-66453.2
-194896
-154137
135563
-311383
-84731.9
-159566
-1.00407e+06
85031
284509
260432
434462
311045
138326
25373.1
-933355
386489
-752311
-786661
-2.11835e+06
-603984
-77546.3
-80176.7
-10153.3
-119901
-233926
-188124
108090
-368277
-103523
-169458
-1.04589e+06
74944.1
268134
253894
393846
295404
84413.7
-27690.3
-1.01854e+06
323013
-799786
-826137
-2.22134e+06
-655451
-98785.6
-88944.8
-12715.9
-140743
-252642
-194428
125706
-390099
-102966
-168565
-1.05611e+06
77543.5
305453
289919
453875
331543
46338.8
-55036.2
-1.07539e+06
284280
-806744
-831065
-2.2342e+06
-666652
-128863
-106984
-36010.8
-178673
-260843
-189288
146276
-389265
-117433
-183347
-1.08418e+06
63246.5
315061
300047
458588
360796
17846
-64602
-1.09326e+06
261568
-809810
-829205
-2.23347e+06
-652055
-101574
-81271.3
16853.9
-133129
-238189
-176845
187812
-363346
-126721
-193615
-1.11952e+06
71732.4
374202
349807
509601
429991
32677.5
-57770.6
-1.05768e+06
279512
-796355
-820126
-2.23085e+06
-643051
-72990.4
-46229.2
35247.9
-106592
-225646
-152110
205286
-343174
-129222
-196683
-1.17122e+06
61989.9
408918
386888
546086
472175
46018.5
-35714.5
-1.05139e+06
304392
-789327
-814775
-2.22997e+06
-624612
-55903.2
-54595.7
47825.2
-92991.6
-166528
-115611
258861
-286535
-141339
-220861
-1.20888e+06
48627
421267
385754
558155
473824
81475
-23389.7
-1.04198e+06
339283
-773743
-814663
-2.2487e+06
-608221
-54307.2
-54382.9
87680.5
-105351
-143647
-100941
310080
-278701
-136043
-216062
-1.20835e+06
52883.1
434668
399732
586768
484231
95524.5
-25035.1
-1.04182e+06
341675
-776643
-823091
-2.29835e+06
-613747
-77916.1
-65671.1
76095.3
-133694
-146474
-96621.2
340841
-289968
-151644
-223995
-1.23105e+06
32940.6
455481
422991
641055
492439
66309.6
-45348.9
-1.08621e+06
314846
-791895
-839940
-2.34392e+06
-632021
-94914.2
-80652.6
87051.2
-182113
-142541
-81724.6
397675
-293099
-157948
-235971
-1.21699e+06
12373
450405
407799
654117
484010
48035.9
-54785.9
-1.09713e+06
288657
-809750
-862861
-2.35572e+06
-658463
-104398
-71139.9
145581
-168817
-118897
-54412.6
489061
-268264
-188052
-253517
-1.22395e+06
-5982.83
442956
409423
664608
474937
54424.6
-40906.1
-1.04879e+06
296922
-842386
-882534
-2.39787e+06
-691796
-86914
-57151.2
159658
-177802
-95419.8
-23005.7
546632
-255164
-195171
-255187
-1.24563e+06
-35312.9
448425
421826
699321
468711
70269.4
-22632.4
-1.0207e+06
310074
-846897
-888660
-2.40466e+06
-696452
-85685.1
-61269.4
177216
-165477
-87490.3
-26991.7
571205
-251425
-169849
-241980
-1.18502e+06
4577.1
426954
399884
708365
449073
76538.7
-32282.3
-1.02744e+06
314795
-852344
-895852
-2.39981e+06
-699800
-101780
-74550.3
166420
-179232
-138179
-74237.7
493622
-298441
-161559
-229726
-1.18258e+06
26777.4
385523
365575
648571
404134
23307.7
-85350.6
-1.13231e+06
266627
-905806
-944012
-2.48363e+06
-755095
-100860
-75012.7
166203
-179812
-165428
-101914
445282
-333622
-134729
-209263
-1.15869e+06
55117.6
382753
361165
668908
390250
-2625.49
-114504
-1.20837e+06
237391
-915901
-955206
-2.50976e+06
-775630
-108799
-64059.6
169294
-190531
-180259
-93700.1
428534
-336429
-127142
-193983
-1.13612e+06
60218.6
348452
336564
629467
365222
-14516.2
-103801
-1.21827e+06
237755
-929370
-957100
-2.50634e+06
-777627
-84725.5
-45772.4
196665
-135682
-150586
-90371.1
439448
-279293
-127464
-205888
-1.16208e+06
78802.1
339148
318274
585758
359897
4063.74
-96238.6
-1.20646e+06
276422
-945546
-985079
-2.55594e+06
-790739
-55752.5
-16980.5
212297
-123138
-171930
-94499.2
367736
-301901
-125966
-196575
-1.17254e+06
65774.4
316782
303972
561514
326531
13309.9
-81035.1
-1.22387e+06
287943
-960587
-990263
-2.56602e+06
-803620
-22946.3
3166.42
258932
-91232.3
-137082
-72165.9
404236
-274517
-115631
-187352
-1.15993e+06
79024.8
311932
301959
573633
318186
25561.2
-81395.8
-1.21866e+06
282392
-958741
-984967
-2.53653e+06
-814340
4756.71
30666.5
333301
-71387.4
-137620
-72222.5
433234
-288830
-80897.3
-159838
-1.12627e+06
114797
317386
309040
589860
319547
34566.9
-76910.6
-1.18382e+06
279404
-964267
-990012
-2.54347e+06
-828573
11166.6
39006.1
352319
-64412.5
-143929
-77329.9
457127
-303152
-85189.4
-166576
-1.14933e+06
113051
318974
304117
609730
307026
5554.32
-98859.2
-1.19514e+06
240423
-968374
-994574
-2.5326e+06
-842651
45432.3
73792.2
412897
-24194.4
-132523
-55370.7
503350
-272542
-70022
-152893
-1.13479e+06
140677
317502
306057
621772
329836
13818.3
-80360.6
-1.14631e+06
263257
-973293
-1.0017e+06
-2.52161e+06
-827178
106763
134473
500801
54919.6
-89449
-29364.7
544739
-226486
-58776.8
-147772
-1.1527e+06
161127
351655
334510
635559
361470
48147.6
-53288.3
-1.09379e+06
297324
-972946
-1.00502e+06
-2.55982e+06
-842029
160215
180233
556411
104626
-81665.2
-14532.5
553938
-216078
-56104
-143113
-1.17789e+06
157128
359712
345214
663162
366727
69618.9
-27562.3
-1.06334e+06
323493
-996111
-1.03003e+06
-2.57903e+06
-860953
174392
185050
569212
134283
-63464.2
-5228.35
561390
-203546
-77524.4
-161839
-1.19243e+06
149984
359510
352328
676431
369288
54353.2
-52970.1
-1.09721e+06
303961
-1.02594e+06
-1.04192e+06
-2.61655e+06
-887959
214615
222300
588263
186536
-69418.8
-15691.4
517649
-212092
-44696.2
-128448
-1.19544e+06
196561
398164
386726
694826
412075
47328.1
-63840.4
-1.16351e+06
307312
-1.01896e+06
-1.03768e+06
-2.6727e+06
-877689
243831
248866
600462
227867
-67349.8
-13976.7
510863
-212193
-27455.5
-118193
-1.2015e+06
216473
434426
419587
756073
447578
19603.1
-90487.7
-1.23823e+06
275719
-1.01759e+06
-1.04224e+06
-2.69594e+06
-878705
279744
276159
633661
270871
-59324.1
-6039.4
531911
-181332
-10235.4
-112322
-1.1872e+06
241464
461063
432836
788409
491139
18325.4
-86030.9
-1.23794e+06
295842
-1.01292e+06
-1.04934e+06
-2.69387e+06
-855985
338962
342416
707535
339505
-38342.2
16309.4
538644
-166924
-2076.07
-98085.6
-1.18813e+06
252221
506515
477249
821688
534646
46691.7
-57409.3
-1.20993e+06
318527
-1.02013e+06
-1.04666e+06
-2.72491e+06
-877669
389287
383400
767813
382833
-22333.3
33622.9
572100
-148321
-473.054
-98537.5
-1.19259e+06
241097
527018
498842
870236
551103
72765.5
-30083.9
-1.1628e+06
352466
-1.01294e+06
-1.04532e+06
-2.69488e+06
-870096
-85944.6
-148273
-1.03482e+06
108251
520210
495003
867667
554896
1.11748e+06
1.01388e+06
1.24367e+06
1.3233e+06
479761
397428
117286
666135
232337
99709.1
-958562
544797
-39635.5
-8497.3
354582
-129638
-71599.5
-143851
-1.02763e+06
111171
520344
482624
864990
539069
1.16771e+06
1.05913e+06
1.30586e+06
1.37182e+06
463442
387720
55226.5
656862
161390
37016.3
-1.12232e+06
475363
-78622.5
-37267.4
321333
-179327
-52256.6
-119173
-1.00654e+06
139115
495895
475136
841079
517617
1.20611e+06
1.09651e+06
1.3529e+06
1.41468e+06
469233
381844
19907.9
659282
113520
-19942.5
-1.2478e+06
417242
-112177
-73589.3
272658
-217614
-34868.8
-109857
-964715
154221
498727
468915
870651
514500
1.22695e+06
1.11041e+06
1.37059e+06
1.44366e+06
447113
371043
-17339.7
650992
26853.1
-82819.9
-1.35172e+06
337674
-110787
-64315.6
322191
-213540
-58740.8
-132500
-994747
121519
458606
427207
798423
466321
1.26244e+06
1.13775e+06
1.38282e+06
1.483e+06
440471
355578
-64974.6
637826
-13488.1
-135976
-1.4758e+06
288115
-134305
-84369.2
291226
-247842
-46999.3
-121154
-953936
131658
429681
405129
775336
431101
1.29304e+06
1.16437e+06
1.41665e+06
1.5228e+06
429968
348214
-73010.2
631532
-75997.7
-197609
-1.573e+06
227251
-138894
-87561.7
347970
-270223
-34012.5
-98763
-928484
156614
443276
430163
842867
447338
1.31601e+06
1.18601e+06
1.4715e+06
1.5404e+06
468270
377613
-18373.5
671804
-60878.4
-176166
-1.57866e+06
263259
-133841
-78635.2
354929
-257842
-24449.6
-107428
-955214
156598
479762
454447
899647
479058
1.35374e+06
1.21742e+06
1.53509e+06
1.57834e+06
483482
393291
-22580.7
692822
-41565.9
-167062
-1.62064e+06
286117
-123095
-70921.4
352677
-245022
-29146.9
-101963
-969566
159166
489360
474677
943360
485677
1.36842e+06
1.23852e+06
1.58371e+06
1.58503e+06
495832
397822
-22026.4
699153
-27161.4
-154815
-1.62702e+06
298886
-136739
-81029.5
331282
-259741
-20311.6
-87370.1
-967249
180763
499048
480618
967819
496383
1.37438e+06
1.25531e+06
1.61694e+06
1.59012e+06
480173
401458
-53382.3
698200
-21650.9
-129786
-1.60872e+06
313101
-86774.7
-19393.1
412240
-195167
2921.77
-80572
-970050
192090
538176
512385
1.01825e+06
533270
1.43531e+06
1.29861e+06
1.69631e+06
1.64865e+06
542963
445760
-1447.45
760729
65976.6
-72031.6
-1.53967e+06
401642
-19600.3
29494.1
478560
-132677
9010.66
-69276.7
-948608
204533
544397
525986
1.05094e+06
533429
1.43467e+06
1.30489e+06
1.74253e+06
1.64141e+06
554326
462372
39771.9
769812
78703.1
-55252.6
-1.50166e+06
415714
2142.53
48830.7
543465
-121690
26642.4
-47891.6
-918159
238400
562431
555068
1.10832e+06
562923
1.45064e+06
1.3222e+06
1.78014e+06
1.66623e+06
595799
491337
125161
811233
123464
-20696.3
-1.4543e+06
488090
-11612.8
32379.1
518850
-130192
23028.3
-54080.9
-948700
234234
594163
580381
1.16058e+06
592902
1.47621e+06
1.34892e+06
1.82104e+06
1.69575e+06
603540
506400
124355
832863
137032
-6238.8
-1.4748e+06
512950
-52832.2
1128.54
465194
-176838
33051.6
-51279.4
-966186
255186
626931
612351
1.2166e+06
634006
1.48242e+06
1.33934e+06
1.81904e+06
1.69584e+06
628129
510160
132841
842919
195070
41739.1
-1.42828e+06
572368
-81148.3
-33263.7
419046
-206141
34681.5
-50266.8
-968130
249094
642732
614174
1.25047e+06
631108
1.45371e+06
1.31955e+06
1.79636e+06
1.65887e+06
609732
507047
127657
831722
226798
78305
-1.35253e+06
603792
-73715.9
-20519.5
464077
-206470
16047.8
-61388.9
-988267
235341
631977
608857
1.24719e+06
621270
1.45846e+06
1.32577e+06
1.78701e+06
1.66944e+06
626049
525135
154743
841285
295844
145810
-1.27344e+06
680027
-91717.4
-29199.3
455031
-229706
34830.7
-49561.1
-969209
254029
635759
616480
1.24969e+06
635961
1.48076e+06
1.34601e+06
1.81841e+06
1.69391e+06
624095
515414
169226
835207
361378
200854
-1.16196e+06
755427
-83886.2
-23256.7
510834
-233028
6997.53
-78549.7
-1.03625e+06
245523
628368
612423
1.21302e+06
640211
1.4643e+06
1.32652e+06
1.77768e+06
1.69034e+06
595643
484203
116509
811841
346320
172816
-1.23242e+06
759623
-132686
-73820.5
445093
-274649
-28459.6
-111346
-1.14062e+06
205782
669561
648253
1.24078e+06
684189
1.47913e+06
1.35152e+06
1.77551e+06
1.71455e+06
558359
460619
19881
785265
318336
150469
-1.32599e+06
733448
-147158
-80293.4
424005
-296169
-30590.1
-120507
-1.19285e+06
213860
708295
681436
1.26128e+06
736394
1.52089e+06
1.3809e+06
1.81147e+06
1.75746e+06
564145
450108
-30759.9
785358
331970
156174
-1.35251e+06
742431
-164627
-103120
388469
-312101
-39575.4
-136071
-1.23192e+06
217533
738276
695674
1.2666e+06
767845
1.53095e+06
1.38824e+06
1.79903e+06
1.78555e+06
528881
426927
-94504.8
764636
315294
148866
-1.3553e+06
732452
-134417
-69775.2
448709
-269712
-105752
-191432
-1.35933e+06
146522
718379
675278
1.20375e+06
755500
1.54363e+06
1.39982e+06
1.7612e+06
1.80839e+06
494084
390759
-185047
728559
292218
125391
-1.43394e+06
709970
-163317
-88814
406726
-309992
-105020
-196183
-1.39338e+06
158295
731001
693444
1.18855e+06
786084
1.56986e+06
1.41891e+06
1.76472e+06
1.84416e+06
479915
371047
-228555
720953
312030
142239
-1.4099e+06
740460
-159117
-93014.9
431817
-318400
-88157.1
-189995
-1.4101e+06
180482
748566
708673
1.21117e+06
808051
1.56377e+06
1.41033e+06
1.74786e+06
1.83564e+06
507051
394772
-170264
753221
338459
157419
-1.39759e+06
783265
-123581
-59433
479022
-265342
-102873
-196517
-1.46761e+06
174943
751532
712136
1.19331e+06
817237
1.56253e+06
1.42056e+06
1.75317e+06
1.83961e+06
516277
418615
-166123
780767
333703
162772
-1.4539e+06
795888
-107617
-29791.1
510612
-249024
-95343.4
-202917
-1.51116e+06
177722
734333
696783
1.15416e+06
790410
1.56835e+06
1.4154e+06
1.75802e+06
1.82816e+06
546943
429598
-145572
791390
355609
170802
-1.46695e+06
803712
-88419.5
-26425.3
535063
-237732
-87012.3
-186093
-1.5075e+06
205320
724159
686861
1.16034e+06
778225
1.54975e+06
1.40698e+06
1.74854e+06
1.81637e+06
553744
454728
-109381
817007
371986
201754
-1.42297e+06
835210
-23916.5
50654.3
653270
-154968
-85319.5
-189225
-1.52759e+06
196196
719915
677419
1.1385e+06
769839
1.56054e+06
1.41183e+06
1.74782e+06
1.82414e+06
605044
495617
-58105.1
862347
421448
235037
-1.40819e+06
882961
15474.3
78597.7
695349
-127007
-64373.6
-176464
-1.4858e+06
219328
704930
668227
1.1393e+06
751787
1.56258e+06
1.41641e+06
1.77484e+06
1.82544e+06
629594
517203
8586.4
887949
450177
259156
-1.3435e+06
921841
53831.3
118460
822759
-98709.3
-40348.2
-145538
-1.466e+06
266852
722498
690436
1.1838e+06
779435
1.58336e+06
1.43581e+06
1.81698e+06
1.84755e+06
669414
550974
73382.1
927670
475700
275609
-1.36065e+06
963021
72443.1
138681
857002
-69161.4
-30867.3
-145579
-1.51151e+06
282862
741075
700248
1.1866e+06
799533
1.62597e+06
1.4779e+06
1.86675e+06
1.90184e+06
665373
553006
38349.2
940113
465508
261900
-1.45024e+06
970219
104992
179191
907267
-28130.8
-17928.7
-140026
-1.54825e+06
306841
740337
697917
1.17238e+06
797139
1.65822e+06
1.49967e+06
1.90099e+06
1.93047e+06
687075
561030
38511.9
950045
470399
254348
-1.51633e+06
967671
140850
201444
938630
12228
684.479
-128460
-1.53098e+06
317121
728872
683912
1.18168e+06
771973
1.66413e+06
1.50319e+06
1.92349e+06
1.93058e+06
674105
558812
49386.5
934795
465428
263773
-1.50124e+06
963960
206494
264142
1.057e+06
73233.6
-39560.5
-159571
-1.584e+06
285015
687270
644022
1.11508e+06
726533
1.66163e+06
1.50441e+06
1.9067e+06
1.93781e+06
670740
556516
44673.6
931023
475301
267459
-1.51988e+06
980790
213757
281049
1.09043e+06
83119.7
-9118.14
-127536
-1.55462e+06
314562
670188
638761
1.10941e+06
711563
1.6797e+06
1.52404e+06
1.92512e+06
1.95215e+06
675396
559022
81002.6
926919
495407
281267
-1.48718e+06
998993
268456
334153
1.20892e+06
122607
678606
652244
1.24475e+06
694959
-732599
-692145
-1.31283e+06
-743905
192028
185997
497874
157082
1.10113e+06
1.09785e+06
2.37164e+06
1.07072e+06
-10928.3
87499.5
1.14152e+06
-241084
1.1151e+06
1.04889e+06
1.63257e+06
1.24238e+06
693970
658369
1.26849e+06
702856
-721489
-684582
-1.28198e+06
-743938
184800
174222
508898
136117
1.16399e+06
1.15244e+06
2.4402e+06
1.12931e+06
44045
140999
1.2304e+06
-188197
1.15181e+06
1.07612e+06
1.69135e+06
1.2659e+06
689068
665306
1.23428e+06
714517
-690021
-658557
-1.2322e+06
-720276
153150
159566
473221
105934
1.19955e+06
1.18876e+06
2.47701e+06
1.1776e+06
71108.8
166253
1.24563e+06
-151677
1.17288e+06
1.09742e+06
1.71989e+06
1.29359e+06
709388
676985
1.23905e+06
747130
-635499
-603625
-1.09252e+06
-668062
158916
156216
478578
126545
1.24135e+06
1.22644e+06
2.51873e+06
1.22653e+06
117114
206503
1.27639e+06
-88251.2
1.21448e+06
1.13795e+06
1.7839e+06
1.34139e+06
740124
696822
1.25209e+06
776623
-674006
-641146
-1.11362e+06
-724070
151858
150611
461071
108092
1.28844e+06
1.26015e+06
2.5717e+06
1.27513e+06
170332
253549
1.35199e+06
-36031.3
1.22227e+06
1.1369e+06
1.79002e+06
1.34099e+06
749598
705939
1.26333e+06
789261
-637575
-595729
-1.00595e+06
-684664
142768
132765
433595
99055.8
1.29083e+06
1.26246e+06
2.55554e+06
1.2836e+06
205513
280348
1.36525e+06
3937.88
1.25006e+06
1.16393e+06
1.84482e+06
1.36784e+06
748533
711770
1.28419e+06
789419
-613535
-571178
-968001
-654230
111922
117611
411812
78304.3
1.31886e+06
1.28577e+06
2.61618e+06
1.31208e+06
191028
271651
1.38092e+06
-13807.7
1.24886e+06
1.1689e+06
1.87109e+06
1.37261e+06
767635
722559
1.29742e+06
805886
-608205
-576995
-980271
-648949
128964
132049
427446
99667.4
1.35774e+06
1.31207e+06
2.66541e+06
1.34814e+06
208257
282209
1.4133e+06
-4833.07
1.27026e+06
1.18327e+06
1.89984e+06
1.39141e+06
760895
728519
1.29216e+06
803043
-619396
-591319
-1.01797e+06
-666271
125578
139753
419245
96265.5
1.35376e+06
1.31747e+06
2.67498e+06
1.3395e+06
176821
258921
1.39011e+06
-46026.3
1.26043e+06
1.17752e+06
1.89512e+06
1.3759e+06
778237
743811
1.29468e+06
832183
-604794
-576809
-1.00274e+06
-642491
139699
153060
404203
133119
1.36826e+06
1.34101e+06
2.68894e+06
1.35613e+06
169659
264777
1.37194e+06
-36571.6
1.28566e+06
1.20859e+06
1.90537e+06
1.41894e+06
822080
772728
1.34355e+06
870702
-644959
-617353
-1.07282e+06
-687876
205732
206240
463023
196155
1.44527e+06
1.39686e+06
2.81754e+06
1.43264e+06
240324
320091
1.48941e+06
18167
1.32042e+06
1.22939e+06
1.94075e+06
1.44682e+06
801798
757575
1.31476e+06
850794
-639133
-603773
-1.0743e+06
-674742
206317
207845
448132
203231
1.41749e+06
1.3777e+06
2.80005e+06
1.39478e+06
211225
293219
1.44827e+06
-15687.2
1.33166e+06
1.24438e+06
1.95573e+06
1.4613e+06
810713
761825
1.3316e+06
854715
-645668
-595750
-1.05864e+06
-676947
220034
213862
459618
209605
1.42378e+06
1.392e+06
2.83765e+06
1.40885e+06
213273
297336
1.4848e+06
-15365.4
1.32835e+06
1.24143e+06
1.96759e+06
1.45869e+06
795518
747734
1.32946e+06
832499
-646497
-596482
-1.07593e+06
-678839
197351
185270
447236
166854
1.43487e+06
1.40409e+06
2.86044e+06
1.4124e+06
213983
304608
1.51869e+06
-23111.1
1.33081e+06
1.24451e+06
1.97003e+06
1.45502e+06
783554
741706
1.32717e+06
823102
-639532
-606568
-1.09175e+06
-668981
168522
179928
446535
153306
1.44642e+06
1.40949e+06
2.88037e+06
1.4263e+06
212957
293603
1.52948e+06
-31907.5
1.34427e+06
1.25924e+06
1.9993e+06
1.47509e+06
783577
741734
1.33649e+06
819125
-627183
-595373
-1.0615e+06
-670304
159030
151342
430626
126315
1.43458e+06
1.4002e+06
2.87899e+06
1.39411e+06
185715
274212
1.50279e+06
-65492.9
1.37663e+06
1.28386e+06
2.04322e+06
1.49813e+06
795026
755472
1.36571e+06
835535
-682932
-643529
-1.10985e+06
-732975
130451
145086
418700
98674.6
1.4395e+06
1.4121e+06
2.9361e+06
1.39964e+06
214895
312795
1.59989e+06
-34905.6
1.36929e+06
1.28699e+06
2.06559e+06
1.48859e+06
797478
753491
1.37095e+06
827643
-688566
-643551
-1.108e+06
-737244
136938
140370
425239
91838.3
1.42981e+06
1.40161e+06
2.93626e+06
1.38101e+06
214345
305108
1.5946e+06
-41032.7
1.39602e+06
1.30394e+06
2.10738e+06
1.51001e+06
775362
730668
1.34361e+06
806690
-734953
-681172
-1.17612e+06
-774855
121231
125117
431346
74656.3
1.44718e+06
1.42068e+06
2.98214e+06
1.42095e+06
202009
297207
1.62147e+06
-52334.4
1.37736e+06
1.28743e+06
2.10992e+06
1.49848e+06
775020
729038
1.34611e+06
800384
-760914
-705203
-1.24569e+06
-806648
133014
136950
474884
74334.6
1.50941e+06
1.48082e+06
3.06024e+06
1.47992e+06
240749
344174
1.70824e+06
-17916
1.40065e+06
1.31561e+06
2.1549e+06
1.51898e+06
767157
734998
1.34041e+06
797215
-779105
-736022
-1.32108e+06
-818722
143881
166145
530883
84516.9
1.56628e+06
1.53382e+06
3.15182e+06
1.53562e+06
273526
372135
1.78078e+06
8763.17
1.43078e+06
1.34495e+06
2.20909e+06
1.549e+06
793018
752261
1.37064e+06
833688
-779205
-737389
-1.34443e+06
-818207
192999
200237
611642
147539
1.64584e+06
1.61114e+06
3.27338e+06
1.62944e+06
316239
413158
1.85571e+06
60732
1.49551e+06
1.40344e+06
2.30896e+06
1.62072e+06
783795
744950
1.34758e+06
822521
-883729
-838089
-1.49785e+06
-931449
214214
230307
660566
162220
1.71931e+06
1.67779e+06
3.39757e+06
1.705e+06
352144
455156
1.96108e+06
88501.5
1.49848e+06
1.4128e+06
2.33927e+06
1.61543e+06
778889
736668
1.33005e+06
818237
-917089
-867745
-1.57576e+06
-961309
236273
243457
701686
183219
1.765e+06
1.7203e+06
3.4835e+06
1.74652e+06
361658
459134
1.97978e+06
91263.4
1.53293e+06
1.44006e+06
2.39774e+06
1.64873e+06
779572
738586
1.33643e+06
810699
-901399
-853616
-1.56516e+06
-927993
206091
219917
673234
149385
1.77043e+06
1.7333e+06
3.53325e+06
1.75857e+06
308460
406936
1.93269e+06
29960.1
1.53362e+06
1.4402e+06
2.39887e+06
1.65854e+06
785326
745466
1.36878e+06
813033
-891980
-836217
-1.58259e+06
-905613
196905
210873
667702
135010
1.79653e+06
1.7583e+06
3.56065e+06
1.78503e+06
289054
400641
1.91874e+06
10160.4
1.55477e+06
1.46666e+06
2.41529e+06
1.68399e+06
747305
716614
1.33289e+06
764278
-872244
-842610
-1.61198e+06
-894309
160484
188511
624375
95385.2
1.7854e+06
1.74763e+06
3.53768e+06
1.76745e+06
240993
348847
1.85012e+06
-56647
1.55179e+06
1.45566e+06
2.38417e+06
1.68177e+06
768494
743130
1.37371e+06
799733
-846474
-809830
-1.57627e+06
-859400
157628
180365
598431
110105
1.79172e+06
1.7591e+06
3.54383e+06
1.77762e+06
203257
325742
1.80326e+06
-87121.9
1.58147e+06
1.49013e+06
2.39556e+06
1.73269e+06
786426
753994
1.40247e+06
811112
-890303
-855007
-1.64674e+06
-906715
171674
195864
616996
114388
1.83798e+06
1.79523e+06
3.63463e+06
1.82084e+06
213252
332307
1.84809e+06
-93199.5
1.60723e+06
1.50858e+06
2.41839e+06
1.75267e+06
782376
750024
1.42412e+06
795868
-870081
-832112
-1.62115e+06
-882983
166332
182535
603856
102779
1.82328e+06
1.78434e+06
3.64285e+06
1.79271e+06
173115
290215
1.79866e+06
-144445
1.63206e+06
1.52704e+06
2.45427e+06
1.77544e+06
805244
775240
1.47956e+06
820218
-855363
-813211
-1.59766e+06
-852545
178069
207122
650158
119923
1.85232e+06
1.81574e+06
3.71079e+06
1.83348e+06
159830
285991
1.81069e+06
-149404
1.66367e+06
1.56699e+06
2.51949e+06
1.82375e+06
840392
802944
1.53118e+06
855532
-841328
-802942
-1.61447e+06
-834579
228741
246157
715388
170978
1.89541e+06
1.85194e+06
3.73523e+06
1.88804e+06
191866
315003
1.83415e+06
-109529
1.72843e+06
1.62113e+06
2.59062e+06
1.89272e+06
838214
812613
1.53405e+06
857062
-826725
-808094
-1.64361e+06
-813989
237446
267120
735448
188172
1.9071e+06
1.85679e+06
3.71573e+06
1.90242e+06
182289
295891
1.78983e+06
-122204
1.76324e+06
1.65226e+06
2.62352e+06
1.93289e+06
880465
847519
1.6222e+06
899141
-815164
-795223
-1.60983e+06
-816952
288690
302929
805118
243932
1.93004e+06
1.87452e+06
3.7337e+06
1.92165e+06
182246
301035
1.78949e+06
-126053
1.81999e+06
1.70443e+06
2.70565e+06
1.98848e+06
901050
868002
1.66468e+06
919904
-899561
-872426
-1.71472e+06
-910682
318803
338855
864037
272006
1.93936e+06
1.88297e+06
3.76665e+06
1.93523e+06
189331
308846
1.84002e+06
-120466
1.83357e+06
1.71832e+06
2.74222e+06
2.00266e+06
924384
894561
1.72701e+06
934523
-900250
-867329
-1.71228e+06
-910962
348451
364372
902504
299286
1.92117e+06
1.86679e+06
3.73069e+06
1.90551e+06
165947
286975
1.79155e+06
-156596
1.87555e+06
1.76053e+06
2.81385e+06
2.04102e+06
-496102
-460868
-724748
-546834
-646506
-638975
-1.35837e+06
-600201
-13949.8
68773.9
921992
-200724
529960
496403
819161
587288
-219415
-185968
-155465
-266690
-1.17168e+06
-1.12978e+06
-2.12985e+06
-1.20191e+06
-518846
-482487
-746901
-577455
-686384
-685183
-1.45482e+06
-657245
-3393.41
75664
952126
-202544
531428
486074
800822
570571
-183412
-153353
-132159
-231145
-1.22465e+06
-1.18419e+06
-2.21172e+06
-1.26541e+06
-531271
-492666
-766528
-591008
-708267
-689779
-1.50221e+06
-678289
11046.4
99218.4
977765
-181932
522058
492181
766796
576852
-161285
-138855
-141357
-201290
-1.26448e+06
-1.21419e+06
-2.27585e+06
-1.30834e+06
-556557
-517708
-764166
-628510
-706308
-689296
-1.4814e+06
-673237
41298.6
128432
1.04539e+06
-149482
542294
499019
772480
605074
-178057
-155487
-177187
-218322
-1.286e+06
-1.23827e+06
-2.28149e+06
-1.33448e+06
-604087
-561796
-829518
-684539
-734579
-720598
-1.52825e+06
-715251
56251.8
134827
1.0572e+06
-139468
531663
483704
738924
581786
-164636
-149954
-168066
-207430
-1.35171e+06
-1.29697e+06
-2.36495e+06
-1.41537e+06
-630278
-580230
-831128
-715898
-729330
-722359
-1.49277e+06
-713553
73037.8
155679
1.09262e+06
-121284
514406
466319
699408
569888
-211988
-191835
-227348
-256425
-1.38124e+06
-1.32477e+06
-2.37352e+06
-1.45206e+06
-618574
-566049
-805591
-694845
-726616
-709924
-1.49194e+06
-696885
80292.7
152118
1.13316e+06
-119451
500825
466252
693320
565725
-211477
-191209
-200068
-256758
-1.3836e+06
-1.31519e+06
-2.37881e+06
-1.43944e+06
-620176
-576186
-820259
-702132
-712488
-709904
-1.50287e+06
-690424
89940.4
163864
1.16888e+06
-113678
517632
468038
703764
573007
-220013
-205225
-206627
-274484
-1.38593e+06
-1.32407e+06
-2.41015e+06
-1.44117e+06
-633757
-582033
-837011
-715735
-710497
-697519
-1.50163e+06
-692992
85641.9
162669
1.17976e+06
-125443
502040
469923
692188
560166
-252332
-226757
-247036
-307476
-1.39545e+06
-1.3279e+06
-2.44554e+06
-1.44955e+06
-630425
-580267
-819185
-707327
-686971
-672935
-1.4609e+06
-672648
96021.6
179634
1.20424e+06
-105416
514632
475700
690741
571781
-269174
-236560
-261562
-330438
-1.38622e+06
-1.32703e+06
-2.44462e+06
-1.43874e+06
-626468
-577911
-837098
-706742
-664646
-661223
-1.42147e+06
-652819
147872
224849
1.27598e+06
-54377.2
539615
491378
727594
589058
-245802
-225624
-207504
-320247
-1.38548e+06
-1.32578e+06
-2.45341e+06
-1.43657e+06
-621729
-570372
-818547
-702509
-660653
-650742
-1.39872e+06
-646960
166780
245379
1.30304e+06
-39328.6
513738
478067
693237
567544
-311996
-280679
-250857
-404254
-1.3793e+06
-1.31345e+06
-2.43556e+06
-1.42517e+06
-624046
-569075
-848824
-697897
-666920
-654857
-1.39772e+06
-636190
168554
247545
1.30724e+06
-41495.1
519142
486997
717365
589852
-329685
-285688
-258862
-407898
-1.3511e+06
-1.28807e+06
-2.39549e+06
-1.39085e+06
-633240
-577377
-860853
-714608
-697494
-689822
-1.47508e+06
-670127
162338
247266
1.31524e+06
-52788.3
536501
491277
716156
601357
-340111
-289150
-285900
-418797
-1.35254e+06
-1.29459e+06
-2.40341e+06
-1.3965e+06
-628888
-575550
-853776
-703989
-704251
-694053
-1.51914e+06
-665093
163019
240885
1.31685e+06
-50432.3
558355
516560
737408
636071
-340791
-303965
-315909
-412012
-1.35319e+06
-1.29231e+06
-2.40959e+06
-1.39353e+06
-619281
-575366
-811936
-715795
-722341
-722504
-1.55395e+06
-703845
151160
232073
1.31661e+06
-71220.5
572922
513068
736729
637129
-383415
-343622
-383631
-471787
-1.33711e+06
-1.28837e+06
-2.36355e+06
-1.39449e+06
-656024
-596647
-836562
-746803
-760804
-743072
-1.59593e+06
-735741
156669
240400
1.32984e+06
-62902.8
558987
514296
724340
623839
-407867
-365395
-412858
-500190
-1.35429e+06
-1.29246e+06
-2.34674e+06
-1.41304e+06
-624310
-565178
-788133
-715994
-755220
-749627
-1.58761e+06
-731240
168015
241692
1.33661e+06
-57299
565233
514514
710246
640521
-450872
-398586
-454541
-543744
-1.34624e+06
-1.28273e+06
-2.30641e+06
-1.40972e+06
-651074
-593137
-842849
-735219
-793014
-784577
-1.65718e+06
-754843
124628
207524
1.29055e+06
-98261.7
530826
484177
688791
607911
-456799
-410493
-468265
-537103
-1.39176e+06
-1.33153e+06
-2.40093e+06
-1.45629e+06
-674187
-613752
-878529
-767000
-821761
-806117
-1.73255e+06
-787844
118068
205787
1.29476e+06
-114606
550835
508088
734731
616775
-459372
-404829
-481912
-544611
-1.45793e+06
-1.38769e+06
-2.50986e+06
-1.52509e+06
-659737
-598429
-866913
-747415
-810714
-794056
-1.73395e+06
-779459
130510
221309
1.32643e+06
-104554
576250
538595
793189
642144
-433120
-386508
-454758
-513880
-1.49381e+06
-1.42126e+06
-2.58606e+06
-1.56359e+06
-649978
-599894
-848405
-744408
-804384
-791897
-1.71478e+06
-776331
168997
258950
1.3908e+06
-60769.5
599642
551778
851539
655109
-420704
-380542
-435056
-504787
-1.5349e+06
-1.4667e+06
-2.64544e+06
-1.61344e+06
-715202
-652873
-936779
-807248
-843108
-826995
-1.75274e+06
-818470
172305
259638
1.41681e+06
-60813.3
579056
541304
864558
622001
-434708
-386972
-442325
-522188
-1.63158e+06
-1.55346e+06
-2.77938e+06
-1.7166e+06
-708018
-649456
-945550
-797189
-855243
-839633
-1.769e+06
-827676
181427
264244
1.42898e+06
-53021.7
571651
540840
864705
624681
-448111
-397086
-450630
-534875
-1.67164e+06
-1.58961e+06
-2.84092e+06
-1.75464e+06
-703449
-645560
-950182
-786967
-868272
-863399
-1.82757e+06
-833088
144852
235104
1.40018e+06
-88176.2
562189
527033
865876
620739
-432324
-379333
-401299
-515889
-1.66802e+06
-1.59052e+06
-2.86204e+06
-1.74474e+06
-704545
-641397
-941454
-783897
-907037
-897065
-1.91666e+06
-866771
113404
209591
1.37511e+06
-127072
568537
536830
875761
626311
-403028
-338281
-344517
-484596
-1.68635e+06
-1.60555e+06
-2.92328e+06
-1.74966e+06
-697224
-642404
-953236
-781589
-907957
-899950
-1.95802e+06
-880926
84208.6
183105
1.34725e+06
-169383
564659
534426
858133
613472
-375156
-327994
-319981
-462655
-1.69521e+06
-1.61549e+06
-2.97442e+06
-1.76373e+06
-692701
-639178
-946219
-774095
-878832
-868542
-1.91133e+06
-843472
83585
193446
1.3771e+06
-162710
580381
547357
888487
636062
-365825
-308739
-291739
-449158
-1.68034e+06
-1.60628e+06
-2.95846e+06
-1.74635e+06
-705776
-645275
-964795
-785532
-884401
-874526
-1.90636e+06
-851657
82844.6
188746
1.38072e+06
-171899
585443
553008
908869
627720
-326825
-277538
-213691
-420888
-1.70104e+06
-1.62372e+06
-2.99585e+06
-1.76438e+06
-674122
-616096
-911632
-758986
-870301
-869346
-1.87614e+06
-838907
91393.6
193425
1.40527e+06
-173663
566885
538281
889352
611640
-339709
-279588
-179105
-435833
-1.6887e+06
-1.61249e+06
-2.97924e+06
-1.74863e+06
-671757
-609606
-917659
-740121
-884540
-870281
-1.89779e+06
-837347
70839.4
181804
1.39861e+06
-189137
576497
554188
927844
629091
-312400
-255753
-141148
-402197
-1.68725e+06
-1.61062e+06
-3.00075e+06
-1.73886e+06
-675254
-617174
-954873
-738621
-895902
-891048
-1.94566e+06
-853204
78501.6
188643
1.40449e+06
-180430
613773
578717
965100
663270
-299144
-240345
-151025
-380390
-1.71297e+06
-1.64397e+06
-3.07413e+06
-1.76523e+06
-676710
-623875
-994488
-730945
-904264
-898212
-1.98862e+06
-863421
79402.4
188192
1.39538e+06
-177621
631436
601613
981027
685853
-287051
-243297
-177512
-363514
-1.73768e+06
-1.66563e+06
-3.14356e+06
-1.78805e+06
-683618
-639508
-1.01325e+06
-751303
-912558
-907493
-1.97203e+06
-887147
76687.1
188520
1.41635e+06
-189517
663713
622117
1.04964e+06
706826
-286486
-246296
-185600
-373710
-1.75164e+06
-1.68628e+06
-3.15086e+06
-1.81576e+06
-740870
-688822
-1.10641e+06
-800642
-961843
-949507
-2.00503e+06
-948422
50789.4
159441
1.38036e+06
-223170
653727
618706
1.06537e+06
683931
-302542
-258097
-191656
-389324
-1.81205e+06
-1.73562e+06
-3.22285e+06
-1.88083e+06
-743232
-685541
-1.12139e+06
-803262
-967105
-953994
-1.97375e+06
-960001
37327.5
150989
1.3678e+06
-236906
647175
622826
1.08333e+06
678632
-330476
-274661
-213225
-422170
-1.82546e+06
-1.74731e+06
-3.22869e+06
-1.8961e+06
180228
176661
349686
188634
-782885
-687255
-670258
-954296
16073.2
120478
1.24814e+06
-235817
100768
60637.2
-353835
222767
-805152
-793335
-1.56379e+06
-810448
-940897
-886107
-1.51322e+06
-993169
174862
165027
334412
172249
-797213
-698453
-689983
-979509
57296.2
155505
1.32451e+06
-205031
150298
97124.7
-291136
270052
-856525
-842144
-1.61938e+06
-874187
-968929
-912692
-1.58008e+06
-1.02655e+06
157172
154881
295234
157625
-793013
-695379
-695332
-966778
85255.9
187786
1.37089e+06
-167802
180761
131498
-263254
304598
-879123
-849334
-1.64862e+06
-895969
-963638
-904226
-1.60597e+06
-1.00978e+06
170940
167526
317596
183201
-797307
-696957
-691775
-973634
112103
203854
1.41951e+06
-140021
205191
146006
-246121
336080
-875342
-852098
-1.63517e+06
-881389
-948838
-890898
-1.56478e+06
-988711
185664
170546
316666
185483
-806638
-715672
-708361
-993437
121267
215302
1.45801e+06
-143960
231784
174363
-205329
369307
-901818
-872935
-1.68062e+06
-916495
-976763
-922367
-1.64e+06
-1.02792e+06
197461
185183
347631
199937
-815012
-715326
-678477
-1.00588e+06
108494
200177
1.45217e+06
-161725
260384
186597
-188004
394006
-905303
-887173
-1.70159e+06
-924742
-992001
-933555
-1.62953e+06
-1.04681e+06
211394
201741
382225
220404
-806615
-709786
-646834
-989986
102538
207491
1.49881e+06
-173798
255502
196254
-155353
397096
-941257
-911467
-1.75277e+06
-954318
-970526
-922750
-1.60096e+06
-1.0287e+06
218044
200968
373321
233918
-831242
-737881
-696867
-1.02074e+06
128359
221037
1.55749e+06
-158235
285038
217194
-122921
429859
-941260
-917730
-1.79119e+06
-949980
-984038
-938239
-1.63869e+06
-1.04272e+06
189599
180135
325021
200844
-860635
-758641
-744807
-1.04953e+06
117747
222522
1.56839e+06
-170829
279471
216119
-128766
416014
-960678
-929739
-1.84564e+06
-966681
-998194
-951283
-1.67851e+06
-1.05849e+06
169843
164930
276576
187630
-870062
-755754
-745214
-1.0591e+06
112581
220314
1.55754e+06
-177895
262766
202374
-161511
411675
-962227
-927197
-1.8755e+06
-948959
-992274
-929599
-1.65769e+06
-1.04154e+06
192567
172038
284536
203649
-845124
-749310
-712197
-1.048e+06
153880
251448
1.64172e+06
-145187
299563
238139
-109318
446447
-934316
-908934
-1.88209e+06
-922195
-975306
-925546
-1.65672e+06
-1.0356e+06
150499
139306
231762
156119
-874543
-769148
-719188
-1.08769e+06
126924
236985
1.63187e+06
-173482
289881
225368
-133001
437323
-945843
-925147
-1.94273e+06
-928869
-968898
-911669
-1.61985e+06
-1.02518e+06
168451
159578
281276
173089
-858016
-749689
-686966
-1.06507e+06
129455
248234
1.67266e+06
-165669
317216
255075
-80854.8
463918
-936491
-925654
-1.94162e+06
-915323
-979858
-925090
-1.62222e+06
-1.04045e+06
150216
139721
279321
141688
-885513
-770519
-722488
-1.09955e+06
140657
259585
1.69816e+06
-158181
328906
261107
-70081.4
469501
-971906
-963319
-2.00444e+06
-950550
-1.02145e+06
-959009
-1.69225e+06
-1.08227e+06
130860
124786
276515
126694
-887842
-780149
-729818
-1.09932e+06
153553
268736
1.71996e+06
-137674
339326
265999
-49289.6
484832
-991298
-974758
-2.04273e+06
-961203
-1.04867e+06
-1.00174e+06
-1.75762e+06
-1.11524e+06
110553
102277
272180
92584.3
-919797
-805398
-742565
-1.15092e+06
139992
245995
1.69911e+06
-172412
305663
231385
-92106.3
435306
-1.00558e+06
-998397
-2.07669e+06
-977892
-1.09395e+06
-1.03089e+06
-1.79589e+06
-1.1613e+06
97819.7
96522.9
282725
61736.1
-927818
-813255
-726295
-1.16953e+06
132641
256669
1.72988e+06
-177185
302229
243429
-54784.5
443596
-1.02577e+06
-998448
-2.10778e+06
-988314
-1.15225e+06
-1.07952e+06
-1.88323e+06
-1.22809e+06
89362.7
93610.3
330172
45539.8
-940856
-821169
-686893
-1.19366e+06
128433
247234
1.71359e+06
-182421
298169
230104
-69411
428411
-1.01445e+06
-1.00451e+06
-2.12929e+06
-980002
-1.173e+06
-1.10693e+06
-1.91076e+06
-1.25845e+06
85468.7
95066.3
329479
45758.3
-981757
-860101
-744904
-1.2238e+06
110688
236007
1.71461e+06
-194581
305193
241930
-51642.1
443530
-1.0446e+06
-1.03226e+06
-2.17474e+06
-1.01016e+06
-1.22506e+06
-1.16137e+06
-1.99759e+06
-1.30867e+06
95485.6
101710
344284
48848.4
-1.04955e+06
-919320
-864686
-1.3024e+06
137987
267655
1.76108e+06
-172796
336069
274024
-19393.1
479751
-1.05781e+06
-1.04516e+06
-2.1906e+06
-1.03153e+06
-1.27769e+06
-1.20345e+06
-2.101e+06
-1.36568e+06
98156.3
110410
353596
57398.7
-1.08641e+06
-953396
-939273
-1.3386e+06
173741
300112
1.81034e+06
-126583
363033
294595
14009.9
504557
-1.06219e+06
-1.04123e+06
-2.19456e+06
-1.03906e+06
-1.29709e+06
-1.22572e+06
-2.17075e+06
-1.37771e+06
117829
124806
375522
81000.5
-1.11576e+06
-983009
-978549
-1.37138e+06
198297
315599
1.82934e+06
-96747.8
376338
299673
19840.7
525567
-1.05304e+06
-1.0397e+06
-2.16315e+06
-1.01902e+06
-1.32179e+06
-1.24706e+06
-2.223e+06
-1.38914e+06
105982
111611
349405
60987.3
-1.18904e+06
-1.05255e+06
-1.08118e+06
-1.46022e+06
207933
328625
1.84832e+06
-93971.7
360496
293570
5517.55
515988
-1.08809e+06
-1.06116e+06
-2.22126e+06
-1.05493e+06
-1.3905e+06
-1.31274e+06
-2.35944e+06
-1.46489e+06
108211
115936
368347
64082.3
-1.2358e+06
-1.09563e+06
-1.13031e+06
-1.50992e+06
219888
340965
1.8496e+06
-68961.3
353164
277901
-32528.3
503879
-1.08726e+06
-1.06817e+06
-2.24466e+06
-1.04885e+06
-1.41839e+06
-1.34618e+06
-2.42952e+06
-1.48899e+06
129089
142593
418130
97713.7
-1.22209e+06
-1.07639e+06
-1.10298e+06
-1.48438e+06
217783
327166
1.86891e+06
-85274.2
331737
260836
-62888.7
478310
-1.11029e+06
-1.10036e+06
-2.30108e+06
-1.08268e+06
-1.4083e+06
-1.3388e+06
-2.40575e+06
-1.47359e+06
158832
172050
446566
131507
-1.22976e+06
-1.07578e+06
-1.11387e+06
-1.49314e+06
205082
327690
1.86908e+06
-98503.5
326904
258806
-89484.4
480666
-1.16134e+06
-1.14665e+06
-2.37812e+06
-1.13041e+06
-1.42038e+06
-1.34282e+06
-2.42547e+06
-1.48451e+06
159002
169759
431032
132609
-1.21499e+06
-1.06445e+06
-1.08964e+06
-1.47965e+06
183427
299937
1.83171e+06
-128124
301495
225322
-142029
437169
-1.19967e+06
-1.17416e+06
-2.45889e+06
-1.17824e+06
-1.41547e+06
-1.34783e+06
-2.42732e+06
-1.49012e+06
172420
182879
426607
161966
-1.17164e+06
-1.01321e+06
-1.00152e+06
-1.42906e+06
153144
275760
1.80548e+06
-160805
278295
213166
-161528
420456
-1.20015e+06
-1.18048e+06
-2.45837e+06
-1.16496e+06
-1.39699e+06
-1.31446e+06
-2.36444e+06
-1.4564e+06
204329
202986
437041
189278
-1.14261e+06
-996864
-963612
-1.41295e+06
148949
273735
1.83276e+06
-178851
280098
217354
-145108
422836
-1.22526e+06
-1.19693e+06
-2.5112e+06
-1.19743e+06
-1.3988e+06
-1.32251e+06
-2.37827e+06
-1.47347e+06
206671
205937
458062
187923
-1.11813e+06
-969465
-869503
-1.39405e+06
110754
238264
1.79079e+06
-222343
253699
182710
-183759
381509
-1.25001e+06
-1.2352e+06
-2.55901e+06
-1.23215e+06
-1.39388e+06
-1.31747e+06
-2.33918e+06
-1.47305e+06
243035
248486
535139
231355
-1.07948e+06
-931373
-814677
-1.34416e+06
111001
247168
1.81871e+06
-220226
272788
213999
-138904
417570
-1.27859e+06
-1.25408e+06
-2.58466e+06
-1.25796e+06
-1.39597e+06
-1.3129e+06
-2.32725e+06
-1.47325e+06
279825
279470
583341
267978
-1.07686e+06
-928752
-828826
-1.33763e+06
118207
249375
1.82206e+06
-218041
323006
253813
-110065
479790
-1.28437e+06
-1.26319e+06
-2.60641e+06
-1.257e+06
-1.41025e+06
-1.32505e+06
-2.36537e+06
-1.48476e+06
286782
288330
597353
276184
-1.05461e+06
-911948
-821947
-1.31224e+06
104249
233152
1.79663e+06
-232053
347557
265606
-115732
509333
-1.29219e+06
-1.26914e+06
-2.6493e+06
-1.26469e+06
-1.40724e+06
-1.32655e+06
-2.38174e+06
-1.47723e+06
319551
321752
675566
310418
-1.03955e+06
-895795
-765684
-1.31134e+06
77910.4
202938
1.78349e+06
-270632
341638
258728
-128640
491039
-1.2808e+06
-1.2598e+06
-2.62053e+06
-1.24417e+06
-1.40807e+06
-1.32971e+06
-2.36281e+06
-1.48784e+06
348346
343543
719681
325992
-1.05984e+06
-915795
-772229
-1.33839e+06
33570.6
176885
1.75672e+06
-323482
328105
248863
-130663
489370
-1.29512e+06
-1.2658e+06
-2.64972e+06
-1.25537e+06
-1.46552e+06
-1.37655e+06
-2.43687e+06
-1.55028e+06
375601
374219
803053
348551
-1.04163e+06
-892175
-701361
-1.32883e+06
-4444.87
138870
1.70927e+06
-376435
309612
230687
-167152
454663
-1.29203e+06
-1.27238e+06
-2.67542e+06
-1.25859e+06
-1.47091e+06
-1.37766e+06
-2.41927e+06
-1.56794e+06
