6571.14
10875.3
7846.06
10982.8
4978.74
6866.01
3407.55
8611.15
601.748
-1470.07
-11961.4
3034.9
-9603.22
-7879.29
-14248.2
-7883.53
-9088.44
-10535.2
-23087
-11332.1
-8065.97
-11800.9
-24274.3
-8884.8
20361.8
19183.1
21523.6
25108.7
28455.4
29306
39223.9
36076.6
18605.4
17223.7
5412.2
30776.1
-20320.8
-19733.9
-37934.2
-21173.6
-5683.02
-2872.27
-16737.2
3501.59
-10036
-3305.02
-16038.6
1269.96
16490.4
12312.1
19171.8
20281.2
37970.9
34091
57052.2
43549.3
25530.8
16860.3
5238.25
28193.8
-13067.3
-15822.2
-17800
-18927.8
11695.5
10642
3288.75
12379.3
7218.15
4340.93
-967.322
2212.54
13251.2
10726.1
57.2756
19816.7
39680.7
38670.3
57356.3
46187.5
22570.8
15707
3218.04
29887.3
-20209.1
-23298.5
-29326.5
-26196.9
16234.5
11326.4
14653.4
15718.3
5190.16
1850.5
8334.67
3263.3
11958.6
10942.5
-8186.88
19481.5
53669.4
52936.1
76424.8
64570.9
14247.5
8592.76
-17758.3
22121.1
-27992.9
-25356.8
-39098.1
-30710.4
4380.53
3739.18
165.463
6959.34
-3609.78
-2613.47
3480.38
-4646.4
3970.4
3541.19
-12641.7
11279.8
66002.8
65372
102675
74514.9
6884.39
2779.64
-17121.2
12259.8
-31706
-32256.1
-38685.8
-40565.3
6323.66
6484.88
9644.94
3966.87
-1088.94
2696.91
23011.4
-8232.14
8555.99
8514.98
-8591.35
9609.58
75254.5
71288.4
112967
79719.2
3839.59
4031.22
-23517.7
9413.71
-35498.2
-28053
-41041.9
-38789
3968.99
3631.7
11210.5
4122.43
-342.947
830.143
26496
-5839.29
8978.84
690.136
-7719.48
14028.3
70878.3
63842.5
111590
77228.8
33616.6
32882.6
21211.8
52342.2
-35140.4
-33097.5
-52729
-33863.3
3360.17
4243.35
8046.88
13212.3
-2221.02
2177.89
24733.9
1034.5
10196.5
8881.97
3840.3
15825
74609.7
73778.8
124085
84014.2
54800.8
52741.7
55063.8
65518.4
-27688.9
-23400.3
-49549.8
-26518.6
23055.2
25249.4
32012.1
29035.2
20446
25566.2
49168.7
17675.5
24334.4
18385.5
15815.2
30019.5
83512.1
77252.8
125141
90344.2
73388.5
69203.8
97756.1
82989.6
-12673.5
-15548.6
-45697.5
-8908.13
39957.2
34475
54492.5
44752.1
41087.1
38587.5
82805
39251.5
17287.3
12736.4
3307.85
17435.8
75808.2
71630.6
115946
81413.4
80100.3
78188.3
111625
91732.3
-18583.5
-19017.6
-64732.8
-11281.9
32818.9
27222.2
37686.7
39923.2
38737.4
36140.2
82580.2
37571.4
11004
6386.59
4684.58
16421.1
73166.5
68826.2
117908
79467.5
92226.5
90433.3
141710
103428
-18182.5
-19656.9
-66653.3
-9280.07
25918.3
23851.4
32524.8
31424.5
48268.5
47569.2
95530.8
47196.5
10355.6
13940.6
-1326.53
15934.7
71641.2
67784.7
110406
78663.5
92910.3
87389.9
128068
106654
-28142.8
-29873.1
-81810.1
-22256.9
6491.95
1595.23
-2961.36
6190.72
42410.9
36455.6
72407.7
44372.4
29125
25122.8
16341.9
32494.4
94057.2
91336.3
136489
103513
111712
106882
123552
138265
-33741
-29831.4
-84221.4
-23978
-1362.59
6537.91
-13837.4
12489.6
40073.2
46367.8
72842.6
50970.4
24135.7
19617.3
20848.3
31581.5
99403.7
91535.7
154516
110365
121201
107072
113612
145266
-26334.1
-27555.2
-67928.2
-23184.6
10218.4
10388.1
-7300.17
15154.7
52533.1
49277.6
79652
53494.7
22529.8
18282.2
7744.94
27298.6
98804.7
92586.4
157706
104906
123413
110697
109635
152222
-29869.6
-30692.7
-61053.7
-29857.6
7613.42
6019.6
3339.67
8283.05
42288.5
38588.2
73205.4
42464.6
15559.9
14456.1
-242.538
19247.4
99246.7
96565.3
163667
106558
108160
94723.3
73823.4
138879
-30532.9
-27701.6
-51892.4
-29941.7
-6343.45
-2991.77
-2532.86
-4152.84
26782.4
25653.8
59786.6
27229.3
15813.7
13015.7
8705.9
18405.3
113281
108640
191248
119476
108632
96194.1
63909
140935
-34059.9
-29722.5
-46435
-36715.8
-7576.65
-2134.76
-5903.63
-9246.13
28170.4
30141.8
64796.4
23695.9
36565.9
39808.7
49958.5
40558.2
130068
127106
223188
138797
114838
99246.7
64570.2
149294
-25086.7
-19912.8
-27401.1
-27265.3
-2754.89
-4087.78
12414
-9473.11
23606.8
22154.4
59350.3
20887.2
50516.4
42345.8
72653.1
49551.2
144758
139748
248213
153276
120321
104478
55126.8
162176
-23397.5
-24007.7
-31010.2
-24180.9
-13698.1
-10196.5
8111.93
-12908.9
12027.2
17749.8
46164.2
18445.6
39509.6
38040.2
78189
43204.9
147306
142218
262245
156132
115164
97109.8
40197.6
151568
-19680.2
-17100
-14534.6
-26019.4
-15583.9
-10825.1
12003.8
-23261
9149.96
13284.4
31995.9
4148.6
51059.5
47205.7
77248.6
54433.1
158487
151598
266249
168114
117535
98389
36708.7
157137
-975.1
-3209.56
8771.66
-4708.62
-11205.5
-10606.6
21597.9
-21231.6
8939.95
10083.3
35770.4
5706.35
57909.9
56222.1
92463.4
57104.5
170715
166673
289494
182811
108244
89408
24641.3
146303
5110.97
5368.35
14920
3950.61
-16237.3
-12409.7
25037.2
-26867.9
-3362.29
439.82
32022.7
-9500.69
59836.8
56137.9
113279
61203.6
185820
179604
319302
196919
98299.9
81725.3
15581.8
134867
6026.67
5699.99
30183.6
2257.08
-30170.8
-22370.7
24982.1
-47403
-11472.8
-4026.97
30834.8
-21957.1
58909.1
57909.9
116077
56541
201126
191102
340999
208968
105794
85787.6
19990.6
139200
14565
16711.8
44723.8
9341.59
-23668.3
-14719.1
35441.6
-39607.2
-11869.5
-6800.25
27531.9
-25591.6
45803.5
40141
96486.1
46531.9
198893
189086
346610
211052
105517
81887.9
20878.7
140346
16533.6
18842.3
55937.8
11633.3
-17860.1
-9573.52
44273.4
-29603
-22302.9
-13894.6
17759
-32268.1
24470.1
21351.8
61457.5
24120.1
202317
191698
352026
212034
89664
66613
-11505.3
119761
39037.2
35955
93942.7
28319.6
4661.96
11030.2
66455.3
-9031.17
-19838.6
-14961.7
12754.8
-38876.7
18218.6
17462.7
37730.5
23339.5
204429
195447
347090
218187
78604.8
59911.7
-26209.6
115058
51285
50103.5
112467
46666.2
17657.9
22533.4
79329.6
9077.13
-16682.8
-9760.9
23290
-28850.7
15387.4
7135.41
17447.2
13007.2
214274
200771
352804
226501
68863.7
43855.5
-52593.9
98176.1
65403.1
63991
127357
65097
21945.1
22975.3
73885.6
18081.4
-21860.9
-17864.3
19709.9
-38135.7
-13606.1
-13616.8
-15114.4
-10000.6
213068
203761
363149
227821
42232.7
22034.2
-83908.1
71004.1
75840
73296.6
151334
70498.5
24205
26772.5
69915.2
17292.3
-27930
-20179.4
17264
-48816.5
-8616.8
-9111.78
-12787.3
-12281
214648
200224
365547
220759
28491.5
10955.2
-101909
59621.1
82807.9
78025
179642
76900
25009.7
25521.6
78013.7
16486.9
-35856.7
-36111.2
10480
-56512
-12556.1
-8123.95
-2158.09
-11706.2
195432
193305
359339
207715
30574.6
22686.1
-88874.8
72377.3
81709.7
86851.8
204007
79366.4
31413.9
43471.5
104594
36219.4
-56218.5
-38911.4
4475.28
-68303.7
6860.35
9359.97
31966.2
6051.42
212396
204735
374754
221073
47998.4
30716
-70614.5
78307.1
115562
113083
259790
100758
73899
77667.9
159324
71118.7
-35730.8
-26402.7
32727
-62009.7
23844.3
24895.8
58843.3
21880.7
214323
206522
376961
223434
44325.7
30128.4
-55665.6
75157
127393
125012
302835
112948
95991.9
96471.3
208559
90936.8
-40758.3
-31871.4
51879.7
-70024.1
42525.4
39825
82334.8
43957.3
223130
213739
387794
236946
45934.4
30370.2
-55377.1
76267.1
142977
143515
325944
134748
108127
109264
227824
110445
-40023
-30532.9
66319.5
-70124.5
43388.8
45726.5
84895.9
46451.3
222879
217343
374987
238475
32651.4
22130.3
-69464.8
62999
147635
148262
342831
134305
115296
119283
232311
115362
-41198.2
-26501.7
70304.8
-73317.8
-2602.15
-6651.75
-7173.6
-5827.97
-1533.01
-3705.95
-6283.35
1215.52
16779.6
15729.6
27088.6
22014.4
13329.7
10153.3
35049.2
6245.17
3907.47
-1578.97
2312.24
4496.49
9381.89
5620.08
7868.68
11232.4
-4154.96
-3113.39
-17730
-1854.03
-8698.83
-7575.94
-24226.2
-5291.28
25750
22154.4
31832.5
28369.1
19804.6
17440.1
65244
12666.4
4143.65
3263.3
-6461.54
6885.1
-19432
-19328.1
-45117.7
-21118.5
-18031.9
-22331.8
-40285.3
-21553.3
-9074.3
-11492.6
-31519.3
-7265.52
28118.8
26492.5
44829.9
29843.4
20341.3
20984.1
82682.7
8123.95
-317.491
-4031.92
-16842.6
2101.52
-15391.6
-16400.6
-29036.6
-17477.6
-27360.1
-28597.5
-42735.4
-32121.7
-14442.7
-14322.4
-37951.8
-15168.1
40340.4
36588.5
60653.5
41934.3
22069.5
25705.5
105351
9332.4
1458.76
-253.851
-8305.68
-164.756
-18249.7
-17652.2
-18367.8
-23322.5
-34860.4
-36397.6
-59942.1
-35819.2
-14647
-12559.6
-32227.1
-7925.25
44580.3
43536.6
68591.5
51309.8
35516.6
38201.4
131295
23273
5447.55
3950.61
3017.93
11874.4
-31947.1
-25123.5
-20626.3
-38596.7
-42125.9
-42351.5
-79304.1
-41102
-14945.4
-12892
-42012.7
-7262.69
53467.2
49173.6
69039.8
60739.1
48947.3
51280.8
151523
39255.7
1632.71
2175.77
-10725.4
8932.17
-32683.2
-24518.2
-9997.08
-44518.7
-41933.6
-42867.6
-88872
-47288.5
-5719.08
-13113.3
-51863.5
-2802.26
67575.4
61825.2
96317.8
72197.7
60374.9
59768.9
181087
36452.1
18182.5
13234.2
7626.85
21853.1
-22345.3
-19637.1
6042.93
-36691.1
-43712.6
-37970.9
-90168.8
-36649.3
-14821
-18213.7
-58188.5
-9338.76
54501
50966.8
103120
55041.2
61387.5
65392.5
217402
38199.3
27418.1
29372.5
29340.7
34073.4
-58222.5
-50120.4
-46628
-70820.3
-45392.7
-47895.9
-100271
-48859
-15197.1
-22589.2
-67734.5
-12846.7
52391
50459.8
123920
44694.8
60666.9
66372.6
236116
29301.1
47045.2
42268
62074.8
51746.8
-56197.3
-50685.4
-33706.4
-74733.4
-51676.1
-48260.7
-99545.8
-47312.5
-29258.7
-31923.7
-85120.8
-27066.6
45048.4
51099.8
130011
42323.2
56927.8
72279
260690
30451.6
62433.3
60814
91183.5
70758.1
-62904.9
-51616
-35267.7
-74289.3
-53802.3
-56379.7
-124905
-53818.6
-34738
-45139.6
-95347
-35102.2
42564.3
40566.7
128985
32586.3
77325.7
84721.3
297147
41654.2
83404
78544
116473
95555.6
-78250.6
-67306
-65282.9
-93975.9
-58409.1
-60514.9
-141600
-51314
-64259
-70432.8
-141592
-63240.1
24706.3
25516.7
97942.1
18093.4
84924.9
95265.7
326404
51017
95621.3
91848.2
127233
113486
-80734.6
-69117.6
-74974.5
-92738.5
-41215.8
-40978.3
-122303
-34270.6
-67187.2
-69207.4
-160555
-63102.2
27916.6
31102.8
94096.1
17710.9
85756.5
94976.5
338293
39043.6
124319
111433
155786
139090
-51699.4
-48425.5
-52468.7
-66116.6
-27340.3
-26440.1
-109256
-9695.85
-80045.2
-81706.9
-186316
-70264.5
11365.3
12086.6
72062
785.596
65049.6
71972.9
324391
20168.8
125281
112046
144294
147964
-80142.1
-78854.4
-117298
-91942.3
-17691.8
-21995.3
-98532.5
-8527.71
-73800
-78529.9
-190203
-67856.8
3522.1
8337.5
73740.6
-14942.6
43480
56748.9
302280
-11213.3
128611
114553
147278
146885
-78087.2
-75560.7
-107926
-93175.5
-6395.07
-4323.25
-67663.8
10629.2
-77164.4
-76352
-197708
-69677.6
3953.43
17162.9
84754.5
-8838.83
28091.9
52989.9
302424
-20540
131993
120915
160241
150947
-76783.3
-71810.2
-99811
-89111.7
11480.6
7631.8
-47776.4
22441.4
-76047.9
-80760.1
-192411
-67528
8594.18
15492
101686
-11554.1
28543.8
42670.4
312307
-36499.4
137447
121968
170000
154845
-93751
-90955.1
-123153
-114445
21329.9
16740.8
-22938.5
34711.2
-87719.4
-91155.3
-209202
-76180.1
6535.08
13135.9
109402
-13506.4
3533.41
21972.6
301410
-64199.6
128329
113611
164028
144493
-107524
-104705
-131443
-132138
36264
31113.4
3230.06
50037.7
-85766.4
-89210
-218782
-75837.9
13301.4
21367.4
124128
-7114.91
3597.05
31995.2
320698
-62575.4
129918
117694
165922
147708
-107375
-96802.2
-122264
-126721
51456.2
48936.7
15247.3
75852.1
-92396.9
-95427.6
-233132
-77802.3
10156.2
14320.3
111674
-10284.9
11756.4
34581.1
333252
-49044.2
128268
116651
150848
150019
-134064
-123641
-176227
-156198
65396.8
57453.8
26950
86978.4
-85133.5
-89347.9
-235517
-70154.9
3125.41
10704.2
109266
-20011.1
11279.1
38170.3
334376
-53410.6
137669
125976
162845
161652
-120482
-108597
-141170
-141060
72254.3
63397.8
38451.1
95156.8
-88872.7
-91933.8
-249068
-73887.7
-5628.57
994.899
92160.1
-31023.6
2691.96
27482.4
318619
-60712.2
144283
129915
170917
164788
-119481
-108882
-135556
-142646
76381.7
70907.3
45112.7
99183.7
-86615.6
-88041.9
-236985
-68033.6
-15825.8
-6037.28
83858.6
-39397.9
4210.11
32087.8
315621
-56864.1
143773
135633
186700
166026
-140301
-121084
-142766
-169344
98289.3
90506.8
89460.3
121781
-75399.5
-76653.2
-214881
-54928.8
-11040.8
-2472.05
88929.3
-32930.7
26204.7
50430.9
343998
-30520.1
156525
148660
222212
176024
-130209
-111721
-98615.9
-165582
109965
100407
104455
131444
-76378.1
-80772.8
-242536
-56370.6
-612.354
9295.63
100015
-18814.7
34267.8
61003.5
352829
-26549
154525
142751
211874
173095
-107114
-90016.8
-69209.5
-133761
120744
116374
128989
151003
-77612.7
-81084.6
-239035
-54777.4
-1670.89
7178.55
106685
-22417.4
51154.9
73024.3
394205
-7004.6
153798
145584
212810
174816
-109998
-93780.7
-84818.9
-136149
137044
124310
140895
162309
-66971.5
-74791.4
-248652
-42534.6
10444
17592.8
125586
-12443.7
53611.4
77415.5
393616
-8095.67
161855
148345
215178
182016
-86665.1
-73977.5
-57783.4
-109887
136951
123044
146114
162880
-72942.3
-80545.1
-267769
-49004.6
8324.06
14591.9
126218
-18248.3
47973
70881.8
385619
-10334.4
152928
136275
200041
168754
-83607.6
-75688
-63631.8
-106104
130830
114473
130784
148654
-68639.6
-78419.6
-260465
-42562.2
-585.484
6112.94
128732
-30813.6
58472.8
79480.2
393321
-3167.84
138056
122506
177606
151740
-94604.5
-84007.1
-81433.2
-120112
124550
108904
124425
144651
-70585.5
-80057.2
-261841
-43146.2
-19931.9
-11690.6
103983
-51952.5
68735.7
88126
414939
7847.47
123489
108375
149594
137536
-89979.3
-81186.5
-70692.3
-117132
120553
108372
124505
137136
-68741.4
-79604.7
-265030
-44433.2
-15048.6
-614.476
115116
-44372.4
71517.5
95060.6
430345
2037.88
124447
112681
157862
141054
-84529.7
-71772.8
-57041.6
-108228
132893
124983
154916
157531
-52120.1
-63002.5
-241570
-20164.6
9387.55
21511.6
162135
-17657.2
88521.3
111128
476675
25364.6
144574
134699
192731
167147
-90849.8
-78107
-63390.7
-111686
126225
111401
143253
141907
-49300.9
-64969
-255526
-18493.7
14368.4
24270.7
173134
-17493.1
83991.6
106414
473897
11898.5
153705
139861
201567
175382
-84672.5
-73841.7
-53467.2
-108193
102486
91269.1
116325
118736
-68073.2
-83185.5
-295071
-39670.1
6850.45
18184
156041
-22791.5
68322.1
96701.8
463444
-173.241
144914
130283
182381
166133
-100223
-90043.7
-75690.8
-124268
84541
65546
78180.6
92011.6
-76057.8
-93847.2
-310293
-44397.8
6316.58
11491.2
149579
-25645.3
80510.5
100474
471979
6422.65
144246
126141
170500
167874
-113360
-100212
-95394.4
-137884
49066.1
36032
29992.6
59104.9
-84007.1
-98213.6
-328078
-45593.5
3960.51
12060.4
140576
-21226.6
82261.3
105514
481391
14821.7
135151
119959
150424
161960
-113814
-98876.2
-94492.1
-136002
-144.957
-942.573
-2746.4
-1610.08
7405.53
12078.1
19160.5
10590.3
30390
30426.8
42566.4
39908.4
15442.5
17328.4
19301.9
20858.9
7055.51
10316
26643.8
1677.96
9594.73
10818
19736.1
11092.4
6153.24
7454.32
5914.24
7157.33
19235.4
18938.4
34196.4
19204.3
59989.5
54529.2
85780.5
67182.9
38497.7
33064.3
43064.2
41786.5
25808
27201
70461.1
19418.6
27977.4
26939.4
52055.1
26989.6
5629.98
1939.59
3787.26
2589.43
14355
15279.9
35972.6
13986.6
72581.7
67427.6
101917
83444.3
43447.5
44805.1
55811.9
54920.3
29946
35438.8
94860.5
22185.5
26534.9
24308.2
54068.9
24741.7
-1741.6
-5964.45
-12613.4
-3446.44
3910.3
5389.57
10674.5
5616.55
80932.6
74916.5
102332
95132
60048.9
58796.6
61082.7
79476.7
41662.7
48022.4
108298
40128.3
30110.7
27740.5
48530.2
33029
-7816.36
-7964.14
-28805.4
-6621.35
4391.13
6832.77
3850.9
7107.13
113608
105001
137555
132853
81022.4
74613.2
68748.5
100724
64963.3
67833.5
138128
62702
46493.7
46290.7
57630.6
53362.5
-886.712
-533.159
-22178.4
2795.19
14218.5
19924.9
20998.2
20956.5
137013
128312
165166
161659
95788.2
90176.6
88770.9
119317
79997.8
83323.3
173200
76971.4
61477.3
60763.1
84326.7
67679.3
-3386.33
-891.662
-26284.6
297.692
28690.9
27568.7
26491
39752.1
141838
126738
153217
170245
104576
92742
97278.8
127103
93818.9
93814
193624
94153.4
62382.4
59467.7
88867.1
68580.2
135.765
2757.72
-24494.9
4843.68
27184.7
20849.8
9166.23
34893.6
134567
117484
126263
162700
103983
91344.1
90632
124796
109413
105807
206568
112069
65085.6
60736.9
94333.7
69148.7
-2897.72
-3689.68
-17674.8
-4388.3
17929.4
12522.9
1377.44
26710.3
126200
108948
107403
155354
95299.6
85762.2
99777
113398
107852
106861
210836
111752
55812.6
52278.5
90596.6
55273.1
-7100.06
-11362.5
-20609.3
-8197.49
4271.63
-1393
-27540.4
11842.6
124669
106806
106466
151549
88446.3
81230.3
95582.5
108268
110846
109181
202882
118689
50847.3
46783.6
81043.6
52627.8
-26285.3
-23039.7
-42577
-29118
-5308.96
-10440.4
-44284.7
4000.1
113541
95830.6
88054.6
140052
83464.1
74710.8
91928.8
98722.7
117173
112747
201508
127823
50409.6
48284.8
75502
51510.6
-10844.2
-2708.93
-12963.4
-5852.02
-8817.62
-10946.7
-59133.9
4674.68
108232
90419.9
75451.1
137225
83569.4
76118.6
104242
98352.9
125502
118781
206868
138402
56143.6
55969.6
90256.5
57999
4706.5
3903.94
-226.981
-89.0955
156.978
-5832.92
-65294.9
14092.6
105862
89176.1
68184.2
132123
89569.2
81968.5
98141.5
100921
144217
134439
229692
151160
67270.6
62033.1
118604
59988.1
12867.9
17504.4
16817.1
14410.8
-935.502
-10624.3
-73135.3
10081.2
102411
87431.6
67319.4
127165
97151.5
89153.4
107029
109932
153864
144636
252475
160981
69576.5
69432.9
142824
61770.7
42699.4
45945.7
71980.6
42640.7
-1723.93
-5552.91
-72612.8
15761.4
100584
89531
62670.9
129924
105534
100807
117020
124235
167105
163267
282957
179357
78672.7
80300.5
172751
68272.6
70188.8
72163.1
135501
73326.3
5354.21
164.049
-73165
24869.7
106872
96045.6
73435.9
138533
135219
126646
148727
165985
192542
186229
318525
209965
85200.7
88964.6
204214
78324.8
83545.4
87803.6
162604
83530.5
10131.4
516.895
-74004.4
27229.3
108051
94712
71299.7
135585
148662
138526
152482
176034
211298
202191
343633
225879
95687.1
101374
222115
85367.6
117050
116433
214425
120019
13961.1
5510.48
-71217
33086.2
107381
93451.9
68523.6
136219
172451
158094
182510
202709
235169
220943
386645
246425
111709
113406
264570
92567.3
125780
123056
227666
128887
20735.2
10172.4
-63145.3
43933.3
119695
101594
77705.4
151537
184393
164868
196896
215030
247314
231603
421127
259401
115982
120115
294424
100096
135464
134612
238716
141615
20192.8
8087.18
-72093.1
42328.1
126952
109628
83953.4
160937
189739
170807
207595
219176
254327
241191
441682
264157
126823
132042
319362
110379
147189
141235
258897
149412
15716.9
3319.87
-81542.8
36451.4
137645
116849
81680
174713
187002
172843
205852
219917
262978
252686
466147
274214
135232
140202
338552
117828
154822
144027
275227
157809
3645.14
-7748.48
-99381.7
23364.2
136833
114483
78411.8
173248
201351
183527
223870
239549
271825
261200
483226
284951
142172
146351
354843
128184
140143
136658
253901
143903
-4562.96
-17054
-114985
16701.2
132833
111415
62312.4
173836
200159
179889
215108
234524
281916
268698
500056
292805
150617
156795
362312
136245
162900
158712
286603
174305
-12304.4
-25692.7
-135148
9941.21
135001
110963
53917.6
177014
198948
177867
214316
232933
290595
274380
519206
300303
164514
169389
391212
149994
159625
150510
275630
166570
-6775.5
-12661.5
-128437
21492.5
135136
111779
50075.2
179370
202871
182257
220123
241561
297594
286238
544661
303850
172777
173701
407442
157769
150911
147732
253040
163192
3131.78
-5019.75
-121131
33294.1
132141
109869
41096.3
177557
209344
190798
220913
250933
309804
300844
572163
318185
175338
180570
413585
163098
154151
139968
244815
164274
10478.6
-3962.63
-120487
39071.9
129616
103061
20457.3
176356
207974
186139
210647
252777
320769
308988
592198
329073
175575
170742
398554
161938
143900
127633
213627
155449
2475.58
-11893.5
-143685
32312
127356
100308
6810.85
175428
214110
191160
193060
267682
327758
316538
590581
341453
163651
159023
364290
153821
117855
111589
170107
132943
1702.01
-9409.47
-145827
36032
123835
99122.2
-5403
173909
216332
194336
183091
270060
338746
326785
604536
353597
157698
160800
343066
153638
129971
122068
177238
150368
13886.9
4011.42
-137422
54644.5
126063
101094
-9190.27
178934
230286
206363
197846
288068
355883
341985
632813
372136
164810
165887
350890
160012
114835
103257
140858
133713
19898
2774.69
-152531
61917.8
118757
93222.8
-29842
172801
220712
186154
163653
271129
351663
330924
616837
361337
160870
158315
341591
156865
100473
92316.3
101354
123607
6916.92
-12962
-185923
48639.8
103914
78208.8
-60620.3
159693
192834
162998
112892
245794
337187
320492
589499
351409
156372
154622
328143
154024
98514.8
84872.6
90393.7
122204
8150.82
-11494
-185298
48762.8
92251.3
65522.6
-96670
148239
172912
145658
85279.9
225813
322176
306031
566991
333739
147289
145322
308402
147063
91691.2
75109.6
82701.8
109250
1031.67
-17513.6
-188113
34661.7
85258
58817.1
-104119
136464
166621
141534
79123.8
217139
311524
297749
553351
320478
144137
141193
300774
141897
53762
45914.6
32139.4
72726.6
-12691.9
-33093.3
-198353
20477.8
64073.8
37936.3
-134310
114820
141779
115303
49418.3
186421
289609
274410
525460
296665
132344
132006
281552
130999
59896.9
50670.6
33437.7
82693.3
-20076.9
-39375.2
-210056
12868.6
44183.6
19125.1
-162729
92311.4
125304
96737.2
29183.7
163635
276536
258868
508924
278606
129961
128063
276882
127788
-8343.86
-7935.86
-8763.88
-12925.2
3728.57
4489.42
5854.14
6675.09
-1363.3
2411.94
1313.1
2000.41
-2653.06
-1860.4
-9302.7
2897.72
-6588.82
-7805.04
-1583.21
-13785.8
-10228.3
-9633.62
-12583.7
-14230.5
-11674.3
-10246
-2539.22
-18491.5
19511.9
20964.3
30066.2
27565.9
16467.1
19055.8
26993.8
23496.5
3267.54
3891.92
-8922.27
11099.5
-8085.77
-2665.79
20101.6
-16161.6
-16451.5
-14520.4
-17056.1
-19661.1
-20494.1
-21469.9
-5226.93
-33664.6
28367.7
31091.5
52488.5
33742.4
30227.4
31903.2
57501.9
35110.7
-1284.11
-5372.6
-15798.2
-1556.34
1380.27
2674.28
58936.6
-20890.8
-20108
-12366.6
-17945.7
-19039.6
-35959.9
-32786.4
-21085.2
-49686.3
26498.1
24413.6
43484.9
27642.2
33060.8
30036.5
46983
36983.8
-13396.8
-10181.6
-29825.1
-10229
4058.09
9376.94
91714.6
-14066.5
-22438.6
-24540.1
-19409.4
-37456.2
-47581.2
-43271.4
-25787.5
-67089.6
26725.8
21565.3
32287.2
27978.1
31352.4
30440.9
31838.9
41681.8
-14635.7
-13046.8
-37792
-8248.4
4533.97
13133.1
92177.7
-12992.4
-50657.8
-50334.7
-37292.1
-71576.9
-57246
-47936.9
-31242.8
-71761.4
25969.9
20634.8
20759.2
35585.1
44243
42992.1
29402.2
66041.7
-22433.7
-24081.2
-60761
-17542.6
11086
14329.5
100620
-10183.8
-73892.7
-59845.3
-50939.3
-94125.8
-52560
-44189.2
-29130
-68621.9
13696.7
10316.7
-5965.15
20617.8
54769.7
48878
33963
70646.3
-16663
-15267.1
-56391.8
-10400.8
123.037
11090.3
101230
-16881.5
-63416.2
-59389.9
-42525.4
-84775.7
-52731.1
-44447.3
-28161.9
-66727.5
7612
3407.55
-14075.7
15489.9
55838.1
48080.4
31241.4
74415.9
-3041.97
-3698.88
-33874.7
5426.34
-3049.75
6952.98
88215.8
-18688.8
-72851.8
-71214.1
-58723.8
-96006
-53166.7
-44857.4
-35702.5
-64812.7
318.905
-1003.38
-18501.4
4821.76
64232.2
57258
46041.8
85591.7
12650.8
9058.74
-17747.7
20984.1
663.973
8787.92
87966.2
-17182.7
-79349.4
-71007
-79953.3
-92421
-49844.7
-41395.4
-33802.5
-63859.5
-14460.3
-16642.5
-33907.2
-17498.1
72920.4
64427.3
55601.2
88428.7
27387
29588.2
10398.7
42506.3
6610.74
15680.1
98354.3
-4274.46
-89376.2
-87488.2
-102946
-114746
-35264.1
-27179.8
2322.85
-51001.5
-16408.4
-20533.7
-37355
-21898.4
82171.5
71994.1
62851.2
100838
46670.5
46777.9
37680.3
61469.5
16113.5
25866
95973.5
10899.3
-117550
-115791
-128179
-152260
-21778.9
-14059.4
33016.2
-33861.2
-25278.4
-32200.2
-53380.2
-26595
90765.6
78541.9
66637.7
118049
58727.3
54010.2
58836.2
70613.8
33269.4
35872.9
100060
29914.2
-149752
-140062
-156719
-185277
-18403.2
-12505.2
42479.4
-37119.6
-43511.8
-42268
-87348.2
-42188.1
88577.1
76446
63923.2
109305
62704.1
55249.1
75396
72221.8
36669.9
40032.1
105108
29785.5
-145248
-132462
-145303
-175397
-21934.5
-13479.6
42401
-42543.1
-61154.8
-57258
-116081
-60876.2
82604.9
75160.5
68634.6
102808
56991.4
51989.3
79852.2
63153.1
29765
30512.4
87103.5
22044.8
-143055
-133530
-151350
-174290
-32836.6
-29946
22453.5
-54698.2
-72689.9
-71623.6
-137524
-72614.9
92397.6
81194.2
89669.6
116122
59732.1
47381.8
86596.5
60904.5
27964.7
24021.8
69359.4
18657.7
-140177
-128324
-163970
-159464
-32961.8
-22867.1
29878.8
-54986
-90531.6
-88539
-170703
-95541.4
95909.1
88853.6
102757
107330
58757.7
62023.9
107511
62832.1
24571.3
27386.2
70761.6
23515.5
-134168
-126660
-168496
-158466
-17054
-7759.08
79546.7
-42879.7
-101361
-100573
-184611
-108578
98398.2
89439.1
129506
107623
75249.6
75894.5
143621
79138.7
29238.9
30781.8
63520.1
28514.1
-140315
-134355
-166485
-169263
-7523.62
3809.89
115918
-31492.4
-117436
-117234
-212643
-118251
90797.5
87767.5
134963
106560
73632.4
69217.3
148438
74548.1
30130.5
25785.4
51280.8
30062.6
-147914
-134932
-164893
-174541
-1610.08
4653.47
122159
-32286.5
-123255
-119821
-227978
-131030
90277
80166.1
132951
96663.6
69749
67461.5
146073
60895.3
22437.2
26413.3
47412.9
22824.7
-143536
-132979
-172229
-167041
-1277.74
3225.11
120679
-35181.4
-115966
-110219
-197566
-122556
85811.7
77868.7
127738
90541.5
71498.4
68416.1
168478
59901.1
27696.7
28166.2
53217.6
28606.7
-149805
-146023
-200611
-176063
-9653.42
-5106.73
106833
-41640.8
-111444
-104652
-177731
-122360
89183.1
82666.4
145570
94561.4
76790.4
72817.1
185185
60235.6
32824.6
30871.6
61785.6
27551
-155924
-144954
-229596
-168231
-13808.4
-7310.07
102405
-43410.7
-112745
-103427
-164981
-122084
91129.8
82848.9
154886
93056.7
78792.2
87112
219929
68665
43856.9
46469.6
95831.4
52501.3
-169040
-168253
-271597
-187009
-14374.1
-8283.05
109923
-50850.9
-95902.1
-92324.8
-147068
-112735
82574.5
74785
139480
84183.9
87440.1
93746.1
241993
68638.1
58412
61647
94486.4
67735.9
-209753
-208799
-334611
-236652
-11252.2
-2684.18
129161
-44274.1
-88898.2
-86683.5
-126117
-103311
80716.9
74059.5
135750
85383.1
84709.3
89386.1
259653
56594.7
79917.2
73776.7
113608
89106.8
-241316
-230521
-377744
-265573
-7491.8
8891.87
139863
-40280.3
-84295.6
-73843.2
-114552
-87529.2
76540.8
76650.4
135765
79827.4
91090.2
95158.9
278237
71831.4
82250
80008.4
119537
94507.6
-234295
-224156
-373854
-253159
5214.91
20198.5
166595
-26515.8
-69217.3
-66284.2
-106630
-69642.9
74447.7
73896.9
136812
77907.6
89175.4
91037.2
277075
64865
79773.7
72737.2
107433
90470.1
-239450
-232049
-388639
-260161
5096.83
17749.1
146694
-22312
-66663.9
-60414.5
-128370
-57729.6
85291.9
85588.2
139259
95710.4
86103
84625.8
254143
66046.6
76234.6
67091
74100.5
90809.5
-233516
-220716
-405458
-236639
20577.5
37599.7
169909
-3187.64
-58338.4
-56756.6
-139006
-51418
98034.7
93738.3
155546
103668
82749.2
94570.6
252748
68757.6
87143.1
78955.5
92544
104809
-224458
-221938
-410433
-242678
34671.6
53354
222812
2341.94
-60875.5
-61566.4
-145081
-56241.2
73515.8
74704.4
137483
73487.5
79820.3
90216.2
268828
59233.6
73888.4
69654.3
79765.9
88652.1
-260046
-255543
-430679
-287531
49131.2
67508.2
274967
14967.3
-66450.4
-69526.3
-159588
-58702.6
57759.3
59727.9
122023
56764.4
62581.8
70270.9
259743
31431.6
60794.9
51018.5
61837.2
70823.1
-296038
-280928
-455801
-328197
39453
50528.4
263309
-4326.08
-84880.4
-85494.2
-193558
-77527.2
58693.4
55171.3
129758
53021.7
53328.6
61805.4
254034
19735.4
45899
39455.9
44866.6
49854.6
-298154
-281351
-464082
-323080
17422.4
32748.9
241730
-32572.2
-97935.7
-97627.4
-206553
-97144.5
60903.8
63100.1
153690
51622.3
49780.3
63146.8
264679
12307.9
43357.7
40183.5
63729.4
43069.2
-293532
-280526
-473110
-317941
-10966.5
4338.1
217840
-67429.7
-127780
-123537
-225658
-131745
69169.2
70927.8
194988
57209.2
47259.5
58011
282008
4422.25
41452
37948.3
86373.1
32930.7
-302948
-286259
-501781
-316654
-35994.6
-15950.9
196783
-96327
-149795
-144357
-250580
-158328
80136.4
80932.6
214523
65011.4
43120.1
63903.4
298808
2242.94
48006.9
48669.5
122972
43447.5
-316410
-306037
-542876
-338650
-45685.5
-24169.6
206785
-112683
-153700
-151401
-258682
-164902
85725.4
85370.4
230298
71087.6
50167.8
68530
314777
7571.7
58600.8
60230.6
138919
53328.6
-339729
-331947
-576124
-366866
-59155.1
-32861.4
207295
-127598
-166264
-159084
-275958
-173886
96397.7
100551
251357
86375.2
45662.1
64488.1
319890
-1932.52
70070.7
70527.5
164576
61326
-364086
-344070
-604372
-386925
-4312.64
-5235.42
-15847.7
-5381.08
6907.02
7937.98
15137
3181.98
5415.02
7614.13
8024.25
5528.16
3942.83
4087.78
16991.8
-3248.45
-8599.83
-9887.47
-14049.5
-8994.4
-5426.34
-2078.89
-8138.8
-11602.2
3947.07
1122.18
2221.02
4367.8
7515.13
7720.9
27415.2
-872.57
9339.47
11035.8
34038.7
7566.04
-1344.92
-651.952
36334
-9639.99
-18656.3
-20989.1
-37832.3
-19462.4
11665.8
6600.13
19834.3
1527.35
-19989.9
-17744.1
-33162.6
-22593.5
9541.7
13075.8
31194
5929.8
6916.92
9447.65
25190
3217.34
-5634.23
-1277.03
29214.8
-19751.6
-21722.3
-23671.8
-53322.2
-17824.7
4140.82
11718.9
46883.3
-6416.99
-25020.3
-25264.9
-40800.1
-23787.8
27927.9
30301.6
59541.2
27739.1
22913.1
28380.4
53803.8
28260.9
1484.92
9437.75
62740.9
-11076.8
-28176.8
-30731.6
-68517.9
-23767.3
23789.9
27829.6
78881.3
16730.9
-36403.3
-36643.7
-74534.7
-33219.2
49563.2
52265.1
89947.5
50311.4
52362
54656.5
79243.3
60976.6
19505.5
26341.8
107465
-2527.91
-34436.8
-37275.1
-80774.2
-28133.7
33673.8
40493.2
90212.7
24201.4
-37946.2
-36672
-82805
-35625.5
62790.4
60645.7
120799
58206.2
73740.6
68414
117342
77427.5
14335.2
19842.1
134019
-11453
-53967.1
-53868.1
-116643
-50959.1
44206.9
40138.2
106949
29464.4
-45125.4
-45419.6
-100500
-45994.5
59493.1
60271
125883
57848.4
75574.2
75001.4
132269
75859.1
11913.3
24050.8
143353
-16625.5
-64179.1
-62603.7
-134990
-60575
25760.6
35366.7
97875.6
17770.3
-44765.5
-43387.4
-86375.2
-43134.2
49825.6
47890.9
103101
49559.7
74942
75711.3
162060
71806
14387.5
25333.5
156493
-9762.32
-65660.5
-64832.5
-148338
-58723.8
46826.7
47802.5
117148
40784.5
-53385.9
-49997.4
-96243.6
-59305
52655.4
51811.8
97573.7
54252.1
82227.3
85270.7
184247
74178.3
21303
34057.8
161163
-6127.79
-56840.8
-57725.4
-136300
-51439.9
52268.6
59204.6
143217
48588.1
-60989.4
-55530.5
-93586.3
-67120.7
57274.2
56357.1
97140.2
64872.1
93069.4
97213
219745
87028.6
33347.9
47082
187437
10638.4
-61919.9
-62828.6
-140701
-60414.5
63646
65548.8
149258
61371.9
-73013.7
-67308.1
-104312
-85173.1
60195.3
59661.4
91378.7
69630.2
107746
111811
248151
98238.3
48073.4
61116.7
213602
20699.8
-71896.5
-71687.9
-139800
-74563
61312.5
66726.8
138319
60633.7
-79611.7
-69923
-102910
-86287.5
63110.7
57984.9
84867
72921.8
116929
119188
280512
106816
49628.3
59266.9
227195
24447.5
-90431.2
-85692.9
-162539
-90163.9
65310.5
62699.9
128415
65289.3
-76494.1
-77007.5
-123720
-90381
68772.5
59669.9
90137.7
69756.8
129003
125231
290447
111285
46867.7
54369.4
222773
12217.4
-97508.6
-99789.7
-180770
-102658
46780.1
46745.4
94376.8
39955.1
-85703.5
-83414.6
-121013
-95437.5
46198.8
39375.2
80912.8
42282.2
108686
112784
298365
85466.6
25488.4
36807
217326
-10022.5
-113902
-113267
-205263
-116168
36102
31858
95248.7
23572.1
-95740.1
-90842
-151942
-111158
34735.9
31983.1
61512.6
27766
110348
114170
305790
77641.7
20489.1
33044.5
202894
-23140.1
-120879
-121356
-232832
-125324
11144
17300.1
76103.8
-5955.96
-102545
-95247.3
-158977
-106057
38183.8
39663.7
84081.4
38593.9
121144
133534
353224
96656.5
18488.7
38135.7
221607
-19527.5
-134915
-130924
-248882
-134295
4785.7
14004.2
76719.7
-6916.92
-109265
-107346
-203420
-111975
48955.1
47241.1
94347.8
46519.8
154715
160948
396546
127369
29615
44663.7
236276
-15218.4
-143108
-143087
-271912
-142221
-900.854
8504.37
64124
-18857.8
-111579
-106257
-224238
-106642
43539.4
40798.6
93596.9
37495.8
165018
170329
435608
134523
14574.9
29057.8
232608
-32015.7
-163535
-157328
-316064
-160090
-17539.1
-15097.4
39752.1
-40293.1
-103752
-105437
-242078
-97049
51234.8
50445.7
105293
48513.9
180201
185508
455629
158729
19904.3
36530.6
236664
-23258.9
-150155
-145009
-303587
-144128
-35812.8
-25052.1
19345.7
-54579.5
-93472.4
-92844.5
-218316
-86654.5
45464.8
43080.5
100980
36334.7
173960
175736
448804
149076
16480.5
30069.7
230478
-23683.1
-142272
-137716
-292665
-136604
-24807.4
-22126.1
32356.5
-46182.6
-98041.8
-97346.7
-223924
-92566.6
49102.2
49812.8
106772
47632.1
171119
175198
434336
151134
25428.3
40182
223782
-10851.3
-118047
-116065
-260528
-105639
-32186.8
-20133.5
43331.5
-49979
-102706
-97092.8
-218652
-97633.1
54580.2
57379.6
121195
52072.8
178565
182605
441853
162825
29429.8
46095.6
228031
-3708.07
-119917
-117340
-255565
-113833
-33101.1
-23812.5
41737
-53902.7
-92703.1
-87039.9
-196793
-88344.5
78522.1
83646.5
168678
76664.5
201210
204231
459682
190934
45640.9
61369.1
255193
9811.11
-108245
-102316
-213304
-102599
-33281.4
-19906.5
48544.3
-55838.8
-77038.6
-71662.4
-173823
-69842.4
92517.9
90808.1
188921
87759.7
211445
207264
467820
198370
45708.8
56244
254904
13099.2
-113432
-106986
-224597
-108062
-34545.7
-28458.2
33687.3
-57651.1
-72170.9
-73452.8
-163012
-71009.1
97113.3
98978
213791
91156.7
226144
223557
485900
214816
49943.7
62564.8
261487
13527
-105283
-105389
-206072
-107931
-40328.4
-27466.9
33729.7
-65685.3
-80691.5
-82570.3
-161987
-80264.4
81856.8
81472.1
194972
76134.9
220740
217877
481440
210197
35251.4
48161.7
236074
3568.77
-119338
-116750
-233107
-119186
-24390.2
-18236.3
60420.9
-47406.6
-97124.7
-94561.4
-183345
-101132
81849.7
82788.1
191000
74787.9
238716
233430
494031
228022
46507.1
56796.2
230954
13356.5
-103562
-103849
-219827
-101183
-25923.2
-13033.4
78285.2
-53940.2
-110724
-108481
-197327
-116011
88177.6
89202.9
202808
84312.6
260576
258727
525769
258293
50546.1
63293.8
236574
22199.6
-109305
-108491
-226376
-108916
-13507.9
184.555
104904
-38748
-125624
-124475
-220011
-135682
93678.2
94737.5
221484
84724.1
299447
291440
564088
300158
62917.7
72069.7
254868
30868
-110430
-112036
-218845
-113283
2212.54
15091.1
132167
-27393.3
-143242
-139309
-243245
-149934
78878.5
77726.6
211846
68298
309729
295611
581783
312951
45726.5
54194.1
239120
14852.8
-141365
-136387
-266939
-140866
3500.89
8885.5
136628
-24241.7
-158591
-154327
-275952
-167107
72225.3
73228
196950
60710.1
312656
299704
587825
316891
52668.8
60886.1
249479
21058.3
-146062
-141167
-271262
-142859
-12706.7
1361.89
115692
-43006.2
-177255
-167344
-295362
-183339
59060.4
59655.1
164842
50816.2
300294
290328
579477
298561
48697.7
56254.6
247308
15663.8
-156887
-150214
-295101
-155761
-12441.5
-1108.74
120646
-45125.4
-181285
-174385
-307215
-196428
63783.9
62257.2
151431
57687.9
303051
289756
583604
296613
57897.9
64050.4
252838
22754
-140544
-140735
-280028
-136881
-6624.88
7651.6
148972
-42502.1
-198698
-189489
-322916
-213320
65814.7
64131
143538
65507.8
302518
293193
594809
292939
61760.1
69483.8
264597
25129.2
-151172
-150662
-301504
-150027
-573.464
15161.8
162613
-34983.4
-216926
-210871
-361329
-232277
67110.1
62319.4
127927
70504.2
307576
293191
602747
296283
64768.9
68566
272286
24399.4
-165864
-166754
-326535
-160812
-1946.66
13364.3
162286
-39927.5
-232121
-218594
-387753
-242301
67838.4
61900.8
109459
74534
297056
285652
603149
285439
52979.3
58614.9
264557
15571.9
-186339
-182639
-372716
-182347
-9242.59
876.105
151922
-49155.2
10098.9
6923.28
5297.64
20124.3
-4292.14
-3818.38
4236.98
-4768.73
-5497.76
-4438.51
-11433.2
7088.75
-596.798
377.595
-1605.13
5760.09
-6571.14
-2081.72
-12896.9
5196.53
12653
14587.6
21732.2
18432.2
9589.08
5238.95
-18241.9
20878.7
-13942.7
-10528.8
1691.4
-24406.5
-5218.45
-6569.02
-28860.6
1152.58
-8317.7
-7269.76
-17266.1
-6131.32
-6574.68
-8470.43
-27778.7
-76.3675
16689.8
16476.3
34272.1
15519.6
11043.6
3127.53
-39766.3
25210.5
-12723
-4538.92
24007.7
-22179.8
-17703.8
-17448.6
-54076
-14538.8
-16355.4
-17760.4
-31762.5
-17457.8
-29212
-29290.5
-70379
-28822.4
23689.5
21220.3
43364
22057.5
10837.8
1309.56
-64261.9
25260
1579.68
12119.1
59713.8
-7726.56
-5498.46
-6799.54
-53870.9
2713.88
-13352.3
-12541.2
-26872.9
-17373.6
-27782.2
-25716.1
-59655.1
-29733.1
30035.8
27764.5
48789
30751.4
4714.99
-8481.04
-88103.4
28901.6
25823.5
29673.7
98777.2
14075
-830.85
-11506.7
-75091.9
17703.1
-6414.87
-8970.36
-18307.7
-1556.34
-21834.8
-22993
-43344.2
-15183
41956.2
37741.1
58452.3
47671.7
-17091.5
-25403.5
-145898
11540
32748.9
36131
119164
21242.2
-17357.4
-22711.6
-112487
1724.63
-21664.3
-23509.2
-54839
-15955.9
-34644.7
-34326.5
-68290.3
-33205.7
35478.4
30515.2
44105.1
39349.8
-10124.4
-23290
-148732
19732.5
26104.3
27174.8
112853
11096.6
-32239.8
-41271.7
-144746
-12823.4
-35020.2
-36781.6
-82713.8
-27035.5
-38008.4
-38668.8
-90439.7
-30235.9
35378
32324.7
48150.4
39363.9
-14462.5
-28408.7
-167671
14101.1
8054.65
14666.1
73145.2
-6356.18
-64367.2
-72932.4
-206151
-49599.3
-57161.8
-57002.7
-137341
-48955.1
-45937.2
-50048.3
-131057
-34771.3
17615.4
16726.6
19749.5
18598.3
-10649
-22947
-153193
17948.5
17710.2
27775.2
98263.8
5688.67
-91517.3
-95269.9
-238705
-79798.4
-70207.9
-67562.6
-146928
-63959.2
-53651.7
-56471.7
-159681
-39238.1
23029.1
23319
38061.4
24111.6
-15156.8
-27897.5
-163159
9312.6
25572.5
35496.8
108424
15564.1
-106644
-110372
-264362
-98715.6
-71121.5
-67533.6
-147398
-70630.1
-57115.1
-61467.4
-173146
-45109.9
24371.1
24888.7
38215.6
26759.7
-25004.7
-39878.7
-171978
-1379.57
38136.4
40830.5
119088
24417.8
-124331
-132771
-296234
-117914
-71055
-71439
-142476
-67440.3
-57690.7
-64377.1
-174125
-43710.5
31237.1
29126.4
47072.1
31346.8
-41640.8
-49828.4
-201912
-12215.3
43429.8
44260.6
120107
34921.9
-160390
-161316
-356463
-149796
-87310
-86817.9
-190921
-77173.6
-68696.1
-73371.5
-206121
-49853.9
18740.5
15127.8
22273.9
19758
-25341.3
-31482.5
-187418
7323.5
38973.6
43304.6
120936
25676.5
-157290
-149387
-359970
-139074
-92882.7
-89146.4
-217602
-84302.7
-60724.2
-56939.1
-216323
-29295.4
29010.5
37586.3
45370.1
37884.7
782.06
-10409.3
-154371
36454.9
32910.9
36732.1
126062
19294.1
-132103
-133370
-328508
-116455
-91413.4
-91792.4
-222570
-81052.1
-22334
-29929
-188426
13352.3
53001.9
52593.9
89158.4
58420.5
8153.65
-9429.27
-154084
37797.7
14954.6
17906.8
102490
-1327.24
-143287
-146088
-349874
-135377
-113514
-116419
-265277
-112149
-13401.1
-22288.7
-197899
20306.7
55517.1
52424.2
91166.6
56199.4
10941.8
-6444.57
-147785
40438.7
-2551.95
1793.93
86088.1
-21836.9
-142120
-145211
-344755
-129666
-127992
-129797
-274918
-129352
4384.77
-9353.61
-168851
39740.1
60041.9
54831.9
109334
57971.4
7945.76
-7910.4
-151132
42578.4
-12351.7
-3462.7
78156.5
-34896.4
-144873
-147833
-357691
-130200
-142606
-142346
-293381
-141807
16300.9
3091.47
-151043
57028.2
63445.2
66202.9
130794
66705.6
5169.66
-8799.94
-163634
41918
-5725.44
4072.23
94815.2
-28548
-145574
-147218
-362537
-131305
-154954
-154075
-323640
-152348
37257.5
22227.2
-134956
82580.9
77434.6
79412.3
149844
80154.8
8242.04
-4024.85
-154832
47374
-19612.3
-9840.81
92690.4
-51789.2
-148928
-146921
-367346
-124133
-174118
-171023
-351088
-172222
42439.8
28270.8
-143758
99789.7
83502.9
84144.3
164122
84212.2
21827
7438.76
-137036
61720.5
-29135.6
-15243.1
98215.7
-63703.2
-130156
-133324
-352275
-105928
-181182
-175848
-364234
-176368
58989
39395
-149171
121698
87596.4
88149.3
170948
91257.8
18541.8
-479.418
-134784
50428.7
-43757.2
-29088.3
100824
-83330.4
-133488
-139553
-359627
-114547
-198430
-197690
-387927
-202983
53458
31399.8
-175239
112970
90286.9
85728.2
174508
91230.9
21310.8
4582.05
-134335
56982.9
-51712.1
-31957
102458
-90600.9
-125099
-128082
-363817
-94405.8
-207290
-201190
-401765
-209808
63194.8
41727.1
-173852
131224
93456.9
90172.4
163787
102298
13860.7
-789.838
-143379
51997.8
-55460.5
-33617.3
108798
-101342
-124811
-132481
-388251
-89749.5
-217119
-212026
-419297
-215987
69274.5
46395.4
-171379
141986
92305
91793.1
151515
104061
-2780.34
-18328.9
-168068
27336.7
-54979
-37292.8
128206
-109712
-130016
-141946
-404413
-102795
-237194
-236047
-454699
-243970
65123.8
35519.4
-195357
130577
92334
85447.5
143548
96621.9
2568.21
-7342.6
-153029
36624.6
-70031.1
-49351.1
114990
-123784
-138781
-146097
-418395
-104872
-252003
-241444
-475178
-250255
68001
41016.4
-206308
142937
93022.7
87776.7
145781
99779.1
11129.2
-364.16
-137811
42553
-86720.3
-63324.2
89343.6
-142170
-142955
-153914
-426846
-113794
-256494
-247497
-493030
-254966
81137
48524.5
-201926
159397
82600
76127.8
127783
88094.9
24943.2
10349.2
-109749
52308.9
-102832
-77208.3
68582.3
-156971
-158623
-169998
-452947
-133422
-255963
-247774
-498212
-256020
87470.5
51322.5
-215225
166615
84621.6
76098.1
123157
89929.8
28074.3
13380.6
-96584.4
52601.7
-105792
-79407.4
66699.3
-160008
-165065
-179273
-468317
-142478
-247512
-240514
-487098
-248680
86861.7
48499.7
-215560
160662
79450.5
70283.6
111949
83785.8
26040.6
15356.9
-81956.5
52326.6
-107151
-81495.5
65791.3
-164313
-180992
-191429
-496161
-150738
-241515
-234133
-477694
-235030
89260.9
55988
-198172
171844
72897.1
66823.7
105930
81311.6
17084.4
9195.92
-89614.5
43456.7
-116123
-88574.3
51444.1
-172439
-202023
-206410
-528240
-172950
-250167
-242393
-504091
-243777
93481.6
59478.3
-202826
176480
55837.4
51584.9
73930.1
63098
26682.7
12948.5
-77332.7
53822.1
-124570
-99523.2
49743.5
-187102
-202169
-203804
-532685
-164474
-248317
-240988
-509392
-240266
106835
78901.1
-191495
199408
65615.3
67968.5
95572.6
75820.9
19340.8
7592.21
-81648.9
44525.8
-143883
-113063
35462.8
-211935
-190324
-196812
-519670
-157145
-246668
-240477
-506226
-239565
131773
94708.5
-159679
220528
76905.6
75605.3
125749
82202.6
15167.4
-869.741
-94883.1
38801.8
-151887
-116493
42058
-219230
-199269
-204678
-533314
-168537
-250827
-247488
-513366
-247236
133184
97206
-157312
217529
85312.4
82061.2
146909
87411.1
9705.75
-3429.47
-108817
32414.5
-152999
-117363
45875
-221850
-187705
-192097
-523574
-152312
-248509
-243721
-507923
-248048
142396
106964
-126966
223901
91009.6
88825.3
162635
95057.1
7482.6
-8831.76
-117181
33181.7
-147733
-115668
54749.2
-223169
-179863
-190997
-535438
-139388
-245682
-241488
-505941
-238783
157664
119739
-90784
240111
100849
99562
179877
103546
-24843.5
-39545.7
-167739
-1100.97
-150771
-119501
60599.8
-227331
-182411
-195521
-549403
-141965
-255701
-255857
-533180
-248241
164202
127782
-73044.1
248653
102028
97187.6
186074
102059
407.294
323.855
11610.7
-6453.76
-152.028
134.35
8348.1
2894.9
9744.64
5764.33
21794.4
5452.5
6656.7
3893.33
11193.5
5980.71
12422.5
16791.7
26260.5
16880.1
1338.55
5675.24
20877.3
1779.08
-10843.5
-8420.23
6334.26
-18386.9
-6291.13
-2690.54
-1291.18
-4101.93
-751.655
-1757.87
9246.84
-4065.86
-1180.16
-1486.34
-9125.92
5055.81
24607.3
23957.5
36831.8
28257.4
525.38
364.867
16275.5
-569.221
-27906
-26230.8
-12364.5
-40911.1
-1252.99
1716.86
6719.64
-217.789
-12555.4
-13767.4
-1673.01
-20082.5
-16718.1
-19234.7
-45713.7
-14708.5
24032.4
24222.6
34607.9
27792.1
-11747.9
-10267.9
1901.41
-17734.9
-37845.1
-30148.2
-9609.58
-52894.4
11393.6
15775.6
32743.3
12740.6
-18538.9
-16794.5
3292.29
-27862.8
-30592.3
-30615.6
-57811.6
-30712.5
25028.8
24658.2
44495.4
24601.7
-21175.7
-13165.6
8780.85
-27437.2
-35554.7
-24247.4
15624.9
-54031.4
29297.6
32857.8
71977.8
32565.1
-15682.9
-11938.1
24115.2
-29697.8
-26203.3
-21881.4
-47319.6
-26354.6
36782.3
41787.2
86951.5
33227.7
-7492.5
6425.48
57086.9
-16628.3
-18078.6
-13149.4
43342.1
-39452.3
43229.7
40047.7
82809.3
44581.7
743.876
-196.576
43884.5
-10975
-25341.3
-29087.5
-55224.3
-27780.1
54705.3
49758.4
103220
51324.6
11887.2
13396.1
82184.2
-3934.34
-23080.7
-16949.3
36316.3
-44415.5
51170.5
46087.8
81069.8
60398.9
-12841.1
-12065.4
28519
-28524
-38601
-38398.7
-77981.9
-37562.9
50185.5
49281.8
93801.3
52957.3
7001.06
11404.2
75578.4
-6024.55
-30604.3
-24404.4
30642.5
-55471.1
51729.8
43976.4
69118.3
59561.7
-26344
-23057.3
16013.1
-44209.7
-35421.8
-36879.2
-89079.2
-28999.2
53797.4
48658.1
97167.1
53122.8
9416.54
7770.4
72158.1
-8425.88
-48598
-38559.9
6221.83
-70123.8
58424
54942.2
67953
70167.6
-55704.5
-47438.4
-19688
-76571.2
-53244.4
-51311.9
-141223
-41254.7
41681.8
41852.2
73602
44842.6
1709.08
7550.49
59374.3
-11127
-46371.4
-37191.7
1361.89
-67837
87387.8
79155.7
94868.3
106917
-70649.2
-61986.4
-37609.6
-94960.2
-62543.6
-63301.6
-178471
-49641
42894.5
38303.3
65223.5
44847.5
11742.2
18713.6
64819.1
2175.77
-55215.1
-49237.3
-11536.4
-79437.1
103124
87871.5
98763.7
131803
-92421.7
-85008.4
-63377.3
-118993
-67222.5
-71651.8
-211503
-47180.3
36951.3
31760.4
57555
38804.6
26078.8
29964.4
84980.8
25445.9
-65201.6
-52617.9
-16058.4
-89127.3
89882.5
78442.9
62157.5
114085
-110519
-97469.7
-89051.6
-139754
-80930.5
-82443.7
-240327
-62815.1
6748.63
5365.53
7059.75
5202.89
18939.9
23335.2
60791.4
11371.7
-48704.1
-33851.3
6996.82
-70166.9
122287
109231
105176
150952
-108856
-95371.7
-80303.3
-142135
-67031.6
-72713.2
-237309
-46808.3
28734
31351
39279.8
33072.8
36223.7
39846.2
83648.6
35193.4
-29351.3
-16480.5
40766.8
-48173.1
134724
120639
131842
162652
-107751
-91078.9
-60659.2
-141375
-61671.7
-69017.2
-227963
-36173.5
50171.3
50433
74944.8
56369.1
41432.9
39115.7
93543.2
38802.5
-17162.9
-9091.98
46332.5
-29902.1
157030
143217
170075
185614
-116836
-100150
-66453.9
-151109
-65750.3
-74966
-257516
-37693
68214.6
63972
96913.2
76769.9
43223.3
39726.7
88954.7
41898.2
-4760.95
6768.43
55168.5
-11752.1
195299
182146
232306
228653
-120568
-101109
-68122.7
-156773
-63095.1
-71361.2
-262059
-31259.8
77459.3
74932.8
110601
86892.1
51438.5
54688.3
100166
59567.4
11608.6
18788.5
73546.9
1211.98
236585
218273
298405
274674
-120608
-102628
-58672.9
-160176
-48179.4
-56828.1
-255789
-15216.9
96748.5
93998.5
145120
104401
77410.5
80266.5
136721
86700.5
25002.6
29979.2
88649.3
20169.5
250597
227577
293241
287802
-115597
-97439.3
-49844
-154711
-62700.6
-75750.9
-289406
-30152.4
105640
94697.9
129384
118579
83536.9
77127.7
120996
91203.3
23667.6
20544.3
75891.6
14985
259054
234431
301285
306226
-124230
-108295
-51619.5
-164074
-69009.4
-82748.5
-300648
-31192.6
111086
99960.2
133838
131593
69383.4
58433.9
82378.6
78515
6508.21
6154.66
58439.5
-4357.19
257507
233793
288292
301347
-133810
-113313
-60495.8
-173308
-68890.6
-82189.8
-312862
-26812.1
110104
97831.8
127733
130851
45612.6
33637.8
38335.1
50498.7
-3479.67
-3027.12
33629.3
-13766
275989
250486
307073
324012
-142364
-122761
-75316.1
-183283
-67251.5
-82443.7
-337994
-20172.3
121057
108974
135538
142675
32826.7
21357.5
6033.74
38048.7
-10732.5
-10046.6
18391.8
-20155.4
297563
270852
332043
348353
-159151
-138955
-98552.3
-201974
-71421.3
-89642.8
-359656
-23409.5
118778
101315
133338
136140
19880.3
12533.5
-16293.2
27496.6
-31769.6
-27007.2
-1702.01
-44972
308390
280086
344365
365694
-183752
-161844
-128136
-231475
-83767.4
-98564.3
-388412
-35826.3
101777
91112.1
120929
115653
3487.45
3886.26
-32822.5
13599.1
-25654.5
-23596.2
9446.24
-40491.1
310191
277650
328484
370257
-180220
-158049
-120191
-225945
-83478.2
-102031
-390997
-32150.7
102711
87280.3
115375
115863
-392.444
-8392.65
-47373.3
6226.78
-35862.3
-30344.8
5164
-57171
306210
272389
311215
363201
-183366
-159719
-128906
-234809
-97681.1
-118094
-418562
-57035.2
91822.8
85641.9
106252
106316
-14292.7
-17503.7
-70260.3
-11719.6
-48494.8
-39435.3
1763.52
-74609.7
288722
256222
294207
336226
-184841
-159572
-125312
-237097
-103096
-120973
-420632
-59590
99310.3
91629
120110
112593
-26076
-31126.8
-73809.2
-30567.5
-53503.9
-46045.4
6542.86
-77070.4
287600
259266
310524
338236
-172893
-146563
-99666
-216944
-106181
-124266
-428602
-58185.7
120933
112720
157951
143229
-24223.4
-27544.6
-50437.9
-27307.8
-52834.3
-42548.7
12411.1
-76796
300058
270389
333217
348619
-161029
-135540
-89961
-205243
-108279
-125365
-440656
-59184.1
137037
126344
176255
158444
-17958.4
-14026.2
-28871.2
-18220.7
-48006.2
-38369
30387.2
-81658.1
307649
276388
351713
355980
-146573
-129200
-71221.2
-196191
-106098
-127028
-448467
-61846.4
157951
144026
210491
171568
-2815.7
-402.344
2185.67
-7316.43
-43864
-31504.4
63717.4
-71098.9
289376
264819
343756
337292
-139327
-113361
-47704.3
-178829
-116433
-130103
-439682
-67179.4
150869
142889
219278
174204
-22085.8
-17176.3
-3239.96
-30136.9
-48772
-37730.5
38576.9
-75584.1
298977
266584
337223
351566
-132008
-111574
-53017.5
-175073
-125299
-141846
-475444
-78067.4
157635
144172
206552
179681
-21400.6
-21505.9
-17307.1
-27907.4
-48387.3
-37887.5
31993
-75980.7
288526
256822
312751
339437
-131313
-109237
-49306.6
-175203
-127175
-141271
-478833
-77121.3
164141
152868
212401
190768
-28096.9
-29725.4
-34760.7
-34088.2
-45814.9
-35030.8
28533.2
-69661.3
299107
268703
327018
347409
-124758
-100269
-34726
-165474
-134485
-148350
-504601
-81811.5
184433
168467
232567
211257
-19334.4
-22327.6
-24041.6
-29068.5
-36867.8
-28359.2
29094.6
-57902.9
320179
285826
360301
370332
-114383
-93342.3
-24952.4
-157317
-134653
-149501
-514959
-82069.6
187569
169586
234359
214601
-15434.7
-16296.7
-13990.8
-21663.6
-45683.3
-37783.5
14149.2
-67685
324590
290515
367902
382716
-118751
-100198
-27443.5
-161058
-141949
-157710
-540965
-85037.4
185459
168255
230276
212198
-17925.2
-14588.3
-13117.5
-20069.8
-53786.1
-41022.1
982.878
-71717.6
306527
275828
327532
359058
-124038
-98277.2
-37384.7
-164118
-167278
-180225
-578082
-112150
159070
144455
177112
188832
-35023.7
-31853.7
-54393.5
-40825.5
3341.79
10096.1
11326.4
4629.43
1977.78
6378.81
7608.47
1000.56
-8598.42
-4775.09
2696.2
-15951.6
-8377.8
-7672.82
-14961.7
-12586.5
-18464
-15851.2
-17120.5
-27842.3
4236.98
9589.08
8613.27
6856.81
17687.6
21127.6
29506.9
17662.8
4835.2
7524.32
3030.66
7226.63
-11110.1
-7727.26
11204.8
-17205.3
-23963.8
-26138.9
-42018.4
-32218.6
-30535
-31879.9
-37232.7
-35671.4
10416.4
9622.31
6086.78
16517.3
26950.7
31241.4
49706.8
28238.3
4043.94
7130.46
-2244.36
5868.99
-12208.2
-3643.72
21288.2
-20855.4
-53372.4
-50481.8
-72694.8
-68976.1
-49507.4
-48832.8
-67768.4
-57690
11124.9
10455.3
-6407.8
23278
43555.7
49431
69976.7
53484.8
-351.432
1807.36
-8444.27
-1272.79
-12661.5
-2654.48
23946.2
-23000.8
-74920.8
-68564.6
-89241.8
-88931.4
-62026
-57844.9
-94352.8
-70436.3
19803.9
22157.9
-2875.8
38110.2
71267.2
67733.8
101890
82598.6
19989.2
17611.9
26324.2
22087.2
-18674
-10875.3
31604.1
-32340.2
-77529.3
-73790.1
-96728.7
-88951.9
-59602
-56762.3
-87551.1
-62693.5
51303.4
44991.8
31301.5
70579.2
85586.8
89048.1
119482
96429.6
24260.1
25593
26583.7
28782.1
-9111.07
3265.42
54614.8
-21568.9
-91311.5
-82655.8
-121690
-110668
-58568.2
-57056.4
-91677.1
-66970.8
66446.1
63102.2
40788.7
89048.1
104061
94394.5
145242
116021
31895.5
30139.7
36771
40879.3
2247.19
4057.38
72706.8
-14319.6
-94144.2
-88597.7
-124947
-107475
-64294.4
-60724.9
-97515.7
-70771.5
80147.7
66822.3
57528.8
99327.3
101654
94772.8
136957
109126
31983.9
31079.5
27647.9
38992
-768.625
5085.51
71110.9
-15074.8
-105975
-102666
-148261
-124430
-62279.1
-61264.4
-103851
-68124.8
70314.7
57759.3
43125.7
87499.5
101106
95979.8
143005
114610
31276.7
29429.8
29018.2
41284.4
3042.68
10468.7
73712.3
-7027.23
-128966
-119705
-167441
-148287
-67081.1
-64930.1
-117047
-69254.7
61327.4
47948.2
24871.1
82606.3
111908
109746
154919
135106
22889.8
22929.4
22766.7
32612.5
14118.8
21758.4
79398.2
7155.21
-134941
-121142
-158671
-151429
-61987.1
-58916.1
-118971
-60616.7
56690.2
51175.4
26599.9
85262.9
120957
106668
148174
135347
35532.8
30379.4
35933
42759.5
6273.45
9017.03
58931
-5745.24
-126762
-118008
-155271
-145482
-48013.3
-47987.1
-111915
-40805.7
72365.3
58950.8
40062.5
93787.1
114713
110185
142387
136344
36166.4
35006.7
32028.4
50617.5
6722.46
13840.9
59838.9
5408.66
-138966
-126453
-174890
-160612
-42968.8
-45301.5
-112662
-38023.3
75939.7
66084.1
38905
101921
120244
104464
137424
132732
41753.9
37335.9
26824.8
56647
8828.94
6308.81
38310.3
642.053
-147491
-137351
-201045
-167297
-55038.4
-55528.4
-136293
-50101.3
81505.4
68199
44805.1
100551
102459
87412.5
113766
110507
47528.9
40177.1
22432.3
63411.2
795.495
-1817.97
18510.6
-7474.83
-161671
-154482
-236853
-182698
-56107.5
-58844.7
-142944
-50298.6
83819
68433.8
49245
101982
76164.6
68530.7
90593.8
84741.8
43594.5
35317.2
11173.7
62484.2
-19214.2
-19830.8
-16300.2
-26708.8
-189355
-175481
-279799
-208031
-66139.2
-67181.5
-160587
-60954.7
83350.9
70346.5
51294.9
105306
78258.3
78837.5
101080
96459.3
40353.9
33137.9
-3342.49
62527.3
-18859.2
-15360.5
-22056.8
-18098.4
-189346
-173825
-282690
-201846
-53544.2
-54487.5
-143471
-44958.6
101593
95071.9
88783.6
131123
79572.8
68307.9
81638.3
93449.1
43623.5
34682.2
-8997.93
66426.3
-27072.3
-28111.7
-52941.8
-26555.4
-187726
-178489
-293829
-201937
-46166.3
-48240.2
-141986
-32396.8
126298
110338
111804
155110
65039.7
63083.1
57417.1
79772.3
46442.1
36860.1
-13653.5
72933.8
-35678.5
-35049.9
-77040.7
-34682.2
-201374
-187131
-321023
-216429
-48112.3
-50907.4
-147992
-39489.1
133978
121750
116570
164605
86682.8
75406.6
91996.7
99829.3
61594.7
49142.5
10086.2
83919.4
-31812
-35695.5
-67941.6
-35320.7
-190869
-184256
-318463
-204914
-38289.8
-43414.2
-123295
-30635.4
156445
137428
157528
180767
81119.3
74839.5
102929
91404.2
65845.8
57429.1
25721.7
89272.2
-40717.3
-40848.9
-65504.3
-43516.1
-201214
-193323
-332577
-216770
-39516
-41500.1
-113012
-31378.6
150894
135657
168230
175493
84920
80984.2
117026
98897.4
73869.3
61067.9
40126.2
95047.9
-49346.9
-46845.8
-79087.8
-51567.9
-218065
-208319
-357877
-235945
-35027.9
-39880.8
-109829
-28842.2
154001
137570
172583
177971
104431
104744
149038
125900
70153.5
59836.1
46667.6
89616.6
-46173.4
-40621.2
-76304.6
-46391.9
-218449
-206050
-351110
-231276
-26670.7
-29582.5
-89824.5
-20040.8
163004
152627
204448
190292
117624
106303
153761
131059
79397.5
65490.1
60025.6
95598.7
-61069.3
-59298.7
-103665
-66888.1
-226067
-218859
-379943
-241288
-20830.7
-24608
-87155.2
-9874.75
189474
169671
238336
212951
119514
118467
160282
142698
79984.4
70975.1
56945.4
106100
-64983.8
-59913.9
-111043
-63938
-240746
-227138
-411407
-252535
-18202.3
-21262.7
-89502
-7899.09
195958
183067
241221
227464
147695
136747
209178
164550
87320.6
75903.7
66758.7
109488
-53914.8
-55903.2
-92225.8
-59405.5
-222942
-214683
-385556
-231575
-12370.1
-18546
-75204.3
-5635.64
211764
197313
285694
238867
147745
141362
225766
158368
78503
69688.2
57709.8
96875.8
-52275.7
-48536.5
-75260.2
-58305.9
-228422
-221197
-392594
-239192
-18638.6
-21836.2
-83606.2
-6170.92
213147
201076
302934
237707
143138
137137
237278
152541
66989.2
55290.8
47470.2
78945.6
-42893.8
-40088.7
-58115
-49790.2
-245071
-235981
-412414
-255980
-29229
-34091.7
-114546
-20206.3
218204
204306
311633
242891
140850
137909
238642
153489
31479
19886
4121.02
36365.8
-33171.1
-32980.2
-39018.2
-42635
-259655
-248418
-426074
-271945
-31436.6
-37598.3
-129430
-22377.8
215928
203091
313883
239511
135364
125825
217420
142424
8027.08
834.386
-20004.8
10678.7
-43907.1
-41423.7
-45705.3
-57129.3
-263115
-254032
-432411
-282589
-23256.7
-30249.3
-126828
-6534.37
219280
202707
322669
238082
123807
122269
201045
139709
-8500.84
-15650.4
-47936.2
-3872.82
-46147.9
-42629.3
-42890.3
-54183.5
-279415
-267383
-462003
-291917
-28124.5
-37465.3
-149839
-10195.1
219450
206393
321101
243851
128625
117400
202293
135801
-11978.4
-10883.1
-52101
15.5563
-67482
-65727
-77064
-83219.4
-277044
-261923
-478622
-287198
-52863.3
-58266.3
-189107
-35316.4
219450
203536
312215
240223
120660
114207
215276
122862
1623.52
2497.5
-31674.1
14184.6
-82087.3
-76974.2
-91676.4
-93625.9
-264853
-252781
-457842
-275110
-63279
-66799.7
-190381
-45461.3
209186
195266
310104
229767
125778
121547
245018
127510
16042.8
12092.9
-9254.61
26579.4
-96293.8
-89130.8
-118735
-108867
-260689
-245687
-450530
-270794
-72420.5
-75400.2
-194464
-62003.4
207295
192554
311157
222937
139697
135766
274196
141619
14931.3
6546.39
-10206.4
18818.2
-98374.1
-93168.4
-139135
-112035
-240773
-230851
-422418
-250584
-71373.9
-75340.1
-187199
-66364.8
206906
192313
319600
219388
132073
125901
266866
124260
17585
15004.8
6426.19
21760.5
-122264
-114797
-175350
-139239
-233193
-222639
-407762
-243618
-80627.1
-80386.7
-197779
-71695
208072
195544
322057
222732
121858
121544
271784
119152
15173.8
8036.98
6841.97
20335
-135839
-130598
-191420
-148230
-235830
-226048
-409927
-246806
-93782.2
-96925.2
-210791
-90269.3
202155
188092
315882
213553
