-342066
-371430
-1.18733e+06
-230602
109045
96619.1
197885
114446
258793
251390
570229
245627
243063
217812
120851
327859
492991
473529
842787
519640
531207
492730
753622
587746
-348859
-373539
-1.20157e+06
-217025
108460
109162
195898
123342
253393
249836
545314
242138
246174
213419
87287.4
344058
526364
497726
883492
556428
552283
510895
794545
610120
-355916
-391589
-1.23663e+06
-232538
94757.3
85456
164934
108689
230477
219328
520268
211664
215163
171469
-2818.53
314198
507755
481574
849362
540785
548919
502995
784684
615351
-362381
-386232
-1.27836e+06
-232427
69172
55887.6
67545.7
78099.9
213561
209772
473327
188578
170264
136978
-107151
258805
530767
511728
867044
572579
528402
487428
715729
581370
-378063
-408450
-1.32374e+06
-256511
51594
52954.5
33286.3
70246.8
216029
223623
496047
205922
169765
137141
-132195
276284
551148
527531
864842
599666
564230
529952
789290
626669
-366357
-392128
-1.27751e+06
-242057
80712
81911.2
94063.6
93573.6
256869
259348
567701
251390
199658
168093
-103403
309455
598953
573365
942624
655696
616082
583409
907883
682060
-367932
-404134
-1.29015e+06
-251958
104315
88806.2
124269
106062
252346
254543
567021
223536
289031
254006
41193.9
398836
644092
595139
990525
687484
659436
615520
973766
713296
-360387
-393117
-1.27337e+06
-226201
120652
116312
167634
144518
257593
264437
577529
245437
364657
314242
152526
490083
664870
609800
1.00923e+06
719908
684206
634105
1.01239e+06
749247
-354834
-399240
-1.27142e+06
-237428
129821
120689
170859
142400
243175
242093
569501
212986
413918
347790
207429
540595
637910
590357
995665
676203
675257
619024
994300
733474
-379397
-404942
-1.28925e+06
-257667
98572.8
91629.7
105618
116394
210667
214333
494286
179328
373300
322145
155619
483378
621483
584903
979160
668310
602481
552660
856326
654963
-386181
-416690
-1.29899e+06
-273518
97090.7
91977.6
104317
116797
200574
208415
508706
183846
415167
357186
212515
539580
638534
596225
1.00901e+06
682079
605877
567385
869524
669463
-387551
-421437
-1.26559e+06
-280974
81960.7
65447
72738
87105.7
195693
194097
477629
168131
445659
386788
271690
566815
633202
582870
998569
666864
611419
564591
867336
668482
-440272
-463593
-1.35409e+06
-336196
59540.5
59598.5
65350.1
72288.2
171816
181731
464063
146730
457017
401521
316123
583919
608205
585223
988576
651614
612239
576781
883853
680455
-428749
-450186
-1.33799e+06
-313864
98747.5
110742
148782
124452
190102
201537
489313
166149
473827
409416
316804
601706
649362
619966
1.0381e+06
695075
638404
595351
920734
705845
-443726
-484145
-1.37169e+06
-346755
139384
127834
187356
149386
189991
191501
489215
152931
449330
371433
250202
574791
651290
619293
1.03402e+06
693487
610513
553841
870395
666125
-476127
-490792
-1.39051e+06
-366445
122978
125437
183645
143497
175807
185042
487862
138626
376794
318743
172465
480001
662423
636497
1.07494e+06
714836
544170
507422
785876
594531
-509680
-529825
-1.45279e+06
-418481
134639
130606
200847
154246
169370
174414
502150
127129
349522
291003
132756
453525
669423
631106
1.06961e+06
715304
529720
486348
780210
567928
-507240
-524398
-1.40847e+06
-411083
146863
149894
240377
164769
179130
186027
526787
150725
334380
281974
142914
441713
677643
644806
1.07982e+06
736005
513393
484671
780292
564913
-527164
-538950
-1.41997e+06
-439960
157150
151841
266470
163550
176521
193385
535470
136996
395814
349922
237712
506336
702638
661596
1.092e+06
761388
539804
516690
808384
603871
-516855
-532264
-1.41579e+06
-418765
150098
150694
278754
164179
201373
207411
561366
163325
436851
374886
285716
551452
721919
669040
1.09168e+06
790806
561237
515977
816387
623092
-516756
-539325
-1.43342e+06
-438252
126758
129631
252322
108453
181895
199290
546003
135494
452356
385216
287598
563737
681712
641018
1.02062e+06
736903
536488
499022
769748
589384
-508239
-529598
-1.41116e+06
-411548
113463
105722
264601
105871
216002
218500
601172
171507
453540
382713
298352
558624
700058
650908
1.05183e+06
766345
520766
471702
730837
576964
-516887
-541999
-1.46805e+06
-419012
81269.2
77810.7
198990
73367.3
218510
228615
604597
191146
469740
400867
298562
597734
700680
650029
1.01382e+06
775106
511009
469317
695524
570870
-541370
-562677
-1.52139e+06
-443475
27751.8
27362.9
89930.5
5561.39
221464
223434
574125
186521
475803
407576
267677
603651
676137
626578
940303
748173
484611
444871
623803
545706
-537114
-564272
-1.56683e+06
-424002
11314.4
17464.1
58837.6
9371.29
201921
209685
553923
169302
492385
419787
293743
631811
669589
619172
925618
751020
487371
443146
617019
560521
-508827
-537644
-1.56578e+06
-385720
38162.6
44590.2
88591.3
38263
235931
246654
609593
198798
495660
415720
270973
631755
678793
623549
924153
750064
500127
449239
626924
560768
-507527
-554303
-1.58164e+06
-384754
35620.5
31978.2
89731.1
36078.7
240571
242655
666763
192419
466534
376189
232738
595708
652211
599081
918222
722084
463477
410181
611809
520305
-503471
-537912
-1.60044e+06
-365349
21563.2
22114.1
43019.7
24800.4
252758
265618
696105
205921
413720
340982
161867
538811
657703
615822
937713
739383
431590
388775
558274
485603
-507261
-540191
-1.65564e+06
-365489
19149.2
28663.3
16110
30042.1
273115
292105
747630
233907
416467
350386
142973
558622
667773
621579
921187
751599
430905
393882
562993
482967
-488537
-527823
-1.64921e+06
-333445
14796.2
14233.4
-8963.99
23149.3
294988
302852
783294
250546
422710
352260
157039
560329
663480
614856
917013
742401
411890
374501
558384
464875
-504330
-549106
-1.69672e+06
-359134
12503.8
2163.75
-19520.4
19222
284599
304364
797587
231372
437078
376232
205670
569078
661518
610586
911568
736718
404119
376457
537165
449893
-503853
-558037
-1.71059e+06
-343805
5204.31
303.349
-3061.77
9195.22
296653
307734
814032
247157
443377
367650
220503
573612
651253
591039
886957
720456
410176
376560
573980
454026
-536087
-593606
-1.81084e+06
-381884
-29472.2
-34609.3
-65743.3
-37164.1
275044
290058
773568
225218
404212
322046
144956
527794
598612
545304
799053
664490
356785
319443
496211
383550
-517878
-561985
-1.78746e+06
-343428
-26439.4
-31025
-48806.6
-24347.8
292136
304073
791642
242059
365976
302309
125063
475582
608196
560077
822993
681234
320948
298943
464852
345865
-504764
-567952
-1.80725e+06
-335939
-21353.2
-23728.4
-40834.7
-19024
330277
344329
850422
299190
374829
310133
141864
498656
621186
570822
837951
697449
335540
316157
509981
364357
-524714
-589673
-1.86008e+06
-351984
-33236.1
-42475.2
-68782.4
-40339
351300
358539
849307
319477
376872
315133
141241
494113
609549
556400
797628
686460
326952
306713
504021
350159
-342066
-371430
-1.18733e+06
-230602
109045
96619.1
197885
114446
258793
251390
570229
245627
243063
217812
120851
327859
492991
473529
842787
519640
531207
492730
753622
587746
-348859
-373539
-1.20157e+06
-217025
108460
109162
195898
123342
253393
249836
545314
242138
246174
213419
87287.4
344058
526364
497726
883492
556428
552283
510895
794545
610120
-355916
-391589
-1.23663e+06
-232538
94757.3
85456
164934
108689
230477
219328
520268
211664
215163
171469
-2818.53
314198
507755
481574
849362
540785
548919
502995
784684
615351
-362381
-386232
-1.27836e+06
-232427
69172
55887.6
67545.7
78099.9
213561
209772
473327
188578
170264
136978
-107151
258805
530767
511728
867044
572579
528402
487428
715729
581370
-378063
-408450
-1.32374e+06
-256511
51594
52954.5
33286.3
70246.8
216029
223623
496047
205922
169765
137141
-132195
276284
551148
527531
864842
599666
564230
529952
789290
626669
-366357
-392128
-1.27751e+06
-242057
80712
81911.2
94063.6
93573.6
256869
259348
567701
251390
199658
168093
-103403
309455
598953
573365
942624
655696
616082
583409
907883
682060
-367932
-404134
-1.29015e+06
-251958
104315
88806.2
124269
106062
252346
254543
567021
223536
289031
254006
41193.9
398836
644092
595139
990525
687484
659436
615520
973766
713296
-360387
-393117
-1.27337e+06
-226201
120652
116312
167634
144518
257593
264437
577529
245437
364657
314242
152526
490083
664870
609800
1.00923e+06
719908
684206
634105
1.01239e+06
749247
-354834
-399240
-1.27142e+06
-237428
129821
120689
170859
142400
243175
242093
569501
212986
413918
347790
207429
540595
637910
590357
995665
676203
675257
619024
994300
733474
-379397
-404942
-1.28925e+06
-257667
98572.8
91629.7
105618
116394
210667
214333
494286
179328
373300
322145
155619
483378
621483
584903
979160
668310
602481
552660
856326
654963
-386181
-416690
-1.29899e+06
-273518
97090.7
91977.6
104317
116797
200574
208415
508706
183846
415167
357186
212515
539580
638534
596225
1.00901e+06
682079
605877
567385
869524
669463
-387551
-421437
-1.26559e+06
-280974
81960.7
65447
72738
87105.7
195693
194097
477629
168131
445659
386788
271690
566815
633202
582870
998569
666864
611419
564591
867336
668482
-440272
-463593
-1.35409e+06
-336196
59540.5
59598.5
65350.1
72288.2
171816
181731
464063
146730
457017
401521
316123
583919
608205
585223
988576
651614
612239
576781
883853
680455
-428749
-450186
-1.33799e+06
-313864
98747.5
110742
148782
124452
190102
201537
489313
166149
473827
409416
316804
601706
649362
619966
1.0381e+06
695075
638404
595351
920734
705845
-443726
-484145
-1.37169e+06
-346755
139384
127834
187356
149386
189991
191501
489215
152931
449330
371433
250202
574791
651290
619293
1.03402e+06
693487
610513
553841
870395
666125
-476127
-490792
-1.39051e+06
-366445
122978
125437
183645
143497
175807
185042
487862
138626
376794
318743
172465
480001
662423
636497
1.07494e+06
714836
544170
507422
785876
594531
-509680
-529825
-1.45279e+06
-418481
134639
130606
200847
154246
169370
174414
502150
127129
349522
291003
132756
453525
669423
631106
1.06961e+06
715304
529720
486348
780210
567928
-507240
-524398
-1.40847e+06
-411083
146863
149894
240377
164769
179130
186027
526787
150725
334380
281974
142914
441713
677643
644806
1.07982e+06
736005
513393
484671
780292
564913
-527164
-538950
-1.41997e+06
-439960
157150
151841
266470
163550
176521
193385
535470
136996
395814
349922
237712
506336
702638
661596
1.092e+06
761388
539804
516690
808384
603871
-516855
-532264
-1.41579e+06
-418765
150098
150694
278754
164179
201373
207411
561366
163325
436851
374886
285716
551452
721919
669040
1.09168e+06
790806
561237
515977
816387
623092
-516756
-539325
-1.43342e+06
-438252
126758
129631
252322
108453
181895
199290
546003
135494
452356
385216
287598
563737
681712
641018
1.02062e+06
736903
536488
499022
769748
589384
-508239
-529598
-1.41116e+06
-411548
113463
105722
264601
105871
216002
218500
601172
171507
453540
382713
298352
558624
700058
650908
1.05183e+06
766345
520766
471702
730837
576964
-516887
-541999
-1.46805e+06
-419012
81269.2
77810.7
198990
73367.3
218510
228615
604597
191146
469740
400867
298562
597734
700680
650029
1.01382e+06
775106
511009
469317
695524
570870
-541370
-562677
-1.52139e+06
-443475
27751.8
27362.9
89930.5
5561.39
221464
223434
574125
186521
475803
407576
267677
603651
676137
626578
940303
748173
484611
444871
623803
545706
-537114
-564272
-1.56683e+06
-424002
11314.4
17464.1
58837.6
9371.29
201921
209685
553923
169302
492385
419787
293743
631811
669589
619172
925618
751020
487371
443146
617019
560521
-508827
-537644
-1.56578e+06
-385720
38162.6
44590.2
88591.3
38263
235931
246654
609593
198798
495660
415720
270973
631755
678793
623549
924153
750064
500127
449239
626924
560768
-507527
-554303
-1.58164e+06
-384754
35620.5
31978.2
89731.1
36078.7
240571
242655
666763
192419
466534
376189
232738
595708
652211
599081
918222
722084
463477
410181
611809
520305
-503471
-537912
-1.60044e+06
-365349
21563.2
22114.1
43019.7
24800.4
252758
265618
696105
205921
413720
340982
161867
538811
657703
615822
937713
739383
431590
388775
558274
485603
-507261
-540191
-1.65564e+06
-365489
19149.2
28663.3
16110
30042.1
273115
292105
747630
233907
416467
350386
142973
558622
667773
621579
921187
751599
430905
393882
562993
482967
-488537
-527823
-1.64921e+06
-333445
14796.2
14233.4
-8963.99
23149.3
294988
302852
783294
250546
422710
352260
157039
560329
663480
614856
917013
742401
411890
374501
558384
464875
-504330
-549106
-1.69672e+06
-359134
12503.8
2163.75
-19520.4
19222
284599
304364
797587
231372
437078
376232
205670
569078
661518
610586
911568
736718
404119
376457
537165
449893
-503853
-558037
-1.71059e+06
-343805
5204.31
303.349
-3061.77
9195.22
296653
307734
814032
247157
443377
367650
220503
573612
651253
591039
886957
720456
410176
376560
573980
454026
-536087
-593606
-1.81084e+06
-381884
-29472.2
-34609.3
-65743.3
-37164.1
275044
290058
773568
225218
404212
322046
144956
527794
598612
545304
799053
664490
356785
319443
496211
383550
-517878
-561985
-1.78746e+06
-343428
-26439.4
-31025
-48806.6
-24347.8
292136
304073
791642
242059
365976
302309
125063
475582
608196
560077
822993
681234
320948
298943
464852
345865
-504764
-567952
-1.80725e+06
-335939
-21353.2
-23728.4
-40834.7
-19024
330277
344329
850422
299190
374829
310133
141864
498656
621186
570822
837951
697449
335540
316157
509981
364357
-524714
-589673
-1.86008e+06
-351984
-33236.1
-42475.2
-68782.4
-40339
351300
358539
849307
319477
376872
315133
141241
494113
609549
556400
797628
686460
326952
306713
504021
350159
-342066
-371430
-1.18733e+06
-230602
109045
96619.1
197885
114446
258793
251390
570229
245627
243063
217812
120851
327859
492991
473529
842787
519640
531207
492730
753622
587746
-348859
-373539
-1.20157e+06
-217025
108460
109162
195898
123342
253393
249836
545314
242138
246174
213419
87287.4
344058
526364
497726
883492
556428
552283
510895
794545
610120
-355916
-391589
-1.23663e+06
-232538
94757.3
85456
164934
108689
230477
219328
520268
211664
215163
171469
-2818.53
314198
507755
481574
849362
540785
548919
502995
784684
615351
-362381
-386232
-1.27836e+06
-232427
69172
55887.6
67545.7
78099.9
213561
209772
473327
188578
170264
136978
-107151
258805
530767
511728
867044
572579
528402
487428
715729
581370
-378063
-408450
-1.32374e+06
-256511
51594
52954.5
33286.3
70246.8
216029
223623
496047
205922
169765
137141
-132195
276284
551148
527531
864842
599666
564230
529952
789290
626669
-366357
-392128
-1.27751e+06
-242057
80712
81911.2
94063.6
93573.6
256869
259348
567701
251390
199658
168093
-103403
309455
598953
573365
942624
655696
616082
583409
907883
682060
-367932
-404134
-1.29015e+06
-251958
104315
88806.2
124269
106062
252346
254543
567021
223536
289031
254006
41193.9
398836
644092
595139
990525
687484
659436
615520
973766
713296
-360387
-393117
-1.27337e+06
-226201
120652
116312
167634
144518
257593
264437
577529
245437
364657
314242
152526
490083
664870
609800
1.00923e+06
719908
684206
634105
1.01239e+06
749247
-354834
-399240
-1.27142e+06
-237428
129821
120689
170859
142400
243175
242093
569501
212986
413918
347790
207429
540595
637910
590357
995665
676203
675257
619024
994300
733474
-379397
-404942
-1.28925e+06
-257667
98572.8
91629.7
105618
116394
210667
214333
494286
179328
373300
322145
155619
483378
621483
584903
979160
668310
602481
552660
856326
654963
-386181
-416690
-1.29899e+06
-273518
97090.7
91977.6
104317
116797
200574
208415
508706
183846
415167
357186
212515
539580
638534
596225
1.00901e+06
682079
605877
567385
869524
669463
-387551
-421437
-1.26559e+06
-280974
81960.7
65447
72738
87105.7
195693
194097
477629
168131
445659
386788
271690
566815
633202
582870
998569
666864
611419
564591
867336
668482
-440272
-463593
-1.35409e+06
-336196
59540.5
59598.5
65350.1
72288.2
171816
181731
464063
146730
457017
401521
316123
583919
608205
585223
988576
651614
612239
576781
883853
680455
-428749
-450186
-1.33799e+06
-313864
98747.5
110742
148782
124452
190102
201537
489313
166149
473827
409416
316804
601706
649362
619966
1.0381e+06
695075
638404
595351
920734
705845
-443726
-484145
-1.37169e+06
-346755
139384
127834
187356
149386
189991
191501
489215
152931
449330
371433
250202
574791
651290
619293
1.03402e+06
693487
610513
553841
870395
666125
-476127
-490792
-1.39051e+06
-366445
122978
125437
183645
143497
175807
185042
487862
138626
376794
318743
172465
480001
662423
636497
1.07494e+06
714836
544170
507422
785876
594531
-509680
-529825
-1.45279e+06
-418481
134639
130606
200847
154246
169370
174414
502150
127129
349522
291003
132756
453525
669423
631106
1.06961e+06
715304
529720
486348
780210
567928
-507240
-524398
-1.40847e+06
-411083
146863
149894
240377
164769
179130
186027
526787
150725
334380
281974
142914
441713
677643
644806
1.07982e+06
736005
513393
484671
780292
564913
-527164
-538950
-1.41997e+06
-439960
157150
151841
266470
163550
176521
193385
535470
136996
395814
349922
237712
506336
702638
661596
1.092e+06
761388
539804
516690
808384
603871
-516855
-532264
-1.41579e+06
-418765
150098
150694
278754
164179
201373
207411
561366
163325
436851
374886
285716
551452
721919
669040
1.09168e+06
790806
561237
515977
816387
623092
-516756
-539325
-1.43342e+06
-438252
126758
129631
252322
108453
181895
199290
546003
135494
452356
385216
287598
563737
681712
641018
1.02062e+06
736903
536488
499022
769748
589384
-508239
-529598
-1.41116e+06
-411548
113463
105722
264601
105871
216002
218500
601172
171507
453540
382713
298352
558624
700058
650908
1.05183e+06
766345
520766
471702
730837
576964
-516887
-541999
-1.46805e+06
-419012
81269.2
77810.7
198990
73367.3
218510
228615
604597
191146
469740
400867
298562
597734
700680
650029
1.01382e+06
775106
511009
469317
695524
570870
-541370
-562677
-1.52139e+06
-443475
27751.8
27362.9
89930.5
5561.39
221464
223434
574125
186521
475803
407576
267677
603651
676137
626578
940303
748173
484611
444871
623803
545706
-537114
-564272
-1.56683e+06
-424002
11314.4
17464.1
58837.6
9371.29
201921
209685
553923
169302
492385
419787
293743
631811
669589
619172
925618
751020
487371
443146
617019
560521
-508827
-537644
-1.56578e+06
-385720
38162.6
44590.2
88591.3
38263
235931
246654
609593
198798
495660
415720
270973
631755
678793
623549
924153
750064
500127
449239
626924
560768
-507527
-554303
-1.58164e+06
-384754
35620.5
31978.2
89731.1
36078.7
240571
242655
666763
192419
466534
376189
232738
595708
652211
599081
918222
722084
463477
410181
611809
520305
-503471
-537912
-1.60044e+06
-365349
21563.2
22114.1
43019.7
24800.4
252758
265618
696105
205921
413720
340982
161867
538811
657703
615822
937713
739383
431590
388775
558274
485603
-507261
-540191
-1.65564e+06
-365489
19149.2
28663.3
16110
30042.1
273115
292105
747630
233907
416467
350386
142973
558622
667773
621579
921187
751599
430905
393882
562993
482967
-488537
-527823
-1.64921e+06
-333445
14796.2
14233.4
-8963.99
23149.3
294988
302852
783294
250546
422710
352260
157039
560329
663480
614856
917013
742401
411890
374501
558384
464875
-504330
-549106
-1.69672e+06
-359134
12503.8
2163.75
-19520.4
19222
284599
304364
797587
231372
437078
376232
205670
569078
661518
610586
911568
736718
404119
376457
537165
449893
-503853
-558037
-1.71059e+06
-343805
5204.31
303.349
-3061.77
9195.22
296653
307734
814032
247157
443377
367650
220503
573612
651253
591039
886957
720456
410176
376560
573980
454026
-536087
-593606
-1.81084e+06
-381884
-29472.2
-34609.3
-65743.3
-37164.1
275044
290058
773568
225218
404212
322046
144956
527794
598612
545304
799053
664490
356785
319443
496211
383550
-517878
-561985
-1.78746e+06
-343428
-26439.4
-31025
-48806.6
-24347.8
292136
304073
791642
242059
365976
302309
125063
475582
608196
560077
822993
681234
320948
298943
464852
345865
-504764
-567952
-1.80725e+06
-335939
-21353.2
-23728.4
-40834.7
-19024
330277
344329
850422
299190
374829
310133
141864
498656
621186
570822
837951
697449
335540
316157
509981
364357
-524714
-589673
-1.86008e+06
-351984
-33236.1
-42475.2
-68782.4
-40339
351300
358539
849307
319477
376872
315133
141241
494113
609549
556400
797628
686460
326952
306713
504021
350159
-342066
-371430
-1.18733e+06
-230602
109045
96619.1
197885
114446
258793
251390
570229
245627
243063
217812
120851
327859
492991
473529
842787
519640
531207
492730
753622
587746
-348859
-373539
-1.20157e+06
-217025
108460
109162
195898
123342
253393
249836
545314
242138
246174
213419
87287.4
344058
526364
497726
883492
556428
552283
510895
794545
610120
-355916
-391589
-1.23663e+06
-232538
94757.3
85456
164934
108689
230477
219328
520268
211664
215163
171469
-2818.53
314198
507755
481574
849362
540785
548919
502995
784684
615351
-362381
-386232
-1.27836e+06
-232427
69172
55887.6
67545.7
78099.9
213561
209772
473327
188578
170264
136978
-107151
258805
530767
511728
867044
572579
528402
487428
715729
581370
-378063
-408450
-1.32374e+06
-256511
51594
52954.5
33286.3
70246.8
216029
223623
496047
205922
169765
137141
-132195
276284
551148
527531
864842
599666
564230
529952
789290
626669
-366357
-392128
-1.27751e+06
-242057
80712
81911.2
94063.6
93573.6
256869
259348
567701
251390
199658
168093
-103403
309455
598953
573365
942624
655696
616082
583409
907883
682060
-367932
-404134
-1.29015e+06
-251958
104315
88806.2
124269
106062
252346
254543
567021
223536
289031
254006
41193.9
398836
644092
595139
990525
687484
659436
615520
973766
713296
-360387
-393117
-1.27337e+06
-226201
120652
116312
167634
144518
257593
264437
577529
245437
364657
314242
152526
490083
664870
609800
1.00923e+06
719908
684206
634105
1.01239e+06
749247
-354834
-399240
-1.27142e+06
-237428
129821
120689
170859
142400
243175
242093
569501
212986
413918
347790
207429
540595
637910
590357
995665
676203
675257
619024
994300
733474
-379397
-404942
-1.28925e+06
-257667
98572.8
91629.7
105618
116394
210667
214333
494286
179328
373300
322145
155619
483378
621483
584903
979160
668310
602481
552660
856326
654963
-386181
-416690
-1.29899e+06
-273518
97090.7
91977.6
104317
116797
200574
208415
508706
183846
415167
357186
212515
539580
638534
596225
1.00901e+06
682079
605877
567385
869524
669463
-387551
-421437
-1.26559e+06
-280974
81960.7
65447
72738
87105.7
195693
194097
477629
168131
445659
386788
271690
566815
633202
582870
998569
666864
611419
564591
867336
668482
-440272
-463593
-1.35409e+06
-336196
59540.5
59598.5
65350.1
72288.2
171816
181731
464063
146730
457017
401521
316123
583919
608205
585223
988576
651614
612239
576781
883853
680455
-428749
-450186
-1.33799e+06
-313864
98747.5
110742
148782
124452
190102
201537
489313
166149
473827
409416
316804
601706
649362
619966
1.0381e+06
695075
638404
595351
920734
705845
-443726
-484145
-1.37169e+06
-346755
139384
127834
187356
149386
189991
191501
489215
152931
449330
371433
250202
574791
651290
619293
1.03402e+06
693487
610513
553841
870395
666125
-476127
-490792
-1.39051e+06
-366445
122978
125437
183645
143497
175807
185042
487862
138626
376794
318743
172465
480001
662423
636497
1.07494e+06
714836
544170
507422
785876
594531
-509680
-529825
-1.45279e+06
-418481
134639
130606
200847
154246
169370
174414
502150
127129
349522
291003
132756
453525
669423
631106
1.06961e+06
715304
529720
486348
780210
567928
-507240
-524398
-1.40847e+06
-411083
146863
149894
240377
164769
179130
186027
526787
150725
334380
281974
142914
441713
677643
644806
1.07982e+06
736005
513393
484671
780292
564913
-527164
-538950
-1.41997e+06
-439960
157150
151841
266470
163550
176521
193385
535470
136996
395814
349922
237712
506336
702638
661596
1.092e+06
761388
539804
516690
808384
603871
-516855
-532264
-1.41579e+06
-418765
150098
150694
278754
164179
201373
207411
561366
163325
436851
374886
285716
551452
721919
669040
1.09168e+06
790806
561237
515977
816387
623092
-516756
-539325
-1.43342e+06
-438252
126758
129631
252322
108453
181895
199290
546003
135494
452356
385216
287598
563737
681712
641018
1.02062e+06
736903
536488
499022
769748
589384
-508239
-529598
-1.41116e+06
-411548
113463
105722
264601
105871
216002
218500
601172
171507
453540
382713
298352
558624
700058
650908
1.05183e+06
766345
520766
471702
730837
576964
-516887
-541999
-1.46805e+06
-419012
81269.2
77810.7
198990
73367.3
218510
228615
604597
191146
469740
400867
298562
597734
700680
650029
1.01382e+06
775106
511009
469317
695524
570870
-541370
-562677
-1.52139e+06
-443475
27751.8
27362.9
89930.5
5561.39
221464
223434
574125
186521
475803
407576
267677
603651
676137
626578
940303
748173
484611
444871
623803
545706
-537114
-564272
-1.56683e+06
-424002
11314.4
17464.1
58837.6
9371.29
201921
209685
553923
169302
492385
419787
293743
631811
669589
619172
925618
751020
487371
443146
617019
560521
-508827
-537644
-1.56578e+06
-385720
38162.6
44590.2
88591.3
38263
235931
246654
609593
198798
495660
415720
270973
631755
678793
623549
924153
750064
500127
449239
626924
560768
-507527
-554303
-1.58164e+06
-384754
35620.5
31978.2
89731.1
36078.7
240571
242655
666763
192419
466534
376189
232738
595708
652211
599081
918222
722084
463477
410181
611809
520305
-503471
-537912
-1.60044e+06
-365349
21563.2
22114.1
43019.7
24800.4
252758
265618
696105
205921
413720
340982
161867
538811
657703
615822
937713
739383
431590
388775
558274
485603
-507261
-540191
-1.65564e+06
-365489
19149.2
28663.3
16110
30042.1
273115
292105
747630
233907
416467
350386
142973
558622
667773
621579
921187
751599
430905
393882
562993
482967
-488537
-527823
-1.64921e+06
-333445
14796.2
14233.4
-8963.99
23149.3
294988
302852
783294
250546
422710
352260
157039
560329
663480
614856
917013
742401
411890
374501
558384
464875
-504330
-549106
-1.69672e+06
-359134
12503.8
2163.75
-19520.4
19222
284599
304364
797587
231372
437078
376232
205670
569078
661518
610586
911568
736718
404119
376457
537165
449893
-503853
-558037
-1.71059e+06
-343805
5204.31
303.349
-3061.77
9195.22
296653
307734
814032
247157
443377
367650
220503
573612
651253
591039
886957
720456
410176
376560
573980
454026
-536087
-593606
-1.81084e+06
-381884
-29472.2
-34609.3
-65743.3
-37164.1
275044
290058
773568
225218
404212
322046
144956
527794
598612
545304
799053
664490
356785
319443
496211
383550
-517878
-561985
-1.78746e+06
-343428
-26439.4
-31025
-48806.6
-24347.8
292136
304073
791642
242059
365976
302309
125063
475582
608196
560077
822993
681234
320948
298943
464852
345865
-504764
-567952
-1.80725e+06
-335939
-21353.2
-23728.4
-40834.7
-19024
330277
344329
850422
299190
374829
310133
141864
498656
621186
570822
837951
697449
335540
316157
509981
364357
-524714
-589673
-1.86008e+06
-351984
-33236.1
-42475.2
-68782.4
-40339
351300
358539
849307
319477
376872
315133
141241
494113
609549
556400
797628
686460
326952
306713
504021
350159
-69029.9
-80505.5
-235207
-52417.1
537685
519424
1.0276e+06
536006
331894
368586
1.06403e+06
252998
-90325.8
3785.14
828425
-300080
624536
641127
1.5345e+06
551097
1.23911e+06
1.17939e+06
2.10256e+06
1.29557e+06
-140237
-150541
-333013
-133188
490063
476883
956333
488662
320177
346347
1.05513e+06
231558
-89567.8
1071.27
857879
-307637
609122
623913
1.51714e+06
532509
1.1945e+06
1.14019e+06
2.06029e+06
1.24383e+06
-144719
-158007
-367795
-139048
499987
479418
944013
488681
331062
355700
1.0903e+06
226916
-87561
-1219.76
846524
-309986
589479
597714
1.49379e+06
502188
1.23589e+06
1.17238e+06
2.12819e+06
1.28247e+06
-186589
-194373
-443398
-174440
480086
466603
927114
481475
319961
352723
1.10138e+06
227608
-115845
-32783.6
791842
-336896
575663
581670
1.4686e+06
487907
1.24e+06
1.17447e+06
2.1437e+06
1.28979e+06
-213592
-210962
-502457
-192412
461722
458040
895291
468571
341042
377176
1.14784e+06
250956
-142062
-47323.8
750254
-352030
562967
584284
1.44787e+06
487715
1.24199e+06
1.19126e+06
2.15899e+06
1.29675e+06
-197113
-205262
-491263
-181069
474379
460199
908746
476806
396101
431243
1.27742e+06
296899
-78562.4
10021.1
837699
-282020
606118
616543
1.49442e+06
540213
1.28068e+06
1.22029e+06
2.22127e+06
1.33191e+06
-190169
-185913
-460394
-156377
464568
456050
898461
471791
402487
438125
1.28639e+06
305265
-73246.4
19551.5
859147
-273405
614020
633063
1.50854e+06
549013
1.29214e+06
1.23915e+06
2.22987e+06
1.35592e+06
-181105
-182412
-436846
-164693
463481
454587
906481
468644
392839
425021
1.25938e+06
293458
-44546.3
42081.3
896559
-246885
648078
660405
1.55916e+06
588079
1.32395e+06
1.26875e+06
2.27355e+06
1.39139e+06
-158097
-162146
-414335
-130714
448958
427754
890663
443425
381798
411677
1.22143e+06
283828
-59391.3
20863.9
850987
-252537
657148
658941
1.56759e+06
600903
1.37064e+06
1.30348e+06
2.33003e+06
1.44674e+06
-141534
-146281
-424618
-104155
429297
420929
874540
430502
379171
408698
1.17973e+06
293161
-69942.1
3348.15
765748
-253033
667918
669600
1.55689e+06
613687
1.39846e+06
1.32359e+06
2.34587e+06
1.47554e+06
-134569
-141173
-445255
-96310.8
412614
407337
853872
402072
378010
408265
1.16535e+06
294739
-81303.1
-5938.99
701832
-258864
693462
698332
1.58263e+06
646483
1.4315e+06
1.36698e+06
2.38245e+06
1.51791e+06
-123930
-137965
-439173
-87239.3
387239
386611
829464
376273
387315
408355
1.17629e+06
295930
-80032.5
-11980.5
675692
-251046
714477
710316
1.59424e+06
676049
1.45496e+06
1.37963e+06
2.4037e+06
1.54059e+06
-145482
-161354
-463791
-107669
395486
386131
808457
383072
381005
404275
1.15903e+06
284659
-91330.6
-13592.7
648939
-257827
728034
719962
1.61391e+06
683858
1.46217e+06
1.37657e+06
2.37322e+06
1.55621e+06
-181314
-195337
-541335
-152889
385492
376310
757580
375304
346500
366071
1.0967e+06
242390
-75530.3
-3107.03
651779
-248169
745672
732784
1.62096e+06
702334
1.45155e+06
1.37066e+06
2.33048e+06
1.54617e+06
-184436
-192206
-547802
-144178
374187
359783
738105
365725
300249
324322
1.04863e+06
188358
-117313
-45472.6
585366
-282444
728028
711580
1.60841e+06
682886
1.47407e+06
1.38617e+06
2.3543e+06
1.58458e+06
-180894
-199511
-554017
-141345
361283
352726
722768
361842
263059
288235
1.00074e+06
148845
-143076
-78455.6
520168
-313773
738123
716392
1.62551e+06
686601
1.48898e+06
1.3869e+06
2.34446e+06
1.60051e+06
-210215
-218513
-607963
-177630
348836
347499
676524
352624
224987
261106
953994
110300
-176376
-104247
457273
-346156
736332
717530
1.62898e+06
683314
1.48349e+06
1.39313e+06
2.30923e+06
1.60323e+06
-229734
-246369
-619783
-205097
333551
324755
643515
335703
205407
241664
957739
79732.7
-187327
-111783
431130
-348210
717909
699679
1.611e+06
662821
1.4812e+06
1.3842e+06
2.27857e+06
1.60528e+06
-243310
-254050
-644530
-201829
356737
337933
622710
363980
212836
251947
971422
91503.2
-200573
-126026
417991
-368397
682101
682495
1.54378e+06
638529
1.47512e+06
1.37101e+06
2.22282e+06
1.60096e+06
-262854
-265642
-676029
-221216
354389
347549
621109
376255
216005
260631
1.00379e+06
94917.8
-184686
-103015
465744
-353674
682718
683749
1.52995e+06
641980
1.46295e+06
1.37352e+06
2.21648e+06
1.59649e+06
-219252
-237698
-668922
-173667
412358
391687
695203
420839
235860
274942
1.04401e+06
100515
-170099
-99131.4
490805
-343808
687543
674419
1.5287e+06
638000
1.52981e+06
1.42112e+06
2.2943e+06
1.66712e+06
-234719
-255990
-707402
-186375
434309
417197
775700
445791
239852
281895
1.08301e+06
105665
-208253
-142242
438841
-393283
660728
646444
1.48925e+06
607260
1.51925e+06
1.40524e+06
2.28114e+06
1.65127e+06
-258043
-265383
-744996
-204760
439998
429942
809501
451891
265804
314212
1.15413e+06
133746
-231714
-155410
417899
-417721
643268
638720
1.48061e+06
587960
1.48962e+06
1.38739e+06
2.24689e+06
1.61899e+06
-210604
-224072
-692687
-150916
467640
452045
857835
480630
310958
358374
1.25278e+06
173136
-196874
-115083
486487
-373439
660084
657012
1.49906e+06
619366
1.49878e+06
1.3987e+06
2.26554e+06
1.62981e+06
-197052
-218473
-658500
-139279
478037
464298
891044
483517
314827
363817
1.26151e+06
177318
-204873
-124793
494698
-393812
665237
667758
1.49484e+06
618785
1.46251e+06
1.37073e+06
2.22703e+06
1.58207e+06
-216957
-236755
-665322
-167625
475246
465016
918618
479823
302683
352050
1.25688e+06
167532
-210097
-129160
507684
-406253
685324
685935
1.53438e+06
637621
1.43214e+06
1.35124e+06
2.23558e+06
1.54332e+06
-202257
-228563
-683072
-153934
482149
464644
915788
469554
306133
346018
1.23338e+06
156772
-246971
-169996
438594
-455356
680707
676203
1.53124e+06
626895
1.44307e+06
1.35283e+06
2.26585e+06
1.54391e+06
-193102
-213538
-666959
-134922
500662
497108
989053
500769
310402
362256
1.2496e+06
177975
-288439
-205609
379467
-496533
688190
687504
1.55244e+06
633595
1.43374e+06
1.34923e+06
2.28651e+06
1.53315e+06
-207481
-227570
-683604
-154103
507995
504135
1.02769e+06
502437
332082
382625
1.29317e+06
201096
-319417
-233191
353502
-532782
707537
708350
1.60185e+06
652423
1.40992e+06
1.33625e+06
2.29196e+06
1.49658e+06
-178424
-198232
-643180
-116916
532601
529141
1.08271e+06
530336
370716
416905
1.3613e+06
242360
-318650
-226447
365494
-523294
735831
733739
1.6352e+06
697150
1.40418e+06
1.33291e+06
2.3144e+06
1.48736e+06
-191311
-212496
-646878
-138374
544600
528089
1.06323e+06
533673
392148
439712
1.35496e+06
270707
-335492
-234982
365270
-546791
742483
740498
1.62742e+06
706636
1.39479e+06
1.31726e+06
2.27158e+06
1.47821e+06
-215229
-234281
-650400
-172400
526594
514885
1.03248e+06
524042
411177
449557
1.36496e+06
297259
-310858
-212410
423915
-528329
764817
759665
1.65172e+06
728109
1.38639e+06
1.31486e+06
2.27238e+06
1.47189e+06
-199920
-217763
-608544
-163184
527845
505437
1.0381e+06
508439
427264
465935
1.38333e+06
308939
-308007
-210678
464056
-533658
768966
758954
1.68831e+06
721783
1.41602e+06
1.33947e+06
2.33503e+06
1.50092e+06
-190317
-206822
-568987
-153135
525013
512899
1.07414e+06
507637
459433
497810
1.43795e+06
351602
-319382
-220135
471867
-555768
784839
769930
1.72199e+06
732807
1.42983e+06
1.34499e+06
2.3681e+06
1.51006e+06
-192832
-210115
-552911
-169353
510828
496489
1.07887e+06
482576
503705
533718
1.50696e+06
396351
-317581
-222319
511043
-568572
798403
780882
1.76545e+06
741247
1.43035e+06
1.35365e+06
2.38644e+06
1.50535e+06
-180447
-196810
-517395
-153475
494140
483831
1.06672e+06
466205
533839
559492
1.55708e+06
426087
-295011
-192161
576179
-541487
795392
781134
1.75339e+06
751476
1.42324e+06
1.34156e+06
2.37966e+06
1.49517e+06
-69029.9
-80505.5
-235207
-52417.1
537685
519424
1.0276e+06
536006
331894
368586
1.06403e+06
252998
-90325.8
3785.14
828425
-300080
624536
641127
1.5345e+06
551097
1.23911e+06
1.17939e+06
2.10256e+06
1.29557e+06
-140237
-150541
-333013
-133188
490063
476883
956333
488662
320177
346347
1.05513e+06
231558
-89567.8
1071.27
857879
-307637
609122
623913
1.51714e+06
532509
1.1945e+06
1.14019e+06
2.06029e+06
1.24383e+06
-144719
-158007
-367795
-139048
499987
479418
944013
488681
331062
355700
1.0903e+06
226916
-87561
-1219.76
846524
-309986
589479
597714
1.49379e+06
502188
1.23589e+06
1.17238e+06
2.12819e+06
1.28247e+06
-186589
-194373
-443398
-174440
480086
466603
927114
481475
319961
352723
1.10138e+06
227608
-115845
-32783.6
791842
-336896
575663
581670
1.4686e+06
487907
1.24e+06
1.17447e+06
2.1437e+06
1.28979e+06
-213592
-210962
-502457
-192412
461722
458040
895291
468571
341042
377176
1.14784e+06
250956
-142062
-47323.8
750254
-352030
562967
584284
1.44787e+06
487715
1.24199e+06
1.19126e+06
2.15899e+06
1.29675e+06
-197113
-205262
-491263
-181069
474379
460199
908746
476806
396101
431243
1.27742e+06
296899
-78562.4
10021.1
837699
-282020
606118
616543
1.49442e+06
540213
1.28068e+06
1.22029e+06
2.22127e+06
1.33191e+06
-190169
-185913
-460394
-156377
464568
456050
898461
471791
402487
438125
1.28639e+06
305265
-73246.4
19551.5
859147
-273405
614020
633063
1.50854e+06
549013
1.29214e+06
1.23915e+06
2.22987e+06
1.35592e+06
-181105
-182412
-436846
-164693
463481
454587
906481
468644
392839
425021
1.25938e+06
293458
-44546.3
42081.3
896559
-246885
648078
660405
1.55916e+06
588079
1.32395e+06
1.26875e+06
2.27355e+06
1.39139e+06
-158097
-162146
-414335
-130714
448958
427754
890663
443425
381798
411677
1.22143e+06
283828
-59391.3
20863.9
850987
-252537
657148
658941
1.56759e+06
600903
1.37064e+06
1.30348e+06
2.33003e+06
1.44674e+06
-141534
-146281
-424618
-104155
429297
420929
874540
430502
379171
408698
1.17973e+06
293161
-69942.1
3348.15
765748
-253033
667918
669600
1.55689e+06
613687
1.39846e+06
1.32359e+06
2.34587e+06
1.47554e+06
-134569
-141173
-445255
-96310.8
412614
407337
853872
402072
378010
408265
1.16535e+06
294739
-81303.1
-5938.99
701832
-258864
693462
698332
1.58263e+06
646483
1.4315e+06
1.36698e+06
2.38245e+06
1.51791e+06
-123930
-137965
-439173
-87239.3
387239
386611
829464
376273
387315
408355
1.17629e+06
295930
-80032.5
-11980.5
675692
-251046
714477
710316
1.59424e+06
676049
1.45496e+06
1.37963e+06
2.4037e+06
1.54059e+06
-145482
-161354
-463791
-107669
395486
386131
808457
383072
381005
404275
1.15903e+06
284659
-91330.6
-13592.7
648939
-257827
728034
719962
1.61391e+06
683858
1.46217e+06
1.37657e+06
2.37322e+06
1.55621e+06
-181314
-195337
-541335
-152889
385492
376310
757580
375304
346500
366071
1.0967e+06
242390
-75530.3
-3107.03
651779
-248169
745672
732784
1.62096e+06
702334
1.45155e+06
1.37066e+06
2.33048e+06
1.54617e+06
-184436
-192206
-547802
-144178
374187
359783
738105
365725
300249
324322
1.04863e+06
188358
-117313
-45472.6
585366
-282444
728028
711580
1.60841e+06
682886
1.47407e+06
1.38617e+06
2.3543e+06
1.58458e+06
-180894
-199511
-554017
-141345
361283
352726
722768
361842
263059
288235
1.00074e+06
148845
-143076
-78455.6
520168
-313773
738123
716392
1.62551e+06
686601
1.48898e+06
1.3869e+06
2.34446e+06
1.60051e+06
-210215
-218513
-607963
-177630
348836
347499
676524
352624
224987
261106
953994
110300
-176376
-104247
457273
-346156
736332
717530
1.62898e+06
683314
1.48349e+06
1.39313e+06
2.30923e+06
1.60323e+06
-229734
-246369
-619783
-205097
333551
324755
643515
335703
205407
241664
957739
79732.7
-187327
-111783
431130
-348210
717909
699679
1.611e+06
662821
1.4812e+06
1.3842e+06
2.27857e+06
1.60528e+06
-243310
-254050
-644530
-201829
356737
337933
622710
363980
212836
251947
971422
91503.2
-200573
-126026
417991
-368397
682101
682495
1.54378e+06
638529
1.47512e+06
1.37101e+06
2.22282e+06
1.60096e+06
-262854
-265642
-676029
-221216
354389
347549
621109
376255
216005
260631
1.00379e+06
94917.8
-184686
-103015
465744
-353674
682718
683749
1.52995e+06
641980
1.46295e+06
1.37352e+06
2.21648e+06
1.59649e+06
-219252
-237698
-668922
-173667
412358
391687
695203
420839
235860
274942
1.04401e+06
100515
-170099
-99131.4
490805
-343808
687543
674419
1.5287e+06
638000
1.52981e+06
1.42112e+06
2.2943e+06
1.66712e+06
-234719
-255990
-707402
-186375
434309
417197
775700
445791
239852
281895
1.08301e+06
105665
-208253
-142242
438841
-393283
660728
646444
1.48925e+06
607260
1.51925e+06
1.40524e+06
2.28114e+06
1.65127e+06
-258043
-265383
-744996
-204760
439998
429942
809501
451891
265804
314212
1.15413e+06
133746
-231714
-155410
417899
-417721
643268
638720
1.48061e+06
587960
1.48962e+06
1.38739e+06
2.24689e+06
1.61899e+06
-210604
-224072
-692687
-150916
467640
452045
857835
480630
310958
358374
1.25278e+06
173136
-196874
-115083
486487
-373439
660084
657012
1.49906e+06
619366
1.49878e+06
1.3987e+06
2.26554e+06
1.62981e+06
-197052
-218473
-658500
-139279
478037
464298
891044
483517
314827
363817
1.26151e+06
177318
-204873
-124793
494698
-393812
665237
667758
1.49484e+06
618785
1.46251e+06
1.37073e+06
2.22703e+06
1.58207e+06
-216957
-236755
-665322
-167625
475246
465016
918618
479823
302683
352050
1.25688e+06
167532
-210097
-129160
507684
-406253
685324
685935
1.53438e+06
637621
1.43214e+06
1.35124e+06
2.23558e+06
1.54332e+06
-202257
-228563
-683072
-153934
482149
464644
915788
469554
306133
346018
1.23338e+06
156772
-246971
-169996
438594
-455356
680707
676203
1.53124e+06
626895
1.44307e+06
1.35283e+06
2.26585e+06
1.54391e+06
-193102
-213538
-666959
-134922
500662
497108
989053
500769
310402
362256
1.2496e+06
177975
-288439
-205609
379467
-496533
688190
687504
1.55244e+06
633595
1.43374e+06
1.34923e+06
2.28651e+06
1.53315e+06
-207481
-227570
-683604
-154103
507995
504135
1.02769e+06
502437
332082
382625
1.29317e+06
201096
-319417
-233191
353502
-532782
707537
708350
1.60185e+06
652423
1.40992e+06
1.33625e+06
2.29196e+06
1.49658e+06
-178424
-198232
-643180
-116916
532601
529141
1.08271e+06
530336
370716
416905
1.3613e+06
242360
-318650
-226447
365494
-523294
735831
733739
1.6352e+06
697150
1.40418e+06
1.33291e+06
2.3144e+06
1.48736e+06
-191311
-212496
-646878
-138374
544600
528089
1.06323e+06
533673
392148
439712
1.35496e+06
270707
-335492
-234982
365270
-546791
742483
740498
1.62742e+06
706636
1.39479e+06
1.31726e+06
2.27158e+06
1.47821e+06
-215229
-234281
-650400
-172400
526594
514885
1.03248e+06
524042
411177
449557
1.36496e+06
297259
-310858
-212410
423915
-528329
764817
759665
1.65172e+06
728109
1.38639e+06
1.31486e+06
2.27238e+06
1.47189e+06
-199920
-217763
-608544
-163184
527845
505437
1.0381e+06
508439
427264
465935
1.38333e+06
308939
-308007
-210678
464056
-533658
768966
758954
1.68831e+06
721783
1.41602e+06
1.33947e+06
2.33503e+06
1.50092e+06
-190317
-206822
-568987
-153135
525013
512899
1.07414e+06
507637
459433
497810
1.43795e+06
351602
-319382
-220135
471867
-555768
784839
769930
1.72199e+06
732807
1.42983e+06
1.34499e+06
2.3681e+06
1.51006e+06
-192832
-210115
-552911
-169353
510828
496489
1.07887e+06
482576
503705
533718
1.50696e+06
396351
-317581
-222319
511043
-568572
798403
780882
1.76545e+06
741247
1.43035e+06
1.35365e+06
2.38644e+06
1.50535e+06
-180447
-196810
-517395
-153475
494140
483831
1.06672e+06
466205
533839
559492
1.55708e+06
426087
-295011
-192161
576179
-541487
795392
781134
1.75339e+06
751476
1.42324e+06
1.34156e+06
2.37966e+06
1.49517e+06
-69029.9
-80505.5
-235207
-52417.1
537685
519424
1.0276e+06
536006
331894
368586
1.06403e+06
252998
-90325.8
3785.14
828425
-300080
624536
641127
1.5345e+06
551097
1.23911e+06
1.17939e+06
2.10256e+06
1.29557e+06
-140237
-150541
-333013
-133188
490063
476883
956333
488662
320177
346347
1.05513e+06
231558
-89567.8
1071.27
857879
-307637
609122
623913
1.51714e+06
532509
1.1945e+06
1.14019e+06
2.06029e+06
1.24383e+06
-144719
-158007
-367795
-139048
499987
479418
944013
488681
331062
355700
1.0903e+06
226916
-87561
-1219.76
846524
-309986
589479
597714
1.49379e+06
502188
1.23589e+06
1.17238e+06
2.12819e+06
1.28247e+06
-186589
-194373
-443398
-174440
480086
466603
927114
481475
319961
352723
1.10138e+06
227608
-115845
-32783.6
791842
-336896
575663
581670
1.4686e+06
487907
1.24e+06
1.17447e+06
2.1437e+06
1.28979e+06
-213592
-210962
-502457
-192412
461722
458040
895291
468571
341042
377176
1.14784e+06
250956
-142062
-47323.8
750254
-352030
562967
584284
1.44787e+06
487715
1.24199e+06
1.19126e+06
2.15899e+06
1.29675e+06
-197113
-205262
-491263
-181069
474379
460199
908746
476806
396101
431243
1.27742e+06
296899
-78562.4
10021.1
837699
-282020
606118
616543
1.49442e+06
540213
1.28068e+06
1.22029e+06
2.22127e+06
1.33191e+06
-190169
-185913
-460394
-156377
464568
456050
898461
471791
402487
438125
1.28639e+06
305265
-73246.4
19551.5
859147
-273405
614020
633063
1.50854e+06
549013
1.29214e+06
1.23915e+06
2.22987e+06
1.35592e+06
-181105
-182412
-436846
-164693
463481
454587
906481
468644
392839
425021
1.25938e+06
293458
-44546.3
42081.3
896559
-246885
648078
660405
1.55916e+06
588079
1.32395e+06
1.26875e+06
2.27355e+06
1.39139e+06
-158097
-162146
-414335
-130714
448958
427754
890663
443425
381798
411677
1.22143e+06
283828
-59391.3
20863.9
850987
-252537
657148
658941
1.56759e+06
600903
1.37064e+06
1.30348e+06
2.33003e+06
1.44674e+06
-141534
-146281
-424618
-104155
429297
420929
874540
430502
379171
408698
1.17973e+06
293161
-69942.1
3348.15
765748
-253033
667918
669600
1.55689e+06
613687
1.39846e+06
1.32359e+06
2.34587e+06
1.47554e+06
-134569
-141173
-445255
-96310.8
412614
407337
853872
402072
378010
408265
1.16535e+06
294739
-81303.1
-5938.99
701832
-258864
693462
698332
1.58263e+06
646483
1.4315e+06
1.36698e+06
2.38245e+06
1.51791e+06
-123930
-137965
-439173
-87239.3
387239
386611
829464
376273
387315
408355
1.17629e+06
295930
-80032.5
-11980.5
675692
-251046
714477
710316
1.59424e+06
676049
1.45496e+06
1.37963e+06
2.4037e+06
1.54059e+06
-145482
-161354
-463791
-107669
395486
386131
808457
383072
381005
404275
1.15903e+06
284659
-91330.6
-13592.7
648939
-257827
728034
719962
1.61391e+06
683858
1.46217e+06
1.37657e+06
2.37322e+06
1.55621e+06
-181314
-195337
-541335
-152889
385492
376310
757580
375304
346500
366071
1.0967e+06
242390
-75530.3
-3107.03
651779
-248169
745672
732784
1.62096e+06
702334
1.45155e+06
1.37066e+06
2.33048e+06
1.54617e+06
-184436
-192206
-547802
-144178
374187
359783
738105
365725
300249
324322
1.04863e+06
188358
-117313
-45472.6
585366
-282444
728028
711580
1.60841e+06
682886
1.47407e+06
1.38617e+06
2.3543e+06
1.58458e+06
-180894
-199511
-554017
-141345
361283
352726
722768
361842
263059
288235
1.00074e+06
148845
-143076
-78455.6
520168
-313773
738123
716392
1.62551e+06
686601
1.48898e+06
1.3869e+06
2.34446e+06
1.60051e+06
-210215
-218513
-607963
-177630
348836
347499
676524
352624
224987
261106
953994
110300
-176376
-104247
457273
-346156
736332
717530
1.62898e+06
683314
1.48349e+06
1.39313e+06
2.30923e+06
1.60323e+06
-229734
-246369
-619783
-205097
333551
324755
643515
335703
205407
241664
957739
79732.7
-187327
-111783
431130
-348210
717909
699679
1.611e+06
662821
1.4812e+06
1.3842e+06
2.27857e+06
1.60528e+06
-243310
-254050
-644530
-201829
356737
337933
622710
363980
212836
251947
971422
91503.2
-200573
-126026
417991
-368397
682101
682495
1.54378e+06
638529
1.47512e+06
1.37101e+06
2.22282e+06
1.60096e+06
-262854
-265642
-676029
-221216
354389
347549
621109
376255
216005
260631
1.00379e+06
94917.8
-184686
-103015
465744
-353674
682718
683749
1.52995e+06
641980
1.46295e+06
1.37352e+06
2.21648e+06
1.59649e+06
-219252
-237698
-668922
-173667
412358
391687
695203
420839
235860
274942
1.04401e+06
100515
-170099
-99131.4
490805
-343808
687543
674419
1.5287e+06
638000
1.52981e+06
1.42112e+06
2.2943e+06
1.66712e+06
-234719
-255990
-707402
-186375
434309
417197
775700
445791
239852
281895
1.08301e+06
105665
-208253
-142242
438841
-393283
660728
646444
1.48925e+06
607260
1.51925e+06
1.40524e+06
2.28114e+06
1.65127e+06
-258043
-265383
-744996
-204760
439998
429942
809501
451891
265804
314212
1.15413e+06
133746
-231714
-155410
417899
-417721
643268
638720
1.48061e+06
587960
1.48962e+06
1.38739e+06
2.24689e+06
1.61899e+06
-210604
-224072
-692687
-150916
467640
452045
857835
480630
310958
358374
1.25278e+06
173136
-196874
-115083
486487
-373439
660084
657012
1.49906e+06
619366
1.49878e+06
1.3987e+06
2.26554e+06
1.62981e+06
-197052
-218473
-658500
-139279
478037
464298
891044
483517
314827
363817
1.26151e+06
177318
-204873
-124793
494698
-393812
665237
667758
1.49484e+06
618785
1.46251e+06
1.37073e+06
2.22703e+06
1.58207e+06
-216957
-236755
-665322
-167625
475246
465016
918618
479823
302683
352050
1.25688e+06
167532
-210097
-129160
507684
-406253
685324
685935
1.53438e+06
637621
1.43214e+06
1.35124e+06
2.23558e+06
1.54332e+06
-202257
-228563
-683072
-153934
482149
464644
915788
469554
306133
346018
1.23338e+06
156772
-246971
-169996
438594
-455356
680707
676203
1.53124e+06
626895
1.44307e+06
1.35283e+06
2.26585e+06
1.54391e+06
-193102
-213538
-666959
-134922
500662
497108
989053
500769
310402
362256
1.2496e+06
177975
-288439
-205609
379467
-496533
688190
687504
1.55244e+06
633595
1.43374e+06
1.34923e+06
2.28651e+06
1.53315e+06
-207481
-227570
-683604
-154103
507995
504135
1.02769e+06
502437
332082
382625
1.29317e+06
201096
-319417
-233191
353502
-532782
707537
708350
1.60185e+06
652423
1.40992e+06
1.33625e+06
2.29196e+06
1.49658e+06
-178424
-198232
-643180
-116916
532601
529141
1.08271e+06
530336
370716
416905
1.3613e+06
242360
-318650
-226447
365494
-523294
735831
733739
1.6352e+06
697150
1.40418e+06
1.33291e+06
2.3144e+06
1.48736e+06
-191311
-212496
-646878
-138374
544600
528089
1.06323e+06
533673
392148
439712
1.35496e+06
270707
-335492
-234982
365270
-546791
742483
740498
1.62742e+06
706636
1.39479e+06
1.31726e+06
2.27158e+06
1.47821e+06
-215229
-234281
-650400
-172400
526594
514885
1.03248e+06
524042
411177
449557
1.36496e+06
297259
-310858
-212410
423915
-528329
764817
759665
1.65172e+06
728109
1.38639e+06
1.31486e+06
2.27238e+06
1.47189e+06
-199920
-217763
-608544
-163184
527845
505437
1.0381e+06
508439
427264
465935
1.38333e+06
308939
-308007
-210678
464056
-533658
768966
758954
1.68831e+06
721783
1.41602e+06
1.33947e+06
2.33503e+06
1.50092e+06
-190317
-206822
-568987
-153135
525013
512899
1.07414e+06
507637
459433
497810
1.43795e+06
351602
-319382
-220135
471867
-555768
784839
769930
1.72199e+06
732807
1.42983e+06
1.34499e+06
2.3681e+06
1.51006e+06
-192832
-210115
-552911
-169353
510828
496489
1.07887e+06
482576
503705
533718
1.50696e+06
396351
-317581
-222319
511043
-568572
798403
780882
1.76545e+06
741247
1.43035e+06
1.35365e+06
2.38644e+06
1.50535e+06
-180447
-196810
-517395
-153475
494140
483831
1.06672e+06
466205
533839
559492
1.55708e+06
426087
-295011
-192161
576179
-541487
795392
781134
1.75339e+06
751476
1.42324e+06
1.34156e+06
2.37966e+06
1.49517e+06
-69029.9
-80505.5
-235207
-52417.1
537685
519424
1.0276e+06
536006
331894
368586
1.06403e+06
252998
-90325.8
3785.14
828425
-300080
624536
641127
1.5345e+06
551097
1.23911e+06
1.17939e+06
2.10256e+06
1.29557e+06
-140237
-150541
-333013
-133188
490063
476883
956333
488662
320177
346347
1.05513e+06
231558
-89567.8
1071.27
857879
-307637
609122
623913
1.51714e+06
532509
1.1945e+06
1.14019e+06
2.06029e+06
1.24383e+06
-144719
-158007
-367795
-139048
499987
479418
944013
488681
331062
355700
1.0903e+06
226916
-87561
-1219.76
846524
-309986
589479
597714
1.49379e+06
502188
1.23589e+06
1.17238e+06
2.12819e+06
1.28247e+06
-186589
-194373
-443398
-174440
480086
466603
927114
481475
319961
352723
1.10138e+06
227608
-115845
-32783.6
791842
-336896
575663
581670
1.4686e+06
487907
1.24e+06
1.17447e+06
2.1437e+06
1.28979e+06
-213592
-210962
-502457
-192412
461722
458040
895291
468571
341042
377176
1.14784e+06
250956
-142062
-47323.8
750254
-352030
562967
584284
1.44787e+06
487715
1.24199e+06
1.19126e+06
2.15899e+06
1.29675e+06
-197113
-205262
-491263
-181069
474379
460199
908746
476806
396101
431243
1.27742e+06
296899
-78562.4
10021.1
837699
-282020
606118
616543
1.49442e+06
540213
1.28068e+06
1.22029e+06
2.22127e+06
1.33191e+06
-190169
-185913
-460394
-156377
464568
456050
898461
471791
402487
438125
1.28639e+06
305265
-73246.4
19551.5
859147
-273405
614020
633063
1.50854e+06
549013
1.29214e+06
1.23915e+06
2.22987e+06
1.35592e+06
-181105
-182412
-436846
-164693
463481
454587
906481
468644
392839
425021
1.25938e+06
293458
-44546.3
42081.3
896559
-246885
648078
660405
1.55916e+06
588079
1.32395e+06
1.26875e+06
2.27355e+06
1.39139e+06
-158097
-162146
-414335
-130714
448958
427754
890663
443425
381798
411677
1.22143e+06
283828
-59391.3
20863.9
850987
-252537
657148
658941
1.56759e+06
600903
1.37064e+06
1.30348e+06
2.33003e+06
1.44674e+06
-141534
-146281
-424618
-104155
429297
420929
874540
430502
379171
408698
1.17973e+06
293161
-69942.1
3348.15
765748
-253033
667918
669600
1.55689e+06
613687
1.39846e+06
1.32359e+06
2.34587e+06
1.47554e+06
-134569
-141173
-445255
-96310.8
412614
407337
853872
402072
378010
408265
1.16535e+06
294739
-81303.1
-5938.99
701832
-258864
693462
698332
1.58263e+06
646483
1.4315e+06
1.36698e+06
2.38245e+06
1.51791e+06
-123930
-137965
-439173
-87239.3
387239
386611
829464
376273
387315
408355
1.17629e+06
295930
-80032.5
-11980.5
675692
-251046
714477
710316
1.59424e+06
676049
1.45496e+06
1.37963e+06
2.4037e+06
1.54059e+06
-145482
-161354
-463791
-107669
395486
386131
808457
383072
381005
404275
1.15903e+06
284659
-91330.6
-13592.7
648939
-257827
728034
719962
1.61391e+06
683858
1.46217e+06
1.37657e+06
2.37322e+06
1.55621e+06
-181314
-195337
-541335
-152889
385492
376310
757580
375304
346500
366071
1.0967e+06
242390
-75530.3
-3107.03
651779
-248169
745672
732784
1.62096e+06
702334
1.45155e+06
1.37066e+06
2.33048e+06
1.54617e+06
-184436
-192206
-547802
-144178
374187
359783
738105
365725
300249
324322
1.04863e+06
188358
-117313
-45472.6
585366
-282444
728028
711580
1.60841e+06
682886
1.47407e+06
1.38617e+06
2.3543e+06
1.58458e+06
-180894
-199511
-554017
-141345
361283
352726
722768
361842
263059
288235
1.00074e+06
148845
-143076
-78455.6
520168
-313773
738123
716392
1.62551e+06
686601
1.48898e+06
1.3869e+06
2.34446e+06
1.60051e+06
-210215
-218513
-607963
-177630
348836
347499
676524
352624
224987
261106
953994
110300
-176376
-104247
457273
-346156
736332
717530
1.62898e+06
683314
1.48349e+06
1.39313e+06
2.30923e+06
1.60323e+06
-229734
-246369
-619783
-205097
333551
324755
643515
335703
205407
241664
957739
79732.7
-187327
-111783
431130
-348210
717909
699679
1.611e+06
662821
1.4812e+06
1.3842e+06
2.27857e+06
1.60528e+06
-243310
-254050
-644530
-201829
356737
337933
622710
363980
212836
251947
971422
91503.2
-200573
-126026
417991
-368397
682101
682495
1.54378e+06
638529
1.47512e+06
1.37101e+06
2.22282e+06
1.60096e+06
-262854
-265642
-676029
-221216
354389
347549
621109
376255
216005
260631
1.00379e+06
94917.8
-184686
-103015
465744
-353674
682718
683749
1.52995e+06
641980
1.46295e+06
1.37352e+06
2.21648e+06
1.59649e+06
-219252
-237698
-668922
-173667
412358
391687
695203
420839
235860
274942
1.04401e+06
100515
-170099
-99131.4
490805
-343808
687543
674419
1.5287e+06
638000
1.52981e+06
1.42112e+06
2.2943e+06
1.66712e+06
-234719
-255990
-707402
-186375
434309
417197
775700
445791
239852
281895
1.08301e+06
105665
-208253
-142242
438841
-393283
660728
646444
1.48925e+06
607260
1.51925e+06
1.40524e+06
2.28114e+06
1.65127e+06
-258043
-265383
-744996
-204760
439998
429942
809501
451891
265804
314212
1.15413e+06
133746
-231714
-155410
417899
-417721
643268
638720
1.48061e+06
587960
1.48962e+06
1.38739e+06
2.24689e+06
1.61899e+06
-210604
-224072
-692687
-150916
467640
452045
857835
480630
310958
358374
1.25278e+06
173136
-196874
-115083
486487
-373439
660084
657012
1.49906e+06
619366
1.49878e+06
1.3987e+06
2.26554e+06
1.62981e+06
-197052
-218473
-658500
-139279
478037
464298
891044
483517
314827
363817
1.26151e+06
177318
-204873
-124793
494698
-393812
665237
667758
1.49484e+06
618785
1.46251e+06
1.37073e+06
2.22703e+06
1.58207e+06
-216957
-236755
-665322
-167625
475246
465016
918618
479823
302683
352050
1.25688e+06
167532
-210097
-129160
507684
-406253
685324
685935
1.53438e+06
637621
1.43214e+06
1.35124e+06
2.23558e+06
1.54332e+06
-202257
-228563
-683072
-153934
482149
464644
915788
469554
306133
346018
1.23338e+06
156772
-246971
-169996
438594
-455356
680707
676203
1.53124e+06
626895
1.44307e+06
1.35283e+06
2.26585e+06
1.54391e+06
-193102
-213538
-666959
-134922
500662
497108
989053
500769
310402
362256
1.2496e+06
177975
-288439
-205609
379467
-496533
688190
687504
1.55244e+06
633595
1.43374e+06
1.34923e+06
2.28651e+06
1.53315e+06
-207481
-227570
-683604
-154103
507995
504135
1.02769e+06
502437
332082
382625
1.29317e+06
201096
-319417
-233191
353502
-532782
707537
708350
1.60185e+06
652423
1.40992e+06
1.33625e+06
2.29196e+06
1.49658e+06
-178424
-198232
-643180
-116916
532601
529141
1.08271e+06
530336
370716
416905
1.3613e+06
242360
-318650
-226447
365494
-523294
735831
733739
1.6352e+06
697150
1.40418e+06
1.33291e+06
2.3144e+06
1.48736e+06
-191311
-212496
-646878
-138374
544600
528089
1.06323e+06
533673
392148
439712
1.35496e+06
270707
-335492
-234982
365270
-546791
742483
740498
1.62742e+06
706636
1.39479e+06
1.31726e+06
2.27158e+06
1.47821e+06
-215229
-234281
-650400
-172400
526594
514885
1.03248e+06
524042
411177
449557
1.36496e+06
297259
-310858
-212410
423915
-528329
764817
759665
1.65172e+06
728109
1.38639e+06
1.31486e+06
2.27238e+06
1.47189e+06
-199920
-217763
-608544
-163184
527845
505437
1.0381e+06
508439
427264
465935
1.38333e+06
308939
-308007
-210678
464056
-533658
768966
758954
1.68831e+06
721783
1.41602e+06
1.33947e+06
2.33503e+06
1.50092e+06
-190317
-206822
-568987
-153135
525013
512899
1.07414e+06
507637
459433
497810
1.43795e+06
351602
-319382
-220135
471867
-555768
784839
769930
1.72199e+06
732807
1.42983e+06
1.34499e+06
2.3681e+06
1.51006e+06
-192832
-210115
-552911
-169353
510828
496489
1.07887e+06
482576
503705
533718
1.50696e+06
396351
-317581
-222319
511043
-568572
798403
780882
1.76545e+06
741247
1.43035e+06
1.35365e+06
2.38644e+06
1.50535e+06
-180447
-196810
-517395
-153475
494140
483831
1.06672e+06
466205
533839
559492
1.55708e+06
426087
-295011
-192161
576179
-541487
795392
781134
1.75339e+06
751476
1.42324e+06
1.34156e+06
2.37966e+06
1.49517e+06
