7731.51
4455.48
4877.62
3701.7
3080.86
1852.62
2107.18
1965.76
2607.81
3770.29
108.187
3388.46
4966.72
1444.62
2804.39
1054.3
902.268
2784.59
-714.178
3481.79
1817.97
-157.685
-87.6812
-1082.58
16134.1
6642.56
13268.2
10650.4
-4328.91
-3694.63
-1890.1
-7954.24
22442.9
13594.8
12896.9
11535.7
-22080.1
-14325.3
-13430.1
-19123.7
6344.87
2672.86
4421.54
2754.89
5633.52
2653.77
1850.5
-4175.47
29342.1
16689.1
21443
32297.8
9567.86
3869.29
9598.27
12539.8
22317
14823.1
13198.9
22396.2
-52613.7
-35096.5
-24944.6
-30243
23236.9
10612.3
17759.7
19344.3
9055.92
3548.26
6728.12
4937.73
28403.1
16132.6
21201.9
31759
11056.3
5040.96
9530.39
13089.3
25530.8
15983.4
14913.6
20165.3
-94979.3
-62715.4
-48550
-59530.6
18463.3
11528.7
13763.8
22014.4
7969.09
2837.62
5276.43
4170.52
44445.9
25763.4
34110.1
54540.6
32715
19777.8
23311.9
34465.1
15161.1
11989
9763.73
21917.5
-115841
-71809.5
-62210.5
-70682.4
22547.5
13720
16886.4
27671.9
14965.2
8143.04
9092.69
10593.2
53069.1
35624.7
34421.3
65203
48236.7
29895.8
30437.4
48472.9
16196.3
10205.7
10632.8
23565
-140351
-86698.4
-75036.8
-84363.5
51792.7
33539.5
30955
49106.4
10009.8
6756.41
4485.18
10110.2
65460.4
41763.1
43905
77457.2
36874.2
22828.9
27102
47283.5
19469.5
14544.5
12872.2
25279.1
-128802
-80070.7
-66461
-79715
70813.9
46331.1
42361.4
66983.5
23364.2
12102.1
15122.2
11907
31675.6
21709.6
26246.4
71331.5
-19791.2
-8213.75
-9222.09
16442.4
27443.5
21212.5
15866.1
36347.4
-145423
-88019.9
-77264.1
-75099.7
61400.9
37345.8
38753.7
68710.3
33425.6
24547.2
17631.7
32136.6
8249.11
10417.1
9943.34
46886.8
-21386.4
-12462.8
-4494.37
12755.5
23340.9
20549.2
10060.7
27947.7
-154069
-92577.2
-81765.6
-84261
62736.6
39314.4
36128.2
56364.2
35690.5
26304.4
19024
30090.2
6555.59
6194.96
12427.4
47033.9
-39211.9
-22867.1
-11937.4
14027.6
39178.7
27867.8
20519.5
33284.9
-165954
-101093
-85439.7
-85801.8
60541.8
38163.3
37077.1
57690
73568.8
47126.5
42545.2
57985.6
14251
9819.59
17790.8
56480.2
-19543
-8285.17
-3136.02
33623.6
47116.6
32599.7
25174.4
42304.1
-143990
-86478.5
-73636
-63723
65088.5
38595.3
38898.7
55191.8
113852
72381.6
64385.6
92294.4
-2664.38
2853.18
5421.39
42620.2
-24693.6
-12479
-6178.7
27215.8
53496.9
34331.4
28720.6
42145.7
-151714
-91033.6
-78194
-68426.7
86384.4
53643.9
47359.2
61077.1
117457
76139.1
64337.5
95560.5
-1859.69
3574.42
6590.24
47446.9
-32264.6
-17599.9
-8877.73
26701.8
59497.4
37985.1
33972.2
48933.9
-148596
-89469.5
-76378.1
-68674.9
67910.5
45631.7
35630.4
55586.4
116787
71477.2
68810.7
93619.5
-17554.6
-11921.8
3309.97
41157.9
-59865.8
-36525.6
-21433.8
6504.68
83271
48442.5
51588.4
67198.5
-137116
-84224.9
-67788.9
-59702.4
31735
17085.1
22403.3
32889.7
128120
77250
77869.4
106314
-45504.4
-22510.7
-17875.7
20254.4
-64434.4
-37189.6
-25278.4
3468.36
75135
50144.5
41628.8
66302.6
-155429
-92493.1
-79531.1
-70822.4
9827.37
7067.53
6168.8
15442.5
121095
78782.3
70040.3
104954
-49386.5
-28763.7
-16845.4
17212.4
-49783.1
-30967
-14326
18187.5
97762.5
59758.3
58281.2
81953
-153253
-93421.5
-76482.8
-67337.1
-6805.9
-4017.07
-118.794
10412.9
150692
93550.9
90815.1
132151
-81692
-48352.7
-34639
-259.508
-52473.7
-30127.7
-18550.2
17471.2
81245.9
52294.1
48397.9
80071.4
-160474
-96677.8
-82288.1
-70340.9
-55602.6
-34028.8
-28495
-21626.2
151906
95221.1
91917.5
142335
-103791
-59173.5
-50215.2
-24412.9
-61702.8
-35213.9
-25089.6
1956.56
82520.1
52246.7
48898.6
77457.2
-177265
-105092
-93174.8
-86985.4
-80022.6
-47951.7
-43483.5
-47286.4
138000
88751.1
82356.7
132913
-89199.4
-50776.6
-41189
-11946.6
-47877.5
-26400.5
-17489.6
12674.2
97971.8
64200.3
55259
87019.4
-136223
-83399.7
-70243.3
-65285.8
-92283.8
-53861.7
-50947
-53793.9
163752
104318
95338.5
145890
-105745
-62902.8
-47847.1
-16052
-67832.8
-37849.3
-29834.2
2891.36
106763
66917.1
62598.7
93638.6
-131303
-79039
-67185.8
-53675.1
-119987
-75902.3
-62091
-69806.3
176613
115065
101927
159274
-123974
-70646.3
-61890.9
-35135.4
-63350.4
-34064.2
-27076.5
5162.59
84215
57126.4
43369.7
71462.3
-147889
-88376.3
-76607.9
-66096.1
-135819
-84635.7
-72890.7
-84401.7
174558
114344
97559.5
148285
-133286
-78913.8
-65947.6
-43883
-65133
-37026.9
-26918.8
4700.85
78826.8
50166.4
42224.2
57062.8
-163191
-101164
-84304.8
-82750.6
-175833
-107369
-94564.9
-106732
198457
126958
110193
156033
-139626
-83109.1
-68916
-47165.4
-43648.3
-22865.7
-14516.2
24833.6
46441.4
29802.4
24154.1
34588.1
-153136
-93104.7
-81209.1
-76227.5
-208937
-129327
-112221
-129468
217723
136903
121265
164114
-158432
-93513.5
-80245.3
-63875.1
-45575.9
-23526.9
-16614.9
21317.9
17553.2
9233.4
9457.55
9052.38
-170969
-103225
-90950.9
-88843.7
-232799
-143439
-126288
-149424
205762
129538
113851
153193
-161098
-93681
-81656
-60580.7
-43103.1
-20688.5
-15505.4
25920.4
4677.51
3394.11
-1518.87
-7426.04
-179273
-108779
-95815.1
-100377
-236337
-141947
-130004
-146034
180114
113605
99465.2
131942
-139060
-83623.2
-65323.9
-43021.1
-29472.2
-14297.7
-6601.55
34857.5
10006.3
2743.57
4611.75
-10030.3
-210278
-127682
-111033
-116375
-218360
-137999
-112857
-133333
169046
106475
97428.7
131151
-123708
-72507.4
-59224.4
-30385.1
22618.2
18068
21205.4
70246.8
-11951.5
-8741.96
-13889.7
-32362.2
-227799
-139135
-122298
-134028
-190727
-118657
-102118
-114128
141901
91215.4
77172.2
107053
-103488
-56772.2
-48162.5
-13531.9
41717.2
34483.5
31566
94871.8
-25402.8
-16114.3
-21594.3
-48050
-243886
-147425
-130808
-140714
-181615
-107079
-98867
-101354
139423
90324.4
76715.4
106772
-88538.3
-50035.6
-37419.4
2177.18
83862.9
58216.1
56229.8
123323
-46667.6
-32098.4
-33772.8
-69669.1
-254344
-155284
-138544
-152311
-194642
-118901
-103625
-111436
110249
70789.9
60087.8
85074.1
-60492.3
-29173.8
-25923.2
19272.2
121689
82883.5
76410.7
151090
-62277.7
-42210
-43109.5
-86372.4
-271834
-164323
-149455
-168966
-171601
-102816
-93084.2
-97669.1
79389.7
51711.4
42560.8
59935.1
-40256.3
-18974.5
-11455.8
36434.4
136722
90188.6
88754.6
163146
-76544.3
-50722.9
-48106.6
-97155.8
-243821
-153446
-132590
-162661
-173353
-102412
-94767.2
-96706.8
61994.2
34234.6
37349.4
42034
-23904.5
-8845.91
-597.505
54013.8
151689
103570
94014.1
178594
-54831.2
-36870.7
-33715.6
-74781.5
-234220
-144836
-129029
-152761
-184894
-112378
-98874
-104014
54608.4
34133.5
33604.5
44688.4
-22756.8
-6742.26
-1204.91
53532.9
171553
113035
108885
192979
-64902.5
-39122.1
-43620
-78263.3
-254363
-157741
-138880
-166916
-199802
-123407
-107849
-122756
54532.1
35115.6
33465.9
47770.7
-15751.5
-1605.84
1494.82
57781.2
194188
128184
119695
211984
-43915.6
-28396
-30514.5
-66623.6
-268049
-168495
-147914
-182496
-232426
-140271
-128237
-144882
76364
48102.4
45703.8
67900.6
-15698.5
-4748.22
4842.27
62387.3
218745
143789
133378
227955
-68393.5
-43294
-41640.1
-73027.9
-268925
-168376
-151116
-193066
-275432
-170565
-152000
-185683
73646.6
45234.3
45631.7
70608.9
-29214.8
-7850.3
-7342.6
53145.4
233123
153363
139200
238746
-87932.3
-57330.1
-51481.6
-83502.2
-288633
-177579
-164098
-206280
-296945
-181779
-166744
-205987
41261.8
29514.6
25244.4
53962.9
-7096.52
-5949.6
-2053.44
2090.91
5782.72
5381.79
-451.134
1693.52
-18776.5
-11762.7
-7592.21
-1198.55
7518.67
3886.26
1880.2
862.67
-12166.5
-8158.6
-5497.76
-3167.84
12303.7
4395.38
9372.7
11240.9
-6723.88
-3930.81
-595.384
2561.85
27768.1
15820.8
13791.4
8901.77
-22055.4
-15354.1
-9868.38
-12742.8
31250.6
18267.4
13424.4
5045.21
-11228.1
-8265.37
-6142.64
-9389.67
25723.8
12898.3
18150.7
21906.9
21934.5
17918.1
13282.3
28688
40668.5
25052.1
20250.8
16514.5
-29445.3
-11655.2
-18118.2
-7424.62
34721.8
26842.5
13161.4
13699.5
14648.4
9285.02
8055.36
8500.84
21257
17725.8
14352.1
31343.9
51284.3
31742.7
32755.3
55563
65995
40908.2
31167.1
28782.1
-43974.3
-25555.5
-21910.4
-18457.6
36763.9
23215
13092.8
2059.8
7485.43
4053.14
4022.73
3870.7
22434.4
13865.7
19045.2
39793.1
57355.6
34604.4
38753.7
63640.3
85471.5
50644.4
44269.1
39940.9
-53854.7
-31672
-26494.6
-23312.6
49818.5
28548.7
22785.1
1650.39
7932.32
4565.08
2609.93
-3123.29
20295.4
12124.8
19538.1
44152.5
33353.5
23490.8
23688.1
60080
84008.5
51806.2
41894
38107.4
-63073.9
-36370.7
-31385.6
-19997.7
42340.8
25991.8
18580.6
6122.13
11211.2
8275.98
4986.52
2559.73
-3165.01
1566.95
6901.36
45481.1
11184.3
10542.3
10626.4
44199.8
98928.5
62086.1
50038.4
49687.7
-73911
-42743.2
-37179.7
-21387.2
58358.2
31543.3
29105.2
13955.5
18963.2
12366.6
10330.8
12510.1
-13857.2
-6906.31
2553.36
39397.2
12927.3
14449.7
11666.6
49433.1
120050
74316.9
63420.4
64107.7
-86729.5
-52657.5
-43737.4
-36187.6
72647.4
40305.1
37106.8
18548.1
51570.7
32601.2
27327.6
35569.6
-6240.92
-1311.68
8689.64
52603.8
19060.8
14532.5
17191.2
53038.7
134598
82740
70446.9
74334.6
-87641.6
-48077.6
-49733.6
-39483.4
82604.2
52487.1
41846.6
37711.4
102654
60949.1
57439
66963
-17410.4
-3341.79
1492.7
55321.9
25636.2
18634.4
20200.6
60674.7
166571
102491
88129.5
92575.8
-81482
-50109.1
-40003.2
-37543.1
85501.9
49980.4
44713.2
35688.4
115012
70431.4
62697.7
73863.7
-14837.9
-5973.64
7505.23
63180
13056.7
9644.94
14835.1
54551.2
197917
121227
105435
117820
-79384
-48071.9
-40667.1
-35466.4
90908.5
51328.9
48773.4
37946.9
137918
84259.6
74145.1
85463.8
-19791.2
-8848.03
5341.48
69598.4
-31911.7
-15662.4
-11988.3
24712.7
184022
111345
100831
110829
-91482.6
-57507.6
-45139.6
-38048
59588.6
35868.7
31600.6
30232.4
154697
95110.1
85228.3
100085
-65685.3
-33902.9
-18961.1
53040.1
-53967.8
-27990.1
-24432
2488.31
171495
105155
93781.5
106519
-127228
-76924.7
-64364.4
-57334.3
65296.4
37071.5
32707.9
24165.4
152554
96464.9
81615.7
103170
-90345.6
-48495.5
-35383.6
27731.3
-44111.4
-17760.4
-19953.8
17182
167043
102114
92367.9
106598
-139947
-85636.3
-73046.3
-68761.2
81619.2
47801.8
39605.1
28717.7
155554
97636.6
82312.2
103920
-88966.8
-47362.7
-35204.7
27239.9
-9660.49
-1943.84
-508.41
33673.8
178755
106567
98323.9
108462
-150378
-91555.5
-79286.5
-80297.6
107423
65364.2
54909.7
48318.7
185763
112546
99655.4
110847
-76474.3
-38497.7
-31954.2
26237.2
-4164.15
2008.89
2810.75
38243.2
180579
110039
100533
117646
-165018
-100886
-84864.8
-82226.6
113925
68480.5
57697.8
54474.1
179190
110426
95389.4
111194
-71012.6
-38549.3
-24690
31676.3
-14685.9
-4923.58
-2325.67
31631.7
166761
102159
93075.8
116183
-198869
-121733
-102514
-100248
109130
63399.2
57849.8
47506.3
164338
100569
87022.9
94836.5
-85195.1
-48470.8
-32189.6
22837.4
-21278.3
-9240.47
-8954.09
21609.9
171422
104324
95456.6
113427
-198619
-121591
-105316
-107294
128682
78956.3
64401.9
62212
183014
112469
95298.9
102060
-100500
-56301.3
-41286.6
14432.8
-42265.2
-21444.4
-19944.7
1928.28
144793
88643.6
83819.7
105099
-212651
-125767
-114483
-110760
129611
79944.8
62183.7
59112.7
145398
91644.6
75951
85077.7
-141394
-80437.6
-65076.5
-10411.4
-56378.3
-32222.1
-25184.3
-11658.8
125250
72593
77499.6
94188.7
-247460
-153556
-129420
-142157
131523
77222.4
64123.3
45952.7
123450
75248.9
65285
67609.3
-175606
-106417
-80261.6
-42040.3
-17776
-10090.4
-7430.28
6161.02
112909
66701.4
68915.3
93157.8
-248115
-148906
-136199
-144084
133838
81963.6
63148.2
46985.1
143791
86503.9
74148.6
71585.4
-194674
-113812
-98271.6
-61189.5
-7058.34
-3141.68
-684.479
13181.2
102781
63721.6
65468.9
97748.3
-267694
-161956
-141752
-151591
106041
63875.1
47444
24782.7
103934
64020
53894.3
51164.8
-236061
-142829
-114021
-86745
-6268.5
-1146.93
-5783.43
3818.38
89666.8
58739.4
53828.5
96619.1
-286727
-170925
-158267
-169554
93195.3
55197.5
38018.3
1400.78
75750.2
48822.9
32647.8
21592.9
-272375
-161601
-143432
-117630
10339.3
7411.19
3179.15
3947.78
95238.8
61059.4
59696.1
94074.9
-250776
-152459
-137129
-153398
107506
63350.4
47210.7
13624.5
93805.5
55572.2
45657.2
28119.5
-282645
-172150
-143444
-130755
14070.7
11426.1
5683.72
5218.45
108661
74461.2
61587.6
105852
-222897
-135964
-119298
-134291
148674
81887.2
75287.1
34443.9
90872.4
53812.2
45483.2
28623
-279429
-167521
-146287
-135420
-5010.56
2112.13
-4011.42
3613.32
106569
70021.2
64874.9
109481
-225791
-140885
-119356
-136131
175874
98549.5
91257.8
56891
100613
60519.1
51194.5
44583.1
-277600
-165772
-144823
-130868
-17343.2
-10441.8
-7428.86
-7410.48
71952.4
47298.4
47046.6
83992.3
-242130
-148178
-129174
-144844
175589
102535
93203.7
70184.6
107062
62076.9
56266.6
46451.3
-306927
-184435
-158997
-151036
-24632.8
-12423.9
-14800.5
-9218.55
83517.1
58579.6
49624
98030.5
-213890
-131528
-111752
-122203
195021
113645
102946
86382.3
100087
59288.1
50513.6
39670.1
-305136
-184430
-159711
-151551
-53658.8
-32116.8
-27821.1
-26229.4
78280.3
53576.8
49816.4
101348
-204012
-125942
-104549
-104965
218036
126057
118940
105944
100406
59517.2
50540.5
37908.7
-320796
-196249
-166239
-159443
-82103.6
-48045.1
-49844
-56993.5
61703.6
44317.9
38776.3
82119.1
-194844
-119714
-101831
-102411
216152
131752
114536
118766
101488
61250.3
49281.8
35828.4
-360168
-217804
-191916
-191697
-91708.9
-57092.5
-50769.6
-67851.1
57929.7
39353.3
40058.3
85517.5
-194510
-116430
-103184
-101723
233282
140930
124085
130323
119904
71445.4
63288.9
56500.7
-359688
-217989
-189908
-196023
-101798
-65753.9
-52125.8
-69355.2
29699.2
18688.8
27910.2
66922.7
-207199
-128214
-107360
-112412
234741
139652
126603
126134
117807
68271.9
63887.1
57832.8
-357850
-219057
-185986
-194551
-117470
-71671.6
-63421.8
-71673.8
-5601.7
-2235.87
8241.33
50800.7
-223404
-133582
-121939
-120890
237715
145078
125082
132571
127283
76334.3
66588.2
68251.4
-364698
-220041
-193114
-191410
-104495
-64405.4
-53436.8
-59928
-26210.3
-12829
-4097.68
34008.3
-226051
-137986
-119961
-132582
234093
141220
125024
126385
118409
70157
64331.9
61261.6
-369992
-224634
-192313
-197576
-88756.8
-52770.7
-46301.4
-43203.5
-28180.3
-12908.2
-8133.14
33551.5
-212466
-128025
-116086
-126644
250976
151891
132743
133661
128923
78957
66522.5
64730
-357747
-214966
-189700
-185202
-100562
-59902.6
-53088.9
-50341.1
-50296.5
-26330.5
-16278.3
21180
-201168
-122868
-108177
-119886
266004
161784
143797
155725
151902
93378.4
79865.6
84303.4
-356146
-216715
-183834
-180111
7657.26
2962.07
6404.97
8623.17
14031.1
7561.8
8393.36
5417.85
-22370
-14699.3
-12359.5
-15011.2
6917.63
2936.61
3973.94
268.701
7144.61
3348.15
8412.45
10712
-10370.4
-4531.14
-11047.1
-14840.8
12675.6
8603.37
5885.25
13683.2
58053.5
34576.8
31387.1
34639.7
-34035.9
-22487.4
-19239.7
-23961
31651.5
17212.4
20637.6
27708
29967.2
18340.2
20851.9
36223.7
-18995.7
-13884
-12904.7
-27976.7
26206.1
16370.2
10549.3
11613.5
98035.4
59165.7
49680.6
54503.8
-45592.8
-26541.3
-28845.7
-35930.2
39109.4
23855.7
21377.3
34059.9
50092.2
32651.4
29777.7
51608.2
-41859.3
-27877
-26593.6
-44931
46739.1
25775.5
21876.5
14634.3
127835
76516.7
65809.7
63670.7
-49407.7
-31174.9
-31983.9
-46749.7
49011
28471.7
26202.5
30293.2
62128.5
38912.8
38639.1
61775
-61973
-39739.4
-40732.2
-67767
26697.5
13475.3
10645.5
-1380.27
114446
67559.8
62521
58566.8
-81975.6
-52660.4
-48294
-72583.1
28775.7
15551.4
18186.8
22509.3
33947.5
21667.9
27170.6
53558.4
-99427
-63102.9
-59597.1
-97193.2
11253.6
4981.57
-426.385
-19177.4
127080
77882.9
66086.2
64483.2
-123858
-78596.3
-73523.5
-108179
1397.95
393.858
-1346.33
-2264.16
34636.9
23738.3
26339
57442.5
-129896
-83281.6
-79227.8
-124563
29247.4
15348.5
11993.9
-11318.7
164400
101676
87604.2
91447.3
-147125
-96586.5
-83947
-129596
10856.9
6354.77
6018.89
-777.11
51208
35317.9
37189.6
79561.5
-140401
-89470.2
-87360.9
-144231
36859.4
21870.8
15356.2
-854.892
178916
110038
97503.7
110410
-160804
-103169
-91820.6
-134649
11361.1
5788.38
10690
17258.4
53205.5
38779.9
35238
86948.7
-153111
-101043
-88791.4
-149854
43981.3
25327.9
18648.5
-2557.61
172941
104661
95544.3
104319
-169839
-105966
-99147
-143693
-21682.7
-15935.4
-5630.69
1125.71
45063.2
33553.6
31328.4
79037.6
-180044
-116881
-102646
-164880
66461
38009.1
31127.5
10048
181727
113470
97708
112033
-164805
-104925
-94037.4
-136486
-51594.8
-31159.4
-24491.4
-19394.5
47205
34297.5
34080.4
81651.7
-187754
-119718
-108991
-165382
79527.6
45055.4
37992.8
20225.4
189785
117023
104407
120613
-163121
-105796
-93667.6
-139444
-66306.1
-40744.2
-30641.8
-21886.4
43183.7
31160.1
34878.7
88373.5
-201235
-127477
-114861
-169299
87778.8
53489.1
38272.9
20083.2
209642
134127
109635
133626
-183071
-115036
-109287
-159242
-86127.7
-49576
-45467.7
-34166
66115.2
49042.1
41840.2
99961.6
-206458
-130620
-121245
-179446
97847.3
56582.7
47466.7
27073
239589
145231
133617
153667
-191774
-121650
-115207
-173284
-69138.1
-41539.7
-35261.3
-28640.7
90694.9
59010.2
61590.4
122269
-190409
-122668
-113515
-174113
91420.4
52162.6
42906.5
18005.1
267216
158966
153673
183226
-183010
-117506
-111226
-181617
-42645.6
-27684.6
-17541.9
-6589.53
80057.2
52930.5
53462.9
113239
-187874
-124933
-104917
-169589
68858.8
37997.1
30742.2
627.204
254378
151149
148527
184758
-184300
-116746
-113921
-188182
-61573.4
-41879.8
-26893.4
-19149.9
38983.5
25709.7
31630.3
82845.3
-203889
-136597
-111373
-174546
49938
25689.9
21348.3
-13014.3
230673
142444
135434
181905
-179810
-115233
-111020
-186571
-88938.5
-55365
-43752.9
-41280.9
-1245.22
1563.41
9332.4
53400.7
-220832
-143200
-122536
-176240
27971
13910.9
7039.96
-26061.1
221114
137622
130524
182313
-187742
-121582
-115995
-201108
-100948
-62011.1
-50283.1
-48207.7
-43365.4
-24832.9
-12006.7
25146.8
-240724
-153226
-134966
-189819
26316.4
11569.7
7720.9
-26331.2
232888
147231
139776
208695
-184637
-119687
-116390
-206259
-104013
-63563.9
-53487
-47328.8
-53742.2
-29089
-19238.3
23540.3
-250681
-160265
-139364
-193754
50232.2
25135.5
24647.6
-7701.1
253521
160235
150238
220631
-169788
-115024
-106439
-204009
-103111
-62276.3
-52026.1
-52348.5
-48350.5
-25867.4
-13821.1
28884.6
-236845
-146585
-138773
-191287
64773.8
37628
29987
8807.01
281701
178937
163002
243034
-148612
-100917
-94403.7
-189503
-83563.1
-49462.8
-38444
-22503
-33134.3
-13160
-10029.6
42652.7
-233139
-147397
-132571
-189131
88877.7
50816.2
41563
16775.4
280126
175833
160775
236328
-118677
-80352.8
-82087.3
-174155
-71282
-41341.7
-33745.3
-10036
-19394.5
-5059.35
-4502.86
48336.4
-257131
-164570
-144603
-205795
100556
56770.8
50928
24880.3
263040
166332
151652
217659
-102491
-72261.4
-71656.8
-163740
-89297
-51913
-42391.8
-25040.8
-34094.6
-16330.6
-8790.04
35258.5
-290438
-183004
-165283
-230262
124333
71362.6
60565.1
37175.4
265410
165586
152511
212326
-75140.7
-57748.7
-59162.9
-159385
-89379.7
-53482
-40820.6
-19734.6
-34929
-18255.4
-8488.82
35078.9
-297918
-187402
-171456
-243180
140890
85015.4
68698.3
51447.7
269210
174151
150334
215257
-77638.2
-56841.5
-61642
-163811
-115168
-64211
-58769.8
-30246.5
-22563.8
-6332.14
-4113.95
46790.7
-302108
-189485
-176277
-249893
148198
90998.3
71552.1
57359.1
269423
171162
151619
214191
-95186.5
-71423.4
-70394.6
-181254
-119509
-68288.8
-61401.6
-39136.9
-14030.4
-3967.58
4610.34
61939
-306804
-192425
-182673
-268083
148503
91817.8
71328
52382.5
261755
164868
149977
207869
-108821
-79893.9
-74849.4
-192672
-116127
-67462.2
-54798.7
-32756
-39547.8
-18930
-10038.1
44381.6
-298956
-192194
-171647
-266024
163733
102070
78505.1
57108.1
248010
158067
142694
201440
-101353
-70293.5
-74031.3
-188058
-113991
-64388.4
-55205.2
-27045.4
-72058.4
-36964
-29530.2
19733.9
-293621
-187569
-168756
-258015
180192
111069
86830.6
66251
243334
156633
138949
201748
-78389.2
-57562
-59084.4
-160213
-130387
-74624.5
-64221.6
-40126.2
-95282.6
-53315.9
-41208.8
2907.62
-284977
-180331
-165899
-248159
201228
123128
98446.9
78889.8
254421
163011
146225
210933
-49240.8
-41082.9
-43219.1
-142764
-123920
-70648.5
-59164.3
-29820.1
-108704
-61301.9
-46376.3
-112.43
-264502
-166035
-154452
-231428
216388
132226
107311
92458.5
261234
168179
150442
225349
-50293
-42109.6
-42718.4
-141870
-133372
-75641.3
-64399
-26379.3
-104207
-58199.8
-44073.3
9286.43
-242292
-155378
-140228
-213599
219691
129546
115048
92606.9
273810
174809
156689
225216
-76788.3
-56543.8
-59409
-158458
-134457
-77559.7
-63617.7
-35474.8
-100191
-55979.5
-41502.9
6228.9
-234786
-150973
-139648
-216470
214111
128411
111275
99555
312874
197100
177549
250175
-73017.3
-52949.6
-56828.8
-150769
-101707
-57472.2
-41410.3
5798.28
-73494.6
-38998.4
-28219.2
26167.2
-233991
-153911
-135214
-216163
175874
105426
90188.6
74563
282065
177707
161034
231363
-86597.2
-58987.6
-63787.4
-151421
-127730
-72356.1
-55658.5
1741.6
-99118.7
-54343.3
-42916.4
12474.8
-284823
-186279
-162224
-247834
144182
86132.7
73779.5
55631.6
249170
160248
141047
201257
-110219
-71952.4
-76047.9
-159344
-169680
-96262.7
-78035.6
-27181.9
-123677
-69134.5
-56399.5
-9877.57
-331367
-212300
-190674
-282733
126669
75370.5
64107
46860.7
251823
159200
144615
201403
-122716
-81817.2
-80925.5
-167879
-175887
-100219
-80001.4
-23971.6
-143463
-83094.9
-63490.4
-19071.4
-355897
-225187
-206165
-303876
118581
71331.5
58734.4
44303.1
285139
184150
159156
225498
-135578
-88531.9
-89763
-175900
-177985
-99584.7
-82608.5
-20455.9
-133288
-73997.3
-61009.2
-12155.2
-358145
-229124
-207570
-310770
-5150.57
-6785.4
-205.061
-3742.01
-2626.9
-1883.73
-1029.55
-2344.77
-16059.8
-9661.91
-8721.46
-8197.49
20897.1
9376.94
14105.4
11571.8
527.502
-1571.19
1367.54
-3302.19
20434
8949.14
12371.5
8749.74
-7894.85
-6984.8
-4452.65
-8356.59
15665.2
7110.67
10171.7
4768.02
-41319.8
-26164.4
-24033.9
-32509.9
82124.8
45804.3
47861.9
49449.4
10793.3
2177.18
7846.76
1209.15
53458
30503.2
27546.8
26189.8
-13595.5
-10970.1
-6264.26
-10479.3
15718.3
10298.3
7570.29
8436.49
-62186.5
-39275.5
-35620.5
-47018.4
114326
69505.8
64985.2
81471.4
8482.45
5028.94
2800.14
163.342
67668.7
39556.3
34758.5
32968.9
-9948.99
-9019.85
-1088.24
-1909.19
1140.56
1498.36
2133.34
3538.36
-86651
-55415.3
-49152.4
-68755.5
136409
85717.6
77945.1
100350
7513.01
3518.56
6441.04
2823.48
83454.9
50296.5
45889.1
46466.8
-20903.5
-15710.5
-6730.95
-3203.19
5386.03
2296.68
4037.58
3149.45
-116859
-75059.4
-64768.9
-89067.9
168243
100877
98191.7
125605
7904.04
2499.62
6005.46
6056.37
114619
67036.6
61845
63676.4
-23106.8
-14545.2
-9736.86
-4140.11
15374.6
7909.7
8646.5
8297.9
-136616
-85072
-78097.8
-105807
184901
113859
104513
137013
2165.87
1546.44
-1065.61
-509.824
124524
74829.6
65052.4
67202
-29623.5
-18870.6
-10053.6
-320.319
-10072.7
-6083.95
-4282.95
-2947.22
-151729
-95013.9
-83789.3
-113862
183440
114696
102504
137706
-5364.82
-3288.75
-5394.52
-11940.2
119024
71804.6
61823.8
59258.4
-48429
-27724.9
-22995.8
-8996.52
-19036
-11754.2
-9278.66
-9796.26
-164717
-102239
-91850.3
-118373
183590
113052
102610
130528
-3806.36
-3659.98
-3204.61
-10742.4
110669
66202.9
55660.6
46723.5
-58226
-36963.3
-23819.6
-15072
-40328.4
-24877.4
-19785.6
-20208.4
-174777
-108448
-96963.4
-126978
171758
106423
95651.7
122941
-11694.8
-7073.9
-11246.5
-21904
98356.4
57985.6
48375.3
32695.2
-48483.5
-31495.2
-15794.6
-2071.12
-54332
-33464.5
-25375.2
-24705.6
-166217
-105261
-90553.5
-120715
161179
99050.1
89987.1
108078
8131.02
2876.51
2198.39
-13503.6
89353.5
50820.5
46312.7
23719.9
-42147.1
-24993.4
-12965.5
14897.3
-57646.9
-34545
-27602.6
-22315.6
-163978
-101594
-90035.2
-113191
154201
92798.6
86313
103329
21211.1
12085.2
7469.17
-3800.7
92642.3
53235.2
45508.7
25701.2
-60452.7
-32002.9
-21600.7
15401.5
-64060.3
-37484.4
-31199.7
-20421.2
-165022
-100362
-90144.8
-109268
117273
73387.1
63836.2
78976.8
26848.1
17431.6
8491.65
-1945.25
62944.5
35571
29693.5
6461.54
-62880.2
-32321.1
-29506.2
12824.8
-67861
-37403.8
-38292.7
-29375.3
-168230
-102761
-93096.3
-107577
126796
78738.5
63035
68122.7
55545.4
33111.7
24248.8
10869.6
51689.5
26365.2
19968
-11246.5
-57497.7
-30737.2
-28234.8
4801.96
-41735.6
-26658.6
-22399
-25899.9
-174034
-108038
-95671.5
-115274
188925
111101
98507.8
94727.6
100810
57129.3
50746.9
34815.8
64169.2
34436.1
23169.8
-12621.1
-57804.6
-31336.9
-27120.4
2230.21
-34016.8
-18290
-19761.5
-14658.3
-178955
-110471
-96647.4
-114754
224186
136491
116980
124407
135859
82027.9
68956.3
65599
58071.9
27921.5
23137.2
-18173.4
-46118.2
-28445.5
-20297.5
-1076.22
-45879.9
-27246.2
-25933.8
-29370.4
-174572
-109417
-95726.7
-114713
257871
156804
131400
127856
176985
105681
91885
83673.4
57070.6
27863.5
21471.3
-26889.1
-69145.9
-38855.5
-37525.4
-21717.4
-53851.1
-32852.2
-32390.4
-41746.9
-199824
-122078
-111412
-134294
271344
162606
138538
128404
190582
114130
98523.3
93449.8
52123
23734
16904.1
-38400.1
-89361.3
-54135.4
-46837.3
-41662
-56480.9
-37264.5
-33128.7
-48686.4
-208718
-130863
-113472
-140903
269280
161061
135391
119634
195592
118031
99516.1
93641.4
30733
12618.3
2685.59
-52994.1
-113245
-66399.4
-61363.4
-57844.9
-67783.3
-41030.6
-40182.8
-59014.4
-236326
-143277
-130999
-157347
255608
152551
127796
102254
188056
115712
94586.1
84387.5
25906.3
9581.3
834.386
-63974.1
-110915
-64976
-61189.5
-59780.9
-52268.6
-32868.4
-29255.1
-45170.7
-250508
-153662
-137893
-166888
270571
159105
137634
105980
193214
116126
100090
89557.9
41012.2
19236.8
7996.67
-57936.8
-93507.1
-55622.4
-48856.1
-47328.1
-36452.1
-22309.9
-19773.5
-27900.3
-255407
-156831
-139476
-169222
282315
167163
144521
120391
205530
126528
103869
95997.5
64996.5
32683.2
22944.2
-38111.6
-87197.6
-53954.4
-45579.4
-44166.6
-38113.1
-23195.9
-21323.5
-25395
-269661
-166998
-149027
-181873
267055
156976
131895
95007.6
212175
128556
107849
98671.8
56579.9
27474.6
17401.9
-47636.4
-88810.5
-51307
-46880.5
-39146.1
-33021.2
-18546
-18097
-19331.6
-285642
-174605
-157316
-189189
246174
143470
122873
83833.2
211957
131154
107373
101443
64710.2
32085
22528.4
-42872.6
-99064.2
-58517.3
-49223.1
-39804.5
-14046.7
-8703.78
-4707.21
-60.8112
-291947
-179361
-158505
-189199
223297
129089
110158
65433.5
228949
138927
117851
111714
60295.7
29395.1
21481.9
-41437.9
-119910
-69872
-63039.3
-51526.9
-24598.8
-11399.3
-11955.8
402.344
-308503
-187486
-170091
-197293
227013
132889
112157
67376.7
222784
133668
117019
111123
55068.1
25986.2
17607.7
-44146.8
-146734
-85282
-79718.5
-71402.2
-27726.4
-14562.9
-12865.1
-5626.45
-329517
-200975
-182311
-215964
263654
155619
133331
95808
197057
119138
103590
97925.1
46274.5
24186.6
9224.92
-48471.5
-154436
-91518.7
-83475.4
-80178.8
-29807.4
-14697.9
-15552.1
-3725.04
-325252
-198580
-180659
-217324
297377
176979
154226
129432
185410
110746
96968.4
91668.6
32397.5
11296
5168.95
-61247.5
-141490
-88275.9
-74176.9
-75405.9
-51878.3
-30585.2
-26538.4
-21003.2
-325618
-202846
-181392
-224617
335748
200893
174165
156726
163535
96673.5
85764.3
78434.4
31170
10960.2
4699.43
-60995.7
-166475
-100024
-89862.7
-91980.5
-66344.3
-38768.5
-35442.3
-35047
-350864
-214686
-197119
-246092
356383
213936
186997
172313
137399
82097.9
71450.3
61616.6
33258.8
12960.6
3713.72
-66350.7
-186511
-111278
-99868.9
-103344
-74092.8
-44938.1
-38502
-39023.1
-354845
-219370
-197081
-249156
372790
224426
198476
193288
123979
74056
63702.5
56165.5
27823.9
10139.9
1069.15
-66414.3
-192029
-116354
-100843
-105273
-74165.6
-47083.4
-37002.9
-40595
-369095
-227377
-204730
-255191
391275
234554
207184
205612
112059
65528.3
57071.3
45540.5
1906.36
-8752.57
-12253.5
-89473.8
-214398
-126825
-114847
-111842
-71994.1
-42870.5
-36141.6
-31949.9
-389620
-238941
-216254
-263459
404413
244481
213044
212136
97623.9
58594.4
49693.3
40900.5
-26889.1
-23467.5
-31106.3
-111164
-224622
-136708
-116882
-121647
-73693.3
-45713.7
-35568.9
-32651.4
-411053
-252666
-228268
-281995
423467
254685
223769
223630
74980.9
42749.6
37025.5
24650.4
-50576.5
-42006.4
-42200.8
-132993
-206970
-125222
-106492
-105884
-74069.4
-43526.7
-34312.4
-22686.1
-400790
-248342
-221766
-275788
424197
257073
222974
219378
63250
37283.6
31655.8
17116.2
-86616.3
-62426.9
-60688.9
-155894
-192819
-115470
-99224.8
-90620.7
-55990.1
-32103.4
-25794.5
-11136.9
-400930
-245780
-223800
-275361
435948
261132
230258
223362
61490
34772.7
29729.6
13545.3
-95906.3
-69291.5
-67047.2
-163332
-208032
-122203
-105903
-92082.3
-34803.1
-20195.7
-12351
7107.13
-400810
-247043
-221778
-276373
429046
258781
225205
218670
46738.3
27160.7
19954.6
3413.2
-128373
-88811.9
-84205.1
-182215
38463.8
20568.3
22375.7
19252.4
-14294.9
-10927.6
-9908.69
-21866.6
29214.8
19568.5
12378.6
10538.7
492.146
-400.93
228.395
793.374
-29348.5
-17503
-15533.7
-15487.8
11900.6
7330.58
7895.55
8645.79
86512.4
52643.4
47426.4
49991.7
-29325.1
-20924
-17724.3
-34693.5
79926.4
48035.9
39744.4
37357.2
8528.41
3824.03
6045.06
4821.05
-74881.2
-43383.1
-41962.5
-43078.4
9337.35
7731.51
9829.49
23063
128702
80963
66345.7
78155.1
-38217.7
-29159.7
-21642.4
-45442.9
112219
67951.5
58870.9
58759.9
31581.5
20919.8
15454.5
17793.6
-85342.1
-51168.4
-46959.7
-52969.4
37664.7
20750
29102.4
47162.6
173943
105662
93337.4
96525.7
-82853.1
-55092.8
-46799.9
-73001.7
110752
64602.7
58174.4
52069.2
63259.9
35312.2
38941.8
43979.9
-90467.2
-56882.5
-49091.6
-58928.2
30610.7
19258.8
23794.1
54349.6
211492
127489
114853
125057
-120592
-76904.9
-70123.8
-102247
107133
63085.2
54280.3
36884.1
74947
46758.1
41978.1
57163.2
-90955.9
-55948.4
-50655.7
-56832.3
22838.8
16951.5
17139.6
43060.7
254525
156713
135846
149024
-131073
-85264.3
-74297.8
-110301
141315
84630.1
71610.8
62294.7
90377.4
56798.4
50879.9
68804.3
-115319
-71027.5
-62909.2
-72779
33388.9
21910.4
26071
57113
288106
172391
159889
176254
-133647
-85834.3
-80615.8
-126136
158232
96312.2
80028.2
71381.7
77025.1
48061.3
43670.2
64181.3
-140775
-88302.8
-74663.4
-91555.5
18558.7
15695.6
14192.3
49290.3
292559
177946
163209
187021
-121535
-77493.2
-73055.4
-118837
182019
111156
94353.5
93920
51897.4
31504.4
30713.2
43277.1
-170379
-102289
-92228.6
-103471
-8498.01
2724.48
154.149
40265.5
294765
180631
162380
194915
-88131.7
-58961.4
-55272.4
-100534
211963
128638
113764
120799
45750.5
28675.3
26054.1
35710.3
-163435
-99750.1
-87988.8
-99864.7
7985.36
7374.42
11982.6
50025
291971
179379
163260
196545
-92259.8
-59576.6
-58499.7
-101442
213649
131341
114573
130617
36451.4
21121.3
23406.6
35146.7
-167548
-102276
-89110.3
-96679.2
-23559.4
-7698.98
-7725.85
38418.5
281083
173190
156503
196352
-102737
-66352.8
-65090.6
-114020
208128
125839
113885
123467
14824.5
11481.3
7713.83
18301.3
-168861
-101886
-92068.8
-97968.9
-39595.9
-18454.1
-17865.8
15272.8
282208
173648
158495
194186
-90478.6
-58561.9
-59503.7
-108092
213830
132641
115059
134086
10077
6046.47
7619.78
14386.8
-180576
-108715
-95500.4
-100611
-57185.1
-30931.7
-25693.4
4203.75
300959
185261
169940
215412
-68332
-44833.4
-51823.9
-108254
244602
154885
130662
158176
-7503.11
-6379.52
-2049.2
-1251.58
-206278
-124376
-110877
-117072
-53554.1
-28477.3
-24149.1
5320.98
323877
203604
178808
230401
-27764.5
-19682.3
-32524.8
-90862.5
297816
187781
157330
193186
837.214
-297.692
-172.534
-2624.78
-220241
-132926
-122614
-135656
-55207.4
-26785.2
-25695.6
12399.8
346267
218776
188089
245787
-5574.12
-9535.33
-20027.4
-85558.5
327116
206523
175424
216037
10696.4
7870.81
3520.68
1549.27
-238858
-143080
-133609
-150011
-35858.8
-18592
-12698.9
24250.9
378953
236856
209237
259894
7747.77
791.252
-18369.9
-95544.3
364970
229003
194238
233103
31903.2
16754.9
18753.9
13313.4
-239480
-147762
-133708
-165515
-25102.3
-10575.5
-10220.5
28174.7
411653
255661
228278
292692
15906.4
183.141
-8956.21
-93214.4
393412
242649
214415
250983
43596
26061.1
24128.6
29652.5
-234365
-144860
-129594
-156536
-13035.5
-5967.98
-1231.78
31229.4
426666
267071
234450
296794
35700.4
15492.7
-5227.64
-89531
430403
270190
229158
277154
49568.2
30842.6
27004.4
31476.2
-252932
-154930
-142433
-172069
-20933.9
-7966.97
-7484.73
27523.4
452440
280244
253433
322155
46174.1
16572.5
6608.62
-91473.5
456957
285294
247569
299790
62014
40032.9
33409.4
44515.2
-258742
-160477
-142356
-181626
-15016.8
-4891.76
-1921.21
30964.2
449782
279481
252524
324878
48471.5
17034.2
10421.3
-82606.3
477100
294452
260334
316855
70079.9
43614.3
38951
49170.8
-238369
-151095
-130968
-172802
-30086
-12696.1
-8400.43
32338.1
432604
270214
240586
315997
40826.9
10204.3
8722.16
-84757.4
454926
280865
251468
312760
66189.4
40782.4
37746.1
46321.2
-244294
-151715
-134620
-171503
-29248.8
-14757.3
-5216.33
35634.6
419685
264612
232457
304989
15274.9
379.716
-10562.1
-95371
416856
262053
223883
284120
65046
40833.3
36132.4
48232.5
-236647
-149383
-129901
-170655
-44444.5
-21440.2
-19026.1
26572.4
411151
256858
229507
301306
-15865.4
-22727.1
-23405.2
-122710
386222
236120
215441
257096
56570
35387.9
33051.6
40640.3
-239035
-149171
-129932
-168339
-56331
-33953.9
-20202.7
7234.41
385357
240655
214499
278399
-36548.9
-33777.1
-35494.6
-127382
344055
212295
187676
232814
53137
33275.7
32291.4
46077.2
-241386
-150079
-130967
-159479
-86767.7
-48400
-38984.2
-2232.34
371996
232880
210320
275572
-28960.3
-25672.9
-36007.3
-128880
329882
207513
178315
218895
22068.1
15543.6
14509.1
29668.1
-260429
-161387
-140777
-173106
-88697.4
-47227.7
-45556.8
-9402.4
379127
235986
215240
281164
2626.9
-9257.44
-15699.9
-110596
346567
214627
189148
230141
2129.81
1195.72
5001.37
12503.1
-242005
-152959
-130258
-167159
-91293.1
-50170.6
-44676.4
-13592
344559
218594
194280
270458
1483.51
-11404.2
-16524.4
-108734
321134
200361
175618
220817
-30008.2
-15403.6
-15155.4
-3683.32
-267474
-166497
-146183
-178372
-105925
-62262.2
-51718.5
-24750.9
334271
214751
188281
261907
2904.79
-4557.3
-21898.4
-114064
315466
200914
168404
213094
-44013.9
-24072.7
-22882
-15620.7
-279925
-172207
-155454
-193128
-124681
-69116.2
-67798.8
-40900.5
329965
210472
190364
274630
-1863.93
-11409.2
-19220.6
-120948
319634
199161
176956
217230
-53060.6
-30684.2
-24253.1
-13246.9
-293999
-182856
-157793
-191713
-139775
-81692
-73385.7
-62080.4
318674
202134
182467
264370
18032.6
-364.867
-10615.1
-103919
322631
202809
173646
221853
-66038.8
-39106.5
-33244.6
-22360.8
-306606
-191313
-165955
-197160
-141341
-84874
-75715.6
-65034
313964
197767
181862
265060
19236.1
875.398
-13547.5
-123797
339083
211363
186815
227273
-81931.8
-48670.9
-41165.6
-36393.4
-324996
-199609
-178695
-214238
-141604
-85547.2
-74839.5
-73744.9
293186
186392
169819
251465
51790.6
21758.4
2266.28
-105823
376417
233210
207013
256779
-79391.8
-46733.4
-40691.9
-34387.3
-306743
-189860
-170013
-207761
-149049
-87890.5
-80053
-73463.4
271895
176484
153699
236683
69609.7
28861.3
14338
-98222.1
376492
233789
211107
269409
-68893.4
-39362.5
-34224
-27597.7
-306953
-188065
-170941
-207452
-145735
-89343.6
-75835.8
-73974
270246
173718
156476
231904
64516.4
29792.5
6211.23
-111189
372419
233953
204892
264770
-47183.8
-27780.1
-20100.2
-9009.95
-286752
-178091
-158280
-199702
-156166
-93782.9
-86082.5
-87351.7
265967
169523
154423
238318
64784.4
24840
10487.1
-118022
378973
232936
215208
267881
-25479.9
-12445.8
-8895.4
11722.4
-279363
-172370
-152573
-185277
-153263
-95747.2
-82701.8
-97503.7
240326
154592
138493
210027
92942.1
44970.6
21349.7
-102206
392948
245474
219886
284626
-9447.65
-1388.76
672.459
24301.8
-270496
-164609
-149595
-174428
-166151
-101773
-90719
-103656
28165.5
16963.5
17339
22070.9
14069.3
11130.6
6187.89
9062.99
-2782.47
-2081.02
-447.599
480.833
17726.5
10608
9230.57
6589.53
-17607.7
-10665.3
-8358.71
-9371.29
1260.06
1959.39
541.644
2808.63
51199.5
32918.6
28625.8
45599.9
48245.9
31126.1
24296.9
31494.5
15972.1
10835.7
8454.17
16746.4
26991.7
14669.6
15545.7
15692.8
-3923.74
-2544.88
-3204.61
-3599.88
16746.4
11696.3
9944.75
19825.2
50768.1
30372.4
30513.1
44655.9
57506.9
36264.7
30783.2
39228.2
12723.7
9328.86
6410.63
14492.9
23717.1
12843.2
12978.2
11037.2
-6611.45
-4270.92
-3043.39
-6889.34
12534.2
10319.5
6081.83
16038.6
53168.1
32310.5
34979.9
52352.1
48301.1
32799.9
26636.7
36184.1
-11181.5
-5692.92
-2242.94
7655.14
31773.1
16541.3
16417.6
9206.53
-21129.1
-12697.5
-14359.9
-17095.7
12338.3
8828.23
9515.54
20672.3
52151.2
33775
32889.7
51842.9
74613.2
48979.2
38599.5
50547.5
-6110.11
-2410.53
-1368.96
9051.67
36085.8
22305.7
17114.1
10135.7
-26464.9
-17371.5
-16341.2
-27652.8
19774.9
14788.4
11893.5
24676.6
94597.5
60613.9
57477.2
91101.5
117182
72378.7
64185.5
76381.7
-5832.92
-2474.17
1004.09
16143.2
59616.9
36915.2
29754.3
26327.7
-27461.9
-16457.9
-18585.6
-31726.5
24374
18683.2
14727.6
34432.6
116462
74819.7
67716.8
105840
141189
88935.6
77408.4
97192.5
7182.08
6713.98
6876.61
23806.9
55714.4
31845.3
28949.7
22151.5
-34100.9
-22378.5
-19223.4
-33125.8
35096.5
24873.9
20059.2
34817.9
119645
76730.3
68647.3
108873
160565
100569
89198
114133
39760.6
29506.2
21078.9
42633.6
56933.4
30247.9
32652.1
26901.9
-8080.11
-5351.38
-7339.06
-17034.2
66765.7
42138.6
41706.6
62893.6
101166
63057.7
60529.8
95805.9
159163
99052.9
91230.9
121965
60311.3
40373
35474.1
59854.5
37901.6
19224.1
21851.7
17879.2
-4182.54
-2851.76
-1308.85
-6331.43
71761.4
48252.3
42637.1
76146.9
57374.6
40117.7
33470.2
62494.8
126644
84107.5
72646
106620
47876.8
37422.2
24190.8
49889.9
8837.42
2262.03
3851.61
-4008.59
-28649.8
-14118.1
-19543
-18268.1
50387.7
35684.9
33014.8
62008.3
58921.1
39362.5
33315.3
58330.7
153583
98700.8
87582.2
130373
78613.3
52101.7
42763
68478.3
3641.6
-272.236
2061.22
-6585.29
-17655
-11078.2
-10091.1
-12045.6
95402.8
66341.5
54383.6
96801.5
60850.1
36937.8
37010.7
54702.5
160473
98833
96638.9
134347
87121.9
55339.6
50089.3
66591.8
-14035.4
-11778.3
-5297.64
-12847.4
-15150.5
-8828.94
-7042.08
-9951.11
116082
75177.5
72060.5
116260
74734.8
47704.3
41748.3
57261.5
176393
113402
99854.8
147729
108713
68549.8
62120
83513.6
-21384.3
-12780.2
-13035.5
-17492.4
-16884.3
-9763.73
-7684.84
-5148.44
140418
90859
85152.6
134605
72570.4
45936.5
38837.1
53068.4
181324
115121
103801
149213
122868
79201.6
66254.5
90839.2
-27556
-17845.3
-13739.1
-16654.5
-14318.9
-6859.64
-8807.72
-5220.57
159062
101338
98451.9
156117
77348.3
48377.4
40457.1
48670.2
193647
123764
108189
157649
139975
88437.1
77065.4
100254
-33032.5
-19721.2
-18454.1
-18287.9
-7158.75
-2962.07
-2655.89
2061.92
172922
111914
104720
172750
69107.7
41512.1
37912.9
39060.6
179850
111948
105838
145763
130133
82338.3
73302.2
96576.6
-45830.4
-30486.2
-23348.7
-29839.9
-25396.4
-15542.9
-11571.8
-6346.28
160793
101853
103798
170827
53558.4
32896
27460.5
23976.6
181574
116184
103726
150798
129156
81112.2
73329.1
97276.7
-59872.9
-36664.2
-31343.9
-35419
-45915.3
-27793.5
-22389.1
-19086.2
172240
113760
107941
186042
68051.2
40431.7
33357.8
26215.3
187695
117014
108786
154180
132822
82984.6
74164.2
94520.4
-67149.7
-40760.5
-34843.4
-33608.1
-53702.6
-31671.3
-27011.5
-23805.5
186635
120104
119158
204789
100905
59342.5
53264.9
43477.9
203703
131496
113416
160537
172518
107557
96636
121448
-82734.3
-50935.7
-44581.7
-50114.1
-43943.9
-26615.5
-20651.1
-13758.9
217266
144098
129833
223745
108776
64719.4
56299.8
53175.8
231454
146467
128823
175612
206283
128667
113867
145850
-87494.6
-54840.4
-44971.3
-48297.5
-35827
-23663.3
-16369.5
-10653.3
251353
162492
150852
248335
105636
60680.4
57803.9
48805.2
239687
152490
133001
181059
224035
140071
125458
159757
-89673.2
-55478.9
-47707.8
-51923.6
-47654.8
-30278.3
-22878.4
-20462.3
262359
170309
155384
256132
105461
62192.9
56046
50789.4
229334
147304
125637
169048
226226
141856
127291
168050
-90051.5
-58295.3
-48026
-58791.7
-68353.2
-44532.9
-36236.4
-38166.8
266702
171939
157514
250970
81995.4
48485.6
42866.2
32551.7
243602
155617
131668
172844
225334
141602
126467
166973
-96619.8
-58619.9
-52854.1
-60471.1
-94910
-59467
-51278
-62043.7
287953
189489
164317
261522
112673
68686.9
59276.1
53298.9
281855
176871
154050
189957
258042
162906
144914
188742
-100018
-59867.9
-54853.8
-60944.1
-91381.5
-56461.8
-50759
-61275.8
326535
211271
187680
284735
152767
94835
79775.1
87117.7
321238
199477
177790
222379
276113
173751
153924
205663
-102159
-60179
-56151.3
-55952.7
-113043
-67526.6
-62715.4
-72943.7
319505
205480
186697
287557
154663
93504.3
82617.6
84917.9
326842
200869
183587
227510
293675
184935
163033
213307
-120688
-75501.3
-62448.1
-68710.3
-99120.1
-61097.6
-54402.7
-68823.4
305888
194686
182933
281764
155187
94190.9
82087.3
87669.9
329755
204256
185476
238982
315915
197976
176222
232329
-153692
-93403.9
-82599.3
-85665.3
-96856.7
-57412.1
-52691.5
-58578.8
279209
181444
166469
276252
178320
108761
95460.1
98463.2
335372
209611
189742
247617
332054
209792
184662
243827
-164970
-101260
-90447.4
-102299
-92351
-53994
-51167
-53534.3
254865
164901
155740
259250
193970
120920
99613.7
106899
353660
221539
198445
264053
364067
229542
199875
263991
-173252
-104459
-96134
-107830
-74712.9
-43246.7
-41896.1
-41937.8
255685
168649
153852
264486
229004
138625
121813
129553
378706
232635
216843
284538
374033
232637
209272
269082
-186996
-113745
-101788
-111914
-61546.6
-35658.7
-32611.8
-30892.1
234704
153105
148135
264179
222763
136078
117294
125009
378094
239189
211399
288200
399714
249198
223396
290187
-214363
-131375
-118515
-138043
-68311.5
-38671.7
-37887.5
-32633.7
230344
154108
141064
256808
202903
123848
105814
108238
379808
239236
211398
283819
414075
258824
230998
299725
-233843
-145113
-127722
-155595
-52065
-31169.3
-28664.7
-31237.1
235668
154924
147321
261114
177493
104818
93435
88721.4
367143
228902
207323
279422
422373
262634
238258
310440
-257761
-161224
-140525
-169992
-49095.1
-30351.1
-24974.3
-23780
224612
148152
139668
257121
169853
101596
86952.2
73994.5
340677
216460
190053
254498
431180
270379
242588
320482
-269265
-168080
-150334
-191303
-49188.5
-29572.6
-28637.8
-32391.9
219516
143641
138148
245493
162517
98674.6
79830.9
65130.9
362861
229926
199609
266124
448195
282221
248952
331176
-273878
-168702
-154750
-196500
-31555.3
-16418.3
-21875.8
-25418.4
230117
155168
139442
251283
165211
99238.2
81581.7
65506.4
392027
243835
217988
281156
473683
296580
266450
350947
-279417
-172776
-156780
-199402
-5460.28
-1751.5
-5810.3
-9808.28
244716
162083
149752
266475
-6300.32
-5782.72
267.993
-106.066
17582.2
7859.49
13927.2
17124
-15744.4
-10142
-5300.47
-3356.64
9945.46
7458.56
4297.09
5067.83
-12768.2
-9008.54
-4309.11
-4975.2
-18595.5
-13360.1
-5919.19
-1245.92
-9965.26
-5582.61
-5267.24
-1187.94
-4345.88
-2777.52
-548.008
7022.28
-17845.3
-4608.92
-9980.11
6893.58
20052.1
17638.1
4684.58
9800.5
-25842.6
-15738.1
-13199.6
-9096.22
-35268.4
-20479.2
-19084.8
-12373.7
-12076
-8377.8
-4555.89
-6368.91
-20245.9
-13651.4
-9297.04
-7128.34
-13003
-4495.08
-5246.03
8654.28
53949.4
34755
23259.6
17430.9
-57441.1
-36305
-31524.2
-35178.6
-48124.3
-30115
-27927.9
-32350.8
-16131.2
-13372.1
-1047.93
-1780.49
-12840.4
-12361.6
224.153
1816.56
-10221.9
-5309.66
1684.33
20818.6
93315.5
55948.4
49678.5
46084.3
-80067.8
-51485.9
-41784.4
-54027.9
-73797.9
-47966.6
-35452.9
-40630.4
-31380
-18502.9
-14454
-5558.57
-28736.1
-16187.8
-14325.3
-4732.67
-1443.2
2591.55
5311.08
32798.4
101197
61637.8
51887.5
49025.8
-101461
-61872.6
-57029.6
-66446.1
-82447.9
-50314.2
-46866.3
-53400.7
-28461
-16960
-12271.8
-6731.66
-19112.4
-11876.6
-7595.74
3157.94
10352
11388.7
10202.1
45543.3
131814
80986.4
66335.1
65536.1
-127529
-79285.8
-70777.1
-85623.6
-80743.1
-49440.2
-46056
-52183.8
-24952.4
-14746
-10458.1
183.141
-21159.5
-11024.5
-11731.6
-2996.01
11115.7
9245.42
12841.8
46395.4
159291
97324.1
81157.5
76419.9
-138828
-84601.1
-78829.7
-100854
-98015.6
-60426.5
-56111
-69517.1
-34419.1
-19869
-18260.3
-10616.5
-24531.7
-15457.4
-11105.8
-6212.64
11011.8
8375.68
14826.6
49530
179286
108769
93955.4
92643.7
-139396
-89095.5
-73831.8
-93818.2
-102851
-64832.5
-57710.5
-78130.3
-36220.1
-21364.5
-18123.1
-10827.2
-33023.3
-17363
-20050
-15125
11291.1
9384.01
15140.6
54246.4
210987
128389
112939
115982
-153619
-94243.9
-83319.8
-98567.9
-92182.7
-56688
-54936.5
-77165.9
-45881.3
-28507.7
-20879.4
-15191.5
-18493
-8852.27
-13674.7
-11026.6
4055.96
6753.58
10192.9
54049.1
255097
158253
134847
150549
-148363
-87648.7
-84006.4
-94445.4
-86417.6
-53508.9
-51372.7
-69961.9
-65079.3
-40273.3
-32353.7
-24263
-14804
-6056.37
-12957.7
-17253.4
12251.3
8254.76
16699
56791.3
275123
166541
152284
168154
-125270
-76012.6
-66520.4
-75809.6
-89208.6
-55123.2
-54888.5
-82563.9
-79614.6
-47605.3
-41957.6
-39809.4
7608.47
4526.9
2395.68
-1378.86
15685.7
13927.2
17556.8
63448.7
296606
181746
163159
191631
-121158
-73642.3
-62024.6
-60983
-70929.2
-44849
-42815.3
-70316.8
-66324.5
-41505
-32225
-29956.6
-4526.9
-3942.12
-2987.53
-9130.87
18868.4
15170.3
18790.7
61458.9
310587
193770
164587
197595
-113007
-67694.2
-57918.4
-53875.2
-86749.3
-56282.9
-52118
-78327.6
-43903.6
-24214.9
-22127.5
-14823.8
-21493.2
-14548
-11832
-20571.9
24803.9
20366.8
20034.5
60258.2
329307
204542
174657
199987
-100635
-61528.9
-48962.9
-43786.2
-112662
-70413
-69198.2
-107187
-23296.3
-12643.8
-9994.95
2879.34
-28526.8
-16926.7
-19661.1
-26126.2
41936.4
28854.9
29750.1
70698.7
366619
226936
194615
221516
-97657.8
-56936.9
-50013
-34036.6
-104336
-64838.9
-68700.4
-110403
-13830.3
-9628.67
-2300.22
8093.54
-46020.6
-28162.6
-28835.8
-41905.3
35205.4
23821
24854.8
58822.8
388913
240659
204214
231250
-107720
-62189.3
-56721.3
-45792.2
-129891
-84498.6
-80901.5
-132961
-9953.24
-5419.27
-2629.73
12959.9
-55845.2
-32883.3
-36374.3
-53316.6
25338.5
15105.2
19422.8
46961.1
398730
242944
212820
229787
-102839
-59792.2
-52477.9
-41131.7
-149004
-94676.6
-95756.4
-160007
-11614.2
-5708.47
-4246.18
4456.89
-69657.1
-44886.4
-41753.9
-63689.1
10170.3
8302.85
7631.8
24531.7
405729
248255
214405
231194
-109442
-65167.7
-55905.3
-43632.7
-164399
-106221
-104446
-181306
-5757.97
-4451.94
2700.44
15143.4
-76878.8
-50894.7
-43416.4
-72677.1
13404.6
8502.96
11934.5
26421
410063
249861
218130
230904
-112079
-67202.7
-56471.7
-49802.2
-186693
-124157
-111910
-195510
-2813.58
311.834
132.229
16415.5
-88923.6
-56883.2
-50489.5
-75693.7
6209.1
8206.68
5767.87
26099.3
416997
257042
217903
232790
-99608.7
-59971.8
-49150.3
-38748.7
-210856
-136523
-127972
-214862
3061.77
-188.798
5863.33
18270.9
-89090.5
-59015.8
-50237.1
-77054.8
25394.3
16245.1
19101.8
40297.3
446309
271007
235992
245696
-100005
-61592.5
-50242.1
-39153.2
-195129
-129820
-119601
-212248
-4953.99
-6960.05
5567.05
11477.1
-92329.8
-60843
-51005
-80139.2
27673.3
16867.3
22098.5
44461.5
457661
276970
243699
251204
-103743
-62859
-52999.8
-48249.4
-228640
-150487
-134893
-227990
-19116.6
-13938.5
-6303.86
8709.43
-102227
-64483.9
-59527.1
-83667.7
35066.1
20345.6
26201.1
53062.7
456513
274771
242887
249850
-104240
-63018.1
-54452.9
-48058.5
-236896
-155250
-144278
-242314
-39424
-23761.6
-19789.8
-16251.4
-118495
-76288.3
-66861.2
-98602.5
35547
23715.7
23793.4
47755.2
447876
270968
235650
237219
-118960
-72085.3
-62588.8
-60519.9
-249493
-162576
-151846
-258034
-22025
-14750.2
-7685.54
-1943.84
-122473
-78551.8
-68945.7
-98516.9
40310.7
28965.2
26843.2
58165.9
467824
285756
244018
246476
-123462
-74511.4
-65018.5
-66795.4
-263462
-171241
-156923
-257662
4777.21
2904.09
3488.86
8457
-159914
-101422
-90459.5
-125296
48797.4
36646.5
28731.2
59266.9
473030
289463
243994
238850
-111213
-69031.3
-59409.7
-67103
-286493
-184643
-172354
-282897
45558.2
25981.2
29950.2
42772.9
-155364
-99631.3
-86285.4
-119080
77448
50682.6
48605.8
81312.3
537888
326515
284214
284110
-87542.6
-54454.3
-47108.9
-52239.6
-265893
-173434
-159733
-268388
53711.1
30784.6
39065.5
58893.5
-166111
-105046
-89569.2
-115306
71615.1
48664.5
45745.6
87786.6
554048
338434
293641
307555
-101544
-61268
-54308.6
-60072.3
-301138
-193698
-175162
-274663
62478.5
36281.6
40621.2
69604.8
-179827
-112844
-96879.3
-116825
70042.5
44289.6
46188.2
85026.1
562633
340039
300345
310982
-98492.9
-61924.2
-52263.7
-61900.8
-310112
-199826
-182197
-285365
56911.5
37968.8
35295.9
62190.7
-211016
-130100
-114541
-133115
69379.2
48433.3
42637.8
81076.2
564587
344561
298855
311848
-100618
-60934.2
-55958.3
-64536.9
-315501
-200239
-186912
-287400
73552.5
47793.3
46681.8
81270.6
-207738
-127020
-115264
-133860
87732.2
55715.8
53817.9
91760.5
600258
364248
318760
331018
-95941.7
-60551.7
-51237.7
-63764.8
-332922
-213260
-197078
-302822
74697.3
54149.5
43600.2
88384.1
-214206
-130519
-119423
-138830
86451.6
59048.4
49702.5
91416.2
638209
389710
337764
358958
-94613
-58470
-50786.5
-56025.5
-339561
-215484
-204507
-317924
68819.2
49624.8
43603.7
89101.1
-215600
-129835
-121358
-145978
82043.5
55483.1
49183.5
85968.6
668102
407366
358448
382005
-125493
-76533.7
-65612.4
-72350.5
-343833
-216737
-208722
-330701
70838.7
46144.4
47876.8
89031.8
-198732
-122054
-111184
-136491
87294.5
53762.7
51929.9
78841.7
702899
427741
376990
404544
-140958
-87568.1
-75837.2
-90068.4
-355808
-229820
-213964
-347294
73896.2
51507.8
47372.6
98366.3
-181298
-109152
-101973
-125217
93285.1
56664.7
56159.8
80704.2
747017
452465
406498
440506
-134088
-83540.4
-69735.6
-81143.3
-355320
-226881
-217525
-357382
81219
54596.4
51027.7
96595
-171955
-106067
-95598
-116987
117590
73063.2
65585.6
87298.7
767917
467681
415077
460714
-136828
-85645.5
-72841.2
-81866.7
-352226
-228637
-215239
-366722
-16204.1
-14161.2
-4591.95
-10320.2
-25346.2
-16016
-12666.4
-17196.1
-11419.8
-9613.82
-3563.82
-7158.04
-10836.4
-7840.4
-4419.42
-6325.07
-11322.2
-8015.06
-4550.23
-9094.81
23500.7
12298
10800.3
2506.69
-11952.2
-6667.31
-4265.98
2491.14
-19050.2
-10686.5
-11261.4
-12385
-4378.41
-226.274
-3440.07
4879.04
-22003
-12530.6
-11648.2
-8659.94
13354.4
8645.09
7715.24
12814.9
52354.9
30396.4
27086.4
21392.1
-45167.9
-26592.9
-19754.4
-12001.7
-34830
-17049.8
-19949.6
-18165.6
9241.89
5754.43
5893.74
9149.25
-21696.2
-11393.6
-10109.5
-3719.38
-2047.07
-296.278
27.5772
2140.41
59954.2
37401.7
31307.2
27677.6
-70240.5
-43351.3
-34091.7
-27197.4
-77770.4
-47362
-38640.6
-38344.3
6310.22
3135.31
8547.51
10539.4
-40534.9
-23647.8
-17451.4
-8929.34
-12100
-8016.47
-3486.74
-844.993
72455.8
42108.9
40049.8
36392
-81283.3
-51528.3
-40467
-41026.3
-93283.6
-56440.6
-51024.1
-54903.3
23904.5
14539.5
16677.8
27324
-44870.2
-27679
-20737.3
-11639.7
-21496.8
-13741.2
-7867.98
-5120.16
92331.2
53510.3
49003.2
46616
-82468.4
-51497.9
-44593.7
-43760.7
-103313
-59824.8
-59290.2
-66046.6
76190.8
47038.9
44490.5
59400.5
-35110
-18333.2
-17913.8
-6289.71
-27871.3
-16053.4
-14848.5
-9514.83
94316.7
55192.5
49464.9
42528.9
-84989.3
-54968.4
-40604.9
-48361.2
-97380.6
-62513.9
-49643.1
-61263.7
60418
35788.1
37518.4
52531.7
-30991.8
-18019.2
-11826.4
1063.49
-37932.7
-25045
-16976.2
-19099.7
120268
70657.6
62087.5
52572.7
-85030.3
-50616.8
-40968.4
-35615.6
-111018
-69153.6
-58604.3
-67820.7
44876.5
28830.9
26109.9
43044.4
-65618.8
-38723.3
-30116.4
-15993.3
-22126.8
-13847.3
-9481.59
-6264.97
130884
77785.3
68663.6
61980.7
-81402.8
-46703.7
-36121.8
-15474.3
-132805
-80161.9
-69413.8
-73281.7
11554.8
6928.23
8424.47
15183
-72485.5
-42539.5
-33317.5
-16438.8
-28845.7
-17405.4
-11515.2
-3477.55
129565
78580.8
68142.5
63931.6
-67329.3
-37051
-29982
-3149.45
-149585
-91575.3
-77470.6
-80642.7
-14666.8
-7670.69
-5649.08
-2704.68
-82927.4
-48003.4
-39023.1
-22440
-31432.3
-18613.2
-12407.6
-2172.23
146585
86681.4
77865.2
74304.2
-38084.1
-20537.2
-11943
18684.6
-148737
-91996.7
-77706.1
-81559.8
-7648.07
-4763.07
-2777.52
-210.011
-85331.5
-49869.4
-39112.2
-16634.7
-27730.6
-16957.8
-9018.44
4088.49
161723
96902.6
83710.1
81581
-13943.4
-4426.49
160.513
44818.5
-156306
-94085.5
-83949.8
-84473.8
-5689.38
-3903.94
-1786.15
-274.357
-88436.4
-49721.6
-42842.2
-15616.5
-46048.2
-25827.8
-22194.7
-3575.84
165874
98275.8
86810.8
81322.9
-2817.11
2502.45
6948.03
54003.2
-152023
-89784.2
-82595
-83630.2
-23695.9
-14582
-13123.9
-10768.5
-85563.5
-46923.6
-41597.7
-13399.7
-64171.4
-36547.5
-33100.4
-19451.1
168064
102306
85364.8
79796.3
-15574
-4391.84
1364.01
43453.1
-156959
-93583.5
-85540.8
-92587.9
-40928
-24603.1
-24786.2
-29089
-107987
-61628.6
-52033.2
-27760.3
-64377.1
-36757.5
-33140.7
-25682.8
148364
89630
77367.4
70360
3439.37
7285.32
14819.5
72047.1
-150069
-87458.5
-82942.9
-84734
-58511
-38333.7
-33473
-47806.8
-111324
-61497.8
-53033
-18401
-63623.3
-36324.8
-30914.7
-16906.2
124873
76477.1
64871.4
62585.3
14926.3
15301.8
18203
78320.6
-159120
-96668.6
-86593
-93872
-90947.4
-58209.7
-51104
-73305.8
-117637
-66940.4
-56822.4
-23903
-65447
-37339.5
-33562.8
-20030.2
117308
67963.6
61779.9
52673.1
19339.4
16380.8
23980.1
85887.3
-166279
-99422
-93170.5
-103809
-103346
-65135.8
-59189.1
-81784
-115326
-65321.8
-54926.6
-19926.3
-73102.1
-43087.6
-35240.8
-22361.5
112529
67028.8
57324.4
50958.4
11740.1
13703
18643.6
87042
-171381
-101833
-96240.1
-109124
-114543
-72704.7
-64827.5
-92177.7
-122501
-69684
-57368.3
-19858.4
-97400.4
-56480.9
-49347.6
-35394.9
98319.7
56683.8
50437.2
39094.5
-13802
-7156.63
10431.2
73303.6
-199620
-124971
-105328
-121510
-164030
-105743
-88860.7
-120665
-119258
-68327
-55312.7
-16932.4
-128438
-81095.2
-60823.9
-53794.6
85979.2
49067.6
42588.3
22999.4
-25445.9
-10448.2
-525.38
64952
-201004
-125190
-109575
-126537
-173511
-110260
-97121.1
-126619
-121614
-69515.7
-58259.2
-19499.2
-109273
-67854.7
-53768.4
-41534
116008
66674.5
58602.9
41670.5
-65929.2
-36786.5
-19975.8
38845.6
-249147
-153889
-136316
-159580
-213000
-137404
-118082
-162567
-132819
-76657.4
-66649.1
-35041.4
-143464
-89959.5
-72047.8
-70485.8
97357.3
54428.1
46495.1
17211
-97850.9
-50536.9
-41927.9
23821.7
-291235
-181017
-155452
-178542
-251732
-158593
-135708
-179576
-134379
-77968.4
-67137.7
-40685.5
-170210
-102454
-87785.9
-80454.6
101526
59120.5
49182.8
20899.2
-119669
-67780.4
-54090.8
-1498.36
-337404
-206894
-186094
-217348
-274931
-170886
-151935
-191692
-131541
-76458.7
-68351.8
-45725.1
-197967
-120618
-104271
-106581
110941
65498.6
50034.9
24077.7
-144066
-81430.4
-69746.9
-18978.7
-377010
-230993
-207342
-245198
-284927
-178351
-156376
-201005
-110306
-63946.5
-57363.3
-41635.9
-225481
-137066
-120875
-126443
116260
65827.4
54892.7
14284.3
-152903
-91053.4
-69243.4
-24895.8
-384001
-237961
-206289
-242736
-300477
-188796
-163135
-203384
-73906.8
-41524.8
-35101.5
-14260.2
-254556
-156411
-133546
-142802
137204
76636.9
67895
31426.7
-160483
-93901
-74100.5
-28579.1
-384106
-235656
-209496
-240360
-292005
-181030
-160171
-190222
-55715.1
-30410.5
-23878.3
2945.1
-238568
-146014
-125622
-131943
156239
87578.7
80808.2
48102.4
-176307
-104584
-80140.7
-31709.5
-406707
-248561
-220937
-250954
-316454
-198540
-172376
-212488
-24446.8
-9725.55
-7294.51
26046.3
-260181
-159298
-135004
-139195
140424
79991.5
72892.8
45998
-190404
-108548
-93792.8
-42137.2
-433328
-266262
-233627
-263242
-326333
-201794
-179449
-218177
-4212.24
4144.35
1632
41036.9
-273367
-162113
-146920
-142792
153536
91938.7
74927.2
54004.6
-194799
-115592
-90517.4
-45918.8
-452595
-277183
-245105
-280347
-324939
-201931
-177472
-217692
18884
16891.4
16352.6
53971.3
-282904
-172135
-145489
-148458
186898
108911
96266.9
74645.7
-218956
-128366
-106180
-52451.8
-464949
-284139
-253221
-283005
-307768
-193419
-167609
-207301
46238.4
34189.3
31567.4
77772.6
-319354
-192826
-166522
-159233
178380
103484
92599.9
73865.8
-258032
-151054
-128597
-86498.3
-484685
-296304
-263682
-301483
-343211
-213577
-186869
-227267
45918.8
35746.4
31246.3
79325.4
-353101
-212436
-187335
-185566
161969
98755.2
80616.5
69391.9
-265123
-154328
-131421
-91665.1
-470942
-287902
-257658
-299364
-361160
-224532
-197669
-239673
26684.1
22635.9
23241.9
69167.1
-331685
-200279
-175104
-178150
150441
89415.1
77322.8
61820.9
-282491
-166507
-139454
-95310.2
-487968
-296525
-269476
-308340
-397097
-248071
-217654
-269564
18381.2
19208.6
16740.8
68971.2
-336549
-204848
-176804
-178389
103992
61065
51369.9
34663.1
-292767
-172028
-148202
-108793
-511028
-316804
-278850
-333766
-440087
-273988
-239952
-300869
8447.1
9559.38
12962.7
54485.4
-340579
-206109
-179955
-182595
83474
46543.9
42488.6
20243.1
-299929
-178723
-148050
-108991
-522209
-322222
-289187
-347404
-457915
-284960
-250114
-307236
9146.43
10428.4
14330.2
60432.2
-359630
-219232
-186131
-186445
46222.2
24756.5
22250.5
5294.11
-322277
-190100
-165056
-125443
-539172
-330179
-303194
-372871
-479935
-297916
-262857
-324808
10511.1
12406.9
13566.6
60052.5
-403914
-243245
-214909
-216606
550.836
-3102.08
-4666.2
-32954.7
