7870.81
9364.22
16789.5
4382.65
7292.39
8358.71
15113
6718.93
14215
13901.7
23545.2
19488.6
378.302
4201.63
-1663.12
6040.81
7146.73
5099.65
4338.81
14644.9
8651.45
7119.15
10678
19730.4
8315.58
6757.82
28526.8
5704.94
3791.51
6776.2
29505.4
-289.914
30999.6
28103.3
58975.5
26155.2
13313.4
7161.58
112.43
15593.1
19746
14637.8
22876.3
15214.8
15424.1
13397.6
14369.8
10270
2566.09
9050.26
22141.6
2496.79
-3752.62
3923.74
28401.7
-10642.7
29210.6
27698.8
60715
28995.6
-4481.64
-7445.83
-22024.3
-4939.85
16177.2
10695.7
24989.9
9101.17
7768.28
2885.7
11885.1
4731.96
22469
24131.4
44667.2
23091.3
1255.11
6129.91
35911.1
-5889.49
32388.3
32746.8
66580.5
33754.4
-2380.12
-1830.7
-20026.7
4307.69
8804.19
7524.32
24410
6019.6
-2387.19
-2025.86
615.89
-2610.64
31368.7
27081.5
54324.2
29522.4
4338.81
8244.16
52565.6
-6765.6
44711.1
36660
73983.2
44074
-210.718
-3706.65
-24619.3
2863.78
8791.46
4850.05
15907.1
6059.91
-11477.1
-13119
-17864.3
-14116
23357.9
23389
39252.9
23580.6
-7515.13
-1094.6
45254.1
-22363.7
31715.2
27440.7
49945.1
30546.3
-10738.8
-14152
-43966.5
-6988.34
1113.69
-4904.49
913.582
-7899.09
-27281.6
-30486.2
-44153.9
-36967.5
24318.8
19383.2
37643.5
22905.3
-5922.73
-1748.68
53485.6
-21954.3
36688.9
31188.4
53774.8
38627.8
-8779.44
-8572.26
-40464.9
-2648.82
-8825.4
-4688.83
-4085.66
-4315.47
-34100.2
-30335.6
-46575
-31978.9
17745.6
15697.8
36750.5
25173
-14497.8
-10262.9
41917.3
-25923.9
38713.4
36558.8
84067.9
34118.6
5893.03
3315.62
-17565.9
14515.5
4801.26
5984.24
13917.3
2020.2
-23960.3
-19235.4
-33248.9
-29564.1
12996.6
14258.8
26838.2
10992.7
-14460.3
-6851.16
41471.1
-34934.6
29333.6
28135.8
82611.3
16728
16687.7
13130.3
-2281.13
18157.1
6815.8
6534.37
23702.2
-4904.49
-18855
-20132
-16373.1
-31814.1
19357.8
18681.1
48947.3
18676.8
-6709.03
-2431.03
60286.5
-24678
9915.76
11036.5
74288.6
-5562.81
32355.1
30862.4
36099.2
39320.1
4430.73
8041.93
40549.7
-3095.71
-27186.8
-22444.3
-5610.19
-38282.1
19765
15221.2
41196
20078.3
-8843.78
-4839.44
52062.9
-24451
7593.62
9784.94
79099.8
-8502.25
44286.8
41375.6
49979.7
53137.7
9481.59
13954.8
46488.7
7842.52
-34650.4
-25200.6
-12797.2
-42781.4
10388.8
12337.6
28054.5
11839.1
-15144.1
-9667.56
41103.4
-32066.6
-7636.75
-3545.43
65857.1
-30197.7
49805.8
46235.6
56933.4
57352
8353.76
9734.74
32780.8
-311.834
-29434
-24673.1
-4507.81
-45476.9
24449.6
23713.5
40566.7
20548.5
-8942.07
-1343.5
49655.2
-21325.6
8152.23
16409.8
94900.8
-5366.23
46284.4
43004.1
46237
60180.4
6530.13
6042.23
18635.1
13280.9
-19014.1
-13164.9
14218.5
-20045.1
25927.5
19630.7
57480
23106.8
-2966.31
667.509
73536.3
-20647.5
51840.1
55797.1
168108
32410.9
48207
41229.3
41268.9
56074.3
26061.8
23128.8
37003.6
20873.1
-5197.23
-3880.6
24328
-24611.6
15192.2
19171.1
45304.3
15006.9
-15941
-5015.51
66097.5
-31964.8
67368.9
70731.2
198977
54211
34431.9
28938.3
26064.7
42140.7
26815.6
20542.9
42053.1
23375.5
-7945.76
-7595.74
30363.9
-19468.8
27145.8
25623.4
56188.8
25796
-20520.9
-13570.8
54474.1
-40528.5
80250.3
83662
220062
65582
21080.3
17305.7
5077.73
28824.5
8873.48
5423.51
17272.5
5944.65
-14779.2
-12076.7
13593.4
-25104.4
27221.5
23130.2
49085.2
23662.6
-24700.7
-15793.9
49882.1
-45526.4
96747.1
98683.8
233342
87768.2
9646.35
6843.38
-10159
16163.8
-5944.65
-5669.58
-11296.7
-5871.81
-25310.2
-21392.8
-11287.5
-33587.6
14935.5
13189.7
33771.4
12781
-35945.8
-26702.5
45532
-59602
110048
109148
248713
99262.2
-917.825
-4927.12
-30666.5
2318.6
-2718.83
-9151.38
-15261.5
-8749.74
-26791.6
-28735.4
-20155.4
-42000
9209.36
6851.86
34880.2
-5202.18
-40736.4
-28870.5
49985.4
-70786.3
118688
120522
268071
111036
-7841.81
-7517.25
-31119.1
-3548.97
-25018.9
-24882.4
-36874.2
-21718.1
-30424.7
-28363.5
-20766.3
-33250.3
-11440.3
-13051.1
24435.5
-17321.3
-51755.3
-38081.9
49692.6
-81467.2
140004
138513
302512
130376
-1955.15
-4291.43
-20699.1
2220.32
-27212.3
-27400.4
-48195
-31577.3
-21465.6
-19910
-19816
-33601.7
-23507.8
-13915.9
4276.58
-30595.8
-57970
-38410.7
46060.2
-90209.9
144412
143823
303519
138602
-14682.4
-15104.5
-40443
-16754.9
-37094.1
-35986.1
-69791.4
-43579.7
-18082.1
-18717.8
-21336.9
-25809.4
-7118.44
-3860.8
32709.3
-15962.2
-46723.5
-30895.6
68636.7
-79385.5
154084
151696
319642
148229
-13099.2
-9486.54
-18412.4
-11797.4
-44681.4
-41526.3
-72990.4
-46759.6
-24466.6
-22250.5
-28019.1
-30062.6
-11389.4
-14786.3
26145.3
-28561.5
-50402.6
-35964.2
72490.5
-89770.7
153394
147133
309735
146296
-9387.55
-10217.7
-9084.91
-12967.6
-56846.4
-57620
-94644.8
-61562.1
-41017.1
-41131.7
-59447.2
-48412.1
-33917.1
-28330.2
3646.55
-47621.5
-62846.9
-45061.8
69300
-103532
147597
142605
293200
141728
-24766.4
-22214.5
-29661.7
-30139
-77568.2
-77918.2
-139747
-86917.6
-49267.7
-52033.2
-84678.2
-60515.6
-37725.6
-32748.2
-4304.87
-52295.5
-63414
-46739.8
79970.9
-106309
148415
143121
300793
147090
-30165.2
-29408.6
-31386.3
-35716
-80310.4
-76616.4
-134551
-83867.8
-54345.4
-55050.4
-87375.8
-56696.5
-39038
-29207.8
-10554.3
-45522.8
-73230.1
-51007.1
68741.4
-113409
147746
147925
302309
147477
-34905.6
-33376.1
-38634.9
-45979.6
-73986
-68946.4
-122609
-84066.5
-49481.2
-48105.2
-91377.3
-57750.1
-34397.9
-22452.1
-19964.5
-35361
-75761.5
-52186.6
67548.5
-117392
151454
148517
292758
157478
-51282.9
-47925.6
-45169.3
-64425.2
-68758.4
-65465.4
-101412
-82616.9
-53209.8
-53790.3
-96752
-55497.3
-12741.4
-4620.94
3802.11
-13148.7
-63010.3
-42401
87235.8
-105510
158030
155695
295398
166028
-47605.3
-39635.5
-24555.7
-59641.6
-60460.5
-53199.2
-72820
-71319.5
-54456.4
-51196.7
-93077.2
-56916.4
-861.963
-2535.68
12812.8
735.391
-55872
-38892.3
102771
-99015.5
169471
158851
297082
177153
-38582.6
-34496.2
-2505.99
-57581.8
-46484.5
-39875.9
-46817.5
-56052.4
-60980.9
-59999.4
-106920
-66695
-1890.8
3744.13
-7241.48
2996.01
-66374.7
-43966.5
90033.1
-111409
162369
156776
269444
176563
-52611.6
-46316.2
-14422.1
-74270.3
-39078.3
-35578.1
-40577.3
-52935.4
-66673.8
-67615.7
-124115
-73146
-1056.42
-1664.53
-10982.8
1265.01
-75031.1
-54764.7
76470.1
-117931
160928
152536
257795
180563
-77521.5
-67042.2
-37072.2
-94354.9
-53940.2
-49620.5
-53286.2
-58771.2
-81607.9
-78268.2
-143106
-72268.4
-15576.9
-12723.7
-31218.8
-16460
-89241.8
-63317.9
43842
-135145
162770
156703
260538
171369
-93682.5
-82465.6
-65033.3
-126088
-54844.6
-49291
-51289.3
-76081.9
-87245
-83225.1
-172396
-95107.3
-23966.7
-18405.3
-25729.5
-27247.7
-83062.4
-60172.7
65366.4
-129588
154988
146335
261576
166608
-116174
-106352
-72618.5
-150627
-59772.4
-54834.7
-27860
-85424.2
-101943
-102430
-178770
-105603
-27208.8
-23390.4
-18753.2
-37031.9
-81609.3
-60790.7
67195.7
-131242
137702
131892
236616
145988
-144077
-125494
-96392.8
-181009
-81269.9
-71566.3
-36275.3
-111310
-129923
-125514
-220707
-136610
-23747.5
-18860.7
4111.83
-32883.3
-78189.7
-55222.2
82220.3
-125176
139748
132681
241213
150514
-140209
-123116
-77071.8
-181008
-80868.3
-66263
-19042.4
-108707
-146950
-139222
-241737
-152130
-21236.5
-16129.1
6491.95
-35760.5
-61265.1
-40801.5
103808
-111340
136530
129970
224359
144678
-153741
-136488
-95419.8
-200132
-72463.6
-64459.1
-10078.4
-109935
-148840
-145340
-251317
-161719
-1725.34
-2139
-3817.67
3437.95
4778.63
7490.38
8640.84
8942.78
1398.66
2102.23
13626.7
-5558.57
-23251.8
-25874.5
-29915.6
-33785.6
1267.14
857.721
5228.35
4055.26
6994.7
7517.96
19326.6
7692.61
17039.9
14736.8
19042.4
19057.2
17530.6
16829.1
16926
20216.2
7426.04
4041.12
27151.5
977.929
-43740.2
-43482.8
-51425.8
-55594.1
17851.6
14254.6
24999.1
17208.9
22138.8
16524.4
13628.8
28299.1
10383.9
8791.46
1807.36
17431.6
20540.7
20350.5
23769.4
26112
-2814.28
-3391.28
18248.3
-11333.5
-64904.6
-62073.4
-78744.1
-78353.1
17272.5
16361.7
26148.1
21440.9
5557.15
5328.05
-3993.74
9091.27
-1382.39
-2952.88
-25394.3
5998.39
18664.1
14382.6
10830
21901.9
-5744.54
-5474.42
22582.9
-13024.9
-89640.6
-81351.2
-111125
-105102
9024.8
3464.82
8065.26
6766.3
-10809.5
-13961.8
-33392.4
-10296.2
11363.2
9429.98
-10478.6
23279.4
18719.9
19864
16512.4
23753.1
885.298
4126.68
36684
-9280.07
-93813.3
-86119.2
-107728
-110681
10279.9
9067.23
19998.4
10059.3
-24132.1
-26492.5
-61638.5
-23418.7
21508.1
22892.6
-2151.73
34103.1
27292.9
30026.6
29878.8
33401.6
9939.09
15068.4
58293.2
1796.05
-95378.8
-84513.4
-96156.6
-113592
19757.3
19458.2
31416.8
19250.3
-40165.8
-42780.7
-88272.4
-43849.1
29256.5
19668.2
1624.93
40319.9
44967.7
40641
59650.1
56570
-776.403
-4285.07
52299
-18066.6
-117656
-114334
-125561
-147302
17684.7
14683.8
38309.6
16907.6
-46041.8
-49419.7
-88184.7
-47772.8
42523.3
38506.2
22647.2
49814.3
42235.5
39709.7
48611.5
52384.6
-28398.8
-28612.4
3578.67
-45515.8
-149691
-140291
-168394
-183739
17671.3
15991.9
43806.7
7978.99
-37809.7
-40240
-103366
-33418.6
37357.2
28892.4
12633.9
47408.7
48820.1
43289.1
57485.7
60706.5
-58025.2
-57359.8
-40317.1
-78184.1
-177591
-166779
-206216
-212615
4724.89
5184.51
44415.5
-5322.39
-56849.3
-58904.1
-131081
-54963.4
33056.5
31141
5203.6
44817.8
48902.1
42394.6
43639.1
58866.6
-74714.3
-63772.5
-64616.1
-89898
-206694
-186744
-245893
-244721
-1787.57
4307.69
49025.8
-14997.7
-59667.8
-57088.3
-137387
-55860
54168.6
46187.5
30870.9
72006.1
44730.9
40950
37282.2
64783.7
-82302.3
-72544.2
-78804.9
-95052.8
-221201
-206127
-255934
-261326
4606.8
10267.9
77450.1
-9929.9
-52455.3
-53680.7
-139410
-42569.2
68749.9
65934.9
49856
89938.3
52871.8
49827.7
27030.6
79801.2
-73418.9
-59777.4
-77594.4
-77800.1
-239627
-219009
-273098
-281609
16798.7
25668
106688
1281.28
-43033.1
-43302.5
-129159
-32382
74447
63905.5
67015.3
87098.6
72596.5
64719.4
47270.8
96676.3
-61625.8
-58938.8
-67849.7
-79531.1
-255527
-237709
-298353
-303846
22136.7
29832.8
137439
4232.03
-26781
-28717
-85016.9
-19279.3
89626.5
83775.9
103948
100259
83744.8
78426.6
55753.2
111630
-65617.4
-61140.7
-84671.1
-76366.1
-274756
-249918
-336024
-314549
41091.4
50408.9
168003
25622.7
-1122.89
-5272.9
-68443.7
18970.3
84980.1
74652.1
102576
93416.6
96076.7
84699.4
74281.6
123479
-79601.1
-79707.9
-114662
-94223.4
-282710
-265699
-370876
-324107
40207.5
45553.9
167205
21638.9
-8034.15
-15240.3
-81580.3
5137.84
74765.2
70548
100247
78597.7
103937
88946.3
79219.3
125586
-87670.6
-83832.5
-123572
-103458
-300550
-279903
-405851
-345867
32410.9
39538.6
158473
9866.26
-11306.6
-18555.2
-85158.3
-1308.85
75905.1
65222.8
112293
76866
93739.7
83886.9
71497
122135
-103800
-101350
-145740
-122430
-324624
-307256
-445962
-366828
28455.4
33715.6
156829
6573.97
-18273.1
-27676.2
-108823
-1318.05
62630.6
59641.6
105959
65147.2
96009.5
87768.2
68837.6
129380
-118322
-110059
-163110
-131271
-353795
-331116
-501607
-388617
20482.1
28709.9
141126
2457.9
-33642.7
-42123.1
-141921
-13677.6
57519.6
55919.4
111516
56235.5
110863
98671.1
85084.7
139005
-121410
-111458
-163289
-139839
-367118
-342593
-526227
-413164
23010.7
31894.8
144413
1390.88
-34374.6
-39740.8
-141941
-20673.7
78006.6
78950.6
154043
71970.7
119485
108923
92681.2
149023
-115333
-107447
-157565
-129306
-368111
-340283
-515610
-410037
40179.2
48496.9
166961
19741.7
-18963.9
-28420
-142807
3261.88
78690.4
78554.6
168575
73623.3
133617
119934
119528
165154
-122714
-114377
-172063
-136530
-370803
-342824
-519284
-413411
41042.6
49060.5
177394
19832.2
-37094.1
-43684.3
-157903
-21000.4
77972
77560.4
173244
72041.5
142802
124419
126831
172388
-122014
-114915
-177639
-130759
-369859
-338063
-520101
-405762
38632.8
42831.6
177455
15465.1
-42193.8
-52461
-164860
-26041.3
81245.2
76398.6
177203
68322.1
135745
120431
119075
162599
-123593
-114657
-191122
-134461
-359643
-331511
-511450
-398932
28229.1
32112.5
159450
-4284.36
-64882
-76035.9
-216279
-53237.4
65541.7
65144.3
171874
45788.7
129350
116447
121520
153671
-122242
-112194
-183894
-132136
-356599
-326719
-486775
-397539
8451.34
14021.2
141827
-29738.1
-100446
-111473
-262902
-96777.5
62342.8
62493.4
178675
46395.4
155591
140619
158666
187954
-115066
-104457
-163102
-126903
-353350
-327181
-478951
-403204
9458.26
21600
146389
-15505.4
-94038.1
-94859.1
-227657
-85769.2
62129.2
67851.8
190724
40253.5
151645
139832
154425
183549
-127512
-116333
-180219
-137861
-374526
-342904
-489905
-424317
11605.7
24209.9
149506
-15152.6
-82146
-85185.2
-212698
-71106.7
64689
68181.4
207278
43762.8
177450
161684
197531
210728
-129802
-119430
-175864
-144839
-369879
-339496
-482634
-420730
17227.2
27806.3
162549
-10470.8
-76436.1
-77898.4
-184606
-69732.7
59753.4
65312.6
201069
38789.8
190701
170810
208356
222600
-136829
-127439
-188296
-150951
-370132
-335245
-482704
-416766
16606.4
26302.3
153515
-7969.8
-66420.7
-68423.9
-167585
-56327.4
65063.7
64623.2
199116
44888.6
188068
170495
211351
221776
-153209
-140042
-218116
-167102
-363963
-332926
-472422
-412481
20825.7
28627.2
146402
-1722.51
-62902.1
-67144.7
-172985
-52207.8
63239.4
66381.8
192946
44385.8
187112
170975
211252
222106
-156973
-143476
-238035
-165266
-374702
-340338
-475880
-423056
30319.3
37952.5
148514
11817.2
-69819.7
-72865.2
-179820
-60360.8
50448.5
51044.6
173598
36850.2
189808
171324
210246
225346
-159383
-151876
-243182
-178361
-386406
-362742
-500261
-449190
18060.9
26548.3
133379
1399.36
-75699.3
-78072.4
-182034
-69727.1
45170.7
51012.8
177125
23309.8
194473
179469
231954
225431
-172924
-162507
-242309
-197872
-406186
-375251
-510228
-473120
17022.9
28483
148036
-8012.93
-76052.9
-76793.9
-185608
-68445.1
38263.7
42796.9
164617
22954.8
213242
195405
264059
251024
-177771
-166930
-241831
-200229
-415953
-385089
-525334
-477974
20491.2
31683.3
163381
-1578.97
-81030.9
-79647.8
-186026
-72313.7
33214.9
40252.1
139579
22343.2
225512
202183
262810
264584
-173590
-159803
-238635
-189706
-427883
-390923
-550961
-488211
26392.8
39339.9
165621
7342.6
-82728
-80043.1
-199225
-68724.4
38948.1
42123.1
129709
36919.5
229668
209900
263575
273928
-168162
-152934
-235384
-184242
-424104
-390731
-542673
-481380
37563.6
50247.7
180249
21677.1
-79101.9
-78415.3
-207887
-63306.6
40771.8
47876.1
105237
44857.4
242101
224875
279214
289004
-158680
-138868
-219301
-170059
-428599
-388891
-539687
-483342
49597.2
63341.9
191697
36063.2
-79016.4
-76494.8
-206479
-63838.3
-770.039
1482.1
-1821.51
1898.58
-7388.56
-5362.7
-4753.88
-11598
5369.77
9857.07
32896
-943.988
8439.32
6523.06
21772.5
1453.81
-18571.5
-22206.7
-28977.2
-30387.9
-7812.82
-7219.56
-3598.47
-11083.9
2677.11
3003.79
8253.35
1750.09
-8719.33
-7867.27
2895.6
-13948.4
-1506.14
3347.44
47950.3
-12536.3
12170.7
10868.2
46652.1
4270.92
-41032
-37237.7
-39635.5
-52693.6
-17612.6
-14928.4
-1283.4
-22854.4
2627.61
3220.87
6371.03
2061.22
-17157.9
-11937.4
-9583.42
-20644
5546.55
13597
70862
-7666.45
13879.1
17202.5
57096
4691.65
-58675.7
-53670.8
-62152.6
-74485.2
-19565.6
-13810.5
-5685.85
-25784.6
9738.98
9862.73
11479.2
11693.4
-1970
1716.86
3068.84
-2708.22
20647.5
28554.4
101231
8233.55
37954.7
42660.5
107496
28773.6
-50381.4
-42673.9
-37495.8
-66646.2
-4775.09
2141.12
19649.1
-9901.62
20238.8
19137.8
20529.4
22956.2
5540.89
7071.77
10766.4
3323.4
32712.2
38719.8
140269
13309.2
59855.9
59462
149938
46060.9
-50630.3
-44982.6
-22734.9
-73628.9
11513.1
13830.3
52591.8
1482.1
25164.5
23368.5
31657.9
26566
5984.95
7905.45
20773.4
-485.782
40469.1
48785.4
175070
17777.4
64068.8
64342.5
171439
47246.8
-63518
-55580.7
-27285.8
-91849.6
5912.83
6544.98
55769.5
-9113.9
26951.4
27182.6
35704.6
29873.8
20812.3
23577.1
55821.8
18712.9
58677.8
69956.2
210161
42933.4
61076.3
65715.7
177343
49345.4
-65318.3
-52907.9
-15064.2
-92388.5
373.352
5130.77
53909.1
-9973.03
32774.4
27500.8
43745.2
30969.2
33554.3
33683
70951.8
32779.3
76628.5
82611.3
227268
62946.6
66137.1
67551.3
182324
53711.1
-57375.4
-43451.7
10830.8
-83903.2
-2683.47
-489.318
49592.2
-15369.7
18267.4
14282.1
19940.4
16407.7
27107.6
29186.5
58039.3
29659.6
83984.5
88391.2
229817
71525.3
39630.5
45397.7
140108
28555.8
-62731.7
-48820.1
4090.61
-89287.1
-12823.4
-9019.85
26678.4
-25396.4
13513.5
10523.2
11078.9
13067.3
38383.9
38170.3
61805.4
44696.9
81190
85019
223434
68041.4
37247.6
44257.1
132806
26288.1
-47575.6
-33555.8
30221.7
-71775.6
-8292.24
-2971.97
30779.7
-19425.6
9750.3
7335.53
-10036
10779.8
43067
44241.5
59389.9
51112.5
84560.8
89535.3
221136
76436.8
31695.4
36848
116931
19246.7
-35345.4
-21392.1
50920.2
-60308.4
-3170.67
-1423.41
34727.4
-14860.6
6100.92
5820.2
-1782.62
2190.62
58192.1
57519.6
80498.5
66217
90582.5
94919.2
225414
83667.7
18249.7
27689.6
102097
6441.74
-27664.1
-10890.2
71994.8
-52266.5
-10349.9
-8605.49
29528.8
-25533.6
5849.19
1996.16
6831.36
3536.24
78334.7
69249.1
108527
83087.9
94548
92744.8
224219
85609.4
35136.1
32869.9
122712
18698
-29434
-20849
76752.9
-63903.4
-32851.5
-34221.8
4235.57
-49161.6
4939.85
2809.34
14123
-413.657
81500.4
72792.4
113257
89084.8
90667.4
88493
215547
81802.4
37159.2
36650.1
132643
21309.4
-39773.3
-25812.2
73983.2
-72366.7
-53659.5
-50263.3
-22903.2
-72626.9
-8847.32
-13069.5
13290.8
-27394
84219.2
78609.8
119418
92837.5
96769.7
94570.6
224296
87930.1
44297.4
46984.4
151730
28811.8
-47492.1
-31500.9
73875.7
-86129.8
-72287.5
-67784.7
-43876.7
-97677.6
-38014.1
-33802.5
553.665
-63129.1
96903.3
91001.8
143420
105524
96303.7
95317.3
228939
84948.3
59421.7
67467.2
200762
40542
-46649.2
-26781.7
99708.4
-86570.4
-95296.8
-81779
-64563.1
-122672
-45570.9
-40985.3
1191.47
-73272.5
102733
93835.2
152744
110019
97423.1
95254.4
230680
86431.1
73396.3
75840.7
229339
49623.3
-47364.8
-29242.4
111504
-93698.7
-97599.1
-89260.9
-63909.7
-130089
-52604.5
-41365
18440.6
-82473.4
108896
97012.9
164455
113332
100525
97773.8
233620
91257.1
80354.2
81286.2
257694
52977.1
-58990.4
-41335.3
112599
-110940
-126025
-116434
-94386
-163666
-55408.9
-40404.1
28151.3
-84268
107267
102847
172263
117552
108073
108093
256803
100831
76233.9
80828.7
265013
51056.6
-81986.9
-58061.2
93045.4
-135803
-150390
-132979
-118200
-189397
-47760.1
-37222.8
44945.1
-82046.3
116064
110289
183584
126924
115119
113634
270497
103758
74012.9
78256.9
264637
45292.3
-93741.1
-68809.3
82810.7
-150013
-160404
-143243
-124152
-203372
-54317.8
-43234.6
42630.1
-91049.9
116863
109616
181932
130106
133881
132027
307653
125456
73665.7
79375.6
264486
47676.7
-104930
-79431.4
73746.3
-164750
-167864
-147961
-128823
-214046
-64780.9
-49800.8
37801.9
-101433
118417
111158
174771
134396
133292
132910
308018
125992
76740.2
85747.3
283653
50419.5
-109517
-81599.4
78191.2
-169368
-174513
-149791
-127620
-221072
-59132.5
-44722.4
35708.9
-93569.3
122788
116594
174839
142355
149958
147706
329132
144924
82296.6
89454.7
289176
55056
-114127
-86352.6
77515.9
-177633
-167509
-147465
-114539
-217936
-57863.3
-42246.1
53832
-96821.3
133258
124816
183705
155066
159993
155973
343085
155309
81919
87035.7
287226
55847.3
-124038
-94178.1
72047.1
-186606
-180099
-157265
-121163
-233493
-58704
-39461.5
58315.8
-88839.5
142287
132007
196910
156261
166135
164812
353761
160139
81187.9
91324.3
291237
53173
-141790
-110908
49031.5
-214077
-189349
-162592
-120726
-239250
-40467
-27448.5
73402.6
-72484.8
148721
139647
216323
163204
171602
169253
359625
167272
91771.9
99761.5
312000
63005.3
-151454
-117107
49556.9
-224938
-188850
-163796
-119065
-241260
-29399.4
-13197.4
93370.6
-55196.8
156963
149644
236419
175152
191692
188954
385944
190778
102048
117177
330673
81219.7
-157344
-119045
52135
-228883
-174967
-143517
-96234.4
-219444
-12659.3
-308.299
105578
-36250.5
171681
161565
248929
192449
203702
199128
399596
203664
135856
147483
382450
116052
-140779
-103841
81984.1
-211776
-154414
-124950
-76858.3
-194789
767.918
10608.7
105843
-20796
174013
164368
252004
192718
212288
205858
409022
212261
149245
155268
399599
123255
-140390
-104667
89818.8
-217855
-133621
-111755
-55558.8
-178870
13133.1
21667.9
129874
-8937.12
189527
179325
285746
206369
222521
213357
424026
221851
158191
165513
426149
134297
-142570
-104491
101656
-221925
-132631
-111656
-50609
-179243
27162.1
37039.7
145405
16444.5
212928
199287
321290
233158
232146
224172
435341
237210
170985
174285
436248
154598
-139214
-103569
104870
-213972
-127471
-105674
-40624.7
-169052
55114.7
56200.1
165725
42322.5
228397
213256
333006
252410
245097
235641
441631
254175
187948
188793
436619
176930
-125938
-91095.9
111917
-197310
-118409
-99697.1
-34605.8
-159659
61217.8
62636.2
174791
52668.1
225291
209157
327967
250111
264030
251671
457033
277610
184178
185129
415823
178210
-129287
-96231.6
95810.1
-195798
-110521
-90339.3
-28326.7
-147966
51199.5
50727.8
151365
41507.9
213643
196817
304284
237959
258339
244209
440296
271574
180635
179569
402422
173243
-131105
-100599
81901.4
-197143
-110367
-91339.8
-31886.3
-147516
56652.7
57578.3
134373
55799.2
204495
189242
282976
234344
259118
245031
428007
279565
173088
171669
373372
170863
-134891
-102936
61705.7
-195280
-102684
-85869.6
-30185
-137986
62207.7
63015.9
142844
60891.1
205793
188909
277828
234677
258713
241023
406945
280328
166879
163412
347587
168089
-140467
-109220
40189.8
-198369
-104662
-87013
-36185.5
-139371
-3675.54
-4588.42
-14944
-5185.92
3526.34
1848.38
5988.49
-427.092
3365.83
4024.14
226.981
-2345.47
10028.2
11443.1
16122
13586.3
-14586.2
-15976.4
-28422.2
-14931.3
-1345.62
-3649.38
-10473.7
-2044.95
-16710.3
-18114.7
-36469
-21132.6
731.148
5478.66
19630.7
-2621.95
1598.06
5306.84
16265.6
-5433.41
18785.7
18186.1
32473.2
20469.3
-37293.5
-37003.6
-62026
-44100.1
-6699.13
-7088.75
-22539
-5329.46
-30701.9
-31262.6
-63742.8
-32674
-9957.48
-10692.9
9282.9
-20484.2
-9777.87
-7035.71
9579.88
-23665.4
15621.4
12037.8
21790.2
16373.1
-73588.6
-76352
-112221
-86063.4
-6066.27
-4970.96
-24296.9
-7196.93
-37471.7
-37821.7
-84877.6
-35297.4
-4248.3
-541.644
17916
-7672.82
1296.13
4369.21
31017.9
-1390.88
13289.4
14828.7
12492.5
20521.7
-103470
-96146.7
-144663
-113151
-23002.9
-25231
-52658.9
-20701.3
-52256.6
-53053.5
-118068
-51771.5
5593.21
9202.29
31095
2657.31
21325.6
25914.8
58915.4
17633.1
20735.2
22482.5
21982.5
28303.4
-98921.4
-92958.4
-137648
-109680
-48431.9
-47317.5
-111786
-43930.4
-56924.9
-51896.7
-127794
-52617.2
19723.3
25796
56264.5
23229.2
50533.4
56109.6
113190
45901.8
32029.1
32775.8
32821.8
46062.3
-105370
-99704.2
-141040
-113474
-63081
-62446
-153498
-60234.2
-50956.2
-54240.7
-120905
-52229.7
30200.5
29765
54928.1
30211.1
53532.2
54775.3
122726
46717.8
39673.6
33139.3
40496
44106.5
-115168
-105855
-161965
-129620
-58817.1
-60077.2
-140388
-52258.7
-51203.7
-53722.4
-120053
-51854.3
29093.9
32583.5
51787.1
33449.7
58153.2
62360.5
134462
55407.5
35318.6
32376.3
47940.4
38829.4
-106188
-97343.1
-150297
-115743
-56933.4
-58122.8
-146365
-47889.5
-44961.4
-44347.6
-108351
-40224.5
20020.3
18804.8
30322.9
23770.8
55073.7
59049.8
136949
49429.6
40266.2
37690.2
67457.3
43131.4
-102964
-94628.6
-145477
-112859
-37444.8
-38988.5
-121274
-24724
-40710.3
-47497.1
-106008
-43924.8
15569.1
12443.7
7155.92
17472.6
58836.2
57745.9
141788
47463.8
39929.6
39242.3
79956.8
33797.6
-100618
-90204.2
-135285
-113455
-32745.4
-41920.1
-129225
-23408.1
-58610
-63825.6
-120797
-67279.1
13985.9
9644.94
2153.85
16399.2
66643.4
65859.2
163208
56473.1
38021.1
36136
92035.6
28868.3
-76863.9
-68916
-93763.1
-89614.5
-55360.1
-64169.9
-184703
-41532.6
-71489.9
-69612.5
-122110
-80036
14636.4
15097.4
3778.07
27989.4
78619
82941.5
192110
69755.4
28907.2
29620
91424
20903.5
-61053
-53881.5
-56099
-70753.8
-72648.9
-79707.9
-234144
-53603.6
-80925.5
-79915.1
-132136
-87531.3
28146.4
23174
5251.68
39701.9
71486.4
69966.8
177726
61166.9
13872.7
16999.6
74506.4
4620.24
-62350.6
-54022.3
-56668.2
-73920.2
-72300.3
-79714.3
-229793
-54888.5
-82939.4
-86281.9
-141967
-94340.8
34082.5
29283.4
-1541.49
49230.2
59657.9
59262.6
155357
47131.5
1127.13
1277.03
49168
-12014.5
-52386.7
-46027.7
-48127.8
-60956.8
-62846.9
-73674.2
-217647
-45174.9
-83655
-78832.5
-144609
-82955.6
35440.9
30227.4
-6501.14
56842.9
49928.8
56800.5
156109
40399.8
-8246.28
-3948.48
40556.8
-16477
-39769.1
-34185.8
-32314.1
-44008.2
-38818.7
-43286.2
-173723
-14956
-89755.2
-94395.9
-161790
-99945.3
45496
33108.2
-14538.1
65629.4
38322.4
33886
128725
17851.6
-23245.4
-22506.5
10943.2
-44770.5
-38252.4
-32010
-34017.5
-48496.2
-27942
-42195.9
-160405
-11762
-121235
-124327
-194614
-138377
42379.7
28523.3
-28082
64997.3
9833.03
9947.58
95306
-9473.82
-39059.9
-37473.8
4751.05
-62034.5
-21846.8
-20855.4
-8498.72
-31078.8
-43217
-57136.3
-188184
-27428.7
-144828
-135572
-214526
-162217
50147.3
43685.8
-22668.4
82723
-235.467
9502.81
79725.6
-20523.1
-51608.9
-42251
-9553.72
-69364.3
-11728.8
-7651.6
8770.95
-14661.9
-53581.7
-61753.8
-207632
-37403.1
-146761
-139422
-213947
-162895
55897.5
36380.6
-31572.3
82272.6
-7360.27
-733.27
67765.6
-22896.1
-58336.3
-54248.5
-28218.5
-78531.3
-16684.2
-13861.4
-4536.8
-25392.2
-38521.1
-45389.9
-178205
-15071.3
-145137
-142329
-215211
-163860
34646.8
23861.3
-51873.4
60312.7
-8541.85
-3676.25
60951.9
-24405.1
-81778.3
-75945.4
-59248.5
-105082
-16841.2
-11735.1
3025.71
-21235.1
-21292.4
-30284.7
-161098
8582.86
-144972
-136310
-216583
-154400
16061.2
1757.87
-76233.2
39950.1
-23548.1
-16631.2
43120.1
-41159.3
-94640.6
-87392
-75060.1
-118177
-23599.7
-20992.6
-7966.26
-29780.5
9915.05
2209
-117979
44112.9
-141752
-137661
-217080
-159089
9987.88
1437.55
-85356.3
26461.3
-30361
-23141.5
34625.6
-49749.9
-118205
-105604
-105087
-155122
-32438.5
-19559.3
-3965.45
-45931.5
30952.9
17724.3
-99822.3
66277.8
-153222
-152712
-238165
-173313
7731.51
-5179.56
-77492.5
24257.3
-25291.8
-19377.6
36097.1
-40947.8
-135256
-127223
-124860
-173417
-4075.06
829.436
44708.9
-18466.8
32543.2
14918.5
-134767
75079.9
-170835
-160774
-254520
-187079
-8119.71
-15085.4
-87969
12761.9
-23953.2
-16964.2
37282.9
-38814.5
-166748
-154533
-170828
-202067
-1736.65
5458.86
68692.6
-11642.5
33719.1
15922.6
-159071
82245.7
-170426
-166155
-256141
-195057
4.24264
-5109.55
-73518.6
12109.2
-27330.4
-22247.7
24024
-49525.8
-172856
-155234
-168509
-206315
-364.16
8922.27
72443.8
-14646.3
43356.3
22823.3
-138812
91909.7
-179104
-172523
-256031
-207077
11039.4
11793.1
-39588.1
29552.8
-32766.6
-23755.3
18699.4
-51859.2
-177062
-163885
-179679
-213005
7880.71
17792.9
84139.3
-1761.4
51134.4
30166.6
-134667
101111
-158583
-145697
-221389
-174579
45286.7
41958.3
11181.5
64715.1
-15305.3
-6207.69
51934.2
-34611.5
-155225
-137342
-146387
-181979
38920.6
45746.3
123175
34542.2
88593.4
71200
-70361.4
143840
-155089
-152829
-209671
-187113
71864
61234.7
50074.5
86800.2
-16260.6
-13341.7
57864.7
-40418.2
-148947
-138198
-145926
-188761
38788.3
42360.6
129550
26081.6
96873.6
64903.9
-61289.2
144574
-196684
-191398
-258139
-237618
69728.5
60561.6
46727
85528.8
-34537.2
-30499.6
13815.5
-57364
-178794
-166686
-188889
-218770
34010.4
36503.7
113568
22474
57722.5
30624.8
-143145
109499
-232610
-217848
-293751
-274416
76576.1
69869.2
54694
100008
-41440.7
-35315.7
-9389.67
-59976.8
-200804
-185757
-234936
-235170
26445.1
30825.6
92587.9
23143.6
32394.7
6483.46
-210507
86414.1
-244281
-225491
-314527
-277297
82603.5
73099.3
49327.1
109044
-58124.9
-52159.7
-34603
-75852.1
-210161
-194941
-254261
-241804
19191.6
18857.1
64030.6
12308.6
46845.1
20533
-189708
107092
-254821
-241878
-352201
-289837
72018.8
62772.7
23101.2
102446
-80820.2
-73250.6
-66022.6
-103521
-227540
-215127
-285111
-263884
-5186.63
-4882.57
27309.2
-15684.3
63477.7
34678.6
-164989
124338
-277424
-259899
-404489
-305558
46035.5
37109.7
-38242.5
77055.5
-114075
-101478
-104290
-140913
-253964
-236381
-322087
-290482
-37541.7
-35365.9
-22592.1
-50882.7
87278.9
62033.1
-132041
152737
-292981
-278867
-450009
-320384
41273.8
31995.9
-65164.8
75702.1
-119432
-109726
-105526
-146459
-272582
-252501
-352557
-314256
-62631.3
-55341.7
-49892
-79849.3
103610
71263.6
-123603
173236
-320241
-308294
-501801
-351615
40925.9
29693.5
-70461.8
77226
-128570
-115881
-111106
-156130
-281731
-263805
-360714
-323845
-61228.4
-57301.8
-40962
-80812.4
99196.5
65352.9
-151659
172613
-340024
-320230
-536726
-367821
44832.7
36232.2
-72949.4
84693
-129462
-112844
-103294
-161840
-295094
-273441
-383453
-337195
-75153.4
-68634.6
-52113.1
-97714.4
101953
70311.2
-169115
175228
9400.98
7938.69
10524.6
12507.3
-5895.86
-8488.11
-7443.71
-11541.4
1975.66
-4481.64
2664.38
-4055.96
-17017.2
-22952
-26696.1
-22818.3
1851.21
3438.66
-2984.7
3952.73
-80.6102
-6461.54
-11827.1
-5866.16
1986.97
3174.2
8276.68
4079.3
-21620.5
-24698.5
-29543.6
-26037.8
-21964.2
-21847.5
-23847.9
-28316.8
-46008.6
-46486.6
-68650.2
-50210.9
11254.3
9934.14
-607.405
17365.8
-11818.6
-17160.1
-12421
-15673.7
6069.8
3204.61
-8413.86
9980.81
-17751.2
-17247.7
-20810.9
-25918.3
-15884.4
-18534
-21537.1
-23113.9
-45761.1
-48644.7
-75991.4
-52762.2
26165.8
25523
22372.2
35216.7
-44352.6
-44202
-65823.9
-57914.2
4678.22
8541.85
-7864.44
15001.3
-20796
-18440.6
-8807.72
-31213.1
-16226.7
-12688.3
-4014.95
-26778.8
-69398.3
-68430.3
-102828
-82961.3
29545.7
28914.3
22744.1
41937.8
-51833.8
-44552.7
-54399.8
-62597.3
25785.4
26540.5
12047.7
39898.5
-18658.4
-16394.3
9287.85
-36469.7
2802.26
2612.76
43971.4
-14142.1
-96954.9
-97918.7
-131791
-118149
34559.8
35764
26522.2
48860.4
-47154.1
-43526.7
-44972
-65591.2
35329.9
31155.1
19520.4
45724.4
-39018.9
-34108.7
-5485.03
-55065.2
-13547.5
-9034.7
41087.9
-29237.5
-137820
-127483
-184529
-152833
45234.3
41478.9
21214.6
62388.7
-58243
-54336.9
-47951
-71499.1
37065.8
30329.2
15092.5
53561.2
-47140
-38435.5
-16800.2
-62690
-29405.7
-27874.1
17472.6
-48887.9
-149489
-141631
-207302
-169567
49283.2
42449
17264.7
67089.6
-66386.7
-59529.2
-74440.7
-82974
24242.4
22298.6
-1269.26
37533.2
-39045
-28502.1
-9481.59
-47118.1
-63402
-54561.8
-27912.3
-86664.4
-157154
-142369
-210579
-175473
63213.9
55398.3
34646.1
82571
-59355.3
-50647.2
-44247.9
-73774.6
21246.4
12582.3
-18500
33325.2
-25303.1
-18286.5
8734.18
-37898.1
-76580.4
-69996.5
-46063.8
-105076
-151507
-141290
-202170
-175408
62533
54831.2
42468.1
81491.2
-72801.6
-61189.5
-58554.8
-94382.5
6549.22
-123.037
-42630.8
17984.6
-15458.8
-8081.52
29031.7
-26858.7
-96855.2
-85839.9
-61578.4
-129172
-159716
-145921
-200946
-186547
56441.3
45394.1
27190.4
73783.8
-65731.9
-51985.8
-35489
-82842.5
-4990.05
-13345.2
-69042.6
10464.5
-3302.9
3100.66
47811
-15040.2
-107296
-98347.2
-66875.3
-144184
-169493
-157583
-205776
-200875
37046
27519.9
-7111.37
55932.1
-53994
-41946.3
-22754
-73835.4
-8800.65
-11524.4
-78037
4764.49
5468.76
13901
65007.2
-1223.29
-128478
-111033
-86042.2
-166832
-182064
-160237
-214016
-208658
38748.7
32601.2
-18290.7
61177.5
-41078
-29885.2
1760.7
-54693.3
9364.22
-2665.79
-54223.1
28212.9
3745.54
1772.72
60986.5
-8717.21
-133885
-125050
-85944.6
-170553
-188767
-179556
-232187
-217198
43272.1
33887.4
-18403.9
70782.1
-34243.1
-36351.7
-13041.2
-49844.7
-3915.25
-4961.77
-76784.7
13667.7
-22305.7
-17943.5
9198.05
-30303.1
-170377
-152020
-152459
-210400
-211241
-193530
-278709
-238039
47589.7
41597.7
-26304.4
78317
-57578.3
-54820.6
-52546.5
-68592.9
14625.1
-955.301
-68650.9
32219.3
-18408.8
-19661.1
-1228.95
-28075
-181598
-171590
-176095
-224561
-208111
-199141
-285320
-235305
65536.8
51130.9
-8548.92
99394.5
-69787.2
-70426.4
-96031.5
-83715.1
17836.8
16217.5
-56987.1
42409.4
-32374.2
-27446.3
-12950.7
-44056.3
-206627
-184564
-196709
-255741
-224863
-207249
-307178
-255430
63332
54607.7
-18722.1
100822
-78835.3
-71528.8
-106538
-87739.2
53320.1
45030
-12452.9
86280.5
-29146.2
-26995.9
-1182.28
-41867.1
-207383
-189545
-172157
-260744
-231094
-217977
-309325
-262561
73518.6
64557.4
-7990.31
117909
-76332.2
-74666.9
-111858
-86610
83247
73217.4
23427.9
111738
-38612.3
-30817.1
-18383.4
-48074.1
-233997
-207791
-200789
-292268
-249612
-227458
-342698
-276122
98748.2
86308
5366.94
143363
-79729.1
-75405.2
-127651
-80960.9
107766
92212.4
65800.5
140709
-36846.6
-29817.3
-10526.7
-51401.7
-228846
-201102
-174602
-289082
-243001
-226570
-333172
-275234
107587
92401.9
26826.9
144526
-77952.2
-75755.2
-145372
-84721.3
95921.9
81641.1
54863
123493
-49837.6
-43279.2
-33528.9
-58700.5
-237456
-205721
-187255
-291148
-243796
-222391
-332433
-269320
103951
86457.2
25136.9
139108
-84166.2
-80976.5
-143272
-86447.3
98358.6
81735.2
54360.2
127157
-40891.3
-32804.8
-17044.1
-55224.3
-219938
-191390
-168375
-275898
-217143
-200248
-289974
-246331
111584
98946.9
62216.9
145583
-97713
-91359.6
-167741
-105759
85957.3
70447.6
34111.5
110505
-49176.4
-42174
-24809.5
-66878.9
-214527
-183300
-150988
-269867
-215272
-197070
-282242
-245667
98095.5
82672.1
39360.4
128326
-102241
-94441.2
-172474
-106627
78107
63155.2
30931.7
100789
-60226.4
-51034
-23338.1
-87045.6
-194551
-165163
-106379
-255076
-221387
-204541
-281106
-257123
72810.8
62016.8
13919.4
96871.5
-107014
-99514.7
-182680
-116652
77996
63384.3
42295.6
98667.6
-71180.2
-60433.6
-24484.3
-91290.3
-196117
-165557
-99097.5
-251588
-224130
-200194
-277080
-250403
75436.3
60917.2
11412.7
103238
-100035
-94597.5
-170599
-99804.6
67628.4
54081.6
32891.8
87409.7
-86826.3
-77529.3
-44465.7
-119338
-191922
-165887
-83560.2
-253480
-225383
-207784
-279999
-258595
62449.5
50273.2
664.68
89357.1
-106683
-105511
-190941
-114784
53357.6
46213
9174
75243.2
-91933.1
-78194.7
-56592.6
-114013
-194622
-160047
-85754.4
-251527
-215354
-192849
-273078
-241316
74527.6
62673
5029.65
104717
-114370
-104551
-181445
-117856
51034
37741.8
-12810.7
73128.3
-87216.7
-74542.5
-54730.8
-113650
-182002
-155486
-60587
-245668
-195528
-179548
-240176
-224621
82370.2
69580
31491
112250
-133693
-127259
-216024
-146512
44065.5
35309.4
-29944.6
72086.7
-89925.6
-78992.3
-52416.4
-116102
-175969
-142617
-30447.3
-240636
-193171
-173585
-232119
-221078
78101.4
66578.3
20224.7
110610
-144736
-131577
-216669
-155065
42096.2
30086.7
-46624.5
73660.7
-104599
-94535.9
-71223.3
-135293
-160501
-129611
22367.9
-230110
-199853
-182086
-233144
-229879
64270.3
54554
1513.92
98166.9
-153481
-142593
-219703
-169926
45121.2
36418.1
-55020
78753.3
-120015
-99736.7
-97669.8
-141980
-165691
-126470
29970.7
-233390
-207197
-181177
-250703
-231921
76352.7
66801.1
-6801.66
113332
-158783
-139931
-217658
-168457
52616.5
36606.2
-57262.2
93012.1
-108177
-96657.3
-93331
-132375
-167558
-137508
30736.5
-238307
-206692
-191950
-250800
-237144
74836.6
62178
-13538.3
109925
-155218
-150454
-234989
-173972
52774.2
40521.5
-72441
89746
-90293.3
-77574.6
-76507.5
-109296
-175060
-143359
7499.57
-247466
-208262
-189514
-256009
-237898
86910.5
72395.7
-10291.2
121043
-161819
-155725
-243603
-180903
50930.8
30074
-83889.7
91954.3
-70672.5
-61411.5
-46226.4
-88254.7
-183518
-154849
-4027.68
-253297
-205027
-190474
-245558
-234822
90053.6
76337.1
13559.5
129406
-184640
-175447
-271574
-206037
44735.1
28983.6
-104748
87745.6
-55263.2
-46145.1
-22542.6
-72732.3
-193969
-164456
-23116
-267606
-210830
-194632
-252972
-243217
96035.7
81805.9
10805.3
138129
-189657
-178295
-272644
-211631
55251.9
35906.9
-102431
108513
-35119.2
-27600.5
7847.47
-49090.9
-199489
-172048
-25122.8
-270116
-220240
-205669
-263105
-250705
101639
89116
12077.4
150250
-192996
-184590
-279735
-215902
72181.5
51535.4
-95947.3
118711
-12029.3
-3349.56
41700.9
-23305.5
-211962
-176592
-49875.8
-284342
-224917
-201745
-274633
-252687
126842
108377
23176.1
174192
-194372
-182865
-285240
-213159
14905.8
19485.7
34308.8
17360.9
-14381.1
-13444.9
-22341.7
-14864.8
9796.96
19261.6
18563.7
15250.2
3133.9
7413.31
7568.87
4522.65
12616.9
16762
19284.9
13209.5
-2020.91
1161.07
8295.78
-5801.81
39332.8
40374.4
66274.3
43835.7
-28678.8
-30572.5
-55564.5
-30586.6
25366.7
26564.6
35084.5
31988.1
7742.11
8076.57
4932.78
9225.62
23630.1
21990.3
30853.2
27432.9
-13401.8
-11508.9
-6264.97
-18995
66518.9
65157.8
107373
73975.4
-45809.9
-44028.7
-81296.1
-52948.2
35156.6
34342.1
34138.4
40514.4
8003.03
7729.38
-1594.53
13186.8
32388.3
27466.1
21499.6
40067.5
-12851
-8809.14
260.215
-17995.2
91537.1
87165.8
138559
104129
-65039.7
-58242.3
-92469.8
-75497.8
54963.4
55070.9
73535.6
66318.8
8190.42
4475.28
-3826.86
11118.5
25034.4
14996.3
5871.11
27778.7
-8583.57
-3491.69
13125.3
-11717.5
112078
113017
172096
130900
-76168.1
-69336.8
-88384.1
-86556.2
84681
89358.5
129137
104232
11603.6
15870.3
15933.2
18011.4
15972.8
18633.7
11402.8
24823
1239.56
8773.07
39401.4
-2118.49
147749
137911
200704
166038
-84553
-76304.6
-95169.5
-100242
106119
100469
139311
120213
29947.4
29211.3
27785.1
38671.7
23042.5
20084.7
5021.17
30890
7922.42
10620
41037.6
2742.87
155989
145570
217355
177716
-93068.7
-82416.1
-107094
-104265
112979
103791
139689
134756
37118.9
37384
30044.3
52274.3
42900.2
40073.2
35692.6
59453.5
205.061
2547
32206.6
-5155.52
169650
156741
229499
191013
-71974.3
-65647.8
-95905.6
-81736.6
131803
117264
135200
160440
67197.1
61101.8
50361.6
84753.1
78657.9
68802.9
75490.7
97988.7
6260.72
6609.33
24280.6
2597.2
160267
148799
220506
178364
-80951
-72373.8
-103634
-97882.7
124972
110925
101560
154861
55883.4
51052.4
23560.1
74391.2
97879.8
88306.3
98407.3
120393
-5929.8
-1443.91
11772.6
-11774.7
165656
151089
221083
185012
-78492.4
-66771.4
-89945.4
-95218.3
133575
115709
97775.2
165657
57597.4
46844.4
18393.3
72286.1
110510
93845.1
105959
128961
48.0833
2933.08
20778.3
-6876.61
155913
143055
203739
179652
-79311.2
-72164.5
-82846
-94189.5
131899
113171
85412.8
173765
47861.9
41653.5
12066.1
67411.3
105642
92486.7
105373
129473
-4999.24
-3411.79
19002.8
-10761.5
166910
154989
206887
193363
-70482.3
-59840.3
-62958.7
-83329
147128
128597
77536.4
195893
77662.2
73696.1
44131.2
107634
126153
116810
126735
157485
2280.42
6383.05
21979.7
3146.63
182834
168349
236092
203394
-77450.1
-74750.4
-81467.9
-97967.5
164773
143101
99744.5
206919
101501
89184.5
63567.5
127604
162391
152757
182362
188894
5009.85
5214.21
27303.5
-9791.31
185412
172051
262762
201762
-92644.4
-83315.6
-102496
-109343
163995
140671
119853
204094
108681
95069.1
78017.9
137147
188961
172955
249629
210965
-12575.2
-8432.25
26787.3
-27662.7
190282
172504
276084
209384
-96884.2
-89113.1
-123278
-108976
165060
139067
110328
208667
113804
93170.5
63798.7
149708
211074
189880
286095
233695
-15862.5
-14016.3
23949
-28169
188195
171318
272381
206771
-107494
-99140.6
-153075
-117392
164762
140664
111134
209413
104383
84389.7
35008.1
139026
205226
186943
291217
223789
-31664.2
-29733.8
3355.93
-45542.6
192692
181062
281962
211694
-111368
-105569
-171551
-124080
175804
153649
127308
222502
103846
85364.8
25735.9
141375
207811
193689
309955
224769
-39528
-31575.1
-3377.85
-60864.2
202614
184528
292932
220619
-119970
-115888
-178774
-135485
180767
154760
132076
225613
117499
97731.3
36400.4
162349
222022
209620
348411
240794
-41342.4
-34770.6
5595.34
-63098
198676
186854
292190
218578
-145657
-139537
-225608
-157746
185253
166833
142618
233723
118283
100956
22756.1
165287
245322
241360
396016
269397
-50369.3
-39259.3
265.165
-71861.1
199017
185272
302350
214973
-164602
-157504
-261071
-178482
196631
172120
169737
240971
125304
105062
26327
171939
278553
264273
452495
298874
-49340.5
-38291.2
6777.62
-71122.9
184935
173668
282943
203821
-192974
-180832
-312096
-205924
194613
174054
164856
240824
115294
95082.5
-1678.67
168361
293613
280460
470830
318535
-54462.1
-39283.3
4495.78
-73444.4
191964
175792
290940
209990
-203930
-194784
-333906
-219195
220757
196573
209737
268652
123679
97528.4
-2515.89
174283
314215
293988
503131
335678
-33789.8
-22779.4
36578.6
-49914.7
193077
184615
291566
213529
-220437
-210751
-364473
-236302
245570
226097
249873
300218
126994
107054
60.8112
183337
320445
308538
524272
344953
-17669.9
-3995.15
57016.8
-35937.3
192535
174646
271933
208999
-244843
-234935
-400665
-264529
253549
225658
250008
302857
130954
104909
-14068.6
189763
335581
320542
539008
363318
-12835.4
-6622.06
59660.7
-33581.9
187979
172872
266618
202155
-253695
-240200
-420878
-265096
261116
234566
254516
312055
140293
114474
-14745.3
197225
361124
342795
573976
384977
-12901.9
-6005.46
59549
-33081.3
179986
166153
262149
192952
-251564
-240524
-432498
-259732
256662
228968
245401
313203
150913
123351
-3292.29
211990
374152
353684
603523
400058
-13024.9
-5719.79
52996.2
-26609.8
167018
152634
256277
177876
-250346
-238900
-443332
-256322
258998
228777
235110
318851
156172
126357
3426.64
217408
396059
371758
639722
424966
-6035.16
-333.754
64684.7
-17769.6
154922
141171
240646
166875
-255918
-243068
-453239
-260911
262180
231112
233522
328683
155344
124251
7442.3
216146
390887
364637
629348
419850
-4347.29
1626.35
62689.3
-12757.6
141448
133312
222469
149038
-257496
-246186
-458349
-262342
276456
248707
244133
343013
159502
134636
23818.2
219260
384877
366484
628382
409266
-1861.11
6548.52
62311
-12095.1
135683
124572
207551
141753
-251459
-242129
-458562
-258131
282259
248221
231070
346639
175283
145209
37017.7
236482
395930
375267
645241
421089
8355.17
11643.2
60243.4
-1078.34
132514
125647
213878
147115
-270014
-261538
-491238
-276412
287996
254974
242423
355904
180511
152353
46535.4
246887
408088
388147
677763
431773
954.594
3459.17
55315.5
-14452.6
127641
119694
198559
138896
-281149
-271392
-525860
-288736
291695
255231
254095
355746
181935
151015
48562
244296
409633
385685
696540
427257
-15636.3
-12143.1
41170.6
-35769.7
131774
125046
204831
149716
-296773
-283196
-555485
-307028
291032
256737
245465
357942
176799
146947
39614.2
245546
404488
380085
689609
422614
-29834.2
-22979.6
28806.8
-49351.1
142577
132064
209161
157298
-302835
-287881
-563388
-313673
304823
267692
271965
366206
178735
143925
37540.3
239588
389675
363872
671253
397853
-34914.8
-27739.1
26747.7
-58325
145740
138213
218485
166845
-312783
-302712
-576508
-321418
324257
289104
312246
394604
180930
150132
49194.1
245184
368185
348627
660740
377984
-40216
-32546.7
26034.3
-65449.1
151587
141775
200576
178820
-324972
-312487
-594593
-332771
335756
301585
326924
409735
192074
166719
61595.4
268635
357512
346668
654781
372042
-48899.3
-38452.5
17229.4
-70309.7
-14552.3
-19864
-25646.8
-20218.3
-8904.6
-6863.89
-10093.2
-8240.62
-14117.4
-14273
-12831.2
-15818.7
-3811.31
-4722.06
-214.96
-4459.72
-8676.2
-4540.33
-779.232
-11330.7
-19617.3
-19618.7
-26061.8
-24480
-25032.3
-25276.9
-44841.9
-26703.9
-4282.95
-866.913
-8715.8
-4435.68
-13134.5
-11977.7
-18208.7
-13070.2
13319.8
16984
23621.6
17284.5
360.624
3194
22131
-2759.13
-15104.5
-12609.8
-18046.1
-15820.8
-35148.2
-36699.5
-75322.4
-34143.4
-7646.65
-6533.67
-13058.1
-9951.11
-23085.6
-21043.5
-42681
-20873.8
22017.2
21781
21875.8
32048.9
-1429.06
1359.77
19765.8
-3266.13
-23706.5
-24015.5
-43702.7
-22181.9
-52545.8
-55579.3
-111535
-55382
-14821.7
-14036.8
-14427.8
-22404.7
-38172.5
-37365.6
-71209.9
-38170.3
14149.2
11499.7
-4102.63
21148.1
-13918.7
-9905.15
1916.26
-16800.9
-44634.7
-44174.4
-80282.1
-46471.8
-74765.2
-76093.9
-142350
-82484
-29051.5
-23135.8
-16549.1
-41358
-57506.9
-56548.7
-97845.2
-60782.2
16093
10485
-1404.31
17792.2
-37268.8
-34543.6
-27301.4
-53921.1
-71992
-70751
-112193
-87630.3
-85762.9
-83063.1
-140052
-89411.5
-27390.5
-21672.8
-622.254
-33719.8
-56432.8
-51303.4
-79002.2
-57420.6
13952.6
10660.3
2185.67
28545.9
-35981.1
-29165.3
-4155.67
-44177.2
-83617.5
-76005.5
-106794
-87013.7
-84341.6
-85389.5
-144662
-88888.3
-10890.9
-3418.15
33118.1
-14717.7
-60020.6
-59479.7
-98122.4
-61688
25240.9
18985.8
2110.71
37806.9
-28381.1
-18793.5
5619.38
-34757.8
-78814.8
-71158.3
-104525
-83877.7
-91037.9
-90706.2
-157961
-93407.4
3302.9
9277.95
53455.9
394.566
-65970.2
-65920.7
-117572
-66383.2
47275.7
42751
39827.8
62958
-27142.3
-21206.1
8251.23
-35382.2
-73554
-69672.6
-98357.8
-79338.1
-88378.4
-85270
-168841
-91218.2
18919.3
24163.3
76643.3
9956.06
-70866.2
-69242.7
-148322
-69667
79391.8
73063.2
71934.7
99369
-16414.1
-8510.03
15862.5
-23066.5
-65589.1
-57607.3
-92247.7
-71128.6
-80103.2
-80586.1
-158369
-82550.5
35449.4
41691
126617
26246.4
-77337
-77387.9
-172082
-73179.9
105018
94176.7
98574.9
127763
-9483.72
-1143.39
26788
-12669.2
-55219.4
-50886.9
-69921.5
-63789.5
-83927.9
-85971.5
-167396
-79629.4
55966.8
65482.3
177407
51513.4
-84916.5
-85813.1
-196794
-71823.7
138973
123062
144032
168038
-9644.23
-4960.35
21949.3
-11759.9
-52370.4
-44655.9
-47170.4
-61434.1
-87614.1
-86719.6
-184003
-88099.8
77658
80218.4
187407
71967.2
-80571.3
-83121.8
-211095
-70538.9
148229
130803
143432
180758
1419.87
3609.07
8420.23
1746.55
-38191.5
-31545.4
-39616.4
-44329.2
-85660.3
-87071
-170152
-92047.6
80270.8
78780.2
216979
66060
-90987
-97729.9
-228295
-82967
163887
142273
172607
190646
4512.76
5953.13
29073.4
-2204.05
-35030.1
-31236.4
-20716.1
-46779.4
-90704.1
-87176.4
-157548
-99378.2
71120.8
74642.9
217314
55379.2
-109090
-112525
-251258
-103889
164976
151379
185198
195039
475.883
3255.52
41319.1
-11692.7
-39014.6
-32688.8
-19059.4
-49136.9
-80200.1
-72915.4
-127371
-86170.9
64113.4
69005.1
223313
39948.7
-116550
-116913
-266528
-109821
188730
172744
218652
224634
1865.35
7673.52
63020.2
-8957.63
-34032.3
-24936.1
-8910.25
-39503.9
-64221.6
-57509.7
-96818.5
-75809.6
56659.1
65345.9
245061
26295.9
-120787
-121902
-278679
-115108
200115
182732
234680
232880
1890.8
11407.8
70897.4
-10572
-27090
-16865.9
9923.54
-36600.6
-63510.2
-60074.4
-83604.8
-75772.1
48527.3
64071.7
272955
12515.8
-134285
-135009
-296660
-125989
221054
197827
271587
249953
-5453.91
2484.07
72911.9
-24872.5
-25319.4
-16596.5
30904.8
-43025.3
-57707.7
-49044.9
-60338.1
-69217.3
73291.6
83981
315649
37821.7
-134464
-134699
-293393
-129871
227988
206604
274145
269462
23358.6
30574.6
125222
9770.8
-4625.19
6513.87
67508.9
-12132.5
-53446.7
-47522.5
-53807.3
-58656.6
82935.1
100370
344779
47618
-147883
-144011
-315321
-139076
235638
218782
281238
277973
27996.5
39656
140914
16749.2
17365.8
24175.3
87471.2
10416.4
-60452
-53864.6
-78355.9
-65065.8
94657.6
107570
354762
56548
-150389
-147800
-328733
-143722
253734
236284
306706
295462
34551.4
43004.8
146810
21236.5
27761
28556.5
77726.6
24173.9
-48031.6
-43529.5
-70654.8
-49328.5
103430
117291
382968
63754.9
-148550
-146585
-332269
-138478
281423
262538
350598
329763
42533.9
48014.7
166382
28029
41802.7
42944
87739.9
46277.3
-41732
-41009.4
-68371.6
-42396.7
111207
123681
410402
66700.7
-148927
-148088
-347031
-136733
300289
276498
371669
347419
37194.5
44639.7
159223
25978.4
48925.4
43474.3
86247.2
51608.2
-52173.9
-52668.8
-101888
-51923.6
117126
133408
432752
71938.2
-157384
-159040
-380361
-139822
317035
286435
380476
363751
27871.3
30869.5
126037
11182.9
48043.7
41805.6
69361.5
46301.4
-58967.8
-56791.3
-104638
-55339.6
134837
151513
461527
96137.5
-159444
-159711
-378919
-143243
314897
289125
384848
370725
30607.1
32931.4
133259
19026.8
48774.1
48670.2
72700.5
61945.4
-67673.7
-68731.5
-130725
-70587.6
145782
156464
471548
107714
-157985
-162029
-385113
-142677
320892
287972
371405
373223
29529.5
34432.6
120230
15464.4
58434.6
45678.4
67458.7
61224.8
-86605
-84896.7
-166620
-89423.6
130757
139441
433565
93888.2
-164146
-167588
-396217
-150003
317187
287825
363370
370486
24721.9
28997.7
117843
8474.67
37488.7
26989.6
26666.4
42234.8
-98299.2
-92929.4
-184780
-98178.9
118020
129444
413770
77529.3
-166780
-165878
-387181
-155872
322324
296102
372499
379221
20834.9
30000.4
134638
2093.74
17910.3
11482.7
1637.66
20796.7
-101373
-100099
-193013
-106796
109580
119000
410392
65664.8
-158288
-160127
-366840
-150544
335924
302896
386244
388475
25793.8
33313.9
154674
3043.39
8539.73
-328.805
-6911.26
4188.19
-121748
-123323
-220616
-128141
97798.5
109688
403298
54465.6
-168274
-170512
-369084
-158227
341492
303567
393252
396885
11458.7
15574
146239
-16928.8
-9544.53
-17495.9
-18836.6
-16620.5
-146673
-135335
-244229
-154277
84318.2
100747
368912
38741
-169868
-165843
-363122
-167976
320949
292171
360682
377279
757.311
14158.4
132458
-28714.2
-31084.4
-29151.9
-62895.7
-33729
-125548
-117402
-218441
-126405
105161
120586
410467
65971.6
-158448
-156159
-338072
-149271
345541
312038
386639
405416
26220.9
36558.8
174787
-468.812
-13151.5
-14381.8
-35891.3
-10486.4
-120099
-113044
-211830
-121470
112417
126639
412158
77099.4
-163430
-161356
-346235
-156585
348046
316975
388329
406810
30350.4
41054.6
184575
1578.97
-8125.36
-10055.8
-34084.7
-1190.77
-110847
-102796
-197515
-112866
114760
124148
415207
70584.1
-164058
-161532
-343261
-162425
365103
333308
410347
428778
38508.3
45536.3
211284
6394.37
-8420.93
-12621.1
-33070
-5117.33
-94956.7
-90861.1
-168163
-97955.5
109831
120909
428354
64824
-160079
-158959
-329592
-158642
378113
341248
423420
437701
42822.4
51768
223279
11586.7
-10279.9
-14831.6
-28376.2
-7778.88
-94804.6
-88965.3
-170628
-93072.9
112320
132047
444411
68607.7
-167685
-161225
-337302
-160394
398271
360973
450028
464692
42729
53287.6
222411
12640.2
-11377.3
-10236.8
-28043.1
-10470.8
-88039.7
-82225.9
-169310
-87082.3
127725
137300
442090
84478
-158009
-157503
-334066
-158289
396654
357297
426248
468794
62690
66812.4
227674
37030.5
5189.46
440.528
-23409.5
12167.2
-3477.55
-2722.36
-5002.07
-10691.5
-3240.67
-2983.99
-3996.57
-7723.73
-18698.7
-21164.4
-36628.8
-22387.7
738.219
70.0036
-7211.78
1040.86
-15829.3
-15291.2
-39643.2
-14775.7
1049.35
2144.65
4688.83
-4890.35
-4442.04
-5630.69
6920.45
-9806.16
7452.91
8084.35
15494.1
7830.5
-32164.9
-29902.1
-53390.8
-33564.9
1462.3
-244.659
-16226
12356
-12986
-9702.92
-37026.2
803.98
11289
11911.2
28186.7
12831.9
-10062.1
-7315.73
5061.47
-19207.8
15376
11986.2
22510
9555.84
-43711.2
-42007.8
-74977.4
-51277.3
-9893.84
-18916.5
-63320
-2809.34
-5150.57
-9353.61
-49973.4
3312.8
31307.2
31779.5
55196.8
31155.8
-105.359
6219
36434.4
-12773.2
14405.9
9454.72
15628.5
9506.34
-47486.5
-46964.6
-80820.2
-55329.7
-21093
-25507.5
-92594.9
-10541.5
8407.5
1294.71
-44030.8
15868.9
47873.3
49478.4
85440.4
42631.5
2235.16
9300.58
63669.3
-11117.8
3380.68
4007.88
19386
-1054.3
-67054.2
-62477.8
-111773
-72540.7
-16066.2
-19632.1
-89024
-2855.3
4662.66
2016.67
-46946.2
14140.7
51941.2
54549
116448
44914.7
9151.38
13430.1
80456.7
-11460.1
14838.6
14384.7
39065.5
7658.67
-75369.8
-71350.6
-117552
-86522.3
-11585.2
-21612.7
-100338
429.214
7691.91
898.026
-40988.9
19387.5
69618.2
68877.2
153137
60227.1
7529.98
14882.5
99390.2
-13956.9
13435.7
18975.2
49678.5
8974.6
-82270.5
-77614.9
-117051
-91604.3
-12481.8
-15581.8
-97406.8
3800.7
5378.25
1948.79
-47166.9
18435.7
66080.5
67986.2
165890
59254.1
11317.2
13860.7
97457.7
-11494.7
23152.1
23630.8
58685.6
18489.4
-82737.9
-75740.3
-119956
-94354.2
-9685.24
-16335.6
-104326
12359.5
14061.5
9268.05
-31002.4
31071
65295.7
63428.9
154125
61226.3
5378.96
13321.2
94425.6
-14832.3
21620.5
24588.9
60623.1
17923.7
-77823.5
-69213
-107293
-88394
-22889.8
-31387.8
-142120
-1137.73
24927.6
17498.1
-19366.2
42002.8
70525.4
71214.8
158183
73289.5
14225.6
26080.9
119802
-6259.31
16114.3
18227.8
44791.7
11675
-68030
-61243.9
-84717
-78792.2
-37241.9
-42002.8
-165301
-18219.3
38771.4
29304.6
2327.8
51698.7
69699.5
74128.1
154909
68796.5
25818.6
33760.8
141529
10228.3
16213.3
19581.2
55375.7
15221.2
-59545.5
-52939.7
-77858.8
-63777.5
-30300.9
-35378.7
-149820
-8703.78
53557
46443.5
34960.8
68543.4
71635.6
74976.7
165527
68983.2
30637.5
38279.2
141992
9766.56
28149.2
31610.5
74112.6
24359.1
-54592.2
-45412.5
-67735.9
-61183.1
-27352.3
-36698.1
-159468
-6822.17
58929.6
48803.8
47461
73761.1
81310.9
79976.6
182418
78006.6
38757.2
42881.1
153941
17712.3
40549
43877.4
96152.4
38730.4
-32184.7
-28463.9
-39112.2
-34373.2
-11480.6
-18756.7
-142642
14235.5
64399
57357
45888.4
82701.1
82781
82110.7
187023
75292
31761.1
33677.4
130562
17397.7
52318.8
53173.7
116961
52263
-25228.9
-23802.6
-35964.9
-24103.1
3345.32
-7966.97
-133979
36194.7
70234.1
62005.5
55008.7
91873.7
77968.4
75104.6
182347
72827
18989.4
23874.8
91511.6
5886.66
60279.4
62451.7
128053
62776.9
-16745
-16584.5
-38897.9
-10028.9
12567.4
-2565.38
-145255
46527.6
74320.5
62748.7
49763.3
95822.2
76397.2
78049.7
181564
71525.3
19452.5
28074.3
96984.6
4118.9
74142.3
74268.1
143358
75274.3
-4342.34
-3911.71
-20689.2
292.742
19538.8
5986.37
-133677
52764.3
78540.5
67207.7
66366.2
95187.9
71344.2
76716.8
191023
58565.4
36146.6
44384.4
124004
30368.8
84081.4
84320.4
160391
87996.6
15969.3
17165.7
3233.6
28198.7
30285.4
16833.4
-116799
68306.5
90349.2
80854.1
88833.8
107433
78538.4
86391.5
222978
66645.5
44608.5
45071.7
116947
32503.6
95201.3
94876.1
179501
99641.2
28681
23736.9
10773.5
40848.9
43084
24579.7
-114404
79555.2
90974.2
77443
86691.3
108774
88423
89213.5
238925
71125
38559.9
34001.2
122465
19460.3
90436.1
86416.9
180653
86285.4
24493.5
13048.9
2176.47
29946.7
51187.5
31477.6
-93329.6
89490
75577
65839.4
71335.1
89588.3
74077.2
72081.8
235526
48344.9
16505.3
16211.8
89166.2
-2879.34
81027.4
81326.5
172622
76745.8
7723.73
3139.55
-24629.2
14181.7
48497.6
31053.3
-103558
91893.5
63143.2
57822.9
57982
78858.7
54368.7
57123.6
206503
31170.7
8184.76
12479
82645.2
-8901.77
75785.6
75482.2
171787
69741.2
10228.3
4561.55
-27321.9
20180.8
50692.5
28094.8
-116859
95269.9
66880.3
56624.4
62094.6
80743.8
52052.3
55810.5
204889
30419.7
7273.3
16607.1
100853
-12723.7
61556.5
64183.4
149614
56713.5
12679.1
7048.44
-22625.3
21694
44838.3
27787.9
-121451
90361.2
58214.7
50464.8
57914.2
68226.6
34716.8
45170
190876
10267.2
16194.2
24104.6
123798
-1739.48
59659.3
62595.9
153757
55451.3
19232.6
13921.5
-24011.9
34315.2
64949.9
45933.7
-99784.1
116007
68451.5
62672.3
78118.3
80648.4
34866.7
46333.9
210542
5662.51
16508.1
24902.2
126703
-5497.05
68130.4
74075.8
170501
64565.2
20358.3
15044.4
-23712.1
36958.4
78330.5
56731.2
-94839.3
131241
71505.5
63858.8
85366.9
83971.8
44206.2
53631.9
231013
15271.4
3293.7
9192.39
127605
-29140.6
65981.5
65758.1
168832
57226.2
13606.9
3921.61
-29236.7
25062.7
78428.7
56205.1
-79574.3
125103
60811.2
54513.7
74928.6
71768.5
20979.9
30061.2
209036
-19840.7
-17817
-9545.23
98466.7
-51524
61357.1
62348.4
154250
54693.3
972.272
-4881.87
-46703
6499.02
74399.7
55856.5
-87326.3
126248
65972.4
64969
84140.8
81620.6
4297.09
16567.5
187508
-36863.6
-40594.3
-25464.3
67189.3
-70582
50911
48789
129991
46299.2
-5914.95
-12266.2
-47280.7
1067.02
72155.3
50734.2
-104061
124930
83445.7
74085.7
95760.6
100203
1185.82
15174.5
188713
-38422.1
-43399.4
-25254.3
64334.7
-70332.4
38851.3
37012.1
83703.1
43260.8
-17594.9
-22613.3
-55295.8
-9934.14
63592.2
45555.4
-127219
119854
95494.8
83147.3
108433
114008
-5192.99
11139.8
178062
-43487.1
-28922.8
-16836.9
77774
-52011.2
33586.2
29173.8
54648.7
39007.5
-22593.5
-27524.8
-71381.7
-15444.6
64628.9
41657.8
-132108
120525
112328
100776
137701
129611
-11665.1
1972.83
168559
-52905
-26998
-9994.25
74572.2
-48416.3
35516.6
35694
48609.3
49918.2
-30410.5
-31002.4
-79597.6
-20436.8
73295.9
55577.9
-128465
136834
124589
115520
157823
150419
-9335.93
8634.48
177018
-45951.3
-22474
-18730.6
73990.2
-52541.6
43052.9
41397.6
54066.8
51473.8
-25679.3
-32560.9
-94478.7
-13539
98393.2
70767.2
-96811.4
159013
128420
117134
139105
154948
-563.564
10743.1
184938
-41558.1
-49602.8
-42222.8
28543.1
-82749.2
43704.9
43081.2
64482.5
46965.3
-27760.3
-30049.9
-107449
-15466.5
94106.7
69131.7
-92230.8
152143
116364
109076
117385
144183
-12572.4
1180.87
160804
-53410.6
-76823.6
-63262.7
-3805.65
-109436
38302.6
39697
70016.3
40900.5
-21299.5
-24454.6
-108496
-3915.25
93780.7
68851
-89685.2
150418
103622
93441.3
87247.8
129664
-20850.5
-5883.13
145549
-59981.7
-89444.8
-71016.1
-6782.57
-120883
31751.9
32077.2
58675.7
37247.6
-5166.12
-13050.4
-90948.1
16636.8
90636.9
68123.4
-76488.4
146943
94448.3
82192
73252.7
119912
-32493.7
-15253
129558
-70060.1
-95610.7
-81677.2
-24359.8
-130031
20508.2
17802.8
43238.2
18317.6
-533.866
-10692.2
-105446
21625.4
88044
62458.7
-75365.6
136614
97676.9
84084.9
69259.7
121297
-30132.6
-15541.5
133044
-73524.3
-114655
-94862.6
-55927.9
-147290
14700
20891.5
38972.9
20022.4
-5349.97
-10550.7
-116908
24927.6
85685.8
65772.2
-79255.4
139096
85455.3
76154.7
44935.9
116912
-35924.6
-20485.6
120332
-74459.8
