-266649
-166167
553133
-494372
-1.35197e+06
-1.23929e+06
-1.74293e+06
-1.54165e+06
-1.1906e+06
-980252
-271885
-1.60742e+06
-315815
-246441
52627.8
-449746
-889067
-791308
-746394
-1.09631e+06
-23966.7
23469.6
629651
-160906
-250416
-163663
598968
-489519
-1.39969e+06
-1.29926e+06
-1.82605e+06
-1.60173e+06
-1.20469e+06
-987017
-263049
-1.63892e+06
-272711
-198356
126775
-400317
-903914
-780591
-734143
-1.10185e+06
-32530.4
39679.3
616538
-166566
-291247
-193412
588448
-552972
-1.47382e+06
-1.36405e+06
-1.91315e+06
-1.68991e+06
-1.23666e+06
-1.01969e+06
-260045
-1.69073e+06
-231084
-165060
234520
-372531
-886860
-783892
-692764
-1.1038e+06
-20350.5
31195.4
643725
-166891
-303560
-201685
619461
-566448
-1.54023e+06
-1.42838e+06
-2.00333e+06
-1.76565e+06
-1.25804e+06
-1.02927e+06
-264950
-1.70729e+06
-210858
-139569
291631
-348959
-901305
-781917
-700599
-1.11035e+06
-15331.5
48265.7
650307
-152507
-316552
-212611
612118
-581456
-1.61178e+06
-1.48791e+06
-2.10537e+06
-1.84001e+06
-1.27717e+06
-1.05639e+06
-308539
-1.72639e+06
-180932
-111010
331887
-315100
-911744
-802648
-740666
-1.12537e+06
5551.5
54750.6
665923
-134601
-303133
-201357
642840
-575016
-1.67658e+06
-1.55814e+06
-2.22274e+06
-1.90698e+06
-1.30195e+06
-1.0812e+06
-350177
-1.76469e+06
-142966
-73534.2
400700
-277481
-936179
-819015
-778363
-1.1464e+06
11883.6
61163.3
663372
-124203
-330254
-207235
632793
-605400
-1.71435e+06
-1.57717e+06
-2.2667e+06
-1.94895e+06
-1.35417e+06
-1.14727e+06
-449824
-1.8201e+06
-139004
-89834.4
420310
-302261
-973209
-873346
-865003
-1.21212e+06
-24201.4
15155.4
627482
-178655
-308468
-186698
705914
-562230
-1.69178e+06
-1.5532e+06
-2.21016e+06
-1.90257e+06
-1.42509e+06
-1.2084e+06
-555446
-1.88903e+06
-144211
-73245.7
482491
-297763
-988397
-854090
-836973
-1.20601e+06
-59790.8
17742
612290
-200280
-295930
-176394
715047
-565763
-1.66173e+06
-1.52896e+06
-2.17971e+06
-1.87885e+06
-1.49002e+06
-1.27548e+06
-665996
-1.96855e+06
-140594
-74507.1
537589
-318561
-958152
-843116
-777596
-1.19208e+06
-33924.9
27046.1
651031
-180246
-281783
-158631
760015
-539081
-1.6415e+06
-1.5104e+06
-2.143e+06
-1.85138e+06
-1.55784e+06
-1.33551e+06
-778093
-2.02735e+06
-148043
-74695.2
586360
-328275
-957033
-831543
-757981
-1.18314e+06
-29656.8
38188
664682
-169864
-268231
-152461
759805
-533982
-1.63752e+06
-1.50867e+06
-2.15894e+06
-1.85484e+06
-1.6465e+06
-1.43216e+06
-961142
-2.12863e+06
-159016
-86880.1
601216
-358827
-967744
-851990
-790994
-1.20617e+06
-19481.5
38189.4
692190
-177212
-248776
-121718
811027
-516988
-1.61342e+06
-1.4768e+06
-2.12004e+06
-1.81884e+06
-1.74266e+06
-1.51e+06
-1.12246e+06
-2.22225e+06
-137854
-51406.7
702297
-343645
-972485
-842694
-775244
-1.204e+06
-33009.2
38047.3
711861
-190312
-228159
-108855
843827
-492723
-1.63486e+06
-1.49868e+06
-2.16577e+06
-1.84608e+06
-1.79308e+06
-1.55542e+06
-1.16472e+06
-2.27773e+06
-121103
-43562
719903
-327076
-973645
-868119
-757371
-1.2184e+06
-37509.2
18326.8
727264
-205041
-219661
-119853
860964
-486479
-1.6602e+06
-1.53794e+06
-2.21335e+06
-1.87253e+06
-1.80613e+06
-1.56299e+06
-1.11562e+06
-2.32322e+06
-102429
-19577
727795
-295321
-954134
-828816
-716610
-1.18466e+06
-35147.4
44395
737268
-200973
-261468
-149260
826691
-547197
-1.70691e+06
-1.5761e+06
-2.28014e+06
-1.92619e+06
-1.84248e+06
-1.58878e+06
-1.0668e+06
-2.38242e+06
-77993.9
-6926.82
745943
-273486
-906188
-804083
-664627
-1.13894e+06
-2955
57895.1
797342
-174177
-282071
-165483
827282
-567324
-1.74274e+06
-1.6146e+06
-2.3394e+06
-1.96987e+06
-1.86633e+06
-1.60119e+06
-1.03022e+06
-2.41975e+06
-66170.3
7025.81
746524
-253564
-889243
-780301
-665100
-1.11497e+06
15439
86881.5
822777
-151092
-316492
-194374
791771
-607263
-1.80722e+06
-1.67007e+06
-2.4203e+06
-2.04432e+06
-1.91357e+06
-1.64417e+06
-1.03168e+06
-2.4838e+06
-57254.4
7334.11
729917
-242451
-886718
-789776
-686222
-1.11783e+06
38878.1
97033.4
864990
-133780
-323017
-200590
782830
-613456
-1.86774e+06
-1.72603e+06
-2.51618e+06
-2.09605e+06
-1.95027e+06
-1.67606e+06
-1.02844e+06
-2.53892e+06
-52951.7
15314.5
720936
-227010
-905887
-797626
-715996
-1.11791e+06
39275.5
101044
856791
-119673
-333794
-195921
779792
-635618
-1.88572e+06
-1.74204e+06
-2.55355e+06
-2.12806e+06
-1.97176e+06
-1.68198e+06
-1.02014e+06
-2.55502e+06
-78430.2
-11155.3
668894
-258974
-923151
-818432
-792334
-1.14702e+06
62023.2
108164
892734
-108873
-341629
-225018
770392
-632975
-1.92192e+06
-1.78742e+06
-2.60434e+06
-2.16214e+06
-1.95796e+06
-1.66647e+06
-966586
-2.55438e+06
-104579
-18928.5
662238
-276680
-909778
-785051
-768303
-1.10326e+06
73655.1
144251
923920
-89042.4
-410674
-282860
643344
-718343
-1.99271e+06
-1.85141e+06
-2.71472e+06
-2.24497e+06
-1.97118e+06
-1.67349e+06
-945002
-2.57669e+06
-135295
-55995.8
633859
-327639
-887188
-790062
-783689
-1.08857e+06
101669
152020
946829
-61205.7
-470087
-339525
559697
-770126
-2.06162e+06
-1.92201e+06
-2.81856e+06
-2.32045e+06
-1.97517e+06
-1.67634e+06
-934307
-2.57622e+06
-180098
-92836
585991
-367380
-901645
-795960
-849934
-1.08657e+06
112779
168346
944956
-38852.7
-523422
-391635
463059
-834626
-2.1378e+06
-1.9884e+06
-2.92086e+06
-2.41477e+06
-1.98741e+06
-1.69285e+06
-946338
-2.59757e+06
-208662
-123944
536874
-405952
-910295
-815281
-923889
-1.09556e+06
131378
174446
964832
-31121.2
-551952
-412091
428080
-867195
-2.19789e+06
-2.04075e+06
-2.99292e+06
-2.47127e+06
-1.99505e+06
-1.69735e+06
-938348
-2.61338e+06
-226523
-132287
548503
-435951
-920601
-821284
-957868
-1.09351e+06
137404
184031
990024
-23740.4
-515607
-368080
463158
-830914
-2.22707e+06
-2.05225e+06
-3.05869e+06
-2.49497e+06
-2.00024e+06
-1.68128e+06
-953258
-2.58343e+06
-266188
-174437
485184
-460630
-957164
-872487
-1.03125e+06
-1.13221e+06
135703
183199
1.00379e+06
-26.8701
-488399
-346405
545574
-811755
-2.25033e+06
-2.08269e+06
-3.09529e+06
-2.5247e+06
-1.98285e+06
-1.67462e+06
-931318
-2.58697e+06
-306794
-214408
406992
-513879
-997463
-897210
-1.06761e+06
-1.18632e+06
129157
183190
979903
-24305.4
-496967
-352477
563013
-837533
-2.29479e+06
-2.12131e+06
-3.14506e+06
-2.58102e+06
-1.9954e+06
-1.68127e+06
-921978
-2.60372e+06
-375879
-286246
333988
-603661
-1.02999e+06
-934898
-1.06734e+06
-1.23588e+06
105273
151253
962879
-56536.7
-500643
-343048
611052
-841147
-2.34485e+06
-2.16279e+06
-3.19376e+06
-2.63658e+06
-1.97905e+06
-1.65548e+06
-885030
-2.57899e+06
-457472
-347978
232693
-687521
-1.07625e+06
-963383
-1.09961e+06
-1.28585e+06
92166.4
155587
952529
-61676
-462330
-308442
693857
-796478
-2.36693e+06
-2.18446e+06
-3.22104e+06
-2.65875e+06
-1.93544e+06
-1.61495e+06
-831273
-2.51619e+06
-499182
-388636
158631
-723820
-1.10526e+06
-990719
-1.13519e+06
-1.31538e+06
120280
176777
1.00216e+06
-28767.2
-418548
-277061
770385
-773759
-2.372e+06
-2.19529e+06
-3.24559e+06
-2.67023e+06
-1.89618e+06
-1.59722e+06
-816988
-2.49223e+06
-528366
-422378
105659
-763268
-1.13034e+06
-1.01831e+06
-1.1654e+06
-1.3491e+06
143414
188311
1.02432e+06
-12025.1
-419499
-275419
801493
-762683
-2.34333e+06
-2.16787e+06
-3.18289e+06
-2.63047e+06
-1.89373e+06
-1.60254e+06
-839678
-2.48546e+06
-580930
-476203
-21696.2
-806366
-1.18888e+06
-1.09201e+06
-1.26461e+06
-1.42106e+06
133263
185962
1.01387e+06
-22429.4
-453129
-306334
757359
-801221
-2.3334e+06
-2.15599e+06
-3.15626e+06
-2.62769e+06
-1.89187e+06
-1.59577e+06
-848327
-2.49068e+06
-620667
-496612
-114873
-842419
-1.24087e+06
-1.11885e+06
-1.33552e+06
-1.46878e+06
133896
213018
989272
-10180.2
-488188
-339375
696707
-840199
-2.31186e+06
-2.13698e+06
-3.12361e+06
-2.60068e+06
-1.8888e+06
-1.59787e+06
-845770
-2.48781e+06
-640801
-533489
-178588
-863121
-1.2662e+06
-1.16305e+06
-1.39664e+06
-1.50336e+06
187555
244061
1.02304e+06
56577
-533040
-377092
655343
-895336
-2.30004e+06
-2.12508e+06
-3.07762e+06
-2.60387e+06
-1.88651e+06
-1.58934e+06
-844978
-2.48206e+06
-682415
-564085
-260693
-900805
-1.31478e+06
-1.19571e+06
-1.47124e+06
-1.55207e+06
210688
273209
1.02853e+06
84753.1
-549440
-392888
634768
-907879
-2.26542e+06
-2.09002e+06
-3.01117e+06
-2.56295e+06
-1.8831e+06
-1.59832e+06
-873385
-2.47178e+06
-704814
-599251
-357564
-914093
-1.35607e+06
-1.24831e+06
-1.57445e+06
-1.596e+06
269739
312034
1.09342e+06
149110
-577640
-424562
601593
-945728
-2.246e+06
-2.07715e+06
-2.97254e+06
-2.54302e+06
-1.90442e+06
-1.61923e+06
-928370
-2.494e+06
-746556
-635232
-438839
-957792
-1.41918e+06
-1.29754e+06
-1.66294e+06
-1.64957e+06
275606
320004
1.08398e+06
164765
52391.7
57470.1
81900.6
66178.8
299443
283856
681401
271554
-640705
-639715
-1.41729e+06
-591942
-576102
-704117
-2.98954e+06
-179235
-687102
-623627
-728727
-813930
78177.7
27548.9
-467021
218892
77160.9
72805.1
120620
72559.1
279623
280078
672133
230498
-674175
-676509
-1.46801e+06
-665151
-600425
-734701
-3.05396e+06
-205286
-703813
-623126
-730668
-849338
105813
40314.3
-469218
238546
65519.1
70323.9
128404
58117.1
274076
274002
699416
223557
-731892
-720805
-1.47662e+06
-728152
-643189
-776319
-3.13886e+06
-250335
-713175
-635403
-723831
-859650
86672.2
23962.4
-500903
221452
97570.8
102957
192841
94167.5
290926
296054
754931
238360
-778503
-763396
-1.50203e+06
-795336
-676787
-808804
-3.21251e+06
-276052
-707655
-622746
-692115
-856617
125321
62400.8
-461065
269193
116240
115277
225525
115987
308774
307079
792978
256137
-834180
-809422
-1.55264e+06
-854318
-699430
-835393
-3.29483e+06
-293037
-684858
-608626
-652298
-829318
137559
73665
-469375
295501
121746
116458
230891
112511
314424
310708
798494
259382
-886886
-866896
-1.6206e+06
-917999
-740405
-876648
-3.4028e+06
-331898
-685812
-612192
-649577
-842721
182014
102021
-451260
349675
117305
124997
258221
107610
318125
335502
858866
262395
-903709
-860198
-1.63302e+06
-935995
-752359
-882531
-3.45317e+06
-333702
-728017
-652517
-670520
-894738
189875
125400
-426805
345965
140479
132215
317957
126032
332836
364984
923793
297110
-877550
-839713
-1.60896e+06
-897213
-755625
-903742
-3.50588e+06
-315402
-800122
-720386
-765999
-981647
232240
150807
-353382
392488
134147
140074
336311
107158
394824
420421
997092
362285
-848583
-816001
-1.5963e+06
-864991
-777194
-928453
-3.61702e+06
-335782
-869075
-783880
-855946
-1.06422e+06
239632
160955
-329421
387302
152700
159411
405596
131240
450551
472994
1.0976e+06
422305
-828677
-802942
-1.58483e+06
-837844
-794060
-946847
-3.69528e+06
-331364
-946111
-848359
-939569
-1.1482e+06
271325
196690
-255977
428512
146855
150078
415154
114686
512434
526079
1.19715e+06
478078
-830345
-815902
-1.62298e+06
-846772
-818074
-978784
-3.80566e+06
-352698
-998434
-902487
-988338
-1.21347e+06
283045
203806
-239887
434758
143785
149900
429953
100066
566842
581720
1.28509e+06
533419
-825096
-808802
-1.64208e+06
-834267
-845906
-1.00744e+06
-3.92115e+06
-368706
-1.06934e+06
-969408
-1.08006e+06
-1.30137e+06
324310
241324
-178786
476620
110304
109307
380918
61314.6
597406
580810
1.34322e+06
535305
-828197
-816300
-1.64281e+06
-825754
-795357
-955990
-3.8809e+06
-303860
-1.11155e+06
-991879
-1.11189e+06
-1.3366e+06
303821
243906
-185493
473546
45974.7
38986.3
276864
1417.04
552503
569739
1.32845e+06
510211
-846403
-831096
-1.68091e+06
-837905
-755934
-921808
-3.84416e+06
-222639
-1.15278e+06
-1.02508e+06
-1.15701e+06
-1.37257e+06
305831
236737
-169238
488314
-39051.4
-36597
111145
-88350.2
576997
582613
1.34374e+06
535863
-858727
-846568
-1.7298e+06
-842292
-712445
-888570
-3.88175e+06
-163465
-1.18184e+06
-1.05138e+06
-1.2307e+06
-1.39605e+06
281527
218369
-218653
462705
-109186
-105949
-13075.1
-152767
575699
585257
1.35544e+06
538900
-879205
-870663
-1.78841e+06
-856553
-668294
-856562
-3.88714e+06
-91241.5
-1.20531e+06
-1.07754e+06
-1.27302e+06
-1.4201e+06
280764
214774
-222658
463258
-198099
-198531
-185829
-257579
581310
578408
1.35305e+06
525315
-916515
-918089
-1.89383e+06
-907516
-623727
-829197
-3.92392e+06
-44974.8
-1.22136e+06
-1.09736e+06
-1.30692e+06
-1.44605e+06
269840
207095
-262682
447704
-269106
-251333
-297174
-318125
600014
613932
1.40438e+06
550536
-923234
-913425
-1.92612e+06
-894280
-559697
-757338
-3.88964e+06
54001.7
-1.22956e+06
-1.09908e+06
-1.30456e+06
-1.45582e+06
311946
249312
-194516
500818
-327069
-306341
-433116
-364252
615299
606060
1.41915e+06
561615
-941450
-925887
-1.97773e+06
-894562
-529576
-749153
-3.90718e+06
71919.1
-1.22876e+06
-1.10876e+06
-1.32872e+06
-1.43517e+06
322472
244052
-253582
531589
-354101
-347125
-509881
-414833
576493
583913
1.37353e+06
509951
-936825
-923048
-1.98905e+06
-908814
-536977
-764925
-3.92189e+06
57412.1
-1.25741e+06
-1.1385e+06
-1.41464e+06
-1.49075e+06
335380
234180
-314830
534794
-406319
-385149
-568919
-466710
567468
574080
1.37826e+06
502646
-941509
-921899
-1.95895e+06
-907928
-564728
-784467
-3.93979e+06
24849.9
-1.29474e+06
-1.16894e+06
-1.46068e+06
-1.51702e+06
310695
214071
-365125
520545
-432622
-408506
-602347
-492530
561065
573943
1.39087e+06
495717
-938174
-919737
-1.9379e+06
-911534
-578056
-800045
-3.94126e+06
8522.05
-1.31145e+06
-1.1833e+06
-1.49421e+06
-1.53547e+06
320906
224349
-386173
539435
-493710
-467957
-708335
-549626
557117
560876
1.37301e+06
491038
-950953
-932082
-1.95012e+06
-925991
-618452
-834776
-3.99957e+06
-39053.5
-1.31933e+06
-1.19606e+06
-1.52025e+06
-1.53135e+06
303400
208440
-462611
537716
-550527
-524716
-806726
-617416
553653
563375
1.36243e+06
486125
-945709
-927945
-1.93566e+06
-922281
-638708
-849451
-4.01462e+06
-62528.7
-1.33089e+06
-1.21329e+06
-1.55782e+06
-1.55064e+06
327180
218797
-477068
569975
-577515
-533061
-833095
-627880
563490
561251
1.39697e+06
490902
-937262
-921964
-1.94688e+06
-906809
-638855
-846842
-4.03207e+06
-53629.1
-1.32118e+06
-1.18949e+06
-1.51209e+06
-1.52807e+06
296082
200349
-539865
542666
-548429
-511964
-806873
-597362
543589
566182
1.40457e+06
478274
-933241
-910423
-1.9771e+06
-894532
-642178
-858399
-4.05318e+06
-44844.7
-1.28995e+06
-1.15961e+06
-1.46597e+06
-1.50495e+06
284686
177232
-554905
515842
-522378
-475941
-758438
-569498
591133
606232
1.47452e+06
529194
-893027
-871847
-1.93197e+06
-838436
-648349
-860248
-4.07681e+06
-53125.6
-1.2401e+06
-1.10218e+06
-1.36695e+06
-1.44564e+06
259010
165815
-546649
484948
-476297
-438955
-684792
-518603
637509
649845
1.55783e+06
579434
-854028
-843955
-1.8992e+06
-797701
-639091
-860247
-4.07397e+06
-38445.4
-1.17311e+06
-1.04467e+06
-1.25259e+06
-1.38137e+06
267765
171758
-497476
480913
-457033
-423793
-670739
-490700
684682
687248
1.63378e+06
620172
-833134
-828827
-1.88279e+06
-775778
-646046
-864937
-4.10837e+06
-46721.4
-1.10521e+06
-979351
-1.12303e+06
-1.30647e+06
244011
158445
-513017
458107
-442096
-408556
-670423
-475263
711478
722734
1.67562e+06
652698
-808106
-804222
-1.88011e+06
-735235
-653077
-864740
-4.14495e+06
-37381.9
-1.06122e+06
-943063
-1.06178e+06
-1.26523e+06
245618
155430
-506310
458277
-401576
-362029
-604351
-427757
728117
731947
1.73002e+06
662867
-814215
-815665
-1.88213e+06
-747003
-615228
-835976
-4.10246e+06
814.587
-1.04706e+06
-930133
-1.03294e+06
-1.2671e+06
266848
179930
-492776
480750
-327400
-298094
-514799
-330077
706777
733705
1.72473e+06
640050
-837416
-828295
-1.93158e+06
-773006
-618877
-837288
-4.11604e+06
16687
-1.06853e+06
-941568
-1.04656e+06
-1.28572e+06
287215
194228
-482237
503555
-251807
-221906
-440375
-246768
743241
766753
1.78309e+06
681870
-828180
-817914
-1.90997e+06
-760193
-620068
-841961
-4.16401e+06
11956.5
-1.05911e+06
-932022
-1.04017e+06
-1.27714e+06
290977
200402
-480949
505574
-164008
-145834
-317321
-145400
771376
797056
1.85513e+06
708920
-834261
-828032
-1.90648e+06
-773262
-609650
-835901
-4.15975e+06
37272.3
-1.05967e+06
-932179
-1.0166e+06
-1.28309e+06
330669
236497
-417377
552412
-96440.9
-91233.7
-250773
-69394.8
817990
827064
1.90853e+06
757673
-846779
-852233
-1.94565e+06
-788962
-588886
-827724
-4.18384e+06
56742.5
-1.03261e+06
-911782
-973611
-1.2524e+06
360544
258588
-397963
589248
-37692.3
-29624.2
-179952
-5043.09
825701
848918
1.93088e+06
762997
-877385
-868625
-1.99801e+06
-813023
-580304
-805513
-4.18921e+06
77654.5
-1.04119e+06
-915104
-973680
-1.27012e+06
399017
299052
-356664
635215
-205996
-178586
-37818.2
-286486
537309
463623
501158
635022
-48496.2
-15028.1
427781
-175993
27527.7
56722
506049
-74281.6
257596
239557
422648
280438
391520
348133
499118
440636
-213264
-166575
-11544.9
-289784
546262
484389
516589
658142
-126162
-69865.7
343401
-259906
-106.773
42192.4
507467
-113054
259453
237963
405249
279382
359169
342892
475181
403044
-184329
-141786
58579.6
-266072
595556
527286
583533
708890
-145493
-90935.3
342944
-285688
23334.5
64692.5
582029
-92402.6
267077
245137
438766
283445
375725
350044
540737
408146
-175956
-128051
105742
-262641
617296
543520
621715
733037
-200192
-138902
288961
-353606
6173.75
48663.8
593675
-120130
241969
223076
400213
263118
357194
340734
545892
386041
-140709
-92906.1
193579
-229904
625545
547440
629799
735689
-285821
-217645
187365
-451390
-26824.1
18338.8
573248
-167411
212323
193160
345395
227881
349519
329287
554508
374723
-103595
-53704.8
275634
-198394
633896
565518
653210
743575
-370945
-295120
94130.1
-557503
-88955.4
-35252.1
514342
-245801
191623
174537
298347
207100
333552
314447
533564
341000
-92276.7
-68765.4
277048
-197636
627305
569846
660633
733487
-386677
-297524
114044
-568594
-99345.7
-31918.8
500311
-241192
154883
148112
258764
152081
306370
282410
526840
323565
-120733
-81607.9
231201
-208722
641750
583570
702772
764043
-395186
-302504
121982
-580424
-83121.8
-26742.8
491618
-214804
165185
153084
304635
165846
305757
297498
528429
323093
-139057
-105092
170141
-223661
651592
596602
705915
772103
-413695
-315067
98179.7
-596351
-80905
-19697.9
457904
-198026
170850
165596
340633
167632
315927
304456
558090
336489
-170592
-139514
95811.6
-253318
655970
592640
719181
774649
-413210
-319476
94355.6
-599734
-76744.4
-29778.4
414193
-186869
148675
141409
329002
137455
310001
298707
552723
326070
-191722
-158913
44404.9
-278680
644073
584185
692147
759227
-409828
-314073
110770
-596223
-85805.3
-36469.7
374076
-198660
109218
112754
310889
80976.5
296626
286707
545143
308926
-198368
-153059
48743
-275178
635531
586133
709330
747337
-416703
-318041
124960
-605258
-102359
-47580.5
338396
-204968
86185
97212.3
329470
52738.1
308787
300546
591774
312480
-202654
-183290
40136.8
-295901
656841
603004
758363
774910
-369768
-285905
208563
-560975
-89671.7
-47748.8
349029
-181637
69857.9
83688.2
298641
45009.5
319847
302130
609869
339890
-302459
-263167
-111502
-403337
665000
609504
781700
774826
-356742
-269288
229939
-548549
-136805
-86926.1
304963
-254098
32032.6
48453.1
229397
-1257.24
305402
300170
537569
334677
-382814
-346906
-244300
-487540
683554
628190
808297
799434
-319736
-238856
268993
-502967
-166413
-113975
284673
-281429
19668.2
31258.4
203373
-11880.1
330256
308897
512290
375749
-476074
-428417
-396615
-581961
688298
631195
818499
802070
-291113
-211264
300828
-469681
-211701
-158026
231566
-338117
-20640.4
-3213.09
124452
-49859.5
335905
314817
452731
400248
-511677
-469503
-456122
-630862
706197
645658
835085
825240
-252480
-183159
341472
-429514
-228195
-169480
222546
-359538
-27899.6
-11849.7
105024
-55445.7
361925
327055
429423
431460
-563599
-507551
-538908
-668669
694729
631972
824796
802785
-229874
-159308
359274
-398450
-284310
-224495
167316
-432765
-73375.8
-65309.8
6350.53
-105236
361213
323416
368811
440788
-574825
-530657
-582151
-691891
699490
645625
842610
814466
-228683
-150964
389536
-400441
-287658
-216987
164932
-423769
-105343
-85398
-50298.6
-136116
360605
304706
337590
434097
-628166
-566567
-657896
-740614
721733
660573
871074
840638
-236155
-156060
398662
-407950
-290332
-226679
151174
-432272
-109829
-95059.2
-83460.5
-139838
332905
292374
286735
407281
-671045
-612466
-733473
-781943
737956
680744
891594
864286
-219658
-141295
414867
-384635
-295197
-229688
131499
-425711
-100887
-90351.3
-78517.8
-123827
333063
284982
275752
413341
-734675
-674528
-845524
-855347
754963
689673
910843
875007
-214152
-136684
423610
-387753
-310034
-251224
83927.9
-448659
-122013
-109696
-139022
-146262
317516
269635
227419
399888
-750220
-686345
-851395
-878241
769352
708560
946378
889644
-204682
-123605
461919
-380660
-327850
-261678
60383.4
-468409
-133481
-120275
-161337
-157482
307632
256557
203344
384817
-752579
-680317
-834420
-868198
787346
727294
990102
913024
-204961
-124946
487118
-383830
-351552
-287977
21078.1
-486393
-149287
-140725
-214829
-161609
300574
252344
184369
383960
-712281
-645531
-773622
-852438
806327
731711
980429
921873
-195762
-113010
497365
-375636
-338517
-274500
10363.4
-485228
-161574
-148744
-250454
-175725
314249
267379
197339
393677
-704088
-621999
-704516
-841355
783320
708973
950328
899312
-196703
-103892
530204
-384960
-349005
-281351
39083.9
-513077
-163919
-162222
-255965
-183187
324838
293768
253059
404618
-667813
-594016
-626700
-814745
772877
698472
929351
884231
-174446
-86046.4
577681
-363726
-334289
-267213
91841.9
-501973
-158635
-154047
-227140
-183331
373373
331942
335091
450459
-648812
-565721
-544770
-801404
758120
683177
920981
866345
-151346
-58169.4
630865
-339807
-336909
-266769
124710
-513270
-176431
-169392
-240499
-202474
415859
378090
419784
497132
-570676
-489044
-380257
-721852
752050
681053
905479
864870
-106422
-16464.3
698998
-283514
-312369
-237121
194675
-486687
-172926
-160752
-220112
-199608
481710
441943
532602
570729
-509402
-430285
-248553
-672990
722901
656643
869523
828949
-93082.1
-8950.56
725956
-284263
-337895
-266090
182013
-533407
-188236
-178622
-248578
-218717
524020
474941
605357
594605
-450286
-377824
-108233
-631310
731260
684453
906547
854418
-28913.6
53212.6
849715
-204940
-284458
-183231
310980
-446190
-150493
-116805
-156947
-165018
552574
503465
688260
620559
-449409
-368652
-79649.9
-611297
742903
676023
890449
860415
9391.09
82006
897971
-173875
-221786
-139167
395249
-385102
-82163.7
-72025.2
-67726
-91749.9
570820
524907
730214
646741
-453410
-379624
-128889
-616320
705133
650164
810763
831403
23649.2
98680.3
903253
-151290
-198689
-111802
399001
-349840
-50300.7
-35910.4
-40972.6
-50930.8
581405
530142
717957
661638
-463056
-387427
-149832
-626412
690802
627848
762823
813090
75102.5
143765
962258
-95023.8
-148895
-68744.9
447555
-290310
-4922.88
3651.5
6654.58
1687.16
595246
543018
719371
681213
-435161
-364767
-92056.8
-605415
696016
635601
755590
829903
139087
202520
1.04836e+06
-15944.6
-62494.8
11537.9
567978
-190380
59602
67126.4
121151
69267.5
604208
548604
731947
687855
-405874
-327687
-11931.7
-571998
686157
623576
742288
820687
177859
233514
1.09451e+06
25992.5
-8617.51
53929.6
636526
-136707
116418
115596
211143
132111
622688
564981
772890
704031
-91888.5
-89696.5
-175647
-96405.5
-280086
-109273
1.41184e+06
-698697
-324677
-273398
-47569.9
-475341
965201
876958
1.16451e+06
1.10755e+06
309581
291691
477787
340512
-1.2652e+06
-1.18688e+06
-1.88652e+06
-1.38342e+06
-48515.3
-40807.8
-104474
-34943.8
-292932
-125188
1.42726e+06
-724676
-318650
-264677
36022.1
-469904
1.01532e+06
936050
1.26261e+06
1.16956e+06
332553
318919
475744
395358
-1.26794e+06
-1.19628e+06
-1.93069e+06
-1.37824e+06
-13570.1
-15979.9
-39056.3
-16870.9
-316879
-141958
1.43599e+06
-765899
-332699
-273845
70287.8
-508310
1.0751e+06
993763
1.38039e+06
1.22737e+06
355072
334092
441437
423965
-1.29152e+06
-1.23079e+06
-2.01628e+06
-1.40108e+06
10987.7
16758.4
10677.3
21400.6
-328966
-145115
1.45862e+06
-775468
-345844
-277188
110012
-525549
1.14095e+06
1.05341e+06
1.49449e+06
1.29393e+06
385103
356785
417383
483245
-1.29983e+06
-1.2367e+06
-2.08214e+06
-1.39081e+06
48130.6
48130.6
52383.9
65973.8
-347323
-173341
1.42991e+06
-802780
-361936
-289960
131123
-553745
1.16606e+06
1.07346e+06
1.53852e+06
1.31648e+06
402904
356302
368651
500531
-1.30041e+06
-1.24394e+06
-2.15012e+06
-1.38424e+06
90494.1
89442.6
97954.1
118211
-390831
-202498
1.38646e+06
-846086
-369547
-287724
185284
-566506
1.21819e+06
1.13544e+06
1.63925e+06
1.3811e+06
424205
394324
374185
540568
-1.30098e+06
-1.2454e+06
-2.21695e+06
-1.35463e+06
81197.8
73134.6
81122.8
94745.9
-373748
-170138
1.42851e+06
-811558
-375693
-284367
211943
-574439
1.21584e+06
1.11184e+06
1.63728e+06
1.36715e+06
464720
401990
421517
549223
-1.28916e+06
-1.21229e+06
-2.22776e+06
-1.32229e+06
59560.3
41119.7
34088.9
61408.7
-333428
-148220
1.48154e+06
-788059
-373725
-296170
204423
-586398
1.18235e+06
1.08004e+06
1.57002e+06
1.32231e+06
451971
401712
422384
532642
-1.28305e+06
-1.22208e+06
-2.24314e+06
-1.33309e+06
18780
4275.17
-7853.13
8676.91
-322550
-125866
1.52504e+06
-777532
-410900
-321944
168342
-626477
1.15245e+06
1.05558e+06
1.54815e+06
1.29052e+06
451896
401914
440613
529494
-1.28535e+06
-1.22225e+06
-2.24728e+06
-1.32893e+06
-32756
-39287.6
-59296.6
-47678.8
-280835
-86291.1
1.60564e+06
-728052
-434506
-343591
150299
-657515
1.11025e+06
1.01336e+06
1.4867e+06
1.23932e+06
447188
397019
458014
521657
-1.28559e+06
-1.2191e+06
-2.25625e+06
-1.32541e+06
-73664.3
-76488.4
-111888
-89063.6
-243270
-57342.1
1.64873e+06
-683257
-454203
-357885
155699
-678394
1.04963e+06
956455
1.41184e+06
1.17146e+06
432592
377309
469876
489257
-1.25275e+06
-1.18767e+06
-2.23115e+06
-1.27655e+06
-124946
-128335
-191132
-151766
-233147
-49271.9
1.66408e+06
-680686
-466312
-377620
155152
-699874
1.00474e+06
915647
1.34756e+06
1.12167e+06
421682
379297
504825
467318
-1.24946e+06
-1.20115e+06
-2.27664e+06
-1.27629e+06
-174635
-160815
-271697
-190813
-218533
-22073
1.72575e+06
-665347
-480822
-377491
128763
-704146
966749
895617
1.28803e+06
1.09479e+06
428505
392662
568845
485623
-1.29515e+06
-1.23881e+06
-2.36629e+06
-1.32352e+06
-178155
-162054
-294931
-175053
-188309
-1046.52
1.81488e+06
-640458
-467826
-380416
99978.5
-680242
999740
930275
1.30172e+06
1.1395e+06
437408
413794
602070
493674
-1.35429e+06
-1.29193e+06
-2.439e+06
-1.39411e+06
-185418
-178038
-323499
-195654
-176128
19193
1.87677e+06
-644286
-504374
-420207
14482.3
-724660
1.02735e+06
954588
1.3435e+06
1.16831e+06
459132
439066
665462
514820
-1.40084e+06
-1.34194e+06
-2.49045e+06
-1.45188e+06
-216689
-205834
-365764
-229871
-140644
55615.4
1.99473e+06
-615372
-532421
-444801
-47389.6
-752654
1.05661e+06
978551
1.37464e+06
1.19592e+06
484493
460352
742369
528562
-1.47e+06
-1.39988e+06
-2.56387e+06
-1.5357e+06
-252707
-236204
-426598
-263285
-107210
88326.1
2.0822e+06
-586476
-559304
-468829
-106516
-771712
1.05061e+06
970143
1.35071e+06
1.19838e+06
497913
477898
807123
537856
-1.51978e+06
-1.44166e+06
-2.63196e+06
-1.58435e+06
-277873
-263431
-479662
-292098
-78319.9
117087
2.16107e+06
-566967
-551647
-469622
-135418
-748624
1.08264e+06
998537
1.37145e+06
1.23728e+06
536203
511964
898947
562829
-1.5762e+06
-1.50574e+06
-2.72414e+06
-1.6545e+06
-315322
-291238
-516966
-333578
-106415
88294.3
2.14155e+06
-583700
-569731
-470967
-164968
-767366
1.07408e+06
971587
1.34515e+06
1.24853e+06
529809
488444
929367
538378
-1.59397e+06
-1.50914e+06
-2.70752e+06
-1.66808e+06
-327222
-289980
-526609
-338040
-152556
42241.9
2.0496e+06
-645455
-537540
-438132
-143025
-719228
1.0787e+06
988221
1.28696e+06
1.25706e+06
498944
483387
892810
504717
-1.6024e+06
-1.50763e+06
-2.6562e+06
-1.6987e+06
-312251
-288474
-508756
-333964
-185464
10255.9
1.99274e+06
-680568
-509612
-421235
-146587
-685010
1.10251e+06
1.00138e+06
1.29398e+06
1.29591e+06
504052
485469
898203
513196
-1.59095e+06
-1.50006e+06
-2.58994e+06
-1.69453e+06
-350313
-313621
-554261
-367257
-228772
-24113.8
1.92157e+06
-716829
-506356
-415320
-184643
-665660
1.10331e+06
998397
1.23115e+06
1.30536e+06
494879
475043
880796
507762
-1.59987e+06
-1.49753e+06
-2.55522e+06
-1.7106e+06
-359318
-326942
-569069
-375948
-250061
-58153.2
1.86018e+06
-740765
-492977
-413061
-183473
-654928
1.09187e+06
979103
1.16935e+06
1.30329e+06
481221
451277
885509
478474
-1.5729e+06
-1.46897e+06
-2.47908e+06
-1.68517e+06
-397453
-368474
-625851
-437725
-327376
-127505
1.73086e+06
-826905
-482267
-402989
-178855
-644637
1.09441e+06
976723
1.11834e+06
1.31532e+06
456124
436580
882900
436817
-1.57161e+06
-1.47897e+06
-2.45518e+06
-1.70553e+06
-386721
-374755
-617606
-415664
-333828
-122179
1.73268e+06
-829689
-408408
-342660
-73027.2
-559451
1.08954e+06
978154
1.09631e+06
1.31599e+06
499895
490845
989150
501222
-1.5761e+06
-1.46157e+06
-2.46051e+06
-1.67538e+06
-443079
-434584
-730732
-484653
-360648
-158930
1.73253e+06
-901025
-398202
-343359
-81678.6
-553253
1.12314e+06
1.01714e+06
1.13523e+06
1.34225e+06
512888
500796
995901
507302
-1.60333e+06
-1.51018e+06
-2.52768e+06
-1.72094e+06
-519816
-507113
-839356
-574659
-408760
-182932
1.75864e+06
-958295
-426636
-363697
-123219
-582641
1.16199e+06
1.05546e+06
1.23479e+06
1.3862e+06
519865
520717
1.01776e+06
523961
-1.66372e+06
-1.56221e+06
-2.62219e+06
-1.77849e+06
-606565
-591966
-963982
-671783
-434874
-210990
1.78955e+06
-1.01002e+06
-436986
-382408
-152773
-593845
1.18702e+06
1.0721e+06
1.27649e+06
1.39534e+06
553705
537584
1.06267e+06
552862
-1.70948e+06
-1.61074e+06
-2.71273e+06
-1.83114e+06
-674734
-650902
-1.06298e+06
-737220
-460532
-225727
1.82066e+06
-1.04146e+06
-441105
-384737
-146140
-600606
1.19289e+06
1.08274e+06
1.30246e+06
1.41086e+06
574044
562418
1.1259e+06
574031
-1.73098e+06
-1.62197e+06
-2.76655e+06
-1.8407e+06
-752761
-729998
-1.20092e+06
-826638
-509102
-277524
1.78804e+06
-1.1105e+06
-421195
-369326
-137917
-570852
1.22801e+06
1.10786e+06
1.33595e+06
1.44456e+06
604572
584371
1.16076e+06
598815
-1.75397e+06
-1.66044e+06
-2.8575e+06
-1.86103e+06
-788355
-734817
-1.24773e+06
-844407
-526660
-276598
1.7782e+06
-1.11534e+06
-493027
-417433
-249317
-647305
1.19861e+06
1.07073e+06
1.28417e+06
1.41337e+06
579240
558397
1.13498e+06
578376
-1.76314e+06
-1.66789e+06
-2.89153e+06
-1.87535e+06
-703617
-647667
-1.12452e+06
-730151
-483046
-227695
1.86363e+06
-1.06731e+06
-499485
-422945
-253950
-637814
1.22624e+06
1.11317e+06
1.3179e+06
1.46142e+06
580757
570843
1.12059e+06
598721
-1.77347e+06
-1.66947e+06
-2.83744e+06
-1.89362e+06
-616495
-577972
-1.01076e+06
-648288
-425396
-179701
1.95543e+06
-1.01164e+06
-531489
-462572
-314968
-686012
1.27315e+06
1.14325e+06
1.36271e+06
1.51097e+06
594238
573681
1.09413e+06
617323
-1.76596e+06
-1.66792e+06
-2.7891e+06
-1.89711e+06
-545132
-507020
-917482
-560019
-356276
-110157
2.06337e+06
-932960
-574154
-497925
-401323
-720905
1.30809e+06
1.17593e+06
1.37694e+06
1.55215e+06
607451
583518
1.05634e+06
646805
-1.77153e+06
-1.66388e+06
-2.74707e+06
-1.9187e+06
-499932
-468979
-883133
-506852
-301381
-63939.4
2.13505e+06
-874869
-624174
-549703
-501528
-779394
1.28881e+06
1.14856e+06
1.31195e+06
1.53212e+06
586501
556651
979411
624975
-1.78036e+06
-1.66077e+06
-2.72794e+06
-1.9279e+06
-443969
-418956
-829843
-441112
-277379
-43561.3
2.17117e+06
-847762
-669585
-585409
-567828
-816532
1.30226e+06
1.16463e+06
1.3092e+06
1.56033e+06
571793
544618
934980
616352
-1.78601e+06
-1.67723e+06
-2.712e+06
-1.94146e+06
255220
280827
823906
185314
954820
820556
524926
1.24734e+06
-1.03017e+06
-1.05592e+06
-2.59952e+06
-919445
332950
326932
664238
322084
-204731
-100721
721455
-439679
-898188
-893029
-2.12954e+06
-797754
288656
313735
908586
203312
944468
801551
473273
1.24833e+06
-1.07637e+06
-1.10827e+06
-2.65919e+06
-976362
339207
330520
664740
340377
-174840
-72073.3
785108
-417836
-883565
-897374
-2.14382e+06
-774243
299166
325481
955275
216233
956426
807409
469894
1.25789e+06
-1.11628e+06
-1.13765e+06
-2.70236e+06
-1.01442e+06
363748
351349
697957
368743
-176631
-65955.4
853055
-435806
-944580
-958632
-2.28901e+06
-832188
325529
349426
1.02016e+06
240207
937069
787498
398629
1.24367e+06
-1.13082e+06
-1.1462e+06
-2.72592e+06
-1.02762e+06
380927
370706
674072
406557
-131127
-22090
958814
-388254
-945751
-961748
-2.33418e+06
-824001
329301
344728
1.07165e+06
229619
900430
744956
315078
1.21835e+06
-1.17738e+06
-1.19642e+06
-2.79045e+06
-1.07292e+06
387975
373853
642144
425816
-111663
-7904.04
1.01316e+06
-377638
-962254
-987341
-2.38558e+06
-832546
316840
342465
1.09604e+06
209141
857916
699512
208924
1.16468e+06
-1.22502e+06
-1.24505e+06
-2.87019e+06
-1.13292e+06
394972
366616
600220
438535
-116420
-7925.25
1.03826e+06
-392642
-1.00363e+06
-1.03889e+06
-2.50825e+06
-885864
320680
355454
1.10723e+06
227032
851516
711209
194631
1.15263e+06
-1.26512e+06
-1.27016e+06
-2.9736e+06
-1.14305e+06
388216
356530
565051
428497
-93960.3
16227.4
1.10273e+06
-362454
-1.0507e+06
-1.06953e+06
-2.58875e+06
-937518
346248
388837
1.14078e+06
258865
874421
734463
248601
1.17718e+06
-1.27623e+06
-1.28775e+06
-3.0652e+06
-1.14047e+06
374221
344851
554884
418285
-65150.7
51514.1
1.16304e+06
-330845
-1.06992e+06
-1.09403e+06
-2.5988e+06
-962720
371892
404283
1.14135e+06
301365
918425
778130
345488
1.22055e+06
-1.27789e+06
-1.29748e+06
-3.15173e+06
-1.11751e+06
370903
340175
543997
418369
-64697.4
53949.4
1.2012e+06
-338591
-1.14553e+06
-1.16081e+06
-2.70901e+06
-1.04762e+06
417032
436474
1.15819e+06
356547
952812
808099
404779
1.25341e+06
-1.26187e+06
-1.28793e+06
-3.23007e+06
-1.08234e+06
362534
333812
505585
412844
-14836.5
101428
1.28872e+06
-281250
-1.15852e+06
-1.17056e+06
-2.72094e+06
-1.06185e+06
433807
449292
1.15016e+06
369883
983813
840242
449825
1.29405e+06
-1.27545e+06
-1.32086e+06
-3.35141e+06
-1.08953e+06
362267
330090
486791
404415
38564.9
153014
1.36658e+06
-234631
-1.17584e+06
-1.18521e+06
-2.72571e+06
-1.0947e+06
450443
466820
1.16133e+06
410080
1.01251e+06
861474
481634
1.32387e+06
-1.31361e+06
-1.35677e+06
-3.47043e+06
-1.10541e+06
351883
316294
467980
406287
77257.1
194137
1.44189e+06
-182026
-1.19282e+06
-1.20312e+06
-2.72722e+06
-1.11625e+06
452299
468632
1.16229e+06
391764
1.01e+06
872409
474005
1.33482e+06
-1.33074e+06
-1.36691e+06
-3.54066e+06
-1.1077e+06
344532
314938
439968
393282
99062.8
207382
1.46861e+06
-177272
-1.18499e+06
-1.17194e+06
-2.68411e+06
-1.09727e+06
427290
456607
1.18238e+06
342430
1.03487e+06
891091
467796
1.36821e+06
-1.34143e+06
-1.3841e+06
-3.61745e+06
-1.10999e+06
346635
315083
449139
394431
110650
229136
1.52268e+06
-179323
-1.14721e+06
-1.14735e+06
-2.63729e+06
-1.05914e+06
407496
444666
1.19769e+06
335177
1.09532e+06
945892
509776
1.45889e+06
-1.34978e+06
-1.39126e+06
-3.69839e+06
-1.08317e+06
363650
339632
480251
430671
120448
247666
1.60651e+06
-170307
-1.14066e+06
-1.13907e+06
-2.67468e+06
-1.02723e+06
434408
463373
1.28431e+06
341378
1.14136e+06
982680
533527
1.51186e+06
-1.31897e+06
-1.37352e+06
-3.72104e+06
-1.05163e+06
410853
381716
516375
484950
165174
283242
1.71911e+06
-135340
-1.06162e+06
-1.07113e+06
-2.59657e+06
-934267
394479
419519
1.27532e+06
285169
1.15841e+06
981415
504439
1.54743e+06
-1.33337e+06
-1.40751e+06
-3.81052e+06
-1.04442e+06
428548
390168
523917
505303
166036
284403
1.75718e+06
-141440
-1.05002e+06
-1.07214e+06
-2.61349e+06
-917583
332781
371189
1.23471e+06
216912
1.15047e+06
965169
416589
1.5443e+06
-1.38659e+06
-1.45553e+06
-3.97109e+06
-1.08562e+06
434956
391342
509380
522490
155071
279040
1.77704e+06
-158403
-1.05544e+06
-1.09052e+06
-2.67548e+06
-923926
320239
357268
1.20139e+06
197560
1.15767e+06
975260
371906
1.55396e+06
-1.37863e+06
-1.44677e+06
-4.02614e+06
-1.10606e+06
439937
393991
510948
494924
145362
252673
1.73627e+06
-173317
-1.06972e+06
-1.08855e+06
-2.74477e+06
-937295
311114
353435
1.18923e+06
192549
1.16311e+06
977398
356114
1.58154e+06
-1.38717e+06
-1.45718e+06
-4.00618e+06
-1.11915e+06
411805
374390
530156
465606
90881.6
201318
1.64017e+06
-225798
-1.06135e+06
-1.08684e+06
-2.73216e+06
-920357
258225
299152
1.09047e+06
133330
1.15426e+06
964383
304411
1.56459e+06
-1.41862e+06
-1.47859e+06
-4.0306e+06
-1.15681e+06
374375
345164
527691
407286
-20254.4
96896.3
1.47986e+06
-363581
-1.11679e+06
-1.13958e+06
-2.84151e+06
-985105
246885
281385
1.08569e+06
116381
1.1365e+06
941734
285565
1.53986e+06
-1.40982e+06
-1.4657e+06
-3.95441e+06
-1.16085e+06
347280
325969
550995
367956
-84086.3
40175.7
1.42402e+06
-431518
-1.11152e+06
-1.13265e+06
-2.81781e+06
-977499
196726
241641
1.02521e+06
77195.6
1.10722e+06
927734
233693
1.54664e+06
-1.41578e+06
-1.46327e+06
-3.92184e+06
-1.15758e+06
331811
328064
574825
348593
-158898
-20682.2
1.31755e+06
-505788
-1.12871e+06
-1.13803e+06
-2.83756e+06
-983742
172075
217526
957395
49702.5
1.11523e+06
917887
159080
1.54412e+06
-1.41036e+06
-1.467e+06
-3.92077e+06
-1.16581e+06
339270
321644
598721
349508
-206905
-66981.4
1.23173e+06
-559665
-1.12538e+06
-1.15259e+06
-2.86646e+06
-992769
190983
237711
953718
69308.5
1.14245e+06
937999
181864
1.55825e+06
-1.45698e+06
-1.51283e+06
-3.95091e+06
-1.22831e+06
341456
321423
649446
336532
-235563
-98057.3
1.22216e+06
-586771
-1.16656e+06
-1.18914e+06
-2.90806e+06
-1.04209e+06
216160
266854
1.00691e+06
94171.8
1.15603e+06
952237
196820
1.58131e+06
-1.54618e+06
-1.59218e+06
-4.04558e+06
-1.32478e+06
326743
314916
686457
314129
-270543
-122399
1.1797e+06
-624513
-1.19418e+06
-1.21606e+06
-2.9358e+06
-1.06673e+06
246479
296768
1.03409e+06
141474
1.20478e+06
996572
251468
1.64139e+06
-1.6031e+06
-1.63637e+06
-4.11897e+06
-1.37748e+06
336563
334069
759701
320985
-301824
-148053
1.15172e+06
-660361
-1.25978e+06
-1.2747e+06
-3.06592e+06
-1.12712e+06
290709
337566
1.0952e+06
187699
1.2303e+06
1.02468e+06
276023
1.67572e+06
-1.65013e+06
-1.6828e+06
-4.16087e+06
-1.45004e+06
327388
328725
777513
300387
-331339
-176639
1.13477e+06
-703410
-1.2883e+06
-1.30303e+06
-3.12116e+06
-1.15878e+06
323875
366827
1.14383e+06
210967
1.28383e+06
1.07117e+06
314911
1.72736e+06
-1.71048e+06
-1.72596e+06
-4.22301e+06
-1.51635e+06
347010
351839
840085
299662
-360586
-201722
1.11179e+06
-754788
-1.30885e+06
-1.31437e+06
-3.153e+06
-1.18986e+06
350714
389798
1.20475e+06
247122
1.31455e+06
1.08917e+06
345200
1.76869e+06
-1.75291e+06
-1.77391e+06
-4.26494e+06
-1.56568e+06
360924
364412
914469
318832
-390118
-225512
1.11761e+06
-785770
-1.32188e+06
-1.34152e+06
-3.17281e+06
-1.20159e+06
383539
415386
1.24258e+06
283541
1.32013e+06
1.1047e+06
370457
1.7744e+06
-1.78419e+06
-1.79337e+06
-4.3066e+06
-1.59087e+06
330031
353497
901193
285317
-390734
-225265
1.12457e+06
-783778
-1.35154e+06
-1.36289e+06
-3.21578e+06
-1.2232e+06
415763
451440
1.28455e+06
308112
1.33099e+06
1.11711e+06
405656
1.77948e+06
-1.77978e+06
-1.78914e+06
-4.32789e+06
-1.5822e+06
315515
344485
892975
270141
-405622
-242260
1.09131e+06
-814064
-1.37451e+06
-1.39787e+06
-3.29877e+06
-1.24561e+06
469707
504517
1.37251e+06
386086
1.39829e+06
1.1853e+06
561262
1.84752e+06
-1.71355e+06
-1.722e+06
-4.25603e+06
-1.4845e+06
352470
386669
969337
319034
-414171
-234035
1.1343e+06
-823285
-1.4162e+06
-1.43556e+06
-3.40691e+06
-1.27292e+06
531106
558165
1.44971e+06
448305
1.41832e+06
1.21107e+06
629606
1.86e+06
-1.67382e+06
-1.68966e+06
-4.24587e+06
-1.43844e+06
369186
404010
991318
336213
-389317
-209161
1.19117e+06
-798884
-1.41788e+06
-1.43653e+06
-3.46174e+06
-1.26082e+06
583874
596959
1.51381e+06
495152
1.46141e+06
1.24823e+06
703816
1.90309e+06
-1.63522e+06
-1.66087e+06
-4.22611e+06
-1.39715e+06
403868
436791
1.03279e+06
366250
-363961
-195438
1.22371e+06
-788520
-1.42091e+06
-1.45195e+06
-3.52328e+06
-1.27067e+06
612917
638225
1.58124e+06
546910
1.48436e+06
1.26857e+06
756231
1.92502e+06
-1.58841e+06
-1.61545e+06
-4.1772e+06
-1.33164e+06
437513
465213
1.08436e+06
412553
-368079
-183158
1.26083e+06
-786516
-1.44549e+06
-1.48255e+06
-3.59762e+06
-1.28737e+06
205074
164769
-77029.4
288021
870845
667223
-313964
1.27816e+06
1.25348e+06
1.21883e+06
2.49074e+06
1.22465e+06
1.91684e+06
1.79714e+06
2.90087e+06
2.07854e+06
-422976
-297742
560795
-722022
-556265
-550640
-1.21593e+06
-531727
223584
188030
30615.6
300066
852080
656443
-361539
1.28616e+06
1.25979e+06
1.23687e+06
2.56486e+06
1.2335e+06
1.94399e+06
1.81552e+06
2.9606e+06
2.10642e+06
-405408
-280098
597899
-711286
-565872
-558575
-1.21913e+06
-535546
248155
219019
150090
308596
833769
625599
-437036
1.26389e+06
1.26478e+06
1.24915e+06
2.63849e+06
1.23048e+06
1.92855e+06
1.81269e+06
2.96957e+06
2.08267e+06
-399496
-263583
612544
-686096
-603355
-587769
-1.2506e+06
-583119
268374
245050
243963
319544
792944
584577
-535073
1.22353e+06
1.26123e+06
1.24322e+06
2.6415e+06
1.21937e+06
1.94721e+06
1.83102e+06
2.99385e+06
2.11148e+06
-330878
-205587
666174
-600167
-602504
-586874
-1.25413e+06
-578859
303556
297072
364248
354567
777864
580951
-586576
1.22519e+06
1.29369e+06
1.28984e+06
2.72305e+06
1.25257e+06
1.98809e+06
1.87857e+06
3.06575e+06
2.16528e+06
-285529
-164105
716753
-552139
-593518
-573531
-1.24014e+06
-567617
349756
326471
463286
389302
779383
567125
-638150
1.23916e+06
1.33821e+06
1.31736e+06
2.79778e+06
1.30775e+06
2.04311e+06
1.91763e+06
3.11347e+06
2.22107e+06
-230419
-115219
783177
-479027
-589240
-576321
-1.24784e+06
-559297
362510
345502
489541
404476
757615
550591
-683257
1.20417e+06
1.39334e+06
1.38143e+06
2.88051e+06
1.35788e+06
2.08984e+06
1.96052e+06
3.17545e+06
2.26107e+06
-206728
-90472.9
828254
-468496
-577522
-570315
-1.24832e+06
-549486
387309
362312
530979
430750
755153
548713
-665248
1.2095e+06
1.48894e+06
1.46863e+06
3.04434e+06
1.45945e+06
2.15181e+06
2.00706e+06
3.29208e+06
2.31819e+06
-189954
-74824.6
908607
-473742
-552216
-553398
-1.21216e+06
-519101
395246
370820
525036
445135
711328
504154
-750249
1.1568e+06
1.55119e+06
1.53377e+06
3.13565e+06
1.53791e+06
2.16139e+06
2.02769e+06
3.3101e+06
2.33189e+06
-203633
-76085.4
915326
-474937
-586028
-581203
-1.28782e+06
-551642
405002
382917
539904
459248
665064
462325
-790693
1.09515e+06
1.62847e+06
1.60559e+06
3.24117e+06
1.6264e+06
2.18932e+06
2.05686e+06
3.36392e+06
2.36777e+06
-150284
-26660
1.01235e+06
-418571
-579768
-572837
-1.27672e+06
-541727
419595
397064
557943
482233
642231
449088
-780960
1.08269e+06
1.71818e+06
1.68528e+06
3.37603e+06
1.72949e+06
2.24142e+06
2.1084e+06
3.47016e+06
2.43365e+06
-142081
-20697.7
1.07568e+06
-426564
-567904
-565854
-1.24886e+06
-522594
421460
384467
530672
474785
634309
434173
-808929
1.06558e+06
1.79545e+06
1.74353e+06
3.45648e+06
1.80837e+06
2.29989e+06
2.15345e+06
3.53142e+06
2.48339e+06
-121574
36.0624
1.15272e+06
-416351
-561608
-563525
-1.26634e+06
-520484
402170
377249
516197
466561
630739
443656
-824502
1.06412e+06
1.79871e+06
1.74793e+06
3.47936e+06
1.81248e+06
2.34571e+06
2.21541e+06
3.65453e+06
2.55313e+06
-131453
-14433.5
1.1888e+06
-430402
-583711
-590807
-1.32116e+06
-544095
393668
353791
504011
442780
663431
468648
-807618
1.09659e+06
1.79709e+06
1.74335e+06
3.48756e+06
1.79822e+06
2.41917e+06
2.27242e+06
3.77383e+06
2.61112e+06
-194932
-77608.5
1.13813e+06
-529014
-615407
-629870
-1.40018e+06
-587617
378218
353005
506060
426524
685913
493162
-793896
1.12631e+06
1.79924e+06
1.75788e+06
3.51443e+06
1.81212e+06
2.4758e+06
2.34518e+06
3.90322e+06
2.67983e+06
-244750
-105787
1.10904e+06
-567438
-662770
-661398
-1.47308e+06
-629792
391180
364869
522471
444395
732300
531927
-745784
1.1846e+06
1.8356e+06
1.78507e+06
3.53709e+06
1.85513e+06
2.57849e+06
2.43496e+06
4.04794e+06
2.79344e+06
-234593
-103822
1.13842e+06
-572181
-646011
-650265
-1.48055e+06
-601744
376864
346855
497243
432331
765009
553187
-721728
1.21929e+06
1.8432e+06
1.78084e+06
3.53581e+06
1.85093e+06
2.64585e+06
2.48638e+06
4.15753e+06
2.86548e+06
-297563
-167224
1.09171e+06
-659552
-662800
-675735
-1.53268e+06
-630380
356237
326942
445169
401961
786033
576556
-711759
1.24508e+06
1.83302e+06
1.77891e+06
3.52737e+06
1.84906e+06
2.69755e+06
2.5454e+06
4.23033e+06
2.91709e+06
-354649
-205318
1.07303e+06
-726677
-693734
-695997
-1.57865e+06
-656559
361769
334615
430529
422837
821365
607528
-702355
1.30697e+06
1.82345e+06
1.76739e+06
3.52217e+06
1.81997e+06
2.75826e+06
2.60353e+06
4.30893e+06
2.98498e+06
-351332
-200062
1.10112e+06
-732027
-698200
-703666
-1.58654e+06
-656131
366397
331951
417145
427870
844435
624904
-725637
1.34522e+06
1.78975e+06
1.74344e+06
3.51817e+06
1.77502e+06
2.8114e+06
2.6446e+06
4.38732e+06
3.03501e+06
-366841
-210996
1.13684e+06
-775779
-716011
-718165
-1.5989e+06
-680872
381749
345491
386957
460602
857788
627230
-789070
1.37187e+06
1.75369e+06
1.71722e+06
3.49679e+06
1.73968e+06
2.83902e+06
2.68012e+06
4.41961e+06
3.07362e+06
-385446
-215456
1.1411e+06
-780134
-760985
-755680
-1.66023e+06
-732536
397861
361020
363191
494696
875313
641753
-833887
1.41487e+06
1.73523e+06
1.6993e+06
3.4683e+06
1.72179e+06
2.89148e+06
2.72702e+06
4.47458e+06
3.14319e+06
-344668
-180736
1.20278e+06
-737682
-774774
-766985
-1.6747e+06
-741295
406070
363221
315508
501262
894292
648756
-890311
1.43969e+06
1.72291e+06
1.68733e+06
3.44688e+06
1.69296e+06
2.94134e+06
2.77083e+06
4.5278e+06
3.20466e+06
-352846
-190525
1.22207e+06
-773495
-785144
-776859
-1.69249e+06
-768737
423749
375550
303216
537312
915680
668102
-915862
1.48555e+06
1.71945e+06
1.6876e+06
3.46271e+06
1.70492e+06
3.01291e+06
2.83807e+06
4.59371e+06
3.28885e+06
-341268
-162111
1.31475e+06
-751151
-782530
-766886
-1.6654e+06
-754282
437954
374411
284731
561929
954840
694181
-884287
1.51991e+06
1.7308e+06
1.69345e+06
3.47031e+06
1.71141e+06
3.04579e+06
2.84418e+06
4.62611e+06
3.30586e+06
-343068
-167755
1.32518e+06
-762162
-765662
-756494
-1.62677e+06
-736457
422906
351810
223727
562448
991536
741469
-817131
1.57153e+06
1.75691e+06
1.7293e+06
3.51488e+06
1.75141e+06
3.04542e+06
2.84476e+06
4.63499e+06
3.30518e+06
-365552
-184299
1.31748e+06
-795961
-746933
-727698
-1.58726e+06
-707252
403653
327745
131637
544428
1.06173e+06
793989
-728293
1.64539e+06
1.80636e+06
1.7731e+06
3.58858e+06
1.80744e+06
3.02869e+06
2.83197e+06
4.62333e+06
3.28349e+06
-382599
-192899
1.32628e+06
-814594
-720893
-707412
-1.5448e+06
-682562
380421
305825
64826.1
523015
1.09073e+06
817890
-696579
1.675e+06
1.8324e+06
1.79264e+06
3.60351e+06
1.83447e+06
3.01615e+06
2.82236e+06
4.60427e+06
3.27136e+06
-357366
-171189
1.36677e+06
-789293
-696422
-686164
-1.49995e+06
-661979
368746
302550
13901.7
525652
1.13078e+06
866243
-640316
1.71525e+06
1.89224e+06
1.86052e+06
3.6811e+06
1.89369e+06
3.03062e+06
2.84192e+06
4.63806e+06
3.28539e+06
-365450
-169648
1.38233e+06
-809660
-664419
-644134
-1.4403e+06
-629391
362848
282534
-50516.4
520690
1.18402e+06
910919
-549370
1.78233e+06
1.95844e+06
1.91119e+06
3.78014e+06
1.97709e+06
3.05112e+06
2.85858e+06
4.67413e+06
3.30912e+06
-353724
-156724
1.44638e+06
-800368
-622400
-608657
-1.36392e+06
-580265
360701
305324
-64600.6
523463
1.22369e+06
947088
-532702
1.82917e+06
1.96599e+06
1.91073e+06
3.81003e+06
1.96036e+06
3.05311e+06
2.87457e+06
4.70455e+06
3.31271e+06
-360314
-170429
1.43491e+06
-803635
-605394
-604973
-1.3629e+06
-561656
412747
343412
19410.1
577076
1.25942e+06
970216
-513534
1.87936e+06
1.95204e+06
1.89184e+06
3.82065e+06
1.93052e+06
3.07526e+06
2.87852e+06
4.74428e+06
3.32254e+06
-391293
-215976
1.36744e+06
-853735
-618462
-632714
-1.41445e+06
-580443
457799
395304
104361
627093
1.27739e+06
985783
-535044
1.90411e+06
1.92896e+06
1.88674e+06
3.84192e+06
1.90835e+06
3.06498e+06
2.88898e+06
4.76354e+06
3.31406e+06
-437822
-242722
1.27745e+06
-875041
-662426
-662853
-1.4942e+06
-618938
514890
450274
194493
693511
1.29684e+06
1.00665e+06
-520027
1.93058e+06
1.90826e+06
1.87146e+06
3.82647e+06
1.88862e+06
3.08149e+06
2.90659e+06
4.80174e+06
3.33655e+06
-420009
-234185
1.2518e+06
-846838
-667280
-666360
-1.52265e+06
-614595
558778
492743
257199
759458
1.32273e+06
1.02237e+06
-511730
1.98071e+06
1.90636e+06
1.85865e+06
3.83668e+06
1.88318e+06
3.10312e+06
2.92171e+06
4.84947e+06
3.36958e+06
-470891
-298225
1.15311e+06
-898715
-687704
-702940
-1.58476e+06
-634195
611879
532053
291703
803331
1.33511e+06
1.02438e+06
-561998
1.99198e+06
1.89754e+06
1.85373e+06
3.82086e+06
1.87038e+06
3.134e+06
2.95217e+06
4.87176e+06
3.38847e+06
-517367
-337812
1.0602e+06
-953466
-726310
-732777
-1.67244e+06
-675192
355091
315827
335335
443518
-1.3541e+06
-1.26113e+06
-1.86316e+06
-1.52236e+06
-99388.8
-90040.1
-243530
-74079.3
2.14033e+06
2.1277e+06
4.75799e+06
2.01795e+06
-961826
-837259
-621876
-1.21253e+06
-354804
-406816
-1.39681e+06
-205683
351649
304472
284260
449004
-1.40829e+06
-1.31882e+06
-1.95612e+06
-1.56882e+06
-113455
-106417
-292246
-83378.5
2.15727e+06
2.13885e+06
4.78641e+06
2.03844e+06
-1.00415e+06
-880983
-712950
-1.2513e+06
-375583
-440508
-1.47362e+06
-226743
359083
308914
249479
459444
-1.43474e+06
-1.34978e+06
-2.03911e+06
-1.60474e+06
-128148
-124013
-335249
-103076
2.21436e+06
2.19362e+06
4.84659e+06
2.09635e+06
-1.02618e+06
-904278
-770741
-1.27665e+06
-388800
-457111
-1.57059e+06
-227302
331755
285151
190070
433727
-1.49175e+06
-1.3977e+06
-2.11033e+06
-1.66997e+06
-180350
-171179
-396148
-163180
2.19861e+06
2.18814e+06
4.84753e+06
2.07978e+06
-1.09631e+06
-970324
-891577
-1.35376e+06
-443363
-506853
-1.70879e+06
-268138
344877
297283
165499
449195
-1.54084e+06
-1.43199e+06
-2.19756e+06
-1.72564e+06
-193616
-184925
-438420
-178325
2.24898e+06
2.24267e+06
4.92733e+06
2.11647e+06
-1.14036e+06
-1.01167e+06
-987901
-1.41474e+06
-477139
-542512
-1.83064e+06
-314298
365722
312984
164836
482296
-1.56562e+06
-1.47024e+06
-2.23672e+06
-1.75582e+06
-207990
-199372
-473055
-192311
2.3127e+06
2.29762e+06
5.04809e+06
2.18404e+06
-1.18666e+06
-1.05864e+06
-1.04425e+06
-1.45966e+06
-492358
-562772
-1.87906e+06
-315389
391932
344186
212481
522936
-1.61824e+06
-1.48582e+06
-2.25868e+06
-1.81027e+06
-152071
-142495
-389084
-118114
2.3631e+06
2.34138e+06
5.17785e+06
2.23484e+06
-1.16357e+06
-1.0191e+06
-1.01016e+06
-1.41758e+06
-494042
-551657
-1.88351e+06
-294553
423556
359171
220904
551149
-1.61727e+06
-1.49507e+06
-2.22319e+06
-1.81857e+06
-78988.1
-88164.2
-321785
-37076.4
2.41516e+06
2.37794e+06
5.29428e+06
2.27576e+06
-1.10448e+06
-973926
-928138
-1.36264e+06
-487506
-567653
-1.87065e+06
-302159
465951
399985
290231
597544
-1.60486e+06
-1.48155e+06
-2.17097e+06
-1.81499e+06
-8915.91
-23388.3
-218370
36433.7
2.48805e+06
2.45601e+06
5.45399e+06
2.34146e+06
-1.03194e+06
-900999
-784273
-1.2879e+06
-501663
-575410
-1.89739e+06
-312514
464759
400197
281689
596741
-1.62042e+06
-1.49391e+06
-2.16073e+06
-1.83851e+06
17892.6
5741
-189713
72622
2.49466e+06
2.47345e+06
5.49869e+06
2.34963e+06
-987499
-859891
-729707
-1.23577e+06
-516434
-586783
-1.94997e+06
-318530
483866
399537
286228
631300
-1.65121e+06
-1.51587e+06
-2.16523e+06
-1.85208e+06
76231.8
44460.8
-138932
155900
2.55124e+06
2.52423e+06
5.63096e+06
2.40381e+06
-953446
-839378
-678246
-1.19213e+06
-552868
-628310
-1.99912e+06
-348135
469013
392825
230774
606763
-1.66606e+06
-1.54083e+06
-2.2066e+06
-1.89442e+06
99482.1
65584.2
-161644
174220
2.60051e+06
2.57315e+06
5.73476e+06
2.43738e+06
-945908
-829085
-670940
-1.1971e+06
-580431
-654178
-2.06665e+06
-387533
429359
352938
182332
557545
-1.73509e+06
-1.59566e+06
-2.26829e+06
-1.9629e+06
93135.2
56891.7
-174843
175628
2.6244e+06
2.61114e+06
5.85268e+06
2.47117e+06
-985085
-865248
-692894
-1.23658e+06
-591420
-648791
-2.0743e+06
-401757
374525
295702
116743
480157
-1.81925e+06
-1.6788e+06
-2.37468e+06
-2.05335e+06
84860.6
44355.4
-213563
169915
2.66057e+06
2.64226e+06
5.95494e+06
2.49297e+06
-1.04913e+06
-920401
-755445
-1.31253e+06
-598092
-657384
-2.03876e+06
-431191
335765
273191
133306
424283
-1.8747e+06
-1.72926e+06
-2.43284e+06
-2.13269e+06
86951.5
48265.7
-198696
161534
2.71902e+06
2.71066e+06
6.10796e+06
2.53958e+06
-1.08449e+06
-946153
-742498
-1.37051e+06
-585103
-634075
-1.94974e+06
-427240
282766
230069
89584.1
360555
-1.95059e+06
-1.79966e+06
-2.50381e+06
-2.22912e+06
61367
25461.5
-234574
132856
2.76644e+06
2.7615e+06
6.22812e+06
2.58802e+06
-1.13255e+06
-988238
-768549
-1.43675e+06
-568262
-619915
-1.89636e+06
-414900
251543
197125
73615.5
311555
-2.04643e+06
-1.87297e+06
-2.60922e+06
-2.32532e+06
59152.3
20472.9
-244260
134970
2.84197e+06
2.83852e+06
6.3949e+06
2.64448e+06
-1.18288e+06
-1.02701e+06
-792187
-1.51252e+06
-589864
-630715
-1.8925e+06
-447975
209837
169414
68438
258757
-2.10552e+06
-1.93631e+06
-2.69348e+06
-2.40595e+06
52605.2
19850.6
-259013
125095
2.91229e+06
2.9117e+06
6.56367e+06
2.71173e+06
-1.22434e+06
-1.06125e+06
-781921
-1.56591e+06
-583698
-617287
-1.8322e+06
-445917
179879
160525
67774.8
246724
-2.1395e+06
-1.96185e+06
-2.72352e+06
-2.43457e+06
43186.5
13056
-281636
112502
2.92567e+06
2.91623e+06
6.60797e+06
2.72477e+06
-1.26839e+06
-1.09549e+06
-827765
-1.61072e+06
-535353
-565230
-1.72516e+06
-372911
184219
158873
55526.3
253419
-2.1825e+06
-2.00456e+06
-2.76784e+06
-2.47674e+06
48944.5
16164.5
-293320
121389
2.92488e+06
2.91484e+06
6.63189e+06
2.71709e+06
-1.30631e+06
-1.13243e+06
-900642
-1.65001e+06
-499480
-537757
-1.66502e+06
-339163
186521
161774
65224.2
251619
-2.23253e+06
-2.05778e+06
-2.84597e+06
-2.53821e+06
47666.8
14345.1
-281412
115084
2.93672e+06
2.93117e+06
6.69117e+06
2.7197e+06
-1.35645e+06
-1.17927e+06
-966169
-1.70733e+06
-498341
-539498
-1.67138e+06
-333168
198874
172881
67383
273171
-2.26633e+06
-2.08254e+06
-2.87769e+06
-2.5825e+06
45506.6
17527.8
-287520
121393
2.9409e+06
2.94302e+06
6.71741e+06
2.72796e+06
-1.37701e+06
-1.19534e+06
-1.00771e+06
-1.71941e+06
-450676
-490915
-1.6288e+06
-269681
217133
190031
76447.4
289685
-2.30436e+06
-2.11481e+06
-2.90973e+06
-2.63611e+06
61678.1
25885.1
-284299
135936
2.97457e+06
2.97527e+06
6.79275e+06
2.73649e+06
-1.4055e+06
-1.22471e+06
-1.05863e+06
-1.76756e+06
-409942
-458743
-1.58546e+06
-245177
241616
211037
108360
315202
-2.34995e+06
-2.16617e+06
-2.95111e+06
-2.69031e+06
64491
28673.2
-279291
138939
2.99595e+06
2.99956e+06
6.89404e+06
2.75389e+06
-1.43845e+06
-1.25822e+06
-1.08282e+06
-1.80741e+06
-383272
-431778
-1.52734e+06
-205620
240663
210115
95571.1
334980
-2.37388e+06
-2.16676e+06
-3.00183e+06
-2.69461e+06
36724.3
8450.63
-273265
108658
2.99872e+06
3.01649e+06
6.93117e+06
2.77608e+06
-1.45486e+06
-1.27371e+06
-1.10029e+06
-1.81791e+06
-358774
-412710
-1.54169e+06
-167275
238791
202845
33063.6
329756
-2.34384e+06
-2.14492e+06
-2.99907e+06
-2.66091e+06
-7103.59
-37003.6
-331557
44829.9
3.03095e+06
3.03749e+06
6.96853e+06
2.79653e+06
-1.49507e+06
-1.30914e+06
-1.15402e+06
-1.87974e+06
-354328
-428611
-1.58986e+06
-181741
232613
193452
-27157.1
340396
-2.32859e+06
-2.14012e+06
-3.0424e+06
-2.62395e+06
-92318.4
-109156
-428807
-48754.3
3.04772e+06
3.0616e+06
6.99071e+06
2.82282e+06
-1.54097e+06
-1.34721e+06
-1.2034e+06
-1.92182e+06
-398763
-471367
-1.73779e+06
-197303
238946
195559
-47578.4
352038
-2.28419e+06
-2.10452e+06
-3.02548e+06
-2.56943e+06
-123467
-137256
-433777
-89596.8
3.10028e+06
3.11307e+06
7.06391e+06
2.88974e+06
-1.53571e+06
-1.34451e+06
-1.18833e+06
-1.91605e+06
-362720
-437055
-1.76119e+06
-130224
233798
169693
-102314
337844
-2.29358e+06
-2.13149e+06
-3.07455e+06
-2.57241e+06
-189418
-213487
-516445
-167124
3.13353e+06
3.12784e+06
7.1007e+06
2.91494e+06
-1.59839e+06
-1.4221e+06
-1.2808e+06
-2.00555e+06
-389434
-494613
-1.86776e+06
-168597
204165
156703
-150286
318869
-2.31847e+06
-2.14685e+06
-3.14346e+06
-2.59132e+06
-274775
-279030
-622649
-266072
3.14097e+06
3.14755e+06
7.12472e+06
2.92236e+06
-1.68588e+06
-1.48157e+06
-1.35119e+06
-2.09864e+06
-442435
-527702
-1.97765e+06
-209652
202943
160433
-130261
312854
-2.32831e+06
-2.13772e+06
-3.15791e+06
-2.61053e+06
-299500
-302562
-625886
-298939
3.21126e+06
3.1933e+06
7.25247e+06
2.99295e+06
-1.69235e+06
-1.4865e+06
-1.3202e+06
-2.11828e+06
-442052
-512283
-1.97755e+06
-206205
201047
159999
-112363
307141
-2.32808e+06
-2.13605e+06
-3.13061e+06
-2.6031e+06
-329803
-327965
-648528
-329940
3.25652e+06
3.23223e+06
7.35088e+06
3.03934e+06
-1.71577e+06
-1.49941e+06
-1.2941e+06
-2.15321e+06
-436195
-501875
-1.92348e+06
-205530
248724
206716
-28944.7
365170
-2.29387e+06
-2.10918e+06
-3.10573e+06
-2.55793e+06
-329474
-324493
-631502
-331332
3.31661e+06
3.29564e+06
7.45844e+06
3.0979e+06
-1.684e+06
-1.46475e+06
-1.20089e+06
-2.12073e+06
-383053
-451034
-1.84679e+06
-133483
272874
226007
9839.39
383649
-2.26281e+06
-2.08096e+06
-3.05658e+06
-2.53028e+06
-330250
-327503
-612381
-342778
3.37877e+06
3.36112e+06
7.56944e+06
3.16597e+06
-1.63248e+06
-1.40775e+06
-1.09237e+06
-2.06398e+06
-312424
-386005
-1.75537e+06
-55128.9
278464
231748
28077.1
397047
-2.26441e+06
-2.07013e+06
-3.03962e+06
-2.51096e+06
-355750
-345100
-625933
-356365
3.47167e+06
3.45255e+06
7.73907e+06
3.2585e+06
-1.62437e+06
-1.39809e+06
-1.04006e+06
-2.0713e+06
-303936
-370170
-1.7291e+06
-40061.8
288138
239902
42418.6
401877
-2.2332e+06
-2.0597e+06
-3.03908e+06
-2.48546e+06
-364660
-354714
-646382
-374653
3.5481e+06
3.52495e+06
7.87744e+06
3.33715e+06
-1.60967e+06
-1.3852e+06
-969790
-2.06213e+06
-258989
-334575
-1.67126e+06
9693.02
-1.03596e+06
-1.0308e+06
-2.15365e+06
-1.00685e+06
252670
214956
56555.1
369023
486164
433522
493254
586879
951962
847530
680056
1.22516e+06
-558295
-528412
-1.21046e+06
-513268
404686
345263
199016
517653
-1.11206e+06
-1.10806e+06
-2.27708e+06
-1.09867e+06
267475
215957
71919.8
374231
501804
439286
467084
607444
1.04324e+06
923262
781598
1.31142e+06
-504273
-491748
-1.14332e+06
-470447
390211
319586
197831
473977
-1.20536e+06
-1.18774e+06
-2.4083e+06
-1.20078e+06
269832
218034
42302.7
385918
495164
428159
429863
606032
1.09462e+06
976211
848152
1.38272e+06
-506169
-485990
-1.13636e+06
-465554
332833
282655
166572
408279
-1.26863e+06
-1.25612e+06
-2.49892e+06
-1.27887e+06
261432
209826
9485.13
374954
497501
425118
371540
621707
1.1645e+06
1.03158e+06
919541
1.46287e+06
-457719
-445890
-1.08612e+06
-405333
319768
269427
171568
394044
-1.37781e+06
-1.36314e+06
-2.65383e+06
-1.38874e+06
242690
175426
-21298.8
339673
481855
394380
300333
619196
1.20093e+06
1.04263e+06
947525
1.51393e+06
-457126
-465220
-1.10705e+06
-402628
284151
225494
137231
354841
-1.47575e+06
-1.4422e+06
-2.79954e+06
-1.50127e+06
203037
142275
-66366.2
294323
446493
365557
197099
589284
1.21411e+06
1.06531e+06
923178
1.52823e+06
-477661
-481483
-1.15652e+06
-432889
238190
192387
81973.5
290801
-1.53267e+06
-1.50275e+06
-2.87985e+06
-1.56251e+06
188938
136630
-96237.2
290968
410615
329218
113847
542627
1.24952e+06
1.09139e+06
925976
1.56532e+06
-492315
-489784
-1.1496e+06
-448131
208990
172398
62268.5
261854
-1.59631e+06
-1.54993e+06
-2.96666e+06
-1.61976e+06
205113
152850
-82352.5
311727
384750
317746
84309
529006
1.27741e+06
1.11862e+06
931451
1.59706e+06
-501876
-500820
-1.14341e+06
-469554
226523
194862
102096
278912
-1.63697e+06
-1.59086e+06
-3.02558e+06
-1.68101e+06
231832
170330
-71883.8
335379
374199
296026
89844.3
495504
1.30503e+06
1.14084e+06
958306
1.62772e+06
-549598
-542835
-1.1854e+06
-530962
233725
207577
128710
281596
-1.68501e+06
-1.63357e+06
-3.06934e+06
-1.7405e+06
207646
150981
-124848
313709
327873
258654
37502.1
443053
1.29463e+06
1.13152e+06
940581
1.62089e+06
-572120
-559424
-1.19823e+06
-551435
251061
219025
146126
310776
-1.71336e+06
-1.64063e+06
-3.08292e+06
-1.77764e+06
229125
171543
-97120.4
316052
324090
267716
47770.7
435440
1.3111e+06
1.14106e+06
946369
1.64734e+06
-603149
-590130
-1.21581e+06
-602882
279447
260823
193407
350896
-1.70438e+06
-1.62983e+06
-3.03271e+06
-1.76517e+06
244413
190922
-31374.3
339729
324277
266955
74015.7
441737
1.32204e+06
1.1596e+06
948635
1.66075e+06
-620770
-600469
-1.19914e+06
-628595
356380
331173
295936
434233
-1.69664e+06
-1.63036e+06
-3.00877e+06
-1.75509e+06
235571
189141
-18860.7
330322
318458
263887
76750.1
427830
1.36964e+06
1.19174e+06
1.02201e+06
1.71033e+06
-615558
-590490
-1.17338e+06
-618062
360209
314957
315314
436129
-1.68881e+06
-1.61065e+06
-3.01207e+06
-1.7335e+06
237932
194659
3232.19
324316
337808
295139
122773
455892
1.39572e+06
1.22159e+06
1.05398e+06
1.73533e+06
-616661
-597896
-1.19717e+06
-624841
342538
304429
278903
422677
-1.66474e+06
-1.59381e+06
-2.9746e+06
-1.71798e+06
251484
206599
55157.9
329981
375329
325096
223346
477624
1.43314e+06
1.25572e+06
1.14511e+06
1.76878e+06
-659672
-635154
-1.25559e+06
-668048
306527
269153
213821
381560
-1.65951e+06
-1.59097e+06
-2.94207e+06
-1.72188e+06
237444
196340
58034.4
312532
373234
323511
253533
467765
1.43417e+06
1.25908e+06
1.16872e+06
1.76535e+06
-676152
-652636
-1.28574e+06
-681542
278688
239417
173208
351586
-1.63523e+06
-1.56252e+06
-2.90049e+06
-1.67993e+06
235765
194385
74641.5
295054
394376
354939
310322
498314
1.45356e+06
1.26864e+06
1.20114e+06
1.79241e+06
-700480
-682711
-1.34163e+06
-699194
267381
233364
158258
349802
-1.60083e+06
-1.52019e+06
-2.85513e+06
-1.63914e+06
227349
193753
112468
282570
431776
394990
386432
535139
1.45191e+06
1.28128e+06
1.21635e+06
1.78714e+06
-725792
-702391
-1.40341e+06
-727607
275531
248078
159076
360014
-1.59726e+06
-1.54414e+06
-2.85828e+06
-1.66541e+06
216267
194585
114628
291801
469127
415926
433070
561494
1.48196e+06
1.31606e+06
1.27677e+06
1.82283e+06
-724758
-692311
-1.41301e+06
-717685
282802
251153
187094
358853
-1.65391e+06
-1.58875e+06
-2.93278e+06
-1.71839e+06
226631
201301
114085
307439
489614
440380
463068
598028
1.53411e+06
1.36779e+06
1.33895e+06
1.88214e+06
-720374
-696866
-1.42494e+06
-714781
292685
261020
200156
375711
-1.70316e+06
-1.63852e+06
-2.99755e+06
-1.78722e+06
231279
200823
86067.6
313166
521003
460555
528175
612503
1.5744e+06
1.40256e+06
1.42266e+06
1.91753e+06
-775898
-745431
-1.49584e+06
-780838
271989
241061
141414
354995
-1.7403e+06
-1.67659e+06
-3.03799e+06
-1.82889e+06
205878
172610
21516.6
288860
519260
461529
527652
615238
1.58731e+06
1.41032e+06
1.44629e+06
1.92896e+06
-792947
-767267
-1.54312e+06
-790911
262628
221913
101520
350037
-1.78784e+06
-1.70174e+06
-3.10739e+06
-1.86516e+06
204699
175551
-1490.58
286675
545668
499725
559479
659804
1.62095e+06
1.44285e+06
1.48543e+06
1.98536e+06
-819030
-790267
-1.60741e+06
-804376
261004
232465
83852.3
372062
-1.78965e+06
-1.71091e+06
-3.14165e+06
-1.86233e+06
211539
170522
-20525.9
301293
589969
529009
589130
709898
1.64664e+06
1.46496e+06
1.48361e+06
2.0128e+06
-834519
-811442
-1.68136e+06
-819978
300280
255236
62773.4
418283
-1.79933e+06
-1.7326e+06
-3.18273e+06
-1.86338e+06
262139
230117
48711.9
384128
561984
499182
522864
683889
1.66786e+06
1.48346e+06
1.47435e+06
2.03443e+06
-835458
-805979
-1.66982e+06
-818787
326082
263830
43749.4
450158
-1.81758e+06
-1.74208e+06
-3.24252e+06
-1.86253e+06
344570
306734
150002
485882
537011
482627
457520
682649
1.7004e+06
1.51716e+06
1.50233e+06
2.07187e+06
-829281
-800633
-1.63538e+06
-814364
333049
265767
24120.1
470406
-1.82376e+06
-1.75986e+06
-3.29227e+06
-1.87792e+06
444858
389725
252721
596930
533465
463250
417025
670834
1.75969e+06
1.56736e+06
1.5925e+06
2.13184e+06
-850821
-822319
-1.6478e+06
-845711
329621
258612
-26682.7
467149
-1.8642e+06
-1.80416e+06
-3.37005e+06
-1.92344e+06
491189
427318
276095
652285
476549
411183
300321
616622
1.74414e+06
1.55326e+06
1.57152e+06
2.11727e+06
-892028
-862129
-1.68745e+06
-899209
318021
240672
-93658.4
462714
-1.87161e+06
-1.79811e+06
-3.40494e+06
-1.92996e+06
560905
494132
350078
721014
462691
410601
244261
610889
1.77033e+06
1.57588e+06
1.59064e+06
2.1478e+06
-929189
-890461
-1.71038e+06
-937929
316449
246693
-129517
469884
-1.85909e+06
-1.7948e+06
-3.41024e+06
-1.90218e+06
619484
534249
415186
790726
465086
396364
203906
624784
1.78037e+06
1.57831e+06
1.59086e+06
2.15848e+06
-942174
-912480
-1.72911e+06
-961640
334713
248241
-149427
493080
-1.88755e+06
-1.82428e+06
-3.49885e+06
-1.93336e+06
604301
514512
349029
773129
487105
409432
194306
631489
1.74781e+06
1.53492e+06
1.53281e+06
2.1239e+06
-917580
-886992
-1.74844e+06
-928659
346451
273004
-123587
510042
-1.9336e+06
-1.85535e+06
-3.59466e+06
-1.95981e+06
564563
477724
286140
735636
508338
444513
256521
668958
1.70273e+06
1.49788e+06
1.4464e+06
2.08149e+06
-894996
-869966
-1.75542e+06
-893929
371290
296976
-73196.2
542407
-1.93806e+06
-1.87092e+06
-3.65676e+06
-1.95948e+06
557207
467246
232253
737463
575487
496828
362076
736517
1.68611e+06
1.47721e+06
1.40523e+06
2.07173e+06
-891884
-871834
-1.79935e+06
-878072
394901
322372
-56887.4
577184
-1.94351e+06
-1.88021e+06
-3.67848e+06
-1.96474e+06
518240
429213
172048
687970
604759
529484
435254
759962
1.62526e+06
1.41845e+06
1.31867e+06
1.9972e+06
-880897
-867542
-1.80644e+06
-866799
438351
359503
24118.7
615513
-1.96084e+06
-1.88322e+06
-3.75134e+06
-1.96749e+06
481737
399669
112984
639227
645922
581263
514112
806023
1.56022e+06
1.35362e+06
1.21434e+06
1.93873e+06
-887497
-874901
-1.8578e+06
-855653
475073
400298
79135.1
675699
-1.95924e+06
-1.8973e+06
-3.80557e+06
-1.95248e+06
444414
354099
66896.5
598218
698358
617272
601416
862784
1.49054e+06
1.28765e+06
1.09843e+06
1.85901e+06
-899955
-896362
-1.9254e+06
-866742
513152
424609
83900.3
713870
