122598
139562
411084
89048.1
-245617
-177325
220346
-385181
-61917.1
-14003.5
330608
-144854
-167328
-127814
102981
-257204
-261013
-206441
48231.8
-385309
-111875
-32181.8
593048
-282517
128589
154130
419348
107523
-212131
-138227
291651
-350452
-41778.7
2040.71
373783
-138697
-161649
-127037
136557
-270895
-273687
-208436
89368.4
-402718
-82517.9
-8208.8
691821
-274971
150583
167556
429738
122684
-179292
-104329
372156
-323713
-46066.6
-8099.91
382449
-150024
-178081
-132822
146782
-286711
-275552
-207457
114509
-411563
-86144
-1457.35
759477
-286829
143734
153132
403047
125098
-195625
-135128
357105
-341796
-50006.6
-10076.3
404447
-151244
-198332
-158178
129716
-309503
-271670
-211366
120065
-401649
-72496.1
5691.5
810235
-274872
173950
172814
409410
162211
-184996
-132706
348565
-347646
-37976.6
-5375.43
416533
-143933
-201112
-168530
97356.6
-309515
-229173
-166816
172791
-355802
-78850.9
-920.653
829241
-300202
169595
175962
386710
166611
-230474
-175507
289596
-390827
-50039.8
-9961.72
412692
-158369
-221567
-181929
76388
-336477
-224542
-164042
185627
-347308
-99810.2
-19625
822951
-323372
196267
189360
384840
198044
-248659
-175441
254997
-402801
-45804.3
5576.24
409104
-140291
-222670
-169090
96713.1
-323223
-243226
-197417
144340
-387593
-130210
-33866.2
802842
-346887
207602
200231
415544
204575
-197783
-131669
360915
-354211
-31718
4886.11
415271
-140714
-217345
-175141
123937
-343471
-304733
-254896
95835.6
-458034
-132971
-42082.8
837698
-367106
203802
191852
401010
195478
-187056
-117354
395048
-348776
-61449
-25175.8
368142
-169477
-259922
-200232
105741
-381480
-363987
-302311
4963.89
-513270
-173164
-70613.8
805500
-404813
197558
196985
423859
192622
-166750
-92361.6
459675
-333188
-80085.5
-29814.5
361005
-184352
-255339
-184735
134789
-375950
-402933
-332475
-49554.8
-555435
-171869
-63379.4
823716
-409763
198356
187511
436959
188499
-155048
-90707.7
492774
-328230
-80637.8
-45489.6
342830
-182538
-235400
-180797
159012
-349558
-414662
-346077
-68439.5
-562219
-187444
-84424.3
824853
-430200
179429
173960
415117
149105
-172526
-111802
467698
-362727
-113717
-72464.3
267821
-223859
-261850
-204386
112112
-398474
-460969
-398855
-160551
-626019
-225069
-119103
757677
-473457
186861
188985
467998
168441
-200870
-121441
469743
-376855
-108002
-64474.7
286410
-212509
-241679
-180285
165945
-374550
-499322
-423906
-178727
-669954
-238137
-131764
728992
-493402
190127
205026
478603
179342
-167079
-84643.5
529851
-335934
-108856
-68935.1
276408
-213625
-235805
-177743
189115
-377885
-516773
-429434
-175857
-682226
-253416
-146660
724370
-513669
211761
213758
488590
199968
-154726
-73727.2
553515
-324078
-140831
-100768
219046
-242334
-262578
-196678
176582
-401584
-515449
-427245
-176152
-681794
-286519
-175416
684810
-544650
216644
218815
488947
199366
-145713
-72445.2
557327
-319831
-153177
-111684
198317
-267421
-251809
-182882
197130
-400397
-496492
-414587
-155962
-665311
-285895
-173721
687736
-551081
237577
237204
534629
222315
-151670
-83323.3
546764
-339785
-167736
-126990
179503
-273293
-245882
-183781
214288
-386172
-484682
-397229
-132509
-652484
-321576
-210161
653502
-596863
254312
257129
562923
238371
-166403
-99362.6
525777
-354111
-175836
-134538
139998
-280641
-247734
-183695
211567
-399356
-471435
-390112
-113431
-637622
-344386
-231027
607742
-616051
255805
256277
575748
241281
-184716
-101451
516328
-365020
-181973
-130810
129260
-285245
-231415
-167509
256388
-378622
-468125
-398328
-94828
-658291
-361234
-242120
596972
-633534
239070
245613
544358
221211
-155945
-74794.9
558553
-332533
-171757
-123300
141503
-281149
-231975
-169643
274253
-391548
-516618
-436632
-124852
-705057
-366564
-242576
600560
-642009
245826
242847
553438
220436
-142146
-63938
590279
-326953
-173501
-127391
149775
-286184
-252412
-178679
289789
-411844
-550178
-470891
-173041
-743416
-361166
-238318
631818
-634541
238815
245411
579285
216780
-106920
-22981.7
666365
-282066
-168915
-119014
183023
-276361
-237864
-160102
327690
-392825
-577450
-494920
-208904
-770206
-341638
-217780
669303
-615756
250193
249589
609392
230283
-80448.2
-11932.4
699734
-254470
-158885
-123698
183911
-263412
-224108
-157814
336166
-369525
-589194
-504993
-224266
-779791
-336199
-216312
694991
-610095
249848
260171
624364
212448
-81867.4
-6998.94
697805
-271821
-171633
-121462
161457
-283294
-224221
-150710
329797
-389005
-615954
-529250
-263945
-821807
-333921
-207046
688668
-610452
247219
262246
633418
224483
-82447.2
3333.3
742424
-254938
-159448
-113583
190516
-262530
-194111
-120436
390200
-345255
-622395
-519072
-224827
-825371
-311190
-192086
732350
-596766
277219
296237
653514
266926
-40414
43319.5
793838
-204829
-165522
-120648
157929
-269295
-177856
-109386
403629
-340673
-603410
-497303
-199215
-799768
-295028
-178243
782575
-590670
306943
311520
651361
287705
-1079.04
75104.6
848943
-178779
-169432
-128247
140046
-278090
-165138
-92807.1
441700
-324720
-579080
-476863
-175640
-778519
-288972
-164655
837634
-589028
307816
307278
656773
299772
-7838.99
64855.8
858867
-176787
-194645
-154306
115317
-297640
-166621
-94615.1
451857
-321301
-554751
-460416
-148567
-739538
-272339
-148236
893194
-572648
291386
286895
607459
269131
-16439.5
48787.5
810482
-213550
-228266
-192267
27049
-342789
-158737
-97742.7
430621
-317169
-527367
-437539
-152621
-717957
-275538
-156179
901227
-596225
275992
284301
618884
261749
-55565.2
13397.6
800581
-249835
-269829
-225797
-33137.9
-380445
-184720
-118201
414150
-352919
-534414
-442937
-151697
-715004
-300206
-173276
902361
-616719
288651
279641
648852
263286
-72378
10161.8
812538
-268001
-264171
-218303
-5852.02
-368251
-180131
-118413
445730
-339224
-494014
-421486
-84038.2
-686765
-304870
-174025
918815
-615441
218908
219545
541010
191214
-72915.4
19982.1
816607
-260820
-296894
-254454
-62115.8
-408508
-220922
-161288
346863
-382661
-521838
-435128
-110147
-700516
-335174
-204990
884252
-657236
192636
191133
485718
165213
-47915.7
40831.2
872483
-245428
-344451
-306092
-132141
-466316
-250389
-182217
290970
-404522
-517168
-431465
-119280
-697380
-349977
-208006
884202
-665022
167422
174752
439422
146161
-38752.3
49565.4
879707
-235538
-365750
-308246
-141714
-490138
-243291
-172181
267180
-389351
-471282
-381748
-68469.1
-633283
-302369
-162683
943858
-614148
175993
187199
423221
171466
-6384.47
84851.4
915441
-193556
-350736
-292513
-111432
-460399
-219814
-149641
263672
-342530
-387268
-294073
35508.8
-529405
-274329
-134458
993394
-586013
184544
190106
413519
172518
16117.8
96055.5
930898
-175683
-353149
-297963
-132546
-477320
-203313
-143106
237903
-332287
-332731
-257530
86201.3
-473211
-261366
-134042
987202
-572137
1.06654e+06
1.0224e+06
1.89122e+06
1.10972e+06
406449
474393
1.68644e+06
223131
640863
671020
1.58466e+06
583930
-1.45103e+06
-1.27799e+06
-1.28765e+06
-1.76507e+06
93271.6
204777
1.56808e+06
-212935
-395878
-262450
716378
-710411
1.09376e+06
1.05527e+06
1.89149e+06
1.15015e+06
448761
510622
1.73479e+06
267099
700756
720017
1.65584e+06
636030
-1.45164e+06
-1.29064e+06
-1.27484e+06
-1.79264e+06
50030.6
160957
1.5275e+06
-258728
-421451
-286032
696206
-746418
1.13039e+06
1.07604e+06
1.90003e+06
1.18446e+06
459315
517977
1.74814e+06
272479
731199
741551
1.69504e+06
670342
-1.49347e+06
-1.31627e+06
-1.30104e+06
-1.82929e+06
7136.12
119299
1.45004e+06
-302954
-466017
-323837
645970
-792247
1.14139e+06
1.09074e+06
1.92441e+06
1.21387e+06
464447
533065
1.79053e+06
295252
751384
767198
1.74856e+06
708452
-1.50442e+06
-1.32122e+06
-1.28938e+06
-1.83783e+06
-38967.2
79992.2
1.39005e+06
-347021
-502425
-359678
606732
-832699
1.16666e+06
1.10122e+06
1.95772e+06
1.23607e+06
476662
524330
1.80307e+06
287954
774817
765734
1.75823e+06
720535
-1.51012e+06
-1.3406e+06
-1.29433e+06
-1.85026e+06
-65548.1
52937.5
1.36575e+06
-383294
-565152
-420557
546837
-915510
1.17972e+06
1.13327e+06
1.97837e+06
1.25139e+06
452965
518823
1.78848e+06
264993
764061
778607
1.75962e+06
716422
-1.52849e+06
-1.33805e+06
-1.28817e+06
-1.87863e+06
-100324
33333
1.33971e+06
-422105
-619713
-456376
480210
-964121
1.2043e+06
1.13982e+06
1.99644e+06
1.27487e+06
468161
540631
1.85161e+06
278387
810669
819026
1.84335e+06
768523
-1.50453e+06
-1.31765e+06
-1.23975e+06
-1.84562e+06
-100866
33816.7
1.37537e+06
-426521
-610946
-455856
489003
-966198
1.19828e+06
1.14414e+06
1.97919e+06
1.28631e+06
538564
616292
1.97907e+06
371732
841156
841460
1.88955e+06
795099
-1.49871e+06
-1.32289e+06
-1.25775e+06
-1.84704e+06
-75507
69974.6
1.42911e+06
-378190
-603230
-452305
532217
-959262
1.23e+06
1.16283e+06
1.97764e+06
1.31829e+06
609050
680067
2.09855e+06
433126
841179
829874
1.88957e+06
783165
-1.51728e+06
-1.33611e+06
-1.28471e+06
-1.85737e+06
-40536.3
99693.6
1.46988e+06
-349316
-606462
-445331
562358
-957886
1.22549e+06
1.14974e+06
1.95489e+06
1.30849e+06
655022
712465
2.17777e+06
469641
837572
837295
1.91518e+06
779171
-1.53555e+06
-1.354e+06
-1.32595e+06
-1.88575e+06
-7117.03
127811
1.50076e+06
-307659
-573853
-409643
619993
-932875
1.22098e+06
1.15723e+06
1.94053e+06
1.31408e+06
683501
749972
2.23515e+06
493026
841401
852277
1.94488e+06
780512
-1.5513e+06
-1.36775e+06
-1.36892e+06
-1.88663e+06
46256.1
191894
1.56524e+06
-235288
-565526
-405910
659474
-933768
1.24336e+06
1.17669e+06
1.97197e+06
1.341e+06
706695
758914
2.28888e+06
518204
860792
861080
1.99004e+06
793208
-1.55882e+06
-1.37344e+06
-1.37635e+06
-1.89778e+06
103848
231462
1.63568e+06
-176815
-575970
-422110
651255
-945535
1.26421e+06
1.19719e+06
1.97139e+06
1.36738e+06
697208
766615
2.27329e+06
514446
848120
865364
1.97921e+06
790987
-1.53533e+06
-1.34866e+06
-1.35752e+06
-1.86988e+06
127878
242174
1.66556e+06
-187696
-594868
-417818
638414
-970236
1.29028e+06
1.21792e+06
1.99889e+06
1.40272e+06
756291
813984
2.352e+06
575351
880993
888080
2.0025e+06
814375
-1.50428e+06
-1.33237e+06
-1.31751e+06
-1.8559e+06
116443
225578
1.68988e+06
-204668
-562997
-397899
724066
-957146
1.32417e+06
1.2446e+06
2.03768e+06
1.42263e+06
782415
840604
2.425e+06
586122
885110
888393
2.03293e+06
810407
-1.51913e+06
-1.33607e+06
-1.29382e+06
-1.86766e+06
83675.5
203734
1.67465e+06
-244808
-587148
-411246
769324
-996683
1.33514e+06
1.25802e+06
2.08605e+06
1.45215e+06
798464
854162
2.49004e+06
620219
878363
883721
2.04871e+06
824226
-1.51456e+06
-1.32873e+06
-1.27795e+06
-1.84211e+06
67130.6
182720
1.66536e+06
-255560
-584214
-402707
829310
-985687
1.36243e+06
1.264e+06
2.10034e+06
1.47764e+06
819050
854250
2.47722e+06
626316
889074
872097
2.0144e+06
823434
-1.47577e+06
-1.3188e+06
-1.27752e+06
-1.80572e+06
75580.5
190647
1.67169e+06
-244371
-582252
-413181
854666
-1.00374e+06
1.3114e+06
1.23349e+06
2.02891e+06
1.4207e+06
751881
794782
2.38381e+06
550174
812799
813601
1.90378e+06
744582
-1.53614e+06
-1.36203e+06
-1.36477e+06
-1.87613e+06
16722.4
136800
1.58634e+06
-317996
-650690
-465043
782580
-1.07856e+06
1.30895e+06
1.23325e+06
2.02356e+06
1.41441e+06
701527
767302
2.3014e+06
509618
798606
810487
1.88234e+06
731406
-1.53889e+06
-1.35396e+06
-1.36236e+06
-1.8804e+06
-16077.5
124005
1.56925e+06
-358957
-665069
-474918
759559
-1.1028e+06
1.30631e+06
1.24182e+06
2.04027e+06
1.41092e+06
749190
820549
2.38643e+06
569603
799114
810299
1.9083e+06
725137
-1.5414e+06
-1.36028e+06
-1.33698e+06
-1.89354e+06
-14493.6
135950
1.63302e+06
-358492
-653167
-460807
821307
-1.10079e+06
1.34237e+06
1.26314e+06
2.09339e+06
1.43708e+06
794493
855944
2.45635e+06
602512
802865
805011
1.91904e+06
718685
-1.57692e+06
-1.39035e+06
-1.36184e+06
-1.9405e+06
-726.199
143382
1.67777e+06
-360381
-646761
-445147
877541
-1.09949e+06
1.33989e+06
1.26517e+06
2.10991e+06
1.44929e+06
826666
881713
2.52024e+06
650525
787640
796769
1.92868e+06
708616
-1.5946e+06
-1.4096e+06
-1.37636e+06
-1.95415e+06
23706.5
170834
1.74125e+06
-323824
-608379
-413412
962248
-1.05994e+06
1.38059e+06
1.29364e+06
2.1744e+06
1.47879e+06
846844
887460
2.53687e+06
646034
783070
782414
1.91321e+06
690918
-1.60941e+06
-1.43036e+06
-1.40769e+06
-1.97295e+06
65073.6
208294
1.81827e+06
-293755
-618162
-428000
977851
-1.08789e+06
1.41385e+06
1.34536e+06
2.28118e+06
1.5221e+06
852032
905411
2.58961e+06
668252
769471
782873
1.94637e+06
676019
-1.62277e+06
-1.42985e+06
-1.38966e+06
-1.9892e+06
92413.2
243900
1.92211e+06
-261342
-622434
-422443
1.00757e+06
-1.08578e+06
1.4565e+06
1.3909e+06
2.33432e+06
1.57793e+06
867596
926197
2.61086e+06
684086
788749
816142
1.99099e+06
696212
-1.62148e+06
-1.41919e+06
-1.37074e+06
-1.99541e+06
128847
275877
2.00465e+06
-237784
-622161
-411925
1.01264e+06
-1.09233e+06
1.5132e+06
1.4422e+06
2.39435e+06
1.64028e+06
927474
985467
2.70441e+06
759065
817310
835677
2.04652e+06
718700
-1.60999e+06
-1.41775e+06
-1.34263e+06
-1.99387e+06
145713
291852
2.05914e+06
-221131
-594011
-384989
1.10398e+06
-1.07644e+06
1.57283e+06
1.48538e+06
2.44966e+06
1.69851e+06
977331
1.02714e+06
2.77333e+06
798939
832374
848879
2.07686e+06
729785
-1.62161e+06
-1.41745e+06
-1.33571e+06
-2.00273e+06
162510
309042
2.08135e+06
-204078
-578589
-359542
1.18285e+06
-1.06315e+06
1.61002e+06
1.51991e+06
2.51987e+06
1.74041e+06
999831
1.03845e+06
2.82488e+06
820308
845103
863119
2.13099e+06
745260
-1.62323e+06
-1.42633e+06
-1.3224e+06
-2.01427e+06
172321
311703
2.1012e+06
-197287
-536043
-321438
1.28626e+06
-1.03181e+06
1.6309e+06
1.53604e+06
2.54874e+06
1.75621e+06
995701
1.02934e+06
2.8006e+06
802928
844717
853199
2.12359e+06
731890
-1.63877e+06
-1.44472e+06
-1.35036e+06
-2.02475e+06
194883
338986
2.12652e+06
-171038
-527845
-316306
1.33686e+06
-1.03238e+06
1.62771e+06
1.53565e+06
2.57122e+06
1.75006e+06
953010
984765
2.7534e+06
756347
805277
821189
2.09271e+06
685701
-1.68427e+06
-1.48638e+06
-1.40387e+06
-2.0917e+06
179619
314226
2.11401e+06
-193706
-541349
-324259
1.34219e+06
-1.05106e+06
1.60975e+06
1.51517e+06
2.54092e+06
1.73759e+06
909537
958782
2.70123e+06
711674
785043
814043
2.06922e+06
675833
-1.70153e+06
-1.4962e+06
-1.41142e+06
-2.10009e+06
175749
314558
2.12451e+06
-208452
-534881
-325873
1.36496e+06
-1.04731e+06
1.60367e+06
1.52276e+06
2.51986e+06
1.74161e+06
933838
991815
2.75975e+06
742901
786045
810993
2.05627e+06
679032
-1.72008e+06
-1.51916e+06
-1.43081e+06
-2.1261e+06
163588
312420
2.15164e+06
-212569
-542050
-332975
1.38153e+06
-1.05684e+06
1.62178e+06
1.52075e+06
2.5147e+06
1.75457e+06
955375
1.00556e+06
2.81089e+06
755157
760718
778479
2.00704e+06
648332
-1.77477e+06
-1.56693e+06
-1.49676e+06
-2.17887e+06
156095
300634
2.13833e+06
-230454
-560265
-346662
1.37673e+06
-1.07325e+06
1.61837e+06
1.52422e+06
2.51261e+06
1.75224e+06
958439
1.01199e+06
2.8411e+06
755665
757086
785393
2.00844e+06
645701
-1.80063e+06
-1.58392e+06
-1.53691e+06
-2.21487e+06
174484
324996
2.17152e+06
-200813
-540668
-321570
1.42239e+06
-1.05947e+06
1.61718e+06
1.52026e+06
2.51451e+06
1.75174e+06
948418
990575
2.82064e+06
730924
761621
781702
2.00673e+06
654823
-1.82262e+06
-1.61287e+06
-1.57659e+06
-2.2229e+06
214090
362498
2.23096e+06
-160836
-544768
-330762
1.44391e+06
-1.0706e+06
1.608e+06
1.52362e+06
2.52156e+06
1.73207e+06
898400
951767
2.77519e+06
669731
733159
764310
1.97047e+06
617326
-1.86444e+06
-1.64273e+06
-1.6422e+06
-2.28349e+06
217806
369188
2.25561e+06
-164897
-574182
-350130
1.41332e+06
-1.10563e+06
360871
255186
-371884
593250
150568
75857.7
-547772
330076
975838
954145
1.97476e+06
970699
-350491
-297376
-51116
-468990
571869
485656
479160
693330
328145
221729
-453260
567529
324123
232953
-450028
562689
152749
84218.5
-549672
332753
970552
947739
1.95818e+06
955639
-380069
-320514
-109320
-504917
504456
436739
416390
623643
316678
216720
-486563
559022
328921
228445
-472676
571308
158567
90024.6
-522732
336674
953946
928822
1.93425e+06
940847
-403182
-340690
-160723
-514682
465615
399386
355989
581228
313819
213874
-508684
571122
318102
214067
-537745
565887
144892
71840.6
-564188
316778
950467
930743
1.92919e+06
926080
-407627
-351868
-220239
-526489
453224
389457
317894
572057
332103
222538
-536810
589200
335963
231517
-525975
589561
144872
71581.8
-556314
309387
952703
936808
1.95447e+06
935392
-409179
-350781
-242529
-512465
454021
391163
320020
570152
322094
216139
-564834
578320
353167
244193
-516082
592630
147100
70513.4
-543830
296660
974533
956018
1.98439e+06
942200
-389748
-336801
-234779
-506151
449788
381548
315146
552738
335460
219474
-575953
594950
344724
239831
-501115
588191
136102
71982.1
-507903
305672
994304
980331
2.05443e+06
970151
-386727
-336654
-210392
-504843
434296
376628
334962
521745
339278
224008
-588956
591387
359044
261628
-481967
608401
205097
135928
-412151
376066
1.02433e+06
1.01123e+06
2.09953e+06
997738
-395855
-342444
-216501
-519432
460516
404452
431581
548614
383806
267163
-496761
633208
393447
284577
-441013
634440
255930
186209
-316475
425712
1.04424e+06
1.02556e+06
2.13515e+06
1.0107e+06
-423027
-366924
-243118
-545643
463985
408197
469510
540857
398276
281972
-437525
647995
402658
295284
-411522
657364
277607
207000
-255149
459193
1.05659e+06
1.03607e+06
2.17781e+06
1.03338e+06
-441918
-384586
-269864
-556608
470401
414471
510508
556532
417568
298033
-395375
670205
418855
301078
-410210
674516
298398
209958
-274565
473255
1.05869e+06
1.02629e+06
2.14193e+06
1.03729e+06
-450207
-405491
-341556
-554314
487075
427424
517176
567503
401152
278621
-428817
645849
408763
310563
-407978
659028
283382
206508
-292891
454331
1.03268e+06
1.01885e+06
2.10723e+06
1.00491e+06
-505235
-444931
-432010
-625155
458699
413063
503921
530460
380021
265638
-460811
621456
441148
328701
-344549
694057
264280
185529
-305170
432986
1.07341e+06
1.06268e+06
2.19234e+06
1.05048e+06
-479944
-422660
-360113
-606693
459135
408295
546902
523166
372023
257959
-457111
609173
421076
324443
-382661
681471
243165
171462
-337523
424104
1.07895e+06
1.06073e+06
2.20821e+06
1.04877e+06
-515531
-462199
-397788
-657121
416178
372078
473728
497496
351626
243199
-469469
595621
447540
335270
-377905
712937
240037
167340
-351668
422517
1.08203e+06
1.0608e+06
2.24047e+06
1.04478e+06
-540957
-474238
-401483
-676140
403513
360090
418785
490502
342811
233996
-485284
595548
440522
328385
-428694
702698
221858
150921
-412062
396652
1.08494e+06
1.08085e+06
2.27283e+06
1.04899e+06
-536956
-463804
-406464
-680913
429760
383285
402523
527507
362382
253939
-506366
610720
452153
340219
-438421
736837
212184
134376
-454572
396512
1.1097e+06
1.09302e+06
2.29087e+06
1.08924e+06
-520510
-452690
-381723
-640593
466928
425146
403654
590566
360470
250540
-520456
620325
477047
352765
-438798
747070
189891
101148
-525447
360401
1.12576e+06
1.11038e+06
2.305e+06
1.09612e+06
-510767
-444765
-382040
-652636
497984
433182
392122
616833
375022
256201
-535425
630582
481674
351588
-414173
762469
186869
111529
-500081
366857
1.19044e+06
1.18242e+06
2.42654e+06
1.17991e+06
-473892
-401876
-286312
-605251
526720
458971
442111
644263
388411
283928
-480551
641316
439769
328512
-463203
724949
189963
118441
-469786
368854
1.23035e+06
1.21184e+06
2.48863e+06
1.20702e+06
-477554
-415113
-277043
-629749
502411
447342
431053
624013
398806
291414
-422320
639149
437753
319120
-499195
723042
211273
140380
-416198
389696
1.24147e+06
1.2173e+06
2.50955e+06
1.22164e+06
-501531
-429214
-285977
-648005
504060
446016
422494
627180
399508
297147
-387619
643224
407453
288587
-550628
689445
184787
117170
-441354
362585
1.25686e+06
1.23826e+06
2.54865e+06
1.24214e+06
-521310
-443223
-298849
-674624
499054
439202
396879
628291
415947
315497
-351217
660924
405236
286959
-578848
706779
202085
127487
-432591
378269
1.28121e+06
1.25486e+06
2.57388e+06
1.27483e+06
-534109
-466722
-330401
-678786
512845
458468
397592
654099
423051
315901
-335466
664848
426885
305728
-585491
730513
195057
114821
-457361
370789
1.30856e+06
1.28256e+06
2.59771e+06
1.30389e+06
-536089
-458546
-339425
-685110
543228
480262
413024
690577
419992
315138
-352030
662612
437978
300788
-593263
746128
172191
95163.1
-505450
348442
1.3354e+06
1.30378e+06
2.63439e+06
1.34137e+06
-507399
-435844
-273988
-647783
563305
490802
430268
703137
431022
320122
-344355
686898
414109
292812
-631137
728965
179137
105800
-497842
354545
1.33503e+06
1.29763e+06
2.61463e+06
1.33227e+06
-528320
-458779
-303685
-683673
559874
489337
428524
699934
439234
325320
-336479
693080
429579
297609
-652437
751089
197655
121052
-482767
379417
1.3356e+06
1.29455e+06
2.58968e+06
1.34736e+06
-553426
-474748
-338494
-695399
575512
504626
430489
721875
450991
338957
-332891
714906
418413
287978
-694938
744873
184704
102806
-507595
365339
1.33963e+06
1.30449e+06
2.58366e+06
1.35091e+06
-559179
-481030
-365958
-710296
602605
533291
457735
757224
461304
343401
-342447
725921
409350
276992
-744765
742162
157732
74988.7
-580210
328960
1.33798e+06
1.29891e+06
2.56573e+06
1.34769e+06
-565231
-488129
-396900
-707632
641296
570777
488151
807510
443605
327006
-384536
703532
423355
286580
-743468
757060
143456
62880.9
-594918
322401
1.34526e+06
1.30644e+06
2.57486e+06
1.36176e+06
-572089
-494159
-412567
-714391
668055
590108
514235
836924
437527
319072
-405595
710812
458741
318467
-688181
800608
153762
84250.4
-567338
344548
1.40994e+06
1.38264e+06
2.67931e+06
1.4475e+06
-516933
-438784
-308306
-647660
714231
627151
592226
878802
447366
330678
-424051
724246
438900
310589
-739430
786592
176762
106774
-558015
375626
1.474e+06
1.44132e+06
2.75233e+06
1.50813e+06
-512077
-437698
-314321
-661730
710682
626093
575529
877992
461207
350395
-421684
744051
463826
327680
-746795
810218
209026
138973
-519077
404197
1.525e+06
1.48189e+06
2.81505e+06
1.56238e+06
-517013
-438317
-309408
-656193
721635
634346
570865
890959
485428
373886
-403103
785532
468209
318776
-759050
824318
216667
133517
-513603
422025
1.57757e+06
1.51985e+06
2.88717e+06
1.62839e+06
-500078
-434485
-302085
-637844
742718
644497
582674
920048
536770
407817
-386099
847605
470207
317986
-786941
825474
222189
131721
-542994
411193
1.61204e+06
1.55114e+06
2.90768e+06
1.65097e+06
-512430
-449809
-339358
-657954
751679
656388
571194
929980
537210
398421
-424705
841297
472087
320366
-787752
832743
206586
111830
-561006
399735
1.63998e+06
1.57536e+06
2.96265e+06
1.68733e+06
-517438
-446206
-325723
-661407
755695
654211
566996
937218
540486
401000
-457633
868429
281354
288414
760019
237650
291380
284405
595487
287209
5625.74
35739.3
325410
-55369.3
-699539
-602855
-416749
-896474
274346
257322
504593
273798
743019
768298
1.98757e+06
624452
268980
287189
749809
238743
305906
303241
635184
307087
-1518.87
25001.2
309291
-65529.7
-699920
-605245
-391642
-910446
250495
238629
486868
257431
742082
767909
2.03166e+06
617357
286423
297138
759178
251700
305566
306467
647317
303528
-43946.7
-17829.7
246465
-111996
-735508
-629977
-402541
-945760
224304
218270
432570
231988
715395
747043
2.03344e+06
586262
292671
301617
762784
248527
315922
309922
660390
304355
-73235
-42171.8
212194
-152188
-723086
-613919
-376184
-941517
232987
218587
420917
235223
714898
749606
2.05639e+06
568086
316746
327658
814896
282067
320785
319616
673091
308102
-85524.6
-53243
198186
-157728
-685128
-581788
-309811
-891503
250640
247640
453965
261896
699404
741850
2.08366e+06
546608
313797
323268
808266
270077
311415
300498
658841
288485
-108920
-77139
145540
-186813
-701586
-597674
-336333
-924102
256130
241116
442809
266432
677851
716245
2.06338e+06
515903
322009
335134
822015
287459
282874
288360
646442
274668
-93802
-54841.8
191501
-168769
-695888
-593910
-312811
-913289
263207
252019
461695
271950
689352
731527
2.08687e+06
532742
323717
348859
828270
290113
306691
309048
674157
298925
-95146.9
-60003.7
213065
-188947
-737273
-635121
-358249
-975556
243165
237845
454531
249310
690181
730187
2.11923e+06
519902
377066
393550
894402
346936
337020
340413
728719
330413
-84409.5
-43656.1
266373
-177358
-779886
-661998
-402896
-1.00796e+06
249405
247761
463143
259829
692271
743639
2.16086e+06
526372
376663
383545
890423
345989
321926
320189
714046
314984
-72921.8
-27795.7
325527
-166056
-811363
-700273
-463853
-1.04875e+06
259112
248199
450196
277710
713289
760324
2.20124e+06
544632
385859
394156
884507
359400
329192
324387
687335
316746
-70242.6
-30611.4
332586
-170865
-834114
-724986
-530209
-1.05931e+06
288465
276733
459317
312679
707296
755858
2.20726e+06
526796
395367
399998
894985
366222
320130
307301
671472
312999
-73455
-31181.3
343125
-177798
-865229
-759148
-598615
-1.10107e+06
287259
267633
437153
314484
708268
752704
2.21765e+06
529720
404249
405546
894226
393481
303847
299958
618173
298144
-53223.2
2192.74
382439
-147130
-862888
-740037
-593074
-1.08593e+06
296993
274864
447546
311404
714794
769236
2.23433e+06
538663
426822
431993
903034
420700
343194
333892
672485
341206
-8560.23
36640.9
433725
-104382
-845037
-731694
-582906
-1.07277e+06
295183
270539
470733
308479
759008
812958
2.31965e+06
581580
459791
450892
925005
448345
362104
353746
714295
351088
16791
59404.7
474536
-75676
-845350
-724413
-579289
-1.06132e+06
286889
264372
460904
295716
795440
852387
2.39416e+06
624159
478112
478624
964657
487499
370325
364764
756567
374267
43509
83922.3
521986
-37920
-824148
-704722
-570118
-1.02946e+06
305846
286711
501247
323623
853237
904389
2.48285e+06
686622
504944
489694
980881
510528
375448
350287
727863
363564
60799.2
80494.2
501820
-30556.9
-793428
-692298
-572614
-988757
337081
313742
546194
353617
874659
916666
2.51967e+06
704605
505971
501332
989867
509837
335333
324051
688112
322588
18645
55390.5
457833
-69030.6
-806790
-696229
-600623
-1.01125e+06
325947
304642
543772
335471
878857
930428
2.52848e+06
717228
526251
519999
1.02084e+06
534050
331519
340422
700262
338145
40662.9
75352.1
480410
-30305.9
-780698
-673201
-551131
-973601
345557
345627
620384
364717
912878
954871
2.55399e+06
748202
541556
544164
1.04671e+06
559645
391211
402125
767564
415484
54182.8
85984.9
476410
-12633.9
-775315
-675367
-550637
-980939
398009
397219
714499
421051
936731
980495
2.60074e+06
773213
576944
567643
1.05887e+06
589158
471077
468658
846393
494274
61327.4
82737.9
446025
-5475.83
-794863
-691371
-573914
-999693
453097
447506
785188
473872
959593
1.00307e+06
2.63904e+06
795659
574524
554633
1.06643e+06
588247
490876
467111
869620
519163
52164.7
69478.2
434155
-15304.6
-824122
-724129
-596778
-1.03651e+06
493663
472444
854328
515782
983307
1.01002e+06
2.67482e+06
814414
596460
573202
1.08954e+06
603154
519521
489060
884233
520711
54797.2
72314.4
425015
-21793
-839736
-743293
-625358
-1.06128e+06
548783
526935
936932
564498
975411
1.0007e+06
2.67664e+06
788406
608243
593098
1.13904e+06
630520
519081
492052
932938
539575
60331.1
78166.4
450713
-7928.79
-857996
-754758
-625763
-1.07421e+06
585095
567274
1.02578e+06
621298
960152
990350
2.68136e+06
788945
615885
596505
1.16209e+06
632571
505683
491303
923081
527113
44069.7
72885
427532
-15504.7
-852966
-740491
-598568
-1.07072e+06
607637
576518
1.06533e+06
628836
950826
1.00175e+06
2.68416e+06
780630
621531
611862
1.19468e+06
637848
550355
541939
1.01841e+06
571411
44527.2
71719
406637
-16469.2
-845881
-729562
-561448
-1.07538e+06
589693
569097
1.05133e+06
614427
990303
1.04438e+06
2.77006e+06
816683
627045
615025
1.20121e+06
639646
590199
580413
1.09011e+06
610509
33362
58399.9
353099
-15439.7
-849860
-724672
-540568
-1.06866e+06
598111
576277
1.04255e+06
628089
1.02932e+06
1.08242e+06
2.84377e+06
864968
615092
593900
1.20528e+06
608691
606493
578773
1.13106e+06
614501
17384.9
29554.9
314439
-47123
-835604
-720926
-523658
-1.06917e+06
602325
564630
1.02899e+06
621984
1.06379e+06
1.105e+06
2.89443e+06
886408
563654
552575
1.14705e+06
548559
570898
550983
1.0694e+06
565295
-34504.7
-13080.8
222648
-103410
-843265
-725997
-550338
-1.06581e+06
574688
548757
967547
599909
1.04708e+06
1.09645e+06
2.88349e+06
870970
537499
523178
1.11713e+06
518743
553407
523218
1.05267e+06
544371
-62968.6
-45830.4
155351
-125605
-856195
-746263
-587595
-1.08902e+06
553906
514543
910391
580683
1.05302e+06
1.09303e+06
2.87704e+06
881119
539516
535730
1.13862e+06
521182
523686
523430
1.05456e+06
519151
-55278.1
-22408.2
179383
-110746
-843979
-718208
-551442
-1.06679e+06
547066
517906
911169
568016
1.06262e+06
1.1106e+06
2.88727e+06
892669
522464
529318
1.13131e+06
505627
556497
558467
1.13098e+06
558872
-50486
-21192.7
182651
-112726
-842564
-724202
-544831
-1.08128e+06
527891
505858
909342
552268
1.07375e+06
1.11961e+06
2.91548e+06
899240
550777
544679
1.15165e+06
527115
601920
596868
1.21285e+06
593216
-39633.3
-18413.1
208073
-106029
-848278
-726704
-523003
-1.08341e+06
536705
513818
923823
558006
1.0896e+06
1.13177e+06
2.95832e+06
913277
534856
532154
1.13965e+06
516063
597376
589260
1.21728e+06
592609
-53204.1
-25702.6
209565
-116221
-868442
-739870
-545080
-1.09851e+06
542940
514609
918240
571447
1.10428e+06
1.14976e+06
2.98113e+06
937320
537213
521940
1.12225e+06
520787
596241
572512
1.18621e+06
578710
-58538.5
-42501.4
158885
-117617
-874094
-765727
-601500
-1.10109e+06
563553
535211
915029
605508
1.10337e+06
1.13172e+06
2.95367e+06
931868
520375
512228
1.1034e+06
496979
555920
534103
1.13948e+06
531121
-73882.8
-54168.6
134628
-133874
-908556
-789912
-648805
-1.1441e+06
569717
532282
905656
606500
1.08559e+06
1.12197e+06
2.92133e+06
920729
-648288
-564533
-397685
-832449
-46575.7
-28248.2
160542
-101627
109215
78829
-82988.9
170518
507097
408737
92078
697224
-95455.9
-110039
-220766
-95129.2
-247898
-217536
-118199
-327940
-683120
-589116
-424237
-875118
-79466.8
-59373.6
155547
-150609
93789.9
71979.2
-95389.4
155641
459911
365128
19036.7
643656
-159672
-161714
-272938
-167511
-299717
-248439
-136759
-390500
-715128
-618460
-456019
-909093
-103764
-69978.1
144833
-171531
91632.6
63411.9
-112214
149543
427209
344467
-26283.9
604778
-210941
-201886
-355296
-226640
-321884
-277035
-157586
-429601
-729822
-638448
-486762
-929762
-82965.5
-54783.8
186111
-152604
67507.5
40945.7
-128534
115287
411832
330316
-38782
590218
-225156
-220559
-392710
-231659
-314955
-270506
-150576
-403943
-768530
-668194
-515269
-976859
-98996.4
-59643
205314
-178781
19268.7
-632.861
-157898
53339.9
414069
336788
-12516.5
582823
-255551
-246137
-413519
-280006
-344774
-290098
-151995
-454451
-747044
-649543
-480413
-950550
-42397.4
-3818.38
310114
-120618
1913.43
-18089.2
-161975
28376.9
427365
347132
39225.3
595264
-255811
-249324
-384426
-284200
-294835
-242248
-58890.7
-392596
-761869
-662628
-494264
-973846
-33713.4
-717.006
318040
-116667
3946.36
-2611.35
-146903
38547.2
432906
346592
19463.8
605060
-276986
-267717
-399754
-313553
-323128
-269590
-100908
-434060
-743328
-642508
-459736
-956396
-7719.48
20345.6
337604
-83475.4
73375.8
60188.2
-70991.4
123132
455722
364162
23770.1
638120
-269878
-256099
-361047
-302001
-316605
-256496
-93152.8
-423539
-766810
-666476
-480102
-973806
3411.08
32425.1
335985
-61528.9
110042
81527.3
-52766.4
169873
468535
375345
18931.4
651139
-277093
-263469
-375655
-321862
-305695
-260541
-87993.8
-417415
-818504
-715074
-549481
-1.03465e+06
-9592.61
14239
298695
-68712.4
102806
74739.1
-84226.3
165371
450407
363594
-3380.68
639626
-320162
-301422
-404831
-361740
-340118
-287579
-139140
-431957
-818643
-705992
-555822
-1.02647e+06
29011.2
63119.9
310574
-7926.67
127627
103461
-72797.4
202086
493117
413200
36730.7
699900
-313186
-280630
-407803
-349360
-334778
-273899
-153968
-426105
-836113
-733995
-601521
-1.04829e+06
69621
92662.8
325533
31838.2
138034
103548
-92017.9
209164
514446
420485
40736.4
715090
-294294
-276964
-376300
-336658
-323779
-270230
-172480
-405582
-839674
-738531
-611449
-1.05451e+06
89239
95390.8
354805
44077.5
136532
98719.9
-80815.2
210124
507570
405162
18998.5
707630
-329824
-307331
-413612
-373719
-338684
-296696
-198655
-437355
-813748
-699001
-537712
-1.02826e+06
89326
99586.8
376824
42581.3
176854
143678
-12501.6
258644
494465
395398
-11331.4
699269
-348444
-316441
-422652
-387736
-348420
-285167
-158479
-449817
-825895
-720062
-533245
-1.05218e+06
60468.9
82010.2
346453
13237
177187
129072
-36078
246812
470276
379482
-51545.3
668711
-387214
-348013
-501425
-435200
-358872
-310246
-153255
-487086
-814328
-698032
-499854
-1.03225e+06
87079.5
104777
410558
42308.3
171937
140591
-7752.72
245000
473562
391893
-27702.3
685864
-403815
-358116
-527567
-437307
-352314
-290926
-121013
-452030
-771787
-663608
-426267
-992782
133648
154899
475765
100455
202561
165782
68266.2
268353
549660
463991
78788.7
767725
-367769
-327914
-499314
-398183
-318845
-256392
-46817.5
-427887
-760031
-649152
-384626
-988175
164906
184659
541211
119932
188933
156827
84092
243950
572211
480472
155607
776318
-349066
-315324
-457207
-390341
-287887
-225640
18692.4
-396060
-798787
-685503
-409249
-1.04316e+06
147823
156594
544423
87505.2
176619
145479
68655.1
232486
577732
468137
156838
773229
-347158
-325481
-438751
-404285
-307153
-258143
31252
-450484
-816277
-685799
-383565
-1.06336e+06
122963
139156
543020
57500.5
185171
162897
64688.2
256965
555760
449931
117847
755798
-336856
-304286
-373109
-390613
-352659
-278305
32852.2
-498679
-833926
-706795
-375112
-1.09568e+06
104780
127055
526737
34718.2
206428
167433
39190.7
279721
540644
443845
90073.4
731891
-332228
-293596
-367651
-393385
-365748
-297638
39013.2
-538755
-851062
-716542
-384515
-1.10567e+06
91011
121191
517400
31068.9
211702
176132
-102.53
305082
551892
461663
106100
760204
-293355
-258226
-306051
-337449
-383929
-310406
29130
-535590
-861509
-723242
-363538
-1.12549e+06
101258
138005
553614
41865.7
202256
169320
-26095.8
301563
586344
495193
157546
797201
-275243
-238174
-255887
-327512
-396008
-312212
62463
-562945
-856055
-724427
-381118
-1.12057e+06
125207
148800
564944
58326.4
213228
165827
-75762.2
314035
599223
495127
146675
809977
-234956
-212981
-206045
-287553
-398520
-323757
51149.3
-567259
-869422
-735124
-388495
-1.13826e+06
109901
130679
547918
37472.4
208524
160855
-75847.8
312710
613704
499200
154815
829618
-243769
-220124
-194581
-305940
-427530
-352069
25385.8
-609355
-862979
-723129
-358975
-1.13097e+06
78870
100532
514629
4447.7
225833
181084
-62663.1
340530
606990
494191
124694
829936
-237606
-207990
-158716
-294478
-447234
-356339
22790.1
-625194
-869392
-732698
-358127
-1.14356e+06
49368.8
78802.1
472756
-26153.8
234124
177792
-84323.2
344987
602168
489885
101805
815624
-240892
-211201
-177004
-309738
-457103
-378056
1731
-655076
-898403
-759492
-404556
-1.17482e+06
22080.1
52153.4
427988
-49953.6
213956
160938
-123265
324461
587437
485034
83759.6
814118
-239340
-205386
-172784
-292403
-485903
-399044
-47000.7
-662823
-902953
-759974
-389703
-1.18325e+06
11402.8
49872.9
406905
-56948.3
201855
148284
-127254
311349
618382
511013
110314
846236
-224002
-191856
-148694
-284816
-478489
-386787
-13316.9
-665738
-887528
-749799
-385850
-1.16058e+06
24721.2
57147.7
412691
-50367.2
187140
133500
-172656
296340
629605
517039
116801
863162
-200079
-179527
-113733
-262731
-456759
-367224
5873.23
-631047
-910511
-776965
-418585
-1.19592e+06
12901.9
39467.9
394849
-72264.2
192150
139949
-137814
297684
627183
504503
101705
851181
-229466
-196577
-111640
-294684
-485971
-402862
-43127.1
-678088
-917765
-776506
-402534
-1.20736e+06
-1618.57
28210.7
406758
-91619.1
218777
167706
-86218.9
328952
610209
494270
78887
835073
-226724
-187344
-64808.5
-296288
-492283
-397660
-30179.3
-684281
-947291
-801675
-424077
-1.23695e+06
-21083.8
17452.8
391265
-113868
230846
180222
-74190.4
346177
591973
482451
64852.3
814003
-243510
-195568
-86540.7
-314564
-502814
-415717
-47018.4
-698271
-957082
-807789
-450309
-1.24134e+06
2188.5
41753.9
432294
-74004.4
257274
212816
-16095.9
371846
594667
495897
80522.5
835148
-234539
-182245
-75273.6
-288661
-488535
-393475
-54809.3
-654258
-941564
-791371
-413212
-1.2303e+06
34098.1
88358.6
493070
-42110.3
297066
252021
83355.9
404399
652392
555369
153819
893376
-182139
-126327
1908.48
-245007
-443333
-344393
18599
-616072
-932098
-787628
-411561
-1.22089e+06
101688
134435
583401
17553.9
301658
252803
117550
395711
695042
583367
231771
926853
-123904
-86177.9
109384
-196100
-395777
-311841
50591.4
-558750
-172844
-183805
-595459
-114601
91465.7
88357.2
165094
95277
371933
290332
-241657
582160
-102897
-134864
-508866
-34657.4
-291206
-291537
-567433
-297725
259890
211853
44987.5
352370
-128201
-151166
-555797
-67282.6
121831
109049
192445
125895
431566
332846
-222824
655890
-141243
-179047
-622653
-70024.8
-307502
-309324
-590642
-314663
272238
225071
49233
370317
-123926
-142792
-551476
-48858.3
141879
137650
219633
167437
456229
355196
-237277
702367
-187930
-217343
-724753
-113482
-342931
-336250
-646425
-356154
278866
223129
43028.2
377787
-134239
-164220
-597886
-68157.3
166279
147734
235358
189124
453823
338555
-280413
690994
-250873
-279442
-842287
-177190
-380782
-373445
-681343
-394336
264970
207916
-3640.19
373553
-127514
-154414
-614221
-48628.4
184681
173260
234482
221739
437037
325611
-325331
680890
-275761
-301150
-903312
-202463
-407528
-392591
-724997
-428773
272635
225671
12134
383516
-130589
-155493
-631892
-47155.5
223396
210661
284187
255701
411653
297988
-385168
649490
-324389
-346483
-960736
-260117
-428819
-418757
-725431
-460774
287338
237272
31848.8
400129
-132510
-184272
-664480
-60562.3
212343
185810
261195
236160
438833
318998
-329103
682141
-331512
-359914
-980799
-262144
-453258
-442014
-741976
-479870
253235
186978
-41758.9
357426
-180543
-221876
-737256
-115408
172890
148790
217809
189939
441027
323960
-331564
685853
-355323
-375662
-1.03196e+06
-283234
-482534
-464059
-784019
-511815
187160
140130
-151580
294700
-225935
-255710
-783000
-161773
143289
135443
180053
159735
453417
342280
-311101
702269
-360700
-376099
-1.03809e+06
-293924
-500634
-470714
-820098
-529082
144188
94877.5
-233802
244926
-260384
-284263
-807123
-201295
130389
121260
172710
150957
463527
355813
-268812
710904
-372442
-377753
-1.02855e+06
-293555
-517017
-484750
-836087
-534564
92494.5
52851.3
-319992
214481
-275817
-292791
-830535
-218823
117101
122433
159227
133372
487175
376651
-230670
730009
-342660
-342189
-998318
-266029
-521376
-483812
-873734
-547023
69287.3
34931.8
-386497
185029
-292493
-318866
-834686
-251630
152118
144241
223631
167195
493560
381454
-174131
724113
-313586
-331378
-923455
-246504
-506416
-484539
-831708
-538444
56830.2
15265
-420393
181584
-314593
-325007
-842687
-262385
150060
135874
236044
158313
475339
366365
-163709
707882
-319383
-337747
-919511
-259336
-511948
-480525
-833493
-539952
44860.3
-3725.04
-442466
154952
-281045
-287570
-787904
-226372
142079
126543
228405
147586
503314
398073
-138297
748065
-319021
-335468
-919229
-254885
-491004
-461779
-807167
-511766
50180.5
13912.3
-423741
164663
-273608
-285296
-766644
-222002
129054
118986
205733
133432
517683
397615
-155455
756159
-322275
-335024
-909159
-271210
-491892
-464082
-839884
-520444
46529
-7191.28
-438218
140764
-253671
-263745
-748711
-192960
134509
129949
232150
143770
506139
396025
-166121
743009
-314655
-312724
-856182
-258948
-475265
-437759
-817423
-486827
30951.5
-4152.13
-445224
146788
-227853
-250964
-726481
-169119
144062
135321
221630
156322
505124
387135
-153318
737469
-262419
-269384
-771733
-206724
-446800
-423215
-807112
-457478
47050.9
4946.92
-420598
155052
-230728
-250524
-743376
-165695
165656
154621
252035
176233
472320
365526
-193797
706692
-253338
-260566
-715632
-205396
-426838
-412890
-785490
-441013
48658.8
7631.1
-430511
164605
-240991
-249865
-740515
-180363
139748
134997
243275
148375
470411
367229
-193488
705253
-241901
-252048
-700304
-191734
-434989
-410014
-785251
-445875
35784.6
7446.54
-410877
139704
-223938
-227973
-700295
-162699
106560
104180
225899
97994.4
474605
375889
-199954
718201
-234590
-246450
-708463
-178911
-413194
-388351
-753687
-416499
41191.1
20644
-362932
137795
-226858
-237770
-696192
-169424
64428.7
63570.3
175221
49155.9
474850
359169
-243704
715931
-235161
-247430
-740180
-178441
-412396
-394720
-800076
-421716
33583.3
2773.98
-344102
110174
-222288
-236640
-681760
-175009
56521.9
64881.3
195225
35554
476012
363406
-244665
709468
-194650
-207008
-690361
-138225
-386058
-363782
-766515
-387458
54342.6
28385.4
-291237
137977
-238738
-250725
-659922
-197431
35547.7
41016.4
210826
603.162
452984
343097
-236774
680674
-155025
-174015
-607999
-95155.4
-368484
-356777
-720921
-375981
71334.3
47352.1
-193661
140361
-251793
-256750
-678765
-208053
7747.06
25870.9
197378
-37593.3
429096
325564
-266993
656097
-154039
-167160
-600898
-93341.6
-367257
-353113
-712923
-373082
77105.8
56553
-164148
143472
-245521
-255025
-689507
-191192
-2740.75
11074.7
174549
-28731.9
453222
350497
-222913
702060
-132599
-160530
-570974
-56972.3
-378123
-368714
-716052
-376607
67378.8
34429.7
-185207
150916
-239498
-241803
-694331
-179614
-20224.7
-3466.24
142309
-44122.8
476987
375052
-223427
738841
-145592
-173117
-614049
-68527.1
-400851
-384838
-726973
-398149
53732.3
32621.7
-232756
143123
-235789
-245125
-699520
-177322
-11518.8
8225.77
130938
-38784.8
497735
383596
-236824
757664
-156745
-183130
-647726
-90802.4
-406942
-389250
-755441
-421385
36519.9
-1259.36
-294007
109081
-243408
-254720
-726004
-181565
42723.4
61888.1
208695
33643.4
516358
400080
-208255
771005
-143341
-156725
-610317
-70426.4
-398986
-372582
-716318
-402280
33446.9
2101.52
-306444
128574
-240720
-255145
-733308
-177511
80253.8
101809
262598
73052.6
527662
412682
-168602
783416
-92942.8
-118882
-527163
-19649.1
-390916
-372142
-680290
-405859
49706.1
18717.1
-276618
136310
-214895
-230399
-700464
-142034
167622
175316
390806
163412
550452
435113
-126386
807538
-51854.3
-74845.1
-437855
25448.8
-380391
-368251
-635037
-399954
89870.4
56977.3
-221978
190797
-205507
-221484
-700566
-133311
184238
181599
390723
184305
563671
448629
-130256
832341
-45872.1
-75397.4
-470225
41512.1
-427739
-403541
-704597
-451919
97294.4
61722.6
-236511
196422
-183124
-197915
-681042
-111223
203441
200443
416822
203800
592468
475626
-136296
876106
-42664.7
-85091.1
-515352
44820.7
-438623
-415116
-709572
-466626
106580
76851.2
-231081
203914
-173476
-190007
-671698
-93167
235666
235035
441789
242489
608849
479383
-172109
897798
-72088.1
-107803
-584922
14572.8
-462241
-433896
-767827
-497408
111909
71477.2
-224478
201433
-156990
-182886
-652261
-82701.1
305429
299678
548753
321066
617256
484627
-175723
900960
-73318.5
-99514.7
-595360
18657.7
-460966
-426619
-753336
-490499
149009
112963
-168710
254981
-142870
-171648
-639428
-63327.8
369311
363228
640796
389032
618253
484445
-178037
905911
-33611.6
-67030.9
-536706
64076.6
-444047
-416052
-709675
-483109
186999
148031
-91513.8
283256
-131622
-155817
-629010
-43738.8
444424
432275
756788
473164
606601
472458
-211394
897551
-37544.5
-71489.9
-535659
55110.5
-451152
-425441
-682695
-498061
229222
192022
-10880.3
332624
-958606
-909194
-1.50717e+06
-1.04588e+06
259426
227691
221783
312492
22256.2
574.171
-263780
88992.9
-126269
-196816
-948160
10657.5
-140665
-211774
-1.01543e+06
2445.18
581293
484128
243234
754401
-977537
-919521
-1.50359e+06
-1.06996e+06
267632
236401
261547
318818
42196.6
22126.8
-252236
111867
-149511
-207453
-975798
-1836.36
-175616
-235288
-1.01712e+06
-35095.8
588185
509781
303328
767028
-994652
-937321
-1.4936e+06
-1.08879e+06
280089
249548
287903
344714
49986.1
12815.6
-266322
124990
-157521
-221010
-994853
-18036.2
-195316
-247973
-1.04595e+06
-59145.9
598141
503358
335344
760719
-1.01299e+06
-953171
-1.51441e+06
-1.11728e+06
312080
274361
321147
374755
27824.7
-3319.16
-302658
99368.3
-190520
-246019
-1.03372e+06
-46519.1
-213348
-272918
-1.07002e+06
-74644.3
611017
521656
363558
788141
-1.02958e+06
-956264
-1.50516e+06
-1.13234e+06
314037
296377
347985
385619
-11815
-32009.3
-335430
60844.4
-182996
-222558
-1.02139e+06
-30757
-233318
-270737
-1.07717e+06
-97097.1
622579
549836
422997
800294
-999967
-939198
-1.47906e+06
-1.10104e+06
399745
371002
447959
473996
-16957.8
-40670.7
-365645
48801.7
-154104
-207242
-985780
-6007.58
-196931
-255638
-1.02897e+06
-67958.6
704423
617347
516705
893371
-1.01956e+06
-948355
-1.50617e+06
-1.12281e+06
405347
370590
458139
468772
-16053.4
-41850.1
-364323
50863.6
-141819
-199692
-974530
-6607.21
-224827
-275588
-1.04373e+06
-114792
696745
605344
500680
860865
-1.02595e+06
-954347
-1.50106e+06
-1.13282e+06
405088
365692
478052
462610
-34469.3
-55486
-403225
38306.8
-145821
-206598
-972169
-10270
-237633
-287999
-1.02845e+06
-132975
669006
585041
494465
829187
-1.03229e+06
-955782
-1.50154e+06
-1.12961e+06
400353
365069
468571
467234
-32796.3
-61989.2
-432304
45958.4
-146404
-201953
-965147
-6952.27
-262570
-306464
-1.06351e+06
-154104
650431
565352
483090
804118
-1.04909e+06
-985435
-1.54232e+06
-1.15791e+06
389378
344708
429275
456845
-44243.7
-75284.2
-468677
31998
-158216
-216419
-973064
-19548.7
-279108
-327979
-1.09915e+06
-168616
634773
550047
455474
797752
-1.09414e+06
-1.01983e+06
-1.59608e+06
-1.20792e+06
368237
339435
414836
431815
-90254.4
-117508
-523636
-22680.5
-166014
-209100
-968168
-31353.8
-310652
-349696
-1.13263e+06
-217862
612346
536884
457703
758837
-1.0911e+06
-1.01388e+06
-1.61219e+06
-1.19003e+06
393672
363181
428152
470042
-108812
-132049
-564036
-33303.3
-146315
-197638
-945724
-5687.97
-304469
-347631
-1.1118e+06
-212751
620547
542434
456595
779603
-1.09631e+06
-1.025e+06
-1.626e+06
-1.21196e+06
397756
355695
443186
457554
-82079.5
-107705
-528966
-9627.26
-133481
-194072
-953202
11572.5
-340906
-376686
-1.13722e+06
-244407
627270
553175
489732
778841
-1.09827e+06
-1.01835e+06
-1.5966e+06
-1.21303e+06
396094
355839
470713
450547
-37117.4
-58519.5
-455109
50581.5
-118841
-175065
-952420
38504.1
-340403
-370628
-1.11485e+06
-235748
645833
585317
544498
805598
-1.1051e+06
-1.02378e+06
-1.57654e+06
-1.21684e+06
375790
342418
450660
430501
-8421.64
-46327.5
-441899
82247.1
-112880
-177172
-962130
40449.3
-349241
-379743
-1.15843e+06
-247193
664530
589653
579903
814643
-1.10651e+06
-1.02653e+06
-1.58147e+06
-1.21501e+06
386493
356600
468624
462957
4912.27
-31029.3
-432476
101820
-106275
-159893
-970438
71845.6
-347619
-374361
-1.17341e+06
-221167
696866
622185
623103
871817
-1.10095e+06
-1.02072e+06
-1.5774e+06
-1.21179e+06
419715
394559
509960
494640
24735.3
-13558.8
-410060
118990
-51253.9
-107195
-924918
134042
-319831
-342413
-1.14735e+06
-202872
735137
664578
689470
900675
-1.08407e+06
-1.00697e+06
-1.56728e+06
-1.19261e+06
479414
443449
579270
550452
46128.1
8151.53
-384556
143625
-8200.32
-75973
-880030
173062
-278324
-321890
-1.09517e+06
-165116
793768
717148
771589
968490
-1.08821e+06
-1.0204e+06
-1.56833e+06
-1.2096e+06
472832
429615
581656
538734
25890
-11306.6
-406161
119048
-5785.55
-85443.2
-878521
178688
-292741
-337076
-1.10045e+06
-178643
801672
712150
790346
962974
-1.1101e+06
-1.03225e+06
-1.59456e+06
-1.23297e+06
456503
418155
558288
521259
-1971.41
-38486.4
-475836
94994.1
-20277.7
-95542.9
-939242
172635
-302254
-339936
-1.1216e+06
-183580
776529
699440
748200
939043
-1.13197e+06
-1.05634e+06
-1.62296e+06
-1.24787e+06
457898
422773
542424
538269
-23232.7
-64611.9
-553209
87348.2
-22223
-96011.7
-976795
182719
-309979
-347995
-1.16566e+06
-186120
771307
681925
732860
933575
-1.16034e+06
-1.08075e+06
-1.66301e+06
-1.28464e+06
450586
410198
526867
530491
-67615.7
-104594
-646305
42659.8
-21064.7
-94555.7
-992115
190849
-314631
-351417
-1.17615e+06
-180645
756872
675885
701394
933957
-1.17186e+06
-1.08411e+06
-1.66394e+06
-1.29754e+06
449716
420972
520547
530644
-103406
-130410
-691284
1961.51
8416.69
-56964.5
-966403
228728
-307000
-333889
-1.18105e+06
-173760
776843
702721
741592
947527
-1.20306e+06
-1.11844e+06
-1.7122e+06
-1.33501e+06
442102
407137
487955
519677
-148750
-182641
-775919
-52129.3
-2264.16
-76673.7
-1.00078e+06
211624
-302196
-339700
-1.18539e+06
-168958
775642
696017
724084
948445
-1.22481e+06
-1.14053e+06
-1.74522e+06
-1.35887e+06
425034
377769
465414
490277
-151031
-184333
-736488
-62530.2
20166
-73772.5
-971104
229390
-296581
-346168
-1.17326e+06
-170916
752824
666891
671242
916256
-1.22506e+06
-1.13675e+06
-1.72626e+06
-1.36643e+06
406684
362424
468817
466198
-117588
-146834
-649222
-36541.2
19842.1
-65199.5
-960672
237064
-297613
-334460
-1.14749e+06
-166949
746402
666240
677125
905584
-1.27134e+06
-1.17805e+06
-1.77605e+06
-1.41362e+06
373207
331494
414461
437334
-106167
-142309
-601979
-32476
30820
-51263.8
-947264
244821
-302635
-345241
-1.18355e+06
-182984
733352
643268
648919
890968
-1.29403e+06
-1.1934e+06
-1.81165e+06
-1.43243e+06
352355
314281
360801
424984
-122808
-147616
-587882
-50715.8
55326.2
-23980.8
-904054
283520
-310591
-345594
-1.20871e+06
-161796
727989
648689
617590
911632
-1.28283e+06
-1.18568e+06
-1.79179e+06
-1.42859e+06
367403
329867
369586
433222
-101434
-126486
-513426
-39104.4
123305
42133.7
-818151
350745
-267764
-308946
-1.18764e+06
-127324
744760
658348
615932
918503
-1.30665e+06
-1.20561e+06
-1.83076e+06
-1.45315e+06
370455
336149
366233
439336
-117694
-133344
-505113
-70258.8
140842
58001.1
-782307
363733
-257903
-305474
-1.17282e+06
-114128
746819
663641
577853
939389
-1.30345e+06
-1.2091e+06
-1.83409e+06
-1.448e+06
361107
323159
362874
428751
-100445
-112074
-449752
-42420.8
158021
59382.1
-773337
389484
-270120
-326384
-1.20262e+06
-126442
725070
634092
529736
917253
-1.29942e+06
-1.20672e+06
-1.83446e+06
-1.44925e+06
353143
313475
359201
415676
-53433.2
-71061.4
-404967
13504.3
157659
58703.3
-806356
398772
-294236
-350986
-1.24627e+06
-147256
692761
608979
466635
883541
-1.31873e+06
-1.22316e+06
-1.85837e+06
-1.45517e+06
340193
305588
341758
404827
-24968.6
-57682.9
-396162
52946
154699
49224.5
-844806
392353
-322162
-375226
-1.33872e+06
-178201
675776
578119
416377
862932
-1.33856e+06
-1.24904e+06
-1.88389e+06
-1.48527e+06
329947
295303
348781
399032
-35288.9
-64589.3
-408140
39297.5
137259
41783.6
-861728
385250
-363929
-414765
-1.39349e+06
-204968
645378
554945
368415
853837
-1.35375e+06
-1.25833e+06
-1.9221e+06
-1.49898e+06
335529
311519
343375
404507
-29788.3
-53711.1
-410669
49301.6
161169
70038.9
-847974
415054
-373584
-417003
-1.4556e+06
-214767
619126
537009
303036
821599
-1.35224e+06
-1.2581e+06
-1.93836e+06
-1.48813e+06
374545
348821
398206
444974
-6511.75
-33214.9
-393245
73435.9
186386
89779.9
-825458
441430
-373528
-432920
-1.47124e+06
-215705
629851
541375
278715
844529
-326900
-313802
-525643
-360337
243011
240724
563979
217789
320931
228582
-381763
528769
271620
208942
8522.76
374066
-632028
-648180
-1.57079e+06
-563413
304492
209928
-395935
503070
-346615
-320138
-519767
-383445
234302
237554
578599
203703
331403
240397
-385956
543157
238661
189486
-41650
348302
-655571
-659511
-1.57493e+06
-582029
262901
190017
-413446
460745
-367184
-344536
-519419
-408276
232541
242866
578117
215423
322353
218985
-425709
541093
224958
174805
-64949.2
332436
-672444
-680875
-1.62922e+06
-610226
248833
162133
-421885
430198
-370906
-344382
-497291
-418394
276442
276320
641332
260538
301068
202375
-451582
514489
208438
164384
-83100.6
319291
-670129
-674171
-1.61921e+06
-587385
259383
177383
-390916
456309
-385103
-352080
-506264
-432234
288353
298586
664588
280243
279507
187958
-490397
499588
219543
184248
-72902.7
339531
-663555
-659396
-1.61284e+06
-584973
246130
175940
-385162
439298
-354597
-326227
-458946
-405688
362575
364378
759814
352186
291932
197554
-485816
504111
251473
205895
-24446.8
359112
-616463
-630345
-1.53754e+06
-543578
303932
226911
-302075
500058
-340114
-301932
-419295
-377462
400536
393571
812837
391502
311090
222256
-444395
535795
278172
229631
14981.5
394916
-626775
-637441
-1.54315e+06
-549189
330431
247614
-268081
520799
-303016
-270800
-364538
-343379
423832
411143
859343
414198
353404
259255
-406079
592283
298305
241852
16966.3
420304
-625513
-634731
-1.54604e+06
-542999
355109
273529
-227438
545086
-291619
-253283
-333086
-323701
450100
445120
912161
441153
375986
274910
-412839
621323
308035
253336
19888.8
425392
-622316
-632568
-1.57607e+06
-538454
368331
277821
-214635
556928
-284092
-248858
-343152
-305158
487701
481310
988603
489991
374813
273709
-438925
630595
302082
252819
13199.6
436224
-620772
-624408
-1.58953e+06
-514591
375163
291597
-219248
592701
-243744
-220881
-323965
-267023
541444
539006
1.05693e+06
545299
383900
272322
-455506
627988
346743
291293
48286.2
474296
-586250
-599549
-1.58179e+06
-493937
420465
330910
-168517
623630
-203856
-173658
-283985
-205086
618865
608417
1.18158e+06
624727
381734
275231
-479754
644328
372906
315382
87397.7
511703
-552928
-572950
-1.53533e+06
-450351
476038
385040
-97215.9
701902
-175825
-164878
-251862
-195887
641158
622622
1.23892e+06
643586
371470
263836
-498143
629886
378920
310452
88479.6
514744
-558613
-587201
-1.54052e+06
-471064
480807
380285
-99502.7
694611
-153539
-143055
-198443
-178139
673782
649802
1.28988e+06
674954
392423
282687
-470312
654261
381210
305790
72674.3
518528
-576126
-606943
-1.54099e+06
-496117
478209
383052
-75280
686029
-164170
-152321
-205428
-186492
682883
661686
1.30152e+06
692685
404225
285260
-485780
665274
369905
296378
40650.9
500985
-623820
-641722
-1.60755e+06
-548898
476183
377028
-78763.2
676024
-165939
-157483
-200363
-199157
692354
664825
1.32499e+06
693914
372145
255695
-524183
625002
354369
285381
38087.6
483793
-660327
-680674
-1.65848e+06
-592255
469708
366684
-84906.6
673550
-152053
-134330
-130617
-183521
725825
706564
1.39746e+06
742076
343760
234914
-525359
590110
378262
315126
108182
509821
-671546
-681600
-1.64239e+06
-600041
454413
362810
-53230.3
649948
-164559
-153316
-160633
-200446
737359
719104
1.39254e+06
753814
295829
185202
-608659
539950
337205
271933
50990.2
461875
-698350
-711845
-1.68055e+06
-640399
447285
355304
-76534.4
648722
-175009
-162437
-190748
-210779
738743
712684
1.38685e+06
748991
310404
206769
-589155
566397
329496
267972
28816
467571
-721037
-737415
-1.71071e+06
-659825
418039
324963
-112402
611550
-191388
-173733
-214622
-231793
710305
684156
1.36149e+06
707337
337830
231953
-575851
602675
314677
251392
-26177.1
455636
-762443
-778551
-1.77838e+06
-702149
387629
310638
-151932
584536
-213349
-194941
-235473
-249018
700984
690148
1.36976e+06
704458
363378
243223
-576274
634942
308219
250780
-47309.7
448543
-788451
-794701
-1.84483e+06
-728116
371617
280683
-194676
555908
-245609
-236909
-295363
-289363
694021
677130
1.37264e+06
692941
349797
227505
-620423
620952
301617
245686
-59444.3
443655
-803296
-813722
-1.87638e+06
-733799
335739
249810
-254606
538233
-307491
-293125
-393134
-357556
661909
651873
1.32318e+06
659299
321770
204536
-665386
590730
309318
256495
-47225.5
457676
-851580
-858285
-1.9717e+06
-784901
296998
217659
-318478
492482
-331824
-312077
-422972
-378813
686539
678447
1.38499e+06
678363
327050
208438
-662281
598339
323664
266186
-16393.6
464644
-865170
-879962
-1.99557e+06
-801988
296954
215377
-321794
495115
-340743
-309239
-432841
-386246
692857
675002
1.40587e+06
671206
359260
243026
-595472
626803
349806
279524
24523.2
489394
-893033
-896887
-2.01478e+06
-830867
295238
212088
-333764
484551
-313773
-278563
-384337
-352313
712921
697289
1.45407e+06
694558
401205
288231
-527258
684805
360953
292279
32207.3
505694
-881981
-877598
-1.97241e+06
-813903
322917
249883
-287489
524941
-314708
-289539
-381158
-357549
729343
714070
1.47129e+06
719145
421471
293083
-508842
696099
367606
298220
52916.3
505851
-882354
-879931
-1.97783e+06
-818661
347050
255951
-270250
544754
-334635
-302094
-429926
-368857
750858
729218
1.45757e+06
762677
416637
300823
-509318
699779
352414
292261
31376.4
505743
-886991
-879569
-2.00728e+06
-803182
340427
255458
-323936
565915
-317733
-292093
-435287
-350665
783160
763653
1.47245e+06
802918
450706
329623
-460639
728965
391515
329922
55523.4
547888
-854775
-847896
-1.99059e+06
-773922
371003
283850
-318673
597685
-305307
-277008
-430306
-331135
838266
812036
1.51926e+06
859344
461329
337788
-429449
734229
422510
354651
105131
576347
-807744
-809674
-1.92861e+06
-724022
417354
323530
-291300
657611
-285101
-260333
-417339
-304844
826288
794953
1.5076e+06
852978
442182
327895
-428225
728205
443588
370243
146425
604629
-810515
-822214
-1.93125e+06
-737998
423241
316447
-290591
664742
-285298
-258852
-418884
-308296
791665
759856
1.45544e+06
812002
432122
317456
-468448
719464
431885
356540
111063
595959
-847238
-857728
-1.96997e+06
-777075
394114
295572
-333035
633616
-287807
-262172
-424320
-309017
770937
750496
1.42271e+06
794902
410516
285973
-532984
689195
418610
351786
95009
570885
-884306
-885073
-2.04223e+06
-829025
387639
279290
-365284
612508
-270606
-256133
-428819
-291402
805077
776547
1.46467e+06
834399
376099
252685
-574929
642566
432703
371386
140426
585534
-864561
-865091
-2.00764e+06
-794092
407039
298021
-352721
653691
-301164
-290042
-489946
-322248
786701
755804
1.42115e+06
814038
312463
191085
-638611
570729
456504
382682
173043
606644
-891949
-902748
-2.05118e+06
-834344
396383
283238
-357278
630565
-279366
-261899
-478873
-285472
807577
784328
1.45748e+06
838303
277486
171258
-693119
540662
469508
407737
219950
625802
-903038
-914280
-2.05799e+06
-847822
429847
323032
-318924
682437
