-86218.9
-52719.1
53536.5
11677.9
-977734
-729011
72137.6
-176360
901740
756884
462333
460625
-1.26822e+06
-997145
-255005
-408697
-604824
-471735
-112673
-172398
-1.51605e+06
-1.27634e+06
-881175
-778855
-74961.8
-45448.6
53120.7
8766
-1.06226e+06
-798341
53714
-207367
883852
741459
451464
445249
-1.28255e+06
-1.01047e+06
-282399
-416656
-659048
-514280
-137397
-199611
-1.58261e+06
-1.33242e+06
-933932
-826797
-64538.3
-39119.3
64552.5
14481.5
-1.08264e+06
-812771
75641.3
-209555
900160
750174
456691
451884
-1.35303e+06
-1.07176e+06
-321994
-456353
-718317
-564083
-167646
-226855
-1.70448e+06
-1.43944e+06
-990407
-881353
-2719.53
11651
93865.6
42049.5
-1.08671e+06
-812696
95593.8
-195881
904033
758629
473585
451430
-1.28842e+06
-1.01735e+06
-304441
-438463
-734420
-574405
-168035
-239074
-1.77547e+06
-1.49526e+06
-1.01717e+06
-926241
14112.4
27268.2
96934.4
56731.2
-1.13439e+06
-845287
97214.5
-198855
923095
775670
481927
472951
-1.2697e+06
-1.00764e+06
-299181
-436620
-724381
-570176
-160622
-234982
-1.80027e+06
-1.51509e+06
-1.0304e+06
-934774
54848.9
58581.7
109097
61521.8
-1.18229e+06
-885480
89065
-218775
913083
764732
473317
459271
-1.2601e+06
-1.00018e+06
-305529
-432232
-735467
-579830
-159912
-238779
-1.84059e+06
-1.55204e+06
-1.05249e+06
-957664
75240.4
71904.3
102668
83850.1
-1.17875e+06
-876465
88183.3
-201164
888162
745672
462865
450945
-1.23427e+06
-977236
-292920
-427951
-791380
-625010
-173799
-267558
-1.86408e+06
-1.57489e+06
-1.06374e+06
-978304
93087.8
87230.8
103949
80311.8
-1.19349e+06
-888695
74297.8
-210968
817068
691797
465137
424722
-1.15106e+06
-907408
-262147
-392251
-762366
-599323
-166978
-253154
-1.81259e+06
-1.52876e+06
-1.04353e+06
-956363
20615
26068.2
74328.9
51676.8
-1.24337e+06
-928181
60188.2
-233622
736819
627639
453493
409220
-1.12636e+06
-887019
-245306
-374761
-831174
-653814
-191736
-278091
-1.89964e+06
-1.60177e+06
-1.07715e+06
-983294
37862
41552.4
80205.7
56524.7
-1.22516e+06
-913317
63271.2
-222699
619758
538454
441001
367182
-1.02158e+06
-799388
-190013
-329511
-834824
-653601
-184250
-281853
-1.95234e+06
-1.64208e+06
-1.08745e+06
-1.01153e+06
80731.8
74163.5
86037.9
73667.8
-1.21565e+06
-907836
56748.9
-226266
578906
508831
448342
369176
-871420
-679675
-125956
-268389
-746978
-586872
-142878
-251019
-1.85067e+06
-1.55935e+06
-1.0405e+06
-973468
112373
99724
102339
79744
-1.20458e+06
-899870
60529.8
-224063
504417
448032
444540
343230
-725511
-558947
-57856.2
-200970
-666838
-521435
-102497
-212241
-1.77134e+06
-1.49433e+06
-989669
-925645
132655
117194
105159
87736.4
-1.17425e+06
-876507
85591.7
-208287
628214
553672
499482
404753
-761776
-586255
-78962.6
-200896
-613380
-479471
-109898
-177277
-1.7197e+06
-1.44778e+06
-980600
-888164
127343
114507
111336
84985.7
-1.18508e+06
-884192
98686.7
-202100
765538
666863
566758
463873
-805364
-622802
-106186
-224644
-641446
-502945
-126700
-195504
-1.73721e+06
-1.46339e+06
-1.00417e+06
-905330
129519
116345
118176
92949.9
-1.18973e+06
-884790
106690
-198723
906424
779960
622132
531174
-917229
-715366
-160213
-275608
-726713
-573536
-186600
-241403
-1.79881e+06
-1.51685e+06
-1.04582e+06
-934557
140414
124545
124590
101112
-1.22013e+06
-910964
99814.5
-203261
1.016e+06
873664
685645
580716
-980031
-767755
-193399
-312338
-794528
-631333
-226061
-283781
-1.85703e+06
-1.56644e+06
-1.07861e+06
-974463
129172
115396
116671
97646.5
-1.24685e+06
-930492
98872.6
-213185
1.14542e+06
980873
741979
645764
-1.03712e+06
-817659
-216335
-339736
-829731
-665751
-245823
-309301
-1.86043e+06
-1.5711e+06
-1.08941e+06
-986676
125383
111196
115336
87255.6
-1.27339e+06
-953343
95234.6
-224710
1.26495e+06
1.07691e+06
796066
694397
-1.06866e+06
-844767
-234510
-359533
-828209
-667353
-248923
-312905
-1.84131e+06
-1.55977e+06
-1.08726e+06
-983021
48387.3
51472.4
85868.2
66878.9
-1.32773e+06
-993153
83250.5
-242826
1.294e+06
1.10284e+06
799758
714188
-1.12773e+06
-888980
-251335
-375327
-990298
-795163
-326722
-373277
-1.89322e+06
-1.59332e+06
-1.13397e+06
-1.00317e+06
14909.3
25013.9
87512.9
49717.4
-1.36214e+06
-1.02188e+06
85680.1
-253137
1.34415e+06
1.14348e+06
820454
730532
-1.0989e+06
-863186
-238504
-359657
-1.07431e+06
-865666
-376013
-416958
-1.86893e+06
-1.57573e+06
-1.14179e+06
-1.0067e+06
-67854.7
-41773
68807.9
19210
-1.42877e+06
-1.07384e+06
79285.1
-278254
1.34845e+06
1.14235e+06
813175
728352
-1.1851e+06
-936451
-269520
-397285
-1.25684e+06
-1.01705e+06
-463308
-513727
-1.95279e+06
-1.65181e+06
-1.1911e+06
-1.05608e+06
-103065
-71139.2
68378.6
17340.4
-1.44586e+06
-1.08896e+06
89328.1
-271129
1.34645e+06
1.1442e+06
824991
729750
-1.17695e+06
-925771
-244628
-388823
-1.35802e+06
-1.10078e+06
-508253
-559623
-2.02891e+06
-1.71495e+06
-1.2199e+06
-1.09487e+06
-129121
-87544.8
55283.7
13386.9
-1.44855e+06
-1.0844e+06
100517
-266097
1.37724e+06
1.17152e+06
827262
748977
-1.10838e+06
-868725
-203294
-353213
-1.41477e+06
-1.1488e+06
-536305
-591358
-2.02662e+06
-1.70827e+06
-1.23274e+06
-1.09671e+06
-145220
-101209
64025
647.003
-1.43565e+06
-1.07529e+06
126011
-254914
1.40792e+06
1.19252e+06
834259
753274
-1.08353e+06
-846094
-177122
-333455
-1.46159e+06
-1.18998e+06
-558143
-616716
-2.01664e+06
-1.70552e+06
-1.23227e+06
-1.09698e+06
-177897
-125777
40039.9
-6618.52
-1.48372e+06
-1.10493e+06
117922
-246951
1.41611e+06
1.19173e+06
827780
769179
-1.14723e+06
-899537
-196180
-335932
-1.48454e+06
-1.20976e+06
-561759
-622722
-2.05053e+06
-1.73852e+06
-1.25936e+06
-1.09651e+06
-119252
-82138.9
45742.7
-2784.59
-1.52967e+06
-1.14498e+06
95851.9
-278421
1.36348e+06
1.1458e+06
787075
722775
-1.23522e+06
-972080
-236131
-383246
-1.50212e+06
-1.22329e+06
-566271
-632859
-2.07284e+06
-1.75929e+06
-1.29269e+06
-1.13335e+06
-81887.2
-53604.4
54966.2
4096.98
-1.56298e+06
-1.16948e+06
105367
-284930
1.39807e+06
1.16816e+06
789212
733782
-1.35249e+06
-1.0688e+06
-266383
-425566
-1.51779e+06
-1.23524e+06
-555942
-630192
-2.13241e+06
-1.81693e+06
-1.32641e+06
-1.16214e+06
20156.1
29883.7
94971.5
47941.1
-1.53111e+06
-1.13939e+06
136819
-260193
1.39481e+06
1.1693e+06
783315
723231
-1.34909e+06
-1.05979e+06
-242985
-420237
-1.48147e+06
-1.19988e+06
-521754
-610481
-2.16159e+06
-1.83706e+06
-1.332e+06
-1.18338e+06
56784.2
59573
93196
71612.2
-1.56075e+06
-1.16117e+06
127168
-258532
1.35225e+06
1.13281e+06
749359
714536
-1.38336e+06
-1.0871e+06
-236207
-418633
-1.43547e+06
-1.162e+06
-486850
-581509
-2.20422e+06
-1.87027e+06
-1.35453e+06
-1.19185e+06
129049
117073
106012
75701.4
-1.57559e+06
-1.17437e+06
120036
-277010
1.28931e+06
1.07752e+06
694839
665187
-1.44416e+06
-1.13481e+06
-245956
-438446
-1.40198e+06
-1.13369e+06
-457956
-557735
-2.26222e+06
-1.92058e+06
-1.38513e+06
-1.22472e+06
136443
119173
102046
84642.1
-1.57734e+06
-1.17754e+06
107214
-276442
1.22202e+06
1.02052e+06
645458
619319
-1.60638e+06
-1.25892e+06
-305078
-492274
-1.47044e+06
-1.18339e+06
-484336
-567208
-2.36926e+06
-2.01156e+06
-1.44363e+06
-1.27648e+06
178890
155296
130270
101927
-1.55093e+06
-1.15899e+06
109320
-276167
1.20476e+06
1.00421e+06
636060
599790
-1.66709e+06
-1.30834e+06
-329670
-521199
-1.48448e+06
-1.1932e+06
-477776
-574998
-2.37635e+06
-2.01859e+06
-1.46336e+06
-1.29153e+06
105407
101549
117426
81881.6
-1.5689e+06
-1.1687e+06
104777
-282766
1.11161e+06
928883
591672
567329
-1.8432e+06
-1.45028e+06
-396067
-586573
-1.61431e+06
-1.2935e+06
-520028
-615844
-2.55202e+06
-2.16208e+06
-1.55135e+06
-1.36484e+06
87684.8
87044.8
122303
83455.6
-1.52161e+06
-1.13381e+06
113716
-265145
1.02124e+06
855340
553057
515147
-1.9652e+06
-1.54901e+06
-436663
-647789
-1.70846e+06
-1.36984e+06
-545000
-659004
-2.69451e+06
-2.28193e+06
-1.62204e+06
-1.44417e+06
84243.3
85668.1
130870
92417.4
-1.52778e+06
-1.14031e+06
105197
-267088
978453
818478
535161
503192
-2.01553e+06
-1.59075e+06
-436593
-661108
-1.72117e+06
-1.38236e+06
-529137
-658676
-2.7427e+06
-2.32358e+06
-1.65121e+06
-1.47397e+06
116891
114045
155401
103568
-1.46507e+06
-1.09002e+06
123509
-248153
977130
813652
526167
488663
-2.07715e+06
-1.63938e+06
-447497
-678658
-1.68698e+06
-1.35368e+06
-493945
-637672
-2.74501e+06
-2.3286e+06
-1.65953e+06
-1.48098e+06
-1.21008e+06
-975433
-386840
-461364
2.86969e+06
2.35481e+06
1.20648e+06
1.26378e+06
-1.52006e+06
-1.19541e+06
-326740
-508347
-4.66885e+06
-3.80302e+06
-1.78994e+06
-1.96352e+06
678229
620473
684380
523498
-417986
-338983
-178846
-179146
-1.13682e+06
-917443
-366802
-446993
2.91865e+06
2.39307e+06
1.22279e+06
1.27472e+06
-1.47456e+06
-1.16016e+06
-297547
-483752
-4.79148e+06
-3.90433e+06
-1.83246e+06
-2.01364e+06
745709
674792
708252
543082
-450577
-368849
-217602
-209406
-1.17637e+06
-955709
-398897
-459510
2.97598e+06
2.43947e+06
1.24565e+06
1.30864e+06
-1.44501e+06
-1.13404e+06
-266297
-458245
-4.87987e+06
-3.97663e+06
-1.85892e+06
-2.05035e+06
769817
692081
711561
557649
-475676
-394450
-224972
-217976
-1.23067e+06
-999935
-428595
-497962
2.97445e+06
2.43862e+06
1.24902e+06
1.29849e+06
-1.42041e+06
-1.1116e+06
-236761
-441660
-4.97524e+06
-4.05591e+06
-1.89493e+06
-2.09022e+06
750398
676401
708216
541418
-564841
-468413
-276185
-265663
-1.22983e+06
-998293
-440252
-492458
3.018e+06
2.47503e+06
1.26633e+06
1.3221e+06
-1.39292e+06
-1.08224e+06
-211832
-416795
-5.04367e+06
-4.10614e+06
-1.91929e+06
-2.1159e+06
793106
714395
721429
564914
-636545
-524880
-318504
-298985
-1.22514e+06
-999058
-450718
-506698
3.08768e+06
2.529e+06
1.28936e+06
1.34601e+06
-1.36066e+06
-1.05929e+06
-191610
-395541
-5.11925e+06
-4.16979e+06
-1.93979e+06
-2.1447e+06
837596
749021
737623
580427
-696813
-579535
-365301
-339008
-1.2083e+06
-985423
-463875
-507182
3.17598e+06
2.60039e+06
1.32308e+06
1.40281e+06
-1.45357e+06
-1.12624e+06
-221634
-414796
-5.25317e+06
-4.27233e+06
-1.99581e+06
-2.18387e+06
815600
728481
742394
581475
-757253
-629498
-396849
-368729
-1.14686e+06
-934047
-434323
-492363
3.20112e+06
2.62078e+06
1.3221e+06
1.40293e+06
-1.56064e+06
-1.21837e+06
-277195
-474599
-5.43442e+06
-4.42085e+06
-2.06682e+06
-2.26914e+06
801919
719247
759336
571694
-782877
-654893
-428534
-400812
-1.16804e+06
-954041
-439727
-489271
3.26976e+06
2.67917e+06
1.3443e+06
1.43494e+06
-1.6088e+06
-1.25796e+06
-287393
-497764
-5.57037e+06
-4.53315e+06
-2.11336e+06
-2.33103e+06
779385
702914
779191
581214
-785002
-659538
-414847
-398053
-1.16994e+06
-953631
-438543
-493434
3.28492e+06
2.68864e+06
1.33879e+06
1.43434e+06
-1.66458e+06
-1.30549e+06
-314585
-524091
-5.71817e+06
-4.65561e+06
-2.17669e+06
-2.38967e+06
774587
703276
808386
590390
-756237
-636260
-413133
-390255
-1.13791e+06
-926359
-436353
-471566
3.34626e+06
2.73457e+06
1.33723e+06
1.45006e+06
-1.73708e+06
-1.36102e+06
-361044
-551375
-5.87586e+06
-4.77979e+06
-2.24861e+06
-2.45281e+06
798091
730081
837391
622395
-745402
-625301
-427727
-385054
-1.09864e+06
-897165
-419047
-470280
3.42598e+06
2.79636e+06
1.34449e+06
1.46512e+06
-1.76896e+06
-1.39354e+06
-388225
-585248
-6.05231e+06
-4.92654e+06
-2.31546e+06
-2.53808e+06
821665
751044
879245
636605
-689312
-584734
-414121
-380320
-1.11006e+06
-903987
-422866
-465497
3.49382e+06
2.84778e+06
1.37306e+06
1.49039e+06
-1.80194e+06
-1.4182e+06
-406188
-592296
-6.16147e+06
-5.01505e+06
-2.37588e+06
-2.5848e+06
823504
758378
898149
665779
-659876
-561332
-394838
-350310
-1.11943e+06
-908764
-399178
-468704
3.52338e+06
2.87198e+06
1.38457e+06
1.49617e+06
-1.86121e+06
-1.47064e+06
-438238
-628928
-6.27076e+06
-5.1078e+06
-2.44381e+06
-2.64338e+06
872582
798435
919827
683011
-648367
-554501
-408083
-354102
-1.21347e+06
-980040
-405182
-485573
3.56999e+06
2.91748e+06
1.42209e+06
1.53242e+06
-1.91818e+06
-1.51368e+06
-439258
-647980
-6.35799e+06
-5.17719e+06
-2.48597e+06
-2.6946e+06
857868
790241
935045
687605
-655495
-555786
-383725
-347454
-1.31624e+06
-1.05837e+06
-412115
-510359
3.59585e+06
2.94175e+06
1.45153e+06
1.54855e+06
-1.9644e+06
-1.54722e+06
-437789
-654314
-6.46904e+06
-5.27063e+06
-2.54445e+06
-2.73731e+06
832625
772763
944806
690382
-653521
-551745
-377444
-333519
-1.35278e+06
-1.08434e+06
-409372
-509543
3.70486e+06
3.02717e+06
1.49335e+06
1.5934e+06
-2.02081e+06
-1.59074e+06
-465867
-671253
-6.59342e+06
-5.37648e+06
-2.6309e+06
-2.80521e+06
875451
811066
962494
715262
-616935
-522494
-378712
-323887
-1.38299e+06
-1.10852e+06
-393704
-519128
3.82641e+06
3.12623e+06
1.54551e+06
1.64446e+06
-2.06062e+06
-1.62759e+06
-481555
-693062
-6.69176e+06
-5.46238e+06
-2.70202e+06
-2.8696e+06
914184
842340
984815
731513
-561025
-481126
-372779
-309194
-1.43679e+06
-1.14742e+06
-401750
-528922
3.8893e+06
3.18324e+06
1.58563e+06
1.68792e+06
-2.11481e+06
-1.67277e+06
-488604
-718686
-6.74512e+06
-5.51333e+06
-2.70904e+06
-2.92082e+06
909211
841210
988687
732795
-660158
-559891
-410842
-353944
-1.41717e+06
-1.12799e+06
-373373
-518660
3.90555e+06
3.19609e+06
1.59612e+06
1.69416e+06
-2.08936e+06
-1.65455e+06
-485905
-709630
-6.75001e+06
-5.51817e+06
-2.70306e+06
-2.91452e+06
925885
854935
993728
739093
-754693
-639466
-469633
-407013
-1.47677e+06
-1.17792e+06
-380916
-522461
3.96983e+06
3.25297e+06
1.63612e+06
1.73745e+06
-2.09183e+06
-1.65598e+06
-481610
-701848
-6.72997e+06
-5.5002e+06
-2.68284e+06
-2.89775e+06
901405
833337
995913
739754
-838134
-710806
-481825
-431704
-1.54437e+06
-1.22654e+06
-390381
-550199
3.99437e+06
3.27578e+06
1.6588e+06
1.74683e+06
-2.08518e+06
-1.65021e+06
-477758
-704396
-6.70223e+06
-5.47979e+06
-2.67193e+06
-2.8877e+06
860178
804803
993155
723905
-925485
-777258
-519447
-471446
-1.58236e+06
-1.25405e+06
-380771
-545874
4.04693e+06
3.31785e+06
1.69012e+06
1.77545e+06
-2.06554e+06
-1.63337e+06
-467609
-694966
-6.65241e+06
-5.43652e+06
-2.6409e+06
-2.86703e+06
826218
781108
994404
723478
-1.03408e+06
-864396
-558758
-510819
-1.66356e+06
-1.31756e+06
-386821
-568765
4.10088e+06
3.36362e+06
1.72245e+06
1.80468e+06
-2.04537e+06
-1.61896e+06
-460674
-680871
-6.6149e+06
-5.40521e+06
-2.60959e+06
-2.83773e+06
764797
733650
983434
708505
-1.16178e+06
-970396
-614421
-562488
-1.66249e+06
-1.31729e+06
-383379
-568059
4.21663e+06
3.45731e+06
1.7756e+06
1.86321e+06
-2.07183e+06
-1.63818e+06
-460782
-701116
-6.60836e+06
-5.39383e+06
-2.59287e+06
-2.82713e+06
791118
745055
994413
701552
-1.16193e+06
-970245
-591333
-575543
-1.68276e+06
-1.32787e+06
-380834
-570271
4.21932e+06
3.4616e+06
1.77692e+06
1.86389e+06
-2.11074e+06
-1.66955e+06
-482740
-714413
-6.68009e+06
-5.45081e+06
-2.61277e+06
-2.84488e+06
816901
768047
997924
712053
-1.15911e+06
-966584
-584936
-569343
-1.71185e+06
-1.35378e+06
-397780
-570509
4.33388e+06
3.55603e+06
1.81973e+06
1.91873e+06
-2.12913e+06
-1.68252e+06
-488011
-713991
-6.69147e+06
-5.45818e+06
-2.61916e+06
-2.84924e+06
861000
801034
1.00621e+06
734786
-1.06112e+06
-883394
-520420
-507207
-1.7827e+06
-1.41106e+06
-435087
-610204
4.3722e+06
3.5875e+06
1.83365e+06
1.92764e+06
-2.21121e+06
-1.75024e+06
-526371
-755281
-6.71958e+06
-5.48551e+06
-2.64088e+06
-2.86406e+06
862055
801150
991192
724212
-1.02554e+06
-853493
-505236
-491277
-1.82535e+06
-1.44799e+06
-459295
-630905
4.43678e+06
3.6366e+06
1.85487e+06
1.95036e+06
-2.25657e+06
-1.78931e+06
-551312
-782228
-6.7555e+06
-5.51687e+06
-2.65277e+06
-2.88828e+06
873807
809644
979448
722645
-983353
-818138
-484609
-471959
-1.88518e+06
-1.49594e+06
-487608
-658015
4.48482e+06
3.67714e+06
1.87118e+06
1.97208e+06
-2.29522e+06
-1.82368e+06
-585095
-803239
-6.8054e+06
-5.55689e+06
-2.67158e+06
-2.90476e+06
891469
822806
970800
724968
-942639
-785994
-472281
-451912
-1.94199e+06
-1.55227e+06
-525940
-691998
4.56384e+06
3.73653e+06
1.90799e+06
2.00772e+06
-2.28889e+06
-1.81761e+06
-566641
-799345
-6.83302e+06
-5.57563e+06
-2.68745e+06
-2.90561e+06
876192
804959
974849
706880
-981451
-815991
-475291
-469530
-1.95025e+06
-1.55681e+06
-537011
-705495
4.59485e+06
3.76401e+06
1.93165e+06
2.02559e+06
-2.32013e+06
-1.84122e+06
-565292
-801350
-6.93325e+06
-5.65501e+06
-2.72165e+06
-2.94712e+06
890756
818765
994054
719472
-1.02601e+06
-853606
-502327
-492757
-2.0389e+06
-1.63113e+06
-601141
-738713
4.64673e+06
3.8133e+06
1.9509e+06
2.06907e+06
-2.3701e+06
-1.87491e+06
-576504
-803010
-6.99939e+06
-5.70808e+06
-2.75467e+06
-2.97023e+06
898483
831002
1.0018e+06
734213
-1.02426e+06
-852221
-502598
-482570
-2.13975e+06
-1.71914e+06
-674327
-807760
4.64453e+06
3.80914e+06
1.94538e+06
2.0521e+06
-2.41818e+06
-1.91581e+06
-592102
-830381
-7.08659e+06
-5.78556e+06
-2.80104e+06
-3.0182e+06
912477
839440
1.00474e+06
734451
-1.05818e+06
-885052
-535993
-515211
-2.20008e+06
-1.77678e+06
-724907
-845664
4.7296e+06
3.87284e+06
1.97914e+06
2.08256e+06
-2.42564e+06
-1.92423e+06
-585480
-833139
-7.12516e+06
-5.81922e+06
-2.82495e+06
-3.0433e+06
963576
879098
1.03214e+06
756904
-1.06035e+06
-889263
-542965
-524318
-2.23627e+06
-1.80852e+06
-767938
-883309
4.84747e+06
3.97111e+06
2.02992e+06
2.13676e+06
-2.40816e+06
-1.90887e+06
-569233
-820027
-7.15664e+06
-5.8446e+06
-2.83486e+06
-3.05671e+06
1.05261e+06
955302
1.0768e+06
795287
-1.02588e+06
-861922
-537455
-515084
1.7173e+06
1.42093e+06
857938
825369
-447460
-349978
-68177.1
-138457
2.41105e+06
1.97953e+06
1.04185e+06
1.06713e+06
-132895
-126191
-196745
-134716
-1.43627e+06
-1.19126e+06
-702670
-682570
-273201
-235201
-172786
-147984
1.74458e+06
1.44557e+06
867288
835399
-482045
-375582
-75152.7
-151042
2.44318e+06
2.01235e+06
1.08982e+06
1.10137e+06
-94807.5
-92556.7
-160037
-109022
-1.52426e+06
-1.26299e+06
-735766
-721880
-336472
-283873
-191757
-176742
1.79524e+06
1.48818e+06
884110
862432
-503806
-393792
-87624.7
-156989
2.5201e+06
2.08105e+06
1.14751e+06
1.15273e+06
-34542.9
-42669.7
-129893
-82105
-1.58585e+06
-1.31593e+06
-756526
-750078
-308958
-264212
-181463
-160832
1.88296e+06
1.56157e+06
922108
895998
-482544
-375612
-78665.6
-155726
2.57403e+06
2.13208e+06
1.20123e+06
1.18845e+06
57664.6
37857.8
-72538.5
-34521
-1.57288e+06
-1.29871e+06
-735285
-739378
-254288
-214523
-143158
-143333
1.96889e+06
1.62642e+06
956636
927286
-479211
-376159
-68585.1
-152503
2.67429e+06
2.21507e+06
1.28264e+06
1.24876e+06
114142
86260.7
-32880.5
5091.88
-1.6376e+06
-1.35169e+06
-752628
-755407
-215481
-183466
-111999
-115599
2.04223e+06
1.6899e+06
987658
964879
-496921
-386724
-65618.1
-152094
2.69907e+06
2.24305e+06
1.33129e+06
1.28411e+06
113941
88862.1
-9587.66
18895.3
-1.74403e+06
-1.43834e+06
-786996
-795539
-250718
-208056
-112289
-119968
2.02803e+06
1.68305e+06
981923
958381
-513091
-400103
-65568.6
-155543
2.77401e+06
2.30462e+06
1.37267e+06
1.32567e+06
30095.9
13988.7
-40078.1
-23658.4
-1.79432e+06
-1.47846e+06
-796569
-831471
-266581
-220170
-116837
-121927
2.07168e+06
1.72253e+06
1.00988e+06
988220
-447008
-343578
-27338.2
-114756
2.88801e+06
2.39903e+06
1.4228e+06
1.38633e+06
49600.7
29043
-30438.1
-9428.56
-1.68459e+06
-1.38814e+06
-740348
-771807
-210118
-171814
-95993.3
-97756.1
1.98819e+06
1.65591e+06
976741
954660
-503947
-387717
-55197.5
-139108
2.90691e+06
2.41542e+06
1.42488e+06
1.39249e+06
-76548.6
-75914.3
-93928.5
-72293.2
-1.66784e+06
-1.37144e+06
-730811
-768045
-248724
-205132
-114164
-109252
1.93799e+06
1.61709e+06
973352
942799
-498387
-385547
-56781.4
-135873
2.9006e+06
2.40948e+06
1.42365e+06
1.39466e+06
-162779
-146423
-130182
-106590
-1.58179e+06
-1.2994e+06
-685378
-717201
-258023
-209306
-106514
-114242
1.9415e+06
1.61903e+06
986593
940234
-450576
-348147
-34282.7
-121663
2.96605e+06
2.46354e+06
1.45007e+06
1.41672e+06
-221100
-193004
-154368
-134836
-1.50772e+06
-1.23947e+06
-650061
-686364
-215033
-174761
-84290
-95597.3
1.91637e+06
1.60216e+06
988878
946317
-418351
-319048
-11828.5
-99912.1
3.03454e+06
2.52013e+06
1.47788e+06
1.44954e+06
-298632
-258067
-186680
-164261
-1.43447e+06
-1.17884e+06
-610640
-649260
-214121
-172415
-80428.4
-84217.8
1.881e+06
1.56912e+06
991787
941129
-387446
-290801
-14556.5
-79168.4
3.09235e+06
2.56707e+06
1.48282e+06
1.47723e+06
-230114
-193698
-175304
-131333
-1.43475e+06
-1.17498e+06
-610042
-625335
-318320
-262685
-131574
-117609
1.83141e+06
1.52878e+06
986350
920014
-372440
-278869
-9134.41
-73092.2
3.04962e+06
2.52911e+06
1.4562e+06
1.44915e+06
-179715
-152558
-141623
-105852
-1.51091e+06
-1.2378e+06
-639713
-660411
-499877
-411766
-212642
-211098
1.78393e+06
1.49522e+06
990799
915001
-372438
-279754
-12728.6
-81486.3
3.11287e+06
2.58144e+06
1.47394e+06
1.47011e+06
-114664
-101034
-115332
-85466.6
-1.54603e+06
-1.26802e+06
-648053
-685498
-597478
-495980
-259548
-255288
1.73752e+06
1.46191e+06
1.00915e+06
910286
-342085
-253004
1373.91
-63856.7
3.12907e+06
2.59377e+06
1.47373e+06
1.47237e+06
-58917.6
-50524.2
-65962.5
-48380.2
-1.56104e+06
-1.27417e+06
-635224
-678394
-761049
-627381
-323340
-334834
1.73384e+06
1.46212e+06
1.02601e+06
917293
-355361
-262636
-6315.88
-60788.6
3.09402e+06
2.5625e+06
1.44721e+06
1.45768e+06
-42771.5
-32236.3
-46873.4
-21172.2
-1.64336e+06
-1.33843e+06
-659469
-695765
-892896
-734403
-383477
-386773
1.75412e+06
1.47894e+06
1.05733e+06
939028
-379984
-281782
-13993.6
-71757.9
3.09907e+06
2.56445e+06
1.434e+06
1.44714e+06
-72136.9
-55979.5
-51840.8
-25625.5
-1.75454e+06
-1.4299e+06
-701861
-746787
-1.0385e+06
-857416
-453827
-453514
1.73017e+06
1.46919e+06
1.07052e+06
942296
-392951
-302647
-15936.8
-99488.5
3.17036e+06
2.62002e+06
1.46331e+06
1.47272e+06
-81069.1
-66957.4
-58787.4
-41403.9
-1.81383e+06
-1.48237e+06
-720864
-778993
-1.12699e+06
-926876
-481416
-501346
1.75537e+06
1.49088e+06
1.08485e+06
963166
-346763
-265708
-1973.54
-72919
3.19925e+06
2.64398e+06
1.47917e+06
1.49067e+06
-71595.3
-61008.5
-52382.5
-34760.7
-1.88229e+06
-1.54181e+06
-756411
-808425
-1.18934e+06
-977603
-506649
-530584
1.74481e+06
1.48688e+06
1.09277e+06
959546
-339004
-257112
-6647.51
-74081.5
3.31792e+06
2.74463e+06
1.53326e+06
1.54085e+06
-45489.6
-38619.3
-48647.5
-35195.5
-1.90978e+06
-1.56147e+06
-759981
-828263
-1.20119e+06
-987999
-504290
-533445
1.76602e+06
1.50673e+06
1.12639e+06
987880
-313256
-239539
-8686.1
-63868.7
3.37126e+06
2.78656e+06
1.5518e+06
1.56934e+06
-50045.5
-42417.2
-46163.5
-27125.3
-1.90254e+06
-1.55262e+06
-752473
-814718
-1.23465e+06
-1.01176e+06
-503820
-544633
1.78884e+06
1.52603e+06
1.14606e+06
994213
-296210
-228476
-6843.38
-66972.9
3.42201e+06
2.82808e+06
1.56891e+06
1.58729e+06
-104761
-85987.7
-71332.9
-47615.9
-1.97223e+06
-1.61025e+06
-778292
-842138
-1.25218e+06
-1.02458e+06
-505011
-548604
1.82413e+06
1.55788e+06
1.16951e+06
1.0236e+06
-260578
-199060
-636.396
-51246.9
3.49764e+06
2.89049e+06
1.59726e+06
1.62065e+06
-163147
-136363
-107905
-76600.2
-2.02219e+06
-1.65283e+06
-803722
-867785
-1.27981e+06
-1.04741e+06
-511184
-552728
1.86618e+06
1.59294e+06
1.18755e+06
1.04618e+06
-256492
-192562
2994.6
-57991.2
3.55668e+06
2.9381e+06
1.62125e+06
1.6443e+06
-159842
-136832
-112733
-95472.1
-2.05951e+06
-1.68371e+06
-815980
-885122
-1.28032e+06
-1.04709e+06
-509082
-545594
1.93367e+06
1.6464e+06
1.19811e+06
1.0657e+06
-274473
-204652
13023.5
-53293.9
3.58706e+06
2.96371e+06
1.63044e+06
1.65859e+06
-115620
-102182
-88243.4
-76954.4
-2.12e+06
-1.73449e+06
-838774
-911370
-1.3071e+06
-1.06893e+06
-530829
-567361
2.03537e+06
1.72801e+06
1.23391e+06
1.1006e+06
-254875
-187243
23219.3
-44952.9
3.6847e+06
3.04171e+06
1.66138e+06
1.69254e+06
-15593.8
-22882.7
-58687.7
-49276.2
-2.11164e+06
-1.7287e+06
-830342
-915323
-1.20182e+06
-988989
-498490
-533238
2.20518e+06
1.86609e+06
1.29787e+06
1.17094e+06
-208304
-150643
42227.7
-25323.6
3.75208e+06
3.09762e+06
1.68364e+06
1.7186e+06
131456
98990
4187.49
15034.5
-2.01668e+06
-1.64689e+06
-785306
-868077
-1.11125e+06
-914241
-470846
-504532
2.3087e+06
1.94878e+06
1.33004e+06
1.21136e+06
-200205
-144128
66044.5
-16030.8
3.80312e+06
3.13802e+06
1.7028e+06
1.74256e+06
177760
137879
34196.4
49443
-2.04898e+06
-1.67374e+06
-788090
-870509
-1.05137e+06
-865523
-452319
-476742
2.42317e+06
2.04523e+06
1.37223e+06
1.2582e+06
-217831
-152316
79778.6
-8893.99
3.83597e+06
3.16747e+06
1.71418e+06
1.75749e+06
196114
156338
51273
61116.7
-2.09423e+06
-1.70866e+06
-798833
-888176
-1.0249e+06
-841570
-445298
-464865
2.4795e+06
2.09014e+06
1.38318e+06
1.28349e+06
-263576
-192704
62628.4
-26953.5
3.87562e+06
3.19187e+06
1.71158e+06
1.76205e+06
198510
152205
18649.9
63634
-2.09761e+06
-1.71051e+06
-824172
-887912
-1.01849e+06
-832937
-453733
-460261
2.57033e+06
2.16298e+06
1.41417e+06
1.32039e+06
-232632
-167634
77207.6
-4985.81
3.88067e+06
3.1948e+06
1.70263e+06
1.75922e+06
252081
191072
15362.6
70588.3
-2.03082e+06
-1.66049e+06
-823628
-870863
-963260
-789291
-438952
-440630
2.59472e+06
2.18521e+06
1.42166e+06
1.32448e+06
-335367
-250469
34990.5
-49930.2
3.9179e+06
3.22124e+06
1.69675e+06
1.76504e+06
210842
151701
-35884.3
30506.7
-2.04203e+06
-1.67425e+06
-855187
-897533
-920766
-756312
-428632
-433797
2.61051e+06
2.19329e+06
1.42714e+06
1.33792e+06
-403154
-309264
-721.956
-75683.8
3.88288e+06
3.18702e+06
1.65732e+06
1.73782e+06
173045
115833
-77576.7
5352.09
-2.02682e+06
-1.66592e+06
-873473
-894018
-934167
-769296
-437457
-435830
2.66327e+06
2.23786e+06
1.43386e+06
1.34972e+06
-438774
-335393
-16927.4
-95540.7
3.85185e+06
3.16145e+06
1.62552e+06
1.71592e+06
120464
71991.2
-132510
-25302.4
-2.0652e+06
-1.69951e+06
-918689
-921415
-914842
-751199
-442793
-431233
2.77952e+06
2.33258e+06
1.47553e+06
1.39031e+06
-437201
-333665
-12293.1
-90696.3
3.86957e+06
3.17401e+06
1.61429e+06
1.7124e+06
115830
62944.5
-167796
-52890.9
-2.05949e+06
-1.69902e+06
-945322
-941354
-872462
-718531
-434980
-423423
-3.52968e+06
-2.87656e+06
-1.35892e+06
-1.49363e+06
2.15333e+06
1.78611e+06
1.01409e+06
1.00728e+06
-932464
-771041
-453436
-464843
-508028
-458751
-482619
-383919
-10685.1
-16703.3
-30436
-12339
-673686
-537702
-222275
-253803
-3.56704e+06
-2.90522e+06
-1.38532e+06
-1.50933e+06
2.23278e+06
1.85128e+06
1.05836e+06
1.04495e+06
-777958
-642420
-379687
-385460
-424248
-389019
-455880
-339910
-93758.1
-80725.4
-63887.1
-46568.6
-805116
-650006
-288650
-316326
-3.64572e+06
-2.97206e+06
-1.44129e+06
-1.55358e+06
2.24539e+06
1.8643e+06
1.0725e+06
1.06354e+06
-700839
-576386
-341289
-350707
-351226
-327231
-448077
-306560
-225261
-192025
-136530
-100222
-854652
-690678
-319400
-355607
-3.65389e+06
-2.98179e+06
-1.46332e+06
-1.56909e+06
2.26528e+06
1.88395e+06
1.09267e+06
1.07352e+06
-580535
-477555
-285819
-288104
-321068
-306264
-455618
-309523
-405546
-340058
-217817
-191185
-927586
-754404
-360121
-387928
-3.67935e+06
-3.01067e+06
-1.48378e+06
-1.59527e+06
2.31641e+06
1.92445e+06
1.11918e+06
1.10392e+06
-437283
-361845
-225681
-232060
-250174
-258966
-438646
-299440
-469642
-397360
-254386
-231899
-1.06465e+06
-868607
-417004
-450227
-3.69299e+06
-3.02137e+06
-1.50043e+06
-1.6089e+06
2.42108e+06
2.00816e+06
1.17037e+06
1.13984e+06
-242540
-200876
-132090
-147992
-149752
-177460
-421584
-264568
-542303
-456968
-288309
-263952
-1.16563e+06
-954059
-468881
-503992
-3.71967e+06
-3.03567e+06
-1.50768e+06
-1.60805e+06
2.44847e+06
2.03188e+06
1.17069e+06
1.15988e+06
-210160
-172553
-110838
-111275
-101064
-138269
-395561
-240354
-569899
-473846
-292664
-286436
-1.20557e+06
-983035
-493848
-510189
-3.7527e+06
-3.06224e+06
-1.50916e+06
-1.61829e+06
2.49248e+06
2.06615e+06
1.18146e+06
1.17246e+06
-125562
-103560
-76181.6
-75662.5
-137249
-165334
-392607
-249466
-496040
-413317
-257683
-253845
-1.30245e+06
-1.06671e+06
-545283
-559978
-3.80816e+06
-3.10843e+06
-1.51774e+06
-1.64039e+06
2.46338e+06
2.03837e+06
1.16428e+06
1.16346e+06
-173713
-143548
-84205.8
-92348.9
-131629
-159550
-377872
-235306
-473303
-396026
-245514
-235822
-1.27728e+06
-1.04744e+06
-533400
-561330
-3.77796e+06
-3.08239e+06
-1.49381e+06
-1.62042e+06
2.44463e+06
2.02394e+06
1.14657e+06
1.14465e+06
-177686
-145777
-78178.4
-84613.1
-134572
-157481
-358189
-231456
-434772
-364996
-221166
-224383
-1.26664e+06
-1.03811e+06
-534918
-553247
-3.81389e+06
-3.10601e+06
-1.48956e+06
-1.62097e+06
2.43649e+06
2.01774e+06
1.13346e+06
1.1468e+06
-176951
-139875
-75547.3
-77134.7
-149477
-168104
-343244
-225069
-335602
-280883
-172156
-178974
-1.35708e+06
-1.10948e+06
-581252
-583664
-3.87549e+06
-3.15316e+06
-1.48659e+06
-1.63711e+06
2.46566e+06
2.03832e+06
1.13778e+06
1.14701e+06
-151895
-120032
-57686.5
-69498.7
-194700
-202334
-345667
-234245
-242421
-202774
-113583
-128782
-1.43801e+06
-1.17879e+06
-628204
-629435
-3.94617e+06
-3.20964e+06
-1.50249e+06
-1.65056e+06
2.54924e+06
2.10339e+06
1.16042e+06
1.18026e+06
-228174
-183095
-83934.3
-86002.6
-232145
-230198
-341762
-237787
-168363
-142428
-72965.6
-85055.8
-1.46885e+06
-1.20051e+06
-620259
-641685
-4.03982e+06
-3.28251e+06
-1.52992e+06
-1.68274e+06
2.60737e+06
2.15006e+06
1.17462e+06
1.19438e+06
-337718
-274618
-138663
-140273
-320264
-300379
-384456
-271737
-119664
-99862.6
-52720.5
-63190.6
-1.54716e+06
-1.26527e+06
-640893
-668070
-4.13907e+06
-3.36337e+06
-1.5714e+06
-1.72736e+06
2.64205e+06
2.17736e+06
1.18961e+06
1.21542e+06
-459510
-372746
-180836
-195309
-367265
-338111
-404585
-283911
-66461
-55503.6
-28053
-26852.4
-1.49843e+06
-1.21982e+06
-592569
-645263
-4.18663e+06
-3.40736e+06
-1.59666e+06
-1.7508e+06
2.73018e+06
2.24678e+06
1.21199e+06
1.24396e+06
-525331
-431682
-218908
-222758
-436034
-398238
-450459
-327485
-48291.2
-43998.3
-25989.7
-28241.8
-1.43995e+06
-1.17236e+06
-554309
-605818
-4.24237e+06
-3.45188e+06
-1.61044e+06
-1.77788e+06
2.80421e+06
2.30613e+06
1.22795e+06
1.27451e+06
-643691
-527517
-268281
-277697
-469997
-428771
-469609
-355851
46511.4
33582.6
5077.73
4175.47
-1.42465e+06
-1.15383e+06
-531516
-587938
-4.33892e+06
-3.528e+06
-1.63988e+06
-1.81324e+06
2.9087e+06
2.38985e+06
1.2638e+06
1.30614e+06
-719222
-590207
-302159
-319153
-504113
-456401
-493077
-369878
139777
109693
36430.1
46536.1
-1.4295e+06
-1.15637e+06
-516597
-581122
-4.4124e+06
-3.58556e+06
-1.67026e+06
-1.83172e+06
2.88865e+06
2.37007e+06
1.23682e+06
1.30441e+06
-824195
-673789
-365008
-357754
-592326
-531101
-532491
-406688
139779
109425
44574.6
48439.6
-1.39267e+06
-1.1274e+06
-499488
-558023
-4.47523e+06
-3.63415e+06
-1.68727e+06
-1.85619e+06
2.80455e+06
2.30333e+06
1.22356e+06
1.26152e+06
-832832
-682662
-382976
-373176
-754251
-660784
-598784
-476958
174443
142469
76489.9
64797.1
-1.38345e+06
-1.12431e+06
-503710
-563148
-4.53412e+06
-3.68546e+06
-1.71896e+06
-1.89165e+06
2.69856e+06
2.21554e+06
1.19038e+06
1.23352e+06
-944895
-779959
-448449
-436387
-840944
-734618
-647705
-515330
177676
141545
67973.5
75357.1
-1.22064e+06
-991467
-441903
-508893
-4.54035e+06
-3.68989e+06
-1.71412e+06
-1.89393e+06
2.59088e+06
2.13296e+06
1.16704e+06
1.1831e+06
-1.02983e+06
-849088
-485193
-475335
-992917
-857037
-708134
-589677
122326
97978.1
62651.8
43726.1
-1.06784e+06
-866339
-377411
-439436
-4.55677e+06
-3.70097e+06
-1.71385e+06
-1.89203e+06
2.52739e+06
2.08435e+06
1.15687e+06
1.17807e+06
-1.09884e+06
-904721
-526777
-505561
-1.12733e+06
-969370
-760871
-647717
181698
148529
98551.6
77356.1
-984483
-796928
-352239
-396024
-4.63157e+06
-3.75931e+06
-1.72979e+06
-1.92048e+06
2.47113e+06
2.03769e+06
1.15592e+06
1.15593e+06
-1.17408e+06
-968714
-565676
-550256
-1.29083e+06
-1.10322e+06
-836972
-714642
210525
175114
129491
98458.3
-894694
-725723
-324074
-366008
-4.65902e+06
-3.77714e+06
-1.72652e+06
-1.92864e+06
2.53524e+06
2.10257e+06
1.20104e+06
1.17486e+06
-1.18824e+06
-980307
-576532
-566818
-1.30163e+06
-1.10983e+06
-825807
-727701
289024
243104
175357
142774
-872430
-703791
-302530
-337165
-4.77659e+06
-3.86945e+06
-1.74088e+06
-1.96352e+06
2.64825e+06
2.19405e+06
1.26746e+06
1.23585e+06
-1.22928e+06
-1.01533e+06
-597732
-588010
-1.3737e+06
-1.16952e+06
-863177
-753837
284036
240530
178882
146263
-1.01861e+06
-828557
-364861
-400464
-4.77898e+06
-3.8725e+06
-1.73111e+06
-1.96586e+06
2.81099e+06
2.32975e+06
1.35259e+06
1.31603e+06
-1.21951e+06
-1.01052e+06
-595802
-592578
-1.28785e+06
-1.09957e+06
-838079
-722824
394590
328057
213502
192860
-944224
-766101
-322908
-383197
-4.79668e+06
-3.88761e+06
-1.71538e+06
-1.96302e+06
2.92693e+06
2.42661e+06
1.41822e+06
1.37621e+06
-1.23797e+06
-1.02673e+06
-597432
-593184
-1.24815e+06
-1.06931e+06
-832546
-713784
369661
303863
197621
176681
-913954
-741947
-306422
-355093
-4.89118e+06
-3.9562e+06
-1.72477e+06
-1.98361e+06
3.0198e+06
2.5096e+06
1.46502e+06
1.43164e+06
-1.32211e+06
-1.09143e+06
-641310
-626282
-1.26901e+06
-1.08797e+06
-850270
-730605
366760
304514
184524
171809
-1.01655e+06
-820613
-348112
-388697
-5.02829e+06
-4.06362e+06
-1.75656e+06
-2.02935e+06
3.15264e+06
2.61588e+06
1.52168e+06
1.48661e+06
-1.38221e+06
-1.14339e+06
-681162
-665483
-1.30332e+06
-1.11695e+06
-889379
-747292
357720
295184
158861
159291
-1.12846e+06
-914570
-406907
-443235
-5.09907e+06
-4.12579e+06
-1.79822e+06
-2.04891e+06
3.19991e+06
2.64998e+06
1.52237e+06
1.51383e+06
-1.41732e+06
-1.17937e+06
-701327
-675143
-1.3168e+06
-1.13128e+06
-903479
-758750
383095
311286
155569
173075
-1.06641e+06
-861552
-389972
-435670
-5.15566e+06
-4.17183e+06
-1.84749e+06
-2.08449e+06
3.23505e+06
2.67631e+06
1.51564e+06
1.51373e+06
-1.45073e+06
-1.20597e+06
-712713
-688779
-1.3905e+06
-1.1904e+06
-943176
-795692
304859
251504
129406
140327
-1.03494e+06
-837111
-374252
-419314
-5.27364e+06
-4.27528e+06
-1.92966e+06
-2.15531e+06
3.17946e+06
2.62615e+06
1.47368e+06
1.48302e+06
-1.60005e+06
-1.32956e+06
-773332
-756287
-1.41891e+06
-1.21443e+06
-965223
-809466
230720
186856
91107.2
108325
-842470
-673349
-288205
-343500
-5.32817e+06
-4.3233e+06
-1.98332e+06
-2.19649e+06
3.14583e+06
2.59765e+06
1.4388e+06
1.45019e+06
-1.67656e+06
-1.39029e+06
-796337
-784368
-1.51235e+06
-1.2916e+06
-1.01355e+06
-859741
71827.2
57902.9
25764.1
34917.6
-717204
-574602
-242107
-281236
-5.4036e+06
-4.39172e+06
-2.03982e+06
-2.24512e+06
3.15346e+06
2.59991e+06
1.427e+06
1.44876e+06
-1.69964e+06
-1.40843e+06
-801956
-796350
-1.55794e+06
-1.33337e+06
-1.0422e+06
-889198
25827.1
20658.1
3889.79
10348.5
-630404
-504806
-213683
-247263
-5.50553e+06
-4.47816e+06
-2.10756e+06
-2.30483e+06
3.19479e+06
2.62833e+06
1.4234e+06
1.44862e+06
-1.72892e+06
-1.43416e+06
-803553
-808031
-1.6105e+06
-1.37898e+06
-1.08076e+06
-920134
-54783.1
-46681.1
-29060
-21641.7
-509670
-408749
-179382
-204249
1.42659e+06
1.13949e+06
417880
528102
-1.28826e+06
-1.06418e+06
-586550
-582303
-3.02568e+06
-2.38272e+06
-630306
-989589
-1.067e+06
-851823
-312923
-384927
924215
733512
227231
322683
-1.09088e+06
-904380
-490848
-490905
1.47438e+06
1.18093e+06
440860
554013
-1.42937e+06
-1.17874e+06
-634583
-638817
-3.08672e+06
-2.42797e+06
-642587
-1.00949e+06
-1.20348e+06
-963404
-369320
-451085
896720
708097
208282
303646
-1.14718e+06
-949480
-517249
-510013
1.54047e+06
1.23718e+06
462284
574674
-1.45467e+06
-1.19622e+06
-635639
-651142
-3.0354e+06
-2.38613e+06
-600035
-981310
-1.22724e+06
-985024
-381648
-460208
979419
780648
243507
339408
-1.21166e+06
-997793
-527800
-541468
1.59754e+06
1.28277e+06
487412
595911
-1.47697e+06
-1.21515e+06
-634635
-657356
-3.03354e+06
-2.37835e+06
-580153
-964414
-1.32104e+06
-1.06119e+06
-422100
-496251
1.09578e+06
871909
289837
382089
-1.26694e+06
-1.03996e+06
-533030
-549290
1.72381e+06
1.38684e+06
539187
661665
-1.57682e+06
-1.2943e+06
-672628
-692751
-3.08629e+06
-2.41744e+06
-581100
-971952
-1.50492e+06
-1.21117e+06
-500702
-578732
1.19977e+06
956088
313079
426835
-1.28899e+06
-1.05545e+06
-537462
-550394
1.81376e+06
1.46067e+06
579026
694592
-1.69713e+06
-1.39412e+06
-714980
-742094
-3.16648e+06
-2.48421e+06
-596591
-1.00322e+06
-1.65495e+06
-1.33603e+06
-566016
-651969
1.2453e+06
989575
317746
433357
-1.34921e+06
-1.10937e+06
-570016
-581990
1.82381e+06
1.46648e+06
572479
705663
-1.74465e+06
-1.43124e+06
-736131
-772586
-3.31012e+06
-2.6022e+06
-656467
-1.0563e+06
-1.70619e+06
-1.3783e+06
-584948
-683008
1.28303e+06
1.02016e+06
322517
453291
-1.36246e+06
-1.11992e+06
-576505
-612875
1.76141e+06
1.41208e+06
543349
672956
-1.73964e+06
-1.43007e+06
-737920
-779743
-3.5289e+06
-2.78169e+06
-744776
-1.15237e+06
-1.72779e+06
-1.39491e+06
-581957
-692700
1.27076e+06
1.00567e+06
305368
438805
-1.31786e+06
-1.0817e+06
-551766
-588664
1.69695e+06
1.3592e+06
504790
643296
-1.66171e+06
-1.36605e+06
-712338
-747233
-3.67961e+06
-2.90511e+06
-796993
-1.21635e+06
-1.71047e+06
-1.37927e+06
-566219
-676492
1.28792e+06
1.02021e+06
308730
446616
-1.25956e+06
-1.02839e+06
-507731
-560664
1.61396e+06
1.29027e+06
470787
602676
-1.56617e+06
-1.28983e+06
-671493
-712220
-3.8468e+06
-3.03704e+06
-854922
-1.27795e+06
-1.71144e+06
-1.37936e+06
-555669
-668985
1.30434e+06
1.0329e+06
311409
453684
-1.17298e+06
-954775
-454069
-504973
1.57619e+06
1.25671e+06
450781
584987
-1.51616e+06
-1.25036e+06
-660320
-691587
-4.03681e+06
-3.19451e+06
-929868
-1.35824e+06
-1.76071e+06
-1.41971e+06
-568984
-686719
1.33882e+06
1.05731e+06
309203
455201
-1.08429e+06
-882370
-404857
-461814
1.54329e+06
1.2346e+06
440702
564237
-1.48356e+06
-1.22358e+06
-652067
-678485
-4.25306e+06
-3.36795e+06
-1.00662e+06
-1.45591e+06
-1.78955e+06
-1.43934e+06
-569956
-700630
1.35383e+06
1.06995e+06
301001
453094
-1.02661e+06
-833159
-378786
-430283
1.64008e+06
1.31103e+06
493372
608212
-1.56269e+06
-1.28008e+06
-686333
-684863
-4.32563e+06
-3.43248e+06
-1.02051e+06
-1.47386e+06
-1.81019e+06
-1.45564e+06
-577510
-700257
1.34805e+06
1.06404e+06
301541
445508
-991856
-806435
-378492
-408152
1.72953e+06
1.38526e+06
539682
651967
-1.70798e+06
-1.40338e+06
-750530
-757060
-4.48904e+06
-3.56621e+06
-1.09112e+06
-1.54011e+06
-1.86992e+06
-1.50439e+06
-604162
-728677
1.36246e+06
1.07302e+06
308143
447976
-1.05309e+06
-859400
-421680
-441273
1.81671e+06
1.45927e+06
585418
696793
-1.79491e+06
-1.47622e+06
-796839
-799042
-4.66677e+06
-3.71554e+06
-1.15305e+06
-1.6091e+06
-1.85577e+06
-1.49575e+06
-601262
-715642
1.43289e+06
1.13398e+06
335200
484327
-1.0945e+06
-893336
-446075
-468618
1.89466e+06
1.52665e+06
636782
732822
-1.88444e+06
-1.55023e+06
-837422
-848244
-4.8752e+06
-3.87893e+06
-1.22585e+06
-1.69489e+06
-1.90108e+06
-1.53126e+06
-623079
-734482
1.52481e+06
1.20556e+06
377276
511464
-1.142e+06
-931346
-468150
-487194
2.04025e+06
1.64745e+06
699819
817586
-1.97736e+06
-1.62513e+06
-894446
-881887
-5.04087e+06
-4.01177e+06
-1.29151e+06
-1.75687e+06
-1.995e+06
-1.60787e+06
-671702
-776896
1.65909e+06
1.3171e+06
416443
578712
-1.19693e+06
-976408
-504231
-506638
2.18216e+06
1.76592e+06
774841
861776
-2.07585e+06
-1.71135e+06
-940302
-947741
-5.2367e+06
-4.17483e+06
-1.36525e+06
-1.85944e+06
-2.06874e+06
-1.67085e+06
-705903
-828692
1.77218e+06
1.40717e+06
460152
608125
-1.23787e+06
-1.01699e+06
-542183
-550743
2.20149e+06
1.78295e+06
792145
911863
-2.2067e+06
-1.82423e+06
-1.00343e+06
-998421
-5.30429e+06
-4.22242e+06
-1.38014e+06
-1.87945e+06
-2.06767e+06
-1.67037e+06
-697711
-818926
1.71313e+06
1.36224e+06
443408
611513
-1.28369e+06
-1.05898e+06
-577526
-582983
2.10444e+06
1.70093e+06
747171
863369
-2.35931e+06
-1.9543e+06
-1.082e+06
-1.08206e+06
-5.29567e+06
-4.21633e+06
-1.38908e+06
-1.88714e+06
-2.03647e+06
-1.64516e+06
-686252
-815918
1.57065e+06
1.24418e+06
382444
543798
-1.30693e+06
-1.08092e+06
-602895
-607574
2.00104e+06
1.61908e+06
705966
815545
-2.47848e+06
-2.05051e+06
-1.13696e+06
-1.14251e+06
-5.25341e+06
-4.18227e+06
-1.36449e+06
-1.86967e+06
-1.94298e+06
-1.56736e+06
-643459
-770850
1.46715e+06
1.16538e+06
356237
499652
-1.34783e+06
-1.1101e+06
-613152
-629952
1.88048e+06
1.52002e+06
672331
764061
-2.56357e+06
-2.12387e+06
-1.17024e+06
-1.18627e+06
-5.20829e+06
-4.14345e+06
-1.34279e+06
-1.84611e+06
-1.86985e+06
-1.50963e+06
-610669
-734692
1.3919e+06
1.10389e+06
343383
477853
-1.36112e+06
-1.12152e+06
-612187
-626748
1.86705e+06
1.51369e+06
686179
770466
-2.64599e+06
-2.18737e+06
-1.19679e+06
-1.21877e+06
-5.15446e+06
-4.0971e+06
-1.31117e+06
-1.81839e+06
-1.84987e+06
-1.49067e+06
-595433
-725370
1.34918e+06
1.0727e+06
343555
463563
-1.34228e+06
-1.10475e+06
-597375
-616358
1.85028e+06
1.50048e+06
691789
771497
-2.72795e+06
-2.25929e+06
-1.23637e+06
-1.24439e+06
-5.14359e+06
-4.09251e+06
-1.31111e+06
-1.81099e+06
-1.79215e+06
-1.44449e+06
-566520
-697206
1.31685e+06
1.04588e+06
335868
462816
-1.32308e+06
-1.0931e+06
-604733
-607117
1.79252e+06
1.45797e+06
670714
742514
-2.81786e+06
-2.31888e+06
-1.2769e+06
-1.28819e+06
-5.06601e+06
-4.03051e+06
-1.26249e+06
-1.79083e+06
-1.71387e+06
-1.37938e+06
-524841
-667886
1.28272e+06
1.02118e+06
332627
446766
-1.31831e+06
-1.09174e+06
-592570
-618909
1.83979e+06
1.49611e+06
679013
756249
-2.84019e+06
-2.33982e+06
-1.29301e+06
-1.30719e+06
-4.96514e+06
-3.94284e+06
-1.20036e+06
-1.73191e+06
-1.59026e+06
-1.2746e+06
-467572
-609311
1.32664e+06
1.05725e+06
354351
469138
-1.26731e+06
-1.04647e+06
-561178
-590062
1.84575e+06
1.49836e+06
670745
755653
-2.83984e+06
-2.34366e+06
-1.29814e+06
-1.3105e+06
-4.9022e+06
-3.89179e+06
-1.14027e+06
-1.67764e+06
-1.4553e+06
-1.16633e+06
-408749
-538957
1.34825e+06
1.07808e+06
374639
489363
-1.28151e+06
-1.05607e+06
-546013
-582780
1.84493e+06
1.49689e+06
652005
751996
-2.81555e+06
-2.32433e+06
-1.30181e+06
-1.30129e+06
-4.8342e+06
-3.83059e+06
-1.09102e+06
-1.63322e+06
-1.32617e+06
-1.06197e+06
-362395
-483181
1.41657e+06
1.13137e+06
403170
518848
-1.28214e+06
-1.05504e+06
-533701
-568723
1.84676e+06
1.49526e+06
640154
747183
-2.89083e+06
-2.38828e+06
-1.35194e+06
-1.34073e+06
-4.82652e+06
-3.81967e+06
-1.0633e+06
-1.61855e+06
-1.2983e+06
-1.0399e+06
-356380
-475334
1.45703e+06
1.16504e+06
409639
536992
-1.27817e+06
-1.04853e+06
-516172
-558793
1.87074e+06
1.51401e+06
640623
740490
-2.94564e+06
-2.43704e+06
-1.38905e+06
-1.3825e+06
-4.81053e+06
-3.80505e+06
-1.03858e+06
-1.60843e+06
-1.23467e+06
-987289
-330285
-457376
1.52262e+06
1.21734e+06
433287
549425
-1.26256e+06
-1.03594e+06
-503629
-555425
1.96041e+06
1.5835e+06
669016
769218
-2.88711e+06
-2.38729e+06
-1.37853e+06
-1.3664e+06
-4.81364e+06
-3.79635e+06
-1.03225e+06
-1.58944e+06
-1.17857e+06
-937422
-300641
-419025
1.5625e+06
1.24926e+06
458885
563664
-1.22478e+06
-997185
-489336
-526038
1.99278e+06
1.61e+06
672576
784502
-2.81867e+06
-2.33194e+06
-1.34608e+06
-1.33962e+06
-4.85745e+06
-3.83063e+06
-1.05028e+06
-1.59685e+06
-1.16041e+06
-920975
-281235
-400934
1.53868e+06
1.23096e+06
455300
565739
-1.296e+06
-1.0541e+06
-515800
-546690
1.99878e+06
1.61041e+06
657563
786578
-2.69259e+06
-2.22955e+06
-1.30086e+06
-1.28178e+06
-4.88367e+06
-3.85932e+06
-1.07349e+06
-1.60449e+06
-1.12178e+06
-892845
-268291
-373916
1.57826e+06
1.26399e+06
475687
587675
-1.34694e+06
-1.09576e+06
-527905
-566389
1.9542e+06
1.57447e+06
627197
760146
-2.59688e+06
-2.15382e+06
-1.2662e+06
-1.2458e+06
-4.98701e+06
-3.94306e+06
-1.1387e+06
-1.65273e+06
-1.14575e+06
-912106
-292124
-382915
1.63424e+06
1.31026e+06
490625
610998
-1.42621e+06
-1.1576e+06
-556299
-587031
1.99638e+06
1.60587e+06
624203
766826
-2.50921e+06
-2.08167e+06
-1.24818e+06
-1.21298e+06
-5.09677e+06
-4.03401e+06
-1.20167e+06
-1.71951e+06
-1.19904e+06
-956154
-326948
-421434
1.68007e+06
1.34616e+06
489662
619301
-1.51095e+06
-1.22548e+06
-600170
-628194
2.02947e+06
1.63499e+06
635347
766845
-2.41451e+06
-2.00527e+06
-1.20674e+06
-1.17866e+06
-5.19527e+06
-4.11652e+06
-1.24307e+06
-1.77258e+06
-1.20684e+06
-962582
-326488
-431958
1.7061e+06
1.36639e+06
499162
622854
-1.58496e+06
-1.28955e+06
-630507
-671806
627013
524791
315240
296495
-3.46618e+06
-2.88225e+06
-1.70089e+06
-1.65642e+06
1.36913e+06
1.08172e+06
322837
455501
490820
282871
-571342
-209589
2.7073e+06
2.19443e+06
928107
1.08448e+06
-2.10525e+06
-1.70379e+06
-712861
-840262
804603
670069
404656
370911
-3.61762e+06
-3.00756e+06
-1.76126e+06
-1.73158e+06
1.45519e+06
1.15229e+06
371354
484504
487597
280040
-569379
-213178
2.69894e+06
2.18501e+06
914223
1.0712e+06
-2.17785e+06
-1.76346e+06
-726023
-869905
978744
816133
483172
468413
-3.70562e+06
-3.07922e+06
-1.7984e+06
-1.77631e+06
1.59307e+06
1.26641e+06
425683
562444
521349
308093
-564447
-196161
2.73549e+06
2.20913e+06
915602
1.09076e+06
-2.17979e+06
-1.76071e+06
-712524
-858602
1.12225e+06
928439
554021
526318
-3.84501e+06
-3.19415e+06
-1.84224e+06
-1.8252e+06
1.68937e+06
1.34059e+06
473826
598886
516644
301401
-570701
-201248
2.72743e+06
2.20513e+06
899916
1.08e+06
-2.20089e+06
-1.77861e+06
-706581
-860064
1.29369e+06
1.07379e+06
631893
605787
-3.9541e+06
-3.27893e+06
-1.87665e+06
-1.86925e+06
1.77044e+06
1.40912e+06
506793
636580
528084
313017
-566157
-202233
2.68586e+06
2.16691e+06
871016
1.05488e+06
-2.20215e+06
-1.77615e+06
-699838
-857672
1.46507e+06
1.21345e+06
698568
681569
-4.0353e+06
-3.34271e+06
-1.88652e+06
-1.89568e+06
1.87715e+06
1.49987e+06
563832
680846
557251
334398
-557860
-183607
2.63072e+06
2.1211e+06
840872
1.01883e+06
-2.21695e+06
-1.78728e+06
-694691
-861256
1.55016e+06
1.28302e+06
734542
729197
-4.05468e+06
-3.358e+06
-1.89096e+06
-1.88763e+06
1.95366e+06
1.5658e+06
566996
737423
567943
340862
-561739
-189525
2.74572e+06
2.21229e+06
878895
1.06298e+06
-2.25421e+06
-1.8147e+06
-711999
-860431
1.59945e+06
1.32449e+06
757952
750082
-4.03797e+06
-3.34358e+06
-1.88891e+06
-1.88996e+06
2.01373e+06
1.61125e+06
559793
739342
638281
400167
-545727
-164241
2.89425e+06
2.33583e+06
925786
1.12681e+06
-2.30166e+06
-1.85388e+06
-739714
-888686
1.56949e+06
1.29989e+06
748056
743052
-4.05438e+06
-3.35603e+06
-1.89584e+06
-1.90664e+06
2.04943e+06
1.63517e+06
541468
738593
645794
402242
-567753
-177156
3.02621e+06
2.44014e+06
977321
1.18079e+06
-2.37246e+06
-1.91134e+06
-769174
-928218
1.54282e+06
1.27717e+06
735960
728888
-4.0809e+06
-3.37748e+06
-1.89819e+06
-1.91162e+06
2.07232e+06
1.65036e+06
517782
732500
636427
392490
-595462
-190307
3.14072e+06
2.53842e+06
1.01213e+06
1.23171e+06
-2.43695e+06
-1.96296e+06
-798111
-951858
1.5359e+06
1.27452e+06
737716
733637
-4.04561e+06
-3.34501e+06
-1.86418e+06
-1.88448e+06
2.08463e+06
1.65579e+06
493373
729571
656698
409678
-589448
-183438
3.23143e+06
2.60819e+06
1.04611e+06
1.27221e+06
-2.45872e+06
-1.9799e+06
-799680
-956169
1.54588e+06
1.27824e+06
731409
729903
-4.00267e+06
-3.3097e+06
-1.83302e+06
-1.85544e+06
2.1219e+06
1.67854e+06
479365
719862
718138
453465
-580867
-158841
3.28844e+06
2.65183e+06
1.05376e+06
1.28331e+06
-2.48773e+06
-2.00721e+06
-817851
-971572
1.59765e+06
1.32369e+06
757876
743496
-4.07666e+06
-3.36246e+06
-1.86743e+06
-1.87382e+06
2.15798e+06
1.70563e+06
493336
721279
787544
505050
-571560
-149772
3.45795e+06
2.78317e+06
1.1327e+06
1.3263e+06
-2.55305e+06
-2.05678e+06
-833389
-1.00808e+06
1.61763e+06
1.34178e+06
791934
769407
-4.19245e+06
-3.46174e+06
-1.92368e+06
-1.9293e+06
2.14477e+06
1.6959e+06
503969
728373
813664
525179
-574619
-133650
3.58526e+06
2.89345e+06
1.20672e+06
1.40942e+06
-2.66641e+06
-2.14889e+06
-861068
-1.03981e+06
1.62677e+06
1.35424e+06
808625
792580
-4.24634e+06
-3.5061e+06
-1.96393e+06
-1.96664e+06
2.17285e+06
1.71999e+06
518216
751159
862331
562536
-584983
-121913
3.71735e+06
3.00275e+06
1.28208e+06
1.4839e+06
-2.73056e+06
-2.19861e+06
-876064
-1.05702e+06
1.64691e+06
1.36971e+06
830450
797773
-4.2724e+06
-3.5309e+06
-1.99235e+06
-1.99185e+06
2.20147e+06
1.74377e+06
531116
759057
902016
591307
-599899
-126296
3.8478e+06
3.1153e+06
1.35259e+06
1.54714e+06
-2.77885e+06
-2.23771e+06
-892377
-1.07837e+06
1.66232e+06
1.38649e+06
848980
812423
-4.29444e+06
-3.55034e+06
-2.02054e+06
-2.00587e+06
2.18104e+06
1.72614e+06
517794
753031
929556
610027
-617980
-129198
3.94099e+06
3.19309e+06
1.40573e+06
1.60127e+06
-2.83821e+06
-2.28358e+06
-917369
-1.10139e+06
1.69614e+06
1.41307e+06
862423
832815
-4.33899e+06
-3.59056e+06
-2.04522e+06
-2.03239e+06
2.17379e+06
1.72131e+06
518904
739941
972961
639926
-626338
-124706
4.025e+06
3.26428e+06
1.45493e+06
1.63588e+06
-2.90302e+06
-2.33829e+06
-938095
-1.13476e+06
1.62448e+06
1.36218e+06
838047
805139
-4.50294e+06
-3.72658e+06
-2.13371e+06
-2.10237e+06
2.1717e+06
1.72332e+06
528820
748033
902297
582964
-666830
-163072
4.14144e+06
3.36014e+06
1.51341e+06
1.68613e+06
-2.97183e+06
-2.39137e+06
-959045
-1.15628e+06
1.59595e+06
1.33794e+06
830691
792001
-4.69229e+06
-3.88525e+06
-2.23535e+06
-2.19984e+06
2.22493e+06
1.76835e+06
560403
770158
891515
571433
-693471
-179462
4.27142e+06
3.47067e+06
1.56125e+06
1.75005e+06
-2.99375e+06
-2.40977e+06
-966153
-1.16899e+06
1.50235e+06
1.26048e+06
790743
759208
-4.85645e+06
-4.02383e+06
-2.32449e+06
-2.29397e+06
2.28306e+06
1.81504e+06
595006
807015
855728
537477
-736993
-206893
4.37973e+06
3.55445e+06
1.60771e+06
1.80149e+06
-3.01324e+06
-2.42419e+06
-969206
-1.1754e+06
1.42806e+06
1.2005e+06
757273
725622
-5.0094e+06
-4.14762e+06
-2.41009e+06
-2.36122e+06
2.35212e+06
1.8764e+06
632488
843730
827573
513800
-777606
-232938
4.49507e+06
3.65578e+06
1.64867e+06
1.85447e+06
-2.9929e+06
-2.4064e+06
-961007
-1.16391e+06
1.30503e+06
1.09661e+06
715866
667739
-5.22269e+06
-4.32973e+06
-2.50749e+06
-2.46898e+06
2.32704e+06
1.85082e+06
635705
835483
755251
447275
-817342
-282266
4.52149e+06
3.6696e+06
1.67005e+06
1.86295e+06
-3.01555e+06
-2.42893e+06
-959795
-1.17609e+06
1.23162e+06
1.03923e+06
674535
638896
-5.40547e+06
-4.47783e+06
-2.59208e+06
-2.54698e+06
2.33472e+06
1.86407e+06
649200
843083
719438
416668
-858033
-295100
4.53271e+06
3.68411e+06
1.66643e+06
1.86761e+06
-3.02887e+06
-2.43545e+06
-964132
-1.17347e+06
1.2178e+06
1.02494e+06
667169
623210
-5.43178e+06
-4.50626e+06
-2.62259e+06
-2.58502e+06
2.36369e+06
1.88956e+06
653024
857326
704492
404562
-870091
-325626
4.63422e+06
3.76503e+06
1.70182e+06
1.90299e+06
-2.98948e+06
-2.40431e+06
-958927
-1.15875e+06
1.18567e+06
997621
665908
612529
-5.41086e+06
-4.49175e+06
-2.62789e+06
-2.58541e+06
2.43253e+06
1.94265e+06
678807
880683
768745
457492
-835937
-297997
4.7169e+06
3.83398e+06
1.74165e+06
1.94634e+06
-2.93651e+06
-2.36429e+06
-943135
-1.14291e+06
1.07265e+06
907562
633794
580389
-5.38686e+06
-4.47482e+06
-2.63904e+06
-2.58459e+06
2.47277e+06
1.97387e+06
684293
911028
795226
479730
-821403
-275350
4.81523e+06
3.91455e+06
1.79272e+06
2.00566e+06
-2.92605e+06
-2.35588e+06
-940829
-1.12824e+06
969021
820943
605899
538086
-5.39037e+06
-4.48271e+06
-2.65218e+06
-2.59212e+06
2.49641e+06
1.9873e+06
681056
909786
801274
483757
-812514
-272750
4.88486e+06
3.97267e+06
1.82199e+06
2.03715e+06
-2.92697e+06
-2.36033e+06
-943694
-1.13416e+06
898833
769737
593969
512495
-5.38049e+06
-4.47593e+06
-2.66186e+06
-2.59871e+06
2.52529e+06
2.00996e+06
670214
907672
847381
523334
-787669
-251854
4.94519e+06
4.02163e+06
1.84836e+06
2.0592e+06
-2.87703e+06
-2.31881e+06
-931050
-1.11998e+06
838496
719093
569594
493500
-5.35614e+06
-4.45421e+06
-2.65701e+06
-2.59181e+06
2.56368e+06
2.04123e+06
677752
911646
895580
563815
-763786
-227473
4.96968e+06
4.04293e+06
1.85924e+06
2.06966e+06
-2.84133e+06
-2.2899e+06
-925308
-1.11102e+06
798941
686881
545588
468616
-5.45836e+06
-4.53887e+06
-2.71887e+06
-2.62652e+06
2.59474e+06
2.0677e+06
694123
930833
920647
577280
-749907
-217961
4.95969e+06
4.03236e+06
1.86749e+06
2.06523e+06
-2.9087e+06
-2.34568e+06
-946363
-1.13646e+06
811081
695246
541016
469099
-5.61231e+06
-4.66883e+06
-2.79922e+06
-2.71327e+06
2.625e+06
2.09632e+06
718131
951003
949044
603796
-744438
-195955
4.8987e+06
3.98756e+06
1.84705e+06
2.05632e+06
-3.03256e+06
-2.44464e+06
-989942
-1.18046e+06
828345
708615
538534
474296
-5.70997e+06
-4.74946e+06
-2.85517e+06
-2.77946e+06
2.70052e+06
2.15699e+06
751043
981422
973644
621100
-746360
-196876
4.86999e+06
3.96134e+06
1.84523e+06
2.04543e+06
-3.12059e+06
-2.51505e+06
-1.01508e+06
-1.22208e+06
845589
721179
535931
475796
-5.79314e+06
-4.81833e+06
-2.89843e+06
-2.81662e+06
2.75515e+06
2.20592e+06
776669
1.01204e+06
987504
634449
-759167
-191212
4.83642e+06
3.94121e+06
1.83236e+06
2.03644e+06
-3.18979e+06
-2.5679e+06
-1.03812e+06
-1.24315e+06
850330
724548
530013
470378
-5.87379e+06
-4.88415e+06
-2.93792e+06
-2.84898e+06
2.75087e+06
2.20144e+06
777254
1.01516e+06
974643
622421
-771042
-207369
4.73237e+06
3.85613e+06
1.79731e+06
2.00176e+06
-3.28317e+06
-2.6434e+06
-1.06832e+06
-1.27768e+06
861193
727397
506663
471963
-5.94188e+06
-4.9447e+06
-2.97123e+06
-2.88219e+06
2.79914e+06
2.24015e+06
804446
1.03419e+06
1.00334e+06
639748
-776616
-192871
4.62463e+06
3.7638e+06
1.75365e+06
1.94598e+06
-3.36701e+06
-2.7145e+06
-1.10014e+06
-1.31434e+06
922870
778717
518668
479097
1.1932e+06
1.08854e+06
1.23997e+06
916415
130445
118341
149210
110036
3.47147e+06
2.802e+06
1.1509e+06
1.35688e+06
166939
133338
90761.4
68612.7
-1.16992e+06
-977882
-594977
-588831
900260
760527
504884
472277
1.14491e+06
1.05212e+06
1.22702e+06
902106
130573
119601
149690
115123
3.55464e+06
2.87383e+06
1.19025e+06
1.40549e+06
176013
146837
100146
88115.4
-1.17956e+06
-978284
-597399
-576936
825511
697568
466497
440706
1.13672e+06
1.04808e+06
1.23464e+06
894644
77675
77566.8
133118
91597.2
3.55924e+06
2.87367e+06
1.17736e+06
1.40251e+06
148610
124076
98724.1
86625.5
-1.29425e+06
-1.07598e+06
-647135
-622685
740977
625383
417459
401185
1.13992e+06
1.04837e+06
1.23972e+06
910755
63211.8
64889.1
124986
87515.8
3.55817e+06
2.86617e+06
1.14229e+06
1.39568e+06
138196
112660
85718.3
83009.4
-1.41759e+06
-1.17768e+06
-713710
-674356
665396
563663
382782
351909
1.08171e+06
1.00541e+06
1.23125e+06
884052
62149.7
63608.5
125632
80600.3
3.53444e+06
2.84825e+06
1.12958e+06
1.36643e+06
37427.2
31849.5
44789.6
33680.9
-1.61306e+06
-1.33811e+06
-779111
-769362
621594
527760
366969
343305
1.06168e+06
989589
1.23806e+06
892828
66159.7
67645.4
131947
93147.9
3.56189e+06
2.86834e+06
1.13708e+06
1.38814e+06
-22805.6
-17387
29557.1
8780.85
-1.73118e+06
-1.43289e+06
-825421
-807819
623916
527239
368686
338491
1.14512e+06
1.05498e+06
1.28533e+06
936061
34839.9
42398.1
100553
74312
3.67314e+06
2.95769e+06
1.18025e+06
1.41348e+06
-16510.2
-14100.4
27272.4
6338.51
-1.71196e+06
-1.42527e+06
-813818
-822471
622385
527258
366076
344074
1.19218e+06
1.09819e+06
1.31912e+06
966155
5584.73
16375.9
69375
51584.1
3.82216e+06
3.08566e+06
1.25751e+06
1.49484e+06
-26657.2
-20232.4
10352.8
3095.71
-1.67277e+06
-1.38484e+06
-784920
-787600
631019
533446
361380
335739
1.29602e+06
1.1851e+06
1.36639e+06
1.0082e+06
-25149.7
-10912.1
35715.3
21938
3.95117e+06
3.18991e+06
1.29461e+06
1.54194e+06
33591.1
25966.4
16204.1
18274.5
-1.66337e+06
-1.37679e+06
-778455
-780147
641285
542643
365294
335833
1.3703e+06
1.24612e+06
1.41393e+06
1.04385e+06
-41097.8
-26182.7
14415.8
3157.94
4.04096e+06
3.25842e+06
1.3168e+06
1.57475e+06
95882.3
73697.5
19952.4
28347.9
-1.69401e+06
-1.39921e+06
-783265
-789177
672607
567993
368117
350320
1.45176e+06
1.31895e+06
1.47017e+06
1.09501e+06
-58523.7
-43127.1
-15409.3
-12391.3
4.13054e+06
3.33523e+06
1.35582e+06
1.61203e+06
77857.4
57120.1
-9136.53
16517.3
-1.75081e+06
-1.44358e+06
-778271
-805560
685702
576418
374883
359691
1.51048e+06
1.36623e+06
1.50655e+06
1.14077e+06
-77684.9
-64336.8
-46039
-26649.4
4.2632e+06
3.4409e+06
1.40831e+06
1.67924e+06
33247.5
14965.2
-47149.2
-13872.7
-1.78463e+06
-1.46978e+06
-791774
-802435
666847
565692
396826
340104
1.52069e+06
1.38046e+06
1.53669e+06
1.15199e+06
-150188
-123500
-77076.8
-71394.5
4.37068e+06
3.53004e+06
1.47349e+06
1.72195e+06
47895.9
33079.9
-28494.3
-15448.2
-1.74618e+06
-1.4427e+06
-762196
-815483
747279
637097
458439
392776
1.51284e+06
1.37749e+06
1.56483e+06
1.16514e+06
-186598
-154273
-86933.1
-85417.1
4.47881e+06
3.62041e+06
1.53112e+06
1.78538e+06
119176
93424.4
20542.9
25006.1
-1.64004e+06
-1.35101e+06
-709476
-755486
885590
753675
536879
469798
1.57277e+06
1.4335e+06
1.61806e+06
1.21095e+06
-189273
-154396
-87473.4
-86665.8
4.60861e+06
3.72533e+06
1.56959e+06
1.84397e+06
255420
210209
97201.7
106530
-1.51883e+06
-1.25084e+06
-657937
-684821
1.03361e+06
875993
611979
537479
1.63623e+06
1.48371e+06
1.67277e+06
1.24564e+06
-162620
-134770
-76759.3
-79753.9
4.7188e+06
3.80795e+06
1.58569e+06
1.87574e+06
427272
347278
174018
178332
-1.4043e+06
-1.16001e+06
-612538
-646021
1.13223e+06
958843
663454
587502
1.66297e+06
1.51453e+06
1.71765e+06
1.27161e+06
-157722
-130576
-80063.6
-80735.3
4.8101e+06
3.88436e+06
1.61281e+06
1.89994e+06
494832
404418
202735
209837
-1.34323e+06
-1.11016e+06
-574562
-623919
1.20657e+06
1.02289e+06
717136
633390
1.68166e+06
1.53261e+06
1.75447e+06
1.30852e+06
-158531
-131355
-77175.8
-73894.1
4.89416e+06
3.95065e+06
1.64161e+06
1.94203e+06
553913
454279
235452
236769
-1.29313e+06
-1.06515e+06
-556381
-586232
1.23122e+06
1.04086e+06
732892
660791
1.699e+06
1.55305e+06
1.77836e+06
1.32516e+06
-238661
-194793
-112670
-107503
4.94003e+06
3.98704e+06
1.66922e+06
1.94485e+06
564880
465722
251405
259402
-1.17232e+06
-969318
-514487
-536073
1.19128e+06
1.0081e+06
711440
649294
1.72019e+06
1.57325e+06
1.79715e+06
1.33861e+06
-286889
-235353
-141241
-134821
4.9977e+06
4.03938e+06
1.70715e+06
1.98876e+06
518227
429940
230432
248214
-1.10175e+06
-908930
-502914
-501395
1.23459e+06
1.0439e+06
725918
659481
1.81022e+06
1.65243e+06
1.85844e+06
1.38204e+06
-263972
-215849
-131955
-135009
5.11695e+06
4.1375e+06
1.76266e+06
2.03711e+06
549218
455968
258688
263986
-1.05905e+06
-875786
-487906
-484226
1.27701e+06
1.07863e+06
734837
683265
1.88468e+06
1.71541e+06
1.91115e+06
1.43719e+06
-220578
-179112
-116543
-109387
5.22855e+06
4.2282e+06
1.79908e+06
2.09601e+06
579845
483286
266997
289581
-1.05667e+06
-870854
-499657
-472342
1.28128e+06
1.07911e+06
720964
668388
1.9419e+06
1.76511e+06
1.94788e+06
1.46877e+06
-215731
-178856
-131740
-115072
5.29599e+06
4.28311e+06
1.81914e+06
2.11537e+06
526812
438703
231010
258489
-1.07482e+06
-892816
-515521
-502157
1.25642e+06
1.0579e+06
703413
662706
1.96604e+06
1.78747e+06
1.97247e+06
1.48513e+06
-225508
-188428
-146392
-125188
5.34106e+06
4.31968e+06
1.83799e+06
2.1361e+06
446674
369100
189207
211077
-1.11345e+06
-922166
-552755
-521083
1.17515e+06
990558
667977
618346
1.95699e+06
1.7754e+06
1.95704e+06
1.49188e+06
-198068
-171897
-133485
-113439
5.37841e+06
4.34783e+06
1.84563e+06
2.1485e+06
432413
350999
180744
184483
-1.13504e+06
-940005
-572335
-542364
1.05409e+06
891242
614266
571602
1.81104e+06
1.65513e+06
1.8801e+06
1.42478e+06
-227307
-194552
-137602
-121212
5.33303e+06
4.31168e+06
1.83341e+06
2.13873e+06
362927
297447
158013
165400
-1.23395e+06
-1.01854e+06
-618392
-577039
959933
814612
573956
515760
1.7058e+06
1.56786e+06
1.82905e+06
1.3601e+06
-221405
-183910
-111321
-121665
5.2986e+06
4.2845e+06
1.81712e+06
2.11356e+06
360061
297018
177320
160698
-1.39062e+06
-1.14889e+06
-679467
-652300
896234
765670
543930
491995
1.58779e+06
1.47494e+06
1.78199e+06
1.31269e+06
-162241
-128777
-60616
-81745.1
5.28571e+06
4.27584e+06
1.80166e+06
2.10861e+06
403117
339374
205607
189441
-1.55491e+06
-1.27307e+06
-745776
-714307
883765
751886
529733
483778
1.52159e+06
1.41876e+06
1.7551e+06
1.28867e+06
-85935.4
-66866.8
-13543.2
-29762.1
5.30064e+06
4.28539e+06
1.80591e+06
2.11383e+06
389089
324574
208524
198513
-1.70621e+06
-1.40274e+06
-792225
-774877
820018
701523
512233
455969
1.39824e+06
1.31803e+06
1.70251e+06
1.23066e+06
-36145.9
-23975.2
22273.9
-3594.22
5.28988e+06
4.27616e+06
1.79714e+06
2.1092e+06
332750
281243
195688
166860
-1.87834e+06
-1.54129e+06
-870880
-850454
864627
732675
528229
467821
1.39618e+06
1.31712e+06
1.69969e+06
1.23754e+06
-24628.5
-12794.4
30443.8
14492.9
5.36447e+06
4.33592e+06
1.82394e+06
2.1299e+06
377222
329370
209388
209212
-1.88286e+06
-1.55205e+06
-884714
-874012
894856
757220
546835
484014
1.39309e+06
1.3121e+06
1.69123e+06
1.22613e+06
-41755.4
-29223.3
26813.5
3303.6
5.40348e+06
4.3667e+06
1.84251e+06
2.14844e+06
398103
343295
217061
208370
-1.82145e+06
-1.50391e+06
-865681
-854364
968647
816359
573611
510389
1.4239e+06
1.33395e+06
1.69533e+06
1.23579e+06
-2723.07
2885
45535.6
15417.8
5.46553e+06
4.41448e+06
1.85104e+06
2.16373e+06
537508
455035
271637
264795
-1.76731e+06
-1.46442e+06
-852586
-823728
1.05198e+06
886513
610411
546676
1.38779e+06
1.30552e+06
1.68063e+06
1.22187e+06
54790.2
52257.3
80917.1
43883
5.517e+06
4.45349e+06
1.8511e+06
2.18139e+06
654798
553592
309684
319040
-1.77154e+06
-1.46486e+06
-861808
-828361
1.08837e+06
915208
622639
566124
1.35034e+06
1.27757e+06
1.67253e+06
1.20731e+06
59578.7
57502.6
87664.3
55041.2
5.54988e+06
4.48098e+06
1.85437e+06
2.18555e+06
628180
528318
286976
306115
-1.83827e+06
-1.52281e+06
-884562
-862759
1.12754e+06
948086
639690
583276
1.31913e+06
1.24982e+06
1.65801e+06
1.1958e+06
87051.2
79309.8
101239
67940.9
5.58849e+06
4.50936e+06
1.8577e+06
2.20069e+06
632156
529378
274319
289776
-1.87329e+06
-1.55054e+06
-917465
-882951
-668705
-462453
308924
18440.6
948826
760370
282412
354786
-1.50975e+06
-1.21391e+06
-471183
-568349
-1.23149e+06
-1.11284e+06
-1.18794e+06
-892466
-971057
-845785
-703421
-583811
696843
558279
203719
253057
-721730
-504350
305416
5827.97
1.0178e+06
820076
312220
389024
-1.66923e+06
-1.34559e+06
-542768
-644892
-1.25865e+06
-1.13906e+06
-1.23761e+06
-920743
-999890
-870102
-743754
-609741
771031
620452
242038
287832
-747206
-519656
321555
2701.86
1.05472e+06
853175
328700
402702
-1.75064e+06
-1.41134e+06
-578581
-686154
-1.31499e+06
-1.18863e+06
-1.29453e+06
-962205
-968307
-843234
-737476
-607934
854434
691833
287923
325440
-691007
-468909
377843
31481.8
1.13223e+06
915737
357284
433413
-1.81559e+06
-1.46285e+06
-595995
-717953
-1.33143e+06
-1.20422e+06
-1.33031e+06
-997607
-857025
-750441
-704599
-570156
1.0195e+06
831415
370824
393816
-679953
-457548
411217
62600.9
1.16722e+06
941629
375737
456828
-1.90638e+06
-1.53896e+06
-633604
-749617
-1.34574e+06
-1.22404e+06
-1.36787e+06
-1.01043e+06
-840117
-746031
-713780
-562556
1.12486e+06
914840
426941
458340
-685117
-458006
433909
75910.7
1.19129e+06
963321
389539
467059
-2.0417e+06
-1.64864e+06
-688575
-808567
-1.38399e+06
-1.26073e+06
-1.41624e+06
-1.04776e+06
-895687
-794173
-762662
-596982
1.20729e+06
983252
464170
502229
-748444
-494118
420965
73322.7
1.21143e+06
977070
404767
468725
-2.09381e+06
-1.68873e+06
-704882
-827265
-1.47299e+06
-1.33452e+06
-1.45958e+06
-1.09935e+06
-884007
-785143
-762582
-601857
1.16796e+06
956504
436677
493134
-750817
-500010
431822
68329.1
1.27102e+06
1.02914e+06
435431
501857
-2.11032e+06
-1.70287e+06
-700437
-838862
-1.48385e+06
-1.34467e+06
-1.48125e+06
-1.11115e+06
-836485
-742812
-748187
-577960
1.19668e+06
975104
442456
493669
-746177
-493471
443500
79017.8
1.26293e+06
1.02201e+06
426605
498650
-2.08027e+06
-1.67571e+06
-678011
-817315
-1.57874e+06
-1.42685e+06
-1.53825e+06
-1.16182e+06
-769800
-686374
-712409
-548491
1.19911e+06
974171
426334
493279
-721272
-475100
459764
92619.7
1.26647e+06
1.02031e+06
411345
494438
-2.08155e+06
-1.67866e+06
-663579
-811085
-1.65476e+06
-1.48989e+06
-1.59036e+06
-1.20893e+06
-700273
-628002
-686781
-512375
1.22649e+06
995016
425105
490447
-706079
-460982
475386
96294.5
1.26395e+06
1.01708e+06
411903
486439
-2.05474e+06
-1.65412e+06
-644144
-800300
-1.70495e+06
-1.53431e+06
-1.62447e+06
-1.23891e+06
-666961
-604230
-666836
-501791
1.2346e+06
997665
426814
486149
-671649
-428936
504268
125281
1.26274e+06
1.01976e+06
417602
493581
-2.05141e+06
-1.64595e+06
-624447
-785924
-1.7392e+06
-1.56469e+06
-1.65246e+06
-1.258e+06
-664149
-600494
-669501
-493896
1.26031e+06
1.01937e+06
425312
506888
-714039
-463095
472253
121842
1.32104e+06
1.0645e+06
446857
514528
-2.01073e+06
-1.61589e+06
-619230
-762325
-1.74461e+06
-1.57259e+06
-1.67673e+06
-1.27722e+06
-678646
-619313
-682295
-513012
1.22318e+06
989657
400582
490176
-774036
-520583
433601
75791.9
1.39046e+06
1.12456e+06
481728
552542
-1.96807e+06
-1.58362e+06
-612680
-752999
-1.69554e+06
-1.5344e+06
-1.67607e+06
-1.26836e+06
-679950
-619672
-700494
-516792
1.20324e+06
969755
397101
476965
-820175
-558778
404755
43810.9
1.4553e+06
1.17838e+06
511257
582104
-1.92232e+06
-1.54728e+06
-601826
-735818
-1.6788e+06
-1.52401e+06
-1.68075e+06
-1.27139e+06
-717399
-651981
-712823
-533786
1.1415e+06
920081
380243
449342
-822455
-560953
403617
36257.6
1.53744e+06
1.24424e+06
542800
615752
-1.87757e+06
-1.51286e+06
-586266
-722394
-1.63136e+06
-1.48378e+06
-1.67123e+06
-1.26013e+06
-731427
-659171
-716112
-539145
1.13186e+06
916122
390986
448236
-778001
-527797
412713
50092.2
1.60318e+06
1.29713e+06
570683
644615
-1.81435e+06
-1.46321e+06
-568223
-704462
-1.59986e+06
-1.46374e+06
-1.67624e+06
-1.25004e+06
-757928
-684356
-728526
-552317
1.16458e+06
941226
417515
468560
-760577
-511703
418293
64223
1.65105e+06
1.33846e+06
592906
669142
-1.76672e+06
-1.42269e+06
-555502
-677679
-1.56685e+06
-1.43747e+06
-1.67606e+06
-1.24438e+06
-799622
-720226
-758851
-571887
1.16902e+06
948043
424632
483656
-834452
-563348
387741
46197.4
1.6254e+06
1.31933e+06
590050
667397
-1.81831e+06
-1.45903e+06
-585183
-692446
-1.58236e+06
-1.45254e+06
-1.68912e+06
-1.24515e+06
-891860
-801668
-797904
-625119
1.09137e+06
891333
386456
464240
-905319
-628029
372714
4781.46
1.62479e+06
1.31865e+06
604001
668116
-1.86617e+06
-1.5027e+06
-607871
-727968
-1.5616e+06
-1.44022e+06
-1.69729e+06
-1.25201e+06
-940723
-841434
-822657
-648886
1.07477e+06
870899
383096
442485
-924206
-638553
370368
5084.8
1.58887e+06
1.29313e+06
584685
663381
-1.84716e+06
-1.48576e+06
-610913
-718418
-1.58021e+06
-1.45612e+06
-1.72443e+06
-1.25921e+06
-972277
-864220
-834052
-655472
1.01374e+06
822574
348081
421631
-946243
-658286
388627
-3347.44
1.56361e+06
1.26555e+06
574291
640364
-1.87835e+06
-1.51671e+06
-618255
-736892
-1.59948e+06
-1.47689e+06
-1.73772e+06
-1.28852e+06
-1.00756e+06
-893794
-839855
-674182
971311
785155
342018
389851
-943845
-652165
408771
5930.5
1.57587e+06
1.27823e+06
585020
648123
-1.87392e+06
-1.51073e+06
-619793
-742461
-1.55274e+06
-1.43949e+06
-1.73617e+06
-1.27284e+06
-1.02549e+06
-908581
-841225
-682777
976618
790741
356735
400017
-899014
-610409
449765
46666.2
1.59711e+06
1.29868e+06
607327
667304
-1.86703e+06
-1.50378e+06
-613871
-728134
-1.50747e+06
-1.40411e+06
-1.72779e+06
-1.25707e+06
-1.05397e+06
-930700
-849865
-683154
1.00522e+06
815989
375151
426655
-1.03255e+06
-714878
418355
13821.1
1.60477e+06
1.30243e+06
604640
674425
-1.95362e+06
-1.57296e+06
-634761
-751570
-1.60098e+06
-1.47538e+06
-1.75635e+06
-1.2919e+06
-1.09208e+06
-960100
-856584
-697254
883072
719926
322335
368477
-1.14622e+06
-811955
378243
-39750
1.60025e+06
1.2975e+06
587996
668724
-2.02622e+06
-1.63226e+06
-654239
-782756
-1.594e+06
-1.47083e+06
-1.75267e+06
-1.29513e+06
-1.00906e+06
-889064
-833614
-667572
825862
670859
300389
338802
-1.22068e+06
-869999
342450
-68448.6
1.58516e+06
1.28305e+06
548786
656253
-2.10095e+06
-1.69309e+06
-679767
-801390
-1.61292e+06
-1.48668e+06
-1.78023e+06
-1.30523e+06
-927888
-821278
-800753
-626855
783898
638039
277180
324447
-1.29252e+06
-936822
316333
-107649
1.54264e+06
1.23577e+06
492880
613610
-2.24496e+06
-1.81421e+06
-731477
-859374
-1.61968e+06
-1.49989e+06
-1.80093e+06
-1.32918e+06
-865692
-773696
-774305
-604494
747502
602497
260900
299815
-1.31523e+06
-950409
306181
-120589
1.50104e+06
1.20172e+06
444981
577397
-2.35855e+06
-1.90219e+06
-771474
-914908
-1.60808e+06
-1.48966e+06
-1.81718e+06
-1.32618e+06
-807799
-725568
-743869
-576713
701243
567457
242285
280560
-1.34423e+06
-971701
315819
-121970
1.46501e+06
1.16863e+06
418409
548883
-2.44716e+06
-1.97239e+06
-791547
-944135
-1.56321e+06
-1.45505e+06
-1.79896e+06
-1.31527e+06
-766722
-691777
-723207
-553093
659504
532608
232688
267788
-1.44808e+06
-1.04565e+06
268753
-145527
1.4615e+06
1.16671e+06
428855
529602
-2.47652e+06
-1.99052e+06
-818557
-962229
-1.56193e+06
-1.45308e+06
-1.79703e+06
-1.30898e+06
-827741
-747619
-760860
-596333
668729
542521
229960
276453
-1.58967e+06
-1.16995e+06
216789
-219414
1.4815e+06
1.18706e+06
456420
553890
-2.44405e+06
-1.96849e+06
-818941
-967427
-1.57735e+06
-1.46399e+06
-1.79292e+06
-1.31243e+06
-895108
-803765
-814019
-636203
679156
545601
224510
269208
-1.71925e+06
-1.27468e+06
167191
-270906
1.44983e+06
1.16265e+06
453862
547335
-2.37952e+06
-1.91753e+06
-801546
-943023
-1.64131e+06
-1.51569e+06
-1.80427e+06
-1.33465e+06
-1.00808e+06
-898353
-867993
-691989
634136
506325
196023
244914
-1.84324e+06
-1.37704e+06
129932
-321444
1.43051e+06
1.14444e+06
448761
543674
-2.34948e+06
-1.89622e+06
-792918
-928994
-1.68998e+06
-1.55293e+06
-1.80298e+06
-1.35023e+06
-1.0953e+06
-970699
-908860
-733876
593226
472666
179408
222585
-1.9414e+06
-1.45344e+06
89635
-361373
1.40393e+06
1.12882e+06
444847
541273
-2.31126e+06
-1.86456e+06
-790710
-919447
-1.71739e+06
-1.5705e+06
-1.80575e+06
-1.34164e+06
-1.16506e+06
-1.02721e+06
-947170
-764388
599930
480653
179868
229211
-1.98714e+06
-1.49066e+06
79832.4
-384386
1.42651e+06
1.1462e+06
467847
545522
-2.26803e+06
-1.83076e+06
-784068
-912004
-1.70684e+06
-1.56327e+06
-1.78935e+06
-1.34724e+06
-1.22746e+06
-1.08328e+06
-989290
-804986
640855
509389
187277
238905
