-0.707107
0.707107
0.707107
-0.707107
0.707107
-0.707107
0.707107
-0.707107
-0.707107
0.707107
-0.707107
0.707107
0.707107
-0.707107
-0.707107
0.707107
-0.707107
0.707107
-0.707107
0.707107
0.707107
-0.707107
0.707107
-0.707107
2.00771e-316
6.91853e-310
3.16202e-322
2.37152e-322
2.0077e-316
9.23603e+242
1.14366e+243
2.23583e-310
0
9.53547e-322
2.00776e-316
6.91853e-310
9.08367e+223
2.23583e-310
6.0276e-322
7.16395e-322
2.00776e-316
6.91853e-310
9.08367e+223
2.23583e-310
0
4.79244e-322
2.00773e-316
2.0077e-316
