-811.051
-815.294
1118.64
2674.98
1718.27
2839.74
-287.792
2821.36
-10741.7
-5094.7
-6143.34
-5071.37
8952.68
7570.29
3332.59
4861.36
-7813.53
-4784.99
-4345.17
-5720.49
10951
7945.76
4757.41
4857.12
-15810.9
-13478.9
-3261.18
-3207.44
3377.14
-238.295
4339.51
1809.49
-13507.9
-7790.2
-4285.77
-1504.72
20127.8
12724.4
8595.59
6875.91
5350.68
468.105
5054.4
5122.99
19169.7
8847.32
14140.7
13256.8
-49724.5
-29349.2
-25950.1
-22563.8
-13229.3
-7318.56
-7666.45
-1605.84
-29460.9
-17370.1
-15243.1
-12704.6
380.423
866.206
-4758.83
-8743.38
-11402.8
-5731.1
-5670.29
1527.35
5762.21
2863.08
4520.53
9007.13
-63383.6
-42959.6
-28783.5
-34321.5
-33866.9
-21738.6
-16702.6
-20152.5
-31866.5
-18237.7
-15675.9
-14327.4
-13751.8
-9128.75
-14011.3
-34706.2
-30163.8
-21425.3
-13296.4
-13650
-1537.96
-3571.6
2100.81
-456.084
-105247
-66110.9
-52988.5
-54066.1
-57995.5
-36184.8
-28753.8
-26496
-55384.8
-32968.1
-29621.4
-30287.5
-34838.4
-23710.7
-24573.4
-54140.3
-51636.5
-33573.4
-25359
-26359.5
-11607.9
-8124.66
-4066.57
-4770.85
-130786
-82002.5
-66561.4
-76310.3
-67547.1
-41256.1
-34484.2
-34856.8
-55001.6
-31103.5
-31855.9
-35274.7
-39049.3
-28374.1
-27041.9
-63143.9
-64046.2
-39472.8
-31374.3
-30801.6
-8642.26
-5676.65
-4657.01
-6868.13
-136653
-82727.3
-72351.9
-73974
-79417.3
-45333.3
-44131.9
-37135.1
-57421.3
-37290
-27546.1
-30841.2
-58425.4
-37418.7
-35967
-66016.9
-82979.7
-49378.7
-41864.3
-36565.2
-9643.52
-6863.89
-907.925
3198.24
-159868
-97309.2
-90257.9
-101147
-96875.8
-61508.4
-55674.1
-74508.5
-65650.6
-40544.1
-34528.7
-38615.8
-76953
-48438.9
-52188.7
-89777.1
-67204.8
-41037.6
-37353.6
-32850.8
-33248.9
-19998.4
-16950.1
-13660.6
-159513
-98234.1
-88047.5
-109034
-101492
-65292.1
-55772.3
-69886.9
-51789.9
-34745.8
-25016.7
-33288.5
-85539.4
-55850.8
-53797.4
-97313.4
-50092.2
-27828.2
-27155
-23492.2
-36031.3
-25777.6
-13873.4
-13909.5
-167016
-103595
-90986.3
-110809
-151479
-95269.9
-85069.9
-107729
-42072.1
-23932
-21131.9
-18375.6
-112619
-71443.2
-70225.6
-116038
-40505.2
-23587.7
-21161.6
-10220.5
-61895.9
-38081.9
-27537.6
-21246.4
-173840
-105995
-96667.9
-115251
-179616
-110389
-100912
-126651
-42096.2
-25957.9
-20193.6
-18135.9
-138786
-86236.6
-84390.4
-130016
-31775.3
-16985.4
-16537.1
-6643.98
-67588.1
-39779
-31429.5
-17693.9
-179626
-115159
-95648.9
-124973
-178535
-114205
-97186.9
-130876
-27292.2
-16076.1
-12597.1
-8340.32
-142572
-94164
-83074.4
-138079
-13287.2
-8731.35
-1733.12
9572.1
-60755.3
-37456.9
-27319.1
-15918.4
-187453
-116192
-103415
-127381
-169419
-104924
-96876.5
-122597
-37467.5
-21495.3
-17527.1
-8648.62
-135096
-88830.3
-78532
-129504
-13693.1
-6025.96
-7227.34
6807.32
-61256.7
-35463.5
-28066.5
-9096.22
-191307
-117501
-108409
-133246
-175045
-109520
-99671.7
-130579
-48714.7
-26060.4
-24251.6
-10067.8
-133234
-84946.9
-79634.4
-123450
-11576.8
-5069.25
-8469.73
3338.25
-80098.2
-46902.4
-38190.8
-20278.4
-208438
-128778
-117007
-155158
-181875
-114645
-102153
-134851
-70311.9
-42082.8
-34513.2
-30300.2
-148294
-96221.7
-86351.2
-137986
-28328.1
-15401.5
-17056.1
-17819.1
-110886
-68771.8
-51963.2
-43200.7
-194336
-122509
-108353
-144517
-195319
-124115
-108666
-142147
-72834.1
-41575.8
-36068.1
-23696.6
-152114
-99553.6
-88512.1
-141732
-30904.8
-19268.7
-18917.2
-20440.3
-134562
-82435.2
-64512.9
-51664.8
-200055
-122454
-117204
-157301
-186453
-114463
-108428
-139204
-92225.1
-51301.3
-50855.1
-41966.8
-146725
-92948.5
-89441.9
-141325
-25120.7
-13636.6
-21917.5
-32042.5
-149797
-86501.8
-78872.8
-62666.6
-198860
-127166
-111357
-162545
-173299
-109862
-97026.4
-130928
-95120.7
-55807.7
-49670.7
-45216.7
-143970
-94839.3
-84698
-142726
-26182
-17211
-18778.6
-37560.8
-163220
-99304.7
-83089.3
-77782.5
-190876
-121183
-108197
-152798
-184019
-114889
-102775
-134850
-91096.6
-52917.8
-46891.8
-39405.6
-129988
-84754.5
-75227.7
-126651
-28459.6
-19271.5
-19857.7
-40677
-150209
-89534.6
-75584.1
-63457.2
-198597
-123975
-116187
-161921
-185391
-116392
-105657
-144400
-80958.1
-44220.3
-43413.5
-29948.1
-130190
-82902.6
-79142.2
-123846
-21126.2
-15970.7
-18267.4
-42582.7
-146218
-86484.1
-73930.8
-56082.8
-199531
-125173
-115224
-169334
-192250
-120540
-108210
-145705
-56449
-32079.3
-29434.7
-24988.4
-127336
-81279.1
-77797.3
-125320
-34180.8
-21101.5
-26515.8
-58738.7
-121407
-72824.2
-58376.6
-41288
-177975
-114593
-102584
-156686
-195755
-123635
-109806
-149953
-18661.3
-4367.8
-11444.5
4889.64
-114449
-74331.8
-70823.1
-122321
-23487.3
-20445.3
-20042.9
-58185.7
-95821.5
-54607
-44318.6
-18956.8
-180210
-114098
-105836
-159769
-215255
-133743
-120650
-157362
-6054.25
1542.2
-6196.38
4814.69
-115738
-74688.9
-70929.9
-122413
-31656.5
-23462.5
-27859.3
-72831.3
-65907.3
-35787.4
-28044.6
6869.54
-176935
-115510
-101414
-159739
-209686
-133206
-115456
-155427
16642.5
13753.2
6057.08
13778.7
-99644.1
-67779.7
-61466
-113475
-34333.6
-27305.6
-27746.2
-80686.5
-36807
-18997.8
-12976.1
24367.6
-193283
-125140
-111209
-170334
-218667
-136986
-121513
-158917
40517.9
23969.5
23067.2
24620
-84014.2
-59365.1
-51334.5
-104706
-62615
-44974.8
-42787
-101803
-25651
-11594.4
-7873.63
28002.8
-211491
-136254
-119377
-174317
-228231
-143599
-125270
-163649
75071.4
46902.4
40753.4
54408.3
-80777.1
-55622.4
-54550.5
-105639
-65442
-46863.5
-43543.6
-95473.6
-45807.8
-21964.2
-21043.5
18162
-222296
-141542
-125683
-184107
-233195
-145009
-125958
-155902
95692.8
58035.8
52285.6
53824.3
-81144.7
-58040.7
-52091.1
-114173
-85207.8
-56396.7
-53514.5
-109944
-40605.6
-23302
-15494.8
5837.17
-237109
-152154
-130185
-182890
-258415
-160023
-140057
-164469
123585
78165
65424.3
77304.4
-89383.2
-61956
-59010.2
-120835
-79201.6
-55259
-49245.7
-98117.4
-43500.5
-21117.7
-20031.6
8386.99
-245319
-155570
-136451
-185653
-264012
-161515
-141956
-158491
155984
95525.9
82749.9
90808.8
-67480.6
-49696.9
-47787.7
-113764
-80869
-54341.2
-52648.3
-102259
-15635.5
-5822.32
-7404.12
16884.3
-262566
-164135
-144862
-194510
-280356
-169234
-150265
-161495
178528
112327
92358.8
103585
-59550.4
-43844.2
-43623.5
-109796
-89346.5
-57415.7
-56742.5
-104148
-12054.8
-2203.34
-7244.31
11949.4
-257916
-162856
-141778
-184387
-288829
-174076
-153101
-157077
169606
102612
92092.2
101813
-42448.3
-32536.1
-31149.5
-95664.5
-84386.8
-56657.6
-53173
-102522
2856
1599.48
4643.57
18408.1
-276810
-173206
-152649
-191089
-308642
-188077
-162563
-170373
131957
82761.2
70437.7
82032.9
-26529.9
-22044.1
-24616.5
-80246
-65776.5
-46358.6
-44513.1
-91246.5
-33031.8
-20900
-14428.5
-4282.95
-290556
-180717
-159126
-202108
-314090
-190874
-164136
-164358
116096
69041.9
64125.4
63820.6
-25441.7
-21011.7
-24750.2
-82064.7
-57289.1
-37625.9
-41367.2
-91611.3
-61070.7
-40281.8
-26539.1
-22589.9
-278156
-177177
-149728
-193063
-322912
-197358
-168073
-170009
120243
74435
65484.5
72739.4
-1658.87
-7314.31
-12941.5
-75027.6
-24056.5
-22082.9
-23288.6
-75853.5
-74639.4
-49374.4
-33758.7
-30942.3
-283302
-177111
-155927
-194126
-325693
-196879
-168663
-163010
106915
66082.7
54872.2
60606.8
20195.7
5922.02
1214.81
-60181.9
4486.59
-4466.79
-9128.04
-67216.9
-76014.7
-46556.6
-38957.3
-32276.6
-291225
-181530
-161014
-206892
-314416
-190251
-163230
-157388
95886.5
60342.4
46432.9
44183.6
46005.1
19787.7
14097.6
-46933.5
21673.5
6781.86
-844.285
-61952.5
-86996.1
-52968.7
-47671.7
-49426.1
-17226.5
-6872.37
-14135.1
-15219.1
4439.92
2263.45
3629.58
-833.679
-22348.8
-14003.5
-14755.9
-19863.3
16895.6
9596.15
9219.97
7213.9
2436.69
1240.27
-1791.1
-2668.62
-10319.5
-4573.57
-6289.01
-4771.56
-33338.7
-21271.9
-17648.7
-19628.6
33652.6
18420.1
22787.2
29729.6
-12469.1
-12394.9
-4350.12
-14413
45436.6
27502.9
27680.4
35267
16904.1
9941.92
7263.4
6235.27
-25383
-12474.1
-14062.9
-8558.82
-76284.1
-48169.5
-38282.1
-44951.5
35232.3
20704.1
23199.5
33414.3
-39832.7
-24735.3
-23905.2
-34222.6
52361.3
33039.6
29975
44361.1
5364.11
6600.13
1751.5
9340.88
-62739.5
-38273.6
-32589.8
-29962.2
-77532.8
-45298.7
-42512.7
-39797.4
53829.9
32732.7
34873.8
48789
-33373.3
-22361.5
-19854.9
-31147.3
93220
56998.5
52924.1
68044.2
22399.7
15378.2
9475.94
16494
-88807.7
-53174.4
-48595.9
-49999.5
-96339.1
-58168
-50971.1
-47474.4
72986.9
45043.4
45123.3
70468.8
-44602.9
-31539.8
-25040.1
-39907
117906
70599.7
70174.7
93469.6
36940.7
22594.9
20376
25759.9
-118805
-72414.1
-64307.8
-70312.6
-123399
-73827.6
-69754.7
-77443.7
69177
44242.3
42570.7
66653.3
-86770.5
-55367.2
-50267.5
-74251.2
110336
66560.7
63375.9
87525.7
22848
15660.3
12361.6
21876.5
-158625
-97440
-89435.6
-105374
-143304
-84251.1
-81842.7
-97703.1
58733.7
38852
37352.2
63875.8
-100220
-61987.8
-60838.8
-87785.2
103291
66317.4
57618.6
82731.5
-1563.41
-2066.17
1348.45
3387.04
-194044
-119877
-107748
-135215
-152560
-90435.4
-86060.6
-99348.5
65486.6
42887.4
42548
77747.8
-80833.6
-52695.7
-48600.2
-78742
108732
70562.2
62695.6
93833.1
2998.84
3772.41
2609.22
12027.2
-219332
-133430
-122563
-147404
-161633
-100615
-87641.6
-106811
60738.4
39710.4
39436.1
73030.7
-83369.3
-53620.6
-49835.5
-82221
84629.4
54631.8
49363.1
83989.4
139.3
2970.56
4490.13
24024
-257228
-161385
-141380
-174602
-160762
-96752.7
-90175.9
-107288
68790.9
44282.6
47902.9
88262.5
-65836.6
-41696
-40397
-62134.9
95418.4
61096.1
55708
88483.1
15043
11778.3
12947.1
37202.3
-282491
-176490
-155018
-192126
-158646
-94020.5
-91697.6
-106639
73187.7
50083.7
47540.2
98963.1
-67046.5
-43704.1
-40298.7
-64105.6
104995
68321.4
59710.2
97392.6
34495.5
24763.6
24072
55107.7
-309965
-191367
-173495
-213058
-162084
-99483.6
-93609.6
-123030
61473.7
42193.8
41264.6
90029.5
-84529
-53284
-52645.5
-81415.6
75234
48867.4
41090.7
69600.5
10248.1
10149.8
12853.8
47948.2
-348622
-217402
-197154
-251765
-167215
-103532
-93722.1
-126726
50464.1
35908.3
34142.7
80780.6
-96803.6
-62115.1
-60272.4
-96158
81565.5
52656.8
46918.7
69838.8
11111.5
10656.1
11221.8
45206.8
-351264
-219350
-197998
-264657
-193196
-120261
-106989
-140873
35247.9
24961.6
27103.4
69510
-92406.8
-61220.6
-57346.4
-102478
93138.7
61004.2
54141.8
80987.8
23887.5
20294
15998.3
51159.2
-350289
-217032
-198016
-263652
-176173
-111399
-95112.9
-127485
42623.7
30313
30778.9
72973.4
-87648.7
-58293.9
-53742.9
-97942.8
99002.7
63984
59735
97078.7
44936.6
32938.4
33048.8
75643.5
-324618
-203379
-181083
-244283
-164772
-101671
-91276.2
-116026
22952.7
17892.6
20896.4
63894.9
-105548
-67000.5
-67468.6
-111822
101594
67928.9
57873.9
97022.8
57330.8
42558.6
34624.2
82597.9
-312520
-195018
-175798
-231266
-159950
-97589.9
-90333.6
-114020
4702.26
7602.11
7462.1
46417.3
-121505
-78566.6
-77246.5
-131679
106422
69452
62668
102254
70469.6
48508.9
44607.1
88032
-311973
-195039
-176321
-234634
-138881
-85316
-79085.7
-106201
4299.92
9298.45
8007.28
47403.7
-122602
-79582
-75723.4
-136699
107590
71068.5
63158.8
104467
78244.9
55112.6
49303.7
98534.6
-312724
-194376
-178683
-236809
-113267
-70853.5
-65715.7
-89764.4
-4520.53
-579.828
2959.95
37482.3
-111675
-72557.6
-73073.1
-129773
127102
81995.4
73445.8
113689
82508.8
55175.5
48268.5
95679.3
-308308
-190232
-182461
-249351
-106574
-70860.6
-58668.6
-84869.8
-30658.7
-19417.9
-9044.6
16162.3
-95428.3
-67118.6
-62042.3
-126984
167608
107721
96093
143217
85140.6
55825.4
49040
88917.3
-295202
-184395
-173741
-247490
-96369.5
-63011.7
-50854.4
-75653.4
-64874.2
-38703.5
-30943
-14553
-102081
-68908.3
-66248.1
-134736
182666
115945
106103
156770
91962.1
60970.3
56830.2
97359.4
-274157
-172517
-162181
-240627
-69876.3
-43537.3
-39854
-52209.9
-104276
-64138.8
-51205.1
-39768.4
-104575
-68163
-71257.3
-133411
209944
134513
116329
168320
106089
71303.2
57513.9
102478
-272687
-170269
-164484
-241984
-32695.9
-20849.8
-18797.7
-31087.9
-122401
-73777.4
-65820.3
-63228.8
-98877.6
-67501.1
-66217
-141117
244324
152744
139417
187704
123281
78747.7
70422.2
101242
-256189
-161989
-156301
-250489
-3170.67
745.291
-2641.04
-4619.53
-142056
-83391.2
-73624
-69529.1
-94108.1
-60400.4
-63522.2
-130424
235373
151121
131844
186654
119253
80420.7
67723.9
106142
-244119
-153304
-149789
-237315
5526.04
7207.54
2709.63
9813.23
-139299
-84670.4
-70623
-68170
-80709.9
-55768.1
-51992.9
-109976
237883
149663
139504
200198
118713
73647.3
72007.5
105720
-237095
-151344
-142008
-235635
-9367.75
-3254.81
-7101.47
-1957.27
-132991
-79998.5
-68864.4
-58614.9
-66231.2
-48581.1
-43866.1
-101776
231610
149123
134901
205844
102716
65811.1
60427.9
95442.4
-227975
-144169
-138949
-226444
-12009.5
-9791.31
-5301.18
-7843.94
-139520
-88203.1
-70996.3
-72600.8
-79439.9
-57639.1
-51600.4
-112634
195196
123106
117162
186170
99997.6
63621.9
60816.1
95680
-217274
-143430
-130953
-221249
-21479.8
-11760.6
-14853.5
-22152.2
-166577
-103863
-86025.9
-93813.3
-110997
-74797.8
-67155.3
-126982
165916
106866
100827
164283
106222
67306
63397.8
96324.9
-228805
-147500
-138753
-235985
-18794.2
-8119
-17043.4
-23549.5
-174853
-106050
-94639.2
-98560.8
-128038
-83326.9
-79962.5
-136462
154277
101248
94456
164348
115304
73347.5
68410.5
102960
-219477
-139103
-138192
-231485
14055.2
5342.9
4415.88
-18274.5
-161667
-101025
-84411.6
-94974.3
-125246
-84157
-75721.9
-138035
124681
79812.6
78645.8
140448
119432
73819.8
72693.4
105532
-190164
-128589
-119340
-225810
22638
11912.6
8799.24
-4954.7
-170582
-104083
-92886.3
-101635
-121050
-81346.3
-73121.2
-132665
109619
74484.5
68332
131819
104437
65905.9
63568.9
103472
-200288
-132132
-124649
-227051
7376.54
543.765
1382.39
-13827.5
-174947
-107851
-95298.9
-108583
-111523
-76422
-68049.1
-128174
121237
81388.7
76023.9
143733
98693
63000.4
59003.1
98736.1
-206240
-136696
-126257
-227782
-30298.1
-22575.8
-21136.1
-48340.6
-204441
-124925
-116200
-141125
-111539
-75227
-71829.3
-138587
113588
77194.1
70437.7
134828
80047.3
52112.4
48782.6
84473.1
-215554
-141641
-135660
-241063
-44218.9
-31095
-27048.2
-51463.9
-207222
-130488
-113346
-146714
-87062.5
-61789.8
-54596.4
-115242
121278
81366.1
76056.4
143077
85820.8
55104.1
52124.4
90764.2
-228805
-151595
-137990
-245193
-66099.6
-43572.6
-39593.7
-64995.8
-198110
-123187
-112086
-144774
-75226.3
-54852.4
-47376.2
-106739
128893
84968.1
82699.7
151295
87261.2
54824.8
55592
91300.9
-233309
-152140
-143726
-251082
-72047.1
-46765.2
-44363.2
-75073.5
-231981
-144805
-128631
-166447
-77869.4
-54136.8
-50192.6
-104886
98768.7
68263.4
64204.6
136532
66173.2
44588.7
42853.5
82989.6
-246777
-160538
-151215
-256907
-16926
-9940.51
-9008.54
-9474.52
-8260.42
-8249.11
15.5563
-2640.34
7225.22
2162.33
3274.61
-2211.12
-5344.31
-8054.65
2640.34
-1944.54
-31688.3
-22527
-13490.9
-14137.9
26500.9
16035.1
13948.4
8667.71
-11627.7
-6641.15
-7447.96
-9281.48
-2476.29
-3147.33
3831.81
8408.21
14000.7
6241.63
5839.99
-2952.17
-22541.9
-15995.5
-9811.81
-8053.24
-59043.4
-37867.7
-30294.6
-31469.1
59930.8
36269.6
31713.7
31599.2
23336.6
14438.4
13302.1
14242.5
36028.5
21660.8
25360.4
38649
27904.6
14070.7
13898.2
2741.45
-21562.5
-14426.4
-10532.4
-12814.2
-71505.5
-43220.5
-37456.2
-38307.5
75705.7
46048.9
38524.6
35894.2
62849.8
39308.8
36210.2
47272.2
72772.6
46390.4
46266
76383.8
58505.3
33362
30023.8
21765.5
53.033
-3140.26
5147.74
7216.02
-76743.7
-46310.5
-40225.9
-35218.9
103941
64092.2
52763.6
49300.9
97705.9
60015
52887.3
67824.3
89146.4
52906.4
56289.2
91663.7
95691.3
55221.5
48016.1
42488.6
17659.3
8060.31
10572.7
19222.7
-102707
-64206.7
-55102
-55667
132928
78500.9
69285.9
65561.5
111421
68657.9
61366.3
72887.2
61159.8
39786.8
41390.5
72692
107709
64498.7
52135
39287.6
18693.8
10666
9769.39
9848.58
-147338
-92010.9
-77061.9
-88910.2
151580
94678.1
73828.3
66890.2
109555
68561.8
63375.2
84443.4
53805.2
35298.8
40442.3
80485.7
118748
70671.8
59230.1
44431.1
7547.66
1718.98
9734.74
11124.9
-178385
-111113
-93879
-104306
183242
109323
96920.3
86534.3
106117
67651.7
58787.4
83249.8
44821.4
33840
30185.7
78167.1
98753.8
60246.9
45639.5
27158.6
-22660.7
-11713.2
-15111.6
-8321.94
-188978
-115152
-104189
-117302
187086
111381
96689.1
91288.2
115605
73518.6
65394.6
89786.3
39871.6
28862.7
29557.8
73899.7
93263.1
53762
45434.4
19279.3
-46464.7
-26240.7
-30329.2
-34635.5
-188494
-114757
-103478
-116699
165404
95786.1
85892.3
71671.6
125183
78166.4
73572.3
101666
29497.7
21989.6
25144
67048.6
92489.6
53998.2
44585.9
22363
-66349.2
-43839.2
-37046.7
-56230.5
-199285
-122523
-107462
-121456
146379
85717.6
73747.7
52900.8
136543
87414
76435.4
110185
28993.5
20542.2
25044.3
70236.9
110070
66775.6
51687.4
31775.3
-75799.7
-49695.5
-45208.2
-66001.3
-224981
-137295
-123698
-138045
141572
83942.1
68390
48837.7
154900
96650.2
89691.5
123497
21997.4
18758.1
21257.8
65610.3
137423
82579.5
66540.9
43601.6
-87092.2
-55649.3
-52762.2
-81058.5
-237067
-146575
-125747
-147681
150750
89338.7
73673.5
49778.9
164906
104616
94256.6
136325
21742.1
16034.4
25055.6
78347.4
176099
105485
87443.7
65146.5
-85835.7
-56581.3
-47635
-77682.8
-229967
-140231
-123969
-133685
164396
98948.3
82223.8
57357.7
180214
114285
101989
144666
-13809.1
-28.9914
2102.94
63019.5
208448
124739
108091
91464.3
-84145
-49844.7
-51371.3
-68785.2
-219302
-130952
-121686
-131896
157908
94744.5
79030.5
63460
196733
124437
109472
152634
-42424.3
-20542.9
-13408.2
40250.6
240009
142787
126220
114466
-62706.9
-36592.1
-42340.1
-59694
-195359
-118583
-109985
-124381
142321
80260.9
72223.9
48352
195304
122725
109114
148145
-95923.3
-53311.6
-43960.1
717.713
255950
155564
132639
127462
-73421.7
-46529.7
-44741.5
-70695.1
-191519
-116638
-109599
-130502
108163
62871.7
49333.4
17902.5
184688
116953
101219
132730
-135560
-82080.2
-61943.3
-32328.9
284866
172905
149320
146138
-78982.4
-51039.7
-47574.9
-76576.8
-207935
-129784
-116788
-150347
104402
60097
47251
10019.7
173879
108716
96965.6
125903
-202211
-118231
-102041
-70509.2
306452
187648
160350
160074
-87840.3
-53521.6
-55736.3
-86127.7
-233234
-145308
-131388
-171678
94757.3
53909.8
40874.3
3804.23
148232
94896.6
84586.9
118474
-216156
-130576
-104876
-79927.8
335468
204427
178187
183801
-103598
-69544
-55756.1
-92434.4
-254201
-159986
-139632
-181294
103564
59356.7
48243.1
5289.87
130209
87218.1
71506.9
107383
-216558
-124471
-109908
-76941
325213
199710
173796
185956
-142695
-87109.9
-83871.3
-113467
-267206
-164733
-149197
-191632
122174
72561.2
55943.5
24866.8
149974
100237
83241.3
121653
-181268
-102320
-92512.2
-57777.7
343663
209521
186121
199563
-156050
-91779.6
-94345
-128290
-243960
-147738
-138845
-176218
135101
80565.6
60769.5
27759.6
161956
105788
92126.8
138505
-154142
-89254.6
-75067.9
-37694.4
369026
226587
198668
223422
-148437
-93796.3
-84740.4
-120632
-224257
-138258
-126794
-159397
140079
81701.9
63250
20458
169937
108974
98577
142352
-124098
-77328.5
-53482.7
-20084
416764
254795
227609
258140
-158505
-102052
-90299
-130164
-233347
-146312
-129475
-168480
165497
94502
79436.4
34102.3
174925
113240
101657
153769
-124771
-70842.2
-57440.4
-15095.3
447833
276592
242453
285324
-176383
-109374
-104615
-148572
-253538
-159016
-137899
-177542
194525
115760
91713.2
54597.8
177837
115265
102083
156906
-114166
-65642.1
-51826.7
-10026.8
474525
293371
255225
300095
-172074
-111021
-97799.9
-149400
-262351
-163192
-146513
-182241
224141
130971
111804
68947.2
191692
122221
111996
169456
-116714
-66707
-52485.7
-11265.6
455339
279519
248815
290173
-186779
-118277
-106624
-153874
-265471
-164757
-150160
-192342
232154
133840
119837
85649.7
205044
131722
120176
183201
-130028
-76151.9
-59163.6
-20709
433905
263875
240850
275883
-193503
-119715
-112994
-160916
-255271
-159962
-144823
-192298
218991
124425
113570
78078
221187
141036
130009
195792
-142632
-84427.1
-66545.8
-32879.1
418779
257624
229300
271441
-192342
-123280
-109307
-162031
-253582
-159347
-144650
-196035
204545
118392
103646
67260
221035
143811
129044
201478
-161676
-96208.2
-75340.8
-41761.7
415879
260318
226269
274781
-216941
-137305
-123415
-175580
-285800
-178092
-162814
-217910
190442
112291
95837.7
65728.4
224205
145636
129990
205037
-184159
-106695
-92191.2
-59090.1
426467
265265
231244
281595
-242183
-150157
-142181
-199182
-312135
-194375
-178387
-240189
186253
110747
92131.8
66300.5
225841
143157
135769
215771
-172094
-106592
-77855.3
-49409.8
419214
256241
229377
267055
-249984
-165038
-135022
-201158
-306993
-198201
-167978
-233673
213512
124545
110389
79595.5
204215
134618
117630
198593
-160468
-92401.2
-75890.9
-34338.5
393263
243387
213385
252540
-296738
-186479
-167183
-223400
-305694
-192383
-170870
-227695
226874
136022
114388
93584.2
198365
131192
112332
185099
-128035
-72485.5
-62084.7
-17546.9
367473
227327
198190
232693
-321485
-198849
-186876
-251490
-289060
-182321
-165167
-223846
243846
142558
121847
93505
185889
118200
108286
169580
-126126
-75087.7
-57495.6
-21583
343327
209911
185234
211011
-346959
-222921
-194331
-274703
-284348
-182231
-160397
-223799
239737
139692
118425
77370.9
162591
106522
92586.4
148490
-122190
-74930.7
-53121.4
-16763.4
331117
205429
176019
201185
-371784
-236498
-210309
-292234
-305040
-193909
-172751
-238115
253428
148009
125402
82941.5
152990
98137.2
88730.6
136923
-144065
-83655
-65387.6
-25732.3
322406
197938
172422
188359
-396608
-250836
-224440
-312101
-328582
-210021
-182220
-255599
266388
157841
131552
90781.2
5120.87
965.201
3314.21
1059.95
4483.76
2736.5
1762.82
2708.93
8448.51
6371.74
1443.91
2381.54
-1590.99
-3323.4
2724.48
4712.16
4804.79
2448
2862.37
2776.1
5927.68
2580.23
5465.23
6071.22
-993.485
-2483.36
823.072
-7324.21
-790.545
1969.29
406.586
5090.46
23042.5
13663.4
10055.8
3522.81
-12398.4
-5713.42
-1027.43
9817.47
7813.53
5763.63
4424.37
5276.43
17725.8
11071.2
13652.8
19483.6
6043.64
2116.37
3484.62
-937.624
13234.9
8258.3
7563.92
12560.3
36846.6
23162.7
15339.3
9002.18
-20040.8
-10712
-5168.24
15206.3
17790.1
12599.9
8496.6
11635.4
43492.7
29464.4
25576.1
42448.3
-25612.1
-14580.5
-15164.6
-17230.1
-3398.36
1284.11
-4507.81
3439.37
44339.8
27108.4
18928.5
7254.21
-49863.8
-24454.6
-21897.7
7323.5
-4821.76
1407.14
-4391.13
4479.52
29678
23736.2
18166.3
45273.9
-42182.5
-29279.9
-22195.4
-34224
-4737.62
-2397.09
-2399.21
-1624.22
53939.5
31607.7
23333.1
8318.4
-56069.3
-32145.1
-22425.9
4269.51
-11872.3
-7166.53
-6600.84
-8628.82
45155.8
30419.7
29818.7
55634.5
-49702.5
-34136.3
-25989
-41169.9
3917.37
2732.97
2494.67
4167.69
53471.4
29608.7
24224.1
1351.28
-53166.7
-31375.7
-19809.6
6703.37
10992.7
6386.59
4953.99
2807.92
68834
43631.3
43477.9
73661.4
-68069.6
-44251.4
-38079.1
-50389.1
8244.16
2696.2
4176.17
5529.58
42835.1
22515.7
18263.9
-4903.79
-32016.4
-15973.5
-12105.7
23980.1
31496.7
16619.8
18618.8
17452.1
97457
61096.1
58630.5
93821
-81784
-52646.2
-47335.8
-68454.3
-9966.67
-5538.06
-7127.64
-9512
32449.8
16168.7
10736.7
-19125.8
-17886.3
-5514.02
-4304.16
32980.2
35277.6
22049.7
18452.7
22094.3
118003
74000.8
70121.7
105668
-94637.1
-60920.1
-53420.5
-75383.9
-10525.3
-10212.7
-6593.06
-14434.2
26080.9
11638.3
8566.6
-24320.2
-4085.66
3104.91
1193.6
39861.7
53475.7
31563.8
29040.9
28600.3
145399
92722.9
82414.7
120849
-142408
-89336.6
-78439.4
-103980
-43250.9
-27700.2
-26066.8
-36971.8
14523.3
3662.11
3524.93
-31044.8
1003.38
8523.47
3962.63
45584.3
54689.1
34169.5
31568.8
40127.6
143062
92210.3
81796.7
124632
-171562
-109879
-94122.3
-125781
-66140.6
-44700.5
-36879.9
-56482.3
4082.13
-2543.46
-3084.4
-37490.1
18181.8
15675.1
13780.1
50389.1
67333.5
39826.4
39124.9
47571.3
152939
97077.3
87196.2
125351
-213421
-134369
-119088
-153701
-81159.6
-52727.5
-47377.6
-70080.6
-17307.1
-14908.6
-14782.1
-49918.2
25885.8
19614.4
15858.3
47752.3
81678.6
51344.4
45355.2
60060.2
165015
102355
92631
129089
-208396
-130574
-119746
-165153
-65312.6
-39163.8
-41194.6
-65048.9
-20472.9
-15086.1
-20178
-58652.4
64208.8
42386.8
40513.7
69167.8
98488
62067
56921.4
75950.3
191040
118323
106499
137807
-169620
-108010
-96441.6
-137901
-38762.9
-23483
-22448.5
-38896.5
-8234.97
-10708.4
-11349.1
-51647.1
110721
71405.8
70434.9
115651
123594
76859
73841
104890
223865
137828
126359
160299
-154743
-97213
-89862.7
-124538
-23579.2
-13476
-16827.7
-25701.9
-28317.5
-22583.6
-22142.3
-63034.3
116359
78254.1
71439.7
132810
103817
67990.4
62320.9
101612
243021
152674
133119
177732
-119075
-72448
-71307.5
-98006.4
-7047.73
-605.283
-9364.22
-15363.3
-13007.2
-11918.3
-15716.2
-57917.7
162809
111788
97556.7
172256
123491
82763.3
75350.7
127967
257885
165584
140219
190299
-89135.1
-57736
-53392.2
-85229
14828
9616.65
4682.46
-7014.5
-1858.98
-6323.66
-9379.06
-53578.9
217919
140555
130825
210657
139014
89400.2
85077
138902
290243
179165
162572
207312
-59325.6
-37989.3
-39136.2
-65024.1
42915.7
26800.1
19389.6
11846.9
1907.77
-3059.65
-8404.67
-50847.3
262118
168967
153230
240152
162212
104264
97218.7
155790
318169
197354
173879
220224
-63185.6
-42495
-39681.4
-71887.3
39643.2
24417.1
19613
12592.2
-10514
-10789.7
-15808.1
-63687
293841
189141
170509
263748
165813
105775
100782
160776
327404
204660
180780
231198
-55884.1
-39267.8
-34099.5
-67812.2
20288.3
13131
9958.89
5387.45
-8654.28
-10943.9
-15098.1
-67098.1
306523
196818
179533
277205
169173
108620
101597
165709
333204
206926
187010
239129
-59309.3
-40576.6
-35479.8
-62387.3
6969.95
2856
3751.91
-375.474
-14704.3
-14975.1
-18015.7
-70738.3
304248
196996
175937
278915
166055
105831
101946
164791
334401
210098
185503
245854
-60988
-40201.8
-37565.8
-66506.2
-5470.89
-4113.95
-4301.33
-13368.6
-10022.5
-13735.5
-15755
-78442.2
341134
218389
197336
295479
177501
111892
108720
171794
346368
216725
192226
251276
-79295.7
-52863.3
-46297.1
-76867.5
-27207.3
-18513.5
-14223.5
-25191.4
-18238.4
-18212.9
-21167.2
-82805
351100
224171
200953
301632
164469
105580
100696
165835
342232
214275
191414
251687
-97661.3
-62752.2
-58179.3
-87578
-48641.2
-27595.5
-28229.1
-33473.7
-39450.2
-29431.9
-34032.3
-96743.5
348022
223101
198134
294024
169732
110560
103146
172685
331275
207643
184404
244402
-107374
-68916
-65456.2
-104701
-54040.6
-32361.4
-32741.9
-40909.7
-40187.7
-31083.7
-36090.7
-105466
338107
213744
197725
291005
171367
112127
101765
173750
329296
204719
183454
238768
-101126
-69168.5
-60094.2
-108944
-58030.1
-35768.3
-32394.7
-42308.3
-22262.5
-23944
-24265.8
-98783.5
317298
200350
189655
286065
155556
100733
93563.7
159582
328137
203648
182308
234071
-98968.1
-64965.4
-61096.1
-109169
-52482.2
-32452.7
-31739.2
-42707.8
-19683.7
-20977
-22729.9
-96019.4
277953
176808
168933
268996
147648
96167.9
87060.4
147432
335969
208811
185328
237787
-83597
-54148.1
-53877.3
-97686.8
-38869
-23700.8
-26327.7
-39088.2
17259.1
1651.8
-4422.25
-77648.8
272456
176265
165363
271191
148454
95990.5
86163.1
142003
338635
211347
185809
239752
-77017.4
-52723.3
-48933.9
-96982.5
-35327.8
-22088.6
-23180.4
-39350.5
32759.6
11163.8
4492.25
-67204.8
266091
170831
164647
274734
132310
84779.3
78284.5
127062
347799
215525
193811
245960
-83502.2
-55800.6
-53732.3
-100853
-38904.3
-23709.3
-26407.6
-42937.6
31162.9
11520.2
3056.12
-66062.2
237037
155186
147414
261139
124886
82583.7
70768
117654
350512
218181
193031
247421
-95437.5
-65274.4
-58624.1
-110803
-44612.1
-30118.5
-26715.9
-48057.1
14963.8
530.33
-6182.94
-82095.1
244554
159427
150727
264519
130722
82643.8
75750.2
114800
377517
230554
208975
255954
-109722
-74200.3
-69623.1
-128015
-71456
-43619.3
-43414.2
-63228.1
5553.62
-6094.55
-13282.3
-94572
250971
164945
154807
273704
118631
77446.6
66705.6
107598
382335
234375
210153
253308
-128848
-86346.9
-77707.5
-142075
-76122.9
-50688.9
-43175.2
-69097.8
1629.17
-8995.81
-14716.3
-103628
258802
170444
159005
281704
116247
74464.7
64529.2
94695
403714
247700
219983
260461
-148311
-99079.8
-86460.1
-150470
-103143
-66536.6
-58909.1
-83962.6
7357.45
-7607.76
-9986.47
-99412.8
275057
181464
168104
297892
113266
72300.3
63865.9
97077.3
395826
242294
215273
253789
-162168
-105539
-95861.8
-157616
-121045
-77335.6
-67052.8
-95515.3
11067.6
-2139.71
-10344.3
-95296.8
290620
190546
177402
308476
115216
73549.7
64584.3
93298.5
392175
240611
212423
243996
-188515
-123544
-109734
-175054
-132030
-82287.4
-73566.7
-97338.9
7514.42
-4864.19
-10825.1
-94230.5
295984
192588
180544
310573
126530
80333.7
69228.6
96790.9
394302
238238
213081
237610
13003.7
6704.08
10779.8
17801.4
37299.9
22888.3
20129.2
17803.5
26966.2
17393.4
16660.8
23927.1
-3034.9
-1654.63
-2030.1
-3102.78
-5174.61
-2641.04
-5740.29
-9871.92
-18371.3
-8483.16
-9693.02
-6969.95
5039.55
3134.6
9782.12
26102.1
67336.4
43513.9
32862.8
38161.1
56958.2
37002.2
34873.8
54691.2
-3685.44
-3341.79
-173.241
1594.53
-4140.82
-4348
-7208.95
-21561.8
-63564.7
-35166.5
-36439.3
-32162
23272.3
15596.7
19224.1
41951.9
80483.6
49187.8
42461.8
43637.7
69541.8
46799.9
42318.2
75612.3
-2142.53
-2096.57
2601.45
5525.33
-18220.7
-8906.01
-16412.7
-32191.7
-104325
-61569.9
-55764.6
-58013.2
62431.2
38145.6
46585.6
86675.7
75265.2
45848.1
36439.3
28753.8
98156.3
65227.1
55940.6
92380
-7182.08
-4136.57
-309.006
13083.6
-18340.2
-14772.9
-12430.9
-38754.4
-123731
-74654.2
-68633.9
-77650.2
73447.9
49206.1
49693.3
103725
77305.9
43718.3
38417.8
19574.1
117373
73163.6
72743.6
109182
-31159.4
-16988.9
-14115.3
-3247.74
-18495.1
-10670.2
-16737.2
-39546.4
-124995
-77781
-66210.7
-79703.7
69692.4
48204.9
51060.9
111164
87385.7
54124.1
40667.1
26051.9
131053
85454.6
77228.8
121487
-39658.8
-21863.7
-17633.8
-4568.62
-13501.5
-7699.69
-14842.2
-37834.5
-140243
-82293.8
-77712.4
-84240.5
77100.8
52629.3
55732
127236
121719
72495.4
62235.3
44907.6
135484
87851.7
81704.1
133361
-25334.9
-11361.1
-15014.7
852.771
-18142.2
-14239.7
-15634.1
-46381.3
-151276
-91807.2
-83663.5
-102018
39476.4
30421.9
35847.5
107805
138312
82911.1
71788.3
65060.2
115286
75167.6
71872.5
125695
-15349.2
-6962.17
-8456.29
4978.03
-35162.3
-28104
-24790.5
-64122.6
-174148
-106565
-97110.5
-118010
24227.6
19103.2
26553.3
89351.4
144272
85768.5
77754.9
72400
84328.1
56831.6
55988.7
112800
-14136.5
-8207.39
-6142.64
3114.1
-56493.6
-38038.1
-37617.4
-79316.2
-188469
-115608
-104053
-129062
12476.9
13215.1
20485.6
88419.5
154589
92780.2
81948
81047.9
68923.1
48502.6
45043.4
101646
-18465.4
-7944.34
-12635.3
-1229.66
-68137.5
-48777.6
-42233.4
-88852.9
-194681
-121734
-109846
-142595
3282.39
7867.27
12119.8
74313.4
167525
98814.6
89963.1
84938.4
67103
44201.2
47837.9
102008
-27278.1
-15534.4
-15576.9
-16489.7
-73168.6
-50635.9
-46356.5
-97468.3
-172296
-110437
-94819.5
-133270
-17584.3
-5133.6
3762.52
63634
181971
112245
95341.3
99575.5
43617.2
30648.1
33723.3
84394.6
-19417.9
-10037.4
-12710.2
-9433.51
-87251.3
-57535.2
-55321.2
-102099
-167452
-102057
-97267.5
-129106
-40902.6
-18999.3
-10246
50874.2
229757
140233
125049
134437
32452.7
22819
30681.4
84780.7
-12516.5
-7897.68
-7851.71
-9739.69
-80791.2
-54276.1
-53997.5
-106266
-175778
-108139
-99598.8
-134425
-62703.4
-32188.2
-19337.2
39571.1
279649
174199
151648
177181
31994.5
24212.8
31631
90750.8
-136.472
-1677.96
1451.69
-793.374
-50855.8
-38307.5
-36699.5
-96074.6
-188860
-116605
-107697
-143713
-46933.5
-20814.4
-13111.9
49589.4
329043
207262
177139
216183
31838.2
29507.6
28760.2
104065
15021.1
8500.84
9310.47
11818.6
-37010
-23858.5
-34685.7
-86714.6
-199849
-119888
-115036
-147250
-32843
-16681.4
3549.68
76207
381122
235653
211965
253938
47859.1
35698.3
43656.8
120072
20214.8
10679.4
15134.9
23747.5
-15190.8
-16592.3
-15104.5
-75268.7
-185250
-116392
-102532
-141664
-38596
-13217.2
-6657.41
76883
417224
260077
228604
285683
58020.2
43883.8
49672.8
141375
-547.301
2172.94
180.312
9816.76
-14273.7
-10505.5
-20320.8
-70980.8
-162772
-99200
-92162.2
-119104
-46246.9
-20685.7
-5536.65
75254.5
447519
280600
245548
305458
44883.6
35587.3
44571.8
132418
-2908.33
-1910.6
1984.85
10978.5
5088.34
-1376.03
-9111.07
-64652.2
-165851
-99890.1
-94709.2
-120845
-53521.6
-22315.6
-11238.8
80198.6
479490
299289
265166
338435
47335.8
40544.1
44526.5
149385
-8878.43
-3937.17
-2491.14
9671.81
22127.5
8312.75
1467.95
-47292.7
-167113
-102678
-93527.6
-116772
-80499.9
-37922.1
-26129
61128
465780
292978
254970
331283
26786.6
31442.9
31365.1
135154
-6672.97
-1836.36
-1134.91
13190.4
32756
13076.5
9813.23
-39809.4
-192397
-119799
-108356
-136617
-77607.1
-37671.1
-26544.8
53557.7
452035
281764
249301
319682
15143.4
24502.7
21643.1
125790
-1347.04
371.231
2562.55
18343.8
31434.4
14453.3
6569.02
-36530.6
-223915
-136551
-126384
-157616
-77810
-37386.1
-25917.6
54648
436621
273802
236775
298606
12197.6
23607.5
16687.7
107433
-8600.54
-254.558
-5942.53
10943.9
22734.9
10200.7
2805.09
-43374.6
-213595
-132717
-122408
-163986
-65689.5
-29156.1
-22285.9
59384.2
443659
272643
245016
301416
33065.7
31792.9
32482.4
127143
-14637.8
-8737.01
-3758.98
8824.69
3012.98
-3637.36
-6033.04
-52533.8
-188474
-120016
-104254
-140661
-60613.2
-28480.1
-18140.1
55747.6
418792
260613
225891
275983
25104.4
26112
23226.3
98426.4
-32816.1
-18826.7
-16647.4
-6415.58
-9490.08
-12367.3
-15132.1
-66372.6
-210836
-129748
-123598
-164720
-78408.9
-41710.8
-26607.7
46084.3
430152
267287
234296
283524
22962.6
22671.3
25484.1
100317
-41387
-25366.7
-23120.3
-20646.8
-16000.4
-15608.7
-19111.7
-72255.7
-194884
-122095
-112686
-161101
-113259
-60384.1
-46016.4
21610.6
434941
274013
236796
297537
11716.1
19140.7
17657.9
93206.6
-48137
-29269.3
-26748.4
-29863.2
-15634.1
-14118.1
-17462.7
-70378.3
-186647
-115346
-108626
-150861
-123182
-68974
-54819.9
2571.75
449962
280364
244978
303912
4830.25
12569.5
12866.5
82626.1
-53357.6
-33764.3
-31664.2
-44139
-352.846
-5402.3
-13167
-68177.1
-176953
-111418
-103611
-150493
-148796
-83478.2
-66808.2
-10282.7
465184
291827
253194
315230
599.627
11042.2
10937.5
78394.1
-57544.3
-35341.9
-34303.2
-47730.4
-767.918
-5464.52
-11663.7
-69862.1
-154197
-97195.4
-92826.1
-141930
-175797
-99634.9
-85307.5
-29269.3
477339
294931
263338
328812
1982.73
9067.23
14277.9
88194.6
-77527.9
-48508.2
-45785.2
-60954
-27525.5
-22040.5
-28198
-87054
-123649
-81322.2
-73522.8
-121159
-185079
-109057
-88356.5
-47970.1
477831
299505
258829
324825
-2318.6
6830.65
9257.44
72604.3
-78817.7
-49754.2
-48305.3
-72404.9
-35613.4
-29599.5
-33187.3
-103748
-107916
-67443.8
-69671.2
-114676
-185753
-107643
-91378
-46331.1
525363
324198
291900
358254
6921.16
10522.5
19971.5
94909.3
-84286.4
-54302.3
-48617.1
-75181
-32715
-28125.9
-30680.7
-104805
-95556.3
-61257.4
-59483.9
-102579
-202689
-117445
-101018
-63053.4
554391
346605
305498
386312
-15248.1
-69.2965
7025.11
82329.1
-85444
-54960.6
-49636.1
-78030.6
-12117.7
-15156.1
-18787.8
-89971.6
-97852.3
-62460.2
-62618.5
-106937
-199597
-117421
-99859.7
-72298.8
583929
364394
322219
410825
-41109.8
-15801
-8518.52
70505.6
-92310
-60285.1
-50594.9
-77128.4
1430.48
-5209.26
-13000.2
-77506.7
-97674.8
-60515.6
-62900
-105079
-195969
-115468
-95616.4
-61625.8
611400
380773
338700
428253
-46706.5
-18142.2
-12768.2
60884
-106656
-66526
-60190.3
-81290.4
-6631.95
-9855.65
-14027.6
-77710.3
-72811.5
-48219.7
-48246.6
-96167.9
-192597
-109200
-100764
-65190.3
641090
395622
357860
454018
-44921.8
-20594.5
-6667.31
74425.1
-127106
-79009.3
-69802
-90381
-29156.1
-23723.4
-26974
-87890.5
-32992.2
-24478.6
-24165.4
-63602.8
-187121
-110760
-92953.4
-67512.4
646269
403976
358587
459375
-75469.5
-40472.7
-23302.7
48359
-136108
-86878
-71984.9
-91151
-42656.2
-32683.9
-34159.6
-99492.8
-29098.9
-18698.7
-26209.6
-62534.4
-29748
-19992
-11628.4
-11340.6
-17448.6
-10558.5
-7102.89
-7846.06
-25974.9
-15976.4
-13071.6
-17729.3
18802
10621.5
12324.2
18691
-1721.1
-458.912
-2527.2
-2559.73
-21172.9
-13058.8
-10456.7
-13442.8
-35374.4
-18763.8
-19843.5
-13671.9
-1032.38
-163.342
1829.99
7894.14
-20452.4
-13249.1
-10675.9
-12271.1
17987.4
13400.4
9209.36
19577.7
-527.502
866.913
-1395.83
-4039.7
-25993.2
-14755.2
-14848.5
-13188.2
-37603.2
-21179.3
-18813.3
-12612.7
1450.98
3331.89
2937.32
16144.7
-20390.8
-11513.1
-11021.7
-11648.2
26166.5
16165.2
15119.4
23928.5
7440.88
2431.03
5810.3
4823.88
-30951.5
-17030.7
-17643.7
-18717.8
-60343.1
-35897
-31232.2
-23999.9
-14137.2
-10029.6
-3274.61
5911.41
-49993.2
-32536.1
-27140.2
-32352.3
52429.1
32794.9
29989.1
42364.9
23218.6
14166.2
9924.24
4848.63
-49200.5
-28886
-27013.6
-27511.4
-79374.2
-50242.1
-38331.6
-38123
-15152.6
-6385.88
-5237.54
6566.19
-55464
-34706.9
-30533.6
-39134.8
50679.1
30524.4
31130.4
44472.1
44217.5
27826.8
22090.7
23869.1
-49116.3
-30425.4
-25535
-28327.4
-116854
-71705.6
-58057
-53305.2
-10031
-4275.87
1613.62
22669.1
-81290.4
-50141.6
-44624.8
-53761.3
58142.6
37447.7
34392.3
55672.6
51039.7
31824
26432.4
27207.3
-68576.6
-40659.3
-37517
-40117
-121867
-71485
-62431.9
-56707.8
-23703.6
-9275.83
-7032.18
19511.9
-93896.7
-55686.8
-51891
-62898.6
62781.2
40599.2
36458.4
56661.9
44112.1
27703.7
22002.3
23963.8
-72503.2
-43534.4
-36877.7
-40116.3
-101314
-58954.3
-52968
-43639.8
-23000.8
-11614.9
-5451.79
24639.1
-78288
-49449.4
-39207.7
-47394.5
48569.8
31731.4
28565
47888.8
32692.4
17541.2
20220.4
17355.9
-80513.3
-51937.7
-38018.3
-35335.5
-87710.2
-48165.3
-48190
-34895.7
-43481.4
-20542.2
-19154.8
15480.7
-73201.1
-41562.3
-39337.8
-33729
45354.5
28172.5
25772.6
40516.5
20061.3
9260.27
13213.7
16391.4
-100209
-58588
-54213.2
-49131.9
-82784.5
-49627.6
-44073.3
-41912.3
-83215.2
-50883.4
-37810.4
-18566.5
-76164.6
-47279.3
-38526
-40649.4
52398
30660.9
29361.2
34706.2
10448.2
2899.14
5057.23
-3573.72
-118870
-78037
-57420.6
-61830.8
-72675
-40014.5
-40873.6
-38499.1
-101217
-54415.4
-53182.2
-30986.1
-54380.8
-27679.7
-31227.2
-20610
40646.6
25943
21783.1
29628.5
10594.6
7792.32
2868.73
2956.41
-145598
-87852.4
-75073.5
-76868.2
-60416.6
-32673.3
-32839.5
-26066.1
-117812
-67197.8
-58189.2
-33925.6
-48996.1
-26783.1
-22722.9
-8201.02
19692.2
12983.9
9271.58
13283.7
-11639
-8297.9
-5218.45
-7626.15
-159256
-95042.2
-82184.9
-72545.6
-43573.3
-26207.5
-19024
-12539.8
-122382
-71424.9
-59485.4
-40764
-54390.7
-29917
-24937.5
-8164.96
9338.76
4567.91
5140.67
100.409
-20368.2
-14108.2
-10926.9
-15789
-180548
-109929
-90333.6
-84243.3
-11498.3
-5104.6
-4727.01
7540.59
-107453
-63644.6
-50672.7
-26761.9
-34318.7
-18028.4
-14506.3
5771.41
-9171.17
-6764.18
-5458.86
-11966.4
-24321.6
-17812.7
-11534.3
-20375.3
-194526
-119249
-98239.8
-86742.9
12020.1
10647.6
8951.26
24683.7
-100088
-54963.4
-49229.5
-22559.5
-25860.3
-10280.6
-9520.49
18162.7
-14095.5
-9422.2
-9400.98
-20190
-28318.2
-20226.1
-13261.1
-19427.8
-220260
-130393
-115447
-104959
40336.2
26973.3
23671.1
46915.1
-91013.8
-53943.1
-41211.6
-11276.9
-31063.9
-15537.3
-12734.3
14864.8
1969.29
-9.89949
-1323
-10008.4
-29691.4
-19814.5
-18166.3
-24789.7
-242914
-148746
-125363
-115487
40301.6
27014.3
24161.1
40063.3
-114398
-65929.9
-55428.7
-32353.7
-36240.6
-16996.7
-16803
9454.72
-23720.6
-17193.3
-13959.7
-30414.1
-41105.5
-27908.8
-23905.2
-37553.7
-291734
-178673
-150325
-151343
70584.8
46572.2
41037.6
62540.8
-104595
-58989.7
-50624.6
-22125.4
-27884.8
-12612.7
-10067.8
16739.3
-40562.5
-26247.1
-25344.1
-44023.8
-48613.6
-34207
-25988.3
-43262.2
-308269
-187293
-161017
-156610
82042.1
51423.6
52495.6
83034.8
-102760
-59179.9
-46493
-19223.4
-32487.3
-16122
-8811.96
24430.5
-29914.9
-21559.7
-18882.6
-41691
-52878.2
-33828
-31586.5
-46157.1
-320404
-194043
-165942
-164348
90152.6
60273.8
51879.7
87339.7
-78028.5
-43389.5
-32864.9
2298.1
-21262.7
-8519.93
-3222.99
37191.7
-50473.3
-32802.7
-31154.4
-55346.7
-46951.2
-28066.5
-29663.1
-42319.6
-307270
-184532
-158707
-145949
88367.8
55230
55703
91146.1
-67405
-35980.4
-27072.3
14564.3
-32901
-16833.4
-6226.08
38474.4
-46847.9
-33238.3
-27539.7
-56050.2
-39436.8
-27681.8
-22851.6
-39548.5
-301896
-180044
-156854
-141262
92572.3
60671.9
53639.7
90267.1
-48210.5
-26558.9
-15563.4
24494.2
-43958
-22191.8
-15552.8
29685.8
-18331
-14903.7
-12547.6
-38379.6
-10050.1
-7673.52
-11286.1
-29948.1
-279882
-169107
-141373
-123869
88200.3
55866.4
53110.1
83296.5
-37202.3
-15789
-11034.4
33582.6
-51794.9
-26665
-19299.8
23922.8
-27328.3
-20815.8
-17288.8
-42852.1
-256.68
-2118.49
-4866.31
-23654.1
-272992
-163144
-137452
-117125
77263.4
50128.2
49421.1
85266.5
-13217.2
-118.087
5098.95
63026.5
-61099
-31450
-21433.8
29966.5
-32351.5
-22853.7
-20958.6
-46449.1
11418.4
7048.44
-112.43
-15553.5
-248686
-145286
-123938
-85552.8
64599.9
43762.8
41536.2
81565.5
-22517.1
-3716.55
-862.67
67325.1
-79473.9
-42437
-32219.3
14437.7
-32629.4
-21916.8
-24456.7
-48445.3
-3273.9
-3032.78
-7989.6
-27488.8
-262082
-154108
-133052
-94759.4
82778.2
55072.3
51562.2
96317.8
-19147
-5053.69
3242.08
73011.6
-69527.7
-38866.8
-22918.7
26289.5
-43930.4
-29475
-30018.1
-58914
-6507.5
-7848.89
-5219.16
-28586.9
-283344
-170686
-142063
-110807
82074.6
57035.2
48620
94599.6
-47828
-18210.1
-16245.8
54958.5
-70135.1
-35264.8
-26064.7
31465.5
-47434.1
-32599.7
-35298.8
-72115.7
-21618.4
-16696.2
-15210.6
-36354.5
-306574
-181176
-162024
-137360
83659.2
54590.1
55656.4
105034
-75611.6
-40138.2
-26208.9
40266.9
-82476.9
-45865.1
-28730.5
29152.6
-29125
-23554.4
-22178.4
-64448.5
-35149.6
-26805
-20614.3
-47808.2
-325136
-198614
-166542
-151607
85939.6
58156
55891.1
104567
-99325.9
-50521.4
-41769.5
22638.7
-72559.1
-35776.1
-25360.4
38861.2
-33450.4
-24770.7
-25757.1
-68158.7
-38282.8
-25447.4
-23322.5
-44809.4
-354714
-215228
-183902
-176087
103870
70978
65013.5
127068
-110266
-56954.6
-47190.9
24008.4
-66170.3
-33077.7
-19811.7
50509.3
-39813.6
-26774.6
-32901
-74595.5
-45316.4
-29530.2
-26943.6
-44181.4
-383456
-231292
-204012
-195923
113237
75663.3
70044.6
131155
-123090
-65415.2
-54181.4
11368.2
-77713.9
-39377.4
-25653.8
48230.3
-15948.1
-14962.4
-19155.5
-67354
-42345.1
-27520.6
-27428
-46572.2
-398863
-243705
-209053
-215503
128865
87694.7
75869
138012
-99643.4
-52547.9
-40324.2
25622.7
-72271.3
-36330.4
-21687
56285.7
-13889.7
-13329.7
-17346.7
-68470.6
-34241.6
-23600.4
-18350.1
-37489.4
-391628
-237358
-206252
-204475
146689
98184.6
83804.9
143923
-90455.9
-43023.2
-40223.8
32611.1
-85400.1
-43640.5
-29246.6
51794.2
-200.818
-5658.98
-13204.5
-66794.7
-26983.2
-19255.2
-16799.4
-30628.3
-389267
-233499
-209567
-211414
156075
101896
92527
148232
-92010.9
-50731.4
-34871
26467
-110102
-59710.2
-41208.8
37081.4
26458.5
8763.17
4881.87
-54175.7
-10505.5
-11190.7
-4958.23
-23897.4
-383733
-234326
-200920
-203978
176709
113345
104324
158746
-89478
-45266.1
-34722.5
27763.1
-110461
-59213.8
-40841.1
36647.2
36649.3
14613.8
11006.8
-46517.7
4587.71
802.566
3519.98
-7643.82
-388676
-238230
-201166
-208859
193875
126002
110880
171863
-64227.9
-29536.6
-20330.7
54638.1
-115693
-61299.1
-43235.3
44977.6
47047.3
22983.8
13630.9
-38794.7
18527.6
9828.08
11936
11280.5
-377114
-227302
-199593
-194532
-10200.7
-7412.6
-4290.02
-3688.98
-13698.1
-6880.15
-7664.33
-1897.87
-30561.9
-18160.6
-17398.4
-20170.2
-7441.59
-3323.4
-3016.52
-2402.04
-15737.4
-10999
-8255.47
-11492.6
-25948.7
-13010.1
-18840.9
-19328.1
-12940.1
-10832.9
-5894.44
-13865.7
-21973.3
-11366.7
-15065.6
-16433.2
-77652.3
-46816.1
-43532.3
-55258.3
9582
5963.03
7254.92
7576.65
-22097.8
-14398.1
-14080.6
-22629.5
-35902.6
-18386.2
-25634.7
-36023.6
-8263.25
-6431.84
-3602.71
-7623.32
-19647
-11810.8
-13255.4
-21158.8
-84336.6
-49646
-47936.9
-58140.4
49020.2
30959.3
31263.3
42775
2209
-465.983
-3300.77
-16327.1
-13012.9
-3066.02
-14064.4
-26141
-41700.2
-27883.3
-20371.7
-23624.4
-42536.7
-27031.3
-23238.4
-27517.1
-110827
-68844.6
-60482.4
-72157.4
41652.1
28150.6
29404.3
53246.6
-10461.6
-9944.75
-7530.69
-26210.3
-25837
-14236.2
-20184.4
-29422.7
-58954.3
-37585.6
-34077.6
-49108.6
-57617.2
-37548.8
-32791.4
-49904.1
-148129
-90806.7
-81363.2
-97869.2
57978.5
36221.5
38115.9
62617.8
-190.919
-4794.89
-4147.89
-28611.7
-31129.7
-18479.5
-22104.9
-47791.9
-55336.1
-34664.5
-30984
-43007.6
-52912.1
-31289.5
-32539.6
-43195.7
-166607
-102248
-91297.4
-113686
79916.5
53354.7
49375.9
82856.7
6866.71
2365.27
-3548.26
-29674.4
-8355.88
-3767.46
-11334.2
-31145.9
-60774.4
-36051.1
-36420.9
-46463.3
-40452.2
-24572.7
-24928.3
-35740
-148656
-92135.3
-81968.5
-99120.1
110055
70558.7
69232.1
113665
12867.2
3063.89
3679.78
-26257
23254.6
13080.8
6992.58
-11817.9
-52741
-33552.9
-30397.8
-47888.1
-32274.5
-18531.1
-21541.3
-28758
-168336
-105147
-91494
-111664
102656
66593.2
65876.9
116622
-2796.61
-5148.44
-7306.53
-35358.2
29260.8
16062.6
11433.2
-8134.56
-44699.8
-25745.8
-28685.2
-39960
-24878.8
-15190.1
-16241.5
-29142.7
-181726
-110613
-100912
-118296
93847.9
60707.9
64050.4
121562
-20171.6
-16863.8
-16269.8
-49641.7
42621.6
24849.9
20423.4
2481.24
-58824.2
-35124.1
-35767.6
-48719.7
-1493.41
-385.373
-3601.29
-10673.8
-189610
-116337
-106371
-128040
74459.1
49937.3
54615.5
113554
-34267.1
-25796
-23637.9
-62472.2
59188.4
36769.6
26299.4
16846.8
-68025.1
-37658.4
-45744.2
-63755.6
21721.6
14126.6
11428.3
7233
-195201
-119756
-107343
-129632
64874.9
45129.7
49362.4
119699
-53429
-36464.8
-31599.2
-63547.7
72125.6
42693
37461.1
22762.5
-63136.9
-39349.8
-38734.6
-62832.8
31713.7
20858.2
16646
22704.5
-214572
-133389
-116449
-141958
36418.1
28303.4
33514.7
101832
-87352.4
-56524.7
-52303.3
-87242.8
80388.1
47112.4
43114.4
37311.9
-71216.3
-44894.2
-41285.8
-64731.4
34902.1
22618.2
16863.1
22913.8
-197147
-123007
-107011
-132283
51517
37369.2
41375.6
106072
-99324.5
-64708
-58575.3
-95194.3
99354.9
60500.8
47663.9
41143.7
-80784.1
-50907.4
-44208.3
-65385.5
26345.4
18349.4
11636.9
15210.6
-184375
-115553
-98228.4
-120715
84799.8
57620.7
62812.3
139219
-110150
-68437.3
-64763.9
-95485.6
119754
71951.7
60892.5
50906
-82165.1
-51065.1
-45813.4
-63714.6
33577
22208.1
14382.6
11972.7
-167140
-102698
-90966.5
-105317
98053.8
65848.6
72354.7
157711
-121736
-77238
-72078.9
-107901
149332
91160.2
76792.5
69065.9
-76721.1
-47154.8
-42502.8
-55686.1
51301.3
31036.3
24791.2
21501
-133232
-81510.3
-73205.4
-86158.8
131053
87756.2
89270.1
179356
-111026
-72533.6
-64901.1
-104543
200374
121465
102166
98867
-74647.1
-43825.1
-44222.5
-56653.4
64828.3
40115.6
32034.8
28012.7
-104747
-65727
-57543.6
-69239.9
173294
111825
114194
218272
-112927
-71639.8
-66463.8
-99455.3
237780
142597
124736
117871
-62183
-40274.7
-32756
-46108.3
80617.2
49339.8
39187.2
36300
-73089.4
-47265.8
-38603.8
-50135.3
180280
118312
117385
222726
-109662
-69606.9
-66534.5
-102788
277369
166362
146505
143478
-69321.9
-42130.1
-38784.8
-45071.7
78098.5
47410.1
40093.7
36643
-72049.9
-43644.8
-38879.6
-43202.8
189418
127148
120992
232456
-119949
-77245.8
-69230.7
-108720
291083
177154
150648
152916
-72431.1
-47016.2
-38283.5
-53222.5
60902.4
37253.2
28969.5
20958.6
-88983.7
-56551.6
-46587
-57149.8
197852
129903
128180
237825
-125206
-79674
-72381.6
-109395
283810
171922
147050
139818
-53327.2
-32787.8
-30774
-38952.4
68791.6
41329.7
32739.8
21592.2
-97882
-58592.3
-53420.5
-58255
224185
148552
141984
264051
-105199
-69121.8
-62907.8
-101489
297080
183288
153441
150417
-63544.9
-38022.5
-35037.1
-38789.8
61617.3
37080.7
30159.5
20778.3
-104123
-62513.9
-56600.4
-61077.8
229727
153203
146088
272411
-107143
-68573.8
-62632
-100595
303982
185327
155699
154368
-58405.6
-34269.9
-38009.1
-49321.4
65350.1
39598.7
29493.4
15220.5
-112761
-68137.5
-62065.6
-68496.7
255768
168282
157656
288172
-83895.4
-55731.3
-50680.5
-86214
317074
192139
163578
150735
-46036.2
-29606.6
-26650.9
-41522
77025.8
45208.9
36867.1
23063
-110782
-69304.9
-57384.5
-67386.6
267682
175744
165397
294481
-76456.6
-50515
-47297.7
-83268.9
345187
207377
180442
170319
-56802.6
-36238.5
-30798
-43001.3
68899.8
40389.2
32053.9
17102.1
-120828
-75369.8
-63535
-71944.6
281274
183633
175502
307381
-71966.5
-47736.1
-44293.9
-78993
337568
204629
172247
165500
-52265.8
-36466.2
-23076.4
-39084.6
63382.2
35759.1
28431.3
2264.86
-116260
-74340.3
-58204.8
-67742.2
308028
198020
193597
326862
-53173
-36423.1
-31995.9
-65824.6
342530
206681
176723
160393
-57991.9
-36108.4
-28405.9
-28629.3
53202.7
29497
22754.7
-3317.75
-133000
-80215.6
-68737.9
-67957.9
297852
195563
189560
342100
-36024.3
-25112.2
-23053.1
-48015.4
324507
198751
166539
154298
-94423.5
-56222.1
-49020.2
-44666.5
13408.2
4578.52
755.19
-29460.9
-143714
-85954.5
-77639.6
-78351
276890
184433
175904
329379
-42234.1
-27921.5
-27233.5
-52031
306582
186172
152963
140084
-101807
-59703.9
-56809
-57773.5
-12736.4
-11413.4
-15728.9
-53668
-146379
-89652.7
-77797.3
-82105
288176
190546
181511
339970
-30243.7
-21445.1
-19945.4
-44103
286910
172790
144287
117435
-108630
-67734.5
-55018.6
-59235
-37133
-27864.2
-29418.5
-78587.8
-153961
-96449.4
-78696
-87981.8
277631
183305
177780
332102
-18116.1
-13379.2
-14171.8
-38109.5
281412
167205
142425
111115
-125729
-74019.2
-67004
-64302.9
-36399
-27092.1
-28336.6
-80425.6
-122891
-73694.7
-65113.9
-63282.5
283391
189249
182609
344331
-12334.8
-10649
-9782.82
-32178.3
308632
183457
155556
121752
-142749
-86078.2
-75633.6
-77911.9
-22376.4
-16945.1
-23012.1
-72398.5
-112201
-68660.1
-58673.6
-56926.3
287054
192662
185136
356581
-15183
-9893.84
-14720.5
-33413.6
346499
205519
177318
144938
-160252
-93737.6
-87830.4
-87435.2
-14972.3
-14463.9
-15189.4
-66347.8
-109747
-63839
-58620.6
-49418.3
275429
185379
181565
363530
-34150.4
-22054
-25785.4
-48935.3
369836
221570
190850
163254
-161936
-97971.1
-85994.8
-89460.3
-8621.05
-12053.3
-9991.42
-58571.1
-68466.3
-41382.7
-34250.1
-26276.8
267865
179654
180787
361054
-25040.8
-21542.7
-17433
-53061.3
420762
251008
217976
193541
-184162
-105618
-104040
-105671
-9811.11
-10173.1
-11288.3
-53737.3
-63628.3
-36203.9
-32541.1
-18439.9
254807
175426
171558
369821
-35946.5
-24039.5
-26237.9
-53640.4
443845
266512
230904
207949
-177274
-106067
-94928.4
-100665
-3873.53
-5360.58
-9519.78
-48311.7
-39213.3
-21192
-16824.2
680.944
240726
167865
163231
359002
-35115.6
-22297.2
-27981.6
-59703.1
489870
294547
256931
242932
-2822.77
-1035.2
-2628.32
-1998.99
-1772.01
846.407
-3630.99
-5086.22
1645.44
4060.91
-2519.42
855.599
-4290.02
669.63
-5615.84
-4587.71
1010.46
1081.87
622.254
2023.03
31563.8
20605.1
18633
23309.8
-48176.6
-26586.5
-28836.5
-34241.6
-16995.3
-8275.98
-11296
-16127
-30847.5
-17043.4
-18985.1
-23758.8
-34070.5
-19250.3
-20897.8
-28768.6
-22124.7
-10943.9
-12855.9
-11806.6
36563.8
24632.1
23137.9
37361.4
-64382.8
-38415.7
-38699.2
-47463.1
-29814.5
-14118.1
-19861.9
-23317.6
-11218.2
-3715.14
-7534.22
-3391.99
-49671.4
-26969.1
-30256.4
-35595
-18487.3
-9560.08
-10562.8
-9041.07
36585.7
27365.7
22169.9
44322.2
-70677.4
-45140.3
-42931.3
-66628.6
-29642.6
-20738.7
-20285.5
-33637.8
-39055.6
-23919.3
-19512.6
-16785.3
-69548.9
-42845
-40593.6
-52998.4
-18889.7
-12317.8
-10431.9
-12143.9
50775.2
31414.6
32430.7
55168.5
-59776
-39559.1
-36237.1
-60668.3
-32920.8
-21612.7
-22924.4
-47031.8
-53651.7
-31929.4
-28272.3
-28461
-71984.2
-43308.2
-43596
-60507.8
-37562.2
-22689.6
-22356.6
-27225.7
58325
37997.8
35498.9
57745.9
-30919
-20494.8
-22841
-47504.1
-14489.3
-13351.6
-10023.9
-36029.9
-49037.1
-27683.2
-22582.9
-13198.9
-78483.2
-49412.6
-43656.8
-63195.5
-24116.6
-14067.2
-16460
-23437.1
87981.8
53594.5
53989.7
82088.7
-50846.6
-33282.8
-29598.8
-49878.6
-19589
-11173.7
-17253.4
-34517.4
-40471.3
-23245.4
-20855.4
-10841.4
-73162.9
-44792.4
-43120.8
-53837.7
-36207.4
-23608.9
-19984.3
-31519.3
101248
65530.4
61268
97340.3
-106038
-66180.2
-60921.5
-88365.7
-38581.9
-22558.8
-28311.1
-51995.7
-41396.9
-24704.2
-21995.3
-18666.2
-104841
-64092.2
-62500.5
-83916.6
-52640.6
-32125.3
-29358.4
-41538.3
98548.8
66058.6
58963.5
101244
-158371
-98758.1
-90424.1
-120486
-71023.2
-42711.4
-46732.7
-75697.2
-20562
-12022.9
-11716.1
-9316.84
-117806
-72759.2
-69645.8
-94028.9
-71820.8
-44006.1
-40682
-53598
87363
60063.1
52445.4
95934.6
-185321
-117438
-102621
-143676
-73864.4
-48175.2
-48434.7
-85990.5
-32473.9
-21701.8
-17133.2
-21472
-134079
-85965.1
-76357.6
-109768
-81178
-53281.2
-43369.7
-62228.2
100046
65451.2
60853.6
105183
-198325
-125481
-108037
-142114
-83529.8
-54131.1
-52642
-94533.8
-25996.8
-18225.7
-13000.9
-19591.8
-150564
-93898.8
-88120.4
-120640
-96878.6
-61332.3
-53866.7
-71093.9
107299
70221.4
65294.9
109270
-213784
-132585
-119239
-153293
-86232.4
-57733.1
-53404.9
-100629
-14780.7
-9041.77
-8397.6
-10615.8
-167458
-105415
-96823.4
-136945
-96651.6
-60405.3
-57032.4
-80025.4
127489
80987.1
77658.7
126125
-212183
-130721
-118418
-146852
-74197.4
-48960.8
-47714.2
-89818.1
-925.603
813.88
-4675.39
-7664.33
-170739
-106437
-98847.9
-137216
-86747.9
-56575.6
-49979.7
-77431
136056
89227
80905
133694
-225910
-140690
-123066
-153941
-68645.9
-46120.3
-43276.3
-86494
16202.6
10473
5338.66
-2449.42
-181751
-113897
-104515
-147196
-81833.5
-54624.7
-44531.5
-71555.7
123105
81907.7
72932.4
124874
-269793
-166737
-148756
-179754
-66009.8
-43446.1
-43172.4
-83602.6
49447.3
31001
22249.1
17533.4
-213323
-133809
-122873
-169688
-102182
-66523.2
-57299.7
-85154
101882
67986.9
59300.1
103445
-275638
-171128
-151215
-188097
-35830.5
-26914.6
-27358.7
-66637.7
56620.9
32840.9
26623.3
18226.4
-214498
-136820
-122933
-176732
-94398.8
-62613.6
-52819.5
-83710.8
110524
71181.6
64966.8
104549
-280404
-174216
-153671
-184442
-32864.9
-23587
-25814.3
-66926.2
56568.5
33456.1
25650.3
12856.6
-226584
-141692
-130649
-182951
-96941.5
-63762.6
-55456.3
-83014.3
111016
74199.5
62405
102105
-304225
-188701
-168161
-208391
-26674.2
-22672.7
-20073.3
-63150.3
64109.1
38890.2
29161.8
15852.6
-247834
-157854
-140547
-199763
-111828
-73271.1
-64865.7
-101378
115902
73597.1
66974.3
101555
-316307
-196708
-175476
-217514
-45969
-33111.7
-34821.5
-81781.1
49607.8
28620.9
17797.9
-4993.59
-256647
-160896
-147143
-206127
-128824
-84269.5
-75408
-117654
126468
78954.1
74785
106697
-313714
-193574
-176745
-223713
-34453.8
-24880.3
-29824.3
-79440.6
55638
32210.1
19569.2
-8898.94
-238516
-151049
-137853
-196629
-125584
-79987.2
-75410.8
-117510
154731
96727.3
90137.7
132703
-326328
-202200
-184009
-235776
-43743.7
-31686.9
-35460.7
-95777.6
68217.4
39451.6
26709.5
-8389.11
-211001
-134959
-122335
-182636
-115854
-75430.6
-69372.1
-115410
182431
114988
104963
147200
-344662
-213499
-197139
-261970
-48210.5
-36138.1
-41162.8
-105138
33201.5
16811.5
6600.13
-31072.4
-200329
-125919
-117699
-172340
-127259
-82072.5
-78486
-129796
178829
113542
103459
152074
-315378
-201836
-176760
-247958
-48349.8
-39650.3
-39270.6
-122479
17096.4
4351.54
-1826.46
-56302.7
-179080
-113081
-105010
-160426
-115818
-79477.4
-69524.2
-129765
196354
123751
112810
156765
-296848
-185662
-171855
-243488
-37244.7
-33169
-34755
-121113
20712.6
9044.6
-1062.07
-53543.5
-154603
-98886.8
-87690.4
-136219
-91040
-60592.7
-61021.9
-119418
236553
148385
137681
193549
-303158
-191136
-173670
-244271
-73877.8
-53245.1
-56944.7
-144252
-4867.02
-9638.57
-14718.4
-77076.8
-154508
-97676.9
-86446.6
-122571
-118154
-80634.2
-73648.7
-141834
227862
142525
133640
190038
-311389
-194159
-180458
-252984
-78964.7
-53306.7
-63513
-153456
-13321.9
-12732.2
-22558.8
-84762.3
-170167
-105752
-96035
-128867
-122636
-81245.9
-77255
-144262
221296
140666
129116
193715
-332578
-208413
-192694
-268039
-99793.3
-67520.2
-74357.9
-169773
-2086.67
-7855.96
-15232.5
-80931.2
-177652
-109236
-98944.7
-125371
-151920
-100569
-93336.7
-165628
185797
118785
108994
167816
-344415
-217564
-198004
-287839
-107970
-74795.6
-79791.3
-182361
-27845.9
-23198.1
-28567.1
-99861.9
-178009
-110073
-97811.3
-124221
-170564
-112822
-103765
-187733
179970
111924
108930
159348
-343607
-219991
-194686
-280674
-122393
-86505.3
-84521.9
-197655
-26324.2
-24698.5
-25647.5
-98606.7
-177740
-110419
-94898
-115652
-183529
-123995
-107948
-190712
190505
118631
116612
176305
-350304
-218502
-207809
-298424
-120533
-82757.7
-88418
-202711
-12938.6
-11826.4
-21623.3
-86669.4
-181618
-110825
-98727.7
-112202
-202430
-130221
-128406
-217140
195898
123185
115926
178482
-347271
-219984
-202046
-300886
-117937
-82902.6
-85233.2
-206300
-5225.52
-11351.9
-17826.2
-89386.1
-182679
-110879
-99603.1
-111345
-213599
-141254
-130935
-236377
172318
112721
99395.2
158617
-363025
-231324
-208600
-311220
-102305
-74021.4
-74806.2
-192494
-3041.97
-10886.6
-17331.9
-94970.8
-197662
-122851
-106562
-123817
-204193
-136292
-122689
-223925
175200
112947
101736
161404
-365062
-232719
-213607
-318725
-81786.1
-60701.6
-67187.2
-185428
28401.7
7632.51
-2052.73
-81512.4
-193657
-121415
-106601
-128237
-198850
-132054
-122574
-222963
168405
107697
94615.1
141740
-366030
-234678
-212304
-326847
-44581.7
-43399.4
-43597.4
-163803
14165.5
-5791.91
-6616.4
-96668.6
-189819
-120490
-102151
-127678
-201218
-135747
-121103
-224666
151279
95861.8
86204.8
127829
-368347
-233938
-216627
-322794
-30468.5
-29301.1
-40179.2
-159989
-45.2548
-11445.9
-18855
-114048
-204591
-124114
-114555
-134717
-217871
-143391
-135126
-235453
129262
86127.7
67396.5
102132
-362841
-229643
-216632
-333952
15917
-5776.36
-10814.5
-133827
6077.58
-7004.6
-16740.8
-114910
-211814
-131748
-115840
-142507
-217411
-142618
-138551
-251853
133526
84662.6
71657.5
91807.9
