-0.065155
0.141129
0.181854
-0.0776062
0
-7.64948
-2.60388
-3.14526
-1.91199
0
-0.698395
-0.714249
-0.895966
0.00436401
0
1.52286
0.642303
0.784485
0.334106
0
-1.93817
-0.848213
-1.0377
-0.413681
0
1.00458
0.379597
0.461143
0.236961
0
4.11188
1.60078
1.94762
0.952255
0
3.13446
1.29538
1.58063
0.697693
0
-3.01938
-1.32248
-1.61798
-0.644043
0
-1.21527
-0.733856
-0.908752
-0.183533
0
-1.44937
-0.244904
-0.278503
-0.455566
0
3.08739
1.06191
1.28346
0.767578
0
0.992599
0.482172
0.59248
0.19392
0
-0.102936
-0.0943756
-0.118134
-0.00344849
0
1.20271
0.32984
0.392872
0.330494
0
-2.1438
-0.398682
-0.458496
-0.660156
0
0
0
0
0
0
0
0
0
0
0
0
0
0
0
0
0
0
0
0
0
1.09581e+15
3.07192e+14
3.66474e+14
2.98614e+14
0
2.20618e+15
7.66608e+14
9.27086e+14
5.45568e+14
0
-2.90299e+15
-8.24039e+14
-9.83926e+14
-7.87236e+14
0
1.11483e+15
2.79921e+14
3.3118e+14
3.1604e+14
0
7.36679e+14
1.91647e+14
2.27372e+14
2.06332e+14
0
1.65495e+15
5.55544e+14
6.70505e+14
4.16584e+14
0
-1.96046e+15
-5.20815e+14
-6.18885e+14
-5.45037e+14
0
7.03287e+14
1.52859e+14
1.78609e+14
2.08282e+14
0
-1.01034e+14
-1.12869e+14
-1.41807e+14
4.21424e+12
0
1.09652e+15
2.73164e+14
3.22981e+14
3.11659e+14
0
1.24324e+14
2.45556e+14
3.10776e+14
-4.52387e+13
0
-3.68292e+14
-2.20061e+14
-2.72415e+14
-5.64977e+13
0
5.50136e+14
1.50265e+14
1.78928e+14
1.514e+14
0
1.18248e+15
4.02626e+14
4.86345e+14
2.95519e+14
0
-1.43605e+15
-3.95427e+14
-4.71131e+14
-3.94012e+14
0
5.59403e+14
1.3573e+14
1.60138e+14
1.60359e+14
0
0
0
0
0
0
0
0
0
0
0
0
0
0
0
0
0
0
0
0
0
1.54971e+15
4.34436e+14
5.18272e+14
4.22305e+14
0
3.12001e+15
1.08415e+15
1.3111e+15
7.71549e+14
0
-4.10545e+15
-1.16537e+15
-1.39148e+15
-1.11332e+15
0
1.57661e+15
3.95869e+14
4.6836e+14
4.46948e+14
0
1.04182e+15
2.71029e+14
3.21552e+14
2.91797e+14
0
2.34045e+15
7.85658e+14
9.48238e+14
5.89139e+14
0
-2.77251e+15
-7.36543e+14
-8.75236e+14
-7.70798e+14
0
9.94598e+14
2.16176e+14
2.52591e+14
2.94555e+14
0
-1.42884e+14
-1.59621e+14
-2.00545e+14
5.95983e+12
0
1.55071e+15
3.86312e+14
4.56765e+14
4.40752e+14
0
1.75821e+14
3.47268e+14
4.39504e+14
-6.39772e+13
0
-5.20844e+14
-3.11213e+14
-3.85253e+14
-7.98998e+13
0
7.78009e+14
2.12506e+14
2.53042e+14
2.14112e+14
0
1.67228e+15
5.69399e+14
6.87795e+14
4.17927e+14
0
-2.03088e+15
-5.59218e+14
-6.6628e+14
-5.57217e+14
0
7.91115e+14
1.91951e+14
2.26469e+14
2.26782e+14
0
0
0
0
0
0
0
0
0
0
0
0
0
0
0
0
0
0
0
0
0
1.09581e+15
3.07192e+14
3.66474e+14
2.98614e+14
0
2.20618e+15
7.66608e+14
9.27086e+14
5.45568e+14
0
-2.90299e+15
-8.24039e+14
-9.83926e+14
-7.87236e+14
0
1.11483e+15
2.79921e+14
3.3118e+14
3.1604e+14
0
7.36679e+14
1.91647e+14
2.27372e+14
2.06332e+14
0
1.65495e+15
5.55544e+14
6.70505e+14
4.16584e+14
0
-1.96046e+15
-5.20815e+14
-6.18885e+14
-5.45037e+14
0
7.03287e+14
1.52859e+14
1.78609e+14
2.08282e+14
0
-1.01034e+14
-1.12869e+14
-1.41807e+14
4.21424e+12
0
1.09652e+15
2.73164e+14
3.22981e+14
3.11659e+14
0
1.24324e+14
2.45556e+14
3.10776e+14
-4.52387e+13
0
-3.68292e+14
-2.20061e+14
-2.72415e+14
-5.64977e+13
0
5.50136e+14
1.50265e+14
1.78928e+14
1.514e+14
0
1.18248e+15
4.02626e+14
4.86345e+14
2.95519e+14
0
-1.43605e+15
-3.95427e+14
-4.71131e+14
-3.94012e+14
0
5.59403e+14
1.3573e+14
1.60138e+14
1.60359e+14
0
0
0
0
0
0
0
0
0
0
0
0
0
0
0
0
0
0
0
0
0
-6.98398
-2.25876
-4.82084
-1.65863
0
5.34464
1.51004
4.31393
1.43488
0
3.22617
1.15378
1.91142
0.682556
0
-8.38452
-2.72144
-5.75983
-1.98389
0
-0.399902
-0.136871
-0.254501
-0.0892639
0
0.191162
0.20874
-0.288025
-0.065918
0
4.13428
1.31876
2.90623
0.995758
0
2.33447
0.685059
1.8114
0.607422
0
-2.35419
-0.87767
-1.29263
-0.470993
0
0.121826
-0.0244751
0.266693
0.0773315
0
9.62177
3.39622
5.82876
2.06963
0
-10.0181
-3.17615
-7.09784
-2.42761
0
3.98286
1.34441
2.58841
0.903259
0
-3.98984
-1.29343
-2.7454
-0.945251
0
-1.64351
-0.74968
-0.510891
-0.225037
0
-0.875
-0.220215
-0.783447
-0.255371
0
0
0
0
0
0
0
0
0
0
0
0
0
0
0
0
0
0
0
0
0
2.54888e+15
8.27944e+14
1.74917e+15
6.02619e+14
0
-2.24957e+15
-6.46523e+14
-1.78447e+15
-5.95653e+14
0
1.98074e+15
5.55835e+14
1.60959e+15
5.34641e+14
0
-6.82135e+13
2.85582e+13
-1.9179e+14
-5.45547e+13
0
1.9029e+15
6.22127e+14
1.29439e+15
4.4685e+14
0
-2.09682e+15
-6.2282e+14
-1.60555e+15
-5.39899e+14
0
1.9042e+15
5.58705e+14
1.47779e+15
4.95532e+14
0
-2.47946e+14
-4.35115e+13
-2.76003e+14
-8.66766e+13
0
9.88028e+14
3.50505e+14
5.93513e+14
2.11192e+14
0
-3.74279e+15
-1.20445e+15
-2.60082e+15
-8.93458e+14
0
3.72035e+15
1.19358e+15
2.59566e+15
8.90867e+14
0
-1.72638e+15
-5.38331e+14
-1.24889e+15
-4.25165e+14
0
1.2799e+15
4.17444e+14
8.73479e+14
3.01314e+14
0
-1.37762e+15
-4.05734e+14
-1.06475e+15
-3.5734e+14
0
1.30621e+15
3.81024e+14
1.02008e+15
3.41606e+14
0
-1.84395e+14
-3.47501e+13
-1.98427e+14
-6.26492e+13
0
0
0
0
0
0
0
0
0
0
0
0
0
0
0
0
0
0
0
0
0
3.60466e+15
1.17089e+15
2.4737e+15
8.52233e+14
0
-3.18138e+15
-9.14322e+14
-2.52362e+15
-8.42381e+14
0
2.80119e+15
7.8607e+14
2.2763e+15
7.56097e+14
0
-9.64684e+13
4.03874e+13
-2.71233e+14
-7.7152e+13
0
2.6911e+15
8.79821e+14
1.83054e+15
6.31941e+14
0
-2.96534e+15
-8.80801e+14
-2.27058e+15
-7.63533e+14
0
2.69294e+15
7.90128e+14
2.08991e+15
7.00788e+14
0
-3.50648e+14
-6.15346e+13
-3.90327e+14
-1.22579e+14
0
1.39728e+15
4.95689e+14
8.39354e+14
2.9867e+14
0
-5.2931e+15
-1.70334e+15
-3.67812e+15
-1.26354e+15
0
5.26137e+15
1.68797e+15
3.67082e+15
1.25988e+15
0
-2.44147e+15
-7.61314e+14
-1.7662e+15
-6.01275e+14
0
1.81005e+15
5.90355e+14
1.23529e+15
4.26123e+14
0
-1.94825e+15
-5.73794e+14
-1.50579e+15
-5.05356e+14
0
1.84726e+15
5.38849e+14
1.44261e+15
4.83104e+14
0
-2.60775e+14
-4.91441e+13
-2.80618e+14
-8.85993e+13
0
0
0
0
0
0
0
0
0
0
0
0
0
0
0
0
0
0
0
0
0
2.54888e+15
8.27944e+14
1.74917e+15
6.02619e+14
0
-2.24957e+15
-6.46523e+14
-1.78447e+15
-5.95653e+14
0
1.98074e+15
5.55835e+14
1.60959e+15
5.34641e+14
0
-6.82135e+13
2.85582e+13
-1.9179e+14
-5.45547e+13
0
1.9029e+15
6.22127e+14
1.29439e+15
4.4685e+14
0
-2.09682e+15
-6.2282e+14
-1.60555e+15
-5.39899e+14
0
1.9042e+15
5.58705e+14
1.47779e+15
4.95532e+14
0
-2.47946e+14
-4.35115e+13
-2.76003e+14
-8.66766e+13
0
9.88028e+14
3.50505e+14
5.93513e+14
2.11192e+14
0
-3.74279e+15
-1.20445e+15
-2.60082e+15
-8.93458e+14
0
3.72035e+15
1.19358e+15
2.59566e+15
8.90867e+14
0
-1.72638e+15
-5.38331e+14
-1.24889e+15
-4.25165e+14
0
1.2799e+15
4.17444e+14
8.73479e+14
3.01314e+14
0
-1.37762e+15
-4.05734e+14
-1.06475e+15
-3.5734e+14
0
1.30621e+15
3.81024e+14
1.02008e+15
3.41606e+14
0
-1.84395e+14
-3.47501e+13
-1.98427e+14
-6.26492e+13
0
0
0
0
0
0
0
0
0
0
0
0
0
0
0
0
0
0
0
0
0
-5.52783
-2.00073
-2.92432
-0.748047
0
-2.43382
-0.564117
-1.23434
-0.454636
0
10.8711
3.70483
5.7124
1.56201
0
10.8238
3.17444
5.6012
1.75861
0
1.50169
0.303497
0.75412
0.298141
0
0.852013
0.096817
0.415207
0.198967
0
-6.2036
-1.1702
-3.10129
-1.26469
0
-0.943481
-0.452881
-0.517822
-0.0836182
0
-5.80286
-2.15271
-3.07861
-0.764526
0
-0.0945129
-0.23407
-0.0835571
0.0662537
0
-7.01672
-2.55676
-3.71484
-0.942749
0
-3.22168
-1.15601
-1.70264
-0.439941
0
0.191551
-0.0075531
0.0884247
0.0563278
0
-1.08815
0.0856018
-0.495148
-0.336868
0
-2.20388
-0.384293
-1.09648
-0.461723
0
-0.433716
-0.0976562
-0.219482
-0.0821533
0
0
0
0
0
0
0
0
0
0
0
0
0
0
0
0
0
0
0
0
0
1.01447e+15
3.54013e+14
5.3446e+14
1.42486e+14
0
3.20717e+13
-2.37239e+14
-2.48166e+13
1.02757e+14
0
1.21113e+15
5.56076e+14
6.60474e+14
1.17336e+14
0
-8.73528e+14
-2.91209e+14
-4.57921e+14
-1.28078e+14
0
8.32205e+14
2.73149e+14
4.35539e+14
1.23713e+14
0
-1.38846e+14
-2.20001e+14
-1.01954e+14
4.83443e+13
0
9.42429e+14
3.98054e+14
5.08124e+14
1.05009e+14
0
-5.69776e+14
-1.71208e+14
-2.95542e+14
-9.09525e+13
0
6.90839e+14
1.37282e+14
3.46533e+14
1.38082e+14
0
-1.11577e+15
-4.34191e+14
-5.95357e+14
-1.38986e+14
0
1.32272e+15
3.63708e+14
6.80425e+14
2.2449e+14
0
-4.37105e+14
-6.37889e+13
-2.15383e+14
-9.64914e+13
0
5.26354e+14
1.82565e+14
2.77116e+14
7.43692e+13
0
-1.09085e+14
-1.6009e+14
-7.79588e+13
3.29373e+13
0
7.73418e+14
3.17157e+14
4.15402e+14
8.99386e+13
0
-5.34099e+14
-1.6206e+14
-2.773e+14
-8.46356e+13
0
0
0
0
0
0
0
0
0
0
0
0
0
0
0
0
0
0
0
0
0
1.43467e+15
5.00649e+14
7.5584e+14
2.01506e+14
0
4.53563e+13
-3.35506e+14
-3.50959e+13
1.4532e+14
0
1.71279e+15
7.8641e+14
9.34051e+14
1.65938e+14
0
-1.23535e+15
-4.11831e+14
-6.47598e+14
-1.8113e+14
0
1.17692e+15
3.86291e+14
6.15946e+14
1.74957e+14
0
-1.96358e+14
-3.11128e+14
-1.44184e+14
6.83692e+13
0
1.3328e+15
5.62934e+14
7.18596e+14
1.48505e+14
0
-8.05785e+14
-2.42125e+14
-4.17959e+14
-1.28626e+14
0
9.76994e+14
1.94146e+14
4.90071e+14
1.95277e+14
0
-1.57794e+15
-6.14039e+14
-8.41962e+14
-1.96556e+14
0
1.8706e+15
5.14361e+14
9.62266e+14
3.17476e+14
0
-6.1816e+14
-9.02111e+13
-3.04598e+14
-1.36459e+14
0
7.44377e+14
2.58186e+14
3.91902e+14
1.05174e+14
0
-1.5427e+14
-2.26401e+14
-1.1025e+14
4.65804e+13
0
1.09378e+15
4.48528e+14
5.87467e+14
1.27192e+14
0
-7.5533e+14
-2.29188e+14
-3.92162e+14
-1.19693e+14
0
0
0
0
0
0
0
0
0
0
0
0
0
0
0
0
0
0
0
0
0
1.01447e+15
3.54013e+14
5.3446e+14
1.42486e+14
0
3.20717e+13
-2.37239e+14
-2.48166e+13
1.02757e+14
0
1.21113e+15
5.56076e+14
6.60474e+14
1.17336e+14
0
-8.73528e+14
-2.91209e+14
-4.57921e+14
-1.28078e+14
0
8.32205e+14
2.73149e+14
4.35539e+14
1.23713e+14
0
-1.38846e+14
-2.20001e+14
-1.01954e+14
4.83443e+13
0
9.42429e+14
3.98054e+14
5.08124e+14
1.05009e+14
0
-5.69776e+14
-1.71208e+14
-2.95542e+14
-9.09525e+13
0
6.90839e+14
1.37282e+14
3.46533e+14
1.38082e+14
0
-1.11577e+15
-4.34191e+14
-5.95357e+14
-1.38986e+14
0
1.32272e+15
3.63708e+14
6.80425e+14
2.2449e+14
0
-4.37105e+14
-6.37889e+13
-2.15383e+14
-9.64914e+13
0
5.26354e+14
1.82565e+14
2.77116e+14
7.43692e+13
0
-1.09085e+14
-1.6009e+14
-7.79588e+13
3.29373e+13
0
7.73418e+14
3.17157e+14
4.15402e+14
8.99386e+13
0
-5.34099e+14
-1.6206e+14
-2.773e+14
-8.46356e+13
0
0
0
0
0
0
0
0
0
0
0
0
0
0
0
0
0
0
0
0
0
-7.22333
-4.2821
-0.655518
-1.36047
0
1.74741
1.03897
1.87393
1.32217
0
-10.0584
-5.97131
-5.6604
-4.64294
0
-10.187
-6.04147
-2.29843
-2.71408
0
0.0742188
0.0446472
0.368195
0.223236
0
-1.74524
-1.0336
0.401764
-0.00442505
0
8.99707
5.32645
-3.17093
-0.613861
0
8.11668
4.81099
0.340652
1.29951
0
1.51855
0.894119
-3.26118
-1.68175
0
-2.37785
-1.41117
-1.07403
-0.94471
0
-7.95166
-4.71834
-3.20854
-2.93739
0
1.16205
0.689178
0.271149
0.314789
0
-3.23122
-1.9137
0.716286
-0.024147
0
0.913025
0.542145
0.57785
0.458527
0
0.000991821
-0.001091
-0.934792
-0.541039
0
1.07396
0.635971
-0.286331
-0.0199127
0
0
0
0
0
0
0
0
0
0
0
0
0
0
0
0
0
0
0
0
0
1.93359e+15
1.14787e+15
1.07365e+15
8.84159e+14
0
-1.90989e+15
-1.13181e+15
4.86339e+13
-2.31221e+14
0
2.04307e+15
1.21025e+15
-3.20454e+14
9.19444e+13
0
-1.31602e+15
-7.79064e+14
4.88444e+14
1.04047e+14
0
1.25588e+15
7.45814e+14
8.43486e+14
6.58871e+14
0
-1.6166e+15
-9.58182e+14
-5.59922e+13
-2.51961e+14
0
1.72274e+15
1.02071e+15
-1.54078e+14
1.4476e+14
0
-1.18729e+15
-7.03129e+14
2.9206e+14
7.83782e+12
0
-3.75862e+14
-2.21562e+14
6.64564e+14
3.33687e+14
0
-1.66209e+15
-9.86136e+14
-6.10235e+14
-5.79003e+14
0
2.19091e+15
1.29952e+15
5.97773e+14
6.43606e+14
0
-1.89954e+15
-1.12643e+15
-3.69695e+14
-4.71996e+14
0
9.38243e+14
5.57075e+14
5.69598e+14
4.57174e+14
0
-9.99738e+14
-5.92493e+14
2.51101e+12
-1.34318e+14
0
1.06012e+15
6.28059e+14
-1.25196e+14
7.14927e+13
0
-7.15538e+14
-4.23668e+14
2.21133e+14
3.0844e+13
0
0
0
0
0
0
0
0
0
0
0
0
0
0
0
0
0
0
0
0
0
2.73451e+15
1.62334e+15
1.51838e+15
1.25039e+15
0
-2.70099e+15
-1.60063e+15
6.87787e+13
-3.26996e+14
0
2.88933e+15
1.71156e+15
-4.5319e+14
1.30029e+14
0
-1.86113e+15
-1.10176e+15
6.90764e+14
1.47145e+14
0
1.77608e+15
1.05474e+15
1.19287e+15
9.31784e+14
0
-2.28622e+15
-1.35507e+15
-7.9185e+13
-3.56326e+14
0
2.43632e+15
1.4435e+15
-2.17899e+14
2.04722e+14
0
-1.67909e+15
-9.94375e+14
4.13036e+14
1.10843e+13
0
-5.31548e+14
-3.13336e+14
9.39835e+14
4.71905e+14
0
-2.35054e+15
-1.39461e+15
-8.63003e+14
-8.18834e+14
0
3.09842e+15
1.8378e+15
8.45379e+14
9.10197e+14
0
-2.68635e+15
-1.59301e+15
-5.22828e+14
-6.67503e+14
0
1.32688e+15
7.87823e+14
8.05533e+14
6.46541e+14
0
-1.41384e+15
-8.37912e+14
3.5511e+12
-1.89954e+14
0
1.49924e+15
8.8821e+14
-1.77054e+14
1.01106e+14
0
-1.01192e+15
-5.99158e+14
3.12729e+14
4.362e+13
0
0
0
0
0
0
0
0
0
0
0
0
0
0
0
0
0
0
0
0
0
1.93359e+15
1.14787e+15
1.07365e+15
8.84159e+14
0
-1.90989e+15
-1.13181e+15
4.86339e+13
-2.31221e+14
0
2.04307e+15
1.21025e+15
-3.20454e+14
9.19444e+13
0
-1.31602e+15
-7.79064e+14
4.88444e+14
1.04047e+14
0
1.25588e+15
7.45814e+14
8.43486e+14
6.58871e+14
0
-1.6166e+15
-9.58182e+14
-5.59922e+13
-2.51961e+14
0
1.72274e+15
1.02071e+15
-1.54078e+14
1.4476e+14
0
-1.18729e+15
-7.03129e+14
2.9206e+14
7.83782e+12
0
-3.75862e+14
-2.21562e+14
6.64564e+14
3.33687e+14
0
-1.66209e+15
-9.86136e+14
-6.10235e+14
-5.79003e+14
0
2.19091e+15
1.29952e+15
5.97773e+14
6.43606e+14
0
-1.89954e+15
-1.12643e+15
-3.69695e+14
-4.71996e+14
0
9.38243e+14
5.57075e+14
5.69598e+14
4.57174e+14
0
-9.99738e+14
-5.92493e+14
2.51101e+12
-1.34318e+14
0
1.06012e+15
6.28059e+14
-1.25196e+14
7.14927e+13
0
-7.15538e+14
-4.23668e+14
2.21133e+14
3.0844e+13
0
0
0
0
0
0
0
0
0
0
0
0
0
0
0
0
0
0
0
0
0
-4.38647
-1.47681
-1.78271
-1.10254
0
4.15088
0.896484
1.04688
1.23145
0
3.08374
1.21948
1.48486
0.707031
0
3.49487
1.22186
1.47815
0.86145
0
0.545288
0.430908
0.537598
0.0441895
0
-2.54688
-0.557129
-0.651367
-0.75293
0
3.79944
0.625488
0.708984
1.20044
0
0.368301
-0.116793
-0.157955
0.182987
0
-3.51419
-1.37686
-1.67572
-0.810547
0
4.97409
2.08359
2.54401
1.09668
0
3.27982
1.54678
1.89838
0.658203
0
-0.0390625
0.0283203
0.0371094
-0.0253906
0
0.990967
0.33313
0.4021
0.249268
0
-4.3363
-1.28784
-1.54248
-1.15454
0
-1.09009
0.0391846
0.0759277
-0.426514
0
0.777039
0.488228
0.605331
0.110214
0
0
0
0
0
0
0
0
0
0
0
0
0
0
0
0
0
0
0
0
0
1.20124e+15
4.50803e+14
5.47451e+14
2.84516e+14
0
6.02498e+14
5.80616e+13
5.98848e+13
2.05803e+14
0
-8.33525e+14
-9.87424e+13
-1.06378e+14
-2.77802e+14
0
3.3272e+14
-3.01288e+13
-4.63877e+13
1.37004e+14
0
9.58648e+14
3.54896e+14
4.30675e+14
2.28886e+14
0
3.15441e+14
-6.83546e+12
-1.62177e+13
1.2173e+14
0
-4.33951e+14
-7.53189e+12
6.73619e+11
-1.61105e+14
0
1.64248e+14
-5.25111e+13
-7.09863e+13
8.17652e+13
0
9.73831e+14
2.94131e+14
3.52681e+14
2.57438e+14
0
-9.51108e+14
-4.13215e+14
-5.05363e+14
-2.04139e+14
0
1.16877e+15
5.10075e+14
6.23949e+14
2.49995e+14
0
-1.02915e+15
-4.25214e+14
-5.18842e+14
-2.29115e+14
0
6.14317e+14
2.26416e+14
2.74697e+14
1.47052e+14
0
2.29166e+14
2.85801e+12
-1.78606e+12
8.54986e+13
0
-2.93073e+14
-3.21904e+12
2.84112e+12
-1.09505e+14
0
5.69232e+13
-5.2059e+13
-6.78621e+13
4.10515e+13
0
0
0
0
0
0
0
0
0
0
0
0
0
0
0
0
0
0
0
0
0
1.69881e+15
6.37531e+14
7.74213e+14
4.02366e+14
0
8.52061e+14
8.21114e+13
8.46899e+13
2.91049e+14
0
-1.17878e+15
-1.39643e+14
-1.50441e+14
-3.92871e+14
0
4.70537e+14
-4.26086e+13
-6.56021e+13
1.93753e+14
0
1.35573e+15
5.01898e+14
6.09066e+14
3.23693e+14
0
4.46101e+14
-9.6668e+12
-2.29353e+13
1.72153e+14
0
-6.137e+14
-1.06517e+13
9.52641e+11
-2.27836e+14
0
2.32282e+14
-7.4262e+13
-1.0039e+14
1.15633e+14
0
1.37721e+15
4.15964e+14
4.98766e+14
3.64072e+14
0
-1.34507e+15
-5.84374e+14
-7.14692e+14
-2.88696e+14
0
1.65289e+15
7.21355e+14
8.82397e+14
3.53547e+14
0
-1.45544e+15
-6.01344e+14
-7.33754e+14
-3.24017e+14
0
8.68776e+14
3.202e+14
3.8848e+14
2.07963e+14
0
3.2409e+14
4.04184e+12
-2.52586e+12
1.20913e+14
0
-4.14467e+14
-4.55242e+12
4.01794e+12
-1.54863e+14
0
8.05016e+13
-7.36225e+13
-9.59715e+13
5.80556e+13
0
0
0
0
0
0
0
0
0
0
0
0
0
0
0
0
0
0
0
0
0
1.20124e+15
4.50803e+14
5.47451e+14
2.84516e+14
0
6.02498e+14
5.80616e+13
5.98848e+13
2.05803e+14
0
-8.33525e+14
-9.87424e+13
-1.06378e+14
-2.77802e+14
0
3.3272e+14
-3.01288e+13
-4.63877e+13
1.37004e+14
0
9.58648e+14
3.54896e+14
4.30675e+14
2.28886e+14
0
3.15441e+14
-6.83546e+12
-1.62177e+13
1.2173e+14
0
-4.33951e+14
-7.53189e+12
6.73619e+11
-1.61105e+14
0
1.64248e+14
-5.25111e+13
-7.09863e+13
8.17652e+13
0
9.73831e+14
2.94131e+14
3.52681e+14
2.57438e+14
0
-9.51108e+14
-4.13215e+14
-5.05363e+14
-2.04139e+14
0
1.16877e+15
5.10075e+14
6.23949e+14
2.49995e+14
0
-1.02915e+15
-4.25214e+14
-5.18842e+14
-2.29115e+14
0
6.14317e+14
2.26416e+14
2.74697e+14
1.47052e+14
0
2.29166e+14
2.85801e+12
-1.78606e+12
8.54986e+13
0
-2.93073e+14
-3.21904e+12
2.84112e+12
-1.09505e+14
0
5.69232e+13
-5.2059e+13
-6.78621e+13
4.10515e+13
0
0
0
0
0
0
0
0
0
0
0
0
0
0
0
0
0
0
0
0
0
1.58618
0.439209
1.30585
0.432617
0
-1.2793
-0.587891
-0.385254
-0.171875
0
7.96851
2.57056
5.51935
1.89746
0
-8.06738
-2.70312
-5.30005
-1.84473
0
0.682617
0.212402
0.495117
0.168457
0
4.77637
1.52295
3.35938
1.15088
0
-5.75488
-1.96826
-3.6665
-1.28564
0
-4.625
-1.46973
-3.26709
-1.11816
0
2.0459
0.67334
1.37891
0.477051
0
11.9482
4.02856
7.77795
2.71313
0
13.0244
4.45068
8.30908
2.9126
0
-1.23767
-0.600006
-0.283401
-0.142609
0
2.63904
0.846802
1.84085
0.631836
0
5.21338
1.64209
3.72449
1.27148
0
5.58557
1.80115
3.87082
1.33057
0
-3.01123
-1.00586
-1.98718
-0.690918
0
0
0
0
0
0
0
0
0
0
0
0
0
0
0
0
0
0
0
0
0
-5.59252e+14
-1.83485e+14
-3.7857e+14
-1.30838e+14
0
3.19048e+15
1.02198e+15
2.23056e+15
7.65201e+14
0
-3.63653e+15
-1.18545e+15
-2.48356e+15
-8.56583e+14
0
2.333e+15
7.54276e+14
1.61116e+15
5.54267e+14
0
-4.03357e+14
-1.3246e+14
-2.72691e+14
-9.42735e+13
0
2.49654e+15
8.06058e+14
1.72721e+15
5.93943e+14
0
-2.76617e+15
-9.08789e+14
-1.86895e+15
-6.46216e+14
0
1.86151e+15
6.05407e+14
1.27534e+15
4.39546e+14
0
-1.36315e+14
-5.16565e+13
-7.24563e+13
-2.66383e+13
0
1.76456e+15
6.04891e+14
1.12027e+15
3.93157e+14
0
-1.33969e+15
-4.8174e+14
-7.86222e+14
-2.81446e+14
0
1.1151e+15
3.89069e+14
6.88467e+14
2.43289e+14
0
-2.40067e+14
-7.97378e+13
-1.59722e+14
-5.54262e+13
0
1.68717e+15
5.42579e+14
1.17343e+15
4.03027e+14
0
-1.88337e+15
-6.15883e+14
-1.28071e+15
-4.4216e+14
0
1.19227e+15
3.86485e+14
8.20477e+14
2.82487e+14
0
0
0
0
0
0
0
0
0
0
0
0
0
0
0
0
0
0
0
0
0
-7.90902e+14
-2.59487e+14
-5.35379e+14
-1.85033e+14
0
4.51202e+15
1.44529e+15
3.15449e+15
1.08216e+15
0
-5.14284e+15
-1.67647e+15
-3.51228e+15
-1.21139e+15
0
3.29937e+15
1.06671e+15
2.27853e+15
7.83852e+14
0
-5.70433e+14
-1.87326e+14
-3.85643e+14
-1.33323e+14
0
3.53063e+15
1.13994e+15
2.44264e+15
8.39962e+14
0
-3.91196e+15
-1.28522e+15
-2.64309e+15
-9.13888e+14
0
2.63257e+15
8.56175e+14
1.80361e+15
6.21612e+14
0
-1.92779e+14
-7.30533e+13
-1.02469e+14
-3.76723e+13
0
2.49547e+15
8.55445e+14
1.5843e+15
5.56008e+14
0
-1.8946e+15
-6.81283e+14
-1.11189e+15
-3.98025e+14
0
1.57699e+15
5.50227e+14
9.73639e+14
3.44063e+14
0
-3.39506e+14
-1.12766e+14
-2.25881e+14
-7.83845e+13
0
2.38602e+15
7.67322e+14
1.65948e+15
5.69966e+14
0
-2.66349e+15
-8.70991e+14
-1.8112e+15
-6.25309e+14
0
1.68613e+15
5.46572e+14
1.16033e+15
3.99497e+14
0
0
0
0
0
0
0
0
0
0
0
0
0
0
0
0
0
0
0
0
0
-5.59252e+14
-1.83485e+14
-3.7857e+14
-1.30838e+14
0
3.19048e+15
1.02198e+15
2.23056e+15
7.65201e+14
0
-3.63653e+15
-1.18545e+15
-2.48356e+15
-8.56583e+14
0
2.333e+15
7.54276e+14
1.61116e+15
5.54267e+14
0
-4.03357e+14
-1.3246e+14
-2.72691e+14
-9.42735e+13
0
2.49654e+15
8.06058e+14
1.72721e+15
5.93943e+14
0
-2.76617e+15
-9.08789e+14
-1.86895e+15
-6.46216e+14
0
1.86151e+15
6.05407e+14
1.27534e+15
4.39546e+14
0
-1.36315e+14
-5.16565e+13
-7.24563e+13
-2.66383e+13
0
1.76456e+15
6.04891e+14
1.12027e+15
3.93157e+14
0
-1.33969e+15
-4.8174e+14
-7.86222e+14
-2.81446e+14
0
1.1151e+15
3.89069e+14
6.88467e+14
2.43289e+14
0
-2.40067e+14
-7.97378e+13
-1.59722e+14
-5.54262e+13
0
1.68717e+15
5.42579e+14
1.17343e+15
4.03027e+14
0
-1.88337e+15
-6.15883e+14
-1.28071e+15
-4.4216e+14
0
1.19227e+15
3.86485e+14
8.20477e+14
2.82487e+14
0
0
0
0
0
0
0
0
0
0
0
0
0
0
0
0
0
0
0
0
0
2.33679
0.333252
1.15015
0.518921
0
-0.321533
0.527344
-0.0620117
-0.298096
0
3.54944
1.62476
1.93481
0.345825
0
-10.4415
-3.72009
-5.51379
-1.43634
0
-0.216675
-0.0195312
-0.104736
-0.0526123
0
5.30005
1.28662
2.69775
0.967041
0
-3.20227
-1.29883
-1.71753
-0.378052
0
-10.3972
-2.59521
-5.3042
-1.8689
0
1.89714
0.774689
1.0184
0.221909
0
-0.344406
0.792694
-0.0281677
-0.409409
0
-0.688889
-0.18631
-0.353851
-0.118149
0
-1.29932
0
-0.608398
-0.361816
0
0.1828
-0.527954
-0.00305176
0.259705
0
-0.142822
-0.113525
-0.0859375
0.00512695
0
2.01154
0.806274
1.07727
0.241272
0
2.84094
0.872803
1.47681
0.445923
0
0
0
0
0
0
0
0
0
0
0
0
0
0
0
0
0
0
0
0
0
-7.40464e+11
-3.85765e+13
-6.82398e+12
1.50505e+13
0
7.49679e+14
1.84629e+14
3.82034e+14
1.35741e+14
0
-1.08233e+15
-5.21668e+14
-5.94388e+14
-9.5079e+13
0
9.41675e+14
4.05691e+14
5.09053e+14
1.01778e+14
0
-4.02195e+13
-3.84557e+13
-2.52895e+13
4.00908e+12
0
5.73583e+14
1.32422e+14
2.90812e+14
1.07352e+14
0
-9.021e+14
-4.06464e+14
-4.90652e+14
-9.0452e+13
0
7.7036e+14
3.2166e+14
4.14726e+14
8.73061e+13
0
-1.82351e+14
-6.69346e+13
-9.66236e+13
-2.43066e+13
0
1.91886e+14
-2.81415e+13
8.51246e+13
6.45636e+13
0
-1.33136e+15
-3.84574e+14
-6.87976e+14
-2.18645e+14
0
9.6946e+14
2.63331e+14
4.9816e+14
1.65817e+14
0
-3.30049e+13
-3.10734e+13
-2.06718e+13
3.09847e+12
0
3.60771e+14
8.50377e+13
1.83208e+14
6.68311e+13
0
-6.0619e+14
-2.68826e+14
-3.28983e+14
-6.24856e+13
0
4.71323e+14
1.93297e+14
2.53151e+14
5.48006e+13
0
0
0
0
0
0
0
0
0
0
0
0
0
0
0
0
0
0
0
0
0
-1.04717e+12
-5.45555e+13
-9.65057e+12
2.12846e+13
0
1.06021e+15
2.61105e+14
5.40277e+14
1.91967e+14
0
-1.53065e+15
-7.37749e+14
-8.40592e+14
-1.34462e+14
0
1.33173e+15
5.73734e+14
7.1991e+14
1.43936e+14
0
-5.68789e+13
-5.43846e+13
-3.57648e+13
5.66969e+12
0
8.1117e+14
1.87273e+14
4.11271e+14
1.51819e+14
0
-1.27576e+15
-5.74828e+14
-6.93887e+14
-1.27918e+14
0
1.08945e+15
4.54897e+14
5.86512e+14
1.23469e+14
0
-2.57883e+14
-9.46598e+13
-1.36646e+14
-3.43748e+13
0
2.71368e+14
-3.97982e+13
1.20384e+14
9.13068e+13
0
-1.88283e+15
-5.43869e+14
-9.72945e+14
-3.0921e+14
0
1.37102e+15
3.72407e+14
7.04505e+14
2.34501e+14
0
-4.66759e+13
-4.39444e+13
-2.92343e+13
4.3819e+12
0
5.10207e+14
1.20261e+14
2.59095e+14
9.45134e+13
0
-8.57282e+14
-3.80178e+14
-4.65253e+14
-8.83679e+13
0
6.66551e+14
2.73363e+14
3.58009e+14
7.74998e+13
0
0
0
0
0
0
0
0
0
0
0
0
0
0
0
0
0
0
0
0
0
-7.40464e+11
-3.85765e+13
-6.82398e+12
1.50505e+13
0
7.49679e+14
1.84629e+14
3.82034e+14
1.35741e+14
0
-1.08233e+15
-5.21668e+14
-5.94388e+14
-9.5079e+13
0
9.41675e+14
4.05691e+14
5.09053e+14
1.01778e+14
0
-4.02195e+13
-3.84557e+13
-2.52895e+13
4.00908e+12
0
5.73583e+14
1.32422e+14
2.90812e+14
1.07352e+14
0
-9.021e+14
-4.06464e+14
-4.90652e+14
-9.0452e+13
0
7.7036e+14
3.2166e+14
4.14726e+14
8.73061e+13
0
-1.82351e+14
-6.69346e+13
-9.66236e+13
-2.43066e+13
0
1.91886e+14
-2.81415e+13
8.51246e+13
6.45636e+13
0
-1.33136e+15
-3.84574e+14
-6.87976e+14
-2.18645e+14
0
9.6946e+14
2.63331e+14
4.9816e+14
1.65817e+14
0
-3.30049e+13
-3.10734e+13
-2.06718e+13
3.09847e+12
0
3.60771e+14
8.50377e+13
1.83208e+14
6.68311e+13
0
-6.0619e+14
-2.68826e+14
-3.28983e+14
-6.24856e+13
0
4.71323e+14
1.93297e+14
2.53151e+14
5.48006e+13
0
0
0
0
0
0
0
0
0
0
0
0
0
0
0
0
0
0
0
0
0
2.05293
1.2158
-0.489693
-0.00469208
0
-8.67432
-5.14752
-3.70941
-3.3255
0
-16.4963
-9.78806
-6.39507
-5.94257
0
-0.798096
-0.478027
-2.80273
-1.73096
0
-1.72406
-1.0148
3.88016
2.01218
0
-2.86211
-1.69659
-0.194938
-0.501549
0
4.29633
2.54556
-0.371857
0.368195
0
5.85181
3.47107
1.65833
1.75476
0
-3.28534
-1.94501
1.14655
0.21759
0
3.39929
2.01685
1.25
1.1853
0
-4.74738
-2.81378
-0.13092
-0.72052
0
3.05591
1.81409
1.66687
1.38
0
-4.08738
-2.42202
0.212693
-0.431962
0
0.0522232
0.0311775
0.126553
0.0803566
0
-2.49807
-1.48277
-1.26982
-1.07439
0
-1.34204
-0.796936
-0.874939
-0.688782
0
0
0
0
0
0
0
0
0
0
0
0
0
0
0
0
0
0
0
0
0
-2.31147e+14
-1.38028e+14
-5.78225e+14
-3.6614e+14
0
1.87162e+15
1.10926e+15
2.36131e+13
2.67849e+14
0
-2.40739e+15
-1.42772e+15
-5.39681e+14
-6.39375e+14
0
2.88535e+15
1.71125e+15
6.91505e+14
7.92179e+14
0
-7.5571e+13
-4.55465e+13
-4.22679e+14
-2.54962e+14
0
1.53964e+15
9.12629e+14
8.57985e+13
2.58765e+14
0
-1.9148e+15
-1.13567e+15
-4.78883e+14
-5.37281e+14
0
2.25628e+15
1.33828e+15
6.03112e+14
6.55575e+14
0
8.09653e+14
4.7962e+14
-1.24505e+14
3.78777e+13
0
1.49854e+15
8.89179e+14
5.93619e+14
5.47172e+14
0
-1.0744e+15
-6.38206e+14
-8.13324e+14
-6.16764e+14
0
1.18606e+15
7.04657e+14
9.64847e+14
7.19649e+14
0
-5.31043e+13
-3.19778e+13
-2.81387e+14
-1.70113e+14
0
9.62553e+14
5.70517e+14
3.19703e+13
1.4923e+14
0
-1.17132e+15
-6.94695e+14
-2.83773e+14
-3.23357e+14
0
1.4124e+15
8.37716e+14
3.63566e+14
4.02291e+14
0
0
0
0
0
0
0
0
0
0
0
0
0
0
0
0
0
0
0
0
0
-3.26891e+14
-1.95201e+14
-8.17733e+14
-5.17799e+14
0
2.64687e+15
1.56874e+15
3.3394e+13
3.78796e+14
0
-3.40457e+15
-2.0191e+15
-7.63224e+14
-9.04213e+14
0
4.0805e+15
2.42008e+15
9.77935e+14
1.12031e+15
0
-1.06874e+14
-6.44125e+13
-5.97759e+14
-3.60571e+14
0
2.17739e+15
1.29065e+15
1.21337e+14
3.6595e+14
0
-2.70794e+15
-1.60608e+15
-6.77243e+14
-7.5983e+14
0
3.19086e+15
1.89261e+15
8.52929e+14
9.27123e+14
0
1.14502e+15
6.78285e+14
-1.76076e+14
5.35672e+13
0
2.11925e+15
1.25749e+15
8.39504e+14
7.73818e+14
0
-1.51943e+15
-9.0256e+14
-1.15021e+15
-8.72235e+14
0
1.67735e+15
9.96535e+14
1.3645e+15
1.01774e+15
0
-7.51008e+13
-4.52234e+13
-3.97941e+14
-2.40577e+14
0
1.36125e+15
8.06833e+14
4.52128e+13
2.11043e+14
0
-1.65649e+15
-9.82447e+14
-4.01316e+14
-4.57295e+14
0
1.99744e+15
1.18471e+15
5.14159e+14
5.68925e+14
0
0
0
0
0
0
0
0
0
0
0
0
0
0
0
0
0
0
0
0
0
-2.31147e+14
-1.38028e+14
-5.78225e+14
-3.6614e+14
0
1.87162e+15
1.10926e+15
2.36131e+13
2.67849e+14
0
-2.40739e+15
-1.42772e+15
-5.39681e+14
-6.39375e+14
0
2.88535e+15
1.71125e+15
6.91505e+14
7.92179e+14
0
-7.5571e+13
-4.55465e+13
-4.22679e+14
-2.54962e+14
0
1.53964e+15
9.12629e+14
8.57985e+13
2.58765e+14
0
-1.9148e+15
-1.13567e+15
-4.78883e+14
-5.37281e+14
0
2.25628e+15
1.33828e+15
6.03112e+14
6.55575e+14
0
8.09653e+14
4.7962e+14
-1.24505e+14
3.78777e+13
0
1.49854e+15
8.89179e+14
5.93619e+14
5.47172e+14
0
-1.0744e+15
-6.38206e+14
-8.13324e+14
-6.16764e+14
0
1.18606e+15
7.04657e+14
9.64847e+14
7.19649e+14
0
-5.31043e+13
-3.19778e+13
-2.81387e+14
-1.70113e+14
0
9.62553e+14
5.70517e+14
3.19703e+13
1.4923e+14
0
-1.17132e+15
-6.94695e+14
-2.83773e+14
-3.23357e+14
0
1.4124e+15
8.37716e+14
3.63566e+14
4.02291e+14
0
0
0
0
0
0
0
0
0
0
0
0
0
0
0
0
0
0
0
0
0
