-2842.57
-886.712
-7213.2
3292.29
6194.26
13377.8
21291.7
11787.5
15710.5
18075.1
30958.5
20691.4
19540.2
24077
32392.6
25955.1
11321.5
8814.79
23306.2
8503.67
11623.4
19700.7
35853.8
15127.8
-13828.2
-10337.2
-34426.9
-9271.58
8243.45
13790.7
24307.5
7623.32
27717.2
28777.1
53013.9
26778.8
40025.1
36672.7
53866
42090.5
-757.311
-994.899
12274
-7783.83
24674.5
29429.8
66758
16380.1
-9364.92
-8891.16
-39745.8
-4189.61
18999.3
22190.4
45329.8
17581.5
27343.1
25298.2
58163.8
22913.1
46310.5
42077.1
67644
47606
-12161.5
-9137.23
13096.3
-24386
19666.1
25491.2
72697.6
9539.58
-23418.7
-27432.2
-67628.4
-17954.9
11315.1
11824.9
40421.1
9389.67
35701.1
31539.8
77172.2
32178.3
51831.6
43728.9
80936.1
54767.5
-18430
-15820.8
13963.9
-30929.6
35974.8
34848.3
97893.3
27109.1
-24840
-30475.6
-78075.2
-21468.5
16906.9
13105.5
44064.8
11079.7
45629.6
40822
91338.4
41226.4
57156.1
42616.6
80747.4
52015.5
-5600.29
-1573.31
40246.4
-19265.8
48359
46926.4
113866
38678
-36139.5
-40162.3
-97785.8
-30776.1
2097.28
80.6102
25907
-6588.82
44325.7
39752.8
93671.8
37536.1
47654
45510.8
86709.7
45600.6
-3268.95
6337.8
55687.5
-14405.9
48358.3
44698.3
104512
40493.9
-40133.3
-40126.2
-115859
-33353.5
-8559.53
-850.649
13505
-16832.7
41336
48198.5
94755.1
39982.6
54211.8
58550.6
114383
51236.3
2770.44
3251.98
70036.1
-16239.4
41694.6
47207.9
110561
35055.5
-35607.8
-33507.7
-93102.6
-28260.2
-8482.45
-540.23
35784.6
-19265.8
53270.6
54533.5
132735
45884.2
60121.8
59981.7
143666
54146.7
-21444.4
-17222.3
55256.9
-41040.5
44179.3
50657.8
153606
32811.9
-18279.4
-19286.3
-73410.4
-10688.6
-3898.99
2100.81
47328.8
-16911.9
51430.7
52620.8
135571
44194.2
48698.4
49993.9
139094
40880.7
-43477.9
-36020
23506.4
-62850.5
34017.5
42918.6
151114
21633.9
-18072.9
-21253.5
-63718.8
-14812.5
-11416.2
-4244.05
48250.8
-29874.6
55273.1
57684.4
151735
47903.7
37705.1
42287.1
131138
27140.2
-57278.5
-45739.2
1019.65
-79869.8
45918.1
55280.9
180009
28997.7
-17321.3
-25023.1
-70784.9
-11742.9
-23530.4
-22559.5
21983.2
-41515.7
54689.1
50876.3
138522
45399.8
36040.5
31934.4
123398
23948.3
-59104.2
-49800.8
-9646.35
-73622.5
53634.8
57803.9
192387
41220.1
-29726.8
-39168.8
-93620.9
-28528.9
-50926.5
-52499.9
-23729.1
-79381.2
42821
40410.4
119360
28661.2
4108.29
4109.7
74812.6
-15751.5
-70898.1
-63250
-46833.8
-87853.8
43339.3
42825.2
159977
24728.9
-46000.1
-45559.6
-113998
-33518.3
-71511.8
-58501.8
-38683
-88232.1
26337.6
31672.7
109858
14315.4
2488.31
15404.3
88483.8
-13009.4
-80671
-74487.3
-60447
-101436
27670.5
37996.4
145333
9980.81
-53225.3
-50361.6
-134444
-41854.4
-74243.4
-63307.3
-48648.2
-92032.8
17928.7
20907
106661
-1541.49
17179.2
22512.2
114049
-2534.98
-98434.9
-90697.1
-86793.1
-121630
23657.7
32086.4
152594
-1721.1
-37582
-36314.2
-122882
-23022
-73537.7
-63757.7
-50986.6
-91253.5
2496.09
8148.7
91122.7
-16731.6
11781.1
19014.8
116538
-9128.75
-114900
-103139
-109959
-139551
10482.2
21637.5
139541
-14709.9
-37404.5
-43177.4
-127909
-29932.5
-81556.3
-74720.7
-65294.2
-103254
-952.473
2930.25
95541.4
-27260.4
13448.5
18037.6
126839
-10402.2
-118638
-109647
-116671
-146986
15453.8
22697.4
152480
-13163.5
-34950.9
-38005.6
-115080
-28490
-96423.9
-89200.1
-84655.5
-122692
-11288.3
-2303.05
96735.7
-39433.9
7101.47
8789.34
123947
-23895.3
-125677
-111058
-116650
-156604
9910.1
19062.2
149418
-20160.3
-31047.6
-34947.3
-104076
-20448.8
-111904
-104158
-102118
-140516
-11424
-2766.2
106388
-39921.8
-6704.79
1981.31
121915
-40002.4
-121267
-103810
-101583
-147584
9273
17116.9
147374
-20279.8
-26952.8
-27559.5
-103825
-17383.5
-117578
-101076
-108165
-142854
-12305.8
7556.85
114338
-39806.6
-14769.3
1736.65
126653
-47386.8
-112530
-103355
-89149.2
-147688
3809.18
17283.1
149716
-24977.8
-32526.9
-32109
-95965
-26388.5
-120149
-104884
-107032
-142362
-6764.18
5432.7
135826
-41797.1
-26817.7
-15033.1
116746
-60800.6
-134634
-125890
-102656
-169689
-5298.35
8085.06
156187
-36254.8
-19347.1
-21744.2
-68356
-16724.5
-115810
-103673
-105358
-139553
-14239.7
-80.6102
140308
-51102.6
-46836.6
-34652.5
90455.2
-81610.7
-158794
-146966
-132236
-197229
-16503.2
-1775.55
143323
-47046.6
-31483.2
-30949.4
-57893.7
-34420.5
-117598
-101685
-105039
-140510
-16495.4
2192.74
153910
-53219
-72748.6
-52537.3
53935.3
-105544
-177035
-158054
-153231
-215556
-14417.9
3522.1
147496
-44827.7
-30339.1
-32404.6
-46216.5
-38674.5
-115233
-107638
-112257
-139813
-13317.6
-135.765
156831
-57486.4
-81034.4
-70118.1
28555.8
-118521
-184848
-169933
-169651
-223459
-7490.38
4608.92
150190
-36630.3
-36046.9
-35980.4
-24452.5
-53562.6
-123730
-115519
-118959
-156908
-19236.1
-1008.33
169968
-69775.9
-107981
-91782.5
-8079.4
-153151
-198971
-180374
-188612
-243128
-9664.74
811.051
137667
-41913.8
-48786.1
-39535.8
-39773.3
-47266.6
-133803
-112868
-123015
-149076
-20170.9
-618.011
177539
-57818.7
-93572.1
-62784
22755.4
-125075
-194220
-172098
-172169
-231063
-4923.58
16326.4
158910
-30443.8
-29422
-17563.1
-26844.6
-27733.4
-116872
-93724.9
-115745
-130601
-19079.2
984.293
170456
-58950.1
-59055.4
-35148.2
62591.7
-92872.8
-186107
-162787
-172519
-222527
25710.4
46316.2
212785
-6076.17
8643.67
12771.8
19160.5
7883.53
-83268.2
-70075
-72142.6
-103346
-15596.7
1771.3
170094
-59003.8
-27901
-8942.07
113877
-63782.4
-173478
-152900
-154781
-214009
49362.4
67718.9
262561
13189.7
7186.33
4381.23
19111.7
3908.89
-91849.6
-82153.1
-81124.9
-112272
-24066.4
-9944.75
153452
-66388.1
-22074.5
-5062.18
129067
-54653
-171879
-153985
-156249
-207366
71847.7
84418.7
310889
35110
-11030.9
-11170.2
-13370.7
-20797.4
-107506
-99469.4
-117006
-135929
-38663.2
-21346.1
116601
-83717.2
-13163.5
-3090.06
126359
-53105.1
-161611
-144547
-158955
-198939
84565
98287.8
335008
42262.4
-21336.2
-20129.9
-12508.7
-31453.5
-131706
-120146
-131044
-166554
-52477.2
-32843
101135
-97523.5
-26913.9
-8976.72
129837
-71001.3
-166787
-145395
-160704
-201941
89246.1
104452
357739
47388.9
-9825.96
-7460.68
10980
-18430
-130491
-115548
-108999
-155732
-41176.2
-27720
127950
-86524.4
-16062.6
-3396.94
156183
-52736
-148421
-142835
-132121
-184451
102280
113308
394683
62650.4
-22757.5
-14610.9
9490.08
-35535.7
-146497
-125386
-136084
-169478
-65937.7
-49653.7
104785
-113774
-30513.8
-16734.4
120613
-60787.1
-174964
-159787
-172323
-203387
90025.3
105077
397132
47935.5
-2027.98
7327.75
54447.2
-15450.3
-131187
-112334
-118020
-155596
-81919.7
-64284.5
84753.8
-134401
-37126.6
-24335.1
94308.2
-66214.9
-180821
-164859
-186893
-211911
85000.6
101652
390906
42623.7
3799.99
13162.1
78783
-13092.8
-125371
-107292
-120878
-145398
-86392.9
-66944.6
79898.8
-137613
-40422.5
-27376.3
64799.3
-64841.7
-169699
-152073
-182633
-195364
99689.3
114309
405307
58309.4
18492.3
29445.3
99885.9
7194.81
-108239
-92847.4
-119243
-122209
-79833.8
-59142.4
79893.2
-128298
-33620.1
-25068.3
51338.1
-53844.8
-142515
-122845
-150269
-158969
109141
123585
407674
73997.3
40087.3
47808.9
138832
28903
-101667
-90394.4
-123006
-115492
-78068.8
-58843.3
82520.8
-129503
-35464.9
-23120.3
36080.1
-51715.7
-113614
-95623.5
-118598
-124319
121077
128660
402080
87513.7
25129.2
20470.7
31729.3
30513.8
5605.94
11682.8
20528
11441
24321.6
30865.2
35759.1
32695.2
23182.5
19248.9
39438.2
23977.3
5731.1
8440.03
15670.9
7339.06
-12315.7
-8792.17
-10019
-11531.5
36722.9
36858.6
55598.4
45026.4
32561.6
34062
51664
37574.2
51879
56261.7
72870.2
60444.2
10209.2
987.121
28104.7
16.9706
-1709.78
-748.119
-2170.11
-284.257
-12382.9
-11327.9
-24598.1
-7933.03
53981.2
50324.1
69900.3
57277.8
34516.7
34623.5
54131.9
38109.5
69162.8
68325.6
87281.7
79792.1
-19490
-18194.6
-9666.86
-29855.5
-3728.57
-3701
-23755.3
-494.268
-28465.3
-28039.6
-58508.1
-27669.1
76634.8
65958.9
109812
77793.8
47430.6
46408.8
79868.4
53214
91819.2
87697.5
118086
112738
-19311.1
-13949.1
-2469.92
-28291.3
-4262.44
-7797.97
-28428.5
-528.916
-40695.4
-40392.8
-75911.4
-41785.1
83069.5
79384.8
142121
89412.9
53077.6
50401.9
92441.5
53100.9
106222
92104.2
121175
119283
-9712.82
-8484.57
18852.9
-13056
-14264.5
-18915.8
-45080.2
-11948.7
-65344.4
-64491.7
-111243
-68446.5
103226
101900
175288
104809
52907.1
53249.4
103172
53346.3
103776
100493
138287
124181
-19551.5
-14348.6
2054.85
-30772.6
-24911.4
-20660.2
-55029.9
-19137.8
-78892.6
-68831.9
-130742
-78620.4
125333
120677
223325
132093
59558.9
63510.9
147889
57721.8
125371
122593
178114
147357
-13017.1
-9478.77
13623.1
-22565.2
-18118.2
-13271
-36628.8
-17423.1
-72583.1
-64396.2
-117848
-75175.4
127612
130637
228238
144628
81576.1
92186.2
184248
91740.7
145458
145375
204729
174272
-31366.5
-32808.3
-27251.9
-42087
-12283.2
1921.21
-15758.6
104.652
-62771.3
-58702.6
-117033
-59013
149878
139128
237335
161161
106651
103703
220350
108151
172277
156927
235637
194804
-60148.6
-58952.9
-74158.5
-71788.3
14714.9
16845.4
16112.8
22379.2
-54628.2
-54188.4
-104356
-51771.5
155633
139590
231483
166089
118050
110659
243734
115126
187964
171833
259545
212443
-73025
-66915.6
-104438
-83410.3
27457.7
26200.4
29480
33987.8
-30155.3
-26784.5
-68239.3
-25238.8
162562
151896
244883
178663
122666
122416
267822
113714
201048
187602
288577
218449
-64643.7
-61983.6
-103209
-66729
40273.3
41293.6
51833
49433.1
-7999.5
-8171.33
-20550.6
-7095.11
170894
164433
257133
190213
118954
113829
272096
108829
207531
193959
317499
225926
-84312.6
-79069.4
-144267
-86688.5
43254.4
42398.1
59155.8
52552.2
-6347.7
-4007.88
-13979.5
-1860.4
197530
182291
284030
216580
111333
112978
271551
102808
212536
203876
321037
235131
-66930.5
-65407.4
-139602
-66027.5
54346.1
48377.4
71132.8
58834.1
-9030.46
-8913.79
-21569.6
-7795.85
200495
184480
276267
225979
124010
121063
268426
115577
229422
216051
318175
255524
-63136.2
-70363.5
-150666
-67168.8
46413.1
38395.9
54103.6
50889.1
-526.087
-8154.36
-30069
1581.09
216184
198358
298079
235689
122378
119456
278263
108546
239544
221518
330349
263663
-74201
-72455.1
-151058
-76005.5
43437.6
38427
58573.2
46908.8
-15318.1
-19077.7
-31055.4
-19814.5
238147
220324
345061
258528
122168
119330
300915
105514
248416
230304
350434
280293
-53351.2
-44569.6
-112929
-43020.4
42167.6
37916.5
71860.4
44299.5
-15856.2
-11993.2
-7531.39
-18538.2
245842
226009
370849
271590
108937
110267
295349
84541.7
250579
225570
335972
275606
-16451.5
-23273.7
-75988.5
-1826.46
33550.8
27155.7
60709.4
33422.8
-21423.9
-21800.1
-6455.88
-28273
252177
240404
380597
276638
97732.1
96241.5
287616
69676.2
237965
219741
328975
268886
-27619.6
-29366.1
-100916
-14054.5
15584.6
12511.5
39610
14487.2
-31327.7
-23743.2
-17201.1
-33598.9
267843
249719
395997
292594
86442.4
93890.3
272857
65793.5
236856
223447
317747
267666
-27432.9
-28879.7
-107120
-16980.5
11229.6
11129.2
21685.6
7271.89
-27803.4
-25475.6
-23929.9
-40600.7
261557
249187
400176
285392
112051
121874
312207
96308.7
239863
228230
330807
272280
-42874
-45903.3
-125123
-35272.6
12337.6
19147
41274.5
10685.8
-29947.4
-26814.9
-12481.1
-44392.2
281819
263216
422350
307452
136629
139998
341929
123769
247298
230317
339248
280303
-65316.2
-64527.7
-160369
-56442
26047
27338.9
63125.5
24649.7
-32124.6
-27471.8
-4039.7
-46101.2
301772
280563
442603
333054
161751
160537
376623
150711
253308
235399
339549
290529
-67784
-64408.9
-181804
-53981.2
38176.7
37104.7
77764.8
39074
-25909.8
-19236.1
16801.6
-42749.6
314929
290709
461677
347179
175077
173943
396503
160983
256009
230053
324710
288457
-57465.2
-61333
-183592
-36221.5
47363.4
42959.6
89751.6
46023.5
-33188.1
-30162.3
20411.3
-55498
331384
314652
493749
368265
195714
191542
431110
184876
247314
228143
331651
282853
-64645.8
-63746.4
-204212
-41391.2
46686.7
47221.3
101700
48460.9
-40409
-32116.8
21617.7
-62520.3
356953
334754
528782
391266
195266
196929
440450
186889
263933
247990
351916
301295
-60168.4
-63872.2
-212434
-38653.3
56733.3
56241.9
116637
53046.4
-50283.1
-39126.3
4333.15
-72747.1
361315
339361
537453
396060
208978
207293
447137
203668
276143
255992
358249
315993
-63822
-73104.2
-233084
-41464.7
56867.6
56484.4
124268
52706.3
-40106.4
-33176.7
8920.15
-58907.7
369888
344753
555383
399233
208612
205438
447304
200581
285437
260949
365610
325998
-87779.5
-90875.2
-270220
-63593.6
62129.9
62387.3
132491
61393.1
-43511.1
-34415.6
10002
-62671.6
379683
354690
584999
407514
213954
209046
465548
203872
297766
272721
386862
342476
-81655.3
-81178
-271320
-51755.3
67689.2
65150.7
142103
64571.6
-34711.2
-23015.6
32308.4
-55432.2
380857
356461
603830
404524
207774
203947
463890
189622
301039
270032
384745
336035
-63351.8
-72591.6
-265174
-26584.4
66828
62231.1
138647
60802.7
-30580.2
-21033.6
44786
-51606.8
377241
358017
616404
400205
192846
187194
448154
171987
285320
259656
379619
323030
-79004.3
-86581.7
-307540
-43913.5
53740.1
49498.9
128369
45774.6
-32409.5
-22880.6
36851.6
-51832.3
376000
353232
616006
401782
184214
186711
451032
166346
281003
259714
358675
320884
-78773.8
-94796.9
-335153
-44955.7
45375
44305.2
113941
37703.6
-32589.8
-26216.7
24385.3
-50522.8
365942
351421
603061
398709
198068
202906
471310
183589
286477
264968
360714
335024
-99077.7
-118808
-374432
-64623.2
33840.7
38502.7
104341
29190.8
-32595.5
-30845.4
4106.17
-44911.2
377721
357825
608690
404829
209983
211939
492537
193553
288313
262225
349123
333870
-134507
-145672
-431267
-100218
42532.5
44793.1
108032
39407.1
-29830
-27068
-1848.38
-40983.2
381461
356950
615164
404038
214160
212814
508689
192476
293122
266721
355513
334602
-138657
-145830
-444301
-107678
44964.9
43744.5
107666
40233.7
-18461.9
-16957.8
14540.2
-32763.1
368035
353714
611087
395003
204671
209483
507421
176788
286056
259952
350415
328581
-134549
-142390
-436972
-89835.1
38667.4
40090.8
100305
33241.1
-24529.5
-19545.8
21801.5
-39921.1
384390
370578
640417
406195
203980
204147
519248
171637
285335
263305
354575
327072
-136003
-143922
-459789
-96317.8
38059.3
39680
102707
31483.2
-18336
-11506.7
27609.7
-31895.5
1790.39
-3545.43
5240.37
-2986.11
-23652.7
-27795
-40422.5
-27039.1
-8263.25
-12685.5
-13841.6
-7138.24
-4797.72
-10456
-6470.03
-4610.34
-191.626
-6784.69
9776.46
-9806.16
-800.445
-6969.95
-9881.82
-24.7487
-21452.2
-18590.5
-24201.4
-30209
-36855.8
-32975.2
-59994.5
-42831.6
-25371
-24185.2
-42855.6
-30591.6
-19668.2
-15884.4
-27880.5
-27870.6
-27849.4
-24750.9
-5016.92
-41968.9
-1637.66
3419.57
-13234.2
-206.475
-25144.7
-22696.7
-28792.7
-29955.9
-42229.8
-37116
-51376.3
-47038.2
-35662.2
-35947.2
-58528.6
-37813.2
-22754.7
-20659.5
-25083.2
-24250.2
-36893.3
-35935.9
-16468.5
-53156.8
13795.7
13485.2
7589.38
21787.4
-16700.4
-9582.71
-22593.5
-14071.4
-47149.9
-40018
-62463
-52796.8
-55461.2
-49720.2
-90615.7
-58858.2
-25867.4
-23421.5
-43143.4
-28409.4
-48658.1
-39895
-28316.1
-64219.4
21459.3
21450.8
9031.17
30539.2
-3985.25
-5625.74
-2830.55
-1947.37
-51200.9
-49122
-63970.5
-57074.1
-62274.2
-59748.4
-99103.8
-59777.4
-24871.1
-24377.5
-36971.8
-20042.2
-45759.7
-43654.7
-18212.9
-59658.6
21544.1
15086.1
6210.52
33219.2
2944.39
9707.87
8039.1
4440.63
-51813.2
-42934.1
-66320.3
-61958.1
-64908.9
-58206.2
-115615
-65795.6
-17082.3
-10218.4
-33212.1
-15899.3
-50838.1
-41746.2
-15255.8
-70634.3
28584.1
31919.5
11939.5
43678
8473.97
7421.09
20989.1
395.273
-47770
-43046.5
-41328.3
-61033.9
-51328.9
-54373
-91426.8
-57400.8
-1043.69
-11467.2
-17039.2
-2877.22
-50872.8
-40797.2
-10173.9
-75990.6
42285
31648.7
15485.6
49987.5
4188.9
8271.03
27805.6
-3540.48
-28246.8
-21107.8
1277.03
-44691.3
-48668.7
-46205.9
-73329.1
-58061.2
-6300.32
-5091.17
-6827.12
-11611.4
-39675.1
-30076.8
18737.6
-65021.3
49708.2
48236.7
42333.8
59003.1
10335.8
13957.6
41210.9
4874.79
-5228.35
4577.1
63295.2
-20957.9
-38808.1
-34360.4
-44356.1
-46351.6
352.846
1958.69
12399.1
601.041
-29262.2
-19105.3
38510.4
-50491.7
67269.9
62443.2
76422
79487.3
17464.1
21505.9
61192.3
18240.5
-1547.15
8437.2
94721.9
-14048.8
-45211
-45015.8
-43121.5
-53352.6
-6345.58
-14628.6
2062.63
-14095.5
-33846.4
-25631.2
34592.4
-53860.3
61767.9
54329.1
76171
70434.9
19066.4
16349.7
57996.9
9894.55
4571.45
7268.35
96156.6
-15250.2
-52952.4
-53780.4
-64020.7
-60351.6
-26595.7
-29274.9
-25737.3
-31829
-34918.3
-27630.9
21498.2
-57493.4
47751.6
37956.1
53093.8
53074
11969.9
19744.5
67223.2
8730.65
3889.09
17203.2
108146
-13025.6
-59247.1
-54196.9
-77800.8
-65390.4
-39791.7
-37036.1
-40682.7
-46495.1
-37227.1
-25207.6
30570.3
-55938.5
35332.7
35883.5
47826.6
43147.7
25318.7
22679
86069
6702.67
820.244
1994.04
91170.1
-28364.9
-49793
-46780.1
-71291.2
-55115.4
-35061.9
-35974.8
-35573.8
-42326.7
-21339.8
-12589.3
59937.9
-45327
46808.3
36371.5
49928.8
43913.5
8753.98
14050.9
85180.2
-9075.72
-14464.6
-5436.94
88107.6
-40998.8
-48063.5
-44050.6
-67315.9
-51866.3
-43961.5
-36927.9
-40243.6
-55629.5
-27307.8
-19575.5
54550.5
-46925
41062.4
40821.3
61190.9
43440.4
8420.23
13106.9
88003
-9417.25
-23889.6
-13652.1
82218.1
-53112.2
-46213.7
-42803.3
-67060.6
-52403
-44796.6
-38601
-37012.8
-52646.9
-29546.5
-22643
36403.3
-52983.5
50298.6
47567.8
76719.7
53030.9
17171.4
28729.7
110423
154.149
-34218.3
-17097.1
76192.2
-66364.1
-49577.4
-42309.7
-74261.1
-49114.9
-32473.9
-28030.4
-31431.6
-40801.5
-19516.1
-7940.1
46741.9
-30830.6
60768.8
63561.8
90202.1
69221.5
30904.1
29796.1
129788
11943
-30028.7
-24894.4
78951.3
-64351
-37268.8
-38535.2
-84630.1
-29738.8
-20244.5
-18630.8
-16013.1
-19339.4
3437.25
6527.3
52126.5
-4557.3
73616.9
60992.9
94280.7
81107.3
30037.2
39381.6
139101
13190.4
-42489.3
-28484.4
66075.6
-76753.6
-30796.6
-29669.5
-95755.7
-18254.7
-7676.35
-1184.4
-2108.59
-8247.69
11264.2
14138.6
58284.7
7235.12
76198.5
77085.2
103804
89245.4
42304.8
50886.2
160868
24275
-33446.9
-17762.5
82614.8
-64263.3
-16245.8
-15430.5
-85024.6
378.302
6259.31
7521.49
23740.4
6675.8
22924.4
25459.4
69326.2
19603.1
104672
101367
139166
116151
35378
41512.1
145194
19968.7
-22478.2
-9512
95134.1
-50070.9
-10460.2
-16195.6
-88421.6
1325.83
-206.475
3318.45
14327.4
-4541.75
25707.6
28142.1
70121.7
24536.6
117247
110526
156024
129051
31619.7
35561.1
127381
13893.9
-12100.7
1274.21
115121
-43156.8
-14248.9
-19478
-94405.1
-3500.18
-1431.89
877.52
21362.4
-6681.45
32081.4
31995.2
70626.5
29469.4
127874
119817
172248
140332
34015.4
44455.1
134301
24632.8
-14008.5
4864.19
124002
-38446.1
-28806.8
-31131.8
-112825
-11735.9
-11943.7
-8041.22
6213.35
-18541
24081.2
24473.7
52636.3
28176.8
129980
126216
187584
147016
52258
54784.5
147420
43700.6
1428.36
11359.7
132706
-25904.9
-27555.2
-29883.7
-124555
-6148.29
-15393
-10511.1
10972.2
-19410.1
30416.9
30860.3
44947.2
38999.1
134606
123032
189336
147320
49208.3
54573.8
138505
42967.3
-196.576
13057.4
122390
-23850
-28034.7
-31159.4
-140875
-8015.76
-19067.8
-11011.8
3047.63
-27929.3
37138.7
35128.4
41753.9
47935.5
129632
127241
188231
143877
52362.7
52276.4
147769
39083.2
-1939.59
4896.71
120965
-31657.9
-13126.7
-20412.8
-110643
5291.99
-9469.57
-6448.11
22910.3
-16457.2
37740.4
32091.3
41005.1
42449
129777
119441
186659
144292
41292.2
44971.3
143009
26338.3
197.283
10687.2
128763
-28208.6
-8571.55
-17003.8
-103981
5219.86
-8803.48
-5083.39
24438.3
-23644.9
26452.2
20943.8
28224.2
30141.1
126258
116663
171260
138932
41964.7
44713.9
148393
26798.6
12962.7
24333.7
157681
-12726.5
1901.41
-6242.34
-81570.4
20480.6
-8944.19
-6275.57
28722.7
-17179.2
24156.2
16640.3
18980.9
27513.5
131385
121023
178523
149399
42966.6
50967.5
159042
30117.1
12754.8
22399
166344
-18473.2
2969.14
-2582.35
-72401.4
16643.9
-13968.9
-9479.47
16354
-27306.3
13408.9
12293.1
7158.04
13382
118054
109323
158345
132095
49921.7
54498.1
174006
34578.9
14619.4
24653.3
174217
-17650.1
11267.7
5809.59
-50398.3
27522
-6012.53
-469.519
30233.8
-11834.1
17332.6
16023.7
15534.4
22238.5
107838
97313.4
137365
122748
50338.9
58817.1
183606
37275.1
10391.6
22454.2
170061
-19709.9
15482.8
10248.8
-47785.6
31961.9
-5125.11
1499.07
27667.7
-12071
10832.9
7460.68
5281.38
12747
95694.2
88537.5
115265
113600
71895.1
77079.6
217589
54773.9
16411.9
28904.4
170404
-13259
24983.5
19021.2
-29019
42161.2
13200.3
14586.9
57483.5
10405.1
12746.3
12994.5
18608.2
15687.9
104278
93454.8
110974
122960
60953.3
64745.5
200600
42392.5
20449.5
30474.2
170930
-7566.75
23644.2
16609.9
-30262.8
37101.2
3691.1
10321.6
40822
-5864.04
5782.72
1965.76
-2841.16
6850.45
103264
99854.8
112357
124121
55930
63037.9
185358
40037.1
18611.1
33524.6
170279
-8350.93
15315.2
9675.34
-40299.4
29883.7
3138.85
8488.82
42782.8
651.952
-917.117
-2909.74
-24782
4335.98
114352
107423
127705
138661
70787.8
73279.6
201913
63214.6
20289
27811.2
168862
-2265.57
5708.47
-3502.3
-60804.8
19699.3
12967.6
10458.1
36926.5
7000.36
-306.884
-6052.83
-33318.2
4363.56
122175
111058
125304
149818
80988.5
80858.4
210316
67251.5
16556.2
23052.4
154504
-15069.9
1219.76
-3766.76
-65272.3
16527.2
12304.4
14939
50420.2
9605.34
1472.9
818.83
-29990.5
9455.43
121781
105960
121233
143112
83778.7
86286.1
220727
75539.5
9296.33
18188.9
145059
-17055.4
2117.08
-3714.43
-69220.1
17493.8
18751.1
24019.7
59848.1
15649
4729.84
-719.128
-28468.1
10130.7
120963
114377
128631
151364
3037.02
3791.51
12264.8
3285.22
1602.3
3705.95
4651.35
759.433
-4165.57
-1393
-4625.19
-1805.24
3981.01
5684.43
15378.9
2011.01
-6631.95
-6134.86
-5994.14
-9682.41
1101.67
2321.43
3188.34
-729.734
25535
26400.5
44670.1
26670.7
26203.3
26520
47077.8
26680.6
-308.299
-69.2965
-17178.5
2417.6
15986.3
17051.2
46599
9503.52
2296.68
2213.24
8762.47
544.472
-3661.4
-4915.1
2940.86
-11605
20736.6
19645.5
45411.8
22635.9
30843.3
34380.2
58594.4
35607.8
-17887.7
-18142.9
-52168.2
-11663
13656.4
17899.7
61742.4
9287.14
-11564.7
-7600.69
-13384.1
-7601.4
-23300.6
-18997.1
-8838.13
-25503.9
18328.9
15253.7
22482.5
24639.8
48355.5
41672.6
56799.8
56513.4
-22010.1
-22795
-85295.5
-8917.32
24525.3
26351
69617.5
23652.7
-771.453
-4548.11
-34663.8
8131.73
-31425.2
-31817.7
-46621
-35495.3
29255.1
22981
26997.3
35419.7
64787.2
58561.2
79872
70157.7
-26126.9
-30599.3
-104403
-14155.6
37449.8
36264
73539.1
35968.4
5062.88
2684.88
-31202.5
13471.8
-44064.8
-38501.3
-55689.6
-53860.3
14108.9
10026.8
-1684.33
15738.8
58242.3
51406
71734.6
62694.2
-48720.4
-51585.6
-153437
-38147
36756.8
33370.5
79101.9
30238
-10482.9
-17544.7
-70345.1
-4258.2
-68684.8
-68902.6
-89408.7
-87127.6
15030.3
15599.5
13985.2
18901
51221.4
45849.5
70540.3
57866.8
-40435.9
-41018.6
-135191
-28745.3
27389.8
26866.5
77976.2
18616.7
-14228.4
-16206.9
-63193.4
-5791.2
-71624.3
-67635.5
-82382.2
-86962.8
34994
36455.6
38312.5
42051.6
48854
45689.7
77807.9
57059.3
-38489.2
-39953.7
-130911
-27951.9
7951.42
11248.7
56466
-1182.28
-16297.4
-15220.5
-49689.1
-9445.53
-87622.6
-82035
-79390.4
-108498
49436.7
50837.4
61877.5
59450
48307.4
48868.1
76660.3
56364.2
-32828.8
-32926.4
-120277
-21410.5
208.597
8679.03
40986
-3819.08
-23201.6
-19081.3
-57404.3
-16114.3
-96222.4
-82731.5
-72057.7
-116027
63986.8
60715.7
73461.3
75299.8
53550.6
50154.4
77716.7
63723
-11759.9
-12331.9
-88420.9
2677.11
5835.05
9217.84
39882.2
2943.69
461.034
-639.932
-34064.2
13403.9
-88083.6
-78715.1
-69332.5
-105637
76511.1
68812.8
71944.6
95332.1
60278
53518.8
74725.6
71547.9
-2672.86
-9180.37
-77935.2
15137
-6834.19
-8471.14
-13206.6
-5736.05
15050.1
13827.5
-22606.2
30669.3
-97590.6
-85747.3
-87477.6
-120672
81363.2
72629.8
68634.6
97029.9
49160.2
41056.7
58612.8
60225
-6755.7
-12136.1
-88160.7
8037.68
-9794.14
-15624.2
-27695.3
-9479.47
14429.9
7184.2
-29274.2
26740.7
-109467
-105044
-96851
-135250
81834.2
75550.1
72492.6
108720
36531.3
31994.5
27949.8
44486.9
-10369.7
-11016.7
-82056.2
5940.4
-16247.9
-11400
-36229.3
-10960.2
1052.17
-2559.73
-40590.8
7882.12
-118890
-100490
-105372
-145759
100891
91112.1
79698.7
129838
35494.6
32254.7
26586.5
46633
-2532.86
-5359.16
-69029.9
12160.8
-2860.25
-2026.57
-30465.7
4207.99
1873.13
51.6188
-24945.3
7992.43
-105993
-91065.5
-72318.6
-136170
99219.1
84912.2
65277.3
129265
36157.9
33136.4
20342.8
45287.4
644.174
-270.822
-59476.9
14500.6
11754.9
14611.7
-20450.9
25391.5
-6470.03
-9627.26
-37405.2
-3553.21
-99550
-79279.4
-50695.3
-129622
101505
95467.9
61124.4
138503
42944
40866.5
28830.2
57050.1
15772
19297.7
-26677.7
31602.7
38204.3
39879.4
13056.7
56152.8
4042.53
4196.68
-13488.8
9846.46
-65843.7
-47385.3
-2884.29
-91799.4
132400
117810
90134.9
180010
58510.3
50881.3
39544.2
79318.3
41355.1
35918.2
16555.5
61503.4
60570.1
55510.7
28955.3
85188
26630.3
25438.9
25286.8
38359.8
-42345.1
-25733
46317.6
-66829.4
144253
130031
92274.6
189456
59749.1
52856.9
33597.5
79755.3
38396.6
36754
15378.9
53836.3
83601.2
75094.7
56689.5
109254
26691.9
23991.4
23401
29755.8
-35033.6
-20948.7
61813.2
-62400.8
161070
139707
109087
207434
62035.2
47533.8
32745.4
79758.8
53175.8
39613.5
29689.3
64488.8
101719
88000.1
83190.4
124236
31564.5
30776.8
47610.9
35315
-16074.7
-8799.94
87399.8
-44926
174361
154029
119557
224096
56958.9
48354.1
38320.9
78415.3
40718
30422.6
13216.5
53112.9
96787.4
84833
87457.8
116991
44217.5
47021.9
87707.4
49614.1
-12390.6
-4160.62
106297
-39790.3
179509
156582
115534
227630
61471.6
57941.7
42548.7
80125.8
33062.9
22228.6
-6128.49
43802.4
95661.6
85300.4
87884.9
114604
55637.3
63716.7
106891
57415.7
-1285.52
14876.8
130218
-25887.9
189614
165495
131042
245516
73648.7
61181.7
60298.5
97227.9
40047.7
30942.3
9828.78
58174.4
102246
91088.1
115067
122676
94493.5
90700.6
164983
101339
29295.4
33876.1
166341
7180.67
190973
156546
102971
245892
63477
41993.7
20008.3
76243.1
34957.2
18029.8
-17225.8
48953.7
90202.8
72021.7
79608.2
105044
104560
96057.6
169061
107941
23693.7
24856.9
146749
-7390.68
192568
166329
91375.2
258270
44091.6
32102.6
-2713.17
72267
23527.6
11198.5
-39969.2
43236.8
92568.1
79521.9
87116.3
113945
107036
102235
170730
121763
15802.4
18792.1
138606
-4263.85
205779
180868
118725
273149
53916.9
46251.9
-1067.73
76050
16563.3
10424.2
-51082.1
37029.1
101345
94254.5
115048
118365
123607
118863
193584
134149
26025.1
38339.3
145501
4702.97
221752
195685
149194
285909
77795.2
68994.5
58663
97995.8
13039
5776.36
-66623.6
32536.8
109488
102581
149827
119697
135552
131740
228232
145137
41985.9
49552.6
178018
17696.1
201477
176733
126878
266226
80276.4
75398.1
76175.2
98894.5
-9241.18
-14270.1
-105490
12938.6
103978
101920
166324
112696
128944
127616
223484
137296
44325.7
57495.6
193614
22840.3
200048
173573
102103
267610
99139.9
86391.5
92565.9
121823
-9000.06
-14809.6
-129022
20407.1
116980
112607
186150
128816
147202
137744
233717
158117
63148.9
66847
197310
43542.9
194844
165625
73732.1
264912
98162
84650.6
78142.4
119008
-22680.5
-33231.2
-172063
6318.71
112788
106193
159658
124811
137332
131133
211361
149779
46968.2
55484.5
169866
27329
191769
159304
53501.8
260459
100815
85153.3
81882.3
122404
-32247.6
-44330.6
-209149
11.3137
124916
113751
178708
135188
137650
125712
197798
149778
49168.7
49868.7
162570
28554.4
192241
165748
66209.2
262194
90707
84126.6
78510.1
118305
-28347.9
-42483.7
-201714
2914.69
131752
126679
202590
148096
134036
127337
213777
144562
57057.2
65060.2
189230
46426.5
201386
176567
78907.5
269454
96255.6
91974.1
89712.1
123399
-41811.9
-51880.4
-225008
-11631.9
131255
127428
195757
145538
127045
125940
223019
135132
60888.3
69466.2
199820
45514.3
204334
170445
81294.7
265647
103832
98903
101082
127518
-43892.9
-58530.1
-230617
-17231.5
144057
137606
214670
159539
124797
122539
225882
128524
67846.2
76233.9
221614
52176
187110
159350
67002.6
250763
109631
101830
104379
138388
-47877.5
-54998.1
-222115
-17682.6
151964
146102
228517
169904
131363
127309
238975
136718
78251.3
84461.8
228601
64182.7
189231
159311
54812.8
261733
118357
107115
101311
149960
-45177.1
-56471.7
-228787
-11437.5
150976
141561
203242
173966
137358
134731
237411
149909
79375.6
85603.8
222743
67628.4
190181
161849
56810.4
253064
119262
110158
101424
153417
-40231.5
-50488.1
-219103
-9362.09
165215
154417
222367
187921
140884
133147
239837
146410
84874
89457.5
232204
72785.3
-8920.86
-12723.7
-7594.33
-11899.2
-14222.7
-11603.6
-8334.67
-20726.7
-8683.27
-11190
-16837.6
-9216.43
2496.79
327.39
4161.32
1677.26
-18680.3
-26312.2
-22222.2
-26160.1
-31432.3
-32222.9
-35777.5
-36092.1
-7115.62
-3628.87
15784.7
-9053.8
-13709.4
-9771.51
21492.5
-24037.4
-21459.3
-20089.6
-37845.8
-19441.9
-8142.33
-7162.99
6906.31
-12003.1
-45748.4
-41959
-24917.7
-56656.9
-36705.9
-29411.4
-12220.9
-47162.6
-14645.6
-6911.97
2743.57
-16945.1
-19974.4
-11284.7
18937.7
-25733
-20154
-18847.9
-55884.1
-14077.8
-17838.9
-12602.8
-5244.61
-22434.4
-61010.6
-53055.6
-49782.4
-73196.9
-41794.3
-37405.2
-21641.7
-58220.3
-4746.81
-6395.78
3058.24
-8994.4
-14702.2
-11899.2
20836.3
-30961.4
-21209
-22651.5
-62329.3
-17785.9
-2588.72
-898.733
16333.5
-4442.75
-51625.2
-48041.5
-37893.1
-59978.2
-35238.7
-30402.8
-34839.2
-36871.4
-6990.46
-5298.35
20582.5
-14190.2
-26041.3
-19402.3
43208.5
-47441.9
-41672.6
-40891.3
-86653.8
-41172.7
9889.6
13160
49356.8
3365.83
-65435
-59304.3
-40984.6
-86706.8
-27723.5
-24727.5
-5271.48
-40129
-7506.65
-4068.69
14074.3
-11566.1
-21163
-9402.4
62091.8
-42530.4
-38480.8
-39627.7
-90388
-35334.8
31973.2
34219.7
91658.7
28293.5
-51065.1
-42472.4
-1850.5
-69821.1
1706.25
3522.1
33244.6
-1034.5
-16015.3
-16701.9
2114.96
-20029.5
1079.75
9610.29
81753.6
-12106.4
-32963.2
-32836.6
-89277.2
-24054.4
38509.7
39320.8
83733.5
41458.4
-54235.8
-50245.6
-18634.4
-70773.6
-15364
-12389.9
6986.21
-17944.2
-21711
-21870.8
-18865.6
-26830.5
14661.9
18017.1
77491.1
5766.46
-23324.6
-26774.6
-88644.3
-12790.1
33811.7
32834.5
65757.4
36121.8
-70186.7
-62491.3
-49646.7
-87312.8
-15883
-13233.5
-6445.99
-20735.2
-24809.5
-20062
-26971.2
-28442
42200.8
46097.7
104094
42207.9
-5328.76
-10992
-71391.6
7623.32
39396.5
39838.4
68989.6
40095.8
-59579.4
-48412.8
-45366.6
-73830.4
-11676.5
-13626.7
-3119.05
-23067.9
-39891.4
-39815.1
-50952
-42735.4
47403
45633.1
103462
45357.4
-3843.83
-8266.79
-65282.9
12483.3
31541.2
32952.6
70957.5
36967.5
-69053.9
-60459.8
-54561.1
-78134.6
-25755.7
-20755
-18391.1
-22500.1
-45870.7
-41560.2
-75668.9
-43648.3
60307
58670.8
89513.4
70471
379.009
-2201.93
-78772.4
21439.5
31171.4
35822.7
43919.1
40648
-77074.6
-66407.9
-101561
-85392.3
-22773.1
-19998.4
-32463.3
-24277.1
-64022.2
-65209.4
-115853
-62991.9
74739.1
68679.2
85621.4
90530.9
15711.2
7917.47
-62533
39277.7
37879.7
36511.5
46039.7
50284.5
-63102.2
-58141.1
-89779.9
-64710.9
-24586.1
-23734
-39787.5
-19779.2
-79956.1
-82338.3
-147868
-77789.5
80342.2
70411.6
68918.2
101244
21778.9
12779.5
-72984
52194.4
43969.3
37577.8
30291.7
59725.1
-76248
-75225.6
-132661
-75024.7
-39721
-37166.9
-63390.7
-33899.4
-87076
-78061.1
-142468
-87217.4
71692.8
62565.5
49887.1
89929.1
34860.4
27616.8
-63658.7
68414.7
20903.5
17687.6
-2865.9
31976.1
-103463
-93744.7
-165428
-105873
-35723
-26749.1
-38192.3
-37916.5
-94585.4
-89347.9
-149472
-103999
73389.2
66324.5
49066.8
95108.7
53622
37144.3
-53395
81095.2
12293.8
9309.77
-13202.4
15690.7
-105517
-95067
-183510
-104791
-33675.3
-32693.8
-25976.3
-50211.7
-87101.4
-80415
-138087
-89302.6
89425.7
75819.5
74621.7
104571
75807.5
64292.3
-8310.63
111599
27355.1
26468.4
21965.6
41715.8
-97744.1
-89364.2
-186112
-84677.5
-18240.5
-8415.28
4533.26
-14762.3
-78705.2
-79220.7
-122506
-87570.2
86965.6
73281
78995.1
103385
85352
70559.4
6344.87
118306
40831.2
38812.4
36824.7
52532.4
-100323
-96283.9
-224353
-88054.6
6035.86
9425.03
52976.4
-1254.41
-92306.4
-84191.7
-134526
-97370.7
76940.3
68212.5
63317.2
95507.5
102580
88302.8
26797.9
143562
54085.9
49503.1
66593.2
66235.4
-87944.3
-86845.4
-224491
-68682
27239.9
32015.7
91166.6
27819
-104013
-105136
-136711
-125195
68967
59148.8
55693.1
83664.9
90443.9
67856.8
67.8823
122508
47517.6
36302.2
43133.5
49874.4
-97337.5
-107371
-243009
-93267.4
8483.87
8057.48
82118.4
-6071.22
-110818
-100167
-117629
-127335
78662.8
70468.1
65809
99967.2
73926.6
56822.4
-24134.3
111474
36643.7
29621.4
36790.8
41217.3
-107155
-105060
-224491
-100941
7965.56
16383.7
101051
-6227.49
-132328
-121118
-144807
-158002
72781.1
63258.5
36243.5
99415
63094.4
44910.5
-63249.3
102464
13980.9
10443.3
-1670.89
14789.8
-117448
-113292
-246562
-113474
-6622.76
-1545.74
82749.2
-31405.4
-146812
-136766
-172757
-170242
68139.6
57045.1
8582.86
93870.5
45680.5
28653.4
-102695
87731.4
8089.3
7367.35
-11697
16008.9
-115230
-113458
-247271
-105137
-19765.8
-11334.2
49072.5
-29974.3
-153627
-140738
-159808
-182064
62696.3
51059.5
5279.26
88703
16393.6
1399.36
-154289
57689.3
5990.61
5609.48
-13452.7
10465.9
-130392
-125348
-258187
-129684
-10483.6
-1551.39
82665
-29457.4
-175249
-163052
-196829
-209621
50478.9
37468.9
-40091.5
78658.6
3216.63
-17749.1
-197163
41869.2
-2422.55
-8311.33
-39370.3
-333.754
-118819
-117942
-249376
-116210
-12013
-7354.62
69582.8
-30192.8
-191516
-174392
-196662
-230983
49105.7
35919.6
-43497
75145.7
-14560
-31218.8
-220340
25545.6
-7852.42
-11759.9
-51806.9
-315.37
-134046
-136774
-262670
-137022
-36756.8
-27719.3
48540.1
-59863
-186033
-164876
-175546
-223688
44706.8
30852.5
-53207.7
74848.7
-14843.6
-30705.4
-231046
30609.9
-15499.1
-19056.5
-69609
-5468.76
-148784
-144528
-280212
-147545
-27758.2
-14927
63636.8
-48026.7
-195818
-171293
-177956
-240264
41275.9
30141.1
-62976.3
76031.7
-15053.6
-34448.1
-246676
29407.2
-23998.5
-27186.8
-90822.2
-16071.1
-159726
-157178
-310858
-162671
-27716.5
-21194.8
60401.1
-57806.7
-199868
-177716
-184322
-245214
34807.3
20347.7
-81540.7
64756.1
-21458.6
-38061.4
-260447
24033.9
-31195.4
-32597.6
-103553
-18211.5
-173668
-166613
-335149
-167475
-31138.9
-20871.7
38925.5
-45592.1
-191854
-167176
-153224
-237311
29763.5
17400.5
-87512.2
62062.8
-29680.8
-45998.7
-269894
15254.4
-31867.9
-32763.1
-119073
-18164.9
-183067
-176014
-358583
-182711
-10666.7
-1829.29
78363.7
-31099.3
-200389
-176929
-165109
-249866
19784.8
6374.57
-107568
48961.5
-36297.9
-54623.3
-287124
7331.99
-30563.3
-35437.4
-126085
-15732.4
-180080
-177470
-359477
-178658
1609.38
7145.31
87669.9
-13269.6
-212146
-187268
-169095
-261187
18596.2
7200.47
-111011
52605.2
-43171
-58384.4
-298166
2393.56
-32971
-40906.8
-148629
-12184.9
-198109
-192983
-380624
-195985
-23591.2
-13887.6
60303.5
-41213
-209620
-183903
-164396
-262434
18606.1
4209.41
-112357
47173.9
-45399.8
-63912.6
-311337
-1355.52
-45884.2
-56356.4
-183028
-28091.2
-208857
-203290
-387399
-215217
-13751.8
-5383.91
69342.4
-35641
-221909
-191560
-177609
-274485
19946.8
12426
-108431
55976.7
-48201.3
-66279.9
-323019
-2274.06
-56935.5
-64455.6
-213386
-34574
-219159
-206483
-403678
-219219
-23635
-17701
52199.3
-49750.6
-220293
-187985
-180198
-267471
35648.1
22480.3
-86013.9
67814.4
-41283.7
-52748
-303809
7472
-50010.1
-56273.7
-213789
-16713.9
-214965
-200367
-402209
-205842
-23048.9
-7980.41
37845.8
-29801
-194645
-165800
-140799
-242233
48170.2
39091.7
-52107.4
82904.7
-32192.5
-44510.3
-282805
15443.9
-35989.6
-43579.7
-213022
-2497.5
-202982
-189068
-395142
-196183
11095.9
20066.3
93970.2
-2660.84
-196832
-170656
-151160
-244183
62716.8
47956
-37232.7
96807.2
-24733.2
-42274.4
-273138
20235.3
-17987.4
-34800.3
-202832
18292.9
-176499
-171381
-365633
-167915
27782.2
30276.2
101369
19891.6
14869.7
15262.2
20790.4
16288.2
11346.9
10712.7
17270.4
16849.6
7906.87
7087.33
11499
3858.68
1374.62
-3357.34
-6776.2
3791.51
17124
14147.1
24818
18444.9
12064.7
12119.1
16614.9
15690
29789.7
26002.4
23099.8
34512.5
25087.4
18222.1
25514.5
27933.5
15541.5
13128.9
11731.6
13427.3
-6391.54
-9763.73
-41725.7
3996.57
34685.7
30011
29787.6
45477.6
21940.1
20766.3
14167.6
30669.3
25835.6
22482.5
14065.1
34783.3
26561.1
24451.8
24139.9
36917.3
2206.88
-1137.73
-6608.62
4268.8
-22782.3
-28951.1
-83505.8
-12198.3
26085.9
19823
2757.01
36880.6
21334.8
17350.3
-1062.07
33258.1
13763.8
8070.92
-26534.9
21810
31865.8
26031.4
20875.9
42806.1
-18903.8
-22906.7
-57958.7
-23292.1
-45553.9
-51207.3
-141948
-30693.4
21522.9
14925.6
-16701.2
34851.9
4845.1
407.294
-44771.2
16764.1
9011.37
436.992
-57363.3
21138.3
33043.1
24770
12433.8
43388.8
-28451.9
-32758.8
-81634.8
-30380.1
-55123.2
-62978.5
-191491
-38386.7
32385.5
23145.7
-26238.6
50895.4
499.924
-4747.51
-72334.9
14224.9
2788.12
-1767.06
-74701.6
21972.6
42479.4
35360.3
29627.8
56604.6
-46467.5
-50104.2
-107048
-50478.2
-63718.8
-71906.4
-216812
-40247.8
35641.7
24893.7
-27606.2
57620.7
378.302
-3570.89
-75396
19709.9
15009.8
205.061
-67532.9
31915.3
38857.6
33272.9
12479.7
47339.4
-40988.2
-46833.8
-87308.6
-44953.6
-55076.5
-63962.1
-211933
-35192.7
44579.5
32968.9
-9010.66
64944.2
6456.59
-3510.08
-69027.1
21370.9
5908.58
-3587.86
-89956.7
26977.5
34526.6
25299.6
12085.9
39320.8
-50220.8
-51475.3
-96450.1
-51667.6
-52934
-58293.2
-214863
-29688.6
50437.9
40015.9
-12499.5
76858.3
-11044.3
-17141.7
-99980.7
6445.28
-796.909
-12727.9
-98179.7
18065.9
18706.5
17399.8
1333.6
20385.9
-62876.6
-61373.3
-101038
-67595.9
-51467.5
-54549
-196681
-32221.4
41505.8
31858.7
-26136.1
65049.6
-28619.4
-34827.8
-126309
-14343
-16139
-27075.1
-122290
2122.03
4091.32
-1396.54
-21416.9
5607.36
-85565.6
-86601.5
-124028
-97258.3
-49904.1
-55319.1
-184556
-30249.3
34592.4
23826.7
-38739.6
61889.5
-62473.6
-68900.5
-178462
-51433.5
-28397.4
-37371.3
-151548
-8150.11
-15639.1
-16766.9
-44976.2
-15445.3
-107789
-102793
-156356
-119032
-49066.1
-53189.3
-194530
-27556.7
39182.2
29129.3
-53369.6
69809.1
-88132.4
-89840.7
-225563
-77150.3
-36157.9
-48215.5
-164284
-18698.7
-17143.1
-19066.4
-40025.1
-18041.1
-118610
-113841
-160979
-133414
-42999.2
-51691.6
-175401
-24335.8
34492
19047.3
-61632.1
61403.7
-108494
-111376
-255915
-98229.9
-40524.3
-46845.8
-171076
-19678.8
-21612
-18210.1
-31589.3
-20173
-125494
-115717
-160254
-140583
-40913.2
-47137.9
-164224
-26825.5
40247.1
32582.1
-42709.2
66340.8
-118111
-115813
-259099
-111666
-29140.6
-36690.4
-165121
-4836.61
-19188.8
-22816.9
-19749.5
-22967.5
-108124
-92890.5
-135237
-113798
-27168.5
-32010
-139251
-7625.44
67846.9
56304.8
-5513.31
99924.8
-114362
-110292
-248926
-104618
-27688.9
-37806.2
-166433
-5052.99
-30602.9
-29074.8
-34149
-42232.7
-97013.6
-91136.9
-131511
-105266
-23807.6
-29531.6
-128318
-14946.8
68806.4
55634.5
-7653.02
93238.4
-121818
-122400
-268550
-118233
-21457.2
-28328.8
-164158
8905.3
-39111.5
-31741.3
-28372.7
-44544.2
-99576.9
-89788.4
-137661
-107018
-15110.9
-16580.2
-92264
-1206.32
80104.6
73673.5
22727.8
113444
-138389
-130601
-286652
-129632
-8660.64
-21027.2
-163578
23884.7
-34480.6
-28217.8
-18954.7
-43050.1
-83729.9
-74295
-116175
-88414.5
6091.72
2579.53
-60320.5
21486.9
115733
103291
63596.5
152309
-128424
-122404
-274711
-121138
-2196.27
-15196.4
-163212
33552.2
-24657.5
-18955.4
9664.03
-36899.7
-69980.9
-61440.5
-98671.1
-71702
17368.7
10279.9
-34612.9
30298.8
128659
112728
86153.2
162818
-137199
-135417
-287375
-134070
8024.25
-7641
-162731
42932.7
-31177
-23954.7
11897.1
-40037.1
-52910.7
-49407.7
-82872.9
-55244.1
15506.9
8974.6
-44711.8
28740.4
148260
134755
118728
183257
-128823
-122652
-272075
-123314
9684.53
-5396.64
-160563
45202.5
-37092
-31479
14183.1
-52156.2
-35816.4
-27938.5
-64902.5
-31602
13116.1
8209.51
-60070.8
32394.7
173269
153736
145600
211547
-112929
-106294
-250767
-104567
15705.5
1935.35
-142981
53065.5
-38857.6
-31411.8
15173.1
-58126.3
-19659
-19841.4
-51176.9
-11308.1
11474.2
4665.49
-69551
27053.2
178566
159543
150301
214953
-94630
-93063
-228274
-86327.1
15043.7
-1450.98
-141723
47695.8
-56751
-43076.9
9063.69
-76168.8
-10628.5
-10526
-47956.7
-4592.66
15654.6
9741.81
-68635.3
36919.5
191804
175698
180242
230091
-82969.1
-79285.8
-208107
-72257.1
3043.39
-13322.6
-155714
34681.5
-63289.6
-50615.4
12374.4
-89328.8
2689.13
841.457
-29343.5
11788.9
21536.4
11557
-74577.1
44441
215577
193447
211241
255739
-70604.6
-69181.9
-189658
-61674.6
6181.53
-6614.28
-147189
40534.9
-62597.3
-45473.3
33976.5
-91281.1
8981.67
8902.47
-23422.9
20702.7
16385.8
7214.61
-90611.5
43955.2
222317
201941
230334
261660
-62923.3
-62392.3
-173712
-52727.5
17942.8
4649.93
-147403
59722.9
-56347.9
-43785.5
22473.3
-79408.1
22523.5
15830.7
-11138.3
37282.2
24812.4
14356.4
-88817.6
57689.3
228929
206239
253133
270287
-53315.9
-58028.7
-169901
-36081.5
23365.6
7865.86
-160043
68645.2
-67666.6
-60425.1
-4910.15
-91588
26414
22174.2
-14908.6
44890
34415.6
23215.7
-90982
71737.4
233480
210233
258947
278840
-58461.5
-61149.9
-189051
-37007.8
37700.8
23145.7
-137380
87087.3
-65494.4
-52854.1
-8004.45
-94374
31998
26443.7
-4398.2
52366.2
44494.7
35253.5
-69428
76584.6
236100
216047
269455
272567
-52271.5
-56743.9
-185869
-31393.4
44230.9
26686.9
-133436
93348
-62591.7
-49031.5
12789.4
-84437.7
24287.7
16334.9
-14166.9
38046.6
58486.9
48122.9
-31843.8
92887.7
237187
219979
300953
276139
-54203.3
-59544.8
-182813
-33988.5
33351.4
14141.4
-159610
83260.4
-75700.7
-60723.5
-7013.79
-100275
13539
8563.06
-28425.7
29080.5
68811.4
56813.2
-23963.1
105503
246381
229088
316435
285697
-65028.4
-67445.3
-200026
-46740.5
59819.1
43107.4
-125997
117744
-50970.4
-39304.5
25425.4
-74312.7
23454.7
19805.4
-12008.8
39514.5
92510.8
79439.9
10757.9
133604
262457
242307
345456
299290
-48012.6
-52946.7
-175081
-26813.5
72563.3
48840.6
-128359
129618
-43990.5
-32381.2
19452.5
-60792.1
29610.8
21158
-13690.3
46525.5
101985
84782.1
7678.47
140655
269534
249329
353767
305660
-35188.5
-40387.8
-171793
-10135.7
76279.1
50560.3
-138214
135142
-38264.4
-33530.3
23422.2
-56630.8
32689.5
25610.7
-26469.1
52760.1
98760.9
79208
-10129.3
137944
284674
261167
366206
324519
-26084.5
-32174.8
-174576
1910.6
80598.2
56702.2
-131504
143648
-26861.6
-18688.1
28075
-45244.9
28666.8
18857.1
-42480.1
54238.6
86985.4
72112.2
-19564.2
122345
282549
260407
358464
318512
-15122.9
-23096.2
-169399
17570.9
89277.2
61577
-128497
152401
-10755.1
-2928.13
61006.3
-23536.8
22203.2
10661
-72684.2
46089.2
84879
68703.2
-21884.2
121967
293882
274205
383599
335220
-2298.8
-13071.6
-160809
32335.3
88160.7
58501.8
-137995
153038
-2295.27
4207.99
73156.6
-17807.8
21845.4
9717.77
-84372.7
49262.7
84637.1
66146.3
-32790.7
123815
319992
296084
414913
364086
3909.59
-7495.33
-159519
38990.6
100012
72582.4
-131270
172186
23316.1
30721
112529
13015
15410.7
3314.21
-104230
43579
76454.5
58706.8
-46263.2
115826
329375
303097
428406
371894
17101.4
3757.57
-146555
56936.2
-11331.4
-11378.8
-13080.8
-16414.1
360.624
-5199.36
-4927.12
-2092.33
-16240.8
-17650.1
-28841.5
-19104.6
-9591.2
-15608
-12457.8
-19034.6
-12503.1
-13707.3
-14849.9
-11623.4
362.746
-1902.12
-1230.37
-2486.89
-17976.1
-14881.1
-8988.74
-24086.9
-5058.64
-5765.75
-3717.97
-6978.44
-24743.1
-26409
-39986.9
-31797.2
-19434.1
-18834.5
-5814.54
-29035.9
-25359
-22166.4
-27560.9
-22240.6
-2660.84
4129.5
11928.9
-3066.72
-21725.1
-15826.5
3514.32
-27738.4
-4905.2
-1928.28
6612.16
-6428.31
-37853.5
-35381.5
-50210.9
-45610.5
-16540.6
-11513.8
21657.3
-26788
-35416.2
-31718
-42769.4
-38581.2
1498.36
7769.69
34277
-4036.17
-15922.6
-9695.14
26993.8
-29948.8
14647
14392.5
40394.9
14738.2
-32326.1
-33266.5
-42973
-38502.7
-7542
-5356.33
40678.4
-23327.5
-46400.3
-41087.9
-51961.7
-50756.8
9235.52
15732.4
65958.9
2191.32
-21210.4
-9077.84
43054.3
-35292.4
18628
27395.4
54667.8
27960.4
-58447.3
-56895.2
-68351.8
-67670.1
-1366.13
11774.7
86076.8
-10894.4
-46985.1
-35392.1
-41074.4
-51157.1
9417.25
20776.9
72680
8193.95
-6452.35
4721.35
77626.2
-21896.3
58554.8
62340.7
102425
63702.5
-70710
-64394.8
-87703.2
-84594.7
11837
26991
120117
-5013.39
-34202.8
-23625.9
-3020.05
-43988.4
46253.3
56314
120330
48988.4
-335.876
8169.2
81698.4
-16185.7
70373.4
65997.8
121678
74250.5
-69862.9
-62256.5
-84168.3
-80121.6
24492.1
29159.7
146061
1105.21
-25126.3
-20218.3
12862.3
-38027.5
57151.2
54197.6
128985
50940.7
-6917.63
681.651
72927.5
-27102.7
66507.6
62408.5
108899
69423
-68140.3
-60442.1
-84256.7
-78560.3
21319.3
27645
140173
-1979.19
-35800.8
-32324.7
-4949.75
-52878.2
45596.4
47866.9
119724
38856.2
-12604.9
-4146.47
61975.1
-29581.8
61816.7
58045.7
93783.6
65872.7
-62381
-55391.2
-77795.2
-71680.8
24879.6
30443.1
145215
3482.5
-51781.4
-48875.2
-31877.8
-72531.5
36068.1
38709.9
112647
25056.3
-10329.4
-2716.7
68488.2
-30432.5
70610.3
66153.4
100567
81272.7
-49586.6
-46179.7
-70255.3
-55941.3
30419.7
37681
152100
9625.14
-67778.3
-59433
-51731.9
-86598
33410.1
37374.8
121923
22793.6
-21938.7
-13715
62948.1
-45665
75552.9
74285.8
107776
88244.1
-59188.4
-57580.4
-75303.3
-69442.8
45829
56900.2
193750
26585.8
-72859.6
-62991.2
-53303.8
-97285.2
29498.4
36872.8
126051
19593.2
-15541.5
-5514.73
76927.6
-38484.3
96194.1
92465.5
130719
107404
-60841.6
-51804.1
-73672
-68413.3
57905
71107.4
224139
34717.5
-63061.2
-51655.6
-17764.6
-94335.1
42009.2
50159.3
144025
33338
-23688.1
-13138
70347.9
-46860.7
103629
90886.6
144785
112827
-53366.1
-47344.3
-59329.1
-59135.3
75434.9
76808.1
253805
51257.5
-72296
-59423.1
-16385.8
-94593.2
47748.1
47973.7
148830
32599
-22807
-9952.53
77188.5
-46182.6
89544.5
83266.1
133989
96032.9
-45841
-39793.8
-47077
-51997.8
73309.3
79159.2
255443
49838.3
-76193.6
-62747.2
-23494.3
-100004
42214.3
50357.3
152091
27681.1
-26624
-15224
78102.8
-53075.4
71823.7
63688.4
115732
67049.3
-42811.1
-36860.8
-43747.3
-52753
82199.7
85993.4
275077
54162.3
-86141.9
-74546.7
-44237.3
-114790
32118.9
36232.2
147165
5679.48
-22667
-9265.93
96790.2
-49454.3
64495.9
62583.2
122370
70375.5
-24646.2
-21395.6
-18145.1
-27835.3
90583.9
97351.6
289376
69623.9
-101355
-85144.1
-64464.8
-126542
28077.1
38181.6
164795
7718.78
-27915.2
-15060.7
98077.8
-56324.6
67095.2
70273.7
119741
78068.8
-24154.1
-21887.1
-18017.1
-29697.8
110154
123257
327155
97351.6
-101446
-81701.2
-63938.7
-127393
30095.9
41028.5
170047
8973.89
-27085
-11035.1
102356
-53278.4
100704
99490.6
160153
107545
-15438.3
-10778.4
-10349.2
-19615.1
139230
151829
371691
120641
-85402.2
-66589.7
-33284.9
-116051
49444.4
62565.5
201118
30318.6
-31255.5
-21897
93027
-68451.5
104226
96061.9
180253
105475
-25074
-25453
-22955.5
-32394.7
153239
151529
412943
125980
-76542.9
-65073.6
1329.36
-107117
51231.3
58061.2
212681
24079.1
-50520.7
-39032.3
73713.8
-89443.4
93880.4
87801.4
160214
98606.7
-46283
-47528.2
-60361.5
-53561.9
151848
154100
408146
132847
-82782.4
-67914.8
-6615.69
-110112
45373.6
58641.8
218072
20251.5
-56831.6
-41066.6
72730.9
-92981.7
94038.8
93048.2
150498
102361
-59071.7
-54554.7
-84751
-64808.5
172376
177838
432952
157623
-77684.9
-62974.2
-1234.61
-107638
51759.5
67407.8
236325
25921.8
-57301.8
-43131.4
71916.3
-99419.9
105999
97616.1
152514
117286
-64734.9
-64781.6
-114519
-68948.6
196220
194886
450529
184109
-74135.9
-59423.1
1680.09
-101818
60806.9
72783.2
259375
30767.6
-60415.2
-40963.4
93564.4
-102955
115530
112834
163113
130480
-76138.4
-72047.1
-122120
-82903.3
233246
239280
516482
231362
-59066
-39868.8
33027.5
-84053.1
70287.8
88103.4
288662
42126.6
-66989.9
-48069.1
93091.3
-114372
131179
120734
178368
140359
-89125.2
-86239.5
-140816
-100598
245562
247494
532847
235661
-44279.7
-26112
66845.6
-73790.1
89220.6
103975
314310
61075.6
-79729.1
-61791.9
68449.4
-128910
116999
105557
173153
124283
-107119
-103041
-151831
-121587
254575
247596
552658
240932
-26448.6
-15692.8
91793.1
-52288.4
99783.4
106099
326037
69460.5
-95039.4
-75971.6
58593.7
-147655
97133.8
88870.6
153563
103072
-116383
-110615
-145988
-136310
253368
251748
554238
247892
-29668.1
-15142.7
89021.2
-50561.7
99658.9
110202
333737
71405.1
-120984
-96544.8
26112
-172786
76626.3
73321.3
122489
80017.6
-127109
-114617
-136018
-154988
262856
263872
565463
257342
-29912.7
-17720.8
75581.9
-58449.4
98164.8
109688
329980
69190.4
-129459
-106795
15867.5
-188863
72237.3
65478.8
110986
76735.2
-123805
-115862
-115070
-154149
290907
284481
589941
288042
-29608
-17445
70154.2
-52680.9
109268
117544
347872
81277.7
-148558
-123172
247.487
-208786
67502.5
64232.9
106352
71914.9
-143941
-132499
-117119
-181660
313323
310716
626620
317222
-20457.3
-8041.93
75893.8
-44340.5
115688
125404
356681
90262.9
-157934
-129887
-16899.9
-219543
71045.8
66062.2
102127
71693.6
-166032
-146805
-139781
-210438
324863
321529
637450
324600
-7029.35
4683.88
102824
-31334
133566
142553
370099
111422
-178587
-149273
-50302.2
-244396
57173.8
51127.4
96185.6
57908.5
-183242
-162917
-153833
-227163
330346
314754
643352
327243
-11907.7
-3836.76
94185.9
-34057.8
134101
137510
365445
109751
-199332
-169679
-73081.6
-269714
41754.7
38786.2
81603
40605.6
-192292
-172502
-165013
-237612
319172
306251
624565
320203
-26493.9
-17964
69222.9
-48052.1
125107
133885
359772
100657
-232041
-199444
-111625
-301891
18524.8
20076.9
55131.7
12667.8
-207040
-184489
-181659
-254123
310013
300452
613630
311399
-46872.7
-37069.4
28751
-70772.9
110724
119132
345334
80363.4
-256091
-219531
-141209
-334833
15849.1
18292.1
57367.6
10856.9
-208061
-185273
-188559
-254734
313387
303009
600130
316840
-67872.4
-56090.5
-13452
-91295.3
103320
114606
345043
74237
-283925
-246772
-166905
-368167
18407.4
29115.1
74394
13363.6
-220180
-195178
-194874
-270790
322856
318813
626745
332877
-75659
-61280.7
-26869.4
-98792.7
101727
116247
347800
72948.7
-303777
-262914
-188056
-387767
46015.7
54594.3
120551
35958.5
-224344
-195864
-198099
-277457
333323
331845
644704
338991
-75767.9
-61065.7
-20887.2
-101707
119296
134959
373262
93070.8
7244.31
6907.02
14370.5
3463.41
2591.55
1529.47
5871.81
-2012.43
6994.7
8515.69
5308.96
9794.84
-6127.79
-6848.33
-19300.5
-2505.28
-552.25
-1483.51
-1583.92
-4560.84
3295.82
3001.67
7934.45
-3184.81
21073.2
22043.3
49151
16790.3
12485.4
13266.7
13939.2
15200
21831.9
18411.6
-1782.62
30398.5
9626.55
4000.81
-16540.6
14558.6
16184.3
15433.3
38644.1
14153.4
-12461.3
-10421.3
-8539.02
-18901
27236.3
27678.3
81835.6
24002.7
13456.9
11281.9
12581.6
18053.9
17334.7
11332.1
-34272.8
34637.6
6014.65
2755.6
-22218.7
13501.5
28839.4
29648.3
63543.4
27094.2
-25599.4
-24120.1
-17631
-32030.5
46328.2
48001.9
126018
45394.1
24029.6
22249.8
28780
32628.7
16685.6
9077.84
-42741.8
35395.6
-1679.38
101.823
-27628.1
4912.27
43926.9
41710.1
87167.9
45336.9
-15968.6
-18507.8
-2956.41
-19955.3
69948.4
73939.3
155448
70739.7
44873.7
41903.1
44282.6
56161.2
28490
20639.7
-43873.9
55428.7
12182
10660.3
-14800.5
21561.1
58385.1
59448.6
111729
61497.8
-27732.7
-24341.4
-14399.5
-33305.4
97007.3
96517.2
198802
95721
45319.9
41992.2
46549.5
53470
23576.4
12490.3
-64322.7
41850.1
13482.4
10059.3
-18688.8
17826.9
67501.1
62057.8
121114
69913.8
-34479.9
-30558.3
-18826
-44607.1
104059
103891
206853
102007
54672.8
45726.5
59703.9
57645.5
21210.4
12119.8
-57161.1
39091
17331.2
14705.7
-1143.39
22622.5
47700.7
43968.6
90721.8
44603.6
-31683.3
-24866.8
-9135.11
-47702.8
103011
103308
216815
95330.7
56338.7
53472.1
76345.6
61581.2
19173.9
12907.5
-54807.8
35821.3
21903.3
16885.7
17906.8
21703.2
26819.9
27640.1
82596.4
19023.3
-37979.4
-26926.6
5037.43
-57519.6
99551.4
103635
225671
97256.2
65860.6
62576.1
99216.3
77356.8
19690.1
11404.9
-62098.1
39684.2
20492.7
18438.5
25902
21696.9
21918.2
26358.1
88790.7
14192.3
-31468.4
-20325.8
26391.3
-45090.1
91547
92400.5
210850
87005.2
75545.2
71114.4
108502
91646
-258.094
-6328.61
-91515.2
22078.7
-5115.21
-9290.68
-5118.75
-9439.88
12659.3
12348.2
70455.4
4084.25
-25282.6
-21117
27162.8
-36334.7
102317
104983
224294
99690.7
110176
105295
138664
131183
6192.13
-2309.41
-87358.8
25390.8
-8403.26
-11812.2
-7768.28
-14423.6
1090.36
5534.52
60826.7
-11081.8
-21586.6
-13860.7
33985.7
-36336.1
118906
121634
250196
117081
137773
133288
182090
164457
-1555.63
-6250.82
-95162.4
19717
-10574.1
-8437.2
-5489.27
-12223
631.446
6918.33
64424.5
-5661.1
-15991.2
-2313.65
48446.7
-22516.4
133557
133736
275720
129365
155015
145187
207901
174528
-197.283
-616.597
-81601.5
24744.5
-14969.5
-9885.35
-3154.4
-13465.4
-10447.5
-2959.24
42642.1
-23567.2
-6026.67
5936.16
55920.1
-15961.5
145575
143564
299212
139555
171560
162293
237146
193650
15705.5
12808.5
-63226
42208.6
-2450.12
-3976.77
3403.3
-1311.68
-15752.9
-9701.51
40865.8
-31915.3
-7135.41
2848.23
59330.5
-20050
156085
148173
310999
150278
188860
172746
259507
212570
34516.7
22819
-58468.5
61864.8
8896.82
2485.48
109.602
7491.09
-16040.7
-9456.85
38344.3
-35340.5
6895.71
13140.9
80739.6
-7026.52
155066
147783
309457
147899
198862
184494
284615
220966
17138.1
8973.89
-81992.6
42528.9
-4670.44
-5097.53
-5728.98
-10263.7
-19683.7
-14260.9
33953.1
-43011.2
17277.4
19070.7
94940.4
818.83
157612
151945
326988
152181
219868
204794
319041
244320
16115.7
6983.39
-72959.3
41448.5
-1706.25
-6254.36
14816
-11466.4
-32468.9
-25337.1
41014.3
-58632.6
5156.93
9982.93
104010
-13691.7
153808
147738
314731
144408
221906
209554
325361
244205
-3779.49
-11021.7
-106557
18010
-27380.6
-27864.2
-21390.7
-38019
-54942.2
-47370.5
8449.93
-87566.7
-10622.2
61.5183
84990
-30855.3
152765
152284
315104
148306
228520
208873
336712
242432
5362.7
-3846.66
-90812.3
26321.3
-32082.8
-27348.8
-34977.7
-30533.6
-71453.1
-61730.4
-7004.6
-105026
-8799.24
89.8026
91032.9
-35510.2
158519
157768
324947
152097
226091
212857
347339
242512
10574.8
4000.81
-83494.5
35952.1
-19705.7
-18067.3
-31042
-17022.2
-83189.7
-71367.6
-14109.6
-117310
-15062.8
-706.4
86990.4
-36789.4
151978
151917
322670
148889
220529
207218
349418
235102
13275.2
2571.04
-91759.8
39227.5
-15139.9
-10020.4
-33270.1
-10368.3
-89781.3
-73059
-17671.3
-127700
-19777.1
-10098.2
74437.1
-43353.4
144867
141125
314274
138198
218084
204449
350946
234095
-2660.14
-14735.4
-115416
20166.7
-18671.9
-16559.7
-40218.1
-22843.1
-96444.4
-84854.2
-22666.3
-139091
-23878.3
-18977.3
63563.9
-47652.6
134885
134811
301051
127427
222551
210019
354916
237612
-18143.7
-26428.8
-129882
4582.05
-15919.1
-15786.9
-24483.6
-18381.9
-121113
-103698
-38723.3
-165836
-48113
-37588.4
34248.7
-72573.2
141687
143141
309702
137380
226435
215041
370914
242185
-26220.9
-34178.7
-141295
-4293.55
-15053.6
-11655.9
-18710.8
-16228.1
-131401
-116666
-49537.1
-175189
-62659.6
-48991.9
14095.5
-87369.4
147215
146609
307956
142652
235885
221834
384623
244772
-19029
-28883.2
-134940
-2980.46
-11494
-11344.8
-7512.3
-15445.3
-158317
-139811
-90334.3
-209558
-50121.8
-39260.7
22367.9
-79306.3
140193
140796
301025
132201
238720
231849
403632
250427
-26275.4
-31621.8
-138544
-10774.2
-13700.9
-14016.3
-2722.36
-24079.8
-178742
-156214
-98744.6
-235529
-42364.2
-27724.2
43704.1
-68568.1
125143
126694
288311
119121
247372
237248
422588
267190
-38960.9
-45729.3
-163976
-22165.7
-17947.8
-12262.6
10749.4
-26196.2
-193283
-162585
-100630
-247943
-28843.6
-15849.1
61441.2
-46303.5
110794
111188
254960
106289
255073
241136
408846
284959
-48794.6
-52683.7
-183519
-25554.8
-26848.8
-20033
3681.91
-36853.7
-197283
-170396
-120172
-251256
-8709.43
-5094.7
58338.4
-19654
109022
111704
242807
107382
274951
263665
406470
313157
-32705.1
-37666.9
-170089
-7096.52
-24328.7
-19267.2
6055.66
-36484.6
-205060
-172941
-126091
-259107
321.026
6988.34
55819.7
-4414.47
120508
121091
254279
116706
305290
289822
438555
343335
-25636.2
-34963.6
-158130
-5965.15
-17005.9
-9331.69
27106.9
-30363.9
-197013
-170275
-115064
-255033
17906.8
25351.9
68851
17341.1
135131
133968
260051
137623
319459
293408
448683
354060
-28333.8
-36935
-146233
-8611.15
-12764.7
-10395.9
32408.1
-18130.9
-200111
-171797
-112822
-259891
34597.3
37558.7
98541.7
29377.5
136068
136556
253610
141315
309151
288371
420157
351426
-53728.1
-60816.8
-187651
-35772.5
-28658.3
-27502.9
-16446.6
-33266.5
-208882
-179843
-121642
-269734
24281.3
30976.9
96513.7
18327.5
143526
143171
262619
156194
307204
285860
407734
352986
-73355.3
-80869.7
-222908
-58214.7
-42536
-35668.6
-45132.5
-47317.5
-207166
-172519
-112958
-270939
29882.3
35272.6
111339
22056.1
169187
158271
276288
181913
336115
308796
436909
382483
-86652.4
-95744.4
-231121
-82682
-40271.9
-33857
-37452.6
-55108.4
-177697
-151707
-66270.8
-245679
52407.9
48955.8
146535
36609
169540
163089
263652
190907
349666
319666
439040
400192
-107631
-115448
-237794
-104714
-44865.9
-44578.1
-46350.8
-59194
-187647
-160375
-67501.8
-254631
45071.7
43864.7
161247
26515.8
195631
188277
284799
222936
354541
331098
451032
409491
-136935
-132789
-258534
-139506
-52350.7
-41311.3
-44572.5
-60958.3
-189041
-160015
-61659.7
-255406
39161.7
50795.7
175009
24690
