-1.1344e+06
-960197
-718044
-614595
-384204
-391990
-714703
-441611
-5.43573e+06
-4.51649e+06
-2.69345e+06
-2.6122e+06
-1.70773e+06
-1.43756e+06
-946926
-867107
-3.00378e+06
-2.50236e+06
-1.51069e+06
-1.44535e+06
-3.47638e+06
-2.85605e+06
-1.51151e+06
-1.54512e+06
-1.17107e+06
-994283
-743871
-624514
-380761
-390907
-749453
-462216
-5.52964e+06
-4.59648e+06
-2.75604e+06
-2.67377e+06
-1.74715e+06
-1.45948e+06
-954082
-886450
-3.10392e+06
-2.58095e+06
-1.55383e+06
-1.52884e+06
-3.48637e+06
-2.85926e+06
-1.51659e+06
-1.58711e+06
-1.41387e+06
-1.19794e+06
-854114
-742983
-505761
-502118
-816732
-532426
-5.81921e+06
-4.84143e+06
-2.88967e+06
-2.7892e+06
-1.90679e+06
-1.59102e+06
-979108
-936511
-3.20819e+06
-2.66828e+06
-1.58781e+06
-1.53596e+06
-3.60496e+06
-2.96264e+06
-1.55205e+06
-1.59193e+06
-1.53429e+06
-1.30143e+06
-920147
-824832
-522019
-523557
-861125
-564311
-6.06239e+06
-5.04769e+06
-3.01325e+06
-2.94274e+06
-2.0844e+06
-1.74039e+06
-1.04366e+06
-1.00701e+06
-3.40857e+06
-2.83838e+06
-1.67533e+06
-1.64454e+06
-3.70668e+06
-3.05008e+06
-1.60826e+06
-1.67288e+06
-1.56759e+06
-1.32462e+06
-922087
-835435
-475132
-484828
-865642
-550488
-6.06585e+06
-5.04919e+06
-3.00431e+06
-2.94367e+06
-2.08227e+06
-1.73629e+06
-1.02965e+06
-1.01907e+06
-3.36633e+06
-2.8082e+06
-1.6622e+06
-1.64168e+06
-3.71952e+06
-3.06891e+06
-1.60828e+06
-1.67962e+06
-1.53071e+06
-1.28763e+06
-900665
-813303
-497986
-505439
-890577
-580571
-6.12645e+06
-5.08677e+06
-3.02125e+06
-2.93694e+06
-2.03717e+06
-1.68932e+06
-999739
-973489
-3.43527e+06
-2.85199e+06
-1.68884e+06
-1.63474e+06
-3.88258e+06
-3.19458e+06
-1.68376e+06
-1.72072e+06
-1.56571e+06
-1.32076e+06
-917166
-834389
-557869
-562132
-917922
-611659
-6.22514e+06
-5.17344e+06
-3.08099e+06
-2.99016e+06
-2.16232e+06
-1.79787e+06
-1.07282e+06
-1.02752e+06
-3.58529e+06
-2.98313e+06
-1.77884e+06
-1.70388e+06
-4.03998e+06
-3.31954e+06
-1.75994e+06
-1.79935e+06
-1.54038e+06
-1.30282e+06
-902704
-822031
-500475
-517117
-885203
-599511
-6.14705e+06
-5.11939e+06
-3.08083e+06
-2.99061e+06
-2.22485e+06
-1.84657e+06
-1.10405e+06
-1.06647e+06
-3.56887e+06
-2.96627e+06
-1.76719e+06
-1.74023e+06
-4.06797e+06
-3.34065e+06
-1.77009e+06
-1.84697e+06
-1.57712e+06
-1.33247e+06
-905037
-833718
-466341
-483074
-847087
-573636
-6.23637e+06
-5.19702e+06
-3.13567e+06
-3.02642e+06
-2.38771e+06
-1.97996e+06
-1.15735e+06
-1.13543e+06
-3.62234e+06
-3.00943e+06
-1.77105e+06
-1.73104e+06
-4.03491e+06
-3.31199e+06
-1.73828e+06
-1.8007e+06
-1.65131e+06
-1.38833e+06
-926463
-864690
-457426
-473851
-824890
-553447
-6.29772e+06
-5.24938e+06
-3.19205e+06
-3.08174e+06
-2.57662e+06
-2.13566e+06
-1.23926e+06
-1.21436e+06
-3.77647e+06
-3.13557e+06
-1.84174e+06
-1.79655e+06
-4.06361e+06
-3.3305e+06
-1.75006e+06
-1.81034e+06
-1.69437e+06
-1.42501e+06
-949930
-889274
-412310
-437121
-809045
-531546
-6.19013e+06
-5.16781e+06
-3.1881e+06
-3.05321e+06
-2.70999e+06
-2.25039e+06
-1.2932e+06
-1.28044e+06
-3.80375e+06
-3.16768e+06
-1.86397e+06
-1.82738e+06
-4.19631e+06
-3.45799e+06
-1.82496e+06
-1.88163e+06
-1.62517e+06
-1.36368e+06
-918031
-858088
-337068
-371982
-786304
-507270
-6.15961e+06
-5.14087e+06
-3.20054e+06
-3.05022e+06
-2.79128e+06
-2.31231e+06
-1.32561e+06
-1.31189e+06
-3.87356e+06
-3.21725e+06
-1.90504e+06
-1.84199e+06
-4.38275e+06
-3.61029e+06
-1.92915e+06
-1.96344e+06
-1.67896e+06
-1.40747e+06
-945934
-863510
-383174
-407742
-822333
-511295
-6.40245e+06
-5.34566e+06
-3.32625e+06
-3.15814e+06
-2.82259e+06
-2.3379e+06
-1.3406e+06
-1.31682e+06
-4.07166e+06
-3.38022e+06
-1.98214e+06
-1.92715e+06
-4.58804e+06
-3.7753e+06
-2.03447e+06
-2.06346e+06
-1.71412e+06
-1.44382e+06
-978163
-878362
-450027
-470926
-871352
-566361
-6.6493e+06
-5.55204e+06
-3.45089e+06
-3.28666e+06
-2.78146e+06
-2.30058e+06
-1.30437e+06
-1.31007e+06
-4.21689e+06
-3.49387e+06
-2.00768e+06
-2.02389e+06
-4.70389e+06
-3.86949e+06
-2.07238e+06
-2.15405e+06
-1.87792e+06
-1.57846e+06
-1.05877e+06
-961040
-536427
-540305
-913170
-601737
-6.9654e+06
-5.81571e+06
-3.58747e+06
-3.41313e+06
-2.77766e+06
-2.29687e+06
-1.28995e+06
-1.28429e+06
-4.17092e+06
-3.45286e+06
-1.96997e+06
-1.95103e+06
-4.75353e+06
-3.90891e+06
-2.08435e+06
-2.1244e+06
-1.99537e+06
-1.67852e+06
-1.11761e+06
-1.02829e+06
-576110
-578559
-960165
-630024
-7.33961e+06
-6.12417e+06
-3.76263e+06
-3.60137e+06
-2.80428e+06
-2.32173e+06
-1.30128e+06
-1.3007e+06
-4.29557e+06
-3.55803e+06
-2.01637e+06
-2.00854e+06
-4.84965e+06
-3.98984e+06
-2.12933e+06
-2.18847e+06
-1.99636e+06
-1.67822e+06
-1.116e+06
-1.03912e+06
-556913
-566451
-985117
-643487
-7.49527e+06
-6.25131e+06
-3.8282e+06
-3.6751e+06
-2.75406e+06
-2.28163e+06
-1.28628e+06
-1.2913e+06
-4.26523e+06
-3.53669e+06
-2.01604e+06
-2.00857e+06
-4.86906e+06
-4.01622e+06
-2.13254e+06
-2.20346e+06
-1.96531e+06
-1.64728e+06
-1.1023e+06
-1.01998e+06
-621534
-621373
-1.01969e+06
-682898
-7.6651e+06
-6.38688e+06
-3.88973e+06
-3.73162e+06
-2.74975e+06
-2.27426e+06
-1.27799e+06
-1.27233e+06
-4.36007e+06
-3.60772e+06
-2.03363e+06
-2.01668e+06
-5.04175e+06
-4.15062e+06
-2.21327e+06
-2.24859e+06
-1.88806e+06
-1.58262e+06
-1.08911e+06
-990603
-615111
-609946
-1.04828e+06
-671966
-7.82453e+06
-6.51344e+06
-3.97672e+06
-3.81326e+06
-2.78571e+06
-2.30545e+06
-1.32103e+06
-1.29897e+06
-4.43115e+06
-3.66619e+06
-2.08258e+06
-2.05322e+06
-5.16121e+06
-4.24879e+06
-2.26986e+06
-2.31848e+06
-1.85397e+06
-1.56417e+06
-1.08948e+06
-955315
-663203
-653538
-1.08777e+06
-700618
-7.9488e+06
-6.6205e+06
-4.02751e+06
-3.87197e+06
-2.77377e+06
-2.29219e+06
-1.32454e+06
-1.29896e+06
-4.41568e+06
-3.64374e+06
-2.04568e+06
-2.06949e+06
-5.20027e+06
-4.27583e+06
-2.26246e+06
-2.3492e+06
-1.91669e+06
-1.6152e+06
-1.15235e+06
-1.0229e+06
-730202
-710137
-1.13436e+06
-754797
-8.16102e+06
-6.79272e+06
-4.11702e+06
-3.96111e+06
-2.93701e+06
-2.4296e+06
-1.39081e+06
-1.37628e+06
-4.38395e+06
-3.61943e+06
-2.03079e+06
-2.02944e+06
-5.24064e+06
-4.30821e+06
-2.27299e+06
-2.34008e+06
-1.84551e+06
-1.56312e+06
-1.1253e+06
-1.01643e+06
-643856
-647626
-1.11989e+06
-735323
-8.32342e+06
-6.92845e+06
-4.17343e+06
-4.05276e+06
-3.01306e+06
-2.49709e+06
-1.43756e+06
-1.42705e+06
-4.35976e+06
-3.60769e+06
-2.02322e+06
-2.03813e+06
-5.17883e+06
-4.26126e+06
-2.23673e+06
-2.33856e+06
-1.83521e+06
-1.55575e+06
-1.13161e+06
-1.00956e+06
-656061
-663002
-1.15807e+06
-742100
-8.36384e+06
-6.96179e+06
-4.18092e+06
-4.05585e+06
-3.05974e+06
-2.54313e+06
-1.46922e+06
-1.45934e+06
-4.26626e+06
-3.5371e+06
-1.98984e+06
-2.00011e+06
-5.19058e+06
-4.28217e+06
-2.23989e+06
-2.32712e+06
-1.66457e+06
-1.41038e+06
-1.06737e+06
-944952
-628461
-642439
-1.16452e+06
-758839
-8.36345e+06
-6.95165e+06
-4.16432e+06
-4.03797e+06
-3.03044e+06
-2.51023e+06
-1.45666e+06
-1.43421e+06
-4.23169e+06
-3.49514e+06
-1.96364e+06
-1.95193e+06
-5.32329e+06
-4.38181e+06
-2.30623e+06
-2.36573e+06
-1.61197e+06
-1.37772e+06
-1.05284e+06
-912213
-651151
-670197
-1.19388e+06
-779874
-8.42276e+06
-7.00344e+06
-4.19784e+06
-4.09081e+06
-3.08283e+06
-2.55948e+06
-1.50401e+06
-1.47429e+06
-4.37871e+06
-3.62384e+06
-2.04444e+06
-2.03172e+06
-5.45053e+06
-4.48594e+06
-2.3755e+06
-2.46083e+06
-1.63549e+06
-1.39327e+06
-1.05244e+06
-901711
-550688
-590390
-1.16812e+06
-743031
-8.3999e+06
-6.98113e+06
-4.20383e+06
-4.06726e+06
-3.00353e+06
-2.48678e+06
-1.49791e+06
-1.44586e+06
-4.3763e+06
-3.61502e+06
-2.06489e+06
-2.051e+06
-5.40685e+06
-4.44133e+06
-2.37009e+06
-2.44335e+06
-1.76848e+06
-1.51197e+06
-1.13836e+06
-969528
-611889
-647349
-1.21767e+06
-776893
-8.53383e+06
-7.10521e+06
-4.28306e+06
-4.13037e+06
-3.08889e+06
-2.571e+06
-1.55333e+06
-1.48684e+06
-4.44037e+06
-3.67828e+06
-2.10225e+06
-2.07517e+06
-5.46573e+06
-4.50222e+06
-2.40523e+06
-2.45501e+06
-1.90125e+06
-1.62089e+06
-1.19436e+06
-1.05884e+06
-677104
-702317
-1.25538e+06
-826885
-8.69873e+06
-7.23677e+06
-4.35289e+06
-4.23109e+06
-3.22353e+06
-2.68833e+06
-1.63742e+06
-1.57777e+06
-4.58344e+06
-3.79695e+06
-2.17987e+06
-2.15383e+06
-5.55214e+06
-4.574e+06
-2.44617e+06
-2.52606e+06
-1.97814e+06
-1.67675e+06
-1.19464e+06
-1.07838e+06
-671442
-692825
-1.2447e+06
-815865
-8.69145e+06
-7.22103e+06
-4.30421e+06
-4.20887e+06
-3.25145e+06
-2.70806e+06
-1.64611e+06
-1.60064e+06
-4.63624e+06
-3.84184e+06
-2.19867e+06
-2.18257e+06
-5.606e+06
-4.61902e+06
-2.44374e+06
-2.53859e+06
-1.93621e+06
-1.63507e+06
-1.15063e+06
-1.02995e+06
-566926
-607471
-1.20673e+06
-773411
-8.66862e+06
-7.19615e+06
-4.2713e+06
-4.16583e+06
-3.14768e+06
-2.61906e+06
-1.61013e+06
-1.53772e+06
-4.65355e+06
-3.85296e+06
-2.22592e+06
-2.18197e+06
-5.68602e+06
-4.67843e+06
-2.47664e+06
-2.54105e+06
-1.8952e+06
-1.59826e+06
-1.12204e+06
-998952
-544898
-584473
-1.17594e+06
-741563
-8.67191e+06
-7.1983e+06
-4.26718e+06
-4.15229e+06
-3.00841e+06
-2.51265e+06
-1.56909e+06
-1.49297e+06
-4.65429e+06
-3.86171e+06
-2.2521e+06
-2.19393e+06
-5.67978e+06
-4.66581e+06
-2.46695e+06
-2.54128e+06
-1.84197e+06
-1.55968e+06
-1.07594e+06
-983447
-591030
-622380
-1.15086e+06
-765539
-8.64895e+06
-7.18129e+06
-4.2353e+06
-4.15517e+06
-2.85591e+06
-2.38573e+06
-1.48961e+06
-1.43938e+06
-4.6273e+06
-3.83878e+06
-2.22094e+06
-2.22233e+06
-5.64947e+06
-4.64065e+06
-2.40355e+06
-2.55304e+06
-1.80697e+06
-1.53158e+06
-1.09061e+06
-957448
-512869
-556090
-1.11878e+06
-702895
-8.70509e+06
-7.23304e+06
-4.27352e+06
-4.14983e+06
-2.83235e+06
-2.37217e+06
-1.49727e+06
-1.40434e+06
-4.54521e+06
-3.77514e+06
-2.20669e+06
-2.14867e+06
-5.51859e+06
-4.52964e+06
-2.34681e+06
-2.43357e+06
-1.78343e+06
-1.5138e+06
-1.0895e+06
-972111
-490476
-536529
-1.09531e+06
-699668
-8.81025e+06
-7.31722e+06
-4.32945e+06
-4.22554e+06
-2.79421e+06
-2.34509e+06
-1.50563e+06
-1.42284e+06
-4.5989e+06
-3.82386e+06
-2.26063e+06
-2.20107e+06
-5.44917e+06
-4.46892e+06
-2.31297e+06
-2.42141e+06
-1.85223e+06
-1.57078e+06
-1.13375e+06
-1.01001e+06
-555174
-583186
-1.12078e+06
-717023
-8.80679e+06
-7.31281e+06
-4.33223e+06
-4.23139e+06
-2.74891e+06
-2.31085e+06
-1.50563e+06
-1.42187e+06
-4.64335e+06
-3.86697e+06
-2.31137e+06
-2.24785e+06
-5.48449e+06
-4.50966e+06
-2.33202e+06
-2.44598e+06
-1.76088e+06
-1.49622e+06
-1.10798e+06
-967763
-506898
-547661
-1.09865e+06
-697111
-8.76925e+06
-7.28128e+06
-4.31882e+06
-4.19719e+06
-2.63356e+06
-2.21468e+06
-1.48439e+06
-1.3556e+06
-4.68276e+06
-3.8967e+06
-2.34646e+06
-2.24939e+06
-5.53245e+06
-4.54704e+06
-2.36755e+06
-2.44267e+06
338059
309280
329034
239271
-29780.5
-528.916
143862
71785.5
2.57385e+06
2.06348e+06
776914
950825
5.47479e+06
4.4856e+06
2.29197e+06
2.39921e+06
-819886
-711368
-576814
-491766
2.7683e+06
2.35373e+06
1.72611e+06
1.51535e+06
251294
239876
299499
223400
-45071
-15236.7
126043
79620.2
2.58148e+06
2.0671e+06
764876
993317
5.58641e+06
4.58681e+06
2.3312e+06
2.46097e+06
-889052
-768779
-622332
-518772
2.80177e+06
2.3831e+06
1.7558e+06
1.56248e+06
268488
249988
284557
205330
-57402.9
-21114.2
119343
58902
2.4543e+06
1.96552e+06
682659
911680
5.72282e+06
4.70165e+06
2.36918e+06
2.51714e+06
-862587
-744322
-625483
-534803
2.84391e+06
2.41612e+06
1.7673e+06
1.57236e+06
259466
240770
293152
211278
-153041
-107141
70060.1
26525
2.27631e+06
1.80915e+06
584004
827342
5.72182e+06
4.69053e+06
2.35958e+06
2.51032e+06
-885520
-774911
-640765
-532854
2.8273e+06
2.4007e+06
1.76617e+06
1.55634e+06
261228
245940
297401
227205
-215413
-159549
29486.4
-8688.93
2.22813e+06
1.76555e+06
507857
771246
5.80675e+06
4.75707e+06
2.37148e+06
2.5272e+06
-926447
-806957
-667776
-550560
2.91565e+06
2.4725e+06
1.80469e+06
1.59795e+06
95176.6
98845
222577
143701
-295579
-233212
-6629.83
-51064.4
2.14682e+06
1.69137e+06
450655
722110
5.87383e+06
4.80739e+06
2.38215e+06
2.55586e+06
-1.1178e+06
-971801
-751540
-636689
2.95886e+06
2.50686e+06
1.83911e+06
1.62494e+06
34365.4
57292.6
204657
119572
-372863
-293568
-49209
-97382.7
2.25109e+06
1.76657e+06
476249
729065
5.97449e+06
4.87612e+06
2.41067e+06
2.57716e+06
-1.23963e+06
-1.06543e+06
-827429
-703714
3.02045e+06
2.56649e+06
1.88346e+06
1.66527e+06
-104720
-47749.5
169004
73850.2
-367594
-279188
-41159.3
-111287
2.36654e+06
1.87715e+06
545498
792071
6.10954e+06
5.00471e+06
2.47494e+06
2.6383e+06
-1.29469e+06
-1.10739e+06
-876257
-739129
2.95236e+06
2.52359e+06
1.89598e+06
1.66139e+06
-191148
-127259
124920
31664.2
-255469
-186645
35358.2
-56311.2
2.46499e+06
1.96076e+06
619003
851737
6.31743e+06
5.16993e+06
2.55823e+06
2.73515e+06
-1.32517e+06
-1.13485e+06
-916352
-767979
2.84758e+06
2.437e+06
1.86588e+06
1.63591e+06
-217416
-140816
130068
11879.4
-234972
-171519
55117.6
-25761.3
2.48322e+06
1.9748e+06
624900
877889
6.4177e+06
5.24931e+06
2.60434e+06
2.77238e+06
-1.29171e+06
-1.10857e+06
-927293
-766157
2.79909e+06
2.40214e+06
1.84205e+06
1.59982e+06
-247988
-164739
120700
21026.5
-379335
-284973
17471.2
-76254.4
2.4408e+06
1.9389e+06
585364
853482
6.51627e+06
5.33071e+06
2.63167e+06
2.80747e+06
-1.42193e+06
-1.22399e+06
-996216
-826626
2.78235e+06
2.38349e+06
1.8462e+06
1.59892e+06
-351101
-258306
73590
-34130.6
-400454
-303219
24103.9
-73165.8
2.51338e+06
1.99309e+06
605650
878531
6.70797e+06
5.48137e+06
2.69342e+06
2.88803e+06
-1.49957e+06
-1.29541e+06
-1.06228e+06
-878748
2.78962e+06
2.3899e+06
1.87526e+06
1.61572e+06
-403351
-293087
55160
-36413.2
-479353
-360568
2848.23
-79860.6
2.57716e+06
2.04403e+06
643879
894927
6.78646e+06
5.54047e+06
2.75001e+06
2.93347e+06
-1.55e+06
-1.33811e+06
-1.08168e+06
-910517
2.86324e+06
2.46012e+06
1.9372e+06
1.66326e+06
-513413
-385761
-280.014
-103399
-492834
-370173
-5741.71
-113044
2.62747e+06
2.09132e+06
674519
927666
6.85574e+06
5.61633e+06
2.80994e+06
2.96819e+06
-1.60288e+06
-1.3757e+06
-1.1134e+06
-949241
2.75989e+06
2.38172e+06
1.91754e+06
1.62702e+06
-422991
-327583
-857.013
-92806.4
-442875
-329747
38005.6
-90241
2.66334e+06
2.11433e+06
699047
931346
7.09162e+06
5.80163e+06
2.9353e+06
3.07645e+06
-1.49847e+06
-1.29762e+06
-1.07909e+06
-921667
2.76064e+06
2.37348e+06
1.90872e+06
1.618e+06
-277537
-207332
25198.5
-49121.3
-360152
-267114
41391.2
-43130.7
2.75595e+06
2.18515e+06
698020
974689
7.27377e+06
5.94825e+06
3.00851e+06
3.16393e+06
-1.36359e+06
-1.19185e+06
-1.04556e+06
-859006
2.82536e+06
2.42439e+06
1.90404e+06
1.62928e+06
-137295
-90173.1
52622.9
7786.66
-421195
-319477
138.593
-83410.3
2.8371e+06
2.24986e+06
679706
980719
7.48439e+06
6.12756e+06
3.0929e+06
3.24728e+06
-1.35661e+06
-1.18667e+06
-1.0531e+06
-862409
2.94212e+06
2.52106e+06
1.95198e+06
1.66804e+06
-119512
-92455.6
41320.5
-16976.2
-444380
-341018
9967.38
-93046.8
2.90133e+06
2.29612e+06
711676
996816
7.69874e+06
6.30238e+06
3.21187e+06
3.35325e+06
-1.44399e+06
-1.26275e+06
-1.09782e+06
-904397
2.93739e+06
2.51929e+06
1.98179e+06
1.68445e+06
14823.8
33016.2
92611.2
50900.4
-416330
-306958
38559.9
-70014.9
3.0799e+06
2.45252e+06
797443
1.06508e+06
7.86742e+06
6.45287e+06
3.29985e+06
3.45696e+06
-1.39144e+06
-1.21197e+06
-1.059e+06
-890489
3.22112e+06
2.76437e+06
2.13336e+06
1.82248e+06
-29902.1
-14569.2
73281.7
45390.6
-405430
-300741
43093.9
-58073.3
3.17393e+06
2.53091e+06
841577
1.14216e+06
7.97053e+06
6.54459e+06
3.35457e+06
3.5223e+06
-1.37089e+06
-1.20115e+06
-1.06014e+06
-860307
3.30706e+06
2.82924e+06
2.18765e+06
1.89931e+06
-81718.9
-65056.7
30315.1
2958.53
-394518
-289467
60879.1
-59677
3.10616e+06
2.47882e+06
824485
1.11027e+06
7.96013e+06
6.54041e+06
3.35102e+06
3.53815e+06
-1.37356e+06
-1.20563e+06
-1.06518e+06
-884069
3.26045e+06
2.78782e+06
2.17182e+06
1.87913e+06
-40695.4
-27348.1
45500.9
2271.23
-391276
-292940
40672.8
-57513.2
3.04588e+06
2.42495e+06
794212
1.08768e+06
7.84381e+06
6.43995e+06
3.3004e+06
3.47708e+06
-1.25811e+06
-1.11237e+06
-1.0263e+06
-840426
3.35472e+06
2.86947e+06
2.19623e+06
1.89352e+06
124227
108136
85022.5
83622.4
-311588
-231133
40989.6
-36319.8
3.09158e+06
2.45772e+06
772714
1.08807e+06
7.89439e+06
6.47636e+06
3.28709e+06
3.47662e+06
-1.10957e+06
-996185
-987453
-772558
3.59433e+06
3.06014e+06
2.28858e+06
1.99663e+06
117900
94579.8
63062.6
55751.1
-292553
-218584
50467.6
-37349.4
3.09112e+06
2.45825e+06
766152
1.07672e+06
7.91979e+06
6.49737e+06
3.28327e+06
3.48032e+06
-1.12059e+06
-1.00339e+06
-1.00289e+06
-789172
3.76903e+06
3.21181e+06
2.37961e+06
2.07788e+06
143192
120915
56910.8
66773.5
-275500
-201831
32507.1
-30334.9
3.26059e+06
2.59482e+06
828883
1.14354e+06
8.04839e+06
6.59352e+06
3.32309e+06
3.51899e+06
-1.11916e+06
-997624
-1.01534e+06
-792233
3.97651e+06
3.38665e+06
2.47122e+06
2.18645e+06
133530
106620
63730.1
60367.1
-203440
-146824
51392.5
-22947
3.45286e+06
2.74846e+06
903882
1.22944e+06
8.19251e+06
6.71559e+06
3.38968e+06
3.58209e+06
-1.07978e+06
-967954
-1.00447e+06
-771330
3.97604e+06
3.38048e+06
2.47654e+06
2.20002e+06
156358
120474
88088.5
64759.7
-127998
-82539.2
108852
15502.6
3.58637e+06
2.85912e+06
992530
1.28643e+06
8.30928e+06
6.81188e+06
3.44079e+06
3.6497e+06
-1.06877e+06
-958748
-974296
-770490
3.93509e+06
3.34539e+06
2.45489e+06
2.17846e+06
187536
155487
140751
75007.1
-116265
-74019.9
115372
32430.7
3.66134e+06
2.92342e+06
1.04116e+06
1.34047e+06
8.2582e+06
6.76876e+06
3.43466e+06
3.62291e+06
-1.05445e+06
-939560
-935634
-752742
3.83122e+06
3.26093e+06
2.402e+06
2.11407e+06
251668
218250
175897
152181
-264175
-192161
69005.1
-15154.7
3.60337e+06
2.87755e+06
1.006e+06
1.32543e+06
8.27609e+06
6.78889e+06
3.43574e+06
3.62909e+06
-1.17136e+06
-1.03147e+06
-950777
-762180
3.8261e+06
3.25969e+06
2.39484e+06
2.11781e+06
248299
212336
186286
144513
-258416
-186806
85845.6
-11489.1
3.73326e+06
2.98434e+06
1.06764e+06
1.37444e+06
8.42411e+06
6.9075e+06
3.49336e+06
3.68866e+06
-1.2028e+06
-1.0525e+06
-951988
-770451
3.8566e+06
3.28429e+06
2.41225e+06
2.12982e+06
192919
176027
178779
137719
-396891
-288154
43133.5
-61351.4
3.74733e+06
3.0009e+06
1.07106e+06
1.37382e+06
8.44101e+06
6.91159e+06
3.5142e+06
3.69842e+06
-1.32191e+06
-1.14929e+06
-1.00124e+06
-812269
3.95751e+06
3.37067e+06
2.47258e+06
2.17836e+06
199942
185763
212927
136919
-392628
-289671
34308.8
-73510.8
3.84868e+06
3.07945e+06
1.10512e+06
1.41614e+06
8.54787e+06
7.01314e+06
3.56028e+06
3.74187e+06
-1.36255e+06
-1.18155e+06
-1.02382e+06
-852339
4.02763e+06
3.4326e+06
2.52336e+06
2.22261e+06
343215
301462
309724
210839
-268766
-182767
116107
-24344.3
3.92488e+06
3.14447e+06
1.16881e+06
1.44387e+06
8.71116e+06
7.14935e+06
3.63878e+06
3.82903e+06
-1.26134e+06
-1.0936e+06
-961486
-800497
4.12912e+06
3.52171e+06
2.58546e+06
2.2863e+06
431864
382449
399869
271560
-217370
-146235
137015
15652.5
3.97129e+06
3.18103e+06
1.1949e+06
1.48461e+06
8.73195e+06
7.16054e+06
3.66188e+06
3.83348e+06
-1.22484e+06
-1.06461e+06
-937967
-770176
4.11311e+06
3.50802e+06
2.59155e+06
2.27759e+06
512517
464600
463455
358435
-149505
-83486.7
165539
64793.6
4.02277e+06
3.23096e+06
1.17872e+06
1.52046e+06
8.83416e+06
7.24969e+06
3.70141e+06
3.8879e+06
-1.21967e+06
-1.05467e+06
-919288
-747821
4.21052e+06
3.58921e+06
2.63985e+06
2.33576e+06
547357
487075
493182
366558
-133383
-76602.3
174641
53115
4.09303e+06
3.27733e+06
1.1841e+06
1.51094e+06
8.92562e+06
7.31978e+06
3.72863e+06
3.91539e+06
-1.23406e+06
-1.07149e+06
-940422
-762808
4.28015e+06
3.64577e+06
2.67889e+06
2.36295e+06
-637475
-555476
-478834
-387438
-1.78654e+06
-1.4881e+06
-844434
-834290
-452240
-390230
-284260
-231577
-654429
-581342
-532659
-418223
1.06899e+06
845794
233966
364474
1.5675e+06
1.3041e+06
810999
787059
-670489
-572141
-491296
-406866
-1.83701e+06
-1.51515e+06
-866708
-851860
-520957
-443605
-345159
-283957
-761012
-669063
-594313
-484679
1.13288e+06
894972
257117
376690
1.52802e+06
1.28013e+06
783046
759496
-815807
-694202
-537527
-465392
-1.93196e+06
-1.59107e+06
-897645
-886896
-621094
-530859
-407076
-336770
-939891
-813364
-674276
-563782
1.12271e+06
884244
245218
363447
1.35929e+06
1.13702e+06
696906
673996
-926976
-778331
-584519
-504258
-1.95481e+06
-1.61437e+06
-910831
-909993
-608573
-519262
-427621
-350202
-964266
-838944
-703516
-596903
1.22941e+06
968593
265254
395954
1.32955e+06
1.11244e+06
680826
647802
-983607
-831024
-602753
-537028
-1.96231e+06
-1.62474e+06
-901563
-900500
-636051
-551331
-456415
-376184
-1.03021e+06
-893671
-729340
-611619
1.21893e+06
962792
267853
408088
1.29254e+06
1.08116e+06
672847
633125
-1.05874e+06
-890571
-631759
-562314
-2.04792e+06
-1.68709e+06
-935337
-930739
-677258
-587300
-499181
-400590
-1.10727e+06
-960773
-793225
-661968
1.16634e+06
917266
235754
378972
1.33187e+06
1.11711e+06
672395
664962
-1.05409e+06
-902951
-637124
-575899
-2.12239e+06
-1.7544e+06
-966223
-983042
-780199
-675428
-552590
-469986
-1.07374e+06
-928761
-791511
-660237
1.07715e+06
844505
177267
342110
1.27185e+06
1.05295e+06
643667
619591
-1.02765e+06
-868467
-621138
-561785
-2.26421e+06
-1.86557e+06
-1.01092e+06
-1.0282e+06
-837277
-719883
-573432
-487290
-1.04951e+06
-907774
-760650
-642259
1.02935e+06
803207
162690
308703
1.25433e+06
1.04679e+06
635970
613844
-957099
-812246
-591468
-527903
-2.29905e+06
-1.88972e+06
-1.026e+06
-1.0374e+06
-857873
-735417
-577426
-492865
-1.00222e+06
-863065
-719907
-613279
999949
779377
151964
301988
1.24172e+06
1.03704e+06
636816
604928
-936327
-799796
-615903
-531326
-2.36416e+06
-1.95052e+06
-1.07704e+06
-1.08541e+06
-881887
-755413
-593104
-500445
-899396
-782217
-702331
-573738
1.02462e+06
795652
120603
292615
1.22641e+06
1.02286e+06
606665
591932
-896285
-776529
-604337
-523259
-2.34076e+06
-1.93628e+06
-1.06763e+06
-1.07258e+06
-910471
-780878
-602879
-522504
-878140
-763371
-674940
-543137
905157
695961
70355.7
253523
1.20295e+06
998501
606116
574048
-966048
-826570
-634203
-558643
-2.51921e+06
-2.07755e+06
-1.14755e+06
-1.1549e+06
-923108
-789997
-618082
-536700
-894197
-773814
-681907
-567026
661132
490272
-42359.9
121436
1.09338e+06
915614
563908
539507
-1.01298e+06
-858406
-667428
-556340
-2.62267e+06
-2.16865e+06
-1.18253e+06
-1.21316e+06
-956947
-818442
-613211
-537427
-918740
-801725
-690952
-574606
657153
490340
-59081.6
116141
1.12286e+06
942001
586111
562615
-897303
-769713
-640391
-554055
-2.67766e+06
-2.21526e+06
-1.21925e+06
-1.24005e+06
-933384
-798256
-603651
-537500
-954842
-836922
-728896
-612844
782489
585647
-26105
138839
1.31415e+06
1.09946e+06
669145
618307
-786898
-681519
-603412
-507482
-2.68034e+06
-2.21614e+06
-1.21718e+06
-1.24269e+06
-890581
-760646
-574643
-514194
-903732
-794931
-723462
-609597
866651
648786
-6122.13
174596
1.53227e+06
1.28168e+06
787124
722625
-711376
-624261
-598231
-487338
-2.67718e+06
-2.21487e+06
-1.22474e+06
-1.2486e+06
-790155
-676458
-506393
-462394
-824301
-736838
-718003
-585108
1.02202e+06
776532
40959.9
222900
1.85239e+06
1.54767e+06
938442
872888
-597855
-528168
-580867
-433691
-2.62922e+06
-2.17591e+06
-1.19467e+06
-1.22256e+06
-773069
-661317
-496867
-437699
-859235
-764042
-732553
-587643
1.08975e+06
838056
82161.6
271257
2.03351e+06
1.70018e+06
1.02589e+06
975679
-467082
-434816
-538788
-412744
-2.71834e+06
-2.25088e+06
-1.2535e+06
-1.2628e+06
-724736
-626598
-469106
-421371
-909921
-811203
-786134
-627982
1.22444e+06
939947
107504
316094
2.29023e+06
1.9068e+06
1.13315e+06
1.08877e+06
-368291
-360954
-502053
-362327
-2.73671e+06
-2.25881e+06
-1.25233e+06
-1.28428e+06
-749332
-642670
-478197
-434274
-844327
-753777
-759971
-615140
1.34071e+06
1.04141e+06
144896
362452
2.3969e+06
1.98792e+06
1.17013e+06
1.15401e+06
-248875
-249248
-466811
-308499
-2.72395e+06
-2.24601e+06
-1.24695e+06
-1.25558e+06
-700717
-597548
-472605
-409073
-758190
-685669
-729679
-568225
1.50261e+06
1.1709e+06
208903
428727
2.47927e+06
2.06349e+06
1.20043e+06
1.17712e+06
-185572
-205591
-456546
-287662
-2.7394e+06
-2.25713e+06
-1.24988e+06
-1.2634e+06
-672014
-575619
-449966
-394382
-698448
-636383
-719941
-550355
1.54717e+06
1.20313e+06
227786
452727
2.52425e+06
2.09822e+06
1.22526e+06
1.1992e+06
-174094
-199787
-491664
-300416
-2.73034e+06
-2.25093e+06
-1.25554e+06
-1.26325e+06
-615290
-523140
-415029
-356959
-533474
-506406
-674692
-494299
1.69842e+06
1.33232e+06
285197
507219
2.64302e+06
2.19717e+06
1.27301e+06
1.24893e+06
-130262
-172352
-488836
-298507
-2.72724e+06
-2.25143e+06
-1.24177e+06
-1.26153e+06
-605051
-521862
-421651
-364615
-542618
-515115
-681239
-493764
1.76787e+06
1.3916e+06
320457
550174
2.69912e+06
2.24125e+06
1.292e+06
1.2762e+06
-172349
-204522
-509718
-319131
-2.79962e+06
-2.30713e+06
-1.26078e+06
-1.28506e+06
-623513
-540207
-433618
-368445
-516976
-497954
-682563
-490596
1.83446e+06
1.43897e+06
347013
574674
2.7911e+06
2.3178e+06
1.32869e+06
1.31592e+06
-194708
-233567
-521298
-320990
-2.75277e+06
-2.27462e+06
-1.24743e+06
-1.27015e+06
-648284
-564992
-463537
-389067
-458351
-451073
-689841
-459628
1.92298e+06
1.51481e+06
366071
616173
2.8356e+06
2.34216e+06
1.3388e+06
1.34523e+06
-266236
-278859
-544694
-354456
-2.8249e+06
-2.33116e+06
-1.29527e+06
-1.29275e+06
-728221
-628576
-501163
-429994
-579747
-549935
-750426
-522142
1.97368e+06
1.55634e+06
379924
633817
2.75819e+06
2.29291e+06
1.31649e+06
1.30565e+06
-367949
-367872
-567398
-393414
-2.86513e+06
-2.36685e+06
-1.3233e+06
-1.32194e+06
-762694
-659620
-502917
-446767
-734077
-679378
-806491
-592821
1.89803e+06
1.48824e+06
350042
597188
2.68839e+06
2.23034e+06
1.3145e+06
1.28012e+06
-628122
-570393
-649462
-483392
-2.92929e+06
-2.42128e+06
-1.35552e+06
-1.35285e+06
-796307
-676416
-488792
-435807
-804234
-730907
-833214
-618153
1.90347e+06
1.49758e+06
345528
600407
2.62267e+06
2.19268e+06
1.32829e+06
1.28677e+06
-707982
-639212
-668905
-516225
-2.91632e+06
-2.41502e+06
-1.34883e+06
-1.35075e+06
-821452
-700248
-488028
-452718
-920318
-824513
-866255
-652346
1.87062e+06
1.47299e+06
340974
600857
2.56969e+06
2.14547e+06
1.32213e+06
1.26615e+06
-845803
-747382
-715647
-561219
-2.99208e+06
-2.47167e+06
-1.38674e+06
-1.37855e+06
-833902
-708940
-500606
-449505
-1.02326e+06
-911985
-937150
-709978
1.8117e+06
1.42077e+06
299662
566904
2.57508e+06
2.15801e+06
1.32372e+06
1.28818e+06
-1.00647e+06
-888113
-770705
-639937
-3.09198e+06
-2.55027e+06
-1.40837e+06
-1.45358e+06
-896269
-756601
-503254
-483426
-1.15337e+06
-1.01413e+06
-972584
-781707
1.68204e+06
1.31465e+06
258460
487126
2.42807e+06
2.02149e+06
1.26797e+06
1.21528e+06
-982212
-855131
-754199
-627894
-3.0683e+06
-2.53394e+06
-1.41399e+06
-1.41237e+06
-888129
-747972
-504348
-457099
-1.14467e+06
-1.01222e+06
-949813
-772984
1.77119e+06
1.38522e+06
309165
533888
2.42015e+06
2.02041e+06
1.27547e+06
1.20129e+06
-862001
-757762
-695495
-561991
-3.0121e+06
-2.48489e+06
-1.38359e+06
-1.39106e+06
-889221
-746099
-487358
-453371
-1.0667e+06
-942841
-884207
-726097
1.82735e+06
1.43243e+06
358052
569026
2.55435e+06
2.12922e+06
1.33964e+06
1.26907e+06
-925975
-812727
-718575
-592233
-3.04707e+06
-2.5187e+06
-1.42239e+06
-1.4092e+06
-869563
-727955
-447836
-421880
-1.03497e+06
-913216
-859860
-692238
1.87404e+06
1.47486e+06
382696
603912
2.62648e+06
2.19086e+06
1.37793e+06
1.30524e+06
-923237
-814099
-730168
-592558
-2.93443e+06
-2.4255e+06
-1.37483e+06
-1.38034e+06
-871017
-726688
-438389
-434503
-1.06025e+06
-925774
-839541
-684663
1.79882e+06
1.41834e+06
385044
591472
2.57989e+06
2.15114e+06
1.35653e+06
1.28947e+06
-1.01028e+06
-887166
-764791
-637440
-3.02382e+06
-2.49865e+06
-1.42652e+06
-1.41605e+06
-795345
-662279
-411717
-391986
-1.07221e+06
-939964
-848527
-699173
1.75712e+06
1.38186e+06
373405
567261
2.55103e+06
2.12746e+06
1.34651e+06
1.27128e+06
2.42826e+06
1.95096e+06
748654
912718
-165757
-98333.1
133148
42244
2.59036e+06
2.08932e+06
848672
1.02428e+06
1.47266e+06
1.21399e+06
638267
672129
-817967
-635166
-97923
-230032
-687042
-519868
33126.5
-145443
2.47124e+06
1.98714e+06
802790
955207
-122822
-79190.3
156101
51758.8
2.54737e+06
2.0473e+06
836069
1.0063e+06
1.43346e+06
1.17272e+06
637622
641172
-652648
-494273
-9390.38
-176343
-608969
-448939
83588.5
-87016.6
2.48906e+06
2.00926e+06
828277
979378
-207092
-140491
104708
25819.3
2.40918e+06
1.9365e+06
762321
943589
1.34922e+06
1.11643e+06
629044
632969
-510627
-377360
44369.5
-82752.7
-541013
-387364
124225
-51627.3
2.58345e+06
2.08817e+06
867433
1.02598e+06
-244368
-175758
87924.5
-12333.4
2.31473e+06
1.85548e+06
719153
897154
1.33556e+06
1.10922e+06
658015
639133
-401574
-284410
105169
-48220.4
-401832
-276493
196760
18070.8
2.57944e+06
2.0838e+06
867965
1.02283e+06
-194511
-129205
92747
18884
2.25103e+06
1.80459e+06
678489
858385
1.30494e+06
1.08579e+06
647228
635538
-246616
-161481
166023
28500.6
-242852
-146719
253136
89358.5
2.55849e+06
2.07066e+06
867917
1.02399e+06
-217311
-163262
83003
-10395.9
2.12436e+06
1.69836e+06
627034
807372
1.23144e+06
1.02539e+06
632421
607779
-162196
-87817
212112
73387.8
-60220
7682.01
339513
153558
2.52888e+06
2.03536e+06
846373
982357
-202131
-133725
104341
6501.14
2.06971e+06
1.65517e+06
596906
763432
1.16539e+06
973365
592410
575501
-313865
-220371
156771
24588.9
-39459.4
23594.7
379221
174998
2.58849e+06
2.08378e+06
859112
1.01916e+06
-115128
-67701.2
148996
54072.5
2.121e+06
1.69156e+06
600953
791236
1.17308e+06
972087
568665
564728
-332926
-231419
128218
2252.84
-51562.2
22367.2
382647
198606
2.6709e+06
2.14748e+06
871119
1.03654e+06
-129548
-77566.8
134280
44232.4
2.14449e+06
1.71197e+06
594632
777133
1.18152e+06
980812
562465
565101
-358373
-252471
95900.7
-4741.86
-95131.3
-20574
386103
169219
2.6506e+06
2.12996e+06
824758
1.02589e+06
-144057
-88857.9
141105
37246.1
2.14886e+06
1.70825e+06
580178
783237
1.22334e+06
1.01289e+06
550487
571957
-500603
-373177
31121.2
-83787.9
-85724
-10561.3
384938
183653
2.6059e+06
2.08889e+06
796270
983977
-76670.2
-26267.6
187273
83821.9
2.09643e+06
1.66928e+06
556948
750631
1.1501e+06
947027
492609
522251
-622585
-471578
-21923.1
-136739
-45404.7
24434.8
416893
203440
2.55675e+06
2.04397e+06
748885
966104
-65492.2
-28315.4
211422
94629.3
2.07163e+06
1.64136e+06
551147
740519
1.14e+06
932605
455491
504154
-767686
-594088
-86185
-189336
66040.9
116350
471762
249767
2.62937e+06
2.09448e+06
755436
951006
-145854
-79111.1
182858
62914.1
2.1651e+06
1.723e+06
581369
760536
1.15405e+06
938276
443151
479737
-1.01369e+06
-796528
-177515
-307341
79954
122049
466447
252768
2.72197e+06
2.17516e+06
802006
995251
-183995
-113522
183658
44628.3
2.29279e+06
1.82594e+06
633324
823983
1.20635e+06
976753
458147
491743
-1.09362e+06
-858244
-226475
-352186
27741.2
84926.4
421170
234542
2.86072e+06
2.29183e+06
870655
1.06639e+06
-202114
-122284
171451
48093.2
2.38462e+06
1.90785e+06
668199
859180
1.18568e+06
966235
463793
492906
-1.20602e+06
-949721
-263867
-396954
-89779.9
-17691.8
379063
173103
2.89019e+06
2.31949e+06
861030
1.09779e+06
-303697
-204877
147321
11541.4
2.51941e+06
2.01505e+06
717003
941238
1.27387e+06
1.04412e+06
501730
555884
-1.32163e+06
-1.044e+06
-297568
-436838
-189547
-98505.6
310205
139823
2.8547e+06
2.28535e+06
835769
1.06322e+06
-399648
-276170
126264
-8085.06
2.53862e+06
2.02897e+06
716766
937465
1.24949e+06
1.02047e+06
498475
534503
-1.46243e+06
-1.15262e+06
-338085
-489059
-256813
-156115
269278
90475.7
2.81484e+06
2.25197e+06
803502
1.0428e+06
-509060
-374009
109514
-58298.1
2.64472e+06
2.11796e+06
769683
976438
1.3028e+06
1.06743e+06
529189
573465
-1.57992e+06
-1.24983e+06
-361382
-523396
-273848
-171055
248039
70710.7
2.86048e+06
2.27179e+06
806215
1.02255e+06
-471813
-332682
130184
-34038.7
2.77614e+06
2.21477e+06
817769
1.02504e+06
1.37358e+06
1.11785e+06
553383
581854
-1.69295e+06
-1.34882e+06
-408549
-574067
-318263
-212466
226616
44414.8
2.92221e+06
2.33605e+06
841440
1.06475e+06
-311065
-204645
193283
31815.6
2.87088e+06
2.30077e+06
871891
1.07193e+06
1.48326e+06
1.20933e+06
595360
633238
-1.64221e+06
-1.29979e+06
-405876
-564838
-483808
-332830
161161
-2135.46
2.97646e+06
2.37564e+06
885928
1.10251e+06
-263394
-165949
187177
57195
2.99618e+06
2.40453e+06
941278
1.14288e+06
1.53914e+06
1.25908e+06
646399
666837
-1.61148e+06
-1.27284e+06
-397920
-535270
-697377
-513608
104929
-90670.9
2.92184e+06
2.33297e+06
822628
1.07418e+06
-278133
-184504
154209
16341.2
3.07704e+06
2.46797e+06
963331
1.17008e+06
1.71356e+06
1.4052e+06
703974
753571
-1.68078e+06
-1.33669e+06
-439605
-591660
-844769
-635095
43948.1
-155804
2.83681e+06
2.25797e+06
776050
1.01588e+06
-228427
-140858
161698
49979.7
3.09427e+06
2.48016e+06
962732
1.1718e+06
1.73635e+06
1.41685e+06
703946
746126
-1.79506e+06
-1.42732e+06
-491844
-640680
-980763
-742120
-9039.65
-209558
2.73784e+06
2.17345e+06
706301
973127
-214400
-142205
155688
32689.5
3.12164e+06
2.50061e+06
970346
1.18192e+06
1.86696e+06
1.52704e+06
751268
803198
-1.89062e+06
-1.51311e+06
-544744
-675752
-1.06018e+06
-808370
-36435.8
-253552
2.78915e+06
2.2096e+06
736019
969173
-234403
-149304
152237
40261.2
3.12506e+06
2.50899e+06
997948
1.19814e+06
1.89529e+06
1.54516e+06
755678
805240
-2.10232e+06
-1.68276e+06
-588248
-765232
-1.03686e+06
-788817
-10383.2
-248834
2.88029e+06
2.29049e+06
765647
1.03039e+06
-333873
-239602
93377.7
5728.98
3.13148e+06
2.5177e+06
1.00849e+06
1.21495e+06
1.8153e+06
1.47832e+06
722865
775884
-2.168e+06
-1.72684e+06
-616009
-787591
-1.09238e+06
-824065
-40667.1
-253885
3.00163e+06
2.38421e+06
813854
1.07371e+06
-527041
-398494
9964.55
-95127.1
3.21169e+06
2.58573e+06
1.05571e+06
1.25329e+06
1.71865e+06
1.40144e+06
727083
743315
-2.17807e+06
-1.73541e+06
-589866
-780492
-1.11597e+06
-852310
-29265.7
-274428
3.02532e+06
2.40852e+06
783981
1.09601e+06
-656204
-506713
-52498.4
-153868
3.31696e+06
2.6726e+06
1.09913e+06
1.31277e+06
1.77817e+06
1.46256e+06
752007
802766
-2.16884e+06
-1.72652e+06
-570372
-766120
-1.05159e+06
-795390
-8052.53
-228998
3.04454e+06
2.4192e+06
770481
1.06937e+06
-734226
-559723
-88085.7
-185215
3.32024e+06
2.67838e+06
1.09899e+06
1.30692e+06
1.69495e+06
1.3904e+06
723943
749871
-2.21014e+06
-1.75126e+06
-567470
-773805
-1.00035e+06
-755824
3742.01
-214443
3.12597e+06
2.4806e+06
753940
1.09864e+06
-744974
-585807
-99207.1
-209449
3.48519e+06
2.80894e+06
1.17428e+06
1.37168e+06
1.77624e+06
1.46016e+06
751073
791282
-2.11114e+06
-1.67564e+06
-516997
-724370
-808107
-596821
73612.6
-157085
3.31351e+06
2.62449e+06
808936
1.12638e+06
-624186
-470698
-42183.2
-151834
3.73858e+06
3.0233e+06
1.26173e+06
1.48015e+06
1.91059e+06
1.56227e+06
795941
835471
-2.07259e+06
-1.64368e+06
-479274
-704744
-735626
-543757
120598
-96551.2
3.36578e+06
2.66738e+06
883932
1.16588e+06
-590989
-450778
9633.62
-122271
3.82983e+06
3.0923e+06
1.31398e+06
1.5147e+06
1.94565e+06
1.58272e+06
824649
835394
-1.99344e+06
-1.57608e+06
-436257
-676106
-899904
-674345
59660
-154854
3.52233e+06
2.80857e+06
990880
1.26287e+06
-599604
-442601
19852.7
-110582
3.91361e+06
3.16714e+06
1.33451e+06
1.56196e+06
1.96907e+06
1.61656e+06
868402
875216
-1.91584e+06
-1.5083e+06
-394054
-627332
-1.13553e+06
-864645
4038.99
-252296
3.69484e+06
2.95854e+06
1.07389e+06
1.3655e+06
-539921
-395191
67596.6
-83106.3
4.06414e+06
3.28836e+06
1.37553e+06
1.61505e+06
2.13318e+06
1.75686e+06
948930
970353
-1.76345e+06
-1.38181e+06
-329814
-558367
-1.2707e+06
-974467
-33672.4
-282648
3.7434e+06
2.99418e+06
1.10554e+06
1.38511e+06
-457442
-319977
116514
-19223.4
4.15076e+06
3.35219e+06
1.37117e+06
1.64121e+06
2.2024e+06
1.80702e+06
965264
989184
-1.62928e+06
-1.2768e+06
-286016
-507039
-1.33774e+06
-1.02494e+06
-66049.4
-312708
3.77085e+06
3.01704e+06
1.13564e+06
1.40325e+06
-428300
-304523
153943
-20408.5
4.1976e+06
3.38719e+06
1.37555e+06
1.62986e+06
2.30831e+06
1.89366e+06
1.01533e+06
1.02702e+06
-1.51799e+06
-1.18492e+06
-238863
-461233
-1.4042e+06
-1.07938e+06
-75072.1
-359900
-1.40428e+06
-1.14905e+06
-542289
-595860
1.79426e+06
1.55256e+06
1.29248e+06
1.07329e+06
1.64952e+06
1.27159e+06
143521
446904
-1.00029e+06
-811887
-357718
-396176
-2.08657e+06
-1.72094e+06
-920652
-948250
1.8215e+06
1.42805e+06
341363
562791
-1.53351e+06
-1.25161e+06
-601903
-640903
1.81126e+06
1.56459e+06
1.29186e+06
1.07795e+06
1.6529e+06
1.26478e+06
135588
412966
-1.00137e+06
-817086
-349414
-430228
-2.17093e+06
-1.79032e+06
-964167
-976022
1.9143e+06
1.50724e+06
391980
601268
-1.54933e+06
-1.26918e+06
-611936
-659260
1.85412e+06
1.6016e+06
1.32393e+06
1.10392e+06
1.66911e+06
1.27808e+06
124169
439663
-955175
-774297
-325222
-376219
-2.37987e+06
-1.96208e+06
-1.03947e+06
-1.0779e+06
2.04263e+06
1.60368e+06
402847
642668
-1.67539e+06
-1.36494e+06
-654051
-718643
1.95312e+06
1.687e+06
1.36271e+06
1.15213e+06
1.62508e+06
1.23769e+06
89948.2
395809
-767252
-616644
-248323
-313168
-2.41815e+06
-1.98108e+06
-1.03339e+06
-1.07921e+06
2.05166e+06
1.61848e+06
413341
642778
-1.79561e+06
-1.46774e+06
-723795
-772371
2.09834e+06
1.79668e+06
1.40319e+06
1.19726e+06
1.64822e+06
1.26022e+06
68033.6
381992
-593629
-474303
-157070
-242779
-2.41856e+06
-1.99305e+06
-1.02602e+06
-1.07454e+06
2.03982e+06
1.60635e+06
388547
633999
-1.94993e+06
-1.5978e+06
-783718
-840961
2.20814e+06
1.88315e+06
1.39936e+06
1.2253e+06
1.55542e+06
1.1764e+06
-19000
356372
-445694
-353213
-142563
-154929
-2.36955e+06
-1.94856e+06
-1.01762e+06
-1.0697e+06
2.25211e+06
1.7784e+06
460032
733707
-1.97831e+06
-1.6142e+06
-784747
-847206
2.17593e+06
1.86073e+06
1.40055e+06
1.235e+06
1.61433e+06
1.22568e+06
-3381.38
346976
-499083
-402014
-168881
-182995
-2.51492e+06
-2.06123e+06
-1.0638e+06
-1.10828e+06
2.15931e+06
1.69487e+06
411358
697585
-1.90159e+06
-1.55125e+06
-753830
-821962
2.12649e+06
1.81851e+06
1.39339e+06
1.20863e+06
1.89514e+06
1.44415e+06
108786
439180
-501651
-411891
-171811
-214744
-2.52506e+06
-2.07266e+06
-1.0601e+06
-1.12111e+06
2.16512e+06
1.69676e+06
410722
688104
-1.81883e+06
-1.48184e+06
-712119
-780028
2.02173e+06
1.73875e+06
1.37109e+06
1.18232e+06
2.06986e+06
1.59394e+06
184288
533596
-483283
-389561
-162110
-191096
-2.67731e+06
-2.19097e+06
-1.12188e+06
-1.18189e+06
2.09584e+06
1.63849e+06
348790
643466
-1.73917e+06
-1.41731e+06
-662700
-744989
1.97566e+06
1.70547e+06
1.38221e+06
1.16908e+06
2.29284e+06
1.77038e+06
282397
622965
-406121
-327225
-130027
-165891
-2.678e+06
-2.18965e+06
-1.09375e+06
-1.17746e+06
2.02479e+06
1.58024e+06
322743
600708
-1.68371e+06
-1.36833e+06
-625085
-710494
2.00832e+06
1.73488e+06
1.43133e+06
1.19127e+06
2.53327e+06
1.97506e+06
376332
739389
-398521
-321656
-108067
-154869
-2.73599e+06
-2.2354e+06
-1.08373e+06
-1.17209e+06
1.87032e+06
1.45399e+06
247476
548250
-1.66931e+06
-1.3516e+06
-583889
-682167
2.06869e+06
1.78597e+06
1.4622e+06
1.23811e+06
2.62387e+06
2.05063e+06
406031
794376
-375863
-298347
-113574
-127250
-2.69304e+06
-2.18976e+06
-1.04003e+06
-1.14517e+06
1.90184e+06
1.48156e+06
264308
562748
-1.72376e+06
-1.39507e+06
-627648
-696555
2.07784e+06
1.79673e+06
1.47876e+06
1.24054e+06
2.67844e+06
2.10271e+06
415254
793401
-444831
-355552
-142249
-158433
-2.74956e+06
-2.24054e+06
-1.06369e+06
-1.15662e+06
1.80776e+06
1.40242e+06
238937
516195
-1.78666e+06
-1.44955e+06
-677946
-743649
2.18466e+06
1.87644e+06
1.5407e+06
1.2667e+06
2.95195e+06
2.31733e+06
539397
881082
-390338
-320242
-107001
-177101
-2.83238e+06
-2.30846e+06
-1.11018e+06
-1.19395e+06
1.88777e+06
1.46636e+06
301468
535222
-1.80701e+06
-1.4737e+06
-699561
-757808
2.34496e+06
2.01481e+06
1.64031e+06
1.37032e+06
3.18207e+06
2.50996e+06
635227
1.01423e+06
-352064
-280103
-75359.2
-119531
-3.00699e+06
-2.45366e+06
-1.17075e+06
-1.27393e+06
2.01977e+06
1.57278e+06
342777
607239
-2.01944e+06
-1.6436e+06
-775529
-845625
2.38524e+06
2.0536e+06
1.68316e+06
1.40054e+06
3.23074e+06
2.54359e+06
660490
1.04554e+06
-301648
-238028
-42275.1
-93384.8
-3.13462e+06
-2.54856e+06
-1.20966e+06
-1.31491e+06
2.06658e+06
1.61931e+06
394056
631991
-2.14026e+06
-1.73933e+06
-842130
-909361
2.60005e+06
2.22922e+06
1.77744e+06
1.48181e+06
3.36323e+06
2.66086e+06
701434
1.08866e+06
-303783
-234503
-26865.8
-94306.8
-3.14616e+06
-2.5672e+06
-1.21134e+06
-1.33269e+06
2.17333e+06
1.71039e+06
436689
680473
-2.27215e+06
-1.85726e+06
-906867
-961327
2.69591e+06
2.30722e+06
1.78641e+06
1.54746e+06
3.38645e+06
2.6751e+06
685386
1.11483e+06
-274277
-209325
-48152.6
-57783.4
-3.11702e+06
-2.54359e+06
-1.20574e+06
-1.32433e+06
2.32934e+06
1.83912e+06
484954
773916
-2.29222e+06
-1.87465e+06
-944084
-1.00221e+06
2.76161e+06
2.36909e+06
1.81182e+06
1.57442e+06
3.3884e+06
2.66635e+06
647499
1.09233e+06
-415577
-332766
-135248
-135848
-3.11129e+06
-2.54124e+06
-1.22802e+06
-1.32125e+06
2.33493e+06
1.83554e+06
470687
767082
-2.25717e+06
-1.84095e+06
-947826
-990638
2.81421e+06
2.41679e+06
1.84387e+06
1.59514e+06
3.35643e+06
2.63619e+06
645245
1.05655e+06
-561337
-455421
-204220
-235581
-3.05815e+06
-2.49591e+06
-1.24757e+06
-1.30952e+06
2.37642e+06
1.87447e+06
502207
781408
-2.22962e+06
-1.8317e+06
-960030
-988432
2.81656e+06
2.41366e+06
1.85804e+06
1.61546e+06
3.2848e+06
2.57571e+06
613258
1.04766e+06
-717571
-585013
-268199
-283902
-3.18342e+06
-2.60957e+06
-1.3277e+06
-1.384e+06
2.35829e+06
1.84871e+06
459025
761818
-2.29406e+06
-1.88573e+06
-1.00241e+06
-1.02638e+06
2.81154e+06
2.414e+06
1.85634e+06
1.61327e+06
3.10603e+06
2.43026e+06
545811
958335
-806230
-652644
-307717
-334983
-3.1729e+06
-2.60175e+06
-1.346e+06
-1.40073e+06
2.3594e+06
1.85569e+06
456254
748242
-2.18264e+06
-1.79626e+06
-974617
-1.01049e+06
3.10545e+06
2.65106e+06
1.98554e+06
1.71019e+06
3.15241e+06
2.47377e+06
560859
962710
-780840
-633510
-271310
-335046
-2.95918e+06
-2.43103e+06
-1.26936e+06
-1.31999e+06
2.47792e+06
1.95258e+06
502628
791670
-2.18306e+06
-1.80315e+06
-968753
-1.00224e+06
3.27198e+06
2.77815e+06
2.02582e+06
1.78761e+06
3.0316e+06
2.3657e+06
488352
932042
-785942
-641206
-306637
-318726
-2.83615e+06
-2.3389e+06
-1.24763e+06
-1.28727e+06
2.67507e+06
2.10918e+06
576793
891618
-2.1046e+06
-1.73393e+06
-946983
-950842
3.25036e+06
2.76919e+06
2.03226e+06
1.81198e+06
2.93371e+06
2.29653e+06
423304
879919
-952935
-773240
-375119
-388110
-2.89201e+06
-2.38207e+06
-1.27632e+06
-1.30792e+06
2.639e+06
2.0818e+06
532115
878239
-2.08513e+06
-1.72137e+06
-917901
-954630
3.23177e+06
2.74645e+06
2.05545e+06
1.78716e+06
2.95061e+06
2.30119e+06
426107
847042
-1.09333e+06
-895696
-427433
-474892
-2.91539e+06
-2.40411e+06
-1.30278e+06
-1.32248e+06
2.68348e+06
2.11437e+06
563038
870048
-2.04342e+06
-1.68362e+06
-890771
-923163
3.23106e+06
2.76007e+06
2.07484e+06
1.81576e+06
2.91405e+06
2.27568e+06
400753
852351
-1.24885e+06
-1.01146e+06
-472270
-517575
-3.07207e+06
-2.5307e+06
-1.36331e+06
-1.40457e+06
2.70665e+06
2.13264e+06
539588
880881
-2.00856e+06
-1.65221e+06
-866087
-905867
3.31776e+06
2.83366e+06
2.13708e+06
1.84936e+06
2.78514e+06
2.16082e+06
318420
788394
-1.29886e+06
-1.05068e+06
-490861
-536520
-3.10592e+06
-2.55559e+06
-1.39093e+06
-1.40631e+06
2.70591e+06
2.13153e+06
513736
859560
-2.0123e+06
-1.65185e+06
-860342
-892814
3.43774e+06
2.93107e+06
2.2207e+06
1.92291e+06
2.71858e+06
2.10763e+06
263534
731713
-1.44654e+06
-1.17569e+06
-524423
-588405
-3.14545e+06
-2.60152e+06
-1.41754e+06
-1.42537e+06
2.67212e+06
2.09861e+06
485112
834648
-2.0582e+06
-1.68722e+06
-873249
-899554
3.50544e+06
2.99578e+06
2.23528e+06
1.97496e+06
2.63967e+06
2.03634e+06
191257
695922
-1.51893e+06
-1.22951e+06
-583203
-621998
-3.07207e+06
-2.53896e+06
-1.42076e+06
-1.43256e+06
2.76807e+06
2.18001e+06
514926
894500
-2.07411e+06
-1.70264e+06
-880891
-918443
3.3793e+06
2.88741e+06
2.20545e+06
1.92708e+06
2.6386e+06
2.02868e+06
177250
656400
-1.6093e+06
-1.30729e+06
-631787
-676459
-3.08564e+06
-2.54694e+06
-1.4282e+06
-1.4283e+06
2.67657e+06
2.09196e+06
467533
823758
-1.98457e+06
-1.63165e+06
-840046
-885528
3.28718e+06
2.80486e+06
2.17303e+06
1.87254e+06
2.77907e+06
2.12944e+06
258491
682057
-1.59742e+06
-1.31142e+06
-615860
-717070
-3.01712e+06
-2.5016e+06
-1.41214e+06
-1.41018e+06
2.83589e+06
2.21608e+06
530491
867192
-1.97338e+06
-1.61716e+06
-814242
-868320
3.19005e+06
2.73341e+06
2.16377e+06
1.84807e+06
2.85729e+06
2.21191e+06
338072
769170
-1.57976e+06
-1.28085e+06
-573479
-664801
-3.15171e+06
-2.60041e+06
-1.44303e+06
-1.46195e+06
2.9481e+06
2.30936e+06
560597
917690
-2.02236e+06
-1.66105e+06
-810353
-872557
3.0895e+06
2.6541e+06
2.1424e+06
1.82136e+06
2.86544e+06
2.20976e+06
349148
788618
-1.56499e+06
-1.2716e+06
-558472
-649239
-3.15203e+06
-2.60224e+06
-1.42327e+06
-1.43957e+06
3.01526e+06
2.36251e+06
594470
948464
-2.10747e+06
-1.71477e+06
-828130
-885675
3.06269e+06
2.63728e+06
2.15695e+06
1.8143e+06
2.84372e+06
2.20312e+06
323579
784129
-1.61739e+06
-1.30717e+06
-572376
-659299
-3.22586e+06
-2.65943e+06
-1.45304e+06
-1.44089e+06
3.03589e+06
2.38536e+06
591947
966209
-2.23202e+06
-1.81713e+06
-836304
-920785
3.00903e+06
2.59497e+06
2.13688e+06
1.81148e+06
2.73844e+06
2.12101e+06
276837
744395
-1.6709e+06
-1.34594e+06
-605969
-672627
-3.27257e+06
-2.69198e+06
-1.46689e+06
-1.48681e+06
3.16889e+06
2.49809e+06
642522
1.03815e+06
-1.81755e+06
-1.49786e+06
-840498
-807643
4.60828e+06
3.80434e+06
2.04757e+06
2.10824e+06
-2.33348e+06
-1.84917e+06
-616222
-793604
-938848
-660387
300919
-20493.4
-1.9863e+06
-1.62924e+06
-795195
-850036
750710
579601
4847.92
182482
-2.09483e+06
-1.72732e+06
-937757
-946573
4.73731e+06
3.90912e+06
2.10639e+06
2.14011e+06
-2.45927e+06
-1.95213e+06
-650636
-865735
-1.05182e+06
-752319
281400
-60917.2
-2.02863e+06
-1.65813e+06
-795900
-859678
691952
527357
-12699.6
153858
-2.40643e+06
-1.98222e+06
-1.06175e+06
-1.05486e+06
4.87606e+06
4.01671e+06
2.12048e+06
2.22321e+06
-2.72588e+06
-2.17114e+06
-778775
-959418
-1.15827e+06
-842761
227505
-107719
-2.00495e+06
-1.63245e+06
-778621
-858258
572550
422991
-92373.6
94616.5
-2.653e+06
-2.18249e+06
-1.16206e+06
-1.18728e+06
4.86816e+06
4.00075e+06
2.09936e+06
2.19802e+06
-2.87523e+06
-2.30413e+06
-860570
-1.05625e+06
-1.27302e+06
-937032
188628
-167727
-1.90076e+06
-1.55318e+06
-730877
-808891
506441
364946
-120256
47910.7
-2.8817e+06
-2.37214e+06
-1.23233e+06
-1.29484e+06
4.88733e+06
4.02099e+06
2.12756e+06
2.18836e+06
-2.93098e+06
-2.35128e+06
-868973
-1.09818e+06
-1.27171e+06
-928496
224201
-167787
-1.81663e+06
-1.48118e+06
-681679
-769963
501248
359219
-111143
34942.4
-2.97222e+06
-2.44889e+06
-1.27519e+06
-1.33934e+06
5.10633e+06
4.20552e+06
2.22433e+06
2.28103e+06
-2.98339e+06
-2.38883e+06
-863240
-1.13502e+06
-1.20789e+06
-878888
243324
-134292
-1.81491e+06
-1.47689e+06
-652691
-771442
542665
393460
-100873
44409.1
-2.94717e+06
-2.42564e+06
-1.28439e+06
-1.32255e+06
5.30587e+06
4.36527e+06
2.30562e+06
2.38291e+06
-2.85978e+06
-2.28768e+06
-790267
-1.04813e+06
-1.07432e+06
-769793
309546
-63188.5
-1.89035e+06
-1.54337e+06
-658438
-777687
685424
512098
-47939
112693
-3.024e+06
-2.48362e+06
-1.30371e+06
-1.36269e+06
5.2753e+06
4.34291e+06
2.29013e+06
2.36246e+06
-2.93817e+06
-2.34203e+06
-779451
-1.06275e+06
-1.19407e+06
-861146
283222
-94012.7
-2.07833e+06
-1.68582e+06
-726436
-838385
640953
477603
-57074.8
104123
-3.02112e+06
-2.47961e+06
-1.27131e+06
-1.32868e+06
5.42032e+06
4.4579e+06
2.32878e+06
2.44135e+06
-2.92612e+06
-2.3259e+06
-735859
-1.02332e+06
-1.14957e+06
-824105
334337
-60130.9
-2.04396e+06
-1.65513e+06
-683045
-832123
750588
563821
-15884.4
153332
-3.16169e+06
-2.59501e+06
-1.32556e+06
-1.39808e+06
5.22892e+06
4.29253e+06
2.21694e+06
2.33935e+06
-3.14215e+06
-2.50387e+06
-795420
-1.109e+06
-1.35908e+06
-993044
253339
-150349
-2.1328e+06
-1.7275e+06
-719586
-855039
637703
470288
-63314.3
100749
-3.27193e+06
-2.68313e+06
-1.36358e+06
-1.45085e+06
5.06465e+06
4.16179e+06
2.15442e+06
2.25234e+06
-3.18629e+06
-2.53332e+06
-767721
-1.11931e+06
-1.48453e+06
-1.08596e+06
233755
-196167
-2.26068e+06
-1.82714e+06
-771504
-906075
571291
417346
-80106.7
66948.9
-3.23214e+06
-2.653e+06
-1.3709e+06
-1.42688e+06
5.21062e+06
4.28024e+06
2.19674e+06
2.3145e+06
-3.1656e+06
-2.5117e+06
-742421
-1.08808e+06
-1.41087e+06
-1.02677e+06
243703
-146675
-2.42151e+06
-1.96e+06
-839395
-963639
679428
504778
-56444.1
118378
-3.27211e+06
-2.686e+06
-1.41927e+06
-1.4606e+06
5.31244e+06
4.36066e+06
2.24708e+06
2.34631e+06
-3.1972e+06
-2.52821e+06
-757494
-1.09379e+06
-1.40369e+06
-1.01709e+06
279423
-167818
-2.62305e+06
-2.12554e+06
-907422
-1.05952e+06
733035
549999
-49995.3
129825
-3.3999e+06
-2.79684e+06
-1.47271e+06
-1.509e+06
5.34357e+06
4.3781e+06
2.26477e+06
2.37497e+06
-3.2481e+06
-2.57353e+06
-779307
-1.10305e+06
-1.51185e+06
-1.10583e+06
264447
-160684
-2.7708e+06
-2.24442e+06
-999920
-1.10509e+06
722751
530834
-65226.4
139787
-3.57919e+06
-2.94156e+06
-1.53888e+06
-1.60249e+06
5.32673e+06
4.37551e+06
2.25511e+06
2.36468e+06
-3.40402e+06
-2.69623e+06
-828148
-1.1868e+06
-1.66596e+06
-1.22445e+06
246336
-253386
-2.84227e+06
-2.30045e+06
-1.01845e+06
-1.18499e+06
637527
468255
-108985
70212.9
-3.54352e+06
-2.91215e+06
-1.51689e+06
-1.59739e+06
5.37285e+06
4.40908e+06
2.29357e+06
2.37534e+06
-3.30979e+06
-2.62575e+06
-792312
-1.151e+06
-1.6448e+06
-1.20163e+06
288126
-214054
-2.72492e+06
-2.21027e+06
-989568
-1.1246e+06
795959
594377
-35250.7
132752
-3.49178e+06
-2.87123e+06
-1.50369e+06
-1.57235e+06
5.44354e+06
4.46602e+06
2.32988e+06
2.42167e+06
-3.21294e+06
-2.5506e+06
-769201
-1.10811e+06
-1.58326e+06
-1.14754e+06
324918
-166732
-2.71228e+06
-2.2017e+06
-1.02413e+06
-1.11687e+06
943312
711120
5843.53
204654
-3.44786e+06
-2.84628e+06
-1.52191e+06
-1.56419e+06
5.55826e+06
4.56011e+06
2.38076e+06
2.47815e+06
-3.21931e+06
-2.55518e+06
-768499
-1.12223e+06
-1.56893e+06
-1.13511e+06
327472
-155667
-2.83875e+06
-2.30718e+06
-1.10108e+06
-1.19006e+06
986275
746136
2073.24
212070
-3.47665e+06
-2.87156e+06
-1.5726e+06
-1.57934e+06
5.69006e+06
4.67466e+06
2.46675e+06
2.54583e+06
-3.31684e+06
-2.63253e+06
-819476
-1.13308e+06
-1.59525e+06
-1.15922e+06
337660
-159033
-3.00603e+06
-2.46074e+06
-1.16979e+06
-1.27238e+06
965102
728280
-15598.8
213196
-3.50135e+06
-2.88983e+06
-1.59067e+06
-1.6088e+06
5.87698e+06
4.83133e+06
2.5478e+06
2.62558e+06
-3.37205e+06
-2.67442e+06
-863800
-1.17496e+06
-1.63735e+06
-1.18741e+06
334940
-158011
-3.14327e+06
-2.56161e+06
-1.24485e+06
-1.32089e+06
906649
676226
-57991.2
179925
-3.43946e+06
-2.84335e+06
-1.5598e+06
-1.58719e+06
6.13388e+06
5.03729e+06
2.63889e+06
2.73312e+06
-3.40633e+06
-2.7092e+06
-897323
-1.20771e+06
-1.58874e+06
-1.15077e+06
365979
-158869
-3.09379e+06
-2.52711e+06
-1.21123e+06
-1.34392e+06
908977
673661
-91618.4
154381
-3.26466e+06
-2.6992e+06
-1.48653e+06
-1.51666e+06
6.31319e+06
5.18287e+06
2.71834e+06
2.81715e+06
-3.39581e+06
-2.71015e+06
-919243
-1.21948e+06
-1.51133e+06
-1.08329e+06
412314
-107219
-2.94535e+06
-2.4047e+06
-1.17024e+06
-1.25912e+06
936990
693629
-93258.9
151966
-3.07867e+06
-2.54947e+06
-1.42031e+06
-1.44416e+06
6.53662e+06
5.3693e+06
2.80366e+06
2.91004e+06
-3.2643e+06
-2.60656e+06
-892017
-1.18274e+06
-1.34406e+06
-941920
489233
-37051
-2.91986e+06
-2.38581e+06
-1.20384e+06
-1.25611e+06
1.04109e+06
774146
-76062.1
186591
-2.9935e+06
-2.48766e+06
-1.36575e+06
-1.41024e+06
6.70277e+06
5.50356e+06
2.90896e+06
2.99396e+06
-3.34323e+06
-2.6747e+06
-883936
-1.22481e+06
-1.27122e+06
-888251
550508
9026.93
-3.11275e+06
-2.54678e+06
-1.25617e+06
-1.34882e+06
1.0116e+06
743876
-65760.9
167194
-2.98636e+06
-2.46933e+06
-1.39739e+06
-1.37954e+06
6.77424e+06
5.57264e+06
2.94434e+06
3.05697e+06
-3.40511e+06
-2.71478e+06
-929539
-1.21183e+06
-1.32691e+06
-926412
517181
11476.3
-3.25717e+06
-2.66834e+06
-1.3164e+06
-1.40422e+06
937977
695980
-105322
156010
-2.97923e+06
-2.46285e+06
-1.39113e+06
-1.40442e+06
6.77127e+06
5.57195e+06
2.96089e+06
3.04291e+06
-3.44088e+06
-2.74155e+06
-923865
-1.24213e+06
-1.3957e+06
-984887
495173
-25533.6
-3.36331e+06
-2.75227e+06
-1.36206e+06
-1.4457e+06
856671
628290
-126482
110733
-2.8772e+06
-2.37873e+06
-1.35253e+06
-1.34088e+06
6.80054e+06
5.59733e+06
2.97792e+06
3.08293e+06
-3.55559e+06
-2.82994e+06
-954511
-1.26984e+06
-1.4265e+06
-1.00802e+06
478946
-35353.9
-3.43178e+06
-2.80721e+06
-1.38845e+06
-1.49832e+06
823514
604865
-137464
106629
-2.84119e+06
-2.35138e+06
-1.33646e+06
-1.33558e+06
6.77644e+06
5.57907e+06
2.9717e+06
3.07422e+06
-3.57876e+06
-2.84989e+06
-952913
-1.27759e+06
-1.48787e+06
-1.05849e+06
448009
-70796.9
-3.3989e+06
-2.77846e+06
-1.37071e+06
-1.47014e+06
762980
557582
-150795
86694.1
-2.80449e+06
-2.31946e+06
-1.30642e+06
-1.32974e+06
6.71899e+06
5.53515e+06
2.97222e+06
3.05169e+06
-3.53608e+06
-2.81431e+06
-898036
-1.25745e+06
-1.53248e+06
-1.09369e+06
451971
-82673.5
-3.4632e+06
-2.82957e+06
-1.39728e+06
-1.49745e+06
711194
514132
-147873
62774.1
-2.65604e+06
-2.20474e+06
-1.26887e+06
-1.2679e+06
6.72959e+06
5.54939e+06
3.00546e+06
3.05861e+06
-3.61448e+06
-2.87061e+06
-890568
-1.28763e+06
-1.5678e+06
-1.12382e+06
431890
-109575
-3.61293e+06
-2.95329e+06
-1.45362e+06
-1.56623e+06
672775
485935
-147726
42805.4
-2.60938e+06
-2.16666e+06
-1.27599e+06
-1.24675e+06
6.93472e+06
5.71855e+06
3.10913e+06
3.1646e+06
-3.61016e+06
-2.86375e+06
-873222
-1.25078e+06
-1.52633e+06
-1.08727e+06
463992
-91390.7
-3.68099e+06
-3.01339e+06
-1.45441e+06
-1.60063e+06
782385
579590
-94678.8
105003
-2.69602e+06
-2.2312e+06
-1.28576e+06
-1.26643e+06
7.0441e+06
5.80853e+06
3.16155e+06
3.21881e+06
-3.6282e+06
-2.8788e+06
-887765
-1.24483e+06
-1.57016e+06
-1.1164e+06
455711
-69425.2
-3.63941e+06
-2.97132e+06
-1.44685e+06
-1.55338e+06
836620
621683
-83277.4
148012
-2.78128e+06
-2.30755e+06
-1.30372e+06
-1.30887e+06
7.17855e+06
5.91574e+06
3.19927e+06
3.28876e+06
-3.76494e+06
-2.99509e+06
-936881
-1.32041e+06
-1.61012e+06
-1.1571e+06
464679
-123476
-3.56215e+06
-2.90676e+06
-1.39544e+06
-1.55509e+06
873642
646194
-77629
131802
-2.81015e+06
-2.31933e+06
-1.27045e+06
-1.29991e+06
7.15032e+06
5.89106e+06
3.20632e+06
3.26759e+06
-3.80116e+06
-3.02648e+06
-954355
-1.34122e+06
-1.62766e+06
-1.16058e+06
484498
-98048.8
-3.34887e+06
-2.73605e+06
-1.29692e+06
-1.44127e+06
962848
719535
-23614.5
175017
-2.75261e+06
-2.26833e+06
-1.21035e+06
-1.27251e+06
7.1952e+06
5.92874e+06
3.24635e+06
3.28908e+06
-3.68814e+06
-2.9345e+06
-904323
-1.28945e+06
-1.50321e+06
-1.05052e+06
560031
-33707.8
-3.18723e+06
-2.60027e+06
-1.25425e+06
-1.37138e+06
1.1263e+06
852027
34289
250279
-2.74781e+06
-2.26915e+06
-1.21603e+06
-1.24788e+06
7.41274e+06
6.10794e+06
3.32769e+06
3.39657e+06
-3.72165e+06
-2.95848e+06
-915804
-1.29605e+06
-1.51732e+06
-1.06261e+06
540029
-12344.7
-3.16671e+06
-2.58442e+06
-1.27205e+06
-1.35295e+06
1.22143e+06
928177
48165.3
292940
401384
254752
-276726
-71580.4
53721.7
-30998.1
-473780
-249358
468409
305868
-317190
-79005
-3.11044e+06
-2.44977e+06
-617689
-1.00099e+06
-3.60449e+06
-3.06324e+06
-2.23485e+06
-1.97234e+06
973415
804631
483166
466337
510702
349476
-227882
-27660.6
199943
88138
-425309
-182347
544895
368842
-291810
-54966.2
-3.00406e+06
-2.35956e+06
-563895
-959056
-3.59343e+06
-3.05075e+06
-2.23554e+06
-1.98318e+06
1.10894e+06
919943
523002
528774
654836
464678
-162161
39800.2
293652
158860
-400634
-147080
640289
443029
-264270
-7932.32
-2.95563e+06
-2.32204e+06
-524580
-916019
-3.4798e+06
-2.96951e+06
-2.2156e+06
-1.95634e+06
1.37045e+06
1.12802e+06
635002
617949
674502
480240
-168426
46565.8
246705
117132
-447207
-180226
585135
395749
-324841
-55551.7
-3.07969e+06
-2.41767e+06
-574369
-968418
-3.433e+06
-2.93037e+06
-2.23933e+06
-1.95433e+06
1.5002e+06
1.23529e+06
681020
675513
692443
491958
-177624
45338.3
163946
44240.8
-514342
-223874
569234
376106
-352310
-68777.4
-3.0646e+06
-2.40671e+06
-563202
-958394
-3.47181e+06
-2.96974e+06
-2.28286e+06
-1.96677e+06
1.57086e+06
1.29142e+06
688595
717558
821170
596856
-132657
106766
136838
18553.1
-554744
-254874
666684
455175
-324965
-30424
-3.14481e+06
-2.47639e+06
-597214
-983284
-3.44098e+06
-2.94719e+06
-2.30827e+06
-1.95832e+06
1.60841e+06
1.31757e+06
667090
728659
798690
580250
-155429
79333.1
143558
28990
-564886
-286371
701723
484975
-303774
-30675.7
-3.25143e+06
-2.55545e+06
-630069
-1.03489e+06
-3.47939e+06
-2.97929e+06
-2.33372e+06
-2.00494e+06
1.63101e+06
1.33959e+06
673460
713191
833793
609519
-143029
105739
158761
34463
-579235
-254037
784757
551986
-262083
27804.9
-3.2322e+06
-2.54076e+06
-620500
-1.01204e+06
-3.54432e+06
-3.03292e+06
-2.34868e+06
-2.01639e+06
1.64975e+06
1.3485e+06
650558
736531
704201
498226
-181046
53190
-38089
-131953
-655506
-366795
713498
491415
-272967
1619.27
-3.44269e+06
-2.71783e+06
-671816
-1.09069e+06
-3.75074e+06
-3.20744e+06
-2.43001e+06
-2.12048e+06
1.60315e+06
1.30437e+06
627577
679651
710098
502907
-193053
44076.8
-103253
-181849
-688508
-388237
766010
537094
-266487
11422.6
-3.47783e+06
-2.73648e+06
-682225
-1.10236e+06
-3.74997e+06
-3.20117e+06
-2.43221e+06
-2.12316e+06
1.67729e+06
1.3685e+06
655618
716458
787636
571723
-167410
59090.1
-109648
-178215
-684025
-401106
883650
638188
-204635
51071.5
-3.40381e+06
-2.66757e+06
-627967
-1.07913e+06
-3.74875e+06
-3.19419e+06
-2.4011e+06
-2.11845e+06
1.79319e+06
1.47138e+06
723724
753284
981089
732703
-94241.8
152700
-150185
-212795
-712819
-423782
1.11696e+06
834331
-89620.1
176238
-3.49123e+06
-2.73999e+06
-638642
-1.08954e+06
-3.67252e+06
-3.1279e+06
-2.37853e+06
-2.0677e+06
1.80416e+06
1.48115e+06
716067
777184
1.06686e+06
784432
-118283
186751
-87569.5
-175426
-714561
-408851
1.20807e+06
900474
-74465.4
222353
-3.5985e+06
-2.832e+06
-690396
-1.13725e+06
-3.70824e+06
-3.17576e+06
-2.43531e+06
-2.09577e+06
1.84875e+06
1.50731e+06
725715
808560
903579
651459
-201555
97437.9
-84746.7
-175624
-745184
-415291
1.21328e+06
905808
-72725.9
217474
-3.6617e+06
-2.87605e+06
-701911
-1.17095e+06
-3.89784e+06
-3.33135e+06
-2.52335e+06
-2.20454e+06
1.70021e+06
1.3879e+06
657089
737835
706873
479264
-304335
-1404.31
-182882
-270789
-818042
-492153
1.14852e+06
847101
-106475
196523
-3.89037e+06
-3.07137e+06
-779288
-1.25725e+06
-4.02069e+06
-3.44613e+06
-2.62058e+06
-2.28322e+06
1.56096e+06
1.26587e+06
602777
652985
566736
364057
-392666
-65304.1
-373973
-425224
-935034
-578287
1.11319e+06
817309
-150810
164036
-4.12358e+06
-3.24883e+06
-847349
-1.33622e+06
-4.21646e+06
-3.60441e+06
-2.74025e+06
-2.3777e+06
1.35779e+06
1.10794e+06
528503
593367
427852
253197
-474216
-154849
-487085
-514062
-1.00718e+06
-645559
1.09383e+06
802288
-167523
136863
-4.17704e+06
-3.28594e+06
-841655
-1.34944e+06
-4.41221e+06
-3.76567e+06
-2.83092e+06
-2.47083e+06
1.16768e+06
958622
454441
506650
473701
283800
-479496
-138015
-473489
-514357
-1.04677e+06
-661019
1.23578e+06
917229
-111682
207747
-4.31829e+06
-3.4095e+06
-898829
-1.39749e+06
-4.41999e+06
-3.77796e+06
-2.86427e+06
-2.474e+06
1.09836e+06
893534
394611
474652
521578
322965
-480678
-157228
-424331
-474654
-1.03194e+06
-662275
1.33485e+06
997749
-80552.2
237810
-4.3266e+06
-3.40635e+06
-907767
-1.408e+06
-4.4397e+06
-3.7948e+06
-2.89798e+06
-2.52169e+06
1.03657e+06
845403
395974
423718
497411
303964
-490728
-164989
-436151
-488103
-1.05303e+06
-665259
1.31676e+06
981468
-87278.2
235550
-4.39173e+06
-3.45909e+06
-934693
-1.4451e+06
-4.55378e+06
-3.88991e+06
-2.96569e+06
-2.58261e+06
970218
793122
368487
400986
445877
258672
-526434
-186299
-445086
-503116
-1.09508e+06
-690635
1.2892e+06
958383
-113444
229356
-4.53768e+06
-3.58472e+06
-1.00746e+06
-1.49516e+06
-4.56132e+06
-3.9065e+06
-3.02992e+06
-2.6166e+06
993411
810712
365993
400007
511206
309745
-505057
-173743
-462577
-519451
-1.11662e+06
-706262
1.35466e+06
1.00601e+06
-107872
231231
-4.57331e+06
-3.61134e+06
-1.02261e+06
-1.52458e+06
-4.4849e+06
-3.85005e+06
-3.01971e+06
-2.61716e+06
1.07484e+06
880300
431185
440615
498319
296135
-515047
-179621
-493924
-550855
-1.14811e+06
-720311
1.33384e+06
985148
-122300
217253
-4.5921e+06
-3.63032e+06
-1.03003e+06
-1.52797e+06
-4.48504e+06
-3.85598e+06
-3.02389e+06
-2.60712e+06
1.16966e+06
951885
474480
495911
577450
366006
-459782
-123686
-569121
-609352
-1.18839e+06
-761756
1.44431e+06
1.08228e+06
-52154.8
280157
-4.72345e+06
-3.73685e+06
-1.06007e+06
-1.56726e+06
-4.48331e+06
-3.84638e+06
-3.01754e+06
-2.58172e+06
1.11861e+06
917867
475425
501412
614904
392276
-459123
-118886
-448514
-508595
-1.12594e+06
-722348
1.31923e+06
979579
-109860
228541
-4.75975e+06
-3.76404e+06
-1.05788e+06
-1.58871e+06
-4.61021e+06
-3.95108e+06
-3.0675e+06
-2.63391e+06
1.18334e+06
963065
511696
514284
702716
468001
-418835
-92335.4
-339268
-418702
-1.07723e+06
-661293
1.27437e+06
939110
-150793
195350
-4.68233e+06
-3.7001e+06
-1.02751e+06
-1.56512e+06
-4.70357e+06
-4.02677e+06
-3.11406e+06
-2.692e+06
1.25505e+06
1.02319e+06
507672
550921
806411
555527
-374219
-19045.2
-250710
-340273
-1.03188e+06
-614944
1.23718e+06
909276
-193554
182588
-4.72754e+06
-3.73366e+06
-1.02612e+06
-1.54737e+06
-4.78675e+06
-4.09356e+06
-3.16952e+06
-2.71967e+06
1.40279e+06
1.14483e+06
566087
598402
776068
523246
-383383
-45281.7
-200237
-303118
-981245
-591734
1.12632e+06
810332
-264983
108333
-4.80893e+06
-3.79565e+06
-1.02962e+06
-1.57853e+06
-4.93337e+06
-4.21905e+06
-3.22358e+06
-2.8e+06
1.45004e+06
1.17925e+06
641400
630055
731402
481759
-407937
-61652.6
-149444
-262030
-948005
-553584
1.01179e+06
711758
-332803
43522.4
-4.77388e+06
-3.76613e+06
-997250
-1.5663e+06
-5.05039e+06
-4.31951e+06
-3.2844e+06
-2.84194e+06
1.65229e+06
1.35154e+06
733671
728529
812872
552560
-404670
-44331.4
-113973
-226601
-958779
-558389
1.03942e+06
732326
-351598
27157.1
-4.83259e+06
-3.81743e+06
-1.01929e+06
-1.59165e+06
-5.11242e+06
-4.37564e+06
-3.36353e+06
-2.90865e+06
1.69626e+06
1.38793e+06
709539
740898
874797
606111
-409300
-35467.1
6260.72
-131662
-909830
-519971
1.07603e+06
763906
-365358
34734.5
-4.81357e+06
-3.79181e+06
-1.00941e+06
-1.57298e+06
-5.14013e+06
-4.40615e+06
-3.39239e+06
-2.94875e+06
1.81322e+06
1.48528e+06
761582
784563
843441
576466
-412112
-41064.5
32152.1
-114776
-892591
-480308
1.03612e+06
725954
-380323
23222.8
-4.78896e+06
-3.77019e+06
-980545
-1.5537e+06
-5.29554e+06
-4.53431e+06
-3.4415e+06
-3.00142e+06
1.72909e+06
1.41333e+06
734395
765050
705176
468856
-451384
-89761.5
-13402.5
-143623
-901608
-516602
914293
631722
-434035
-26450
-4.96623e+06
-3.91316e+06
-1.03136e+06
-1.60334e+06
-5.53622e+06
-4.72507e+06
-3.54779e+06
-3.10723e+06
1.65849e+06
1.36621e+06
725919
722957
617846
396889
-477909
-119706
-74770.9
-195236
-896658
-519861
824666
552130
-481329
-73797.9
-5.06564e+06
-3.98846e+06
-1.03974e+06
-1.63192e+06
-5.7572e+06
-4.90985e+06
-3.60652e+06
-3.19816e+06
1.5374e+06
1.26992e+06
734933
709497
592913
381135
-486530
-135551
-37834.5
-159409
-863367
-497465
781963
520972
-504245
-106302
-4.98641e+06
-3.91717e+06
-981563
-1.5987e+06
-5.82643e+06
-4.96126e+06
-3.61331e+06
-3.21518e+06
1.57935e+06
1.31291e+06
777057
736554
641030
415478
-464483
-124585
-29742.3
-152459
-860542
-504055
858859
579026
-471198
-85043.7
-5.07681e+06
-3.99521e+06
-986957
-1.62261e+06
-5.8508e+06
-4.98531e+06
-3.62691e+06
-3.23423e+06
1.5724e+06
1.30167e+06
779729
733892
918701
623281
-503754
-68500.3
1.4315e+06
1.20619e+06
888511
757078
1.40064e+06
1.14436e+06
591986
611393
975554
853929
840075
631417
594982
482470
258156
250840
548110
426790
108148
180138
889379
591633
-533939
-97876.3
1.36376e+06
1.16081e+06
882664
751288
1.43687e+06
1.17648e+06
620473
634360
939523
832818
870885
645225
492480
405486
246362
227348
394834
298823
38636.3
119358
952637
645866
-553894
-75305.5
1.44358e+06
1.22615e+06
889238
787730
1.56978e+06
1.29704e+06
691275
702457
959039
864816
905986
674219
524549
445059
281646
250377
260065
193269
-46131.6
48008.3
914991
601103
-595189
-121909
1.51244e+06
1.27595e+06
914527
815711
1.69094e+06
1.38769e+06
756334
759495
972285
874427
936915
694256
552576
460510
299547
282920
255710
179311
-57451
27321.2
899496
590194
-636277
-139344
1.512e+06
1.27106e+06
906104
811737
1.84574e+06
1.52063e+06
816254
835257
1.00988e+06
910871
973840
715101
559853
468982
320939
277569
211399
145081
-82782.4
7338.35
895056
579737
-678774
-158702
1.57385e+06
1.32304e+06
928720
833578
1.99356e+06
1.64101e+06
873092
892462
1.14632e+06
1.02437e+06
1.05063e+06
788154
622084
522269
343527
312831
184012
120975
-118924
-14188.8
898704
578009
-690405
-181318
1.59043e+06
1.34256e+06
953457
831389
2.1132e+06
1.73728e+06
908294
947727
1.2864e+06
1.13713e+06
1.12824e+06
867005
627580
520074
360492
311216
127124
75001.4
-138867
-38349.2
1.00198e+06
653265
-670561
-151390
1.63775e+06
1.38939e+06
995663
875779
2.20242e+06
1.80716e+06
940227
974931
1.36765e+06
1.20745e+06
1.1796e+06
918035
622562
523174
362667
321625
80477.2
33601.7
-154797
-54663.6
1.05478e+06
689002
-690490
-124430
1.66817e+06
1.40955e+06
985087
911109
2.14307e+06
1.75947e+06
922120
968250
1.3643e+06
1.21145e+06
1.18893e+06
936731
561301
471185
318724
296593
37818.9
-353.553
-185576
-76128.5
958291
606307
-748654
-202992
1.73337e+06
1.45955e+06
1.00928e+06
911705
2.16086e+06
1.77029e+06
915872
955177
1.34096e+06
1.19268e+06
1.18344e+06
916610
528947
439345
295752
267293
63303
16967.7
-161729
-86514.5
856513
524427
-811139
-231412
1.74131e+06
1.46855e+06
1.02246e+06
942244
2.17789e+06
1.78734e+06
905621
977439
1.3496e+06
1.20686e+06
1.18572e+06
931671
390614
327673
238111
211845
71994.8
31763.2
-138375
-60447.7
714531
403283
-881725
-315295
1.75708e+06
1.48276e+06
1.04502e+06
944275
2.08435e+06
1.70533e+06
856282
916113
1.39899e+06
1.24314e+06
1.22352e+06
954038
305134
252610
188155
164175
80972.2
39985.5
-127633
-52844.9
699603
402463
-892018
-322190
1.72652e+06
1.46061e+06
1.03717e+06
924165
2.09594e+06
1.71644e+06
847330
915073
1.4378e+06
1.2725e+06
1.25184e+06
982359
385500
319960
224662
192776
42630.1
18876.9
-135960
-50944.2
731674
425212
-866670
-319288
1.71214e+06
1.45372e+06
1.03935e+06
923862
2.12486e+06
1.74154e+06
866764
916150
1.45108e+06
1.2843e+06
1.25906e+06
986277
449446
376144
251806
231316
74048.2
43357
-114698
-42693.7
758276
448161
-835927
-295094
1.65854e+06
1.41087e+06
1.01938e+06
917291
2.01545e+06
1.65595e+06
855536
898931
1.35819e+06
1.2182e+06
1.25324e+06
967999
395431
338534
232268
209543
101283
62338.5
-121065
-43618.6
707808
401000
-867671
-314918
1.62563e+06
1.37926e+06
1.00026e+06
893374
1.94212e+06
1.59298e+06
812252
855661
1.28904e+06
1.16023e+06
1.21404e+06
933945
388781
326047
220269
190615
182428
119973
-97801.4
-12259.8
688080
392837
-885097
-324377
1.54599e+06
1.31651e+06
968858
865695
1.88504e+06
1.55263e+06
792264
837166
1.25063e+06
1.13262e+06
1.19058e+06
923466
394189
334985
214587
192419
175739
120423
-107678
-18663.4
633658
341668
-906435
-351965
1.45587e+06
1.24191e+06
936690
824901
1.73545e+06
1.4237e+06
731192
772695
1.15033e+06
1.04524e+06
1.15126e+06
870832
421342
351316
207541
194925
242676
169997
-101877
1002.68
592943
308754
-936840
-367762
1.43976e+06
1.22947e+06
947772
802421
1.73107e+06
1.41522e+06
723867
764303
1.19557e+06
1.07806e+06
1.18341e+06
884485
531795
439871
258114
246753
172124
112967
-116783
-23497.2
582022
289710
-953548
-393631
1.45614e+06
1.24467e+06
987384
827308
1.77619e+06
1.45233e+06
752965
775492
1.2504e+06
1.12331e+06
1.23577e+06
914257
537415
443907
274643
260423
120299
66377.5
-114650
-47106
524212
242778
-998143
-414281
1.49292e+06
1.27525e+06
982768
858718
1.68334e+06
1.3808e+06
749356
766623
1.09133e+06
1.00683e+06
1.20641e+06
885350
399114
336156
214762
213618
82887.1
38427
-157229
-69790
506402
216720
-1.02535e+06
-462857
1.59711e+06
1.35751e+06
1.02278e+06
881871
1.71154e+06
1.40149e+06
754086
760762
1.099e+06
1.01271e+06
1.20497e+06
868988
463424
383294
223813
203626
242161
160236
-93745.4
-22600.5
533934
244670
-1.05194e+06
-446384
1.72428e+06
1.45938e+06
1.06551e+06
938157
1.80224e+06
1.4815e+06
787775
810047
1.19941e+06
1.1005e+06
1.24549e+06
920971
615124
510039
277177
270441
362712
263694
-49347.6
29448.2
482810
193303
-1.102e+06
-488920
1.83821e+06
1.55458e+06
1.11378e+06
988291
1.73197e+06
1.4175e+06
757157
779048
1.20982e+06
1.10348e+06
1.24933e+06
925163
688756
563799
277401
293782
524184
393768
-1255.82
101152
576190
277149
-1.07146e+06
-471107
1.87233e+06
1.58684e+06
1.16367e+06
991710
1.82266e+06
1.49486e+06
772527
796132
1.29362e+06
1.16574e+06
1.285e+06
955368
693081
557107
282037
287822
591659
450566
40457.8
137616
734517
402655
-985005
-407595
1.94726e+06
1.65561e+06
1.24205e+06
1.04166e+06
2.00757e+06
1.64492e+06
845580
865188
1.34822e+06
1.20881e+06
1.33294e+06
983505
661399
534160
283728
276110
680234
521141
92585.7
175845
852191
499891
-952009
-325355
2.02988e+06
1.72894e+06
1.29333e+06
1.12622e+06
2.04618e+06
1.67442e+06
864425
901490
1.34015e+06
1.21363e+06
1.35277e+06
1.01665e+06
561511
461404
242778
250589
776570
602803
117063
239131
905102
533221
-955044
-334500
2.13222e+06
1.81612e+06
1.3415e+06
1.16986e+06
2.15899e+06
1.76902e+06
893417
925495
1.34688e+06
1.2223e+06
1.34526e+06
1.01559e+06
536459
437818
212870
224194
908522
706609
158132
272277
996455
612705
-940749
-292062
2.23869e+06
1.90479e+06
1.41588e+06
1.22756e+06
2.31205e+06
1.89449e+06
940159
995513
1.41503e+06
1.27647e+06
1.35635e+06
1.03941e+06
530104
429669
191595
207676
1.07072e+06
840464
224586
347926
996065
608248
-946991
-298630
2.30679e+06
1.96648e+06
1.47754e+06
1.28115e+06
2.35087e+06
1.92047e+06
944546
1.0051e+06
1.40018e+06
1.26465e+06
1.3664e+06
1.03733e+06
461048
367843
149678
177395
1.14388e+06
899276
243168
380490
1.07816e+06
682791
-939493
-264762
2.33946e+06
1.99795e+06
1.48082e+06
1.30556e+06
2.38386e+06
1.94546e+06
939862
1.03563e+06
1.39697e+06
1.25968e+06
1.34707e+06
1.0438e+06
597508
482767
197928
239832
1.06972e+06
850446
204475
365567
1.18142e+06
755875
-906975
-246476
2.38709e+06
2.03273e+06
1.49264e+06
1.31581e+06
2.38829e+06
1.94863e+06
942498
1.01846e+06
1.49382e+06
1.33301e+06
1.37309e+06
1.05803e+06
667339
539938
245903
274956
969240
761438
166481
307847
1.32555e+06
873851
-841901
-185676
2.51521e+06
2.13565e+06
1.52267e+06
1.36929e+06
2.39997e+06
1.96294e+06
998739
1.03396e+06
1.5787e+06
1.41136e+06
1.42211e+06
1.09957e+06
717363
594988
301148
316488
898020
702383
146317
259201
1.33851e+06
882868
-846195
-174184
2.49332e+06
2.12005e+06
1.49772e+06
1.36583e+06
2.32875e+06
1.90889e+06
975042
1.03794e+06
1.54621e+06
1.38704e+06
1.38638e+06
1.09901e+06
680933
563660
282076
310568
887314
699532
147553
278491
1.40224e+06
935864
-846899
-158065
2.47196e+06
2.09318e+06
1.46614e+06
1.33493e+06
2.25247e+06
1.84439e+06
945378
996574
1.54757e+06
1.38088e+06
1.34233e+06
1.07021e+06
763149
631636
308929
335252
882673
694896
163130
262601
1.46512e+06
985413
-829363
-136787
2.48559e+06
2.10886e+06
1.47115e+06
1.34352e+06
2.12346e+06
1.74098e+06
911759
949475
1.53574e+06
1.36663e+06
1.31603e+06
1.05428e+06
860173
711242
351780
383355
954164
758429
201791
317051
