-1.28738e+06
-1.04927e+06
-499536
-553744
-1.53198e+06
-1.20873e+06
-321777
-507983
1.41276e+06
1.16983e+06
651524
652873
-1.3293e+06
-1.04654e+06
-268580
-440426
35759.1
45253.4
132850
80412.2
-1.29379e+06
-1.04922e+06
-455306
-523595
-1.30381e+06
-1.06559e+06
-517035
-543270
-1.58881e+06
-1.25618e+06
-331801
-524359
1.5711e+06
1.30583e+06
746440
734748
-1.29039e+06
-1.00725e+06
-263805
-416406
147091
152636
186235
129704
-1.25508e+06
-1.00279e+06
-431648
-513811
-1.35362e+06
-1.11006e+06
-546071
-589027
-1.69854e+06
-1.34395e+06
-366810
-570358
1.58221e+06
1.30515e+06
757257
755886
-1.39898e+06
-1.10467e+06
-299361
-450442
119223
119142
190078
126784
-1.29304e+06
-1.04706e+06
-441339
-507290
-1.26152e+06
-1.03568e+06
-530755
-556934
-1.73976e+06
-1.37615e+06
-396932
-587355
1.57757e+06
1.30814e+06
756379
747763
-1.4313e+06
-1.13124e+06
-323919
-480414
64147.3
77733
168400
108125
-1.34519e+06
-1.08675e+06
-464283
-543035
-1.26244e+06
-1.03602e+06
-556639
-553486
-1.76458e+06
-1.39415e+06
-402607
-599624
1.65314e+06
1.37395e+06
767697
783766
-1.43879e+06
-1.13434e+06
-331946
-488708
82778.9
92884.8
164130
108484
-1.37115e+06
-1.10605e+06
-482588
-550191
-1.30321e+06
-1.07177e+06
-588852
-593729
-1.85228e+06
-1.4668e+06
-428567
-629965
1.64267e+06
1.36197e+06
763872
771381
-1.49205e+06
-1.17971e+06
-361506
-505228
90051.5
99398
163656
115032
-1.39002e+06
-1.12168e+06
-495571
-559949
-1.30717e+06
-1.07857e+06
-595117
-605958
-1.88664e+06
-1.49415e+06
-437315
-642860
1.71123e+06
1.41541e+06
786358
787967
-1.51533e+06
-1.20098e+06
-358601
-531234
66324.5
69597
150631
93779.3
-1.37622e+06
-1.11713e+06
-495568
-563663
-1.40602e+06
-1.16413e+06
-642475
-633952
-1.98629e+06
-1.58046e+06
-478781
-682444
1.76184e+06
1.45968e+06
831953
820001
-1.51069e+06
-1.19288e+06
-364505
-509287
84339.5
97843.1
164982
104555
-1.3825e+06
-1.1113e+06
-488409
-571451
-1.50321e+06
-1.24246e+06
-676367
-698925
-2.0746e+06
-1.64708e+06
-499865
-726095
1.71661e+06
1.41662e+06
822934
810318
-1.594e+06
-1.26168e+06
-376945
-542743
11187.8
30576.7
159441
81945.2
-1.4474e+06
-1.17111e+06
-501194
-581107
-1.45388e+06
-1.19993e+06
-660088
-667321
-2.0638e+06
-1.63689e+06
-495676
-708170
1.68071e+06
1.39392e+06
806245
795865
-1.54618e+06
-1.22307e+06
-347848
-518850
-53023.8
-16098.7
146566
68357.4
-1.53721e+06
-1.24084e+06
-525600
-615274
-1.49632e+06
-1.23276e+06
-692021
-675199
-2.11603e+06
-1.67653e+06
-513901
-729049
1.68658e+06
1.40302e+06
796129
802759
-1.52294e+06
-1.19996e+06
-331606
-503710
-55615.4
-16246.5
145585
70832.3
-1.63939e+06
-1.32164e+06
-564724
-651326
-1.59346e+06
-1.31396e+06
-733243
-736517
-2.19594e+06
-1.74299e+06
-534916
-758702
1.62831e+06
1.35113e+06
772156
767360
-1.56515e+06
-1.23383e+06
-344763
-514349
-105423
-57390.9
125004
48846.9
-1.71065e+06
-1.38017e+06
-589701
-681568
-1.55724e+06
-1.28699e+06
-716261
-728139
-2.20473e+06
-1.74924e+06
-529658
-761739
1.71533e+06
1.4191e+06
804552
800769
-1.59769e+06
-1.26388e+06
-351030
-535109
-113462
-72907.7
107566
41855.1
-1.69651e+06
-1.37492e+06
-585624
-672896
-1.64585e+06
-1.36134e+06
-744919
-742365
-2.25851e+06
-1.79809e+06
-537770
-781913
1.77004e+06
1.4674e+06
843573
828263
-1.64228e+06
-1.29369e+06
-373584
-549795
-103936
-53175.1
120085
35941.5
-1.73358e+06
-1.39251e+06
-594311
-700030
-1.70532e+06
-1.40623e+06
-764323
-788352
-2.26543e+06
-1.7938e+06
-528021
-784770
1.78442e+06
1.47111e+06
839546
840994
-1.70221e+06
-1.34401e+06
-384062
-566733
-143848
-92853.7
119484
37263.8
-1.7833e+06
-1.44118e+06
-613071
-703168
-1.64478e+06
-1.35701e+06
-743150
-751857
-2.21342e+06
-1.75164e+06
-505124
-749851
1.78688e+06
1.47543e+06
825252
828832
-1.69763e+06
-1.33922e+06
-375823
-561674
-224917
-153656
87652.2
8385.58
-1.86972e+06
-1.50959e+06
-649900
-744226
-1.65184e+06
-1.35775e+06
-748089
-744446
-2.18642e+06
-1.72654e+06
-483052
-732999
1.80885e+06
1.49706e+06
815783
837989
-1.66995e+06
-1.31423e+06
-357668
-547389
-248071
-172890
73054
-8648.62
-1.96164e+06
-1.58377e+06
-692413
-782147
-1.74345e+06
-1.43298e+06
-777194
-789530
-2.21684e+06
-1.74956e+06
-472761
-737531
1.77788e+06
1.46648e+06
790306
813537
-1.71425e+06
-1.34909e+06
-374124
-560315
-289405
-207119
53429
-21735.8
-2.07397e+06
-1.67467e+06
-737770
-827712
-1.77429e+06
-1.45904e+06
-771625
-808466
-2.22136e+06
-1.75251e+06
-461623
-731030
1.83612e+06
1.5136e+06
810890
825031
-1.76806e+06
-1.39843e+06
-382789
-596836
-353403
-269401
18500.7
-62820.1
-2.0814e+06
-1.68671e+06
-741049
-848049
-1.84034e+06
-1.51762e+06
-804438
-812077
-2.25937e+06
-1.78559e+06
-474759
-743359
1.97449e+06
1.62911e+06
875158
885553
-1.76424e+06
-1.38749e+06
-388332
-589221
-339825
-244048
20784.7
-63491.1
-2.04346e+06
-1.64497e+06
-726737
-842977
-1.90459e+06
-1.56765e+06
-824151
-862585
-2.26907e+06
-1.78802e+06
-467890
-746809
1.99788e+06
1.63839e+06
880255
907705
-1.83777e+06
-1.45114e+06
-406302
-609841
-401536
-305324
6501.85
-81214.7
-2.03421e+06
-1.64747e+06
-723943
-821734
-1.80438e+06
-1.48482e+06
-779493
-811062
-2.22179e+06
-1.74943e+06
-443987
-718023
2.01361e+06
1.65634e+06
884477
905215
-1.81585e+06
-1.43246e+06
-379483
-601280
-471648
-359407
-20663.1
-110094
-2.06295e+06
-1.67036e+06
-727882
-842248
-1.81479e+06
-1.48817e+06
-785292
-798792
-2.21905e+06
-1.74297e+06
-435489
-712580
2.03116e+06
1.67641e+06
875803
917528
-1.78308e+06
-1.40012e+06
-350378
-573304
-510590
-388151
-41244.8
-128009
-2.14075e+06
-1.72862e+06
-761048
-866225
-1.89897e+06
-1.55791e+06
-813002
-844490
-2.2502e+06
-1.76877e+06
-434359
-717209
2.02511e+06
1.66456e+06
857234
901964
-1.82311e+06
-1.4312e+06
-361501
-585063
-579347
-448076
-82307.2
-156190
-2.18501e+06
-1.76713e+06
-784864
-885289
-1.83406e+06
-1.50299e+06
-780415
-824003
-2.19961e+06
-1.72603e+06
-408515
-693880
2.11886e+06
1.74084e+06
895063
936972
-1.81274e+06
-1.42514e+06
-353922
-581923
-539629
-421553
-77631.8
-154563
-2.13855e+06
-1.73271e+06
-762663
-865992
-1.88131e+06
-1.54762e+06
-790092
-819618
-2.26445e+06
-1.785e+06
-426830
-714451
2.16151e+06
1.77687e+06
936030
966275
-1.86423e+06
-1.46381e+06
-378108
-598598
-460695
-347174
-26858
-120479
-2.12101e+06
-1.71274e+06
-744955
-870977
-1.94378e+06
-1.59489e+06
-817092
-863696
-2.3373e+06
-1.83965e+06
-458711
-749525
2.14963e+06
1.75839e+06
922501
965479
-1.94267e+06
-1.53283e+06
-403815
-626915
-448187
-343816
-8702.36
-98137.9
-2.14041e+06
-1.73507e+06
-757753
-858685
-1.87464e+06
-1.54065e+06
-798979
-836039
-2.33768e+06
-1.84175e+06
-479826
-756413
2.13739e+06
1.75126e+06
901729
941646
-1.92714e+06
-1.5212e+06
-402883
-634224
-476152
-365083
-24878.1
-117990
-2.16177e+06
-1.7538e+06
-770283
-887168
-1.85003e+06
-1.5167e+06
-788226
-816865
-2.31818e+06
-1.82473e+06
-469228
-750785
2.18011e+06
1.79094e+06
903421
963084
-1.89512e+06
-1.4898e+06
-386558
-614878
-394416
-297839
-2155.26
-89489.3
-2.18324e+06
-1.77043e+06
-777098
-890576
-1.88176e+06
-1.54146e+06
-790383
-833110
-2.35753e+06
-1.85603e+06
-471632
-759011
2.16291e+06
1.77162e+06
890893
948036
-1.90955e+06
-1.50224e+06
-388103
-614827
-315795
-234209
35266.2
-48967.9
-2.19494e+06
-1.77711e+06
-771643
-889730
-1.87211e+06
-1.53648e+06
-778686
-832302
-2.36378e+06
-1.86495e+06
-478733
-766536
2.20127e+06
1.80055e+06
895455
953169
-1.98594e+06
-1.5663e+06
-416615
-648999
-355588
-270288
6869.54
-68964.8
-2.17474e+06
-1.76513e+06
-770679
-882570
-1.90691e+06
-1.56486e+06
-787308
-826206
-2.4127e+06
-1.90668e+06
-494072
-791596
2.28955e+06
1.87741e+06
956731
996390
-2.08441e+06
-1.63922e+06
-458260
-684676
-337192
-242776
29763.5
-60358.6
-2.19387e+06
-1.76975e+06
-771584
-893758
-1.94842e+06
-1.59381e+06
-785166
-850328
-2.38484e+06
-1.87583e+06
-473366
-774932
2.26669e+06
1.85268e+06
952264
1.0007e+06
-2.21867e+06
-1.75299e+06
-501069
-734333
-385382
-287095
31948.5
-64772.4
-2.23839e+06
-1.81049e+06
-783223
-898875
-1.89093e+06
-1.54406e+06
-753487
-808452
-2.34628e+06
-1.84397e+06
-464805
-748106
2.19549e+06
1.8001e+06
922096
968093
-2.30333e+06
-1.82142e+06
-528934
-771594
-477008
-357728
-268.701
-96967.7
-2.2993e+06
-1.85909e+06
-809593
-927566
-1.84311e+06
-1.50115e+06
-731081
-780850
-2.30875e+06
-1.81439e+06
-450059
-740351
2.23139e+06
1.83228e+06
928233
986350
-2.31756e+06
-1.8282e+06
-526300
-772069
-474455
-356616
3474.72
-101467
-2.35083e+06
-1.90257e+06
-832248
-949209
-1.82319e+06
-1.48466e+06
-716288
-774870
-2.23116e+06
-1.74955e+06
-411636
-703234
2.23288e+06
1.8295e+06
919042
975061
-2.40985e+06
-1.90353e+06
-567708
-808909
-462160
-344964
5217.03
-92406.1
-2.34241e+06
-1.89254e+06
-825715
-942479
1.55927e+06
1.30615e+06
859685
804321
1.06491e+06
809846
50462.7
255579
-631554
-526463
-361775
-325667
-3.17396e+06
-2.58755e+06
-1.2537e+06
-1.34091e+06
568317
506584
506361
400090
417828
308702
-87235.1
48566.2
1.63094e+06
1.37409e+06
907630
823862
987722
744036
3095.71
209611
-755396
-631968
-432247
-381182
-3.35086e+06
-2.72876e+06
-1.3252e+06
-1.42506e+06
584097
520440
507268
395901
418008
303359
-125473
30440.9
1.68838e+06
1.41653e+06
927369
869701
977992
735331
-6553.47
209510
-895692
-747122
-504058
-447780
-3.45561e+06
-2.81813e+06
-1.37567e+06
-1.47127e+06
597872
529368
511720
406266
339846
235432
-144224
-4075.06
1.72491e+06
1.44626e+06
946105
872658
930214
695993
-39595.9
187433
-931428
-786189
-520544
-480223
-3.53358e+06
-2.88598e+06
-1.39695e+06
-1.52179e+06
611290
536408
515483
409237
328489
227643
-148123
-15770.6
1.88404e+06
1.57639e+06
1.00261e+06
942970
831326
611964
-82020.9
130889
-965461
-815652
-547364
-508858
-3.54467e+06
-2.89992e+06
-1.40043e+06
-1.52349e+06
652170
575474
536850
421587
266152
174390
-185873
-48430.5
2.04805e+06
1.7079e+06
1.08367e+06
1.00298e+06
797434
580553
-105284
104939
-885220
-759274
-527798
-494191
-3.51411e+06
-2.8751e+06
-1.37846e+06
-1.51422e+06
765898
668030
581154
464509
192967
112164
-215804
-81428.3
2.07751e+06
1.73366e+06
1.09423e+06
1.04451e+06
843438
619973
-100512
127843
-861236
-725999
-520969
-455286
-3.64416e+06
-2.97265e+06
-1.42725e+06
-1.53118e+06
772769
671127
590612
485760
191943
115792
-203297
-64383.5
2.16709e+06
1.81977e+06
1.16154e+06
1.06883e+06
902217
669033
-79600.4
139692
-877969
-739060
-534304
-469577
-3.75461e+06
-3.05791e+06
-1.46608e+06
-1.59181e+06
862019
752002
646772
519955
306917
208625
-188163
-36836.7
2.17494e+06
1.82148e+06
1.16357e+06
1.10328e+06
923030
684588
-80172.5
158738
-987577
-830122
-595387
-513583
-3.87374e+06
-3.15827e+06
-1.5283e+06
-1.63917e+06
823728
719693
642807
525140
209931
124374
-221860
-71004.8
2.14137e+06
1.79605e+06
1.16042e+06
1.07353e+06
929467
690803
-91927.4
158386
-990428
-840675
-592218
-534690
-3.96489e+06
-3.23587e+06
-1.55592e+06
-1.69749e+06
768262
672881
632884
503763
209689
125566
-219712
-82380.1
2.25041e+06
1.88708e+06
1.19311e+06
1.13506e+06
911441
671800
-114865
139261
-959220
-815158
-594006
-523063
-3.98319e+06
-3.25551e+06
-1.56967e+06
-1.69531e+06
803724
710142
653280
521680
226155
136516
-242107
-79355.1
2.34038e+06
1.95742e+06
1.23702e+06
1.15741e+06
954463
704611
-122730
135308
-849933
-731911
-558643
-498150
-4.0151e+06
-3.28202e+06
-1.582e+06
-1.72003e+06
880347
773969
686805
549020
237700
142954
-247171
-85167.5
2.37068e+06
1.98045e+06
1.24379e+06
1.18889e+06
1.08424e+06
806632
-71791.1
189239
-841137
-712839
-539684
-465866
-4.11374e+06
-3.3511e+06
-1.61896e+06
-1.73883e+06
924737
805228
713534
588997
288543
188974
-208773
-46517.7
2.41112e+06
2.01937e+06
1.272e+06
1.19254e+06
1.09223e+06
812276
-67708.3
191342
-968284
-819491
-598685
-517369
-4.22383e+06
-3.44036e+06
-1.66337e+06
-1.79244e+06
941750
821594
728970
597076
383651
260704
-212045
-23420.1
2.38031e+06
1.99326e+06
1.25231e+06
1.20117e+06
1.14734e+06
861736
-40958.5
227261
-1.11612e+06
-934996
-659351
-575914
-4.30421e+06
-3.50625e+06
-1.70807e+06
-1.82915e+06
886025
778964
712728
584461
290091
183498
-242490
-62580.4
2.3505e+06
1.96468e+06
1.24001e+06
1.16577e+06
1.17246e+06
881462
-29023.9
241938
-1.1737e+06
-992593
-671191
-614433
-4.37541e+06
-3.5691e+06
-1.72401e+06
-1.87479e+06
857172
750003
707219
567805
283256
175534
-244090
-73751.9
2.40484e+06
2.00831e+06
1.25032e+06
1.19622e+06
1.12927e+06
845408
-31727.2
221313
-1.26073e+06
-1.05986e+06
-704160
-649457
-4.40214e+06
-3.59473e+06
-1.73237e+06
-1.87917e+06
861623
758115
717434
571904
262868
156431
-268738
-92720.8
2.48878e+06
2.07299e+06
1.28505e+06
1.21415e+06
1.16703e+06
877157
-16469.2
232569
-1.23403e+06
-1.04479e+06
-698414
-653985
-4.40938e+06
-3.60214e+06
-1.7346e+06
-1.88911e+06
918935
805593
744618
589432
266590
158084
-266836
-94154.8
2.50377e+06
2.08841e+06
1.28889e+06
1.23682e+06
1.22859e+06
928378
6721.05
265015
-1.23683e+06
-1.03484e+06
-688896
-631276
-4.50344e+06
-3.67088e+06
-1.77003e+06
-1.90643e+06
886368
782363
739052
594662
303521
198321
-237333
-56138.6
2.58663e+06
2.16436e+06
1.34445e+06
1.2642e+06
1.21051e+06
913016
-1839.18
248514
-1.30359e+06
-1.09251e+06
-726940
-655040
-4.6027e+06
-3.74956e+06
-1.81122e+06
-1.95909e+06
888394
787338
750474
592594
396243
267455
-239276
-32444.2
2.59365e+06
2.16697e+06
1.34477e+06
1.2886e+06
1.25357e+06
950523
15978.5
276252
-1.44148e+06
-1.20375e+06
-793421
-721461
-4.66157e+06
-3.80096e+06
-1.84847e+06
-1.98792e+06
836240
745117
737030
580154
307449
192945
-267303
-73999.4
2.56636e+06
2.14318e+06
1.33772e+06
1.26565e+06
1.25759e+06
953837
15458.8
284225
-1.47038e+06
-1.23773e+06
-799597
-742927
-4.71992e+06
-3.85404e+06
-1.8666e+06
-2.0272e+06
760495
680718
720970
553641
294378
182374
-268255
-79828.1
2.63666e+06
2.20195e+06
1.36676e+06
1.29957e+06
1.19444e+06
900212
-1343.5
249791
-1.48772e+06
-1.25219e+06
-805389
-762801
-4.72926e+06
-3.86706e+06
-1.86695e+06
-2.03364e+06
710637
647299
716195
537070
230106
128138
-309019
-113933
2.7599e+06
2.30308e+06
1.43008e+06
1.3444e+06
1.21607e+06
920940
5938.28
253858
-1.41117e+06
-1.19184e+06
-770884
-737494
-4.6929e+06
-3.83297e+06
-1.84221e+06
-2.01822e+06
736894
672990
732485
546796
179176
89032.5
-327023
-135948
2.81427e+06
2.34765e+06
1.45355e+06
1.39831e+06
1.34464e+06
1.02353e+06
51137.3
320385
-1.37876e+06
-1.15358e+06
-745469
-696151
-4.71641e+06
-3.84408e+06
-1.8426e+06
-1.99352e+06
839558
753218
770027
604346
249994
151208
-278370
-89001.4
2.7929e+06
2.33718e+06
1.45902e+06
1.37531e+06
1.26612e+06
956872
8046.17
270944
-1.5024e+06
-1.25745e+06
-810154
-754016
-4.87829e+06
-3.97347e+06
-1.90062e+06
-2.06803e+06
854070
766014
774466
598845
311634
195077
-291612
-84946.9
2.77585e+06
2.3218e+06
1.46339e+06
1.39284e+06
1.33711e+06
1.01681e+06
47142.8
310275
-1.58084e+06
-1.31886e+06
-835484
-785443
-4.90651e+06
-3.99635e+06
-1.90646e+06
-2.0782e+06
866520
777412
788952
619845
279823
170988
-285654
-89856.3
2.74224e+06
2.29348e+06
1.45992e+06
1.36995e+06
1.37731e+06
1.05199e+06
66755.8
333902
-1.59317e+06
-1.33374e+06
-834336
-793548
-4.89982e+06
-3.99373e+06
-1.88386e+06
-2.08377e+06
868594
776136
795523
619686
322164
206460
-261726
-73442.2
2.76569e+06
2.31635e+06
1.46349e+06
1.39389e+06
1.31052e+06
998193
53247.3
311157
-1.6375e+06
-1.36993e+06
-850365
-819603
-4.87529e+06
-3.97641e+06
-1.85507e+06
-2.06149e+06
868078
782230
793264
627162
277650
169767
-297969
-91716
2.76229e+06
2.31308e+06
1.46545e+06
1.38468e+06
1.2201e+06
926557
14747.4
272882
-1.63228e+06
-1.36887e+06
-859631
-824967
-4.90463e+06
-3.9969e+06
-1.84996e+06
-2.06637e+06
871919
785574
783088
620378
173362
82855.9
-351037
-141635
2.69428e+06
2.25172e+06
1.4324e+06
1.36006e+06
1.22782e+06
925025
4688.83
259450
-1.61596e+06
-1.34866e+06
-840521
-800721
-5.00807e+06
-4.07368e+06
-1.89495e+06
-2.07947e+06
797517
712373
757929
581011
193367
96877.2
-333580
-140523
2.72851e+06
2.28766e+06
1.47393e+06
1.37325e+06
1.29083e+06
975539
32369.9
286590
-1.58836e+06
-1.32612e+06
-820131
-776844
-5.06045e+06
-4.11416e+06
-1.9149e+06
-2.10888e+06
833569
746586
795491
607175
367269
236434
-291421
-79662.6
2.68773e+06
2.25364e+06
1.44767e+06
1.37283e+06
1.3341e+06
1.01425e+06
39639.7
306240
-1.66184e+06
-1.37952e+06
-859510
-806629
-5.15825e+06
-4.19542e+06
-1.9721e+06
-2.15514e+06
769727
698730
775413
588146
317301
193744
-303083
-96482.6
2.62568e+06
2.19852e+06
1.41074e+06
1.3258e+06
1.37582e+06
1.04438e+06
35332.7
321348
-1.61874e+06
-1.3555e+06
-839122
-800051
-5.21665e+06
-4.25097e+06
-1.99886e+06
-2.19996e+06
710821
645754
750667
561214
350236
217845
-301962
-92695.3
2.69868e+06
2.25605e+06
1.42366e+06
1.35372e+06
1.38991e+06
1.05167e+06
34830.7
309207
-1.53505e+06
-1.28589e+06
-806126
-773998
-5.17028e+06
-4.2186e+06
-1.98431e+06
-2.18734e+06
742500
673853
763749
570316
414595
267141
-300696
-85146.3
2.82016e+06
2.34901e+06
1.46323e+06
1.3786e+06
1.48341e+06
1.12849e+06
68233
340377
-1.38271e+06
-1.16698e+06
-738092
-720743
-5.10897e+06
-4.16816e+06
-1.94351e+06
-2.16251e+06
833549
747961
791931
597892
502759
337948
-263287
-50937.1
-140814
-146645
-242980
-161972
3.28023e+06
2.68427e+06
1.35067e+06
1.42499e+06
573053
457909
174836
213324
-387851
-298884
-46070.1
-101297
-1.94638e+06
-1.57064e+06
-656061
-761835
-1.07148e+06
-898686
-581810
-535197
-92877.1
-108622
-235344
-156199
3.32591e+06
2.72149e+06
1.3622e+06
1.44927e+06
505562
401840
144024
186690
-408861
-319223
-51447.7
-108162
-2.03103e+06
-1.64465e+06
-694127
-812976
-1.14486e+06
-964975
-617227
-579965
-87628.2
-96864.4
-244580
-139553
3.39013e+06
2.77537e+06
1.37899e+06
1.47216e+06
541505
433995
160499
202244
-448813
-354167
-64793.6
-139787
-2.07833e+06
-1.68322e+06
-726385
-842489
-1.15593e+06
-970375
-645434
-590378
-117241
-121897
-253139
-156000
3.48725e+06
2.85363e+06
1.41701e+06
1.509e+06
519567
418560
161370
196178
-389911
-299980
-11695.5
-111719
-2.00817e+06
-1.62361e+06
-687492
-818071
-1.14034e+06
-957805
-633313
-597448
-104167
-116803
-257051
-165957
3.56924e+06
2.91644e+06
1.45117e+06
1.53852e+06
480556
384922
162671
188001
-358080
-272525
17220.2
-73212.4
-2.00796e+06
-1.62473e+06
-676788
-803264
-1.09176e+06
-922514
-602990
-568570
-48134.2
-74225.7
-225226
-147215
3.68281e+06
3.01525e+06
1.49535e+06
1.59213e+06
468210
377899
167949
189336
-403880
-302859
2320.72
-83030.6
-2.05886e+06
-1.6622e+06
-704949
-823320
-1.16422e+06
-980334
-638824
-592430
-19999.8
-51909.4
-223956
-124473
3.79955e+06
3.10872e+06
1.54657e+06
1.63944e+06
501682
407917
190681
203179
-400156
-299813
3403.3
-79788.5
-2.11965e+06
-1.71187e+06
-732995
-842988
-1.23553e+06
-1.03613e+06
-673264
-624724
22093.6
-16158.1
-215223
-114882
3.88276e+06
3.17608e+06
1.57295e+06
1.68428e+06
509146
413744
195386
212958
-410166
-308664
-9087.03
-77054.1
-2.1635e+06
-1.74912e+06
-742986
-865105
-1.27853e+06
-1.07441e+06
-693882
-648459
-64382.8
-81676.5
-246366
-138240
3.91135e+06
3.19897e+06
1.58495e+06
1.68856e+06
550703
446362
218095
225612
-519269
-403748
-42122.4
-145919
-2.24211e+06
-1.81286e+06
-770067
-903775
-1.32645e+06
-1.11134e+06
-715873
-674129
-156406
-157822
-284238
-176072
4.0218e+06
3.2883e+06
1.622e+06
1.73208e+06
578954
471578
236196
243523
-494674
-377966
-15273.5
-130750
-2.19288e+06
-1.76897e+06
-734464
-877761
-1.31383e+06
-1.10017e+06
-702883
-672308
-175411
-174755
-307993
-206550
4.10513e+06
3.35432e+06
1.65373e+06
1.76197e+06
607167
496861
255724
262985
-519160
-394648
-22705.2
-124086
-2.20585e+06
-1.77696e+06
-725719
-869096
-1.28893e+06
-1.08003e+06
-685182
-654087
-180998
-183641
-285306
-204617
4.21634e+06
3.45157e+06
1.70386e+06
1.82045e+06
603649
494208
263368
267094
-575436
-436545
-33811
-142268
-2.24628e+06
-1.80577e+06
-725649
-878553
-1.33518e+06
-1.11719e+06
-694628
-662896
-173021
-173589
-285853
-190792
4.31579e+06
3.53051e+06
1.75162e+06
1.86677e+06
625307
513003
265196
280381
-554418
-419237
-28841.5
-128713
-2.34589e+06
-1.8873e+06
-760708
-907677
-1.4237e+06
-1.1865e+06
-735520
-694115
-120065
-134135
-275384
-178737
4.34515e+06
3.55519e+06
1.76297e+06
1.88895e+06
587804
480321
237851
259588
-524819
-399658
-23263.8
-115601
-2.41196e+06
-1.94458e+06
-783109
-941108
-1.49812e+06
-1.25332e+06
-770876
-734488
-173574
-169359
-284252
-186053
4.35161e+06
3.55962e+06
1.77281e+06
1.88886e+06
624150
508250
248214
268143
-559888
-429598
-34651.1
-148079
-2.49628e+06
-2.01249e+06
-816405
-981965
-1.54264e+06
-1.28507e+06
-795205
-757132
-261397
-240525
-304475
-219740
4.38869e+06
3.59049e+06
1.78884e+06
1.90584e+06
594181
485204
239426
255239
-497299
-374522
14860.6
-120294
-2.48407e+06
-2.00143e+06
-802037
-975820
-1.58228e+06
-1.31681e+06
-800897
-780801
-252023
-233320
-304111
-226231
4.41707e+06
3.61272e+06
1.80206e+06
1.91658e+06
585222
477349
233061
254896
-461473
-344065
33620.8
-85422.7
-2.49838e+06
-2.01211e+06
-798734
-975462
-1.53294e+06
-1.27838e+06
-775034
-755075
-191021
-186453
-258583
-192313
4.48658e+06
3.67605e+06
1.83341e+06
1.95689e+06
577015
467171
216768
246519
-474052
-348691
29667.4
-81800.9
-2.55687e+06
-2.05481e+06
-822013
-990146
-1.59831e+06
-1.33208e+06
-806336
-772177
-160812
-161611
-258457
-173803
4.54574e+06
3.72039e+06
1.86189e+06
1.97806e+06
581918
475508
223907
248378
-452797
-332219
32150
-70054.5
-2.65842e+06
-2.14027e+06
-867291
-1.02727e+06
-1.68e+06
-1.39544e+06
-842165
-812877
-122832
-131235
-247195
-164323
4.57607e+06
3.74398e+06
1.86935e+06
1.99486e+06
552248
449927
218258
235659
-466723
-346760
29822.2
-74146.5
-2.7515e+06
-2.21946e+06
-894494
-1.07212e+06
-1.73063e+06
-1.44223e+06
-853105
-835550
-202555
-191257
-281750
-188121
4.54441e+06
3.71559e+06
1.8528e+06
1.97945e+06
620474
506174
245268
265085
-531800
-405510
8437.2
-124958
-2.87606e+06
-2.32191e+06
-943707
-1.13355e+06
-1.75975e+06
-1.46278e+06
-867706
-856716
-290663
-262867
-307072
-224215
4.56837e+06
3.73455e+06
1.85256e+06
1.97915e+06
625138
510176
246828
266697
-479908
-357887
58073.3
-96531.4
-2.86251e+06
-2.30625e+06
-919224
-1.12749e+06
-1.71169e+06
-1.42079e+06
-824984
-837237
-304122
-274070
-324809
-241463
4.59307e+06
3.75281e+06
1.85729e+06
1.98374e+06
672689
550358
266781
287462
-477728
-350439
63072.5
-68605.6
-2.89459e+06
-2.3292e+06
-918880
-1.12008e+06
-1.64675e+06
-1.36507e+06
-780404
-785942
-323604
-295409
-305153
-247649
4.62935e+06
3.78809e+06
1.87439e+06
2.01079e+06
651368
531224
257084
284166
-569942
-422869
30333.5
-100531
-3.01225e+06
-2.42262e+06
-955321
-1.16157e+06
-1.72711e+06
-1.42945e+06
-795422
-806339
-324014
-294861
-310310
-235602
4.68464e+06
3.83327e+06
1.90344e+06
2.02813e+06
603494
491025
239776
260380
-587549
-437283
29318.8
-97854.4
-3.12931e+06
-2.519e+06
-1.00365e+06
-1.204e+06
-1.81932e+06
-1.50103e+06
-828766
-830643
-309280
-279722
-319741
-235341
4.71269e+06
3.85826e+06
1.916e+06
2.05081e+06
553322
450693
203366
233412
-609718
-456958
20475.7
-107282
-3.21342e+06
-2.58855e+06
-1.0312e+06
-1.24585e+06
-1.92132e+06
-1.58423e+06
-867745
-875559
-296375
-270279
-313532
-230776
4.77234e+06
3.90402e+06
1.9444e+06
2.07091e+06
649410
526382
236444
264758
-607971
-462581
25086
-130179
-3.2469e+06
-2.61893e+06
-1.04448e+06
-1.2696e+06
-1.87585e+06
-1.55194e+06
-852465
-873872
-290562
-266272
-307813
-225160
4.84247e+06
3.96005e+06
1.97277e+06
2.10264e+06
658099
532845
243934
270193
-511020
-379414
90354.8
-83962.6
-3.19633e+06
-2.57577e+06
-1.00667e+06
-1.24435e+06
-1.81502e+06
-1.50171e+06
-816564
-848423
-272669
-249952
-313844
-224603
4.87175e+06
3.98542e+06
1.98518e+06
2.11764e+06
643738
521475
233730
269497
-492868
-359106
107355
-45920.2
-3.20964e+06
-2.58192e+06
-999139
-1.23016e+06
-1.74185e+06
-1.43655e+06
-781156
-797976
-221667
-213875
-283064
-209149
4.92519e+06
4.03564e+06
2.01139e+06
2.1472e+06
641158
519210
220522
263944
-547538
-397885
80704.9
-64072.4
-3.26482e+06
-2.62431e+06
-1.0253e+06
-1.25225e+06
-1.8275e+06
-1.50825e+06
-821746
-832171
-193545
-189370
-277186
-195363
5.04223e+06
4.12602e+06
2.07496e+06
2.18924e+06
684287
552783
250816
277221
-517652
-377178
78149.4
-59617.6
-3.30582e+06
-2.65953e+06
-1.04697e+06
-1.26388e+06
-1.86337e+06
-1.53549e+06
-839459
-845727
-84671.8
-101859
-250899
-157142
5.12294e+06
4.19504e+06
2.10009e+06
2.23402e+06
721745
585299
258146
294176
-429850
-311231
88705.1
-37555.1
-3.2746e+06
-2.63762e+06
-1.04188e+06
-1.26758e+06
-1.86564e+06
-1.54352e+06
-858140
-859710
-123675
-126473
-270170
-159779
5.15658e+06
4.22177e+06
2.11957e+06
2.24961e+06
823441
666201
291539
333454
-423889
-310138
72300.3
-54420.4
-3.3014e+06
-2.65776e+06
-1.06151e+06
-1.28286e+06
-1.87255e+06
-1.54511e+06
-880368
-864833
-253767
-236189
-323600
-212958
5.16834e+06
4.22976e+06
2.11464e+06
2.25885e+06
823945
665980
285113
335200
-372150
-268906
94636.3
-36776.6
-3.23435e+06
-2.60399e+06
-1.03535e+06
-1.25657e+06
-1.91796e+06
-1.58509e+06
-904339
-894921
-274100
-257480
-358219
-253858
5.17104e+06
4.22722e+06
2.10698e+06
2.24218e+06
836949
672899
281050
332186
-371062
-272015
76607.9
-37641.4
-3.20499e+06
-2.58314e+06
-1.02837e+06
-1.24925e+06
-1.87693e+06
-1.55702e+06
-898383
-892037
-268154
-257459
-339490
-247279
5.27334e+06
4.31764e+06
2.14824e+06
2.29816e+06
871766
699920
278365
340843
-385805
-280766
44447.3
-42961
-3.21002e+06
-2.58378e+06
-1.03944e+06
-1.23971e+06
-1.91122e+06
-1.58492e+06
-919453
-893970
-2.0505e+06
-1.76476e+06
-1.43851e+06
-1.21039e+06
-790394
-673169
-510114
-441557
-509217
-380312
34844.1
-90122.9
212733
263496
666517
403894
-1.33714e+06
-1.05613e+06
-279413
-434970
1.86616e+06
1.42148e+06
27133.8
421977
-2.11134e+06
-1.81429e+06
-1.48148e+06
-1.23835e+06
-830710
-709637
-522030
-467248
-568973
-429475
8295.78
-116518
204918
259488
673765
415997
-1.41454e+06
-1.11828e+06
-313974
-466256
1.87465e+06
1.42509e+06
25702.6
424944
-2.09573e+06
-1.81075e+06
-1.50253e+06
-1.25301e+06
-938433
-799856
-588113
-510943
-681395
-521086
-39117.1
-163557
228429
280651
682085
432143
-1.50363e+06
-1.1948e+06
-357348
-500926
2.00439e+06
1.5296e+06
89185.3
460179
-2.12066e+06
-1.8308e+06
-1.53431e+06
-1.27354e+06
-975308
-825640
-621915
-546333
-669871
-512053
-46259.6
-170079
250428
299313
710368
422037
-1.58682e+06
-1.25738e+06
-374099
-551462
1.97087e+06
1.50944e+06
64091.5
481975
-2.31217e+06
-1.99141e+06
-1.62458e+06
-1.35716e+06
-984490
-837132
-626722
-538822
-630953
-479342
-30753.5
-151342
282499
324595
732306
448394
-1.52116e+06
-1.2e+06
-348588
-519047
1.83838e+06
1.39244e+06
-27257.6
405913
-2.41864e+06
-2.08255e+06
-1.67232e+06
-1.42867e+06
-987945
-844152
-638128
-550618
-542718
-404961
15626.4
-117811
282868
324187
726708
454322
-1.52848e+06
-1.21198e+06
-350364
-509927
1.72444e+06
1.28978e+06
-104173
318957
-2.43372e+06
-2.09524e+06
-1.69073e+06
-1.43091e+06
-1.00604e+06
-859371
-659681
-566928
-585964
-446744
4611.75
-124003
263722
309165
735600
445480
-1.63479e+06
-1.29803e+06
-392232
-560343
1.74232e+06
1.3087e+06
-104246
322067
-2.42669e+06
-2.08774e+06
-1.69902e+06
-1.43411e+06
-1.05786e+06
-904383
-675167
-603067
-611403
-464245
9577.76
-134758
265388
314035
751664
461299
-1.66293e+06
-1.32097e+06
-415062
-576281
1.80411e+06
1.35502e+06
-77625.5
340439
-2.40006e+06
-2.07337e+06
-1.69601e+06
-1.43118e+06
-1.20466e+06
-1.02532e+06
-744755
-653874
-715678
-545418
-13503.6
-160206
266766
317549
763508
475955
-1.77564e+06
-1.41722e+06
-458963
-616688
1.95401e+06
1.47846e+06
5388.86
399242
-2.40247e+06
-2.07384e+06
-1.70496e+06
-1.42772e+06
-1.26601e+06
-1.07238e+06
-781963
-691575
-700626
-531389
6146.17
-151340
254988
309940
781652
461389
-1.85601e+06
-1.47883e+06
-476241
-661733
1.95512e+06
1.48376e+06
-13349.5
432761
-2.47972e+06
-2.13611e+06
-1.73414e+06
-1.46017e+06
-1.26241e+06
-1.06932e+06
-774838
-681898
-607201
-449226
66144.2
-97908.1
325868
370848
825394
502307
-1.7194e+06
-1.35903e+06
-417209
-603002
1.88453e+06
1.41787e+06
-77455.8
379145
-2.51355e+06
-2.16324e+06
-1.72735e+06
-1.48087e+06
-1.25181e+06
-1.06057e+06
-762968
-676730
-509142
-361598
145897
-42783.5
363287
402430
849836
532883
-1.64677e+06
-1.3036e+06
-369670
-548315
1.84647e+06
1.38046e+06
-115431
336448
-2.52902e+06
-2.17091e+06
-1.74415e+06
-1.47305e+06
-1.20895e+06
-1.02673e+06
-748470
-662825
-560282
-404657
128599
-42425
355383
398589
854638
541698
-1.72206e+06
-1.36404e+06
-396663
-581484
1.90885e+06
1.43548e+06
-79408.1
366512
-2.54301e+06
-2.17958e+06
-1.75931e+06
-1.47937e+06
-1.20455e+06
-1.02659e+06
-740090
-672071
-595142
-434905
111682
-66907.2
297026
350951
832289
521949
-1.77033e+06
-1.40284e+06
-414975
-603184
2.01999e+06
1.52324e+06
-38143.5
415640
-2.52503e+06
-2.17043e+06
-1.76295e+06
-1.4847e+06
-1.23167e+06
-1.0483e+06
-751758
-676164
-669139
-490786
95454.5
-88466.1
284589
344584
836596
524161
-1.82357e+06
-1.44706e+06
-426578
-616769
2.2437e+06
1.70831e+06
75579.1
496979
-2.57261e+06
-2.20919e+06
-1.79487e+06
-1.49754e+06
-1.21046e+06
-1.02632e+06
-752922
-664880
-708106
-525769
72394.3
-103531
219091
291106
824060
483922
-1.91255e+06
-1.51488e+06
-439323
-658265
2.34106e+06
1.79373e+06
98576.3
580747
-2.74903e+06
-2.35424e+06
-1.87722e+06
-1.5756e+06
-1.18518e+06
-1.00708e+06
-746614
-650226
-704696
-522010
63160.9
-106199
194821
271487
815354
481671
-1.83923e+06
-1.45021e+06
-406797
-622674
2.3025e+06
1.75418e+06
40006.7
542183
-2.86707e+06
-2.45546e+06
-1.92313e+06
-1.65157e+06
-1.14207e+06
-974010
-728095
-639979
-639763
-468933
87806.4
-95354.1
155122
235987
786964
464160
-1.83686e+06
-1.45223e+06
-397898
-604506
2.31676e+06
1.75537e+06
17829.7
506062
-2.87495e+06
-2.46385e+06
-1.92933e+06
-1.65944e+06
-1.14229e+06
-974272
-730224
-639324
-670747
-496536
72598.7
-106195
116836
203474
778158
445613
-1.93128e+06
-1.52677e+06
-422586
-647449
2.3922e+06
1.82134e+06
47298.4
541087
-2.85451e+06
-2.44445e+06
-1.92252e+06
-1.64538e+06
-1.17869e+06
-1.0073e+06
-735330
-661354
-641630
-471886
84984.3
-90267.1
66997.7
164659
756418
437201
-1.93197e+06
-1.52601e+06
-420835
-644304
2.4985e+06
1.90307e+06
85941.1
580122
-2.76467e+06
-2.37869e+06
-1.88838e+06
-1.61976e+06
-1.247e+06
-1.06448e+06
-767708
-686439
-686048
-506680
85948.1
-104182
49124.1
150971
755447
426836
-1.95523e+06
-1.54831e+06
-419678
-646291
2.70539e+06
2.07262e+06
194641
653408
-2.74881e+06
-2.35923e+06
-1.88185e+06
-1.59988e+06
-1.26601e+06
-1.07015e+06
-777098
-697609
-683711
-501788
88609.7
-90108.7
25091.7
135634
765546
406445
-2.0027e+06
-1.57857e+06
-410975
-665247
2.76784e+06
2.12997e+06
202547
726819
-2.82297e+06
-2.41992e+06
-1.91315e+06
-1.62997e+06
-1.23828e+06
-1.04861e+06
-761463
-672292
-585156
-417373
123143
-56099.7
55684
161911
779288
432170
-1.8426e+06
-1.43938e+06
-342328
-593551
2.71252e+06
2.07646e+06
138230
677820
-2.87114e+06
-2.4629e+06
-1.91624e+06
-1.66029e+06
-1.22821e+06
-1.04413e+06
-754733
-667123
-470099
-323547
177950
-3565.94
46545.3
150390
768993
431590
-1.76068e+06
-1.37911e+06
-294629
-534479
2.69872e+06
2.05579e+06
105222
638088
-2.87004e+06
-2.45771e+06
-1.91691e+06
-1.64554e+06
-1.16505e+06
-994388
-724774
-647924
-476989
-335854
177559
-4852.17
63077.5
168175
790198
443017
-1.76427e+06
-1.37889e+06
-285784
-537891
2.77426e+06
2.12336e+06
144724
671622
-2.91952e+06
-2.49419e+06
-1.93544e+06
-1.66392e+06
-1.17031e+06
-998889
-720253
-654131
-523772
-372490
158247
-27146.5
7469.17
125859
769853
431342
-1.76612e+06
-1.37778e+06
-292385
-534988
2.88277e+06
2.20886e+06
175694
715622
-2.82465e+06
-2.42626e+06
-1.90868e+06
-1.64028e+06
-1.12115e+06
-961063
-716907
-633672
-517910
-369058
161488
-24340
93991.5
196084
805057
466851
-1.69063e+06
-1.32287e+06
-268853
-507708
3.14822e+06
2.42383e+06
294743
810803
-2.82135e+06
-2.41703e+06
-1.90421e+06
-1.62671e+06
-1.04702e+06
-894793
-698223
-606863
-509554
-359766
161732
-19830.8
105816
208666
822675
456630
-1.7242e+06
-1.34294e+06
-270468
-521932
3.22861e+06
2.49454e+06
308173
881282
-3.02993e+06
-2.58964e+06
-1.98263e+06
-1.708e+06
-1.05389e+06
-904383
-701632
-600112
-545360
-389688
140977
-33752.3
43779.1
154767
801229
442889
-1.70165e+06
-1.32228e+06
-267102
-512691
3.14463e+06
2.41555e+06
229320
819173
-3.1908e+06
-2.72077e+06
-2.03934e+06
-1.79039e+06
-1.0465e+06
-899802
-708401
-606838
-535943
-380532
139430
-42031.1
-25103.7
97406.1
753905
410376
-1.73177e+06
-1.35099e+06
-288040
-519942
3.10345e+06
2.37542e+06
168653
763021
-3.18394e+06
-2.71265e+06
-2.05666e+06
-1.77951e+06
-988865
-853328
-701376
-591539
-581234
-423127
117516
-57662.4
-102315
34369.6
727401
379130
-1.81203e+06
-1.42361e+06
-329321
-556791
3.18146e+06
2.43877e+06
180803
782011
-3.18085e+06
-2.70895e+06
-2.07726e+06
-1.78418e+06
-976471
-848914
-696268
-596672
-611135
-447435
116707
-73010.9
-188501
-34704.8
703163
350458
-1.9273e+06
-1.51576e+06
-386112
-612560
3.22729e+06
2.47237e+06
191005
796397
-3.20577e+06
-2.73576e+06
-2.10921e+06
-1.81081e+06
-1.1015e+06
-948524
-769143
-650390
-774715
-575796
59887
-132563
-315880
-134370
653780
304006
-2.13246e+06
-1.68663e+06
-479131
-698781
3.34616e+06
2.57056e+06
239438
829390
-3.2151e+06
-2.74704e+06
-2.13562e+06
-1.8228e+06
-1.07271e+06
-928152
-784086
-657807
-762560
-570157
67785.4
-125291
-417385
-220993
633281
245532
-2.25348e+06
-1.78573e+06
-516764
-766108
3.35278e+06
2.57452e+06
208925
852672
-3.34253e+06
-2.85295e+06
-2.20073e+06
-1.87987e+06
-1.00411e+06
-873725
-756136
-619177
-695796
-509482
110797
-88450.6
-488892
-275376
630428
237008
-2.2171e+06
-1.74766e+06
-490925
-738299
3.23438e+06
2.46949e+06
122694
784483
-3.41115e+06
-2.91332e+06
-2.22775e+06
-1.92945e+06
-915825
-803229
-720185
-593635
-587410
-416460
185881
-40390.6
-585168
-350999
602010
199792
-2.24294e+06
-1.77062e+06
-482392
-734653
3.16956e+06
2.4078e+06
64899
714060
-556037
-545167
-801938
-550889
953415
843815
828229
644760
-397536
-261052
242625
51442
-1.57783e+06
-1.30153e+06
-699714
-710837
808193
620340
57712.6
196939
-2.21705e+06
-1.81421e+06
-913356
-974979
-636938
-608425
-828929
-584321
987586
870706
827816
658130
-472860
-321589
203976
14932.7
-1.62273e+06
-1.33752e+06
-727077
-743494
883357
677439
77277.6
225713
-2.20044e+06
-1.79966e+06
-899561
-940410
-666329
-636298
-865948
-603941
1.08919e+06
956039
882554
706545
-402999
-270161
223857
39969.9
-1.53251e+06
-1.26434e+06
-687040
-698530
957069
744534
126725
271381
-2.33982e+06
-1.911e+06
-951023
-1.02392e+06
-727227
-686636
-891506
-639935
1.13814e+06
996685
920299
730341
-364634
-236305
256773
52947.4
-1.56236e+06
-1.29015e+06
-686937
-713024
963220
743455
124582
274807
-2.29441e+06
-1.8777e+06
-920763
-999454
-695615
-661836
-885755
-626456
1.2007e+06
1.05167e+06
977753
769138
-235793
-125888
333848
129137
-1.64663e+06
-1.35973e+06
-706444
-731936
923063
713085
115669
255646
-2.23667e+06
-1.82802e+06
-888995
-973320
-714043
-672116
-892819
-635071
1.16614e+06
1.0234e+06
971915
774131
-294709
-174426
319658
110633
-1.76753e+06
-1.45788e+06
-758546
-792339
965057
743811
107876
261480
-2.19856e+06
-1.79573e+06
-886893
-933629
-673353
-644713
-878589
-614254
1.17776e+06
1.03834e+06
984903
782587
-250122
-136417
335891
134559
-1.84108e+06
-1.51499e+06
-796432
-817553
982320
761049
117659
271127
-2.19075e+06
-1.79089e+06
-900044
-959832
-770526
-720600
-903743
-651487
1.21911e+06
1.07175e+06
996845
803689
-328279
-199106
299653
98418
-1.91829e+06
-1.5767e+06
-836615
-864378
1.04921e+06
814977
143307
300485
-2.18298e+06
-1.78219e+06
-881267
-928426
-857514
-796068
-963939
-698192
1.27292e+06
1.11654e+06
1.02597e+06
825230
-305585
-186345
296427
100090
-1.87991e+06
-1.54787e+06
-823569
-845645
1.06668e+06
832697
163954
317678
-2.35238e+06
-1.92017e+06
-956573
-1.02754e+06
-940777
-862588
-999191
-739748
1.3163e+06
1.15377e+06
1.06178e+06
849993
-277165
-160747
323774
105897
-1.94052e+06
-1.59855e+06
-841130
-876013
1.04362e+06
809332
149598
308829
-2.31601e+06
-1.89498e+06
-931536
-1.01165e+06
-952769
-874275
-1.01363e+06
-745953
1.35242e+06
1.18645e+06
1.10289e+06
876042
-162932
-63238.7
390211
173557
-2.06022e+06
-1.69748e+06
-882056
-913937
974926
754071
123995
276851
-2.2501e+06
-1.83875e+06
-900827
-982173
-998666
-907152
-1.02118e+06
-764022
1.3087e+06
1.1503e+06
1.10184e+06
877783
-216464
-107048
380655
162074
-2.20078e+06
-1.81344e+06
-944049
-983396
984812
760794
109413
272058
-2.21588e+06
-1.80883e+06
-896715
-942184
-967405
-884497
-1.00786e+06
-749208
1.26189e+06
1.12279e+06
1.10169e+06
863358
-201065
-86789.6
410506
185736
-2.26477e+06
-1.86004e+06
-978190
-1.00514e+06
918563
710731
84990
238121
-2.2294e+06
-1.82232e+06
-923993
-976780
-1.0043e+06
-913901
-1.02528e+06
-778432
1.304e+06
1.15582e+06
1.11135e+06
875437
-235601
-116339
387319
167392
-2.26891e+06
-1.86682e+06
-995464
-1.02196e+06
973197
749822
96706
250178
-2.28114e+06
-1.8688e+06
-957762
-988358
-953014
-877011
-1.02875e+06
-753405
1.41076e+06
1.2456e+06
1.17856e+06
940058
-198235
-89341.5
407442
193611
-2.21672e+06
-1.82365e+06
-967266
-987045
1.0234e+06
797363
137162
293195
-2.40033e+06
-1.96651e+06
-1.0207e+06
-1.06379e+06
-935330
-863928
-1.0314e+06
-766224
1.44183e+06
1.27232e+06
1.20934e+06
955291
-208497
-98459
417435
181728
-2.25034e+06
-1.85467e+06
-974909
-1.00818e+06
1.02085e+06
787916
125663
283145
-2.38781e+06
-1.96481e+06
-1.02042e+06
-1.07327e+06
-817190
-768262
-999080
-720070
1.47278e+06
1.30482e+06
1.25768e+06
982680
-164756
-54817
464431
223498
-2.3445e+06
-1.93051e+06
-1.00627e+06
-1.03428e+06
981447
758528
109578
259881
-2.36895e+06
-1.94635e+06
-1.01522e+06
-1.0649e+06
-725905
-691222
-966452
-688279
1.48735e+06
1.3127e+06
1.26846e+06
998512
-222938
-105033
435963
193286
-2.42458e+06
-1.99982e+06
-1.05804e+06
-1.08919e+06
1.09307e+06
845096
126828
292690
-2.34289e+06
-1.92686e+06
-1.03618e+06
-1.04453e+06
-672644
-654568
-939193
-655577
1.48114e+06
1.31221e+06
1.28014e+06
1.00026e+06
-255950
-126109
441363
185211
-2.46185e+06
-2.02764e+06
-1.07631e+06
-1.1063e+06
1.07789e+06
836423
138988
293941
-2.3677e+06
-1.94996e+06
-1.04989e+06
-1.08474e+06
-773023
-736039
-969107
-695099
1.53849e+06
1.35331e+06
1.29173e+06
1.02353e+06
-346591
-200621
401818
146940
-2.43153e+06
-2.00417e+06
-1.06829e+06
-1.10664e+06
1.12155e+06
870130
162273
323326
-2.37852e+06
-1.9586e+06
-1.03283e+06
-1.06498e+06
-811309
-766466
-998580
-713457
1.61409e+06
1.4226e+06
1.34221e+06
1.06313e+06
-323092
-181277
422370
160995
-2.32774e+06
-1.91512e+06
-1.00954e+06
-1.04411e+06
1.11788e+06
877589
199876
339349
-2.50544e+06
-2.05579e+06
-1.0789e+06
-1.13313e+06
-906789
-841900
-1.04665e+06
-753656
1.64442e+06
1.44984e+06
1.36386e+06
1.08666e+06
-342204
-193574
432563
155792
-2.34114e+06
-1.926e+06
-1.00184e+06
-1.04572e+06
1.05775e+06
826144
168696
328853
-2.4884e+06
-2.04673e+06
-1.05909e+06
-1.1222e+06
-982554
-906721
-1.0909e+06
-793145
1.63231e+06
1.44315e+06
1.382e+06
1.08605e+06
-308543
-159929
474683
190492
-2.43838e+06
-2.00604e+06
-1.02947e+06
-1.07163e+06
901732
700114
109643
254906
-2.47594e+06
-2.03417e+06
-1.04347e+06
-1.11207e+06
-1.01131e+06
-928928
-1.10274e+06
-815513
1.64313e+06
1.44593e+06
1.39258e+06
1.09846e+06
-355670
-201620
457899
170289
-2.48284e+06
-2.04399e+06
-1.05246e+06
-1.11111e+06
924737
715214
97145.9
251292
-2.4281e+06
-1.99289e+06
-1.0317e+06
-1.07379e+06
-975187
-903072
-1.0942e+06
-798400
1.67446e+06
1.48161e+06
1.41767e+06
1.12133e+06
-275770
-134005
486788
210044
-2.47469e+06
-2.03457e+06
-1.05849e+06
-1.09341e+06
926325
718215
105483
252195
-2.42955e+06
-1.99584e+06
-1.04531e+06
-1.08851e+06
-1.01818e+06
-938073
-1.11293e+06
-823550
1.75932e+06
1.55032e+06
1.44804e+06
1.15496e+06
-280195
-138350
465707
194737
-2.45953e+06
-2.02204e+06
-1.06354e+06
-1.1051e+06
1.00744e+06
781414
137559
284451
-2.47711e+06
-2.03356e+06
-1.04556e+06
-1.08894e+06
-1.02815e+06
-951893
-1.15169e+06
-839512
1.88436e+06
1.65396e+06
1.51073e+06
1.21588e+06
-203375
-81404.3
485075
225986
-2.36497e+06
-1.94502e+06
-1.01977e+06
-1.05158e+06
1.05556e+06
827103
176214
320054
-2.6468e+06
-2.16869e+06
-1.11239e+06
-1.1781e+06
-1.05582e+06
-976556
-1.17941e+06
-862330
1.95803e+06
1.71571e+06
1.55912e+06
1.25595e+06
-145513
-33746.7
516295
239329
-2.37778e+06
-1.9584e+06
-1.01285e+06
-1.06229e+06
1.03357e+06
803319
159236
315376
-2.67228e+06
-2.19292e+06
-1.10386e+06
-1.18411e+06
-1.01981e+06
-949737
-1.18916e+06
-856904
2.02042e+06
1.77185e+06
1.61491e+06
1.29642e+06
2742.16
91036.5
594149
320229
-2.43032e+06
-2.00217e+06
-1.02371e+06
-1.06714e+06
959773
744364
129579
279316
-2.67398e+06
-2.19094e+06
-1.08685e+06
-1.17369e+06
-965793
-904378
-1.17147e+06
-849118
2.04347e+06
1.78862e+06
1.63759e+06
1.31358e+06
4949.75
92392.7
596144
319926
-2.49345e+06
-2.05137e+06
-1.05455e+06
-1.11128e+06
1.02159e+06
792631
133042
283412
-2.65985e+06
-2.17624e+06
-1.07855e+06
-1.15212e+06
-892121
-848704
-1.15094e+06
-801895
2.04777e+06
1.80079e+06
1.64244e+06
1.3356e+06
21233
110331
607056
347032
-2.52583e+06
-2.07282e+06
-1.0739e+06
-1.10981e+06
1.00897e+06
787946
125391
285733
-2.67231e+06
-2.18314e+06
-1.10307e+06
-1.15692e+06
-977360
-917153
-1.18683e+06
-853040
2.0473e+06
1.79688e+06
1.62304e+06
1.3265e+06
-84538.9
23380.5
550775
289554
-2.53972e+06
-2.08567e+06
-1.09483e+06
-1.13959e+06
1.06201e+06
825151
132607
293988
-2.75913e+06
-2.25487e+06
-1.13785e+06
-1.18176e+06
-987547
-932726
-1.22082e+06
-860839
2.10213e+06
1.84041e+06
1.65201e+06
1.34979e+06
-76600.9
22666.3
541033
292172
-2.44658e+06
-2.01313e+06
-1.06573e+06
-1.08718e+06
1.13813e+06
891262
174291
338713
-2.94999e+06
-2.41318e+06
-1.22415e+06
-1.28812e+06
-1.01088e+06
-949791
-1.23359e+06
-890346
2.10892e+06
1.84851e+06
1.67032e+06
1.35384e+06
-76245.9
23756.7
554696
277577
-2.46252e+06
-2.03038e+06
-1.06679e+06
-1.1115e+06
1.18566e+06
922670
185454
347206
-2.98081e+06
-2.44088e+06
-1.22526e+06
-1.30686e+06
-891748
-853255
-1.20094e+06
-836764
2.13182e+06
1.87273e+06
1.70458e+06
1.37921e+06
35023
119966
617226
348879
-2.50873e+06
-2.06817e+06
-1.08298e+06
-1.11163e+06
1.23868e+06
969117
201308
366782
-2.99592e+06
-2.45001e+06
-1.23043e+06
-1.30165e+06
-841523
-811499
-1.18106e+06
-825590
2.10436e+06
1.84396e+06
1.69734e+06
1.37101e+06
-33251
62633.4
595662
318854
-2.55773e+06
-2.10971e+06
-1.11791e+06
-1.15679e+06
1.37314e+06
1.0729e+06
224641
407246
-3.02112e+06
-2.47117e+06
-1.25514e+06
-1.30541e+06
1.32207e+06
1.07348e+06
483779
531150
-1.92024e+06
-1.60961e+06
-1.03017e+06
-955026
2.05921e+06
1.64603e+06
580327
744004
2.89794e+06
2.34103e+06
985564
1.14603e+06
2.541e+06
2.13648e+06
1.40991e+06
1.28793e+06
-570970
-474395
-277806
-274636
1.37841e+06
1.11943e+06
519756
566879
-1.93092e+06
-1.61861e+06
-1.0409e+06
-973316
2.12206e+06
1.69806e+06
605232
784513
2.97366e+06
2.4054e+06
1.01263e+06
1.18098e+06
2.63582e+06
2.21748e+06
1.45891e+06
1.35404e+06
-617343
-510102
-293776
-289106
1.41519e+06
1.15482e+06
543047
604726
-1.97744e+06
-1.65545e+06
-1.05433e+06
-1.00232e+06
2.11914e+06
1.69242e+06
591800
778916
2.97776e+06
2.40561e+06
1.00415e+06
1.18635e+06
2.66675e+06
2.23778e+06
1.46449e+06
1.37419e+06
-612807
-506451
-283781
-280385
1.48805e+06
1.2082e+06
566902
623355
-1.97853e+06
-1.66e+06
-1.04931e+06
-1.00755e+06
2.1951e+06
1.75422e+06
616327
801852
2.9928e+06
2.41828e+06
1.00145e+06
1.18765e+06
2.60537e+06
2.19043e+06
1.42625e+06
1.3427e+06
-576711
-479924
-278872
-273584
1.52363e+06
1.24358e+06
588378
636180
-2.00921e+06
-1.68785e+06
-1.06467e+06
-1.0091e+06
2.30119e+06
1.83971e+06
654514
847913
3.02994e+06
2.45032e+06
1.0221e+06
1.20124e+06
2.53014e+06
2.13135e+06
1.41074e+06
1.3093e+06
-581586
-483534
-282169
-283050
1.57083e+06
1.28491e+06
592237
662565
-2.04134e+06
-1.70459e+06
-1.06147e+06
-1.00932e+06
2.32984e+06
1.8656e+06
659859
858727
3.12977e+06
2.53033e+06
1.05411e+06
1.24124e+06
2.52096e+06
2.11709e+06
1.41038e+06
1.29885e+06
-582420
-480870
-283389
-276627
1.64347e+06
1.34053e+06
632352
683988
-2.13842e+06
-1.78516e+06
-1.10792e+06
-1.0441e+06
2.3722e+06
1.89788e+06
673082
866277
3.17528e+06
2.56235e+06
1.06182e+06
1.25279e+06
2.6395e+06
2.21884e+06
1.46552e+06
1.34365e+06
-644321
-532081
-294036
-294516
1.75007e+06
1.42625e+06
676285
734774
-2.10476e+06
-1.75939e+06
-1.09656e+06
-1.04395e+06
2.40894e+06
1.92695e+06
675962
888761
3.26545e+06
2.63673e+06
1.08368e+06
1.28421e+06
2.75778e+06
2.31724e+06
1.51198e+06
1.41026e+06
-677711
-558414
-307649
-309649
1.79347e+06
1.46579e+06
692564
765408
-2.17481e+06
-1.81465e+06
-1.11343e+06
-1.07908e+06
2.35172e+06
1.8745e+06
629625
849008
3.21869e+06
2.59301e+06
1.04584e+06
1.25703e+06
2.78809e+06
2.33631e+06
1.51283e+06
1.42447e+06
-710287
-585820
-311785
-319517
1.84647e+06
1.5031e+06
703684
777561
-2.19545e+06
-1.83171e+06
-1.10829e+06
-1.08538e+06
2.36838e+06
1.89067e+06
630461
847988
3.19343e+06
2.57512e+06
1.02773e+06
1.24172e+06
2.72342e+06
2.28795e+06
1.47376e+06
1.39391e+06
-699807
-577206
-311428
-319248
1.85358e+06
1.51379e+06
709657
775944
-2.218e+06
-1.85227e+06
-1.11543e+06
-1.08028e+06
2.43644e+06
1.94343e+06
656860
882225
3.196e+06
2.57776e+06
1.03872e+06
1.24801e+06
2.64574e+06
2.22627e+06
1.45689e+06
1.3629e+06
-711125
-586305
-310616
-325606
1.97695e+06
1.61572e+06
739395
827451
-2.21843e+06
-1.84472e+06
-1.09541e+06
-1.06598e+06
2.47564e+06
1.97544e+06
657247
890421
3.3235e+06
2.67821e+06
1.077e+06
1.29286e+06
2.68552e+06
2.24998e+06
1.46829e+06
1.36376e+06
-689102
-565596
-301326
-309551
2.02686e+06
1.65078e+06
777945
840659
-2.31335e+06
-1.91981e+06
-1.14552e+06
-1.09672e+06
2.50137e+06
1.99749e+06
680082
892000
3.39779e+06
2.73756e+06
1.10638e+06
1.3126e+06
2.83843e+06
2.38347e+06
1.55331e+06
1.42237e+06
-758332
-615942
-305317
-333522
2.04752e+06
1.67078e+06
810521
869769
-2.35014e+06
-1.95458e+06
-1.16555e+06
-1.13265e+06
2.46038e+06
1.96546e+06
664963
896138
3.44745e+06
2.78228e+06
1.1321e+06
1.34836e+06
2.96146e+06
2.48919e+06
1.62503e+06
1.50871e+06
-820419
-665839
-324752
-350597
2.06305e+06
1.68693e+06
813905
897921
-2.3456e+06
-1.953e+06
-1.17705e+06
-1.13791e+06
2.46623e+06
1.96426e+06
645572
892176
3.45942e+06
2.7852e+06
1.1164e+06
1.36002e+06
3.07182e+06
2.57818e+06
1.67194e+06
1.57038e+06
-810398
-659756
-322414
-336192
2.08332e+06
1.69588e+06
821004
892975
-2.36009e+06
-1.97052e+06
-1.19072e+06
-1.15843e+06
2.4706e+06
1.96635e+06
637039
882603
3.37894e+06
2.71894e+06
1.07335e+06
1.31624e+06
3.03918e+06
2.5516e+06
1.65772e+06
1.55673e+06
-832488
-682702
-341407
-352815
2.115e+06
1.72955e+06
840819
897973
-2.35238e+06
-1.96587e+06
-1.1969e+06
-1.15707e+06
2.5245e+06
2.01065e+06
657597
895122
3.34301e+06
2.69376e+06
1.06333e+06
1.29072e+06
3.00954e+06
2.533e+06
1.65933e+06
1.54134e+06
-847839
-690804
-342137
-378509
2.18633e+06
1.79269e+06
860815
943482
-2.40796e+06
-2.00335e+06
-1.21506e+06
-1.16128e+06
2.53667e+06
2.0212e+06
650232
900791
3.4365e+06
2.76553e+06
1.09972e+06
1.32754e+06
3.05923e+06
2.5674e+06
1.6929e+06
1.56284e+06
-836237
-679149
-339467
-359192
2.18452e+06
1.78543e+06
870237
932699
-2.55914e+06
-2.13093e+06
-1.29081e+06
-1.22906e+06
2.53865e+06
2.01941e+06
655543
888965
3.4337e+06
2.76265e+06
1.09347e+06
1.32588e+06
3.15797e+06
2.65233e+06
1.74877e+06
1.60732e+06
-945622
-771458
-369838
-398302
2.1797e+06
1.78062e+06
870840
934746
-2.63068e+06
-2.19375e+06
-1.33583e+06
-1.28243e+06
2.52173e+06
2.00528e+06
634601
887815
3.45929e+06
2.78411e+06
1.08658e+06
1.32664e+06
3.2625e+06
2.74059e+06
1.78744e+06
1.6669e+06
-1.0235e+06
-835569
-411403
-440885
2.13557e+06
1.74897e+06
855313
933334
-2.6994e+06
-2.24895e+06
-1.35692e+06
-1.32003e+06
2.50408e+06
1.98609e+06
616973
874661
3.43442e+06
2.75853e+06
1.06222e+06
1.3182e+06
3.33563e+06
2.79425e+06
1.81286e+06
1.7041e+06
-1.03965e+06
-850221
-409355
-442353
2.16878e+06
1.76888e+06
864546
937349
-2.7437e+06
-2.28588e+06
-1.36709e+06
-1.33624e+06
2.57154e+06
2.04017e+06
644343
895412
3.43126e+06
2.75566e+06
1.05431e+06
1.30996e+06
3.336e+06
2.79739e+06
1.79414e+06
1.70009e+06
-965373
-792027
-382889
-416748
2.17203e+06
1.77657e+06
873891
929525
-2.80769e+06
-2.34151e+06
-1.39405e+06
-1.35944e+06
2.67833e+06
2.12713e+06
694771
939011
3.4499e+06
2.77248e+06
1.07161e+06
1.31273e+06
3.28595e+06
2.75693e+06
1.78513e+06
1.66791e+06
-914525
-749431
-355657
-403564
2.1801e+06
1.78892e+06
852982
941199
-2.88307e+06
-2.39504e+06
-1.4187e+06
-1.3799e+06
2.69957e+06
2.14936e+06
680711
952124
3.53227e+06
2.83954e+06
1.08126e+06
1.34613e+06
3.31324e+06
2.77351e+06
1.78552e+06
1.67333e+06
-901411
-733579
-364090
-385607
2.19606e+06
1.79408e+06
875569
933107
-2.98068e+06
-2.476e+06
-1.47216e+06
-1.41882e+06
2.7559e+06
2.19206e+06
706463
958471
3.58914e+06
2.88267e+06
1.10276e+06
1.35115e+06
3.48624e+06
2.9195e+06
1.85925e+06
1.7346e+06
-927474
-754923
-364310
-396223
2.20805e+06
1.80412e+06
894422
957022
-2.98208e+06
-2.48118e+06
-1.49309e+06
-1.4397e+06
2.77992e+06
2.21181e+06
707602
981509
3.69711e+06
2.97185e+06
1.14172e+06
1.40231e+06
3.6377e+06
3.0443e+06
1.92764e+06
1.81507e+06
-926910
-755065
-372097
-397016
2.12869e+06
1.74416e+06
868324
942021
-3.01201e+06
-2.5072e+06
-1.51868e+06
-1.46771e+06
2.78437e+06
2.21237e+06
694220
978176
3.68883e+06
2.96255e+06
1.1327e+06
1.40418e+06
3.77415e+06
3.15472e+06
1.98553e+06
1.88304e+06
-892157
-727332
-353897
-379646
2.09287e+06
1.70971e+06
843764
917262
-3.0585e+06
-2.54937e+06
-1.54674e+06
-1.49342e+06
2.82599e+06
2.2432e+06
703643
987724
3.65497e+06
2.9347e+06
1.12199e+06
1.39242e+06
3.77567e+06
3.15498e+06
1.97699e+06
1.88516e+06
-846019
-693241
-344790
-362604
2.03415e+06
1.66594e+06
818157
878229
-3.10992e+06
-2.59469e+06
-1.58122e+06
-1.51954e+06
2.91369e+06
2.31587e+06
736969
1.01927e+06
3.65469e+06
2.94025e+06
1.13777e+06
1.3911e+06
3.75611e+06
3.14392e+06
1.98148e+06
1.87099e+06
-832847
-680410
-337892
-369459
2.04548e+06
1.67696e+06
816982
887178
-3.12071e+06
-2.59916e+06
-1.58042e+06
-1.52208e+06
2.94838e+06
2.34509e+06
736617
1.03049e+06
3.79991e+06
3.05644e+06
1.19084e+06
1.45138e+06
3.83252e+06
3.20088e+06
2.0156e+06
1.90196e+06
-764235
-623204
-315828
-338233
2.07172e+06
1.69672e+06
847770
892557
-3.21301e+06
-2.67201e+06
-1.62255e+06
-1.55161e+06
2.99596e+06
2.38574e+06
775937
1.04202e+06
3.90812e+06
3.14228e+06
1.25132e+06
1.49064e+06
3.97215e+06
3.32597e+06
2.10784e+06
1.96542e+06
-762853
-620551
-287667
-331417
2.0924e+06
1.71228e+06
855524
911991
-3.20482e+06
-2.6701e+06
-1.63221e+06
-1.56274e+06
3.01358e+06
2.40258e+06
781972
1.07763e+06
4.00289e+06
3.22762e+06
1.29817e+06
1.55438e+06
4.05706e+06
3.40281e+06
2.16293e+06
2.04422e+06
-777898
-627344
-289434
-319906
2.17418e+06
1.78037e+06
879620
950991
-3.20089e+06
-2.66848e+06
-1.63189e+06
-1.57676e+06
3.03915e+06
2.41714e+06
774394
1.06912e+06
4.06116e+06
3.26889e+06
1.31506e+06
1.58299e+06
4.1436e+06
3.47035e+06
2.20162e+06
2.08348e+06
-716658
-580511
-264998
-293579
2.22781e+06
1.81606e+06
880437
965514
-3.206e+06
-2.67479e+06
-1.63638e+06
-1.57913e+06
3.07471e+06
2.44649e+06
787465
1.08721e+06
4.04884e+06
3.26076e+06
1.31125e+06
1.5832e+06
4.04156e+06
3.39154e+06
2.16411e+06
2.05641e+06
-683987
-556188
-264029
-280439
2.2586e+06
1.84654e+06
889989
961653
-3.23679e+06
-2.70355e+06
-1.65658e+06
-1.58881e+06
3.15275e+06
2.51022e+06
824165
1.11568e+06
4.06342e+06
3.27781e+06
1.33556e+06
1.58424e+06
3.93389e+06
3.30733e+06
2.14728e+06
2.00649e+06
-680390
-552866
-258315
-296246
2.37331e+06
1.93922e+06
907994
1.00177e+06
-3.23511e+06
-2.69745e+06
-1.65396e+06
-1.58358e+06
3.25072e+06
2.59e+06
853793
1.15312e+06
4.25429e+06
3.42878e+06
1.4082e+06
1.65954e+06
3.99474e+06
3.34961e+06
2.18726e+06
2.02608e+06
-608637
-492948
-239812
-259112
-58690.6
-94236.1
-330763
-179481
563473
524600
652051
472096
-1.47317e+06
-1.25481e+06
-922578
-803235
1.83248e+06
1.53686e+06
996174
941720
-342938
-230389
224775
41402.5
93893.2
56215
-106357
-37186.7
-160851
-179737
-378188
-228929
545525
507922
638867
463088
-1.55191e+06
-1.32164e+06
-967606
-848798
1.85631e+06
1.55915e+06
1.02614e+06
946230
-415627
-286298
204323
20714.7
45932.2
17552.5
-128333
-52969.4
-120731
-146315
-369516
-226953
576753
534873
663889
477528
-1.55006e+06
-1.31915e+06
-978160
-863673
1.95387e+06
1.64002e+06
1.07167e+06
994245
-385797
-257636
232641
38212.8
33345.7
4927.83
-121127
-62907.8
-79311.2
-114314
-354535
-208589
586379
544587
697976
496061
-1.54784e+06
-1.32098e+06
-984602
-865406
2.01013e+06
1.68765e+06
1.09678e+06
1.02518e+06
-350915
-229315
256630
58174.4
42292.8
15927.6
-94156.2
-54608.4
-185121
-204526
-412136
-248195
599726
561197
721445
511614
-1.64915e+06
-1.409e+06
-1.04204e+06
-910775
2.04776e+06
1.72288e+06
1.11838e+06
1.0506e+06
-468542
-326630
211019
19879.6
-1267.14
-15612.9
-90485.6
-54569.6
-227035
-237033
-412905
-281578
646664
595564
732867
528448
-1.62065e+06
-1.38355e+06
-1.02616e+06
-908648
2.04541e+06
1.71508e+06
1.12937e+06
1.04426e+06
-443666
-305187
216895
18838.7
25804.4
-238.295
-84515.5
-54778.1
-221470
-230980
-420914
-265491
714443
655992
768782
566327
-1.66375e+06
-1.41888e+06
-1.0585e+06
-917675
2.04356e+06
1.71418e+06
1.11893e+06
1.05025e+06
-373053
-250272
246500
42837.2
75854.2
49360.3
-65182.5
-15697.1
-274450
-275176
-447832
-290620
739509
676343
773124
578058
-1.72235e+06
-1.46917e+06
-1.09538e+06
-953671
2.0726e+06
1.74131e+06
1.14463e+06
1.05872e+06
-397750
-266973
239644
44591.6
71468
46607.5
-74203.8
-13310.6
-237468
-246876
-441567
-288909
791992
719058
805513
602975
-1.73317e+06
-1.4775e+06
-1.11852e+06
-974140
2.19362e+06
1.83979e+06
1.1886e+06
1.10765e+06
-331995
-210354
272818
72634.7
108881
73494.6
-57504
-8605.49
-192757
-211486
-428770
-270075
847419
766630
855106
637650
-1.74684e+06
-1.49414e+06
-1.14209e+06
-987525
2.29704e+06
1.9243e+06
1.22108e+06
1.15386e+06
-268594
-160609
297631
102013
162631
119778
-22879.1
16851.8
-251123
-262031
-467854
-296522
939862
847872
912562
687265
-1.80999e+06
-1.55105e+06
-1.19314e+06
-1.02674e+06
2.39939e+06
2.01056e+06
1.25568e+06
1.19872e+06
-297219
-184866
278024
91146.1
196110
150771
10984.2
43526
-313190
-311585
-480914
-332451
975126
871887
910331
697260
-1.80376e+06
-1.54386e+06
-1.19189e+06
-1.02994e+06
2.34902e+06
1.96371e+06
1.23726e+06
1.16789e+06
-266500
-160295
267942
90405
222543
164959
8918.74
43224.7
-320511
-316237
-480301
-328141
989795
889859
937815
725516
-1.8883e+06
-1.61736e+06
-1.2398e+06
-1.06426e+06
2.41067e+06
2.01414e+06
1.27106e+06
1.21502e+06
-262931
-157480
287689
95093.1
269615
209968
29863.2
75640.6
-398641
-378374
-502591
-357050
921072
833185
912821
698608
-2.00155e+06
-1.71154e+06
-1.28654e+06
-1.11926e+06
2.38398e+06
1.99305e+06
1.27783e+06
1.19867e+06
-337922
-216083
279606
75994.2
213208
164052
4900.25
58873.7
-349683
-338083
-473569
-343614
878661
801501
911742
680879
-2.04091e+06
-1.73954e+06
-1.3058e+06
-1.14971e+06
2.48729e+06
2.08103e+06
1.32857e+06
1.248e+06
-354027
-220216
301734
81755
242089
183373
22394.1
53474.2
-261288
-262284
-428445
-302386
846960
776390
933616
679349
-2.03029e+06
-1.73279e+06
-1.31109e+06
-1.14636e+06
2.56122e+06
2.14499e+06
1.36498e+06
1.29134e+06
-334154
-202432
323899
95692.8
319237
252356
73464.9
91479.8
-309955
-305208
-458634
-302007
815090
756828
950484
687413
-2.12213e+06
-1.81454e+06
-1.36821e+06
-1.18382e+06
2.6329e+06
2.20695e+06
1.39731e+06
1.33642e+06
-427288
-280306
289289
76048.6
317004
252941
92785.1
115203
-334075
-321538
-445160
-335212
906643
830572
986825
721273
-2.14919e+06
-1.83037e+06
-1.36421e+06
-1.20543e+06
2.62829e+06
2.19625e+06
1.39667e+06
1.31515e+06
-325450
-190549
343958
111812
406794
321117
133283
133678
-325886
-312984
-454633
-302014
872943
812829
981079
728838
-2.2607e+06
-1.92258e+06
-1.41663e+06
-1.23408e+06
2.5887e+06
2.16865e+06
1.36942e+06
1.31302e+06
-301077
-175990
364282
127248
398781
327220
119305
169266
-438373
-409672
-512310
-362249
814638
760115
942854
693470
-2.36641e+06
-2.0127e+06
-1.46919e+06
-1.29494e+06
2.5989e+06
2.1754e+06
1.37868e+06
1.2968e+06
-346871
-211924
346957
112982
305822
243922
55860
114668
-442522
-413251
-520024
-376592
776292
729902
928274
675568
-2.41932e+06
-2.05246e+06
-1.49734e+06
-1.32725e+06
2.70712e+06
2.26378e+06
1.4194e+06
1.34522e+06
-345454
-207378
361112
117050
261624
202351
15218.4
75004.2
-433408
-405774
-512901
-372046
711231
677123
922407
655472
-2.46833e+06
-2.09576e+06
-1.52264e+06
-1.35066e+06
2.78182e+06
2.32864e+06
1.44297e+06
1.38116e+06
-355992
-215216
364033
118249
198669
150230
-11561.2
40382.2
-551843
-506840
-569100
-421504
655731
636185
924131
635176
-2.5991e+06
-2.20949e+06
-1.58193e+06
-1.41366e+06
2.82596e+06
2.36236e+06
1.45939e+06
1.40091e+06
-473240
-314099
321992
71269.3
87752
59407.6
-46997.1
-7442.3
-601286
-545340
-570683
-445314
687369
657865
931946
652014
-2.60119e+06
-2.20393e+06
-1.56176e+06
-1.40412e+06
2.8025e+06
2.33816e+06
1.45665e+06
1.38542e+06
-429377
-273449
344879
98273
71629.2
36849.5
-61034.6
-22856.5
-626663
-561950
-584308
-447586
732302
702351
964922
675754
-2.68573e+06
-2.27229e+06
-1.59332e+06
-1.4327e+06
2.79182e+06
2.33081e+06
1.43692e+06
1.38741e+06
-392278
-242649
373864
109488
108059
79678.2
-52809.6
1441.79
-673885
-601089
-605645
-471288
714255
685131
952639
672665
-2.73001e+06
-2.3106e+06
-1.61153e+06
-1.45909e+06
2.77484e+06
2.31588e+06
1.43711e+06
1.36741e+06
-385908
-234693
390305
119613
111539
80713.4
-58139
1731.7
-632434
-568868
-596491
-459861
687135
664166
956204
666820
-2.75512e+06
-2.32802e+06
-1.62243e+06
-1.47229e+06
2.84109e+06
2.3697e+06
1.45677e+06
1.39876e+06
-336090
-188810
436885
158094
107653
73866.5
-55531.2
-1081.87
-586336
-531732
-582573
-445018
663313
646286
977554
667094
-2.76392e+06
-2.33668e+06
-1.62845e+06
-1.47924e+06
2.87121e+06
2.39386e+06
1.45884e+06
1.41118e+06
-285356
-144420
471623
186677
132769
97619.6
-33917.1
6970.66
-638447
-577447
-621062
-464135
684878
671358
1.01412e+06
688869
-2.82791e+06
-2.39355e+06
-1.66506e+06
-1.50387e+06
2.90987e+06
2.42619e+06
1.45991e+06
1.42393e+06
-309615
-166297
469598
191073
141279
106826
-16467.1
25400.7
-686820
-616258
-627918
-491281
716952
694277
1.01697e+06
700023
-2.8102e+06
-2.37369e+06
-1.6379e+06
-1.49538e+06
2.80553e+06
2.33346e+06
1.41308e+06
1.36536e+06
-221998
-91003.9
507906
223982
161852
115546
-20709.7
16886.4
-617261
-561767
-615087
-467371
785391
755660
1.04784e+06
736534
-2.79527e+06
-2.36561e+06
-1.64309e+06
-1.48595e+06
2.86685e+06
2.3835e+06
1.43717e+06
1.39113e+06
-195326
-62960.8
518668
243958
251553
197678
-3011.57
62784
-613131
-561214
-623650
-465410
803027
763885
1.04222e+06
740902
-2.83981e+06
-2.40576e+06
-1.66518e+06
-1.5087e+06
2.92187e+06
2.42939e+06
1.47631e+06
1.41338e+06
-239526
-102534
517872
224977
277442
212343
-11832
65997.8
-537420
-504006
-600027
-454091
808843
768078
1.04438e+06
742470
-2.85399e+06
-2.41416e+06
-1.67005e+06
-1.52656e+06
3.04515e+06
2.5308e+06
1.53503e+06
1.46767e+06
-263662
-113123
525349
235134
296894
221858
-10695.7
61895.2
-469652
-443595
-581998
-414557
786044
752343
1.04828e+06
742647
-2.85135e+06
-2.40981e+06
-1.67733e+06
-1.51468e+06
3.12302e+06
2.60073e+06
1.56738e+06
1.51845e+06
-303900
-142010
509279
223831
302164
233576
-11946.6
69668.4
-520506
-487713
-629462
-438673
795528
764202
1.05387e+06
742365
-2.93517e+06
-2.4829e+06
-1.73137e+06
-1.55807e+06
3.19524e+06
2.66447e+06
1.59338e+06
1.55539e+06
-414724
-236173
453968
178200
281833
216842
-21612.7
56002.9
-507479
-479081
-608305
-457367
848766
800752
1.05862e+06
756341
-2.90906e+06
-2.45782e+06
-1.71267e+06
-1.55497e+06
3.20122e+06
2.66221e+06
1.60566e+06
1.54608e+06
-398476
-220714
456932
171207
357650
268455
-3653.62
67394.3
-577557
-507722
-465978
-373586
435655
327906
-7396.34
90682.2
-250671
-290233
-669762
-401699
2.41145e+06
1.89677e+06
495374
785355
1.59334e+06
1.26826e+06
466400
597400
-958932
-728039
-20197.1
-206427
-629976
-550679
-487966
-394779
450429
339464
1958.69
86327.1
-277532
-310699
-674588
-430856
2.4696e+06
1.94207e+06
502859
797521
1.6122e+06
1.28817e+06
467318
590565
-971104
-735604
-24417.8
-221244
-678598
-598044
-514778
-432721
444492
340862
-4579.22
95489.8
-240672
-283660
-668519
-417111
2.47725e+06
1.94677e+06
471428
793895
1.68991e+06
1.35272e+06
470135
619943
-876885
-660699
18744
-181864
-647815
-572185
-497760
-422184
414396
309126
-43571.9
79230.6
-206073
-260490
-658326
-394105
2.46739e+06
1.93566e+06
450288
777963
1.7966e+06
1.43896e+06
508149
673135
-887623
-668957
26534.2
-181800
-618561
-543106
-488655
-401065
334335
242351
-74457.6
35385
-277083
-315958
-704130
-439840
2.49179e+06
1.9553e+06
450337
778264
1.88518e+06
1.50907e+06
546533
689635
-891993
-669082
57893
-164578
-618079
-548832
-488775
-408264
362684
266538
-59108.5
41276.7
-286403
-326546
-705542
-448506
2.54241e+06
1.99233e+06
453425
787059
1.90342e+06
1.52394e+06
546451
709658
-835705
-621504
91218.2
-131421
-577875
-506242
-471531
-370461
331791
238314
-66323.8
30189.9
-254151
-298480
-705995
-423214
2.66533e+06
2.08979e+06
509936
846729
1.91267e+06
1.52181e+06
545120
705236
-900872
-667799
76810.2
-139471
-591633
-518960
-483488
-383491
306032
218783
-70866.9
13751.1
-252749
-295439
-694851
-437602
2.70419e+06
2.12044e+06
513372
855336
1.92556e+06
1.5373e+06
548359
703417
-943123
-700669
54541.3
-171418
-582305
-516684
-490907
-392958
272911
197192
-76345.6
10159.7
-157602
-219243
-658843
-397501
2.69846e+06
2.11326e+06
483481
847142
1.99223e+06
1.5931e+06
558636
730011
-866885
-641325
87374.4
-140322
-563509
-502626
-479067
-388611
173873
111453
-136658
-28615.9
-118196
-191583
-634356
-365457
2.58951e+06
2.02244e+06
426878
794012
2.02595e+06
1.62204e+06
573311
755959
-953705
-712948
53514.5
-179219
-543897
-482879
-470702
-371874
22620.3
-11336.3
-188182
-95678.6
-149074
-211537
-653454
-385775
2.54083e+06
1.98559e+06
411114
768595
2.09885e+06
1.682e+06
617347
774950
-1.03228e+06
-775046
52655.4
-196389
-525218
-471661
-467733
-369600
17739.9
-13310.6
-178203
-100181
-124823
-194094
-638941
-378028
2.57003e+06
2.00507e+06
406426
773870
2.12006e+06
1.6994e+06
623472
798505
-995451
-742499
75861.2
-169519
-550712
-482150
-479080
-369045
66763.6
24939.7
-147969
-81799.5
-112275
-178446
-644751
-363031
2.63944e+06
2.06237e+06
445479
795212
2.1246e+06
1.69175e+06
616519
779408
-1.0265e+06
-763423
57272.1
-180197
-612385
-536716
-509724
-395126
181854
118245
-96473.4
-26603.5
-149591
-211441
-655105
-382661
2.72813e+06
2.13127e+06
472027
835978
2.15103e+06
1.71672e+06
624080
788034
-1.03179e+06
-771196
39138.4
-187600
-687398
-603155
-539528
-443930
215745
150815
-86847.6
-2505.28
-182331
-239287
-674723
-400167
2.75947e+06
2.15769e+06
457217
841121
2.13897e+06
1.70693e+06
596614
785813
-1.01883e+06
-764719
39417
-189429
-643259
-566052
-502384
-434488
329483
240582
-68667.1
35922.4
-187261
-245602
-671213
-402596
2.79907e+06
2.18844e+06
458551
841785
2.17533e+06
1.73885e+06
602618
801996
-996864
-746298
45541.2
-195327
-589788
-518782
-489695
-390162
359161
260724
-72709.7
38764.3
-207695
-260974
-699450
-419377
2.79391e+06
2.18286e+06
436786
836342
2.20599e+06
1.7597e+06
610161
795667
-960803
-718589
61820.9
-171466
-581040
-516313
-482400
-401834
419406
309183
-50285.9
52358.4
-234307
-285974
-712665
-436954
2.8596e+06
2.23064e+06
446836
845837
2.1881e+06
1.7437e+06
590074
790062
-935471
-698752
68488.2
-159536
-585924
-511539
-488509
-367870
467368
346569
-38438.3
79595.5
-259156
-307000
-747442
-438140
2.97657e+06
2.32382e+06
497386
908351
2.18828e+06
1.73524e+06
585244
788223
-1.02087e+06
-762425
37512
-173243
-676314
-588207
-542371
-421805
495282
369477
-29301.8
80809.6
-326077
-361763
-779027
-489414
3.00432e+06
2.34527e+06
488867
906032
2.12343e+06
1.6884e+06
560584
753318
-1.07884e+06
-809290
3512.2
-219546
-718863
-630135
-569411
-461048
507675
382195
-27099.9
88666.9
-324322
-365301
-791380
-496677
3.01897e+06
2.35216e+06
461383
896803
2.10817e+06
1.67631e+06
550551
747102
-1.02161e+06
-766932
29958.7
-199234
-738221
-646591
-561901
-468464
535470
400513
-31377.2
101761
-321251
-367229
-784915
-487356
3.00223e+06
2.33742e+06
448801
886496
2.07e+06
1.65021e+06
562799
758326
-1.07941e+06
-814837
23323.9
-220153
-731087
-638797
-557345
-459006
519246
385609
-34290.4
89793.4
-340252
-379590
-808141
-508655
3.03757e+06
2.36681e+06
456879
893439
2.11833e+06
1.69056e+06
603307
769615
-1.09754e+06
-827276
49244.3
-211742
-772432
-672656
-575871
-475772
553921
417182
-12569.5
100469
-376370
-411970
-825969
-526333
3.07178e+06
2.39159e+06
456406
899411
2.06979e+06
1.65403e+06
587419
763059
-1.07933e+06
-807691
65820.3
-189564
-823817
-709488
-591737
-489432
550369
411810
-20721.1
103784
-377567
-409129
-842369
-523468
3.17112e+06
2.47422e+06
515556
947496
2.04739e+06
1.62845e+06
572032
749820
-1.21901e+06
-917526
16117.8
-240715
-919078
-789198
-634218
-528240
550447
410137
-28017
97633.1
-399893
-427638
-846587
-543468
3.23765e+06
2.52922e+06
544394
976570
2.06815e+06
1.65174e+06
582829
747920
-1.3316e+06
-1.00853e+06
-30791.7
-296273
-1.0184e+06
-875798
-672119
-585511
499195
370454
-56207.9
79715.7
-405667
-435444
-849914
-545054
3.28453e+06
2.56807e+06
548947
991355
2.12576e+06
1.70032e+06
597246
778857
-1.34451e+06
-1.01928e+06
-20894.3
-297791
-1.04842e+06
-899157
-675150
-598409
494744
360210
-93294.3
65249
-390156
-426067
-843333
-530315
3.31453e+06
2.59159e+06
557626
1.00334e+06
2.20159e+06
1.76334e+06
638131
828542
-1.45779e+06
-1.11194e+06
-55134.5
-341970
-1.04296e+06
-891119
-681777
-587828
448637
320874
-127706
32903.8
-402519
-434311
-871474
-547888
3.34952e+06
2.62313e+06
576711
1.02616e+06
2.31963e+06
1.86074e+06
699234
869841
-1.53216e+06
-1.17019e+06
-65508.5
-359747
-1.06752e+06
-915576
-691422
-612390
466316
334038
-123691
27037.6
-422177
-453278
-881821
-571164
3.43089e+06
2.68664e+06
606777
1.04588e+06
2.35394e+06
1.8903e+06
715135
888320
-1.54272e+06
-1.17722e+06
-60672.6
-361204
-1.04588e+06
-892555
-690584
-586589
569806
414302
-79176.9
64537.6
-394793
-431861
-900668
-554896
3.63238e+06
2.84931e+06
694428
1.1455e+06
2.41846e+06
1.93095e+06
725241
906579
-1.51279e+06
-1.15306e+06
-46303.5
-339673
-1.10109e+06
-937752
-719104
-618511
655454
488305
-36628.1
102543
-376928
-417146
-895783
-568761
3.68646e+06
2.8976e+06
715916
1.17281e+06
2.45555e+06
1.96777e+06
733240
912486
-1.49997e+06
-1.1391e+06
-45862.2
-346127
-1.14617e+06
-983942
-745271
-652865
701484
529788
-15370.4
134108
-321711
-377085
-892163
-548438
3.71211e+06
2.91346e+06
712304
1.1782e+06
2.47557e+06
1.98032e+06
718896
921511
-1.42068e+06
-1.07986e+06
-22565.2
-311118
-1.12046e+06
-965602
-737876
-647291
713226
535654
-38250.9
144943
-255836
-330546
-881609
-522121
3.7124e+06
2.91498e+06
708926
1.18561e+06
2.51972e+06
2.01787e+06
722447
947966
-1.4558e+06
-1.11073e+06
-48225.4
-326792
-1.13525e+06
-972749
-758873
-648242
643198
476821
-65448.4
105767
-306193
-370733
-929767
-562987
3.66678e+06
2.88155e+06
689926
1.16551e+06
2.54075e+06
2.03278e+06
724749
934567
-1.50985e+06
-1.15369e+06
-52342.9
-351851
-1.17585e+06
-1.01023e+06
-786573
-680504
649548
485849
-67532.9
101253
-330642
-393530
-953590
-580702
3.64268e+06
2.85816e+06
663813
1.14259e+06
2.49776e+06
1.99685e+06
690610
918501
-1.51825e+06
-1.15808e+06
-68561.1
-344130
