-16054.9
-10673.1
-6356.18
-5195.82
-1254.41
-237.588
964.494
4657.71
-12037.8
-5493.51
-8895.4
-10969.3
-7486.14
-4402.45
-1983.43
-1476.44
-4921.46
-5806.76
992.071
-1878.08
-4125.97
-1632
-415.779
-1539.37
-33736.1
-18696.6
-20660.2
-17984.6
9159.86
6380.22
4075.76
10330.8
3090.06
2428.91
803.273
899.44
22288.7
14355.7
13365
21819.9
-23279.4
-13588.5
-13537.6
-11659.5
11728.8
8800.65
8069.5
16614.9
-34431.9
-21465.6
-21031.5
-31066.7
2994.6
2269.11
1408.56
1180.16
8191.83
5389.57
2957.83
161.22
31613.3
20552.1
19318.9
26204
-8400.43
-6490.53
-5689.38
-9859.19
18014.3
12222.3
12920.3
22307.8
-20318.7
-11767.7
-16380.8
-25829.9
20627
12809.2
11048.5
11784.6
9020.56
6025.26
2621.95
350.725
71977.1
44929.6
42444.8
53264.9
1118.64
696.5
-753.776
-3145.21
26962.7
19128.7
15340
30221
-25256.4
-17588.6
-17090.1
-33133.6
21868.7
12409.7
12494.6
14011.3
8990.16
2904.09
3189.05
-7549.78
106586
67525.9
60946.9
83835.3
-5805.35
-5274.31
-3763.22
-8342.45
23282.9
14975.8
16607.1
27868.5
-41817.6
-27472.5
-27234.2
-45933.7
18051
10429.8
9246.13
11624.1
15763.5
6963.59
8668.42
-3851.61
131141
82393.5
73958.4
102260
-32701.6
-22661.4
-17920.9
-28071.4
37222.8
24287.7
23971.6
39295.3
-52252.4
-36562.4
-30300.2
-57244.5
40068.9
24883.1
22139.5
24808.1
5168.95
2078.19
-1134.91
-11314.4
122911
77914.7
69737.7
102352
-42978
-30199.8
-21868
-35735.1
36957.6
25924.7
22385.6
45627.5
-56410.9
-37161.3
-37241.9
-72217.5
89480.1
53513.1
47376.2
45012.3
12130.4
3217.34
7246.43
-7744.94
138660
86105.8
76800.3
100306
-61111
-37702.2
-35708.9
-54300.1
42608.1
25964.3
26925.9
43565.6
-52914.9
-34227.5
-34425.5
-68018.7
87377.9
54220.2
45259.1
44291
-14480.8
-9464.62
-10247.4
-20257.9
105391
67753.6
56755.2
76564.8
-43909.2
-27348.1
-25760.6
-36807
5639.18
7920.3
4971.67
25847.6
-28686.6
-21367.4
-20451.6
-56056.6
128934
77152.4
68946.4
61294.1
-24318.8
-16939.5
-14917.8
-29311
127155
75729.7
70965.2
77327.1
-26230.1
-16644.6
-15056.4
-25989.7
806.102
550.129
2469.22
14429.9
-17254.8
-11363.9
-16234.5
-43012.6
146485
89323.8
75934.8
74867.1
-33941.1
-22958.3
-22184.8
-39371
123285
78995.1
63442.3
79473.9
-38835
-22321.9
-23609.6
-26175.7
-22053.2
-10093.2
-12102.8
-942.573
-7105.01
-6240.92
-12514.4
-41140.9
174810
106140
88116.8
84373.4
-31706
-23969.5
-17507.3
-39854
118904
72778.3
61074.9
67537.2
-69799.9
-43662.4
-39852.5
-53540
-22109.8
-13950.5
-10122.9
-4910.86
-6125.67
-9904.44
-7404.82
-42358.5
207042
126641
106970
106873
-54814.2
-33274.3
-35789.5
-54744.2
103952
62190
55290.8
57911.3
-48996.1
-35203.3
-26368.7
-46495.1
-31780.9
-16255.7
-19306.1
-13080.1
-19603.8
-15320.2
-16651.7
-53681.4
213138
130081
109196
104819
-58727.3
-37460.4
-35244.3
-60722.8
91758.4
54658.6
49906.2
52644.1
-37884
-25453
-22633.1
-44083.9
-26163
-15301.1
-14143.5
-13749
15651.1
4431.44
4357.9
-27025.6
238002
144343
125905
126730
-53252.2
-34315.9
-31716.6
-51832.3
79868.4
47790.5
43745.9
50056.8
9417.96
1028.84
6781.15
-4285.07
-35056.9
-20426.9
-17833.9
-12130.4
36908.1
22614.7
11692
-13150.1
265888
165819
135948
142865
-60406.7
-34663.1
-40402.7
-58206.2
78318.4
49659.4
39329.3
44923.9
28951.8
19123.7
12032.1
7525.03
-41829.6
-21105
-28396
-24462.4
68967.7
38363.4
31563.1
9009.25
293115
178552
155453
165636
-58327.8
-38599.5
-37517.7
-65117.5
97980.3
59814.2
52087.6
61138.6
55389.1
30087.4
30412
25459.4
-35143.9
-21267.7
-21993.8
-27605.4
77762.7
45461.3
35479.1
10815.9
298040
183583
156640
167193
-57706.3
-38210.6
-35394.9
-72143.3
101191
62396.5
54954.9
64104.9
69020.7
39579.6
36546.1
25589.5
-12373.7
-7150.26
-9287.85
-20759.9
74191.8
40984.6
35139
10134.3
311338
190365
167171
185666
-69797.1
-45178.5
-45587.9
-80072.8
63634
40420.3
33802.5
39781.8
101432
59500.2
54236.5
53162.4
-23001.5
-14815.3
-14836.5
-24398
59617.6
33788.4
25246.5
-2533.56
322422
196586
172392
188011
-69833.9
-46648.5
-41673.3
-78777.4
53305.2
33756.6
27853.6
31528.5
112665
70163.4
56297
56391.8
-43442.5
-29905
-23111.8
-35216
70081.4
38516.8
30701.2
-2622.66
313407
191116
166997
177705
-78418.1
-51850.7
-44522.3
-75189.5
28300.5
19388.2
13051.8
10318.8
152917
91024.4
78588.6
73302.2
-84913.6
-52959.5
-45503.7
-55341.7
92932.2
52485
43101.7
10914.9
342957
207679
183329
192068
-99046.6
-62675.1
-57284.1
-86132.7
38452.5
22172.7
20313.8
12556.8
191769
114745
99326.6
93590.5
-106730
-68455.7
-57721.8
-72191.4
108742
63914
50536.9
24571.3
342140
209280
181379
195417
-106228
-68214.6
-59957
-88859.3
29737.4
21052.7
13268.9
14572.1
213057
128710
109828
107679
-138155
-84190.3
-74410.3
-84048.8
109481
63803
51409.5
24181.6
336692
205054
177380
187883
-107796
-68025.1
-59342.5
-87213.8
12447.2
7799.39
6366.79
3326.23
222131
132975
114897
106607
-152551
-94646.2
-80370.5
-91336.3
115958
63649.5
58991.1
28529.6
347609
210342
185813
194125
-81639.7
-50987.3
-46232.1
-63047.1
40849.6
22583.6
22675.5
20557
235385
138811
122766
108807
-129450
-79951.1
-70401.7
-79509.2
85323.7
49213.9
38378.9
9258.86
345556
209820
184527
191364
-52723.3
-30601.5
-27437.2
-29050.1
63504.6
37760.2
35869.4
40546.2
204818
123375
104353
91739.3
-108736
-67178.7
-56545.9
-60550.3
87351.7
50463.4
36657.1
5675.95
315488
190477
165827
170884
-48815.1
-26913.9
-26383.6
-16833.4
62623.5
39503.2
32663.4
43644
222724
131863
109976
93075.1
-112279
-67298.9
-59279.6
-52987
64599.9
37508.5
23992.8
-10234.7
278506
169556
143342
138913
-57465.2
-30404.9
-30923.2
-18387.6
74584.2
47318.9
38173.9
43973.6
201502
121050
96032.9
70096.2
-123740
-72759.2
-67863.9
-64827.5
59673.4
30259.2
22449.2
-22167.8
248318
147479
127475
109982
-33598.2
-18142.9
-15948.8
-2192.74
108096
67417.7
56816
68597.8
188291
109109
88995.8
50480.4
-95460.8
-57879.5
-50164.3
-46889
37156.3
17359.5
10779.8
-35609.2
213811
126829
108711
83286.6
-17454.2
-8534.78
-324.562
20967.1
116371
69669.8
66771.4
77993.2
145040
80696.4
68995.2
14315.4
-72887.2
-44985.4
-33344.3
-26073.9
8593.47
-3138.14
-3145.92
-60155.7
203156
120598
102156
75152.7
-24798.9
-8458.41
-15000.6
12435.9
93433.6
58534.3
54704.6
69821.1
152183
81313.7
74176.2
12597.1
-51412.3
-25950.1
-27679
-13646.5
-14874.7
-14044.6
-18939.1
-70135.1
190402
110754
95269.9
66899.4
-19014.1
-8869.24
-8460.53
12389.2
91207.6
57501.9
55302.8
80030.3
146624
82498.1
68705.3
16264.2
-32886.1
-16068.3
-16819.2
984.293
-1071.27
-7597.16
-12066.1
-69391.9
185196
108561
90782.6
60095.6
-17477.6
-7885.65
-8982.38
8162.84
86048.5
56350.8
51882.5
82776.7
195219
109749
96209.7
49300.2
-14431.3
-5008.44
-7230.17
9161.28
6141.93
-3553.21
-8790.04
-65558.7
197027
112611
97606.9
60896
-23115.3
-12609.1
-13676.2
-1455.93
99558.5
63188.5
59839.6
90678.7
215362
123040
107086
63506
-1547.15
2761.96
-4343.76
9960.31
2134.05
-5340.07
-10357.7
-69241.3
180372
106236
86804.4
53240.2
-21153.8
-12286
-13962.5
-11910.5
107912
72921.1
63675
108391
228780
133025
114867
78732.1
8394.06
8200.32
3061.77
9342.29
-11429.7
-14171.1
-17527.1
-74058.8
160995
91568.2
76707.7
38317.4
-9184.61
-7541.29
-4091.32
-7666.45
106210
69332.5
66225.5
113594
227121
130636
115326
79200.2
30943
20208.4
16793.1
23792.7
-6498.31
-792.667
-7807.87
-7105.72
3742.72
4087.78
1986.26
2039.3
4924.29
5470.18
-1044.4
-943.988
-13249.8
-6699.84
-7031.47
-4199.51
-2693.37
1063.49
-2308
2258.5
-10444
-3016.52
-9333.1
-8908.13
-13290.8
-8092.13
-7583.01
-13485.9
11391.5
5724.74
10141.3
17021.5
8782.97
4683.88
6326.48
6709.74
-34717.5
-21196.2
-14548.7
-8769.54
-2279.71
-1943.84
1782.62
5220.57
-7509.47
-1656.75
-6225.37
-8277.39
-20178
-13733.4
-9647.06
-13816.2
1632
260.215
7838.28
23855.7
12045.6
5189.46
9446.95
14046.7
-37396.8
-26168.6
-14799.7
-9405.23
-18493
-10154.8
-8633.77
1800.29
14668.9
7346.84
5741.71
-684.479
-23250.4
-14740.3
-15006.2
-22956.2
-22942.8
-11938.1
-8363.66
10564.9
1080.46
-881.762
3296.53
3843.13
-46058.8
-31097.1
-19306.1
-12577.3
-44699.8
-26760.5
-22060.3
-18436.4
26079.5
15183.7
7006.01
-5608.77
-18075.8
-10494.9
-12758.3
-20402.2
-15431.9
-6590.24
-5902.22
13910.9
32732.7
17686.2
17907.5
20293.3
-24394.5
-18205.9
-8424.47
681.651
-34296.8
-22230.7
-15482.8
-8737.72
68346.1
39697
30088.8
8897.52
-31015.1
-20090.3
-19444.7
-34549.2
-18278
-9391.09
-3160.77
18371.3
43940.3
26673.5
22325.5
23915.8
-30548.4
-18945.5
-11663.7
-1363.3
-62348.4
-36636.6
-34044.4
-30364.6
81625.6
47110.3
37548.8
14219.9
-22107
-15177.3
-13851.5
-29361.2
-27788.6
-16670.7
-6543.57
15436.1
50812.7
30431
27724.2
29234.6
-42210
-21942.2
-19540.2
1830.7
-54158.7
-32756
-25187.1
-18287.2
84285.7
49696.9
39265.6
17605.5
-8992.28
-5805.35
-7788.78
-21402
-26958.4
-15197.1
-6192.13
25913.3
48406.4
30510.2
27966.1
36961.2
-39690.6
-19366.9
-17838.9
7247.14
-58258.5
-34899.3
-28393.2
-17324.8
91510.2
56606.7
41198.9
21703.9
9677.46
5922.73
4941.97
-5097.53
-41111.2
-22109.1
-12470.5
26311.4
40930.2
27236.3
23098.4
36371.5
-17503.7
-9347.24
-5258.05
18991.5
-89961
-51584.1
-46233.5
-33019.8
111733
66384.6
51946.9
28787
26892
16147.5
12337.6
5178.85
-63708.9
-35051.3
-26926.6
12083.7
35520.8
21223.8
22818.3
32450.5
-16363.2
-8799.24
-5552.91
14948.9
-132891
-79703.7
-69935
-66981.4
121962
71236.8
54169.3
22715.1
38464.5
25948
19168.3
15113.7
-71701.3
-37780
-31935.8
5696.45
43064.9
27709.4
25534.3
36838.1
22911
15815.9
14766.5
34783.3
-144665
-86737.3
-75045.9
-71745.9
159946
95436.8
73968.3
34961.5
51445.6
30832.7
29289.1
27320.5
-64337.5
-36333.3
-23136.5
16577.4
49650.2
31861.5
30402.8
45501.6
34941.7
22457.7
23032.6
43192.9
-196980
-118445
-104965
-106200
184848
108260
89999.8
51560.8
72873.7
42037.5
40915.3
47992
-55584.2
-28507.7
-21119.9
22650
63947.2
41621.7
34510.3
52412.2
33853.4
25591.6
19993.4
48487
-192884
-117926
-100763
-103613
189407
110443
95388.7
62914.8
65288.6
38743.8
33948.9
33168.3
-41559.5
-21314.3
-15669.5
24675.2
55708
37598.3
28005.7
42161.9
20870.3
17068.1
12611.2
33632.1
-200722
-123689
-105785
-111924
187184
109121
92604.1
60523.4
71279.2
42961
40162.3
37948.3
-45808.5
-21679.2
-17998.7
23576.4
39227.5
27203.8
18639.3
24486.4
23135.8
14851.4
15061.4
27097.7
-225118
-135756
-121104
-130123
181331
106389
87777.4
52337.2
80964.4
48737.3
45788
50622.5
-59500.9
-29052.9
-25715.4
15021.8
28336.6
17347.5
16294.6
15153.3
11598
7949.29
9697.26
22506.5
-248206
-152388
-129629
-142313
169873
97227.2
84663.3
48564.1
61974.4
39064.8
36848
45923
-64210.2
-30857.4
-30050.6
9807.57
22281.6
13714.3
10809.5
7427.45
11415.5
7051.27
9253.2
20550.6
-276306
-169411
-144318
-154911
161353
94403.7
78800
40259.1
39846.9
23308.4
25513.1
35272.6
-61528.9
-31919.5
-26469.8
12829.7
18120.3
13177.6
5359.87
3015.81
-10641.2
-5364.82
-4475.28
4879.04
-319356
-194819
-170500
-183650
162761
95231.7
80059.3
47606.7
47379
30078.9
27036.9
41782.2
-40551.2
-17394.8
-18000.8
19731.8
49638.2
29340
23236.2
15455.9
1818.68
1732.41
3573.01
12213.9
-287758
-177623
-153110
-166440
190423
112792
94949.6
64501.6
58578.1
34037.3
37405.9
50397.6
-711.349
3226.53
4618.11
39433.2
71518.2
39415.5
40404.1
32057.4
16624.1
9507.05
15072.7
27215.1
-270872
-169087
-142236
-157367
225662
133903
117350
92971.1
46967.4
30715.3
32094.2
59388.5
3589.27
7372.3
6329.31
46343.1
72943
42340.1
39540.7
38451.1
45564.5
26649.4
30313.7
46773.7
-271418
-165128
-145576
-154120
250423
151831
127184
115836
30664.4
23942.6
21522.2
54356
-8510.03
4003.64
-4662.66
30719.5
66992
40887
37847.2
38646.9
50515.7
32503.6
32901.7
54981.1
-275628
-166985
-146317
-157223
270018
164497
137485
124501
14952.5
11499
18778.6
54839
499.924
5803.93
1637.66
29115.8
68788.8
39046.4
41630.2
45233.6
73146.7
42513.4
48886.5
71934
-279214
-173274
-143383
-151311
319107
191977
169402
157823
-12314.3
-3440.07
2068.29
45201.1
22981
19305.4
11839.8
39385.8
68215.3
40431
38072
46122.5
73503
44475.6
48364.7
76530.2
-307961
-189212
-164223
-173994
343604
209687
181837
187021
-10010.5
-4420.12
1629.17
37587.7
27880.5
16977.6
18934.2
32611.8
48499
29296.1
26035
29509.7
42807.5
33211.4
25129.2
63413.3
-306189
-186642
-163581
-173889
357358
216863
190565
200662
-1110.86
3435.12
5263.7
42755.9
36284.5
21996.7
22190.4
40782.4
26619
19024
12102.1
21189.2
23892.4
22232.1
14361.3
50658.5
-310575
-189246
-166267
-177547
358157
222378
188430
205586
16803.7
13608.3
18599.7
55862.8
33388.2
19760.8
21593.6
35910.4
-9070.06
-4021.32
-7779.59
-7666.45
22633.8
16397.1
13415.9
37411.6
-323752
-196476
-173174
-185939
379965
232375
202662
216177
38608
26064
31362.3
76115.8
16477
9885.35
11986.9
27659.2
-38549.3
-25423.3
-21445.1
-31120.5
5505.53
4363.56
2192.03
13681.8
-327134
-200606
-174305
-190872
401144
242913
214048
229972
37616
28726.2
30052.7
81258.6
-8249.11
-3532
-5118.04
2015.25
-56796.9
-34162.4
-35380.8
-49741.4
10893
8206.68
3331.18
7607.76
-337449
-206264
-179458
-193959
421528
257991
224107
237041
55073
37039
40801.5
93922.2
27690.3
15427.7
18325.4
26111.3
-50341.1
-30271.2
-30530.7
-42121.6
3548.97
4478.11
-2373.76
-1207.74
-365214
-221991
-197351
-214463
453065
276706
244737
268122
55559.5
40786.6
38316.7
96660.8
35141.8
24840
20619.2
32015.7
-52615.1
-34347.7
-29043.7
-46069.4
-9486.54
-5915.66
-6274.16
-14734.7
-370660
-226070
-200070
-222452
463148
281841
251732
280679
50073.1
35601.4
37821
95049.3
94353.5
58274.8
55232.1
78259.8
-48228.2
-33300.5
-22739.8
-31761.8
-2553.36
-4145.77
861.256
-3838.88
-368966
-227553
-195312
-217194
474350
289918
257895
292974
40998.8
30660.9
32304.9
92292.3
123690
78960.5
69994.4
105548
-58380.2
-37161.3
-29723.2
-31993.8
4483.76
782.06
2329.21
470.226
-380979
-232536
-203641
-220351
487293
298260
263668
303876
41736.3
31807.1
32905.2
90411.4
137945
89495.7
76346.3
110862
-59719.4
-37668.3
-27384.8
-27495.1
-1996.16
-2724.48
-673.166
-6734.48
-393965
-240005
-210256
-231551
491306
301894
264232
301599
43811.6
34009
33263
94859.8
163370
106132
88763.8
126593
-52003.5
-31527.1
-23005.7
-13143.7
4949.04
2636.09
2880.75
1420.58
-385235
-235732
-202877
-216809
519270
319334
280371
319335
57332.9
40904.7
40907.5
101242
211316
134060
116021
153386
-42030.4
-24019.7
-17791.5
-1588.16
5132.18
3115.51
2626.19
1446.74
-406417
-246748
-217989
-231331
539498
330314
294036
338979
-31833.9
-18022.7
-14632.2
-14293.5
-15160.4
-6665.9
-7403.41
-4097.68
6433.26
4869.14
5927.68
5592.51
-16576
-7966.97
-6124.96
-4466.09
-2826.31
-622.961
-2764.79
-4005.76
20178
11508.2
15472.2
19017.6
-20138.4
-12192.6
-9182.49
-6356.89
-4734.79
-469.519
-3420.28
3927.27
39647.5
23633.6
24206.4
34379.5
-17340.4
-11149
-5382.5
789.131
5537.35
4507.81
-248.902
143.543
30641.1
18241.9
22057.5
38863.3
-47967.3
-24680.9
-24681.6
-16221.7
-30788.1
-18626.6
-11899.9
-5761.51
44939.5
29561.3
27181.2
41193.9
-47334.4
-25246.5
-23911.5
-11596.6
-16815.7
-11459.4
-10243.1
-17653.6
38347.8
25849
25062.7
46717.8
-51756
-30057
-22179.1
-13673.3
-43756.5
-26614.8
-19383.2
-10677.3
72447.3
45041.3
45165.7
62315.2
-54859.5
-33454.6
-21980.4
-13896.1
-20060.6
-12988.1
-13870.6
-22838.1
69102
43002.7
46499.3
74543.9
-45623.2
-27090.7
-16512.4
-1279.86
-32060.9
-21172.9
-10192.9
432.749
119710
74322.6
73032.8
104211
-35512.3
-21910.4
-8824.69
9282.19
-19464.5
-15215.5
-12018.7
-28878.2
120484
75031.1
77090.9
120751
-51194.5
-27424.4
-22961.9
1467.25
-54486.1
-30676.4
-26346.8
-5262.29
138599
88976.7
79989.3
123129
-41582.1
-20839.9
-17289.5
16161.6
-38203.6
-24116.6
-25477.8
-40124.8
141305
90692.8
88379.2
153255
-85709.8
-50878.5
-38492.1
-14576.3
-79889.6
-47210.7
-39689.2
-28253.2
131735
83866.4
78025.7
118100
-60419.4
-34183.7
-25322.9
-538.108
-48870.3
-33507
-29364
-56415.1
134898
87256.3
85518.9
149967
-113710
-67943.1
-55720.7
-39028.8
-88814
-51078.6
-49551.9
-40622.6
123460
79503.6
73859.4
118171
-67565.5
-38223.4
-32232
-8582.86
-59496.7
-36976.7
-39336.4
-66584
105202
69731.3
68310.1
133954
-140077
-81161
-72256.4
-54634.6
-95366.1
-58568.9
-49492.5
-52207.8
123925
81763.5
70372.7
111182
-63665.1
-35158.8
-31772.4
-9881.82
-58730.9
-41342.4
-35438.8
-71439.7
104226
70002.2
64742
125218
-175159
-106121
-86448.8
-74100.5
-107947
-67619.9
-54432.4
-55101.3
114014
72873
69371.4
109992
-63300.9
-37838.7
-27311.3
-11365.3
-76326.5
-51694.5
-44173.7
-77059.8
103168
67501.8
66634.2
123895
-218370
-132111
-109679
-99228.3
-122692
-76913.4
-60693.8
-63012.4
97724.3
64391.3
60793.5
104539
-50553.9
-30346.9
-17779.5
2991.06
-112185
-74946.2
-62643.3
-102515
114965
74596.9
73640.2
131436
-239249
-143167
-124958
-115055
-132370
-80415
-69976
-67931
90776.2
61651.2
53591.6
96096.5
-47659
-26817.7
-19637.8
9242.59
-137686
-86857.5
-81711.8
-122284
110004
74126
68525
131257
-243919
-147577
-126327
-117754
-123237
-68336.9
-73993.1
-74788.6
87490.3
54819.9
56852.8
98698
-75781.3
-42544.5
-34644
-10984.2
-123909
-76625.6
-74835.2
-116870
92439.4
64577.9
58289.6
118058
-238340
-144206
-123299
-117221
-89533.9
-51377
-54947.9
-63507.4
80019.7
52627.8
52773.5
101733
-68175.7
-36240.6
-30323.6
1834.23
-75018.4
-46312.7
-48704.1
-83700.2
81598
56218.5
54872.2
114087
-223607
-134637
-116982
-109183
-68097.9
-44218.9
-39872.3
-61178.9
83690.3
54210.3
54776.7
100868
-71004.1
-38815.2
-33511.9
-2585.89
-44226
-30508.8
-26753.4
-57793.3
75974.4
54906.1
48072.7
106154
-232763
-140745
-121839
-117856
-66242.5
-39064.8
-45568.1
-68322.8
73839.6
47982.9
50466.9
102637
-75199.4
-42763.7
-34000.5
-10380.3
-33140.7
-19859.1
-23852.8
-46498.6
67289.7
49496.1
41814.8
93532.5
-232698
-141294
-122885
-124510
-33662.5
-20641.9
-27323.3
-59850.9
74721.4
49539.9
50228.6
103586
-49638.9
-27616.1
-18186.8
9363.51
-6984.8
-5612.31
-7252.09
-29974.3
105234
71925.5
62708.4
112299
-228622
-138688
-120458
-123187
-11018.8
-10074.9
-13654.2
-48819.4
52941.8
37379.8
38730.4
93508.5
-60466.8
-33539.5
-23352.9
13766.7
14898
7685.54
6349.11
-7271.89
106818
71273.5
66247.4
116762
-253815
-153440
-136549
-136734
381.838
1050.76
-9827.37
-37554.4
23298.5
21673.5
20405
76410
-56968.8
-30575.3
-23091.3
15135.6
31663.5
19313.2
12818.4
4615.29
105758
68946.4
67823.6
122683
-276617
-168786
-149445
-161734
24529.5
11963.5
3505.13
-29366.1
4744.69
6202.03
13423
63664.4
-66827.2
-39021.7
-27676.2
5859.09
38738.1
21737.9
17162.9
3507.96
85804.6
54403.4
58731.6
113043
-293685
-176369
-161399
-178100
35262
17013.7
16395
-15468
-12919.5
102.53
1335.72
50433
-64453.5
-34061.3
-30083.9
3811.31
45608.4
24606.6
24351.3
10101
81578.9
56672.5
52646.2
108275
-308714
-189074
-167056
-188102
39054.2
20627.7
18411.6
-2544.17
-17180.6
-4732.67
528.209
50654.3
-39369.6
-23535.3
-10713.4
18756.7
36498.7
20172.3
17717.3
6071.22
88571.5
58429.6
60360
114467
-350558
-214201
-188952
-214015
45346.8
24888.7
26143.2
13853.6
-24954.5
-7321.38
-3044.8
53445.3
-37779.3
-20903.5
-7441.59
31245.6
10155.5
3710.9
5288.45
-8541.85
112705
74170.6
75868.3
140288
-363979
-224423
-197469
-228775
58643.2
32251.1
32114.7
30668.6
-35629.7
-16318.6
-9178.95
42620.2
-22286.6
-10994.1
-2908.33
43489.2
6236.68
511.238
811.759
-15524.5
115978
74844.4
78963.3
152866
-382106
-239752
-204762
-242124
73860.1
44764.1
37852.8
34946.6
-42985
-22086.5
-13661.3
35605.7
-38458.1
-22774.5
-9726.25
24465.9
4588.42
87.6812
-782.06
-23025.5
110846
74823.9
73486.8
152743
-401963
-250790
-217037
-260460
105135
64582.2
53893.6
54445.8
-67494
-35972.6
-25227.4
24899.4
-43178.1
-24270
-12483.3
25125.6
18296.4
10410
4722.77
-15311.7
75915
52873.2
56212.2
131839
-402130
-249536
-219453
-265220
132447
78311.4
69807
66657.5
-69488.8
-36433
-32200.9
11866.7
-28002.8
-12433.8
-10652.6
28581.3
50586.4
28603.9
21466.3
56.5685
69427.3
49629.7
48470.8
119361
-403543
-254034
-218047
-269394
143182
84628
74378.4
68315
-96829.1
-55894
-48075.5
-17952.7
-10128.6
-7012.38
2872.97
27773
61993.5
34920.5
26609.1
1296.13
58550.6
41058.2
41794.3
102326
-417422
-260602
-229134
-281728
164701
98583.4
84106.8
77725.2
-109162
-61262.3
-59301.5
-35247.9
9639.99
6503.97
12261.2
41715.8
77747.8
43563.4
34265.7
4912.27
68468.4
47787
44206.2
100438
-428433
-267030
-236249
-296616
188076
112571
97747.6
89678.1
-129037
-74336
-70189.5
-61941.8
15509
10473.7
14882.5
43983.5
78347.4
45043.4
34081.1
1028.84
57871.7
41213
39476.4
89994.9
-434683
-271250
-239952
-302504
192151
115886
100828
96836.9
-104327
-67145.4
-51558.7
-53112.9
-5079.15
-1046.52
2758.42
27744
88261.1
50650.8
41662.7
13295
51094.8
37704.3
37657
87229.4
-431329
-267663
-240672
-302463
208118
127245
105329
100921
-110237
-66776.3
-57176.7
-50976.7
-22609
-11846.9
-7886.36
14688.7
100489
60159.9
45903.3
21831.9
49289.6
36485.3
36614
94277.1
-419692
-262117
-234621
-303259
238700
137999
130342
119679
-89910.7
-59107.8
-44796.6
-50383.5
-21983.2
-13022.8
-9019.15
8182.64
115929
63702.5
61551.5
37830.9
62936
45351.7
43026
98565.7
-424905
-267503
-236591
-310066
211201
124373
113533
111363
-90571.2
-60106.2
-45004.5
-47968.7
-46652.8
-30589.4
-20303.2
-11342
96721.6
55367.2
48439.6
33765.8
63755.6
44829.2
44342.7
98647.8
-434698
-273882
-242768
-322453
203573
119191
111111
107029
-95604.4
-61866.9
-49719.5
-54946.4
-50389.8
-33261.6
-22126.8
-16304.5
77543.5
42106.8
38958.8
17467.7
99890.9
65879
65794.9
123581
-444453
-278396
-249843
-331800
185666
109152
99709.1
98886.1
-114081
-71377.5
-62294
-73106.4
-78394.1
-49071.1
-39646.1
-33760.1
59351.7
33474.4
28048.1
10969.3
98440.6
66089.7
66228.3
131924
-1298.25
894.49
-260.922
398.101
-12480.4
-7492.5
-6344.16
-4745.39
16663
10339.3
9055.21
9830.2
-34471.5
-18226.4
-17995.2
-12838.9
-13183.3
-5581.9
-6511.04
-3945.66
-31112.7
-17109.9
-14585.5
-10003.4
14536.7
12695.4
7633.22
17594.2
-8564.48
-5081.98
-3384.92
-2556.9
34132
20197.1
20527.3
23681.7
-53105.8
-29855.5
-29934.7
-27377.1
-2919.64
396.687
-176.777
8232.14
-45928.7
-26067.5
-22447.1
-15990.5
32763.1
20917.6
20883.7
36738.4
432.042
-1943.84
5832.92
12527.8
49578.8
30207.6
29119.4
42603.2
-66485.7
-38745.9
-39825.7
-41524.1
14596.1
7742.82
14214.3
29110.9
-55625.3
-32441.4
-28299.8
-22683.3
15839.2
13249.8
11776.2
25811.5
-9087.03
-3272.49
-596.798
13654.9
52909.3
30638.9
33045.2
40538.4
-94961.6
-56553
-51838.7
-62281.3
-6482.75
-299.813
1436.84
21794.4
-79604.7
-45696.8
-39998.2
-32164.2
29134.9
22198.2
18055.3
40538.4
-1927.57
818.123
3512.91
24798.2
66789.8
42437.7
37987.2
54481.2
-101345
-60192.5
-56301.3
-65096.3
-14444.8
-6460.83
-1595.23
23847.2
-74202.4
-42614.5
-36444.3
-27077.9
48479.2
33388.9
28473.8
52858.4
519.016
530.33
5406.54
25373.1
93575.7
59001
53047.2
73135.3
-101136
-60451.3
-58967
-67759.9
-6333.56
-1495.53
1475.73
26887.7
-90956.6
-52587.5
-45256.2
-30677.8
66797.5
45568.1
36444.3
56821
10867.5
10495.6
7218.85
27238.5
117410
74531.9
63926
85502.6
-89909.3
-55385.6
-47701.4
-62247.3
-1386.64
3766.76
3264
26776.7
-80098.9
-46532.6
-37607.5
-22809.9
101829
66762.2
52735.3
78285.9
56259.5
37753.1
30462.2
51466.8
133650
83222.9
71617.9
92301.5
-46506.4
-28310.4
-25908.4
-28949.7
20957.2
16205.5
15407.9
43941.7
-36259
-19766.5
-13930.7
13318.4
116023
76026
57972.1
75519.7
89185.3
56566.4
50998.7
69691
135013
84825.9
69621.7
81818.6
-19019.8
-8907.42
-13500.8
-12363.8
17817.7
13597
16109.3
40746.3
-9108.95
-1065.61
521.845
32331
139509
87091.5
73546.9
85056.5
129801
83445.7
72483.4
100607
150550
90687.9
79628
84041.1
5629.28
3854.44
4756
8527
27266.7
22355.9
19490
53180.8
19479.4
15996.2
19329.5
60954.7
153465
95999.6
77090.9
86380.9
165846
103429
91728.7
122596
149803
91345.5
76655.3
78638.8
27934.3
17493.1
15735.2
22492.4
21806.5
15045.1
19333
50492.4
54739.3
36658.5
38739.6
85220.5
178089
111353
90304.6
94278.5
192134
119792
106262
135459
153037
92903.2
77652.3
72523
59333.3
38265.8
32843.7
44601.5
17675.5
13876.3
16622
47707.8
67828.5
47417.9
46678.9
102053
202228
121261
111679
115354
203750
127151
115321
152896
163048
97109.8
84665.4
77562.5
69134.5
45931.5
42740.4
70071.5
7662.92
11464.3
10895.1
49744.3
83141.6
59595
57099.6
122950
214312
129422
120411
136113
212716
130970
123524
162102
155293
90837.8
82398.4
70186
57258.7
34064.9
40643.8
66801.8
5965.15
7817.77
12471.2
52628.5
110524
74242
74285.1
146011
223815
135774
127972
153094
240831
145812
145304
195068
153803
89989.9
81181.5
70623
41460.5
25604.3
30607.1
62009
-19294.8
-11600.8
4041.82
44617.7
119497
79229.2
80400.2
156038
229077
142524
129966
169756
253107
160218
148287
218832
159084
93744
83281.6
74115.4
24205.7
17923
21244.3
56497.1
-33217
-13645
-7863.03
41329
122776
85262.9
80644.1
165548
230638
144342
131037
175085
259193
163709
153992
232200
154889
92845.2
79637.2
70404.5
16682.8
13726.4
19088.3
57402.2
-52979.3
-28591.2
-15370.4
33951
164347
109708
104233
191712
242755
149977
142242
192459
270457
167782
163128
243392
152237
89857
79288.6
69751.8
7053.39
7459.98
14018.4
58652.4
-74575
-40704.6
-27354.4
25767
167539
112997
108534
207431
243883
151631
141122
194920
267604
171211
155460
241176
166507
98128.7
84847.9
71284.1
7003.89
8544.68
13192.5
54830.5
-77158.8
-41496.6
-31726.5
18128.8
170886
114739
108834
211202
247715
154798
141356
198686
259013
165794
150169
232466
166652
96547.7
85149.1
68108.5
26948.5
21305.8
22968.2
70213.6
-87362.3
-48935.3
-36884.1
11311.6
174642
116522
110553
214898
251232
157765
142570
197564
262554
165367
156356
234933
169410
99533.8
84912.9
66147
48725.3
36879.9
32322.6
83266.1
-99419.2
-57766.4
-40622.6
3730.7
166845
112554
106912
209095
266296
166282
150346
206144
260562
168231
150020
234857
181439
104450
91327.8
66012.7
66920.6
45346.8
45693.2
96801.5
-98698
-54749.2
-44253.6
3383.51
175358
116927
111248
215943
263682
165011
148274
201598
242906
156286
142115
224213
174137
102296
85248.8
59013.7
68332
48472.9
46812.6
102278
-122326
-71632.7
-54063.3
-10601.7
177422
118112
113443
216529
276458
171846
156737
208801
246939
154986
144982
217449
189824
110072
94098.9
62225.4
94031.1
63787.4
59740.6
118037
-130527
-76493.4
-59512.2
-18150
184782
123240
118083
225730
292085
179582
167779
218729
244390
152956
143781
214501
210086
120907
105861
72033.7
101314
67754.3
64731.4
127775
-131707
-75462.4
-62760.7
-26247.1
192634
128107
122805
233622
304160
188783
173959
234966
251862
158626
146930
217476
203082
115788
103340
67466.5
85721.1
58054.9
53479.2
111256
-115370
-63906.9
-55023.5
-14719.1
201783
133861
128239
241211
302142
186661
176043
242699
256685
160320
154458
229527
186268
106188
95213.3
61334.4
49775.4
33996.3
34241.6
80931.9
-108049
-62140.5
-44617
-1891.51
195322
130224
125357
236970
293732
182849
168953
233857
269058
170258
158802
241654
188375
106864
94437.6
58249.3
37963.9
27609.7
25062.7
63004.6
-106048
-57159
-47616.6
2732.97
197330
132661
124386
239664
292860
183022
168434
235776
276823
175091
164200
251425
176408
100761
88042.6
51138
31296.5
22283.8
22039.8
55155
-103027
-57712.6
-42817.4
7444.42
226568
150038
139888
253521
294577
183888
171336
240969
281552
177277
168055
257709
170691
97192.5
85915.6
51205.1
6099.5
6608.62
6795.3
36821.9
-93836.6
-50525.6
-38543.7
16451.5
220755
146676
139967
257474
305417
192719
173211
245806
277224
180538
159362
255414
165485
94011.3
80320.3
41802.7
-251.023
4135.16
3835.35
30024.5
-86554.8
-44058.4
-36563.1
20426.2
248241
164514
152702
275188
326741
204794
184497
258206
278389
180794
160915
254114
161845
90512.5
79288.6
36359.4
9618.07
9635.04
9666.86
39977
-61267.3
-29457.4
-21659.4
38853.4
297912
193981
180568
310019
323385
206162
176847
245716
273706
178214
158663
246410
155890
89767.9
71807.4
23874.8
-3844.54
5273.6
-1948.08
28808.2
-64373.6
-29702.7
-23394.6
36489.5
327653
216889
193139
327086
336193
208542
187237
244929
269905
176789
156194
249925
167592
92713
79944.1
27257.6
-12557.5
-3683.32
-2015.96
24745.2
-57769.9
-25385.1
-18761
49008.9
360303
233344
216218
354837
354986
220547
193203
247003
269877
175213
155592
245334
165746
93244.8
76686.4
21078.1
-5251.68
195.869
1771.3
26509.4
-43463.7
-19942.5
-10252.3
53050.7
420239
269042
247560
388504
352848
220965
192417
241657
267993
172830
155390
239617
153973
85589.6
71029.6
10518.9
-1598.06
5359.87
2773.27
35444.4
-38427
-13584.9
-7131.88
62595.9
443316
287927
260745
415103
-20883
-9502.81
-11655.9
-7220.27
26829
19419.3
11998.2
19400.2
3109.15
1838.48
4232.03
10043
3515.03
4140.82
1761.4
2243.65
32390.4
18825.3
18402.5
16404.9
-951.059
-516.188
-2015.96
-1989.09
-62538.6
-35615.6
-34762.8
-31412.5
41200.3
26612
25442.4
40590.1
-43270.7
-25984.1
-19943.2
-8768.83
7402.7
5643.42
3821.21
9971.62
56096.9
33263
31306.4
38637.7
-36596.3
-20763.5
-22398.3
-22244.9
-108458
-65420.8
-57154.7
-58122.8
44199.8
32054.6
21665.8
40419.6
-66170.3
-36060.3
-35268.4
-23195.2
-16478.4
-7043.49
-12194.8
-9858.48
58170.8
36222.3
31627.5
38206.4
-56893.8
-34216.9
-36495.9
-50167.8
-165841
-99120.1
-88798.5
-96145.3
73938.6
48455.9
42694.4
64375
-90847
-54172.2
-42398.1
-28384.7
-31818.4
-21825.6
-15095.3
-25646.8
107688
63177.2
58833.4
60997.9
-61936.9
-39075.4
-40116.3
-60142.3
-187907
-113182
-100761
-104966
83300.7
54548.3
47604.5
75480.1
-126237
-73054
-65526.9
-49361.7
-47236.9
-27160.7
-28637.1
-34977.7
136257
81706.9
75066.5
84488.7
-70362.8
-44238.7
-47471.6
-79129.5
-239940
-146854
-127105
-134732
93405.3
63242.2
52859.8
85333.6
-148720
-88956.9
-74634.4
-61490.7
-42283.6
-26351
-25877.3
-36428.7
157367
95330.7
84618.8
94746.7
-93940.6
-59660.7
-60185.4
-100579
-282655
-168969
-154431
-167680
109959
70672.5
63498.9
102026
-149343
-89417.2
-75775.7
-59156.6
-48917.6
-32244.8
-26187
-44119.2
184759
110732
101243
112143
-89913.6
-63691.2
-54540.6
-106713
-276692
-165769
-153969
-169175
75574.2
48428.3
49334.1
87038.5
-185288
-110787
-96300.2
-87329.1
-29925.5
-18656.3
-16735.1
-25591.6
190078
116569
100997
116080
-107789
-71994.8
-63563.2
-114862
-277252
-169848
-151870
-175645
53301
35378.7
34333.6
67988.3
-199012
-121340
-104097
-104383
-16731.6
-9782.82
-10386.7
-15530.2
199750
120089
108449
115811
-111845
-75497.1
-67228.9
-124080
-295793
-180281
-162059
-188406
56755.2
39170.2
35443
74376.3
-209502
-127551
-109921
-107557
-8795.7
-8274.56
-2015.25
-5811
237851
142694
127602
136200
-93394
-62731
-60707.2
-111296
-277694
-167393
-155203
-179982
42644.2
30107.9
28085.6
63894.2
-228873
-138452
-123663
-131917
-19350.7
-10588.2
-11407.8
-16074
267047
162697
142647
154540
-83680.4
-57985.6
-54976.8
-114920
-291892
-177788
-161262
-186427
14134.4
12546.2
15423.4
51048.2
-255172
-156889
-135717
-149076
13920.8
10207.8
5774.94
8174.15
276001
167739
147527
162824
-101880
-68672.1
-63550.5
-125222
-309660
-190539
-169395
-206467
24857.6
18186.8
21977.6
60005.8
-244300
-153351
-127164
-144439
41002.3
27457.7
23156.3
27980.9
307232
186089
168851
181392
-86954.3
-62079.7
-53494.7
-117848
-320522
-196420
-177223
-212401
-18411.6
-8788.63
2647.41
46975.2
-286020
-176123
-154282
-169775
56513.4
37000.1
32015
48906.3
327491
199104
178557
206578
-115493
-75242.5
-72145.4
-128621
-342065
-213749
-184198
-225329
-48916.2
-26795.8
-14089.1
26404.1
-311985
-193495
-164053
-190313
45317.1
30141.1
26347.5
42078.5
326134
199518
180247
207577
-139545
-92288.7
-83516.4
-151134
-374002
-229803
-203512
-246107
-46415.9
-21231.6
-16703.3
33549.4
-309933
-191011
-165228
-185218
38027.5
24284.2
25267
39315.1
365665
223531
201610
234485
-125482
-83721.4
-79980.8
-146933
-361555
-223116
-197003
-233405
-55635.2
-29550.7
-19010.6
29875.3
-310503
-190757
-168039
-190468
39527.3
28150.6
22439.3
44093.8
405956
249545
224124
270836
-119573
-80549.4
-76553.5
-150902
-395563
-245793
-213528
-251195
-77413.3
-44013.9
-24695
25060.6
-322897
-204036
-167598
-193334
43463.7
27910.2
27413.1
48888.7
426530
260722
237404
288384
-132190
-88920.1
-82117
-157367
-444250
-273723
-242698
-287805
-76542.2
-38519.6
-32511.4
29511.1
-341134
-208462
-183383
-201962
10847.7
8973.89
8121.83
27595.5
423764
264089
234759
298033
-129430
-87666.4
-83010.1
-158636
-433558
-266296
-239736
-290178
-92915.2
-49294.5
-38200.7
14683.1
-345139
-212294
-184626
-210931
5946.06
3710.9
6568.31
16027.3
416574
257803
229706
289783
-157202
-104450
-97464.8
-180256
-411400
-256031
-224002
-274695
-82416.8
-42842.9
-34461.6
19632.1
-330576
-201745
-178139
-202633
20438.9
14021.9
12706
28484.4
418376
260380
231994
295503
-153839
-102946
-95675.8
-181293
-419257
-256770
-231756
-277016
-70870.5
-33618.7
-30303.1
30463.6
-321938
-193505
-176137
-188484
9785.65
6869.54
6709.74
20448.1
421009
262269
233578
296954
-142352
-95484.2
-94071.4
-177290
-393692
-243249
-215097
-260816
-74442.1
-38424.2
-30923.9
18751.1
-315338
-193634
-171041
-196793
-12023.6
-8038.39
-3440.07
2385.78
424884
264721
236633
305067
-135418
-92420.3
-88233.5
-179935
-397501
-244517
-217673
-259175
-74827.5
-37534.6
-30584.5
20829.2
-313893
-193929
-167020
-196641
540.23
1278.45
1640.49
8476.09
435074
270987
241637
313740
-150826
-102897
-95900.7
-191742
-411041
-250947
-229316
-272158
-82954.2
-44555.5
-35725.2
19663.9
-305523
-187358
-165928
-182678
12877.8
11025.2
5866.16
17546.9
450597
282945
248814
324993
-152724
-105725
-96706
-192209
-385673
-240980
-213847
-270889
-135219
-80011.3
-58507.4
-19845
-322852
-201185
-172848
-206016
41878.4
24307.5
25084.6
30753.5
463810
289243
257798
333450
-187117
-127567
-110964
-213536
-371121
-233034
-205181
-263944
-153874
-89909.3
-71163.9
-29132.1
-327504
-203853
-176596
-212068
49695.5
30453.7
27987.3
36568.7
478291
297659
266786
344075
-190896
-128145
-115382
-213904
-375778
-229320
-212039
-266080
-182506
-100995
-93171.2
-46311.3
-336651
-204072
-185177
-212145
54762.6
35876.5
29338.6
40051.9
469727
298043
258147
341605
-206986
-133770
-129953
-221989
-338640
-211890
-189204
-242995
-210025
-125695
-102279
-71352.7
-331387
-206354
-179322
-215451
72066.9
44030.1
40539.1
51999.9
489402
305474
272189
355101
-210663
-141006
-127530
-230796
-343013
-216177
-189746
-249979
-233277
-137461
-115287
-86977
-345143
-215682
-185396
-227838
85043.7
51214.3
47520.4
55691
502549
313779
280057
364426
-228036
-150330
-136235
-243412
-364717
-225496
-203976
-264464
-221921
-129890
-110434
-70656.2
-349361
-214859
-191043
-222102
74447.7
47610.2
39926.8
53047.2
505542
316978
282995
370948
-224674
-147811
-135753
-234047
-334359
-207729
-188545
-251936
-259998
-154408
-127049
-90056.4
-372880
-228570
-206636
-248610
85212
52849.9
45366.6
54161.6
507607
315887
283536
372077
-249332
-162383
-148076
-248889
-316930
-199562
-177035
-237345
-285356
-169593
-141649
-106832
-374371
-232135
-204492
-250384
85886.6
52512.6
45235
53872.3
492293
307330
275510
361136
-253923
-164617
-150638
-248549
-329868
-206968
-182327
-243769
-284404
-165754
-142741
-97484.6
-392282
-240157
-216097
-254160
79940.5
47105.3
44110
48346.3
507529
315942
285256
370221
-249183
-161534
-149994
-245894
-312315
-196201
-172014
-228461
-304332
-180193
-152390
-113024
-406443
-251655
-223171
-272814
55029.9
32373.5
29914.9
31304.3
510359
318625
285865
374909
-255376
-166721
-150766
-249859
-311663
-194071
-174773
-226980
-327281
-194860
-159715
-118954
-424648
-264234
-231519
-283927
59254.8
35039.3
30653.8
30542.1
527611
328425
296660
390143
-274865
-177347
-161877
-261279
-14604.6
-8051.82
-11421.2
-15420.6
-4268.1
-1147.63
-2100.81
-673.166
26853.8
16146.1
13506.4
10427.7
-30844.7
-19085.5
-15953.7
-14727.6
-9858.48
-4111.83
-4193.85
1198.55
5183.8
63.6396
3045.51
-2954.29
-47687.3
-30489.7
-31051.9
-43970
-13123.9
-10644.8
-6100.21
-5816.66
49254.9
31045.5
24166.1
26056.2
-80846.3
-51205.1
-40128.3
-42632.9
-18661.3
-9891.01
-8182.64
921.36
-14187.4
-10451
-7701.1
-15487.1
-69068.1
-44036.5
-44423.3
-76354.8
-47786.3
-29447.5
-26037.1
-31510.1
67397.9
40926.6
36884.8
36951.3
-103503
-63245
-54252.1
-56183.2
-24207.1
-12082.3
-11868.1
1744.43
-5082.68
-4962.48
-1892.92
-9722.01
-77240.1
-50845.9
-50340.3
-87023.6
-85291.2
-52366.9
-45801.4
-53068.4
73942.2
44938.1
39291.1
40317.1
-115188
-71373.9
-59356.7
-58004
-39773.3
-20774.8
-20941
-8550.34
5691.5
-101.116
4739.74
-2067.58
-97551.7
-64347.4
-63029.4
-115164
-124862
-78160
-68424.6
-87328.4
72158.8
43535.9
37995
36551.8
-130209
-79943.4
-68044.2
-70202.3
-57901.4
-33468.1
-30786.7
-26338.3
11682.8
4143.65
7264.11
1928.28
-121955
-82213.9
-73656.5
-133589
-149960
-94883.8
-83116.2
-106108
66125.1
40777.4
33444.7
30448.7
-132459
-80702.1
-67418.4
-66202.2
-54251.4
-32390.4
-29110.2
-27727.1
5617.96
1573.31
4101.93
-2054.85
-120024
-78022.2
-75286.4
-137164
-150778
-90814.4
-89238.3
-118991
73629.6
44170.1
36666.3
29069.9
-131663
-75375.5
-70509.9
-60908.8
-49838.3
-28104
-26995.9
-25777.6
18694.5
10582.6
9982.93
6759.23
-87486.1
-60994.3
-55524.9
-113107
-116920
-75165.5
-69595.6
-102591
89647
52608
47893.8
42674.6
-125627
-74700.2
-64074.5
-57871
-38639.9
-23932
-19732.5
-21640.3
25592.3
13628.1
16356.8
15740.2
-69238.5
-46682.5
-46499.3
-101623
-117401
-74474.6
-70422.9
-107358
88355.1
52128.6
49909.7
49440.2
-118814
-67906.3
-62493.4
-50008
-41692.4
-25338.5
-21359.6
-18562.3
22142.3
12589.3
15282.7
19839.3
-49763.3
-36368.6
-33036
-79644.3
-130712
-83682.6
-76158.2
-116390
81887.2
48006.2
47842.8
52299
-122017
-71135.6
-62095.3
-49055.5
-64491.7
-37551.6
-34453.1
-35012.4
19495.6
10762.9
14357.8
21597.2
-58269.1
-40474.8
-38395.2
-87240
-144048
-91600.7
-86404.9
-134785
60145.1
35464.2
35921.7
41782.2
-129289
-74064.5
-67151.1
-53260.7
-75810.3
-45517.2
-40170.7
-43779.8
2154.55
675.994
3925.15
10143.4
-41278.8
-30793.1
-27928.6
-71221.9
-130375
-85437.6
-79965.3
-131453
46823.9
28239
26449.3
36382.1
-118893
-68006
-60972.4
-46611.8
-77047.1
-46341
-43003.4
-46987.2
4350.83
4823.18
2318.6
10298.3
-42657.6
-30655.9
-27484.5
-64667.7
-138030
-89205.8
-82526.4
-139546
35690.5
22769.5
19135
24008.4
-114346
-67919
-57028.2
-42280.7
-73425.3
-45493.1
-39676.5
-46199.5
8309.21
5993.44
4010.71
9540.28
-19245.3
-14915.7
-15530.2
-43849.1
-109358
-69327.6
-69161.4
-118824
63740
41918
32891.8
45586.5
-114416
-66654
-58457.2
-47157.7
-60117.5
-34793.2
-34379.5
-37307
21436.6
16526.5
9490.08
19385.3
-3296.53
-5060.06
-4690.95
-29964.4
-99004.8
-65309.8
-60959.7
-111419
64034.9
40076
36782.3
48516
-100983
-59234.3
-51748.2
-40291.7
-51525.5
-32651.4
-28096.2
-33630
20936
15084
10627.1
19131.5
19472.3
10140.6
8143.04
-6059.91
-86081.8
-56000
-55517.1
-103236
69068.8
43757.9
38358.4
52082.7
-76586.7
-44454.4
-38644.1
-26887.7
-36751.2
-22326.9
-21961.3
-31146.6
36503.7
23961
18508.5
24617.9
25752.1
14014.1
13492.3
2152.43
-81705.5
-54265.5
-51875.5
-100291
62633.4
39292.5
36239.2
49914.7
-55092.8
-31535.5
-26167.2
-11964.2
-27956.2
-18780
-15202.1
-26055.5
40600
25593
22042.6
29138.5
34534.4
20205.6
20069.8
19639.2
-69350.2
-45640.2
-45970.4
-89928.4
55688.2
34726
32733.4
49732.2
-35969.1
-18776.5
-15261.5
3080.16
-17661.4
-10551.4
-11861
-18534.7
40634.6
28258.8
20206.3
30139.7
13548.9
9199.46
4841.56
9905.86
-82361.7
-54476.2
-51172.6
-92756.9
26950
17427.4
14772.2
27533.3
-34672.3
-18246.9
-13282.3
13909.5
-45579.4
-26831.9
-25261.4
-31741.3
20986.9
10671.7
14204.4
18471.8
-16224.6
-11535.7
-8564.48
-8406.09
-93051.7
-64754.7
-53025.2
-93995
-2754.18
-854.892
576.999
12629.6
-57393
-32271.6
-22831.8
2508.81
-58069
-33916.4
-30470.6
-31667.8
-25493.3
-17326.2
-6524.47
1829.29
-28328.8
-18312.7
-18435
-29033.8
-118124
-78348.1
-68740.7
-112663
-29411.4
-18099.8
-14531
-9600.39
-64832.5
-36802.8
-27732
-336.583
-50976.7
-29052.9
-28164.1
-26136.8
-54551.9
-33383.9
-23621.6
-14267.3
-20067.7
-15919.8
-12929.4
-24956.6
-139778
-91158.1
-79408.1
-120702
-44023.1
-28767.2
-22392.7
-23202.3
-57772.7
-33214.2
-24395.2
3269.66
-49646
-28087.7
-27824.7
-25142.6
-60922.2
-39552
-25576.8
-12608.4
-45484.6
-30198.4
-29557.8
-53451.6
-186366
-120289
-106311
-158733
-77143.9
-48556.3
-42415.8
-51467.5
-78413.9
-44702.6
-36852.3
-13030.6
-68286
-39952.9
-37920.7
-42696.5
-108206
-67195.7
-52327.3
-44540.7
-44448
-31568.1
-25450.9
-50789.4
-193541
-125837
-110043
-164145
-93251.1
-58145.4
-50832.5
-62389.4
-68414
-38081.9
-31507.3
-8973.89
-54369.4
-31607
-29790.4
-34776.2
-126347
-75498.5
-62900.7
-53042.2
-72383.7
-46531.2
-41227.2
-67133.4
-214451
-133633
-124113
-180706
-89840.7
-55515.7
-49684.2
-63537.8
-83606.2
-48261.5
-38513.3
-18507.1
-51664
-30264.2
-25710.4
-24170.3
-113622
-67396.5
-57603
-49600
-79484.5
-52566.3
-45611.2
-71313.1
-198430
-126422
-115933
-173598
-71911.3
-44638.9
-40613.4
-52115.9
-86559.1
-51775.8
-39087.4
-22866.4
-55125.3
-33767.9
-28067.2
-26966.2
-84374.1
-48317.3
-43564.8
-32940.6
-88086.4
-56490.8
-52051.5
-80806
-203167
-127027
-119970
-175568
-76159.6
-47363.4
-41594.8
-51536.1
-67192.8
-38682.3
-31129.7
-9187.44
-78256.9
-47482.2
-42352.2
-40813.5
-54442.3
-31240.7
-27157.9
-14452.6
-106579
-67091
-62219.7
-88012.2
-222522
-139016
-129268
-187241
-96393.5
-58894.2
-53350.5
-62965
-63599.3
-35457.9
-28472.4
-2187.79
-119349
-70475.9
-66728.3
-72263.5
-37446.3
-19444.7
-18927.8
-5110.26
-111030
-70905.1
-64588.5
-95911.3
-218677
-137437
-127859
-186779
-106099
-65278
-57843.5
-67552
-37695.2
-20086.1
-13855.1
14012
-131525
-80808.2
-72923.9
-85460.2
1726.75
2401.33
4197.39
20574
-119913
-76441.1
-69598.4
-101548
-221862
-139225
-131464
-192211
-125788
-76266.4
-71301.1
-81745.1
-11583.1
-3326.94
874.691
32652.1
-143704
-88859.3
-81648.2
-101550
23969.5
19437
13295.7
33599.6
-119150
-76455.2
-67499.7
-100589
-214380
-135971
-122358
-186019
-134502
-84244.7
-75439.8
-97379.2
-5079.15
1174.5
7076.72
49847.5
-169697
-104825
-90022.5
-109771
30298.1
18328.9
21042.1
38625
-114475
-72807.2
-65940.5
-94016.9
-194753
-125511
-112953
-168190
-136464
-84911.5
-77224.5
-97410.3
-13394
-3504.42
3500.89
48624.9
-192472
-119377
-101740
-119099
24775.6
17886.3
17141
40415.4
-87065.4
-56469.5
-52924.8
-87619
-199036
-125769
-117032
-175606
-135579
-85658.2
-77873.7
-105840
3353.1
7199.05
9869.09
56038.9
-206537
-126821
-112488
-127793
53639.7
34648.9
31988.1
53576.1
-51085.6
-34873.8
-35172.2
-63852.4
-191547
-120048
-113983
-167611
-134491
-85436.9
-79704.4
-111365
28023.3
22587.1
22145.2
72935.2
-226067
-137042
-125620
-143389
92187.6
58171.6
51719.2
80529.6
-41473.2
-29334.3
-30146.1
-68320
-195644
-125037
-115388
-179346
-145220
-92198.2
-86520.9
-127816
38132.1
28536
28294.2
75220.6
-248679
-153325
-136683
-165889
110825
69359.4
63516.6
90878.8
-14766.5
-15691.4
-11880.1
-51193.8
-182540
-118999
-106854
-169287
-145613
-92850.2
-86710.4
-132899
65968.8
44919
45713
94495.6
-247965
-153730
-137079
-170372
130006
82206.1
76161.1
108616
7988.19
8978.13
1368.25
7686.25
1637.66
5638.47
-5035.31
-3341.08
25899.9
14950.4
10873.2
3272.49
10101
4929.24
8092.13
9900.2
9726.96
7589.38
2778.93
4273.05
14240.4
12276.1
2619.12
1035.2
3150.87
3329.77
259.508
6839.84
18056.7
12513
6738.73
9510.59
30835.5
17455.6
12693.3
2195.57
7766.86
7166.53
4422.25
16127.7
4203.04
808.223
2731.55
-2284.66
6864.59
5458.16
1505.43
1575.43
-6294.66
-4239.11
-3732.11
-5633.52
3460.58
3921.61
-417.193
-4132.33
20168.8
8245.57
5888.08
-18036.2
4112.53
3687.56
3722.92
14752.4
7544.83
6030.91
2307.29
-900.147
-21620.5
-14762.3
-13254
-26678.4
-7687.66
-4237.69
-7306.53
-3297.95
14263.8
12849.5
3744.13
12349.6
-7071.07
-9709.28
-10847.7
-46182.6
-28114.6
-15315.9
-13461.2
1211.27
1668.06
1465.13
1938.18
2061.22
-42405.2
-26464.9
-26662.2
-37483.7
7662.21
2243.65
4220.01
-4252.54
17819.1
10167.5
8677.61
4203.04
-24387.4
-24661.1
-18367.8
-71246
-32941.3
-24394.5
-12909.6
-10547.2
7747.77
4227.79
5857.67
6401.44
-36096.4
-26767.5
-19527.5
-43779.8
38656.8
23674.6
20222.5
21671.4
40159.4
25155.3
20210.5
16169.4
-30342
-25244.4
-24403.7
-74345.2
-42419.3
-26602.1
-20153.3
-13936.4
37885.4
24044.5
21480.5
26876.4
-14922.8
-10082.6
-7015.91
-18403.2
52278.5
34389.4
29965.1
40095.1
30303.1
17610.5
18256.1
23075
-34868.1
-26216.7
-26769.6
-77718.1
-66170.3
-40474.8
-31836.1
-22975.3
34479.9
21380.8
21360.3
34667.3
-9311.89
-5586.85
-3421.69
-1714.73
63973.4
41988
36977.4
57962.2
-4108.29
-3806.36
601.041
4212.94
-42369.8
-30646.7
-29723.9
-78997.3
-84688.1
-48573.3
-45795.8
-37753.8
3517.15
1211.27
5337.95
9451.19
-25746.5
-14953.2
-12590.7
-6929.65
67262.8
41489.5
42324.6
62755.7
-26512.3
-16505.3
-12329.1
-10381.7
-46115.4
-33145.6
-33565.7
-83306.4
-75467.4
-43134.2
-42231.2
-36631.7
4191.02
4154.96
188.798
3850.9
-45839.6
-29950.9
-22814.8
-23568.6
88092.1
55887.6
51636.5
81259.3
-31082.3
-18708.6
-13784.3
-7590.79
-46031.9
-35222.4
-32565.8
-89447.6
-78442.9
-47089.1
-41565.2
-40286.7
18227.1
7981.82
11875.9
4959.65
-53602.2
-33402.3
-28333.1
-30156
113281
72426.1
65244.7
95786.8
-37736.9
-19786.3
-19751.6
-8690.34
-47801.8
-34774.1
-34202.8
-88430.1
-93233.4
-55983.8
-50827.5
-50708
18296.4
12085.2
8663.47
7498.87
-56174
-34948
-28434.2
-31177
132711
83758.9
76674.4
110961
-44199.8
-26960.6
-20504
-14652
-67672.2
-45586.5
-45541.9
-98504.2
-124966
-74698.8
-71692.1
-79515.6
13403.9
7821.31
4980.86
-763.675
-68534.2
-43105.9
-32715.7
-31389.2
137244
86969.2
79482.3
116130
-53926.8
-32682.5
-28050.2
-22904.6
-44588.7
-34648.2
-29836.4
-82620.5
-140595
-92046.2
-72783.9
-100170
-11136.2
-9126.63
-8095.67
-19663.9
-58463.6
-36730.7
-28781.4
-31187.7
135642
85817.3
77919.6
115804
-60743.3
-37517.7
-32130.9
-30996.7
-9642.11
-10436.9
-10695
-51595.5
-131993
-80958.8
-73941.4
-94711.3
-27946.3
-19694.3
-17899
-36716.5
-32797
-19461.7
-16855.3
-11373.8
111186
70714.2
66277.1
103521
-57327.3
-34154.7
-31826.9
-33857
10166.1
3499.47
787.01
-25675.8
-103629
-63759.1
-56830.2
-69552.4
-19569.9
-11014.6
-16578.8
-32157.8
-19607.4
-13621
-6459.42
-2345.47
74353
50520.7
43758.6
81839.1
-56811.1
-34704.1
-29340.7
-30190.6
16867.3
8664.18
6097.38
-15638.4
-122744
-75362.7
-64565.9
-77574.6
-20427.6
-13944.9
-12497.4
-27973.9
-23014.2
-13270.3
-9031.17
-236.881
41326.9
28703.6
25948
55068.8
-74257.5
-44060.5
-39886.5
-39635.5
7224.51
2109.3
1960.1
-13138
-149045
-91667.2
-78606.2
-83890.4
-54908.3
-32310.5
-33284.2
-42857.7
-36279.5
-21641
-14613.1
-3021.47
25419.8
17438.7
17899
42759.5
-77498.9
-46782.9
-41812.6
-46416.6
-24111.6
-16013.8
-14701.5
-29347.8
-186262
-113154
-100643
-109993
-77910.4
-48028.1
-47399.5
-69749
-46833.1
-27796.4
-18205.2
-1726.05
26452.2
21298.1
16439.5
38645.5
-79814.7
-47932.6
-45582.2
-49448
-824.487
-3501.59
-2518.71
-22296.5
-190163
-118720
-101012
-121101
-95687.8
-60787.8
-56123.1
-82505.9
-34973.5
-18482.4
-17014.4
-1353.4
54336.2
36116.9
33185.9
59255.5
-69306.4
-43982.7
-38218.4
-47139.3
34405.7
19414.3
16878.6
5496.34
-163001
-98217.8
-90607.2
-104089
-111461
-73131.1
-62408.5
-98166.2
-16544.2
-7976.16
-5770.7
12557.5
47639.9
31737.1
32134.5
60167
-77266.3
-47248.2
-43163.2
-51870.5
34224.7
19203.6
16401.3
8480.33
-135535
-82715.2
-73824.1
-83697.4
-124530
-76410
-72141.9
-99318.8
-20726.7
-12978.9
-7065.41
6059.2
32495.8
24056.5
20632
51705.8
-82017.3
-49085.9
-47112.4
-54870.8
22209.5
10972.2
8893.28
-6155.36
-154269
-94156.2
-84582.7
-97618.2
-158714
-98169.8
-87555.4
-117144
-34104.5
-20361.1
-16996
-7036.42
38141.3
24481.5
24852
45692.5
-81131.3
-50512.2
-46683.9
-62255.1
18119.6
4909.44
7589.38
-17807.8
-159881
-101880
-85395.2
-104736
-174445
-108215
-97121.8
-124359
-26717.3
-18497.2
-10235.4
-9007.13
61495
40064
37842.9
63678.5
-66812.4
-42268.7
-38374
-55189.7
1796.76
-1846.26
-3268.25
-26316.4
-171034
-105298
-94365.5
-111821
-171627
-107177
-95700.5
-126158
-22423.8
-12182
-6600.13
7268.35
60180.4
42793.4
37489.4
70320.4
-56920
-34129.9
-35827
-54301.6
22734.2
6807.32
10982.1
-20069.1
-181613
-116584
-95142.6
-123201
-187662
-115406
-103718
-128787
-10942.5
-4164.86
-4598.32
6244.46
72967.8
50675.5
44733
84282.2
-17214.5
-10683.7
-14157
-29540.8
42749.6
23211.5
21527.2
2667.21
-151544
-90905.6
-84355
-99453.9
-203839
-125364
-111750
-137271
14216.4
12214.6
9438.46
28719.8
63956.4
42775.7
44374.5
87705.3
9610.29
4486.59
2308.7
-14068.6
53303.1
27318.4
28622.3
17277.4
-103699
-65638.6
-54023.7
-60051
-197865
-120992
-108507
-128058
21535.6
11263.5
16795.9
30019.5
52436.2
38588.9
33747.4
81641.1
53386.6
32316.2
24547.2
15313.1
51625.9
27374.2
26199.7
11695.5
-88461.2
-54322.8
-47864.1
-51727.7
-205635
-126687
-110050
-127416
39285.4
23962.4
22737.7
37954.7
56938.4
39199.2
39038.7
81763.5
80232.6
47679.5
39529.4
27338.2
65453.3
34287.6
36039.8
23073.6
-68674.9
-44601.5
-33526.1
-34157.5
-201806
-123338
-106876
-115915
62612.2
36818.3
38876.7
51413
63639.6
44500.4
42654.1
91410.5
108180
65293.5
54054.1
41976.7
50518.5
27518.5
28223.5
22476.8
-86177.2
-52547.9
-45020.1
-42388.2
-207446
-125721
-110155
-115755
73341.8
45869.3
46203.1
68375.8
83801.3
55123.2
53995.4
100660
112899
67100.9
57082.6
45710.9
70959.6
42582
38597.4
34179.4
-106185
-63742.8
-57172.4
-60371.4
-199344
-120166
-108264
-114652
110724
69732
66441.9
97541.1
97911
64751.2
60172
112327
103047
60896.7
49583.7
35394.9
104479
65695.2
55693.9
65341.6
-108696
-62228.9
-64629.6
-70945.4
-195029
-117931
-106437
-117052
122543
78901.1
70320.4
110413
91834.1
57608.7
60262.5
105813
100723
58101.5
49957.8
27811.9
116039
70724.8
64674.8
74706.5
-94574.8
-55280.2
-55857.2
-67163.1
-172950
-103664
-94450.4
-105865
125000
76362.6
76031.7
110639
85176
54996.6
51592.6
95660.9
98822.4
57846.3
47185.2
28336.6
124175
75693
67880.1
78703.8
-120404
-72818.6
-70591.2
-89993.5
-156307
-94608.1
-85541.5
-95110.8
120664
75876.1
70869.1
108269
87306.5
55639.4
52593.9
86757.1
96788.1
56972.3
45075.9
20961.5
121576
73712.3
67294.6
77844.7
-149101
-92771.7
-85263.6
-112789
-154020
-91337
-85629.2
-91974.8
121673
76764.2
73546.9
111048
94731.8
59768.2
55931.4
91284.7
107718
62371.1
51746.8
27600.5
92686.8
58163.8
50383.5
64491.7
-181898
-110535
-108357
-140593
-153368
-90956.6
-86595.8
-96308.7
124184
78966.9
76714.7
126718
-14299.1
-7303
-8348.81
-5529.58
4560.84
4419.42
2139.71
4117.48
-22486
-14580.5
-12571.7
-15154
9537.46
7644.53
3793.63
4324.67
-9145.01
-6129.2
-4148.6
-5104.6
-7418.26
-2303.75
-2407.7
2359.62
1193.6
-2263.45
4294.97
2222.44
45158.7
23985.1
29118
32111.8
-43370.4
-31881.3
-17626.8
-27150.1
34142.7
18826.7
20679.3
19400.9
2205.47
609.526
3399.77
5545.84
9830.2
4389.72
9856.36
17655.7
38765
23509.2
21481.2
30089.5
92751.9
58253.6
49739.3
63129.1
-25878
-15649
-14629.3
-15064.9
78179.8
48185.1
41718.6
48726.7
29760
20732.4
15084
26686.9
30486.9
18514.2
20190
36341.8
59430.2
39389.4
32357.9
46043.3
148659
89573.5
84153.5
104173
-40256.3
-22529.8
-24586.8
-23823.1
98229.2
59206.8
53492.6
61840
31360.9
20646.8
18847.2
33256.6
34811.6
21843.2
23542.4
44774.7
95273.4
61820.2
52557.1
72253.6
174652
109676
96602.1
129190
-33738.2
-21395.6
-18623.1
-25878
118891
73383.5
64000.2
74922.2
33497.8
24675.9
17254.1
35140.4
22602.7
17612.6
16748.5
47299.1
118446
75729
68293.1
101900
184392
116220
104841
144200
-33953.1
-23132.3
-16535
-20114.4
133575
84142.2
71570.5
88063.1
39444.5
25776.2
25286.8
47446.9
6469.32
10689.3
8973.89
46697.3
94548.7
61228.4
53764.9
88285.8
179876
115750
99897.2
139434
-44793.1
-28630
-23191.7
-23618.8
143054
88717.2
76343.5
90359.8
22412.5
15728.9
15203.5
36599.8
7904.75
10768.5
11888.6
52726.8
71902.2
43002
42041.7
60843.7
216378
134085
122793
160374
-41128.2
-28031.8
-16635.4
-16045.7
144943
88798.5
77492.5
86647.5
21606.4
14284.3
14319.6
31907.5
19494.9
14656.9
19593.2
60389.7
66342.9
39949.4
35329.9
50615.4
264718
165553
145822
191992
-21734.3
-11839.8
-9051.67
6257.19
162374
100296
84605.3
97519.9
25666.6
19245.3
12554.7
32737.6
32508.5
22785.8
26296.6
70434.9
55366.5
34191.4
29397.3
33340.8
305754
190414
169992
221493
-19998.4
-8572.96
-10070.6
8271.03
164511
100098
85558.5
89099.7
28362.8
18664.8
16518.7
29454.5
36719.3
26665.7
28893.1
74741.9
50930.1
30931.7
25682.1
27601.2
328752
207030
181265
239217
-1979.9
1581.8
2452.25
21658
174690
106199
89174.7
88088.5
26412.6
19026.1
12855.9
26751.3
34030.9
26645.2
27959.7
80752.3
33424.2
19610.2
17524.2
17930.1
348935
220493
195014
262224
16191.3
11124.2
16390.7
43113
181050
110147
93572.1
91748.5
25064.1
16389.3
15052.9
27630.2
25074.7
23217.9
24185.2
84087.7
14981.5
10806
3773.83
1694.23
361837
226650
202853
269955
13259.7
11269.2
12495.3
45317.1
190202
115711
99231.8
98611.7
16672.9
10818
9811.11
18130.2
37540.3
31365.1
30473.5
94292.7
-14588.3
-12177.1
-12161.5
-29712.6
356505
221673
202013
269587
-6131.32
-2411.23
5940.4
37125.9
181820
108427
95477.8
88523.4
6842.67
3336.13
3986.67
8228.6
53117.9
39097.3
39830.6
102666
-53398.6
-37754.6
-33714.1
-68438.7
346322
216667
196142
263341
-22184.1
-8981.67
-4373.46
28681.7
177595
104426
94010.6
82986.1
-17068.9
-11587.4
-8857.93
-13683.2
74776.5
50849.5
53378.8
117867
-45233.6
-30848.9
-32605.4
-74171.3
358405
222587
204404
274140
-9230.57
1429.06
-1131.37
35265.5
193408
115896
100335
90603
-8475.38
-6520.23
-4256.78
-8746.91
89217.1
62802.4
59572.3
129770
-36882.7
-29482.8
-24325.2
-67591.6
351799
219257
201252
277969
13978.1
11738
18145.8
56184.6
198662
117669
104464
95156.8
-8262.54
-7309.36
-2650.94
-4669.73
111953
75307.6
73665
148479
-50565.9
-34907.7
-36229.3
-76593.8
334711
211836
190442
270335
24220.5
18171.9
23823.1
72008.2
186890
113387
95267.1
86945.1
-14478
-9040.36
-9271.58
-8959.04
123509
85958.7
77537.1
158991
-58123.5
-40216.7
-39187.9
-84205.8
356054
225108
201065
277872
26478.3
20586
22523.5
71754.4
188592
113017
97661.3
85582.5
-26398.4
-17474.7
-15195.7
-23528.3
127679
85125.8
83772.4
164822
-30086.7
-26172.1
-21047.7
-69327.6
416856
261730
235892
318932
53845.5
36378.5
41349.5
92003.8
195504
118443
104556
97982.4
6996.82
4494.37
3044.09
509.117
144883
96733.6
94972.2
184408
-4030.51
-7156.63
-9992.83
-49215.3
473645
300573
263031
355618
94953.8
66922
58355.4
120590
211978
129380
113889
117117
34861.1
24584
15497.7
22804.2
155530
104452
100939
199072
36843.8
19230.5
11277.6
-26839.7
530458
332727
296694
397635
125353
86922.5
71638.4
139528
206492
127456
111538
125179
53666.6
34344.2
27186.1
34885.1
141039
96848.2
92619.7
198472
78976.8
46051.7
37096.9
4408.1
569784
359296
316698
421752
169425
111869
98809
159628
202870
124627
110842
124094
72675.7
48794.6
35844.7
43584.6
125294
88012.2
85846.3
190850
121593
69672.6
65113.9
46942.7
616214
384934
346410
455852
226728
141584
136435
202261
206173
126738
113320
129849
112986
68855.9
63717.4
74891.1
134330
92852.3
92617.6
199311
110867
67424.8
54332
45807.8
617639
386524
346347
459170
213029
136799
126557
202454
205203
126057
112855
133979
110277
67087.5
61659
77518
141133
99586.8
96596.4
217993
116226
69720
53736.6
36753.3
653681
406951
366105
476374
216334
138866
128606
202068
192435
118397
102999
121865
130207
81141.9
67537.2
82329.1
154962
107109
101526
222399
107863
62996.1
48650.4
22881.3
697273
436315
385481
501019
229239
147452
134085
209116
172166
104394
92218.7
104411
132485
81413.4
68606.3
78437.2
148016
101129
97960.5
215383
127790
74806.9
60429.3
21578.1
751311
467923
418797
535600
229890
150671
133310
208239
153369
90169.5
84716.3
83966.8
148673
89314
80023.3
81721
143712
98448.4
96431
204910
147846
86558.4
72035.8
38177.4
785312
490792
435235
559616
249712
160546
146517
219308
127112
76040.1
67856.1
69606.9
154500
95251.5
80497
85838.5
134114
94200.1
90799.6
203966
153442
88127.4
76745.1
44044.3
806960
500073
453144
579357
262542
164101
157036
231332
93387.6
54661.5
50435.8
43914.9
164815
98058
89334.5
90375.3
123285
87426
87044.8
198208
139739
82389.3
64603.4
37466.1
801854
502649
444823
579044
251755
162006
144495
224837
85415.7
52641.3
40759
36172
149622
90932.5
77030.1
78975.3
126938
91643.9
84354.3
197737
110454
62503.3
48912
12272.5
818038
511048
456236
592956
244828
158233
141817
219789
68043.5
43133.5
31034.9
22966.1
133949
82111.4
65612.4
64185.5
148168
104942
95938.8
208488
75436.3
39960
30342.7
-16900.6
828682
520000
459689
599365
244141
160319
139322
218765
58793.1
35632.5
27507.9
14871.9
98987.9
60512.1
46073.7
31978.9
172712
118059
111216
221384
58455.8
30922.5
20562
-33711.3
845719
527053
475865
620401
247340
161892
140029
215871
41412.4
24829.3
19009.2
5499.17
85023.9
48841.3
41009.4
17587.2
180860
124922
114583
231739
60466.8
28118.1
25129.9
-26895.5
838562
522742
471470
626572
257769
165634
147640
220413
27270.3
13700.9
10110.9
-6266.38
69313.4
37814.7
32473.9
9140.06
193868
130043
123007
237666
41616.8
19149.9
10591.8
-38230.4
815071
512445
455404
610906
260122
165329
149015
220238
-533.159
-975.807
-9563.62
-34225.4
47079.2
24690.8
16961.4
-11856.1
198958
135404
121577
235925
