-1.00089e+06
-835044
-519909
-502370
-1.75781e+06
-1.47965e+06
-972617
-905972
-2.23658e+06
-1.71751e+06
-153195
-561559
-1.22548e+06
-963704
-253591
-388156
-1.22063e+06
-884765
232099
-124161
-1.80197e+06
-1.39804e+06
-248170
-506952
-920304
-770500
-492906
-457509
-1.82342e+06
-1.53257e+06
-1.00963e+06
-934896
-2.31865e+06
-1.77781e+06
-168162
-588992
-1.17116e+06
-920920
-215502
-386044
-1.23364e+06
-895281
258943
-131324
-1.82246e+06
-1.41451e+06
-238449
-530874
-940145
-782115
-466666
-464366
-1.82867e+06
-1.5382e+06
-1.00109e+06
-937705
-2.34576e+06
-1.79413e+06
-129812
-586261
-1.04418e+06
-808407
-143660
-308774
-1.11304e+06
-788834
321571
-63512.3
-1.72761e+06
-1.33266e+06
-191781
-474540
-913926
-761241
-434082
-435353
-1.87398e+06
-1.57456e+06
-1.01861e+06
-950269
-2.457e+06
-1.88408e+06
-124513
-603632
-1.04275e+06
-805788
-116505
-282006
-1.18241e+06
-844626
333666
-71002.7
-1.7887e+06
-1.38309e+06
-193395
-490746
-794543
-655878
-386335
-381611
-1.92347e+06
-1.61191e+06
-1.06288e+06
-981454
-2.4366e+06
-1.85912e+06
-119044
-583307
-1.00021e+06
-769682
-111462
-265451
-1.21925e+06
-867959
312890
-84030.4
-1.78814e+06
-1.38082e+06
-198930
-489760
-704093
-585915
-357291
-354657
-1.99183e+06
-1.67619e+06
-1.10183e+06
-1.02496e+06
-2.39949e+06
-1.82992e+06
-83283
-567148
-1.01519e+06
-788722
-122189
-283360
-1.19373e+06
-850740
347817
-70893.1
-1.8097e+06
-1.39663e+06
-182004
-492673
-668892
-558730
-350431
-338430
-1.98956e+06
-1.67342e+06
-1.10658e+06
-1.02515e+06
-2.47794e+06
-1.89326e+06
-101015
-584482
-1.11832e+06
-869256
-161644
-317827
-1.31081e+06
-943610
312522
-102120
-1.88618e+06
-1.45792e+06
-199981
-501977
-622117
-523459
-359222
-308751
-2.00877e+06
-1.68896e+06
-1.13253e+06
-1.02948e+06
-2.51355e+06
-1.91867e+06
-123177
-595572
-1.11916e+06
-874082
-156468
-334396
-1.33266e+06
-964417
307483
-123145
-1.91772e+06
-1.48515e+06
-215276
-529487
-666353
-558254
-361013
-344918
-2.00607e+06
-1.68959e+06
-1.12881e+06
-1.04107e+06
-2.55393e+06
-1.94914e+06
-107523
-616482
-1.08958e+06
-840659
-123264
-305170
-1.26391e+06
-901401
337682
-90805.9
-1.84732e+06
-1.42532e+06
-194260
-500999
-622017
-525457
-343631
-319868
-1.96213e+06
-1.65426e+06
-1.12211e+06
-1.02059e+06
-2.61849e+06
-2.00376e+06
-106077
-623906
-1.13601e+06
-878504
-125980
-303809
-1.33651e+06
-964489
329338
-109027
-1.86859e+06
-1.44709e+06
-202561
-513113
-624811
-524058
-350103
-318797
-2.02465e+06
-1.70446e+06
-1.15882e+06
-1.04921e+06
-2.62243e+06
-2.00045e+06
-122648
-620155
-1.16169e+06
-897512
-126046
-311816
-1.40815e+06
-1.01842e+06
295372
-137459
-1.97641e+06
-1.53701e+06
-250811
-557149
-656503
-556295
-385524
-357375
-2.13327e+06
-1.80183e+06
-1.22253e+06
-1.11904e+06
-2.6512e+06
-2.02913e+06
-133280
-646484
-1.22615e+06
-953761
-153798
-346969
-1.46478e+06
-1.06745e+06
281959
-166264
-2.09882e+06
-1.63491e+06
-281889
-608708
-659136
-559040
-395792
-360786
-2.14923e+06
-1.81205e+06
-1.23009e+06
-1.13545e+06
-2.70228e+06
-2.06828e+06
-142329
-656634
-1.30301e+06
-1.01325e+06
-190389
-377635
-1.53356e+06
-1.11727e+06
266067
-177258
-2.17865e+06
-1.6904e+06
-299283
-623078
-722505
-615213
-437120
-379702
-2.26618e+06
-1.90632e+06
-1.28056e+06
-1.17041e+06
-2.7222e+06
-2.08087e+06
-145952
-663669
-1.28608e+06
-1.00414e+06
-180355
-387888
-1.51819e+06
-1.10479e+06
282742
-175188
-2.23061e+06
-1.73525e+06
-316057
-658818
-859015
-724883
-468185
-442825
-2.3582e+06
-1.98616e+06
-1.30598e+06
-1.21245e+06
-2.74653e+06
-2.09908e+06
-122868
-664725
-1.24855e+06
-969177
-158328
-359028
-1.41764e+06
-1.02199e+06
318465
-129833
-2.15131e+06
-1.67099e+06
-289747
-616955
-892760
-752475
-482650
-453214
-2.40222e+06
-2.01745e+06
-1.33118e+06
-1.23093e+06
-2.77886e+06
-2.12407e+06
-107223
-662932
-1.27677e+06
-990459
-167510
-361449
-1.45362e+06
-1.0505e+06
321604
-137264
-2.15656e+06
-1.67474e+06
-291632
-626007
-908061
-760749
-495098
-459540
-2.50047e+06
-2.09474e+06
-1.37266e+06
-1.27351e+06
-2.67546e+06
-2.0346e+06
-77690.5
-614924
-1.2814e+06
-993301
-167685
-360817
-1.47685e+06
-1.06469e+06
303517
-140323
-2.20357e+06
-1.71457e+06
-323175
-642208
-939497
-791847
-518425
-491351
-2.60078e+06
-2.18426e+06
-1.41526e+06
-1.32864e+06
-2.61815e+06
-1.98927e+06
-46601.2
-593492
-1.32002e+06
-1.02882e+06
-185577
-388984
-1.48008e+06
-1.07327e+06
314354
-151316
-2.26725e+06
-1.76755e+06
-328146
-674264
-937655
-786897
-526109
-486661
-2.59604e+06
-2.17622e+06
-1.41189e+06
-1.32088e+06
-2.65696e+06
-2.01937e+06
-47881.7
-590903
-1.39973e+06
-1.08991e+06
-223803
-410161
-1.5473e+06
-1.12334e+06
296774
-158875
-2.31164e+06
-1.79642e+06
-333305
-658700
-976750
-823006
-557983
-495014
-2.66635e+06
-2.23342e+06
-1.43672e+06
-1.34525e+06
-2.64703e+06
-2.00385e+06
-32082.8
-586614
-1.42202e+06
-1.11273e+06
-222359
-440980
-1.53057e+06
-1.11214e+06
315431
-166535
-2.35816e+06
-1.83362e+06
-338237
-696857
-1.12289e+06
-939687
-598502
-564822
-2.71317e+06
-2.27348e+06
-1.44988e+06
-1.36434e+06
-2.64595e+06
-2.00115e+06
3977.48
-573980
-1.4176e+06
-1.10135e+06
-204451
-420285
-1.43389e+06
-1.02916e+06
344673
-115391
-2.30921e+06
-1.79296e+06
-323617
-662910
-1.12815e+06
-945745
-598028
-564929
-2.69937e+06
-2.2592e+06
-1.44812e+06
-1.35901e+06
-2.64512e+06
-2.00045e+06
40056.2
-556281
-1.4705e+06
-1.14279e+06
-216364
-427301
-1.46994e+06
-1.06054e+06
349651
-127699
-2.30069e+06
-1.78793e+06
-318582
-667286
-1.13287e+06
-946699
-598201
-561158
-2.76138e+06
-2.31006e+06
-1.47385e+06
-1.38102e+06
-2.54712e+06
-1.91462e+06
76971.4
-499229
-1.50514e+06
-1.17207e+06
-224076
-441182
-1.46604e+06
-1.05504e+06
341767
-125294
-2.32389e+06
-1.81111e+06
-331582
-673607
-1.1587e+06
-973110
-631424
-592906
-2.84798e+06
-2.38702e+06
-1.51673e+06
-1.43184e+06
-2.49146e+06
-1.87093e+06
105686
-479235
-1.54638e+06
-1.2077e+06
-244515
-467881
-1.46374e+06
-1.05641e+06
348681
-125980
-2.40484e+06
-1.8741e+06
-344233
-702625
-1.17719e+06
-989411
-644345
-606033
-2.86725e+06
-2.40342e+06
-1.5168e+06
-1.44987e+06
-2.58406e+06
-1.94545e+06
86448.8
-504380
-1.60929e+06
-1.2572e+06
-264103
-477818
-1.56082e+06
-1.13013e+06
337357
-147023
-2.51609e+06
-1.95617e+06
-362684
-727664
-1.24793e+06
-1.0489e+06
-686053
-626654
-2.95254e+06
-2.47247e+06
-1.55936e+06
-1.48018e+06
-2.67e+06
-2.01024e+06
50809.2
-539355
-1.61981e+06
-1.26783e+06
-262839
-494576
-1.6139e+06
-1.1708e+06
345405
-165092
-2.62398e+06
-2.04216e+06
-397453
-779522
-1.40517e+06
-1.17604e+06
-715519
-692176
-3.00329e+06
-2.51686e+06
-1.56249e+06
-1.49567e+06
-2.74016e+06
-2.0668e+06
54328.4
-562139
-1.61779e+06
-1.26125e+06
-248916
-483079
-1.56463e+06
-1.12591e+06
376329
-128783
-2.60578e+06
-2.02764e+06
-380598
-759533
-1.48838e+06
-1.24269e+06
-743944
-719538
-3.04477e+06
-2.548e+06
-1.58008e+06
-1.51453e+06
-2.8217e+06
-2.13424e+06
48108.7
-585849
-1.66991e+06
-1.3034e+06
-260676
-490731
-1.68268e+06
-1.2211e+06
364148
-165019
-2.69173e+06
-2.09567e+06
-405108
-792767
-1.47852e+06
-1.22926e+06
-742967
-721351
-3.03589e+06
-2.53655e+06
-1.58957e+06
-1.51949e+06
-2.73155e+06
-2.05678e+06
64804.2
-551904
-1.62109e+06
-1.26285e+06
-249161
-481166
-1.70845e+06
-1.23728e+06
356644
-178731
-2.71267e+06
-2.11341e+06
-417238
-811139
-1.47613e+06
-1.2295e+06
-749638
-726435
-3.05661e+06
-2.55611e+06
-1.60428e+06
-1.52847e+06
-2.68592e+06
-2.01828e+06
85240.3
-527942
-1.62972e+06
-1.27168e+06
-261793
-489957
-1.71845e+06
-1.24283e+06
377575
-163523
-2.74797e+06
-2.1378e+06
-407424
-812274
-1.47716e+06
-1.23278e+06
-755383
-734142
-2.9731e+06
-2.48671e+06
-1.56716e+06
-1.4985e+06
-2.75768e+06
-2.07811e+06
60782.2
-561731
-1.70306e+06
-1.33192e+06
-313887
-525631
-1.79617e+06
-1.29927e+06
349556
-185837
-2.77282e+06
-2.15443e+06
-402031
-806420
-1.45141e+06
-1.21523e+06
-745756
-711336
-2.90377e+06
-2.42965e+06
-1.52714e+06
-1.44854e+06
-2.74801e+06
-2.06625e+06
68076
-551591
-1.65415e+06
-1.29864e+06
-304904
-528087
-1.75029e+06
-1.26412e+06
378823
-165044
-2.7552e+06
-2.14244e+06
-375660
-802310
-1.5521e+06
-1.29549e+06
-765160
-753228
-2.8906e+06
-2.42281e+06
-1.51521e+06
-1.44544e+06
-2.8089e+06
-2.1162e+06
68056.9
-572032
-1.66488e+06
-1.30466e+06
-307051
-525473
-1.72733e+06
-1.2444e+06
381746
-154072
-2.70473e+06
-2.10191e+06
-364887
-771066
-1.60383e+06
-1.33597e+06
-774119
-772103
-2.8467e+06
-2.37991e+06
-1.49608e+06
-1.42465e+06
-2.93851e+06
-2.22143e+06
45253.4
-616759
-1.74471e+06
-1.36941e+06
-345839
-554478
-1.86139e+06
-1.35125e+06
348157
-203177
-2.75111e+06
-2.13836e+06
-383975
-800860
-1.63517e+06
-1.35304e+06
-765850
-767176
-2.8564e+06
-2.38203e+06
-1.48764e+06
-1.41509e+06
-2.95458e+06
-2.22588e+06
38961.6
-612603
-1.78018e+06
-1.39872e+06
-367734
-572097
-1.93748e+06
-1.40673e+06
318674
-228625
-2.84596e+06
-2.21469e+06
-416258
-834831
-1.63952e+06
-1.35977e+06
-769928
-777617
-2.84804e+06
-2.38099e+06
-1.4809e+06
-1.42167e+06
-2.91222e+06
-2.19365e+06
69686.8
-592808
-1.81315e+06
-1.43128e+06
-390717
-603898
-1.9141e+06
-1.39467e+06
342986
-223864
-2.88238e+06
-2.24295e+06
-405892
-844524
112281
136940
322789
185671
1.58749e+06
1.28677e+06
573019
660390
-1.40744e+06
-1.15755e+06
-637209
-627520
72754.9
9143.6
-314151
-151464
-1.91677e+06
-1.50165e+06
-355549
-598483
2.29552e+06
1.8829e+06
947073
1.00502e+06
152164
169595
355337
220162
1.58006e+06
1.28251e+06
555615
639551
-1.31367e+06
-1.08765e+06
-615569
-614375
114868
36172
-311166
-142334
-1.91461e+06
-1.49823e+06
-335285
-603080
2.41679e+06
1.97853e+06
988653
1.05072e+06
109838
132247
359021
206478
1.65278e+06
1.33445e+06
567293
664422
-1.22939e+06
-1.02169e+06
-571488
-580735
157492
68007.4
-302249
-132206
-1.89717e+06
-1.48227e+06
-316789
-579874
2.45694e+06
2.01252e+06
1.01462e+06
1.07385e+06
189459
205634
395790
247460
1.67502e+06
1.35205e+06
560079
667678
-1.19896e+06
-995540
-561166
-554775
142943
57964.4
-303742
-137008
-1.86745e+06
-1.45676e+06
-301832
-565347
2.44978e+06
2.01184e+06
1.01453e+06
1.07496e+06
220843
227553
409490
265922
1.69242e+06
1.3699e+06
566036
661358
-1.31923e+06
-1.08594e+06
-611563
-603288
79688.8
12107.8
-340495
-155088
-1.83133e+06
-1.42397e+06
-272268
-545760
2.4134e+06
1.97715e+06
981008
1.05457e+06
234416
248396
435058
279768
1.78883e+06
1.44309e+06
585902
699638
-1.2904e+06
-1.06484e+06
-614906
-591200
72519.5
906.511
-361296
-175690
-1.80894e+06
-1.40264e+06
-239616
-517790
2.52494e+06
2.06958e+06
1.00738e+06
1.08712e+06
282991
289091
479998
300070
1.85949e+06
1.49775e+06
620865
732017
-1.28498e+06
-1.06474e+06
-616715
-602449
121674
40414.7
-345696
-167709
-1.81503e+06
-1.40711e+06
-217197
-510421
2.64918e+06
2.16387e+06
1.05848e+06
1.13125e+06
304128
308342
502542
334212
1.87959e+06
1.52103e+06
629775
739866
-1.20258e+06
-997806
-586580
-575285
172526
78495.2
-334980
-140423
-1.87739e+06
-1.45486e+06
-226575
-533462
2.78503e+06
2.2758e+06
1.11971e+06
1.20243e+06
269355
275762
488262
318202
2.01925e+06
1.62909e+06
673909
797202
-1.13108e+06
-939438
-549552
-538835
208779
104957
-344058
-132791
-1.92238e+06
-1.48988e+06
-245210
-545713
2.83947e+06
2.32266e+06
1.15668e+06
1.23701e+06
375484
369715
519062
358119
2.08589e+06
1.68256e+06
684672
816443
-1.124e+06
-932728
-552734
-533089
179763
81023.8
-364276
-160538
-1.91095e+06
-1.48194e+06
-256444
-547860
2.8334e+06
2.32383e+06
1.15496e+06
1.23107e+06
401727
381229
528348
367895
2.15635e+06
1.74247e+06
729718
839592
-1.23124e+06
-1.0172e+06
-582940
-574971
140982
50715.1
-388926
-176098
-1.93004e+06
-1.50102e+06
-253431
-556984
2.82496e+06
2.30953e+06
1.14626e+06
1.22289e+06
402726
392179
542714
372788
2.28392e+06
1.84641e+06
786080
902654
-1.21266e+06
-998424
-572257
-555287
158498
62651.8
-391798
-178764
-2.00803e+06
-1.55885e+06
-262257
-570627
2.99717e+06
2.45828e+06
1.21808e+06
1.2984e+06
495909
466003
597157
418259
2.2865e+06
1.84108e+06
783607
924861
-1.25355e+06
-1.04275e+06
-618335
-581215
222756
111579
-383265
-158103
-2.0436e+06
-1.58789e+06
-259981
-577322
3.12111e+06
2.55006e+06
1.25687e+06
1.34864e+06
529422
496934
623775
451102
2.18688e+06
1.76973e+06
745519
871500
-1.25441e+06
-1.04489e+06
-634865
-613805
235502
118264
-381095
-157331
-2.11437e+06
-1.64171e+06
-279453
-603846
3.1963e+06
2.61343e+06
1.29698e+06
1.38883e+06
511119
480586
618827
447316
2.20541e+06
1.7814e+06
743316
883826
-1.22174e+06
-1.01947e+06
-627450
-599653
280587
152275
-378421
-147609
-2.17976e+06
-1.69353e+06
-311159
-625819
3.21207e+06
2.62954e+06
1.31445e+06
1.40383e+06
544925
512980
635104
459933
2.10719e+06
1.69793e+06
699758
837290
-1.27645e+06
-1.0672e+06
-657520
-619556
246159
122480
-393963
-163147
-2.25148e+06
-1.75339e+06
-344863
-667025
3.11818e+06
2.55591e+06
1.28209e+06
1.36322e+06
557083
516772
637622
464571
2.04301e+06
1.65168e+06
697326
804384
-1.49262e+06
-1.23802e+06
-735977
-710702
171296
68628.2
-431329
-187937
-2.2851e+06
-1.78193e+06
-349323
-679972
3.05873e+06
2.5043e+06
1.24875e+06
1.33446e+06
522234
496852
627832
462216
2.00627e+06
1.61928e+06
679532
806016
-1.61056e+06
-1.33565e+06
-799201
-751216
109347
11852.5
-466638
-222530
-2.38897e+06
-1.86316e+06
-383404
-706376
3.12922e+06
2.56528e+06
1.27721e+06
1.3716e+06
515692
486448
642593
450279
1.972e+06
1.58831e+06
666493
786750
-1.6722e+06
-1.39308e+06
-842627
-798219
143881
39844.1
-458041
-222208
-2.43314e+06
-1.90238e+06
-392441
-730824
3.18155e+06
2.59957e+06
1.28825e+06
1.37767e+06
523189
497725
658767
465570
1.9533e+06
1.57958e+06
655855
772393
-1.62967e+06
-1.36152e+06
-840535
-801282
219907
98608.9
-439253
-190399
-2.4896e+06
-1.9456e+06
-407563
-757680
3.28338e+06
2.68392e+06
1.33096e+06
1.42885e+06
469990
455092
649253
449562
2.01792e+06
1.63126e+06
673048
799931
-1.62071e+06
-1.35066e+06
-825227
-797260
271890
143140
-429575
-175674
-2.55054e+06
-1.99054e+06
-438799
-776377
3.27165e+06
2.68248e+06
1.33999e+06
1.43438e+06
510964
491419
665272
472714
1.97014e+06
1.58612e+06
645050
780914
-1.68881e+06
-1.41097e+06
-855501
-815590
221973
97410.3
-447235
-192528
-2.61521e+06
-2.04966e+06
-481001
-809755
3.15651e+06
2.58721e+06
1.29055e+06
1.38612e+06
463410
445052
643187
450056
1.91995e+06
1.54915e+06
631482
748697
-1.88414e+06
-1.5643e+06
-932310
-894331
111772
11911.9
-500232
-237328
-2.69293e+06
-2.11535e+06
-515809
-853024
3.07604e+06
2.51421e+06
1.2343e+06
1.33789e+06
369921
377605
617799
423554
1.91065e+06
1.53741e+06
625278
752920
-1.99254e+06
-1.65335e+06
-980723
-930431
42400.2
-47876.8
-533364
-272194
-2.81457e+06
-2.21338e+06
-553707
-890153
3.11977e+06
2.55375e+06
1.24893e+06
1.35802e+06
373451
381382
626400
413092
1.89034e+06
1.52172e+06
601239
733476
-2.01515e+06
-1.67701e+06
-1.02194e+06
-978888
64718.7
-27826.1
-542801
-283878
-2.82083e+06
-2.21601e+06
-549044
-905744
3.23107e+06
2.63769e+06
1.26918e+06
1.3704e+06
409261
405704
651163
437721
1.86846e+06
1.50531e+06
592350
716487
-1.94767e+06
-1.62724e+06
-1.00639e+06
-969530
102819
-4636.5
-532299
-268101
-2.81901e+06
-2.21606e+06
-530180
-897111
3.3639e+06
2.74402e+06
1.33372e+06
1.4387e+06
364887
370139
639611
425783
1.92731e+06
1.55256e+06
604120
747642
-1.89108e+06
-1.58141e+06
-978699
-944841
102384
-4120.31
-537179
-271468
-2.83493e+06
-2.22487e+06
-530608
-889492
3.37926e+06
2.76152e+06
1.35469e+06
1.46044e+06
384217
389862
651363
432368
1.8723e+06
1.50456e+06
579511
718126
-1.89292e+06
-1.58423e+06
-971862
-939000
17580.1
-74626.6
-555740
-304028
-2.84559e+06
-2.23342e+06
-530106
-898212
3.28666e+06
2.68818e+06
1.32676e+06
1.42052e+06
433117
426166
661655
453926
1.92991e+06
1.55808e+06
616792
739229
-1.98518e+06
-1.6514e+06
-999521
-968132
-41108.4
-114172
-583268
-315267
-2.76075e+06
-2.16253e+06
-481974
-855517
3.3014e+06
2.69741e+06
1.3186e+06
1.42146e+06
434282
432809
673422
457711
2.00116e+06
1.61123e+06
642742
771743
-1.97341e+06
-1.64341e+06
-999576
-961178
-101997
-168723
-613000
-352650
-2.74702e+06
-2.14736e+06
-456735
-833327
3.4205e+06
2.79869e+06
1.36615e+06
1.4722e+06
456256
454446
702599
467572
2.04631e+06
1.64747e+06
679308
808183
-2.00703e+06
-1.67111e+06
-1.00996e+06
-966713
-74174.8
-146036
-603272
-340599
-2.76063e+06
-2.15603e+06
-434512
-829632
3.53675e+06
2.89027e+06
1.41292e+06
1.51766e+06
428869
433174
700457
469085
2.00625e+06
1.62273e+06
670352
796380
-2.03161e+06
-1.68929e+06
-1.01454e+06
-985661
-64313.5
-141450
-597014
-335617
-2.87788e+06
-2.24928e+06
-466025
-870488
3.61839e+06
2.95888e+06
1.46376e+06
1.56513e+06
438997
432808
694412
457981
2.09981e+06
1.69574e+06
698189
831043
-2.00921e+06
-1.67162e+06
-993888
-979052
-20438.2
-107562
-584052
-326553
-2.91738e+06
-2.28436e+06
-495693
-895892
3.67748e+06
3.00922e+06
1.51015e+06
1.59557e+06
593456
564848
746931
517237
2.07169e+06
1.66911e+06
680733
818434
-2.05265e+06
-1.7097e+06
-1.01452e+06
-986664
-37992.8
-121634
-586461
-332751
-2.92439e+06
-2.29151e+06
-505987
-912460
3.67738e+06
3.01467e+06
1.52164e+06
1.60433e+06
693132
641713
781090
566320
2.13171e+06
1.72129e+06
707795
834934
-2.18154e+06
-1.80878e+06
-1.05717e+06
-1.03288e+06
-63221.7
-136859
-607974
-328939
-2.8528e+06
-2.23257e+06
-478481
-877833
3.70398e+06
3.03171e+06
1.52249e+06
1.61961e+06
629901
595300
760530
542756
2.13045e+06
1.71591e+06
707534
844012
-2.34097e+06
-1.93841e+06
-1.11545e+06
-1.0829e+06
-143955
-207969
-641567
-368949
-2.96984e+06
-2.32703e+06
-513161
-914269
3.7609e+06
3.0835e+06
1.55577e+06
1.65022e+06
731129
561299
7171.48
171565
-1.67999e+06
-1.31103e+06
-257040
-509263
-155974
-178646
-403194
-245912
-515695
-470961
-500670
-391128
182617
107159
-178331
-68884.2
1.76181e+06
1.40015e+06
451447
626104
746105
563255
29136.3
164742
-1.65964e+06
-1.28986e+06
-233287
-480265
-207016
-217917
-424656
-274215
-535110
-479466
-510723
-386985
255244
173641
-161961
-21479.8
1.79036e+06
1.43127e+06
478566
631053
775413
584542
27261.1
192476
-1.69243e+06
-1.31424e+06
-232915
-487125
-262735
-264543
-457410
-298632
-538087
-485066
-511368
-377782
258243
172868
-171379
-17346.7
1.76264e+06
1.40662e+06
454512
638472
813848
618192
51521.9
191395
-1.7345e+06
-1.34523e+06
-246847
-497007
-243554
-251205
-471053
-307444
-592075
-528419
-550968
-422205
290779
197065
-174928
-31330.5
1.82853e+06
1.45527e+06
465031
629703
846569
649195
64418.1
219699
-1.75695e+06
-1.36745e+06
-247798
-511397
-302158
-303762
-513018
-337108
-537462
-488103
-527430
-404213
385636
272110
-125752
9217.84
1.91808e+06
1.52557e+06
497881
682460
871030
661020
80825.1
220074
-1.77701e+06
-1.37774e+06
-230254
-508490
-419492
-405794
-576785
-399154
-684211
-604021
-595386
-453764
378548
271351
-125615
26914.6
1.9539e+06
1.55285e+06
497037
686954
882952
685419
79981.6
238675
-1.77543e+06
-1.37709e+06
-199531
-504953
-491998
-465145
-602367
-431855
-729866
-646710
-614265
-504939
331855
227402
-128652
-11770.5
1.97423e+06
1.56734e+06
501963
698472
892874
682391
88350.2
227825
-1.74964e+06
-1.34747e+06
-170091
-467312
-505952
-471435
-601676
-435680
-720907
-633766
-615070
-482637
345156
245203
-141249
12930.2
1.9743e+06
1.57489e+06
514474
693322
958179
730211
90172.4
255351
-1.72315e+06
-1.32418e+06
-143219
-455153
-478730
-449962
-586587
-424783
-681825
-606908
-601599
-471048
330654
230360
-153820
-40.3051
1.96667e+06
1.56492e+06
500366
698368
913190
694605
77141.1
230723
-1.79704e+06
-1.37972e+06
-160077
-465002
-477086
-447580
-590802
-423482
-764088
-670834
-649512
-506796
247700
160445
-201330
-47767.9
1.9376e+06
1.54062e+06
485617
673760
918259
701489
63371.6
237242
-1.79979e+06
-1.38657e+06
-156218
-473782
-509620
-476774
-606076
-438491
-719354
-638525
-639552
-498083
265047
172528
-185999
-42829.5
1.96146e+06
1.55656e+06
490072
690578
903711
681553
64247.7
217326
-1.81517e+06
-1.38859e+06
-125647
-459957
-619522
-566944
-647389
-481394
-834596
-727229
-686637
-535479
159651
93574.3
-215406
-68596.4
1.9782e+06
1.57234e+06
498309
695040
938175
726623
80209.2
240561
-1.82133e+06
-1.39873e+06
-110980
-459699
-612943
-561611
-644115
-476813
-850029
-751463
-691435
-572463
171542
94422.8
-203501
-95233.1
2.02808e+06
1.60852e+06
517892
712229
927179
710038
84541
234982
-1.84288e+06
-1.41153e+06
-119266
-451454
-585987
-535452
-632458
-465074
-864298
-756681
-693615
-562557
208306
128095
-217045
-59417.5
2.06923e+06
1.65046e+06
538832
727318
932784
709403
55293.6
239729
-1.87914e+06
-1.44083e+06
-133014
-471543
-547231
-505319
-625404
-451275
-851345
-750647
-697311
-550847
166297
90939.6
-253794
-88235.6
2.07001e+06
1.64676e+06
515054
736788
884599
669687
40319.2
202592
-1.98861e+06
-1.5293e+06
-179892
-510281
-485353
-456923
-620382
-433380
-919669
-805273
-737576
-598579
103431
33989.9
-303190
-137515
2.10716e+06
1.67147e+06
511999
721969
901457
685933
28348.6
210436
-2.02268e+06
-1.56114e+06
-201098
-542410
-504186
-474441
-638853
-449343
-831392
-736376
-699682
-564348
162224
79213.6
-281585
-124623
2.16513e+06
1.71518e+06
521447
749628
909550
685096
23867.7
209023
-2.05846e+06
-1.58424e+06
-202407
-545134
-511347
-481378
-652691
-452369
-875786
-765792
-725300
-568125
122499
49313.6
-309160
-126058
2.23162e+06
1.76807e+06
525991
769859
928153
712991
18255.4
219126
-2.05336e+06
-1.58369e+06
-183051
-553417
-553523
-522931
-671293
-479330
-903651
-799666
-738729
-599383
94432
20076.2
-317123
-162285
2.23052e+06
1.76303e+06
520844
766827
903654
680425
12502.4
188831
-2.0249e+06
-1.55695e+06
-175440
-524025
-548203
-514137
-675213
-479066
-937404
-821170
-759562
-608220
107411
34811.6
-340870
-150040
2.19366e+06
1.7426e+06
522621
741598
926260
692982
-17186.9
199719
-2.01312e+06
-1.54803e+06
-180256
-526442
-506730
-482361
-676850
-465148
-918684
-812918
-770737
-600802
110185
31592.1
-366441
-156974
2.18198e+06
1.72873e+06
498795
750651
843663
622859
-56418.6
136689
-2.09717e+06
-1.61834e+06
-224845
-564581
-460225
-451615
-683178
-466487
-1.03953e+06
-912837
-845543
-676652
40452.2
-31113.4
-426537
-220057
2.15021e+06
1.69924e+06
478379
704181
871073
649802
-59573
157777
-2.05815e+06
-1.59016e+06
-218508
-568001
-478189
-468298
-701767
-482131
-984365
-870595
-821845
-659660
119643
30961.4
-394556
-193592
2.1984e+06
1.73559e+06
499607
742321
865420
635892
-59406.9
144862
-2.05113e+06
-1.57843e+06
-198115
-547383
-515938
-500451
-728868
-501288
-1.07279e+06
-935429
-867413
-681377
60589.2
-13732.7
-426086
-201405
2.19169e+06
1.73269e+06
496316
739855
967666
738294
-34719.7
197455
-2.03572e+06
-1.57147e+06
-195487
-546797
-485027
-477668
-729972
-496222
-1.10302e+06
-971358
-889257
-729074
85372.5
-1790.39
-420717
-222705
2.26365e+06
1.78906e+06
508468
765843
961793
722389
-25611.4
188723
-2.08057e+06
-1.60604e+06
-211942
-553461
-484184
-477217
-725849
-500120
-1.14978e+06
-1.00579e+06
-909733
-736891
101051
12755.5
-435769
-203990
2.27417e+06
1.80378e+06
519808
766091
919450
685804
-50335.4
175833
-2.14477e+06
-1.65597e+06
-230167
-583793
-475864
-471970
-729922
-500764
-1.17251e+06
-1.02664e+06
-915822
-742311
49984.7
-29914.2
-458753
-232625
2.23852e+06
1.77134e+06
498297
758427
914952
686283
-37029.1
174975
-2.20478e+06
-1.70409e+06
-247844
-600515
-370669
-385280
-696127
-460718
-1.20096e+06
-1.04858e+06
-938842
-766821
27645.8
-49193.4
-480830
-250573
2.3117e+06
1.82968e+06
519676
773032
911210
686199
-45400.5
178235
-2.24196e+06
-1.73741e+06
-262417
-624536
-391373
-405196
-707637
-470515
-1.13028e+06
-994201
-903772
-740185
48023.2
-34846.2
-457145
-246374
2.33589e+06
1.84631e+06
532355
790736
925121
689211
-35835.5
174899
-2.2783e+06
-1.76246e+06
-262827
-633442
-388645
-404800
-715417
-474308
-1.24338e+06
-1.0816e+06
-966017
-777445
2066.87
-68003.9
-479126
-248718
2.36239e+06
1.86777e+06
526004
794138
923513
697184
-46481.7
179522
-2.31111e+06
-1.79296e+06
-264005
-639694
-398931
-410229
-720038
-470237
-1.23139e+06
-1.08178e+06
-952778
-794883
-9034.7
-82567.4
-462766
-271366
2.36351e+06
1.8653e+06
531642
789266
903943
670374
-51821.7
155953
-2.36664e+06
-1.83458e+06
-282435
-650875
-414458
-420812
-720436
-473717
-1.19758e+06
-1.04695e+06
-932171
-763740
26971.9
-46541.8
-461039
-235718
2.40747e+06
1.90802e+06
555081
808714
962853
716331
-54515.8
181874
-2.39923e+06
-1.85971e+06
-290733
-672763
-375004
-386196
-695181
-457821
-1.08028e+06
-952162
-881484
-711803
89007.1
3505.13
-438464
-212215
2.44357e+06
1.93537e+06
544699
827294
915858
675117
-77448
148357
-2.56353e+06
-1.99116e+06
-358182
-721349
-330483
-350352
-694184
-434017
-1.07902e+06
-950655
-892859
-715465
59676.3
-23125.9
-461967
-232623
2.46251e+06
1.94219e+06
528475
807237
927167
686731
-98205.8
153757
-2.6398e+06
-2.05845e+06
-405861
-780859
-360190
-376197
-712957
-457500
-952203
-849633
-836668
-666718
172581
65963.2
-412762
-194865
2.52449e+06
1.98907e+06
530969
830986
899486
652479
-114800
124203
-2.70757e+06
-2.1092e+06
-415852
-799864
-427924
-432932
-748988
-490385
-981645
-864954
-847884
-659302
118404
27523.4
-431136
-195217
2.54256e+06
2.00185e+06
527241
830464
665665
520955
93772.3
203850
421558
295102
-156097
12747
-910240
-782290
-629005
-534229
-1.54791e+06
-1.22378e+06
-368879
-514914
1.17135e+06
992613
688238
632443
2.71115e+06
2.23151e+06
1.21167e+06
1.22794e+06
796250
619110
149164
231696
445694
311415
-163614
5425.63
-869766
-752473
-615347
-525119
-1.58437e+06
-1.25414e+06
-366969
-544292
1.17299e+06
993511
693725
621034
2.73892e+06
2.25383e+06
1.22817e+06
1.24197e+06
906681
714068
177806
292907
433191
299535
-167072
-2222.44
-901093
-778362
-626184
-529115
-1.49583e+06
-1.17713e+06
-312300
-485294
1.22257e+06
1.03072e+06
708124
645240
2.82788e+06
2.33155e+06
1.26891e+06
1.28575e+06
895633
705558
163042
277881
475637
340944
-149205
23151.4
-878226
-757130
-616203
-525573
-1.48084e+06
-1.16885e+06
-302951
-491079
1.2146e+06
1.02519e+06
706558
636342
2.84199e+06
2.34592e+06
1.25944e+06
1.30645e+06
903711
710211
168521
286515
500303
353407
-155732
23241.2
-871604
-751974
-612570
-517941
-1.55526e+06
-1.22814e+06
-324956
-512025
1.24194e+06
1.04664e+06
707156
649558
2.81663e+06
2.32006e+06
1.23104e+06
1.27714e+06
886930
693077
164107
275941
539576
381609
-147288
25926.1
-824040
-715451
-591672
-496262
-1.59342e+06
-1.25799e+06
-333905
-531993
1.27295e+06
1.07457e+06
722003
646296
2.76303e+06
2.27037e+06
1.18308e+06
1.24049e+06
789538
616212
123956
240532
588340
425338
-134398
60536.1
-942348
-810948
-637267
-547188
-1.69261e+06
-1.33615e+06
-371310
-552980
1.26538e+06
1.07029e+06
734144
675649
2.83768e+06
2.32716e+06
1.21696e+06
1.25746e+06
809675
629008
132631
239350
574207
410934
-165720
44807.2
-1.03506e+06
-888324
-688372
-585704
-1.76825e+06
-1.39637e+06
-394562
-593507
1.23051e+06
1.04505e+06
724190
653135
2.85594e+06
2.34631e+06
1.22861e+06
1.28094e+06
797192
620752
111630
235541
475150
324638
-218389
-11984.8
-1.1981e+06
-1.02675e+06
-761043
-664919
-1.75159e+06
-1.38318e+06
-373678
-576865
1.21243e+06
1.02399e+06
706084
645279
2.90681e+06
2.39201e+06
1.25608e+06
1.2999e+06
726220
563165
79502.1
202083
471569
327196
-221537
-11275.5
-1.30883e+06
-1.11546e+06
-807518
-714682
-1.77579e+06
-1.40476e+06
-380271
-594741
1.18433e+06
1.00303e+06
706643
629690
2.93529e+06
2.41768e+06
1.26967e+06
1.33392e+06
683441
529029
71853.4
187484
491042
337695
-227732
-13037.6
-1.393e+06
-1.1822e+06
-831426
-751986
-1.83331e+06
-1.45006e+06
-393250
-613010
1.22873e+06
1.04113e+06
725301
657859
2.95467e+06
2.43307e+06
1.27412e+06
1.33422e+06
635161
488979
63528.6
176405
538967
372855
-218436
-108.894
-1.43188e+06
-1.21587e+06
-843727
-752997
-1.85412e+06
-1.46421e+06
-396237
-618452
1.30532e+06
1.10982e+06
772937
683950
2.96303e+06
2.43621e+06
1.26859e+06
1.33453e+06
577180
442495
33927
143907
577822
407825
-199464
19339.4
-1.47115e+06
-1.2411e+06
-864900
-788909
-1.92119e+06
-1.51502e+06
-418363
-627045
1.34825e+06
1.14447e+06
802502
732816
2.98972e+06
2.45147e+06
1.29254e+06
1.32354e+06
658884
500824
61200.1
160337
547509
382952
-219138
8729.23
-1.4629e+06
-1.23848e+06
-871952
-784765
-1.95371e+06
-1.54148e+06
-427651
-650279
1.28598e+06
1.09453e+06
778647
704524
2.9905e+06
2.4563e+06
1.31641e+06
1.34023e+06
776313
599905
83454.2
209529
468564
315464
-245983
-33276.4
-1.47112e+06
-1.24711e+06
-880671
-792774
-1.89067e+06
-1.48939e+06
-390283
-610363
1.26912e+06
1.07738e+06
768473
694945
3.07942e+06
2.53414e+06
1.37808e+06
1.38584e+06
750198
579075
65779.3
197504
480063
332371
-229236
-14183.9
-1.44248e+06
-1.22364e+06
-884638
-787730
-1.85671e+06
-1.46503e+06
-384487
-610644
1.26142e+06
1.07075e+06
767649
686620
3.10198e+06
2.5602e+06
1.40097e+06
1.4332e+06
745286
573703
64906
193064
495468
342587
-222054
-11308.8
-1.45201e+06
-1.23151e+06
-891960
-793738
-1.8661e+06
-1.47135e+06
-390903
-611882
1.27787e+06
1.08622e+06
770121
695780
3.10062e+06
2.55844e+06
1.4133e+06
1.42552e+06
716857
546353
50390.6
182503
526444
365426
-210347
3924.44
-1.39999e+06
-1.1946e+06
-883019
-776030
-1.83897e+06
-1.45135e+06
-392088
-607748
1.32009e+06
1.12235e+06
785676
704931
3.08257e+06
2.54246e+06
1.40894e+06
1.42704e+06
662062
502177
22371.4
157191
538920
373107
-213954
6064.85
-1.40899e+06
-1.20326e+06
-891663
-795307
-1.90545e+06
-1.50697e+06
-426989
-631418
1.33447e+06
1.13276e+06
805670
728251
3.16964e+06
2.61218e+06
1.44532e+06
1.44588e+06
685915
519084
38843.5
152707
505275
345928
-243854
-17282.4
-1.41964e+06
-1.21024e+06
-898089
-793901
-1.93377e+06
-1.52885e+06
-428597
-654243
1.27472e+06
1.08742e+06
790881
702948
3.1764e+06
2.62265e+06
1.46203e+06
1.46974e+06
706159
539481
40583.7
172837
390912
248284
-286655
-70309
-1.44268e+06
-1.23159e+06
-909387
-806620
-1.90059e+06
-1.50161e+06
-396932
-621041
1.23443e+06
1.05063e+06
779585
688498
3.21827e+06
2.66207e+06
1.49745e+06
1.48935e+06
600996
456263
4837.32
131683
336551
211281
-306267
-85111.6
-1.47155e+06
-1.25366e+06
-926115
-817135
-1.9063e+06
-1.50761e+06
-403265
-631896
1.19413e+06
1.02117e+06
780349
673811
3.24696e+06
2.69058e+06
1.51525e+06
1.53282e+06
552334
418506
-3526.34
116999
318529
192562
-320766
-101451
-1.50965e+06
-1.28499e+06
-937206
-834047
-1.95056e+06
-1.54166e+06
-410750
-648319
1.21379e+06
1.0414e+06
795134
691920
3.23737e+06
2.68287e+06
1.5144e+06
1.52101e+06
464922
346301
-24470.8
86366
318456
189978
-327067
-108031
-1.48668e+06
-1.26342e+06
-926364
-821940
-1.93953e+06
-1.52965e+06
-406154
-638956
1.26505e+06
1.0888e+06
830869
708330
3.21191e+06
2.66048e+06
1.5033e+06
1.51221e+06
429613
323175
-51352.9
76279.1
406214
262289
-284866
-69185.4
-1.4036e+06
-1.19415e+06
-896794
-788390
-1.96394e+06
-1.54646e+06
-419937
-633522
1.38179e+06
1.18326e+06
899313
784729
3.31681e+06
2.74044e+06
1.55069e+06
1.53223e+06
462485
340637
-40415.4
75927.7
406561
261232
-284708
-63505.3
-1.37752e+06
-1.17708e+06
-887715
-771891
-1.98512e+06
-1.56464e+06
-410527
-649635
1.38724e+06
1.19017e+06
916573
794762
3.34386e+06
2.76813e+06
1.58482e+06
1.56734e+06
486200
364880
-54828.4
86793.8
347503
211910
-296600
-94156.2
-1.38411e+06
-1.18329e+06
-894299
-777597
-1.89431e+06
-1.48447e+06
-355132
-587579
1.45066e+06
1.23997e+06
941928
822922
3.43903e+06
2.85013e+06
1.63814e+06
1.61288e+06
403160
295470
-93869.1
39124.9
362167
233006
-276810
-70990.7
-1.3604e+06
-1.16233e+06
-893840
-775936
-1.85153e+06
-1.45342e+06
-334196
-585103
1.48608e+06
1.27194e+06
962176
834705
3.49953e+06
2.90492e+06
1.66586e+06
1.66019e+06
348856
251062
-115784
20155.4
424530
279439
-251637
-51930.6
-1.34386e+06
-1.15003e+06
-885383
-770027
-1.85646e+06
-1.45597e+06
-332815
-578334
1.56957e+06
1.33877e+06
997103
871543
3.55895e+06
2.9501e+06
1.69326e+06
1.67764e+06
200847
127965
-182134
-38665.3
428607
281684
-254011
-43837.1
-1.32974e+06
-1.13995e+06
-895097
-757727
-1.88169e+06
-1.47582e+06
-351484
-587227
1.61241e+06
1.3786e+06
1.00428e+06
891443
3.55192e+06
2.94536e+06
1.67728e+06
1.68241e+06
107173
49719.5
-223666
-93027.7
509562
353622
-220878
-12882.1
-1.38347e+06
-1.18198e+06
-926164
-797366
-1.97788e+06
-1.55172e+06
-407347
-628453
1.64147e+06
1.39991e+06
1.02712e+06
914736
3.68736e+06
3.04818e+06
1.74037e+06
1.71748e+06
204886
121013
-183865
-70321.1
546179
381582
-216665
-5794.03
-1.42013e+06
-1.21899e+06
-959606
-819210
-2.02522e+06
-1.59528e+06
-443131
-673388
1.63935e+06
1.39412e+06
1.01174e+06
902911
3.77937e+06
3.12401e+06
1.78175e+06
1.76458e+06
308189
210491
-163465
-20688.5
534136
368816
-215102
-14068.6
-1.53996e+06
-1.31942e+06
-1.01555e+06
-879678
-1.99049e+06
-1.56899e+06
-439526
-652510
1.57422e+06
1.33544e+06
969890
871265
3.88674e+06
3.21587e+06
1.83937e+06
1.81423e+06
353812
249211
-137269
424.264
637247
461890
-151924
48568.3
-1.56351e+06
-1.33778e+06
-1.02038e+06
-888442
-1.98711e+06
-1.57184e+06
-445348
-677268
1.59627e+06
1.35494e+06
984107
872472
4.00025e+06
3.31512e+06
1.89497e+06
1.89114e+06
402446
289117
-110613
27259
731721
534989
-118404
87924.5
-1.62553e+06
-1.38553e+06
-1.04122e+06
-911328
-2.03145e+06
-1.60706e+06
-475374
-692523
1.66487e+06
1.41279e+06
1.00151e+06
899266
4.11686e+06
3.40888e+06
1.94137e+06
1.92967e+06
450164
326099
-77316.5
53282.6
827670
609409
-71938.2
124671
-1.63056e+06
-1.39318e+06
-1.03325e+06
-909096
-2.08233e+06
-1.65345e+06
-511889
-720883
1.7534e+06
1.48477e+06
1.03583e+06
935699
4.19749e+06
3.46867e+06
1.96398e+06
1.96781e+06
1.20226e+06
954196
329092
433082
2.42095e+06
1.96767e+06
902246
994943
-1.18325e+06
-967179
-458625
-508101
1.90202e+06
1.61967e+06
1.21109e+06
1.0569e+06
-564572
-426727
28947.5
-110539
-2.68481e+06
-2.26378e+06
-1.51811e+06
-1.41556e+06
1.19632e+06
955311
309387
433986
2.44749e+06
1.99078e+06
911067
1.02241e+06
-1.17291e+06
-955191
-463732
-499886
1.89211e+06
1.61326e+06
1.22317e+06
1.06245e+06
-594864
-450679
14374.1
-123491
-2.65661e+06
-2.24109e+06
-1.52623e+06
-1.38601e+06
1.20022e+06
952782
292108
410277
2.57127e+06
2.09034e+06
975977
1.06868e+06
-1.09046e+06
-891883
-428055
-465004
2.021e+06
1.71752e+06
1.28235e+06
1.12704e+06
-539934
-401356
59426
-91653.1
-2.76689e+06
-2.33435e+06
-1.57736e+06
-1.44901e+06
1.21161e+06
964398
293379
415423
2.57639e+06
2.0942e+06
975304
1.08493e+06
-1.11123e+06
-909085
-424576
-477159
2.02005e+06
1.71684e+06
1.27808e+06
1.12064e+06
-467685
-342799
85275.7
-50290.1
-2.75066e+06
-2.32075e+06
-1.57256e+06
-1.43946e+06
1.16565e+06
923396
269790
396253
2.59689e+06
2.10941e+06
957879
1.08459e+06
-1.16205e+06
-940945
-453178
-488592
2.10754e+06
1.7944e+06
1.30326e+06
1.15117e+06
-459920
-335802
87205.4
-53527.3
-2.82637e+06
-2.38056e+06
-1.60493e+06
-1.45354e+06
1.25025e+06
991859
316312
431423
2.50348e+06
2.0308e+06
923945
1.03029e+06
-1.24886e+06
-1.01635e+06
-463487
-519283
2.02765e+06
1.7231e+06
1.26902e+06
1.1279e+06
-542445
-403071
53304.5
-86696.9
-2.80897e+06
-2.36743e+06
-1.61074e+06
-1.47933e+06
1.19849e+06
946783
285706
414729
2.61419e+06
2.12758e+06
977037
1.07946e+06
-1.26699e+06
-1.03062e+06
-456716
-526103
2.06629e+06
1.75838e+06
1.29045e+06
1.13642e+06
-539095
-399463
62815.8
-82484
-2.85563e+06
-2.40522e+06
-1.61787e+06
-1.50369e+06
1.20307e+06
952511
272796
414556
2.67323e+06
2.17535e+06
1.00813e+06
1.12232e+06
-1.21395e+06
-986645
-441382
-496779
2.09544e+06
1.78231e+06
1.31452e+06
1.15766e+06
-562232
-418480
58596.5
-92275.3
-2.81942e+06
-2.37543e+06
-1.61392e+06
-1.46917e+06
1.15359e+06
908157
227820
370078
2.75517e+06
2.2423e+06
1.04928e+06
1.15186e+06
-1.15589e+06
-940960
-416614
-474748
2.23113e+06
1.89201e+06
1.36789e+06
1.22119e+06
-573403
-423013
66622.2
-88474.6
-2.96779e+06
-2.49849e+06
-1.68193e+06
-1.54508e+06
1.12762e+06
887043
212401
355207
2.75816e+06
2.24321e+06
1.05201e+06
1.16739e+06
-1.14957e+06
-936977
-401006
-476183
2.24833e+06
1.90463e+06
1.3662e+06
1.21678e+06
-555296
-410012
74247.6
-75574.2
-2.99296e+06
-2.51827e+06
-1.68509e+06
-1.55395e+06
1.07357e+06
839530
187924
333982
2.79826e+06
2.27627e+06
1.05014e+06
1.18205e+06
-1.15743e+06
-933786
-411334
-462072
2.36659e+06
2.00701e+06
1.40398e+06
1.26276e+06
-551405
-405056
80946
-77118.5
-3.10555e+06
-2.6064e+06
-1.7202e+06
-1.57495e+06
1.16521e+06
915065
233086
373186
2.75939e+06
2.24407e+06
1.04012e+06
1.15211e+06
-1.20261e+06
-973589
-407697
-479532
2.3188e+06
1.96287e+06
1.38384e+06
1.25279e+06
-597007
-442106
62523.8
-91672.2
-3.06233e+06
-2.57137e+06
-1.70493e+06
-1.58466e+06
1.1396e+06
888951
211778
366246
2.81705e+06
2.29138e+06
1.05919e+06
1.17501e+06
-1.2919e+06
-1.04169e+06
-430233
-517898
2.3143e+06
1.96461e+06
1.40774e+06
1.24833e+06
-615616
-461061
48597.3
-101778
-3.0318e+06
-2.54947e+06
-1.68311e+06
-1.57742e+06
1.12331e+06
879473
200111
351134
2.77401e+06
2.25475e+06
1.0348e+06
1.15942e+06
-1.28049e+06
-1.03107e+06
-439122
-517574
2.31452e+06
1.96497e+06
1.41781e+06
1.25367e+06
-698397
-531275
7051.27
-153094
-2.93876e+06
-2.47436e+06
-1.66979e+06
-1.52583e+06
1.1266e+06
880455
192274
343959
2.8609e+06
2.32606e+06
1.07492e+06
1.19312e+06
-1.20895e+06
-974209
-407998
-484628
2.46182e+06
2.08727e+06
1.4895e+06
1.33135e+06
-678689
-510060
26396.3
-133841
-2.9638e+06
-2.49738e+06
-1.69527e+06
-1.55491e+06
1.16787e+06
917077
217339
354087
2.82742e+06
2.29648e+06
1.05648e+06
1.18241e+06
-1.2391e+06
-1.00342e+06
-410867
-494404
2.51506e+06
2.1299e+06
1.51174e+06
1.3539e+06
-663084
-498651
23889.6
-130363
-2.89821e+06
-2.44735e+06
-1.68346e+06
-1.53184e+06
1.14452e+06
899833
216867
357872
2.76759e+06
2.24854e+06
1.013e+06
1.15141e+06
-1.35279e+06
-1.08463e+06
-468443
-534339
2.56556e+06
2.17851e+06
1.53169e+06
1.37871e+06
-721941
-546333
-5511.9
-159051
-3.00891e+06
-2.53642e+06
-1.74641e+06
-1.56078e+06
1.18273e+06
931865
251296
389620
2.59097e+06
2.10308e+06
943787
1.0724e+06
-1.52447e+06
-1.22904e+06
-514516
-605700
2.46972e+06
2.09581e+06
1.48657e+06
1.34073e+06
-857861
-658110
-75589.7
-216030
-3.03017e+06
-2.55541e+06
-1.7664e+06
-1.60692e+06
1.10018e+06
858928
212636
352749
2.65018e+06
2.15412e+06
977308
1.08618e+06
-1.57935e+06
-1.27975e+06
-535747
-636678
2.46949e+06
2.09357e+06
1.50831e+06
1.33966e+06
-930591
-721404
-100066
-254491
-3.10534e+06
-2.62274e+06
-1.78816e+06
-1.64861e+06
1.0511e+06
821795
170290
328317
2.68423e+06
2.18029e+06
986483
1.10903e+06
-1.60685e+06
-1.30179e+06
-571921
-652148
2.42453e+06
2.06003e+06
1.50419e+06
1.32734e+06
-1.04461e+06
-815807
-159114
-310830
-3.12833e+06
-2.64241e+06
-1.8063e+06
-1.64615e+06
1.00822e+06
781815
134687
286427
2.77117e+06
2.25188e+06
1.04263e+06
1.14607e+06
-1.57082e+06
-1.27658e+06
-557074
-641922
2.52035e+06
2.13783e+06
1.56226e+06
1.38189e+06
-1.11074e+06
-865697
-170140
-332308
-3.29101e+06
-2.77656e+06
-1.87198e+06
-1.72339e+06
1.01153e+06
787711
118228
284456
2.82243e+06
2.29683e+06
1.06307e+06
1.1869e+06
-1.58243e+06
-1.28558e+06
-557662
-650830
2.55977e+06
2.17502e+06
1.58434e+06
1.40436e+06
-1.1363e+06
-887978
-192888
-338387
-3.34538e+06
-2.81791e+06
-1.89183e+06
-1.74372e+06
988475
757246
99646.9
257038
2.90679e+06
2.35925e+06
1.07688e+06
1.20819e+06
-1.62155e+06
-1.31224e+06
-589909
-666305
2.67418e+06
2.27213e+06
1.63542e+06
1.44649e+06
-1.16185e+06
-914971
-210614
-372348
-3.47296e+06
-2.92173e+06
-1.9401e+06
-1.78324e+06
1.08532e+06
837900
133691
297174
2.88699e+06
2.34395e+06
1.0594e+06
1.18414e+06
-1.73007e+06
-1.40453e+06
-624591
-713476
2.62069e+06
2.22414e+06
1.60919e+06
1.4358e+06
-1.26502e+06
-998841
-269085
-421289
-3.47938e+06
-2.92715e+06
-1.95279e+06
-1.81048e+06
1.08152e+06
833150
122711
299007
2.97637e+06
2.42024e+06
1.10731e+06
1.23209e+06
-1.73096e+06
-1.40612e+06
-612898
-707764
2.63676e+06
2.23874e+06
1.63332e+06
1.44559e+06
-1.31231e+06
-1.03733e+06
-284850
-432590
-3.57482e+06
-3.00985e+06
-1.98753e+06
-1.85352e+06
1.14266e+06
887739
142969
318706
2.99932e+06
2.44171e+06
1.12755e+06
1.25267e+06
-1.64687e+06
-1.33453e+06
-585307
-675533
2.63197e+06
2.23765e+06
1.64912e+06
1.44733e+06
-1.37431e+06
-1.08796e+06
-305199
-471834
-3.56835e+06
-3.00749e+06
-2.00761e+06
-1.84956e+06
1.17363e+06
909945
142241
323250
3.07898e+06
2.5059e+06
1.17439e+06
1.29194e+06
-1.55869e+06
-1.26621e+06
-541072
-632693
2.75862e+06
2.34102e+06
1.71252e+06
1.5145e+06
-1.39076e+06
-1.09642e+06
-296474
-463621
-3.7012e+06
-3.11971e+06
-2.07523e+06
-1.92108e+06
1.23762e+06
963784
167782
347621
3.07977e+06
2.50764e+06
1.18313e+06
1.3056e+06
-1.49921e+06
-1.21617e+06
-497294
-606787
2.79455e+06
2.37124e+06
1.73245e+06
1.53075e+06
-1.38771e+06
-1.09474e+06
-294798
-454047
-3.76309e+06
-3.17054e+06
-2.10831e+06
-1.951e+06
1.27211e+06
991442
181880
362433
3.10956e+06
2.53528e+06
1.18744e+06
1.31262e+06
-1.47501e+06
-1.18433e+06
-485283
-581438
2.87445e+06
2.44504e+06
1.76564e+06
1.5654e+06
-1.44405e+06
-1.14014e+06
-312445
-487276
-3.90555e+06
-3.28487e+06
-2.1777e+06
-2.00124e+06
1.42914e+06
1.12065e+06
257240
440113
3.06201e+06
2.49535e+06
1.18189e+06
1.29597e+06
-1.49705e+06
-1.20628e+06
-470660
-575823
2.80156e+06
2.37979e+06
1.73648e+06
1.5485e+06
-1.52431e+06
-1.20425e+06
-346915
-511052
-3.91312e+06
-3.29331e+06
-2.19863e+06
-2.02935e+06
1.40321e+06
1.09516e+06
247647
435240
3.14728e+06
2.56945e+06
1.22739e+06
1.32608e+06
-1.52281e+06
-1.22582e+06
-468945
-588928
2.83669e+06
2.41164e+06
1.77057e+06
1.55305e+06
-1.50638e+06
-1.18978e+06
-328996
-503554
-3.96187e+06
-3.32983e+06
-2.20621e+06
-2.05535e+06
1.4414e+06
1.1261e+06
259305
444147
3.23513e+06
2.63705e+06
1.26169e+06
1.37152e+06
-1.44146e+06
-1.16029e+06
-447226
-559525
2.88983e+06
2.45692e+06
1.81833e+06
1.58339e+06
-1.5308e+06
-1.21363e+06
-324633
-522103
-3.91225e+06
-3.29164e+06
-2.20965e+06
-2.02405e+06
1.46627e+06
1.14672e+06
260459
447967
3.39877e+06
2.77264e+06
1.33278e+06
1.44056e+06
-1.28379e+06
-1.03397e+06
-387748
-491035
3.09522e+06
2.62516e+06
1.91062e+06
1.68976e+06
-1.48558e+06
-1.16592e+06
-278544
-475574
-4.00692e+06
-3.37047e+06
-2.26639e+06
-2.07713e+06
1.54199e+06
1.21194e+06
312540
471939
3.45256e+06
2.81326e+06
1.35884e+06
1.47004e+06
-1.22995e+06
-992407
-347892
-475640
3.16662e+06
2.68452e+06
1.95331e+06
1.71505e+06
-1.40542e+06
-1.1008e+06
-227508
-441810
-3.9865e+06
-3.35693e+06
-2.26058e+06
-2.07975e+06
1.54452e+06
1.21755e+06
327573
501561
3.48218e+06
2.83947e+06
1.34435e+06
1.48748e+06
-1.24739e+06
-990388
-351095
-456049
3.26732e+06
2.78046e+06
2.00464e+06
1.7718e+06
-1.41605e+06
-1.10231e+06
-222115
-424611
-4.07257e+06
-3.42327e+06
-2.30792e+06
-2.09061e+06
1.61885e+06
1.28177e+06
375568
545850
3.39741e+06
2.77075e+06
1.30766e+06
1.43591e+06
-1.32038e+06
-1.05331e+06
-355463
-473481
3.2227e+06
2.73918e+06
1.99233e+06
1.77369e+06
-1.53194e+06
-1.19429e+06
-267603
-469728
-4.07337e+06
-3.42771e+06
-2.32841e+06
-2.13142e+06
-13372.1
22363
254486
124806
-442695
-420306
-601780
-417421
1.5138e+06
1.25397e+06
733747
713725
1.9281e+06
1.6259e+06
1.1038e+06
995294
395693
354258
370366
275929
-329632
-264256
-90004.1
-117441
33239
69193.2
284243
158606
-542492
-509469
-646106
-452678
1.53566e+06
1.27845e+06
753674
724276
1.98835e+06
1.67615e+06
1.13807e+06
1.03856e+06
424527
382982
395739
295979
-337988
-267258
-88987.3
-114095
40025.1
79060.2
304343
166872
-627520
-577613
-687038
-497440
1.56404e+06
1.29572e+06
784922
756733
1.98997e+06
1.67656e+06
1.16412e+06
1.0415e+06
472125
413799
408102
317125
-419191
-336760
-102845
-150361
21365.2
62741.6
312246
172028
-719271
-651556
-716333
-549993
1.50501e+06
1.24967e+06
768189
734187
2.00592e+06
1.69485e+06
1.18314e+06
1.06313e+06
434837
380363
364255
298742
-402403
-320594
-88422.3
-139002
2610.64
51394.6
313878
174874
-762755
-687032
-716900
-555091
1.465e+06
1.22171e+06
755138
718938
2.02153e+06
1.70701e+06
1.18602e+06
1.08712e+06
389450
350343
342671
279795
-454086
-360670
-102941
-151471
-75300.5
-13233.5
276663
147341
-737428
-669590
-745211
-545616
1.56043e+06
1.30175e+06
787311
768774
2.00649e+06
1.6968e+06
1.17032e+06
1.06793e+06
381538
345146
347828
265630
-457972
-361107
-116683
-155280
-187764
-109602
246396
83754
-760146
-687939
-771495
-576558
1.61664e+06
1.34336e+06
806696
779389
2.04024e+06
1.72455e+06
1.18319e+06
1.06455e+06
467126
411119
387877
301698
-498976
-399582
-143787
-180404
-95463
-24006.3
298664
137880
-877254
-792370
-826176
-622269
1.69124e+06
1.411e+06
833269
807915
2.13101e+06
1.79898e+06
1.2206e+06
1.11592e+06
556397
489230
436576
343839
-511798
-408558
-151783
-182653
-10316.7
48963.6
349724
179746
-953801
-853588
-871658
-664576
1.78258e+06
1.47688e+06
878622
855660
2.20407e+06
1.85611e+06
1.26053e+06
1.14035e+06
661024
566528
468819
389361
-584334
-471227
-171710
-220281
-4474.57
54575.9
376682
201905
-1.08275e+06
-956940
-910987
-732808
1.75958e+06
1.45974e+06
877410
848317
2.22382e+06
1.87624e+06
1.28112e+06
1.16365e+06
651740
557875
444068
387767
-593541
-476284
-164897
-221807
33321.7
90561.3
411786
233241
-1.11474e+06
-984751
-906126
-730907
1.81797e+06
1.51109e+06
901116
878805
2.31875e+06
1.95287e+06
1.3232e+06
1.22137e+06
660026
570224
454113
393564
-610635
-489972
-161955
-217237
-39134.1
29267.1
374894
208971
-1.13444e+06
-1.00374e+06
-947976
-742928
1.88702e+06
1.56756e+06
918879
912374
2.30539e+06
1.94242e+06
1.30846e+06
1.20163e+06
654111
566329
465598
382741
-636302
-508837
-184627
-233739
-178613
-89840.7
332441
134775
-1.12566e+06
-991326
-951503
-753834
1.90398e+06
1.5792e+06
929107
911592
2.38385e+06
2.00682e+06
1.34809e+06
1.23207e+06
716941
615845
509528
425364
-675906
-542927
-204396
-252318
-161424
-67840.5
348194
149377
-1.17271e+06
-1.03796e+06
-972547
-776984
1.94624e+06
1.62385e+06
952799
924872
2.45796e+06
2.0698e+06
1.38465e+06
1.27722e+06
705702
615420
526816
430967
-696975
-555955
-204513
-259419
-146923
-50317
383561
168009
-1.24002e+06
-1.08636e+06
-1.00008e+06
-797710
1.97838e+06
1.64161e+06
987209
954675
2.49544e+06
2.09709e+06
1.42439e+06
1.29284e+06
736682
635239
547844
449958
-803118
-645002
-224702
-297153
-145142
-51387.6
385092
178541
-1.26298e+06
-1.11024e+06
-1.0076e+06
-825897
2.00415e+06
1.66076e+06
988501
965544
2.57474e+06
2.16586e+06
1.45165e+06
1.34003e+06
696987
602833
511967
439851
-770740
-619837
-217368
-284755
-189986
-87047
362749
166400
-1.2311e+06
-1.08507e+06
-988105
-807550
2.01009e+06
1.67042e+06
977175
963345
2.58738e+06
2.17383e+06
1.44453e+06
1.35702e+06
626982
551902
484442
411967
-803046
-644727
-239486
-297066
-268848
-151274
321671
124116
-1.13345e+06
-1.00313e+06
-967365
-769406
2.08101e+06
1.73086e+06
1.00471e+06
991797
2.57421e+06
2.16854e+06
1.43816e+06
1.32732e+06
540056
485299
471958
369023
-812301
-646427
-251568
-311912
-384623
-250314
280514
63140.4
-1.05326e+06
-935004
-962136
-735890
2.15069e+06
1.78565e+06
1.02882e+06
1.01725e+06
2.63611e+06
2.22015e+06
1.46122e+06
1.34566e+06
632225
561320
520595
413001
-812879
-651274
-265354
-312908
-367244
-231720
296529
78343.2
-1.12282e+06
-1.00429e+06
-997488
-768785
2.15894e+06
1.79648e+06
1.04435e+06
1.02213e+06
2.70503e+06
2.27325e+06
1.49867e+06
1.38903e+06
684373
606053
568935
442455
-838891
-672861
-267399
-322108
-398018
-251567
282203
68613.4
-1.27327e+06
-1.12478e+06
-1.08431e+06
-837536
2.08205e+06
1.72823e+06
1.01882e+06
1.00272e+06
2.65705e+06
2.23543e+06
1.48661e+06
1.36712e+06
705557
619280
562784
458335
-1.00208e+06
-806284
-323756
-388976
-403180
-261671
283565
66696.4
-1.32196e+06
-1.16553e+06
-1.09894e+06
-882126
2.06613e+06
1.71375e+06
1.02031e+06
991744
2.7227e+06
2.28973e+06
1.52176e+06
1.40138e+06
696269
607562
539931
450715
-993856
-800859
-310222
-388448
-399766
-256048
275005
64712.3
-1.34191e+06
-1.18558e+06
-1.10673e+06
-890677
2.09035e+06
1.73627e+06
1.01875e+06
995169
2.7914e+06
2.3423e+06
1.53423e+06
1.43665e+06
662095
585133
527284
429203
-1.00832e+06
-813637
-318871
-396887
-420189
-277645
244740
55103.4
-1.30249e+06
-1.15815e+06
-1.12343e+06
-877102
2.20034e+06
1.82585e+06
1.05406e+06
1.04492e+06
2.82859e+06
2.37356e+06
1.53833e+06
1.43353e+06
729335
639503
570723
447139
-970327
-780001
-311386
-384915
-527483
-374575
202957
-2837.62
-1.25051e+06
-1.11037e+06
-1.12321e+06
-870422
2.26028e+06
1.87042e+06
1.07914e+06
1.06459e+06
2.85885e+06
2.39563e+06
1.54832e+06
1.44385e+06
839830
727874
630274
516781
-964938
-777096
-312053
-371554
-517896
-357442
209610
2692.66
-1.2647e+06
-1.12742e+06
-1.1263e+06
-879933
2.28685e+06
1.90122e+06
1.10614e+06
1.07471e+06
2.89155e+06
2.42502e+06
1.57326e+06
1.46867e+06
849947
741690
665527
529926
-963586
-770025
-294731
-368328
-461872
-312539
229214
25214.7
-1.26103e+06
-1.12284e+06
-1.13713e+06
-875961
2.30261e+06
1.90682e+06
1.12565e+06
1.09719e+06
2.88982e+06
2.42014e+06
1.58454e+06
1.46869e+06
865386
751681
667346
543900
-1.01165e+06
-812166
-302047
-383931
-490427
-337499
219818
21364.5
-1.27732e+06
-1.13661e+06
-1.13784e+06
-891034
2.30968e+06
1.91371e+06
1.13149e+06
1.10618e+06
2.89751e+06
2.43185e+06
1.59745e+06
1.484e+06
852127
740477
655374
544542
-998118
-799970
-285477
-370164
-513896
-351088
213324
11980.5
-1.2299e+06
-1.09636e+06
-1.10299e+06
-871974
2.35014e+06
1.95337e+06
1.14655e+06
1.11655e+06
2.93593e+06
2.46256e+06
1.61714e+06
1.51197e+06
863374
757278
677043
547478
-989727
-789107
-268187
-368198
-599291
-424048
159761
-24253.1
-1.14096e+06
-1.02433e+06
-1.0876e+06
-829431
2.43179e+06
2.02274e+06
1.1815e+06
1.16245e+06
2.8867e+06
2.42546e+06
1.59411e+06
1.48044e+06
858098
756044
705705
549645
-963638
-764231
-254767
-350808
-697045
-513665
137582
-94827.3
-1.07669e+06
-975498
-1.07339e+06
-813921
2.50422e+06
2.07615e+06
1.21488e+06
1.18933e+06
2.93103e+06
2.4623e+06
1.62377e+06
1.4932e+06
907851
797993
740592
593432
-939944
-749420
-244722
-335384
-602643
-424137
194485
-37393.2
-1.13107e+06
-1.02477e+06
-1.09514e+06
-827227
2.50306e+06
2.08734e+06
1.2244e+06
1.19587e+06
2.96209e+06
2.49235e+06
1.64986e+06
1.53209e+06
869835
775638
738883
587484
-951654
-752520
-233782
-328906
-482467
-325592
272504
15876.7
-1.13805e+06
-1.0328e+06
-1.10921e+06
-842270
2.57706e+06
2.13455e+06
1.27474e+06
1.2317e+06
3.00524e+06
2.52233e+06
1.69381e+06
1.53793e+06
928161
812658
758252
604936
-983457
-783622
-225093
-345034
-355926
-221570
340227
93273.7
-1.15132e+06
-1.04357e+06
-1.10297e+06
-862648
2.59123e+06
2.14816e+06
1.28344e+06
1.24322e+06
3.09335e+06
2.60121e+06
1.73598e+06
1.59837e+06
910131
796982
720561
599975
-900672
-715041
-191669
-304436
-249793
-128420
390284
148758
-1.10084e+06
-1.00085e+06
-1.07152e+06
-823529
2.63697e+06
2.19228e+06
1.29217e+06
1.26504e+06
3.12969e+06
2.62894e+06
1.742e+06
1.62976e+06
863371
766051
693730
579437
-900152
-710537
-197109
-295378
-218960
-107173
399138
168012
-1.03025e+06
-948053
-1.07422e+06
-796238
2.72124e+06
2.25768e+06
1.32095e+06
1.30374e+06
3.12273e+06
2.62347e+06
1.74553e+06
1.60415e+06
794883
707417
680093
538358
-867397
-684173
-187798
-293606
-1.09891e+06
-906693
-487894
-491866
146994
81627.7
-210863
-73520.7
-1.7063e+06
-1.40646e+06
-748456
-766411
725059
583757
230283
293201
-2.27199e+06
-1.79127e+06
-489345
-744982
1.77043e+06
1.41198e+06
457883
639091
-1.05413e+06
-862976
-459588
-477110
169107
98789.2
-209198
-73882.8
-1.65062e+06
-1.35606e+06
-715783
-750472
676671
543123
199596
268406
-2.2592e+06
-1.77746e+06
-464930
-735771
1.65463e+06
1.31655e+06
413606
589767
-1.02574e+06
-844829
-440354
-460715
119963
54068.2
-227845
-84211.5
-1.65502e+06
-1.36364e+06
-708804
-738731
719836
576224
229580
271930
-2.31639e+06
-1.82142e+06
-478786
-745667
1.59875e+06
1.2703e+06
384388
555665
-1.08172e+06
-891351
-468593
-488244
104295
42907.2
-236566
-100387
-1.73971e+06
-1.42968e+06
-743266
-777240
683547
547057
214902
271672
-2.31235e+06
-1.81929e+06
-480772
-754797
1.6849e+06
1.34005e+06
409853
587186
-1.11322e+06
-916907
-475444
-488727
101685
43289.1
-224597
-104597
-1.76514e+06
-1.45037e+06
-745458
-779478
705113
570329
214248
264980
-2.2965e+06
-1.81147e+06
-460144
-740717
1.63225e+06
1.29371e+06
385879
566391
-1.14752e+06
-944866
-516233
-507779
48710.5
2056.27
-251922
-114620
-1.76867e+06
-1.45572e+06
-774600
-789661
713355
576853
214851
282469
-2.39884e+06
-1.89016e+06
-515969
-785007
1.54234e+06
1.22766e+06
339560
530636
-1.28192e+06
-1.05791e+06
-576086
-579784
39692
-10319.5
-275427
-135669
-1.79068e+06
-1.47489e+06
-789024
-807017
668133
534753
190402
256060
-2.45473e+06
-1.93515e+06
-534362
-811278
1.51486e+06
1.19699e+06
323036
503744
-1.25883e+06
-1.03519e+06
-560299
-574372
61914.3
6308.1
-273903
-132765
-1.73538e+06
-1.42711e+06
-762061
-792501
663717
529017
175956
247671
-2.39448e+06
-1.88391e+06
-489244
-780430
1.44145e+06
1.13664e+06
296524
475855
-1.21481e+06
-1.00139e+06
-537346
-551083
37996.4
-15994.8
-279045
-129957
-1.72007e+06
-1.41714e+06
-751802
-773596
770802
615899
232176
286885
-2.39463e+06
-1.87714e+06
-474864
-757137
1.43702e+06
1.13359e+06
293736
468506
-1.26914e+06
-1.04821e+06
-571329
-580673
75296.3
15177.3
-264527
-125120
-1.79558e+06
-1.47749e+06
-789875
-811995
779448
621556
226239
296537
-2.33202e+06
-1.82806e+06
-450863
-741530
1.57126e+06
1.24268e+06
340383
520682
-1.32073e+06
-1.09141e+06
-599574
-598046
100426
37425
-250440
-119656
-1.79568e+06
-1.47772e+06
-795664
-810563
840693
675967
233929
305356
-2.25543e+06
-1.7709e+06
-412409
-706551
1.59123e+06
1.25628e+06
341089
529764
-1.31349e+06
-1.08654e+06
-619561
-604856
78114.8
22625.3
-253398
-113606
-1.73985e+06
-1.43742e+06
-797092
-800735
922223
741569
270632
352505
-2.28285e+06
-1.78969e+06
-425465
-718897
1.56754e+06
1.2445e+06
336547
525694
-1.4438e+06
-1.19746e+06
-683106
-674720
22285.2
-25644.6
-291345
-141064
-1.78683e+06
-1.4811e+06
-827743
-825979
901263
724799
267486
350923
-2.42035e+06
-1.90329e+06
-478347
-771131
1.55674e+06
1.22873e+06
332771
515878
-1.45308e+06
-1.19699e+06
-663445
-678407
6119.3
-37757.4
-297573
-158656
-1.80078e+06
-1.48762e+06
-823077
-841454
874971
705482
261022
338619
-2.50345e+06
-1.96584e+06
-482945
-799333
1.47902e+06
1.16818e+06
322013
488914
-1.42406e+06
-1.17247e+06
-629160
-656814
-44597.9
-82846
-309838
-171265
-1.81407e+06
-1.50013e+06
-824421
-837746
945217
762999
317502
360808
-2.63047e+06
-2.06461e+06
-523493
-844300
1.50667e+06
1.19368e+06
350786
498601
-1.48475e+06
-1.22173e+06
-635845
-671743
-75784.2
-104284
-303481
-176434
-1.92745e+06
-1.59141e+06
-869896
-885272
1.04945e+06
852361
378895
432945
-2.70543e+06
-2.1249e+06
-532867
-869942
1.63052e+06
1.2996e+06
422721
568867
-1.55647e+06
-1.28069e+06
-652486
-674749
-88282.3
-111598
-293855
-175625
-1.98624e+06
-1.64026e+06
-889276
-898471
1.1511e+06
940420
416868
472798
-2.74154e+06
-2.1575e+06
-525556
-864666
1.62228e+06
1.29158e+06
433410
589035
-1.65026e+06
-1.35652e+06
-710480
-721791
-226485
-222855
-362233
-230726
-1.99072e+06
-1.64881e+06
-915659
-916656
1.14875e+06
938602
424768
488700
-2.881e+06
-2.27006e+06
-594217
-931760
1.52091e+06
1.21588e+06
388651
547648
-1.79563e+06
-1.47894e+06
-775069
-797353
-220050
-223992
-381732
-248474
-2.0621e+06
-1.70662e+06
-948475
-951305
1.12265e+06
907511
417719
464401
-3.01702e+06
-2.37773e+06
-635188
-986537
1.54041e+06
1.2253e+06
392890
543807
-1.79243e+06
-1.47168e+06
-769498
-799591
-201681
-209915
-391931
-244950
-2.06533e+06
-1.70636e+06
-942559
-960069
1.12612e+06
912116
415722
469010
-3.05138e+06
-2.40305e+06
-624155
-995278
1.51767e+06
1.20786e+06
372475
537095
-1.82055e+06
-1.50056e+06
-781116
-815110
-286275
-287781
-433402
-284574
-2.15222e+06
-1.78287e+06
-975889
-990591
1.18507e+06
958099
461800
482357
-3.20704e+06
-2.52593e+06
-679498
-1.04652e+06
1.52376e+06
1.2047e+06
358017
512672
-1.89751e+06
-1.5628e+06
-824569
-851630
-291750
-289987
-444315
-295837
-2.31966e+06
-1.91468e+06
-1.0562e+06
-1.06299e+06
1.20959e+06
983723
478663
514627
-3.30415e+06
-2.60323e+06
-718953
-1.09055e+06
1.6798e+06
1.33391e+06
399777
573659
-2.00114e+06
-1.64607e+06
-857083
-887737
-292959
-286404
-441140
-302231
-2.43004e+06
-2.00354e+06
-1.09529e+06
-1.10603e+06
1.24733e+06
1.02139e+06
496057
526884
-3.36974e+06
-2.66027e+06
-726141
-1.11399e+06
1.70288e+06
1.3523e+06
399300
584668
-2.01728e+06
-1.66093e+06
-889395
-900411
-338679
-324213
-467089
-315121
-2.42558e+06
-2.00674e+06
-1.11763e+06
-1.12114e+06
1.32148e+06
1.07946e+06
533526
572097
-3.44248e+06
-2.71993e+06
-759621
-1.15133e+06
1.7042e+06
1.35729e+06
388009
586559
-2.13914e+06
-1.76365e+06
-951791
-970573
-316321
-308863
-481338
-318373
-2.47941e+06
-2.05072e+06
-1.14317e+06
-1.14749e+06
1.34556e+06
1.09787e+06
532024
581761
-3.50281e+06
-2.76544e+06
-768385
-1.16474e+06
1.73326e+06
1.37124e+06
392458
587782
-2.12631e+06
-1.74869e+06
-943014
-966409
-323021
-316606
-497127
-326739
-2.49395e+06
-2.05942e+06
-1.14463e+06
-1.15978e+06
1.3767e+06
1.12249e+06
526365
590054
-3.52956e+06
-2.78352e+06
-749185
-1.16587e+06
1.63634e+06
1.29266e+06
349884
552176
-2.10364e+06
-1.73272e+06
-934802
-962190
-361895
-352866
-523597
-345134
-2.53999e+06
-2.1016e+06
-1.16715e+06
-1.17879e+06
1.52168e+06
1.23717e+06
587808
631207
-3.59992e+06
-2.83552e+06
-759648
-1.18457e+06
1.65796e+06
1.30877e+06
344726
538050
-2.14311e+06
-1.76784e+06
-955170
-983016
-306956
-308157
-501827
-327892
-2.66032e+06
-2.1975e+06
-1.21594e+06
-1.23084e+06
1.62781e+06
1.32267e+06
619007
685200
-3.59026e+06
-2.82367e+06
-734279
-1.16883e+06
1.84506e+06
1.45973e+06
419113
616285
-2.16424e+06
-1.78406e+06
-955783
-983578
-315301
-313291
-501494
-335955
-2.73395e+06
-2.2573e+06
-1.23677e+06
-1.25324e+06
1.7107e+06
1.39432e+06
636108
706067
-3.60932e+06
-2.84221e+06
-718008
-1.16295e+06
1.84971e+06
1.46075e+06
412165
623770
-2.17168e+06
-1.7897e+06
-971627
-982327
-420305
-396072
-538295
-366304
-2.75704e+06
-2.27874e+06
-1.26293e+06
-1.26769e+06
1.79505e+06
1.46264e+06
670157
756077
-3.71786e+06
-2.927e+06
-754933
-1.20254e+06
1.79084e+06
1.42131e+06
389816
608672
-2.28242e+06
-1.88398e+06
-1.01029e+06
-1.0443e+06
-452939
-427783
-563766
-408467
-2.82734e+06
-2.33802e+06
-1.28886e+06
-1.30429e+06
1.73956e+06
1.41536e+06
650373
734877
-3.81028e+06
-3.00038e+06
-788469
-1.24205e+06
1.83258e+06
1.44522e+06
414130
599590
-2.21746e+06
-1.82529e+06
-972919
-1.0143e+06
-385123
-373134
-548570
-378408
-2.80232e+06
-2.31508e+06
-1.2683e+06
-1.29833e+06
1.70067e+06
1.38247e+06
629563
716198
-3.79903e+06
-2.98802e+06
-773998
-1.22654e+06
1.83053e+06
1.44558e+06
419927
618949
-2.16079e+06
-1.77907e+06
-935441
-977533
-380583
-372535
-550762
-372503
-2.83013e+06
-2.3356e+06
-1.269e+06
-1.28976e+06
1.74085e+06
1.41729e+06
664533
728122
-3.84266e+06
-3.01934e+06
-778905
-1.23762e+06
1.8981e+06
1.50361e+06
455583
635761
-2.21967e+06
-1.82685e+06
-945423
-1.00204e+06
-304640
-310653
-518419
-354126
-2.956e+06
-2.43556e+06
-1.31102e+06
-1.34303e+06
1.71418e+06
1.39714e+06
666685
735999
-3.8384e+06
-3.01608e+06
-767229
-1.23847e+06
2.10614e+06
1.67541e+06
556803
732966
-2.21716e+06
-1.8253e+06
-939645
-983627
-233590
-251648
-486352
-319863
-2.99952e+06
-2.47214e+06
-1.31978e+06
-1.35288e+06
1.74943e+06
1.43093e+06
678586
739068
-3.82324e+06
-3.00554e+06
-761451
-1.21163e+06
2.16714e+06
1.72444e+06
581191
779439
-2.20193e+06
-1.81447e+06
-957165
-984175
-213299
-233927
-487977
-310027
-2.98588e+06
-2.46794e+06
-1.33768e+06
-1.36696e+06
1.77935e+06
1.45323e+06
695438
765430
-3.90282e+06
-3.07618e+06
-812170
-1.27157e+06
2.20821e+06
1.76224e+06
589723
787345
-3.5344e+06
-2.87021e+06
-1.3276e+06
-1.46475e+06
62728.1
40148.8
4157.08
2683.47
-454371
-398537
-377468
-295268
-119336
-55251.9
221973
88937.1
-2.42549e+06
-1.98606e+06
-965544
-1.05891e+06
-1.85872e+06
-1.52571e+06
-772677
-819774
-3.61503e+06
-2.94281e+06
-1.36004e+06
-1.50694e+06
166200
127795
45927.3
60600.5
-472484
-415605
-387052
-320420
-44108.6
8880.55
261852
118590
-2.37417e+06
-1.93856e+06
-933008
-1.03341e+06
-1.87414e+06
-1.53841e+06
-765078
-820901
-3.65945e+06
-2.97871e+06
-1.38445e+06
-1.52476e+06
154256
117533
17331.9
59901.8
-358674
-321663
-349925
-264534
94490
122063
331164
183799
-2.2994e+06
-1.87711e+06
-888770
-973709
-1.99996e+06
-1.63609e+06
-803460
-856830
-3.77555e+06
-3.06801e+06
-1.42484e+06
-1.57041e+06
143800
106106
8040.51
38617.2
-398028
-358142
-378548
-268763
115147
139075
339402
215394
-2.33771e+06
-1.90906e+06
-901819
-985760
-2.0811e+06
-1.70218e+06
-851618
-904687
-3.88878e+06
-3.16538e+06
-1.45742e+06
-1.62215e+06
144690
111615
-2545.58
43110.2
-461812
-409133
-413902
-317610
98965.3
127303
325860
203073
-2.37584e+06
-1.93364e+06
-913515
-997121
-2.13179e+06
-1.74434e+06
-868008
-929096
-3.9274e+06
-3.18937e+06
-1.46502e+06
-1.62599e+06
172890
127860
5726.86
49590.1
-491200
-434748
-426801
-316871
165309
179664
357572
229227
-2.43178e+06
-1.98487e+06
-923399
-1.01646e+06
-2.213e+06
-1.81155e+06
-906382
-960387
-4.01401e+06
-3.26094e+06
-1.49431e+06
-1.65963e+06
160392
118416
-98.2878
36826.8
-597405
-521445
-472941
-375393
202685
213703
361889
245213
-2.42467e+06
-1.97478e+06
-926047
-1.02786e+06
-2.21208e+06
-1.80887e+06
-898477
-960805
-4.08688e+06
-3.3254e+06
-1.51933e+06
-1.69686e+06
222072
169205
19237.5
68424.6
-632413
-550512
-485984
-406650
255973
258221
387115
259035
-2.37166e+06
-1.92827e+06
-896802
-1.0063e+06
-2.19717e+06
-1.79788e+06
-876481
-950582
-4.1074e+06
-3.34146e+06
-1.52678e+06
-1.70652e+06
167692
121861
-28499.9
39411.3
-540005
-474199
-439453
-356675
345603
328230
432748
294365
-2.36299e+06
-1.92217e+06
-877821
-980209
-2.27677e+06
-1.85991e+06
-906084
-978931
-4.20083e+06
-3.41325e+06
-1.55772e+06
-1.73741e+06
141475
97712.3
-53451.6
13262.5
-602051
-528033
-476625
-364171
346462
328687
422922
314888
-2.4022e+06
-1.95507e+06
-899596
-995339
-2.29766e+06
-1.87908e+06
-938222
-998735
-4.31108e+06
-3.50715e+06
-1.58704e+06
-1.78799e+06
108975
72881.5
-86668
-5419.97
-683152
-593471
-509215
-419560
300264
290906
393678
284257
-2.4562e+06
-1.99325e+06
-916425
-1.01376e+06
-2.32405e+06
-1.90279e+06
-955150
-1.02228e+06
-4.34127e+06
-3.52446e+06
-1.58904e+06
-1.78637e+06
96633.9
55831.7
-103863
-20143.4
-756597
-653903
-533808
-433198
342643
322458
405223
297768
-2.53556e+06
-2.06345e+06
-944367
-1.04731e+06
-2.34567e+06
-1.92132e+06
-980154
-1.03183e+06
-4.43436e+06
-3.5995e+06
-1.62716e+06
-1.82308e+06
65396.8
28654.1
-105582
-55329
-873147
-748434
-588549
-502084
350467
327629
399188
289435
-2.54063e+06
-2.06811e+06
-957268
-1.07324e+06
-2.3022e+06
-1.88541e+06
-943732
-1.0129e+06
-4.50875e+06
-3.66868e+06
-1.66343e+06
-1.8657e+06
95721.8
58351.2
-90673
-28620.1
-885509
-761406
-603067
-523832
356421
334128
402610
291945
-2.51961e+06
-2.0487e+06
-949073
-1.0648e+06
-2.2622e+06
-1.85222e+06
-911430
-985030
-4.52622e+06
-3.67947e+06
-1.67835e+06
-1.87873e+06
91129.8
56229.1
-92095
-26018.7
-805633
-696603
-578357
-493317
481185
432965
462901
336023
-2.47077e+06
-2.01106e+06
-930819
-1.04104e+06
-2.22091e+06
-1.81278e+06
-885282
-955887
-4.61133e+06
-3.74424e+06
-1.70296e+06
-1.90725e+06
113103
75935.5
-65849.3
-18285.1
-815082
-704641
-581515
-484907
481096
437019
469458
361725
-2.47341e+06
-2.01168e+06
-928102
-1.03301e+06
-2.1522e+06
-1.75714e+06
-860955
-935667
-4.70912e+06
-3.83115e+06
-1.73954e+06
-1.95362e+06
169513
127605
-34856.8
19760.1
-861840
-744043
-605185
-515856
432009
393943
442422
338750
-2.52236e+06
-2.04989e+06
-953806
-1.05176e+06
-2.03341e+06
-1.6622e+06
-810056
-879357
-4.74862e+06
-3.85447e+06
-1.75057e+06
-1.96514e+06
246052
187838
14487.9
55882.6
-864270
-744512
-604598
-509348
478754
435653
480676
356783
-2.52895e+06
-2.05888e+06
-954864
-1.06208e+06
-1.95794e+06
-1.59773e+06
-784500
-851019
-4.82518e+06
-3.92084e+06
-1.78376e+06
-1.98975e+06
288190
218772
34370.3
74338.8
-892929
-769322
-629418
-524144
515006
467506
481651
380110
-2.53861e+06
-2.07224e+06
-981531
-1.07524e+06
-1.92527e+06
-1.57578e+06
-762956
-828488
-4.89453e+06
-3.98473e+06
-1.80987e+06
-2.03494e+06
333959
256469
59397.7
99585.4
-911748
-788572
-641151
-551427
537065
483175
496598
375772
-2.53996e+06
-2.07402e+06
-990681
-1.09231e+06
-1.93856e+06
-1.5892e+06
-753226
-834817
-4.92919e+06
-4.01155e+06
-1.83201e+06
-2.04118e+06
292414
223546
31416.8
93931.4
-820166
-713722
-605978
-503901
643602
570533
557991
429977
-2.59984e+06
-2.12366e+06
-1.00916e+06
-1.0958e+06
-2.05749e+06
-1.68136e+06
-796873
-867503
-5.02735e+06
-4.08848e+06
-1.8723e+06
-2.08972e+06
257528
195497
15989.1
67895
-865749
-751685
-633968
-513268
594593
533499
535335
430180
-2.72131e+06
-2.2234e+06
-1.07329e+06
-1.15453e+06
-2.11505e+06
-1.72896e+06
-840546
-910391
-5.14883e+06
-4.19235e+06
-1.90985e+06
-2.14456e+06
233718
179478
9754.54
61843.6
-914523
-792264
-655716
-552441
542410
489494
509723
397414
-2.87565e+06
-2.34861e+06
-1.14661e+06
-1.22214e+06
-2.15773e+06
-1.7661e+06
-854364
-935225
-5.2244e+06
-4.248e+06
-1.94148e+06
-2.16263e+06
226541
170672
10724
63758.4
-959724
-829180
-676541
-556311
546162
493336
518371
405203
-3.08199e+06
-2.5244e+06
-1.24238e+06
-1.31879e+06
-2.23676e+06
-1.8312e+06
-902646
-964056
-5.29411e+06
-4.30202e+06
-1.98629e+06
-2.19737e+06
242461
183658
23134.4
54753.4
-1.00767e+06
-867474
-707953
-591964
530503
480671
508396
389762
-3.1014e+06
-2.54008e+06
-1.26524e+06
-1.35821e+06
-2.24267e+06
-1.83761e+06
-908141
-972625
-5.32136e+06
-4.33376e+06
-2.01717e+06
-2.22771e+06
350101
274295
64462.7
109453
-1.01653e+06
-877908
-725549
-611229
531800
483344
516662
389332
-3.07416e+06
-2.51544e+06
-1.25226e+06
-1.34939e+06
-2.20677e+06
-1.81069e+06
-904098
-959762
-5.3623e+06
-4.36818e+06
-2.05994e+06
-2.2476e+06
402317
313844
60768
131236
-938641
-812938
-704051
-576619
554413
501126
537604
399205
-3.08154e+06
-2.52203e+06
-1.24668e+06
-1.33684e+06
-2.28429e+06
-1.87404e+06
-952845
-993345
-5.47468e+06
-4.45847e+06
-2.11203e+06
-2.31027e+06
444250
346936
74955.4
135667
-966288
-840329
-724122
-586050
486513
447831
515844
393824
-3.1466e+06
-2.57643e+06
-1.27756e+06
-1.35666e+06
-2.33643e+06
-1.91939e+06
-1.0017e+06
-1.04264e+06
-5.59266e+06
-4.55922e+06
-2.16267e+06
-2.36472e+06
508515
402082
93229.9
164255
-983049
-853252
-739505
-606102
359811
344660
469718
334846
-3.2417e+06
-2.65011e+06
-1.31457e+06
-1.39907e+06
-2.3674e+06
-1.94914e+06
-1.03651e+06
-1.06726e+06
-5.6721e+06
-4.62058e+06
-2.20409e+06
-2.39597e+06
593304
466252
122214
198110
-1.00175e+06
-868990
-751265
-606348
344036
333608
478416
333708
-3.35973e+06
-2.75136e+06
-1.3606e+06
-1.44963e+06
-2.45954e+06
-2.02877e+06
-1.10221e+06
-1.11782e+06
-5.76939e+06
-4.70325e+06
-2.24003e+06
-2.4477e+06
596508
466669
132124
192761
-1.05238e+06
-911984
-772156
-645011
288466
293565
457696
321917
-3.35265e+06
-2.74158e+06
-1.37254e+06
-1.462e+06
-2.46736e+06
-2.03568e+06
-1.08247e+06
-1.12708e+06
-5.89311e+06
-4.80346e+06
-2.28352e+06
-2.50011e+06
566425
450521
124464
199377
-1.115e+06
-960421
-787880
-675475
167895
200096
413261
272432
-3.39767e+06
-2.77516e+06
-1.3864e+06
-1.47863e+06
-2.54086e+06
-2.08737e+06
-1.08728e+06
-1.13412e+06
-5.87931e+06
-4.79375e+06
-2.28296e+06
-2.50268e+06
521064
409501
98539.6
170870
-963569
-838508
-727409
-616135
220125
237820
444801
276643
-3.34706e+06
-2.73637e+06
-1.35956e+06
-1.45937e+06
-2.57412e+06
-2.11438e+06
-1.09002e+06
-1.14684e+06
-5.91662e+06
-4.82434e+06
-2.28814e+06
-2.50664e+06
515931
401108
105674
164983
-920296
-806539
-704913
-572000
191671
211779
439045
292444
-3.34294e+06
-2.73595e+06
-1.35315e+06
-1.44253e+06
-2.56971e+06
-2.11514e+06
-1.0894e+06
-1.14926e+06
-6.00603e+06
-4.90168e+06
-2.31143e+06
-2.55453e+06
489179
384687
99199.3
159897
-931992
-814592
-699701
-593653
88403.2
125368
397985
241725
-3.37746e+06
-2.76048e+06
-1.36848e+06
-1.45839e+06
-2.56091e+06
-2.10892e+06
-1.07904e+06
-1.14697e+06
-5.97897e+06
-4.87248e+06
-2.29698e+06
-2.52828e+06
529098
413848
124313
178930
-854535
-748252
-658580
-538683
97708.7
136909
412674
247125
-3.36805e+06
-2.75467e+06
-1.36077e+06
-1.4563e+06
-2.51231e+06
-2.06801e+06
-1.06109e+06
-1.12284e+06
