-645774
-526098
-19812.4
-895689
-779267
-717084
-1.03338e+06
-887415
-482682
-416313
-380781
-603560
268832
233661
144531
346735
-236729
-242135
-525633
-223927
-852064
-755180
-826117
-1.02405e+06
-629410
-512412
-8367.9
-887444
-786730
-731561
-1.02253e+06
-901224
-464452
-403747
-342496
-587310
237268
197160
92700.3
316618
-262140
-255247
-592117
-239117
-860534
-766324
-841203
-1.03553e+06
-626049
-507343
11272.7
-878385
-814687
-746290
-1.04018e+06
-926098
-450008
-383908
-319175
-560809
209525
175742
41831
289442
-252772
-255366
-610747
-227297
-875541
-766463
-868300
-1.03875e+06
-594285
-477132
70271.6
-843838
-798773
-726861
-1.00143e+06
-909613
-405277
-348115
-256883
-527982
226825
187207
66991.3
296630
-223204
-232212
-577588
-196224
-842931
-744137
-826944
-1.00411e+06
-602138
-479778
78792.2
-865028
-813800
-747155
-1.01168e+06
-932187
-388864
-338891
-221665
-498235
230364
193641
106708
306628
-234415
-247560
-588716
-209329
-847212
-753068
-854788
-1.00554e+06
-591155
-478905
88437.1
-859586
-823844
-767247
-1.04847e+06
-945960
-369999
-324313
-222012
-487809
218214
171300
60905.9
276649
-238202
-249667
-615145
-214104
-823268
-738034
-853907
-984264
-617621
-503494
73657.2
-898081
-889981
-826867
-1.14736e+06
-1.03116e+06
-401206
-354022
-240082
-531031
174462
137799
24696.4
242243
-284603
-297223
-679730
-266714
-847239
-776569
-884484
-1.01326e+06
-633308
-507677
74746.1
-919037
-950570
-873526
-1.19497e+06
-1.10081e+06
-449098
-392010
-267516
-575576
132312
105578
-55185.4
213244
-344755
-337523
-758305
-326644
-926512
-838651
-983096
-1.10002e+06
-620645
-489100
143908
-907202
-992041
-903179
-1.20657e+06
-1.14894e+06
-469547
-404054
-261311
-603390
135870
111514
-80885.2
219154
-341376
-331678
-747324
-324768
-965466
-862858
-1.02732e+06
-1.1424e+06
-621973
-483359
168016
-908199
-1.04286e+06
-935289
-1.2623e+06
-1.20338e+06
-491520
-417896
-265980
-639046
145995
121255
-94721.2
234678
-331098
-317122
-716364
-311085
-984256
-878150
-1.02818e+06
-1.17052e+06
-594284
-458546
229338
-877326
-1.04541e+06
-946076
-1.25885e+06
-1.19091e+06
-488095
-420709
-244498
-623221
201487
169901
-20195
319298
-299869
-296321
-651466
-277841
-1.00458e+06
-900210
-1.04312e+06
-1.18377e+06
-588882
-451978
229098
-879441
-1.05584e+06
-958307
-1.31365e+06
-1.20405e+06
-490608
-426025
-266567
-636192
225179
189037
-55157.2
346240
-288966
-276394
-640218
-263791
-1.00722e+06
-899966
-1.07383e+06
-1.18224e+06
-591006
-456110
254742
-876836
-1.05355e+06
-969277
-1.35196e+06
-1.19621e+06
-503604
-427826
-284754
-650058
247803
197117
-27928.6
350036
-316193
-315401
-689001
-298586
-1.0061e+06
-917399
-1.10431e+06
-1.18396e+06
-544626
-415839
309034
-837933
-1.0374e+06
-955377
-1.33767e+06
-1.17828e+06
-487006
-415883
-251140
-630696
256938
197784
-2122.73
359718
-321657
-314496
-716449
-289793
-1.03593e+06
-943401
-1.13664e+06
-1.21868e+06
-537579
-408311
341931
-835764
-1.05863e+06
-977953
-1.37504e+06
-1.19723e+06
-501593
-429051
-270661
-652507
246717
194871
-12667.1
339046
-320324
-324981
-747302
-292509
-1.0825e+06
-983062
-1.21135e+06
-1.27257e+06
-541092
-420613
351393
-860746
-1.08113e+06
-997569
-1.42281e+06
-1.23119e+06
-511231
-434136
-274065
-678127
257485
207810
45723.6
329516
-327801
-325478
-744703
-309770
-1.10183e+06
-999759
-1.20581e+06
-1.3146e+06
-560526
-414983
390491
-874678
-1.09242e+06
-1.00309e+06
-1.43832e+06
-1.2268e+06
-503727
-423675
-228070
-654761
273478
233778
147527
361816
-323021
-319787
-710032
-300931
-1.13721e+06
-1.02498e+06
-1.21683e+06
-1.33812e+06
-545298
-406469
421112
-877669
-1.09841e+06
-1.01848e+06
-1.48619e+06
-1.23803e+06
-490989
-408834
-218064
-651428
286493
243319
158901
354378
-323445
-315562
-713117
-305874
-1.12839e+06
-1.01433e+06
-1.21364e+06
-1.34344e+06
-551366
-410801
459520
-874171
-1.09489e+06
-1.01209e+06
-1.48596e+06
-1.23405e+06
-476253
-409473
-187817
-646335
253352
212546
135592
327508
-336561
-341707
-726070
-326538
-1.13703e+06
-1.03593e+06
-1.19656e+06
-1.36104e+06
-562170
-418080
447942
-883197
-1.1113e+06
-1.02023e+06
-1.47265e+06
-1.25549e+06
-507623
-432582
-215811
-658917
214313
184310
65053.8
308048
-395007
-383448
-795714
-382306
-1.19414e+06
-1.07761e+06
-1.25588e+06
-1.41241e+06
-547572
-412581
484776
-871964
-1.10513e+06
-1.01846e+06
-1.43762e+06
-1.25896e+06
-508672
-435909
-233009
-663712
212567
176472
19544.4
305854
-393188
-388844
-801373
-389551
-1.20928e+06
-1.08898e+06
-1.27881e+06
-1.44304e+06
-557383
-402507
500019
-888230
-1.10934e+06
-998992
-1.40289e+06
-1.26685e+06
-505855
-421168
-225052
-667471
231472
198297
18701.6
322096
-387181
-363328
-757219
-376380
-1.22227e+06
-1.09391e+06
-1.26159e+06
-1.46837e+06
-549751
-398807
540888
-869234
-1.09165e+06
-995640
-1.3626e+06
-1.23051e+06
-476404
-408732
-182763
-614025
251613
213645
49454.3
371566
-366778
-357891
-715521
-348611
-1.24197e+06
-1.11566e+06
-1.2821e+06
-1.46671e+06
-549556
-396661
545467
-888473
-1.07852e+06
-979173
-1.34843e+06
-1.22414e+06
-480238
-410373
-214461
-631514
270048
222746
28142.1
378538
-348322
-330743
-689505
-335067
-1.2319e+06
-1.10464e+06
-1.28935e+06
-1.46416e+06
-562010
-410014
557525
-915200
-1.07554e+06
-983610
-1.35399e+06
-1.23919e+06
-485673
-405951
-199359
-646064
271745
221043
46522
348964
-356105
-354706
-691839
-369533
-1.22468e+06
-1.10236e+06
-1.28597e+06
-1.46876e+06
-559174
-405101
577781
-923114
-1.07478e+06
-979116
-1.30736e+06
-1.24848e+06
-457923
-380137
-145086
-609868
254768
205781
59526.4
335650
-374854
-359648
-700975
-382688
-1.23586e+06
-1.11139e+06
-1.25701e+06
-1.48602e+06
-585747
-428005
562981
-953110
-1.10961e+06
-1.01069e+06
-1.31719e+06
-1.29498e+06
-448118
-368557
-129898
-602195
222440
179855
19103.2
296687
-377934
-367352
-703511
-389204
-1.27083e+06
-1.13829e+06
-1.28341e+06
-1.53433e+06
-589132
-432326
566544
-952500
-1.13181e+06
-1.02325e+06
-1.32525e+06
-1.30722e+06
-420857
-348454
-88316.2
-573393
237632
196135
56724.1
309678
-362512
-353151
-667659
-368386
-1.28115e+06
-1.14699e+06
-1.26559e+06
-1.54254e+06
-592642
-437208
549747
-951134
-1.12578e+06
-1.02762e+06
-1.34199e+06
-1.29406e+06
-391777
-328928
-64831.8
-530488
286979
242612
163676
375858
-336212
-331466
-629358
-336799
-1.28648e+06
-1.15042e+06
-1.2766e+06
-1.542e+06
-614573
-459376
504270
-980537
-1.1532e+06
-1.06118e+06
-1.41688e+06
-1.32731e+06
-376023
-313643
-67553.4
-517478
290301
236358
139896
361803
-334210
-330156
-643227
-335882
-1.2716e+06
-1.14119e+06
-1.2644e+06
-1.53311e+06
-652482
-490082
480287
-1.02027e+06
-1.17716e+06
-1.06851e+06
-1.45423e+06
-1.35855e+06
-393151
-323708
-80067.1
-534069
279647
247664
168830
367107
-376226
-362650
-697048
-385360
-1.28251e+06
-1.14033e+06
-1.24343e+06
-1.53697e+06
-653846
-487676
461949
-1.01926e+06
-1.16163e+06
-1.05643e+06
-1.42544e+06
-1.34621e+06
-387980
-314117
-86772.6
-511911
322910
286740
200147
425135
-373255
-354477
-724161
-369702
-1.28056e+06
-1.13737e+06
-1.24671e+06
-1.54202e+06
-665384
-505631
458905
-1.03692e+06
-1.17318e+06
-1.06722e+06
-1.42063e+06
-1.36651e+06
-385713
-314968
-113749
-510181
351594
311310
211455
450915
-353146
-342244
-712006
-354170
-1.28616e+06
-1.13665e+06
-1.24429e+06
-1.55211e+06
-690908
-525085
440725
-1.05663e+06
-1.16596e+06
-1.04862e+06
-1.37883e+06
-1.34218e+06
-387553
-326329
-131863
-514453
407168
350326
288465
510941
-331418
-322680
-660250
-324577
-1.26094e+06
-1.11721e+06
-1.17186e+06
-1.52336e+06
-669042
-500301
478902
-1.0431e+06
-1.12836e+06
-1.02108e+06
-1.32865e+06
-1.3065e+06
-365977
-304619
-100126
-487602
456260
409072
382751
566875
-297530
-291501
-593283
-302937
-1.25117e+06
-1.10176e+06
-1.15039e+06
-1.51327e+06
-698638
-533193
464335
-1.09353e+06
-1.12571e+06
-1.02117e+06
-1.32203e+06
-1.30839e+06
-370776
-311919
-107050
-503463
493786
431352
432867
588903
-295374
-287533
-557399
-304013
-1.22255e+06
-1.07862e+06
-1.09497e+06
-1.49538e+06
-645774
-526098
-19812.4
-895689
-779267
-717084
-1.03338e+06
-887415
-482682
-416313
-380781
-603560
268832
233661
144531
346735
-236729
-242135
-525633
-223927
-852064
-755180
-826117
-1.02405e+06
-629410
-512412
-8367.9
-887444
-786730
-731561
-1.02253e+06
-901224
-464452
-403747
-342496
-587310
237268
197160
92700.3
316618
-262140
-255247
-592117
-239117
-860534
-766324
-841203
-1.03553e+06
-626049
-507343
11272.7
-878385
-814687
-746290
-1.04018e+06
-926098
-450008
-383908
-319175
-560809
209525
175742
41831
289442
-252772
-255366
-610747
-227297
-875541
-766463
-868300
-1.03875e+06
-594285
-477132
70271.6
-843838
-798773
-726861
-1.00143e+06
-909613
-405277
-348115
-256883
-527982
226825
187207
66991.3
296630
-223204
-232212
-577588
-196224
-842931
-744137
-826944
-1.00411e+06
-602138
-479778
78792.2
-865028
-813800
-747155
-1.01168e+06
-932187
-388864
-338891
-221665
-498235
230364
193641
106708
306628
-234415
-247560
-588716
-209329
-847212
-753068
-854788
-1.00554e+06
-591155
-478905
88437.1
-859586
-823844
-767247
-1.04847e+06
-945960
-369999
-324313
-222012
-487809
218214
171300
60905.9
276649
-238202
-249667
-615145
-214104
-823268
-738034
-853907
-984264
-617621
-503494
73657.2
-898081
-889981
-826867
-1.14736e+06
-1.03116e+06
-401206
-354022
-240082
-531031
174462
137799
24696.4
242243
-284603
-297223
-679730
-266714
-847239
-776569
-884484
-1.01326e+06
-633308
-507677
74746.1
-919037
-950570
-873526
-1.19497e+06
-1.10081e+06
-449098
-392010
-267516
-575576
132312
105578
-55185.4
213244
-344755
-337523
-758305
-326644
-926512
-838651
-983096
-1.10002e+06
-620645
-489100
143908
-907202
-992041
-903179
-1.20657e+06
-1.14894e+06
-469547
-404054
-261311
-603390
135870
111514
-80885.2
219154
-341376
-331678
-747324
-324768
-965466
-862858
-1.02732e+06
-1.1424e+06
-621973
-483359
168016
-908199
-1.04286e+06
-935289
-1.2623e+06
-1.20338e+06
-491520
-417896
-265980
-639046
145995
121255
-94721.2
234678
-331098
-317122
-716364
-311085
-984256
-878150
-1.02818e+06
-1.17052e+06
-594284
-458546
229338
-877326
-1.04541e+06
-946076
-1.25885e+06
-1.19091e+06
-488095
-420709
-244498
-623221
201487
169901
-20195
319298
-299869
-296321
-651466
-277841
-1.00458e+06
-900210
-1.04312e+06
-1.18377e+06
-588882
-451978
229098
-879441
-1.05584e+06
-958307
-1.31365e+06
-1.20405e+06
-490608
-426025
-266567
-636192
225179
189037
-55157.2
346240
-288966
-276394
-640218
-263791
-1.00722e+06
-899966
-1.07383e+06
-1.18224e+06
-591006
-456110
254742
-876836
-1.05355e+06
-969277
-1.35196e+06
-1.19621e+06
-503604
-427826
-284754
-650058
247803
197117
-27928.6
350036
-316193
-315401
-689001
-298586
-1.0061e+06
-917399
-1.10431e+06
-1.18396e+06
-544626
-415839
309034
-837933
-1.0374e+06
-955377
-1.33767e+06
-1.17828e+06
-487006
-415883
-251140
-630696
256938
197784
-2122.73
359718
-321657
-314496
-716449
-289793
-1.03593e+06
-943401
-1.13664e+06
-1.21868e+06
-537579
-408311
341931
-835764
-1.05863e+06
-977953
-1.37504e+06
-1.19723e+06
-501593
-429051
-270661
-652507
246717
194871
-12667.1
339046
-320324
-324981
-747302
-292509
-1.0825e+06
-983062
-1.21135e+06
-1.27257e+06
-541092
-420613
351393
-860746
-1.08113e+06
-997569
-1.42281e+06
-1.23119e+06
-511231
-434136
-274065
-678127
257485
207810
45723.6
329516
-327801
-325478
-744703
-309770
-1.10183e+06
-999759
-1.20581e+06
-1.3146e+06
-560526
-414983
390491
-874678
-1.09242e+06
-1.00309e+06
-1.43832e+06
-1.2268e+06
-503727
-423675
-228070
-654761
273478
233778
147527
361816
-323021
-319787
-710032
-300931
-1.13721e+06
-1.02498e+06
-1.21683e+06
-1.33812e+06
-545298
-406469
421112
-877669
-1.09841e+06
-1.01848e+06
-1.48619e+06
-1.23803e+06
-490989
-408834
-218064
-651428
286493
243319
158901
354378
-323445
-315562
-713117
-305874
-1.12839e+06
-1.01433e+06
-1.21364e+06
-1.34344e+06
-551366
-410801
459520
-874171
-1.09489e+06
-1.01209e+06
-1.48596e+06
-1.23405e+06
-476253
-409473
-187817
-646335
253352
212546
135592
327508
-336561
-341707
-726070
-326538
-1.13703e+06
-1.03593e+06
-1.19656e+06
-1.36104e+06
-562170
-418080
447942
-883197
-1.1113e+06
-1.02023e+06
-1.47265e+06
-1.25549e+06
-507623
-432582
-215811
-658917
214313
184310
65053.8
308048
-395007
-383448
-795714
-382306
-1.19414e+06
-1.07761e+06
-1.25588e+06
-1.41241e+06
-547572
-412581
484776
-871964
-1.10513e+06
-1.01846e+06
-1.43762e+06
-1.25896e+06
-508672
-435909
-233009
-663712
212567
176472
19544.4
305854
-393188
-388844
-801373
-389551
-1.20928e+06
-1.08898e+06
-1.27881e+06
-1.44304e+06
-557383
-402507
500019
-888230
-1.10934e+06
-998992
-1.40289e+06
-1.26685e+06
-505855
-421168
-225052
-667471
231472
198297
18701.6
322096
-387181
-363328
-757219
-376380
-1.22227e+06
-1.09391e+06
-1.26159e+06
-1.46837e+06
-549751
-398807
540888
-869234
-1.09165e+06
-995640
-1.3626e+06
-1.23051e+06
-476404
-408732
-182763
-614025
251613
213645
49454.3
371566
-366778
-357891
-715521
-348611
-1.24197e+06
-1.11566e+06
-1.2821e+06
-1.46671e+06
-549556
-396661
545467
-888473
-1.07852e+06
-979173
-1.34843e+06
-1.22414e+06
-480238
-410373
-214461
-631514
270048
222746
28142.1
378538
-348322
-330743
-689505
-335067
-1.2319e+06
-1.10464e+06
-1.28935e+06
-1.46416e+06
-562010
-410014
557525
-915200
-1.07554e+06
-983610
-1.35399e+06
-1.23919e+06
-485673
-405951
-199359
-646064
271745
221043
46522
348964
-356105
-354706
-691839
-369533
-1.22468e+06
-1.10236e+06
-1.28597e+06
-1.46876e+06
-559174
-405101
577781
-923114
-1.07478e+06
-979116
-1.30736e+06
-1.24848e+06
-457923
-380137
-145086
-609868
254768
205781
59526.4
335650
-374854
-359648
-700975
-382688
-1.23586e+06
-1.11139e+06
-1.25701e+06
-1.48602e+06
-585747
-428005
562981
-953110
-1.10961e+06
-1.01069e+06
-1.31719e+06
-1.29498e+06
-448118
-368557
-129898
-602195
222440
179855
19103.2
296687
-377934
-367352
-703511
-389204
-1.27083e+06
-1.13829e+06
-1.28341e+06
-1.53433e+06
-589132
-432326
566544
-952500
-1.13181e+06
-1.02325e+06
-1.32525e+06
-1.30722e+06
-420857
-348454
-88316.2
-573393
237632
196135
56724.1
309678
-362512
-353151
-667659
-368386
-1.28115e+06
-1.14699e+06
-1.26559e+06
-1.54254e+06
-592642
-437208
549747
-951134
-1.12578e+06
-1.02762e+06
-1.34199e+06
-1.29406e+06
-391777
-328928
-64831.8
-530488
286979
242612
163676
375858
-336212
-331466
-629358
-336799
-1.28648e+06
-1.15042e+06
-1.2766e+06
-1.542e+06
-614573
-459376
504270
-980537
-1.1532e+06
-1.06118e+06
-1.41688e+06
-1.32731e+06
-376023
-313643
-67553.4
-517478
290301
236358
139896
361803
-334210
-330156
-643227
-335882
-1.2716e+06
-1.14119e+06
-1.2644e+06
-1.53311e+06
-652482
-490082
480287
-1.02027e+06
-1.17716e+06
-1.06851e+06
-1.45423e+06
-1.35855e+06
-393151
-323708
-80067.1
-534069
279647
247664
168830
367107
-376226
-362650
-697048
-385360
-1.28251e+06
-1.14033e+06
-1.24343e+06
-1.53697e+06
-653846
-487676
461949
-1.01926e+06
-1.16163e+06
-1.05643e+06
-1.42544e+06
-1.34621e+06
-387980
-314117
-86772.6
-511911
322910
286740
200147
425135
-373255
-354477
-724161
-369702
-1.28056e+06
-1.13737e+06
-1.24671e+06
-1.54202e+06
-665384
-505631
458905
-1.03692e+06
-1.17318e+06
-1.06722e+06
-1.42063e+06
-1.36651e+06
-385713
-314968
-113749
-510181
351594
311310
211455
450915
-353146
-342244
-712006
-354170
-1.28616e+06
-1.13665e+06
-1.24429e+06
-1.55211e+06
-690908
-525085
440725
-1.05663e+06
-1.16596e+06
-1.04862e+06
-1.37883e+06
-1.34218e+06
-387553
-326329
-131863
-514453
407168
350326
288465
510941
-331418
-322680
-660250
-324577
-1.26094e+06
-1.11721e+06
-1.17186e+06
-1.52336e+06
-669042
-500301
478902
-1.0431e+06
-1.12836e+06
-1.02108e+06
-1.32865e+06
-1.3065e+06
-365977
-304619
-100126
-487602
456260
409072
382751
566875
-297530
-291501
-593283
-302937
-1.25117e+06
-1.10176e+06
-1.15039e+06
-1.51327e+06
-698638
-533193
464335
-1.09353e+06
-1.12571e+06
-1.02117e+06
-1.32203e+06
-1.30839e+06
-370776
-311919
-107050
-503463
493786
431352
432867
588903
-295374
-287533
-557399
-304013
-1.22255e+06
-1.07862e+06
-1.09497e+06
-1.49538e+06
-645774
-526098
-19812.4
-895689
-779267
-717084
-1.03338e+06
-887415
-482682
-416313
-380781
-603560
268832
233661
144531
346735
-236729
-242135
-525633
-223927
-852064
-755180
-826117
-1.02405e+06
-629410
-512412
-8367.9
-887444
-786730
-731561
-1.02253e+06
-901224
-464452
-403747
-342496
-587310
237268
197160
92700.3
316618
-262140
-255247
-592117
-239117
-860534
-766324
-841203
-1.03553e+06
-626049
-507343
11272.7
-878385
-814687
-746290
-1.04018e+06
-926098
-450008
-383908
-319175
-560809
209525
175742
41831
289442
-252772
-255366
-610747
-227297
-875541
-766463
-868300
-1.03875e+06
-594285
-477132
70271.6
-843838
-798773
-726861
-1.00143e+06
-909613
-405277
-348115
-256883
-527982
226825
187207
66991.3
296630
-223204
-232212
-577588
-196224
-842931
-744137
-826944
-1.00411e+06
-602138
-479778
78792.2
-865028
-813800
-747155
-1.01168e+06
-932187
-388864
-338891
-221665
-498235
230364
193641
106708
306628
-234415
-247560
-588716
-209329
-847212
-753068
-854788
-1.00554e+06
-591155
-478905
88437.1
-859586
-823844
-767247
-1.04847e+06
-945960
-369999
-324313
-222012
-487809
218214
171300
60905.9
276649
-238202
-249667
-615145
-214104
-823268
-738034
-853907
-984264
-617621
-503494
73657.2
-898081
-889981
-826867
-1.14736e+06
-1.03116e+06
-401206
-354022
-240082
-531031
174462
137799
24696.4
242243
-284603
-297223
-679730
-266714
-847239
-776569
-884484
-1.01326e+06
-633308
-507677
74746.1
-919037
-950570
-873526
-1.19497e+06
-1.10081e+06
-449098
-392010
-267516
-575576
132312
105578
-55185.4
213244
-344755
-337523
-758305
-326644
-926512
-838651
-983096
-1.10002e+06
-620645
-489100
143908
-907202
-992041
-903179
-1.20657e+06
-1.14894e+06
-469547
-404054
-261311
-603390
135870
111514
-80885.2
219154
-341376
-331678
-747324
-324768
-965466
-862858
-1.02732e+06
-1.1424e+06
-621973
-483359
168016
-908199
-1.04286e+06
-935289
-1.2623e+06
-1.20338e+06
-491520
-417896
-265980
-639046
145995
121255
-94721.2
234678
-331098
-317122
-716364
-311085
-984256
-878150
-1.02818e+06
-1.17052e+06
-594284
-458546
229338
-877326
-1.04541e+06
-946076
-1.25885e+06
-1.19091e+06
-488095
-420709
-244498
-623221
201487
169901
-20195
319298
-299869
-296321
-651466
-277841
-1.00458e+06
-900210
-1.04312e+06
-1.18377e+06
-588882
-451978
229098
-879441
-1.05584e+06
-958307
-1.31365e+06
-1.20405e+06
-490608
-426025
-266567
-636192
225179
189037
-55157.2
346240
-288966
-276394
-640218
-263791
-1.00722e+06
-899966
-1.07383e+06
-1.18224e+06
-591006
-456110
254742
-876836
-1.05355e+06
-969277
-1.35196e+06
-1.19621e+06
-503604
-427826
-284754
-650058
247803
197117
-27928.6
350036
-316193
-315401
-689001
-298586
-1.0061e+06
-917399
-1.10431e+06
-1.18396e+06
-544626
-415839
309034
-837933
-1.0374e+06
-955377
-1.33767e+06
-1.17828e+06
-487006
-415883
-251140
-630696
256938
197784
-2122.73
359718
-321657
-314496
-716449
-289793
-1.03593e+06
-943401
-1.13664e+06
-1.21868e+06
-537579
-408311
341931
-835764
-1.05863e+06
-977953
-1.37504e+06
-1.19723e+06
-501593
-429051
-270661
-652507
246717
194871
-12667.1
339046
-320324
-324981
-747302
-292509
-1.0825e+06
-983062
-1.21135e+06
-1.27257e+06
-541092
-420613
351393
-860746
-1.08113e+06
-997569
-1.42281e+06
-1.23119e+06
-511231
-434136
-274065
-678127
257485
207810
45723.6
329516
-327801
-325478
-744703
-309770
-1.10183e+06
-999759
-1.20581e+06
-1.3146e+06
-560526
-414983
390491
-874678
-1.09242e+06
-1.00309e+06
-1.43832e+06
-1.2268e+06
-503727
-423675
-228070
-654761
273478
233778
147527
361816
-323021
-319787
-710032
-300931
-1.13721e+06
-1.02498e+06
-1.21683e+06
-1.33812e+06
-545298
-406469
421112
-877669
-1.09841e+06
-1.01848e+06
-1.48619e+06
-1.23803e+06
-490989
-408834
-218064
-651428
286493
243319
158901
354378
-323445
-315562
-713117
-305874
-1.12839e+06
-1.01433e+06
-1.21364e+06
-1.34344e+06
-551366
-410801
459520
-874171
-1.09489e+06
-1.01209e+06
-1.48596e+06
-1.23405e+06
-476253
-409473
-187817
-646335
253352
212546
135592
327508
-336561
-341707
-726070
-326538
-1.13703e+06
-1.03593e+06
-1.19656e+06
-1.36104e+06
-562170
-418080
447942
-883197
-1.1113e+06
-1.02023e+06
-1.47265e+06
-1.25549e+06
-507623
-432582
-215811
-658917
214313
184310
65053.8
308048
-395007
-383448
-795714
-382306
-1.19414e+06
-1.07761e+06
-1.25588e+06
-1.41241e+06
-547572
-412581
484776
-871964
-1.10513e+06
-1.01846e+06
-1.43762e+06
-1.25896e+06
-508672
-435909
-233009
-663712
212567
176472
19544.4
305854
-393188
-388844
-801373
-389551
-1.20928e+06
-1.08898e+06
-1.27881e+06
-1.44304e+06
-557383
-402507
500019
-888230
-1.10934e+06
-998992
-1.40289e+06
-1.26685e+06
-505855
-421168
-225052
-667471
231472
198297
18701.6
322096
-387181
-363328
-757219
-376380
-1.22227e+06
-1.09391e+06
-1.26159e+06
-1.46837e+06
-549751
-398807
540888
-869234
-1.09165e+06
-995640
-1.3626e+06
-1.23051e+06
-476404
-408732
-182763
-614025
251613
213645
49454.3
371566
-366778
-357891
-715521
-348611
-1.24197e+06
-1.11566e+06
-1.2821e+06
-1.46671e+06
-549556
-396661
545467
-888473
-1.07852e+06
-979173
-1.34843e+06
-1.22414e+06
-480238
-410373
-214461
-631514
270048
222746
28142.1
378538
-348322
-330743
-689505
-335067
-1.2319e+06
-1.10464e+06
-1.28935e+06
-1.46416e+06
-562010
-410014
557525
-915200
-1.07554e+06
-983610
-1.35399e+06
-1.23919e+06
-485673
-405951
-199359
-646064
271745
221043
46522
348964
-356105
-354706
-691839
-369533
-1.22468e+06
-1.10236e+06
-1.28597e+06
-1.46876e+06
-559174
-405101
577781
-923114
-1.07478e+06
-979116
-1.30736e+06
-1.24848e+06
-457923
-380137
-145086
-609868
254768
205781
59526.4
335650
-374854
-359648
-700975
-382688
-1.23586e+06
-1.11139e+06
-1.25701e+06
-1.48602e+06
-585747
-428005
562981
-953110
-1.10961e+06
-1.01069e+06
-1.31719e+06
-1.29498e+06
-448118
-368557
-129898
-602195
222440
179855
19103.2
296687
-377934
-367352
-703511
-389204
-1.27083e+06
-1.13829e+06
-1.28341e+06
-1.53433e+06
-589132
-432326
566544
-952500
-1.13181e+06
-1.02325e+06
-1.32525e+06
-1.30722e+06
-420857
-348454
-88316.2
-573393
237632
196135
56724.1
309678
-362512
-353151
-667659
-368386
-1.28115e+06
-1.14699e+06
-1.26559e+06
-1.54254e+06
-592642
-437208
549747
-951134
-1.12578e+06
-1.02762e+06
-1.34199e+06
-1.29406e+06
-391777
-328928
-64831.8
-530488
286979
242612
163676
375858
-336212
-331466
-629358
-336799
-1.28648e+06
-1.15042e+06
-1.2766e+06
-1.542e+06
-614573
-459376
504270
-980537
-1.1532e+06
-1.06118e+06
-1.41688e+06
-1.32731e+06
-376023
-313643
-67553.4
-517478
290301
236358
139896
361803
-334210
-330156
-643227
-335882
-1.2716e+06
-1.14119e+06
-1.2644e+06
-1.53311e+06
-652482
-490082
480287
-1.02027e+06
-1.17716e+06
-1.06851e+06
-1.45423e+06
-1.35855e+06
-393151
-323708
-80067.1
-534069
279647
247664
168830
367107
-376226
-362650
-697048
-385360
-1.28251e+06
-1.14033e+06
-1.24343e+06
-1.53697e+06
-653846
-487676
461949
-1.01926e+06
-1.16163e+06
-1.05643e+06
-1.42544e+06
-1.34621e+06
-387980
-314117
-86772.6
-511911
322910
286740
200147
425135
-373255
-354477
-724161
-369702
-1.28056e+06
-1.13737e+06
-1.24671e+06
-1.54202e+06
-665384
-505631
458905
-1.03692e+06
-1.17318e+06
-1.06722e+06
-1.42063e+06
-1.36651e+06
-385713
-314968
-113749
-510181
351594
311310
211455
450915
-353146
-342244
-712006
-354170
-1.28616e+06
-1.13665e+06
-1.24429e+06
-1.55211e+06
-690908
-525085
440725
-1.05663e+06
-1.16596e+06
-1.04862e+06
-1.37883e+06
-1.34218e+06
-387553
-326329
-131863
-514453
407168
350326
288465
510941
-331418
-322680
-660250
-324577
-1.26094e+06
-1.11721e+06
-1.17186e+06
-1.52336e+06
-669042
-500301
478902
-1.0431e+06
-1.12836e+06
-1.02108e+06
-1.32865e+06
-1.3065e+06
-365977
-304619
-100126
-487602
456260
409072
382751
566875
-297530
-291501
-593283
-302937
-1.25117e+06
-1.10176e+06
-1.15039e+06
-1.51327e+06
-698638
-533193
464335
-1.09353e+06
-1.12571e+06
-1.02117e+06
-1.32203e+06
-1.30839e+06
-370776
-311919
-107050
-503463
493786
431352
432867
588903
-295374
-287533
-557399
-304013
-1.22255e+06
-1.07862e+06
-1.09497e+06
-1.49538e+06
-645774
-526098
-19812.4
-895689
-779267
-717084
-1.03338e+06
-887415
-482682
-416313
-380781
-603560
268832
233661
144531
346735
-236729
-242135
-525633
-223927
-852064
-755180
-826117
-1.02405e+06
-629410
-512412
-8367.9
-887444
-786730
-731561
-1.02253e+06
-901224
-464452
-403747
-342496
-587310
237268
197160
92700.3
316618
-262140
-255247
-592117
-239117
-860534
-766324
-841203
-1.03553e+06
-626049
-507343
11272.7
-878385
-814687
-746290
-1.04018e+06
-926098
-450008
-383908
-319175
-560809
209525
175742
41831
289442
-252772
-255366
-610747
-227297
-875541
-766463
-868300
-1.03875e+06
-594285
-477132
70271.6
-843838
-798773
-726861
-1.00143e+06
-909613
-405277
-348115
-256883
-527982
226825
187207
66991.3
296630
-223204
-232212
-577588
-196224
-842931
-744137
-826944
-1.00411e+06
-602138
-479778
78792.2
-865028
-813800
-747155
-1.01168e+06
-932187
-388864
-338891
-221665
-498235
230364
193641
106708
306628
-234415
-247560
-588716
-209329
-847212
-753068
-854788
-1.00554e+06
-591155
-478905
88437.1
-859586
-823844
-767247
-1.04847e+06
-945960
-369999
-324313
-222012
-487809
218214
171300
60905.9
276649
-238202
-249667
-615145
-214104
-823268
-738034
-853907
-984264
-617621
-503494
73657.2
-898081
-889981
-826867
-1.14736e+06
-1.03116e+06
-401206
-354022
-240082
-531031
174462
137799
24696.4
242243
-284603
-297223
-679730
-266714
-847239
-776569
-884484
-1.01326e+06
-633308
-507677
74746.1
-919037
-950570
-873526
-1.19497e+06
-1.10081e+06
-449098
-392010
-267516
-575576
132312
105578
-55185.4
213244
-344755
-337523
-758305
-326644
-926512
-838651
-983096
-1.10002e+06
-620645
-489100
143908
-907202
-992041
-903179
-1.20657e+06
-1.14894e+06
-469547
-404054
-261311
-603390
135870
111514
-80885.2
219154
-341376
-331678
-747324
-324768
-965466
-862858
-1.02732e+06
-1.1424e+06
-621973
-483359
168016
-908199
-1.04286e+06
-935289
-1.2623e+06
-1.20338e+06
-491520
-417896
-265980
-639046
145995
121255
-94721.2
234678
-331098
-317122
-716364
-311085
-984256
-878150
-1.02818e+06
-1.17052e+06
-594284
-458546
229338
-877326
-1.04541e+06
-946076
-1.25885e+06
-1.19091e+06
-488095
-420709
-244498
-623221
201487
169901
-20195
319298
-299869
-296321
-651466
-277841
-1.00458e+06
-900210
-1.04312e+06
-1.18377e+06
-588882
-451978
229098
-879441
-1.05584e+06
-958307
-1.31365e+06
-1.20405e+06
-490608
-426025
-266567
-636192
225179
189037
-55157.2
346240
-288966
-276394
-640218
-263791
-1.00722e+06
-899966
-1.07383e+06
-1.18224e+06
-591006
-456110
254742
-876836
-1.05355e+06
-969277
-1.35196e+06
-1.19621e+06
-503604
-427826
-284754
-650058
247803
197117
-27928.6
350036
-316193
-315401
-689001
-298586
-1.0061e+06
-917399
-1.10431e+06
-1.18396e+06
-544626
-415839
309034
-837933
-1.0374e+06
-955377
-1.33767e+06
-1.17828e+06
-487006
-415883
-251140
-630696
256938
197784
-2122.73
359718
-321657
-314496
-716449
-289793
-1.03593e+06
-943401
-1.13664e+06
-1.21868e+06
-537579
-408311
341931
-835764
-1.05863e+06
-977953
-1.37504e+06
-1.19723e+06
-501593
-429051
-270661
-652507
246717
194871
-12667.1
339046
-320324
-324981
-747302
-292509
-1.0825e+06
-983062
-1.21135e+06
-1.27257e+06
-541092
-420613
351393
-860746
-1.08113e+06
-997569
-1.42281e+06
-1.23119e+06
-511231
-434136
-274065
-678127
257485
207810
45723.6
329516
-327801
-325478
-744703
-309770
-1.10183e+06
-999759
-1.20581e+06
-1.3146e+06
-560526
-414983
390491
-874678
-1.09242e+06
-1.00309e+06
-1.43832e+06
-1.2268e+06
-503727
-423675
-228070
-654761
273478
233778
147527
361816
-323021
-319787
-710032
-300931
-1.13721e+06
-1.02498e+06
-1.21683e+06
-1.33812e+06
-545298
-406469
421112
-877669
-1.09841e+06
-1.01848e+06
-1.48619e+06
-1.23803e+06
-490989
-408834
-218064
-651428
286493
243319
158901
354378
-323445
-315562
-713117
-305874
-1.12839e+06
-1.01433e+06
-1.21364e+06
-1.34344e+06
-551366
-410801
459520
-874171
-1.09489e+06
-1.01209e+06
-1.48596e+06
-1.23405e+06
-476253
-409473
-187817
-646335
253352
212546
135592
327508
-336561
-341707
-726070
-326538
-1.13703e+06
-1.03593e+06
-1.19656e+06
-1.36104e+06
-562170
-418080
447942
-883197
-1.1113e+06
-1.02023e+06
-1.47265e+06
-1.25549e+06
-507623
-432582
-215811
-658917
214313
184310
65053.8
308048
-395007
-383448
-795714
-382306
-1.19414e+06
-1.07761e+06
-1.25588e+06
-1.41241e+06
-547572
-412581
484776
-871964
-1.10513e+06
-1.01846e+06
-1.43762e+06
-1.25896e+06
-508672
-435909
-233009
-663712
212567
176472
19544.4
305854
-393188
-388844
-801373
-389551
-1.20928e+06
-1.08898e+06
-1.27881e+06
-1.44304e+06
-557383
-402507
500019
-888230
-1.10934e+06
-998992
-1.40289e+06
-1.26685e+06
-505855
-421168
-225052
-667471
231472
198297
18701.6
322096
-387181
-363328
-757219
-376380
-1.22227e+06
-1.09391e+06
-1.26159e+06
-1.46837e+06
-549751
-398807
540888
-869234
-1.09165e+06
-995640
-1.3626e+06
-1.23051e+06
-476404
-408732
-182763
-614025
251613
213645
49454.3
371566
-366778
-357891
-715521
-348611
-1.24197e+06
-1.11566e+06
-1.2821e+06
-1.46671e+06
-549556
-396661
545467
-888473
-1.07852e+06
-979173
-1.34843e+06
-1.22414e+06
-480238
-410373
-214461
-631514
270048
222746
28142.1
378538
-348322
-330743
-689505
-335067
-1.2319e+06
-1.10464e+06
-1.28935e+06
-1.46416e+06
-562010
-410014
557525
-915200
-1.07554e+06
-983610
-1.35399e+06
-1.23919e+06
-485673
-405951
-199359
-646064
271745
221043
46522
348964
-356105
-354706
-691839
-369533
-1.22468e+06
-1.10236e+06
-1.28597e+06
-1.46876e+06
-559174
-405101
577781
-923114
-1.07478e+06
-979116
-1.30736e+06
-1.24848e+06
-457923
-380137
-145086
-609868
254768
205781
59526.4
335650
-374854
-359648
-700975
-382688
-1.23586e+06
-1.11139e+06
-1.25701e+06
-1.48602e+06
-585747
-428005
562981
-953110
-1.10961e+06
-1.01069e+06
-1.31719e+06
-1.29498e+06
-448118
-368557
-129898
-602195
222440
179855
19103.2
296687
-377934
-367352
-703511
-389204
-1.27083e+06
-1.13829e+06
-1.28341e+06
-1.53433e+06
-589132
-432326
566544
-952500
-1.13181e+06
-1.02325e+06
-1.32525e+06
-1.30722e+06
-420857
-348454
-88316.2
-573393
237632
196135
56724.1
309678
-362512
-353151
-667659
-368386
-1.28115e+06
-1.14699e+06
-1.26559e+06
-1.54254e+06
-592642
-437208
549747
-951134
-1.12578e+06
-1.02762e+06
-1.34199e+06
-1.29406e+06
-391777
-328928
-64831.8
-530488
286979
242612
163676
375858
-336212
-331466
-629358
-336799
-1.28648e+06
-1.15042e+06
-1.2766e+06
-1.542e+06
-614573
-459376
504270
-980537
-1.1532e+06
-1.06118e+06
-1.41688e+06
-1.32731e+06
-376023
-313643
-67553.4
-517478
290301
236358
139896
361803
-334210
-330156
-643227
-335882
-1.2716e+06
-1.14119e+06
-1.2644e+06
-1.53311e+06
-652482
-490082
480287
-1.02027e+06
-1.17716e+06
-1.06851e+06
-1.45423e+06
-1.35855e+06
-393151
-323708
-80067.1
-534069
279647
247664
168830
367107
-376226
-362650
-697048
-385360
-1.28251e+06
-1.14033e+06
-1.24343e+06
-1.53697e+06
-653846
-487676
461949
-1.01926e+06
-1.16163e+06
-1.05643e+06
-1.42544e+06
-1.34621e+06
-387980
-314117
-86772.6
-511911
322910
286740
200147
425135
-373255
-354477
-724161
-369702
-1.28056e+06
-1.13737e+06
-1.24671e+06
-1.54202e+06
-665384
-505631
458905
-1.03692e+06
-1.17318e+06
-1.06722e+06
-1.42063e+06
-1.36651e+06
-385713
-314968
-113749
-510181
351594
311310
211455
450915
-353146
-342244
-712006
-354170
-1.28616e+06
-1.13665e+06
-1.24429e+06
-1.55211e+06
-690908
-525085
440725
-1.05663e+06
-1.16596e+06
-1.04862e+06
-1.37883e+06
-1.34218e+06
-387553
-326329
-131863
-514453
407168
350326
288465
510941
-331418
-322680
-660250
-324577
-1.26094e+06
-1.11721e+06
-1.17186e+06
-1.52336e+06
-669042
-500301
478902
-1.0431e+06
-1.12836e+06
-1.02108e+06
-1.32865e+06
-1.3065e+06
-365977
-304619
-100126
-487602
456260
409072
382751
566875
-297530
-291501
-593283
-302937
-1.25117e+06
-1.10176e+06
-1.15039e+06
-1.51327e+06
-698638
-533193
464335
-1.09353e+06
-1.12571e+06
-1.02117e+06
-1.32203e+06
-1.30839e+06
-370776
-311919
-107050
-503463
493786
431352
432867
588903
-295374
-287533
-557399
-304013
-1.22255e+06
-1.07862e+06
-1.09497e+06
-1.49538e+06
-89534.6
-132671
-704995
28724.1
187918
194447
541019
156820
1.0075e+06
922944
1.22016e+06
1.17317e+06
854674
832519
1.60242e+06
885933
396185
375456
630749
439570
-27137.3
-7042.78
189828
-70889.6
-109952
-158409
-721985
-13379.9
170082
175609
525870
128348
1.06474e+06
969168
1.2976e+06
1.229e+06
874766
841828
1.61328e+06
893830
375024
354401
592835
400166
-55492.3
-36548.9
134792
-112656
-145882
-176143
-767648
-45709.5
172693
189703
534753
131545
1.11347e+06
1.02066e+06
1.34999e+06
1.29005e+06
872463
838088
1.58804e+06
888799
385995
364349
589230
418530
-72607.1
-54998.1
94458.9
-124085
-150030
-184355
-755132
-48465.1
174876
187635
569579
127067
1.14054e+06
1.03458e+06
1.37081e+06
1.32858e+06
884337
854097
1.60399e+06
912844
392538
372331
609986
426893
-43517.5
-15748.7
158429
-81939.5
-160471
-199850
-766705
-73959.8
153103
170763
550659
92368.7
1.15983e+06
1.05131e+06
1.35984e+06
1.34955e+06
878420
842044
1.61024e+06
892038
386091
358544
602131
408387
-53178.7
-30908.3
124246
-106070
-163146
-195608
-736887
-74419.5
144512
159826
578102
72632.6
1.18104e+06
1.06044e+06
1.35177e+06
1.37662e+06
879069
839484
1.62681e+06
884942
350778
324998
587146
368142
-43236.8
-16979.8
192932
-100692
-157795
-181689
-710555
-62757.1
152687
175367
631985
93205.9
1.16147e+06
1.04654e+06
1.33925e+06
1.35537e+06
868965
842992
1.64533e+06
880847
345821
335631
588115
378593
-52712
-29531.6
178378
-106333
-142981
-179958
-717013
-53095.2
165334
179583
650595
102097
1.179e+06
1.05846e+06
1.36297e+06
1.36969e+06
879412
843879
1.65508e+06
886566
356478
334365
560602
382816
-58701.9
-41491.6
136583
-113713
-145665
-171335
-729985
-48566.2
174790
201604
682440
109712
1.18542e+06
1.06979e+06
1.38166e+06
1.37194e+06
859017
822821
1.62751e+06
850164
358207
338170
543368
388765
-82479.8
-61911.4
84723.4
-133877
-146252
-173421
-754960
-41984.5
202428
232626
737126
138665
1.17956e+06
1.07041e+06
1.36118e+06
1.3779e+06
823199
806513
1.57382e+06
829932
365396
350801
530689
406335
-76525.2
-41763.8
75620.8
-113872
-111598
-150926
-731409
-7940.1
267172
287805
847000
190677
1.20378e+06
1.0818e+06
1.36918e+06
1.40212e+06
854312
820868
1.6148e+06
848573
420048
382796
574490
457079
-55395.5
-37412.3
68907.6
-100867
-110332
-147696
-730769
-1428.36
282925
309239
924328
201730
1.19153e+06
1.0752e+06
1.34652e+06
1.38447e+06
824365
800477
1.59499e+06
815875
394543
363821
557458
432474
-53402.1
-24176.7
80634.2
-90241.7
-110431
-148563
-741900
2382.24
282299
307232
951518
201470
1.18477e+06
1.07948e+06
1.3536e+06
1.38426e+06
820894
806966
1.61895e+06
824478
405029
376316
553614
452339
-54546.9
-35635.4
65509.2
-92684
-125193
-166329
-757318
-27022.1
258059
279505
907759
171613
1.20641e+06
1.10649e+06
1.42655e+06
1.39446e+06
822722
808344
1.62139e+06
824385
396186
365433
531411
438717
-98973
-77881.4
-2350.42
-149564
-138927
-168580
-769294
-27662
246225
268547
879030
168133
1.24765e+06
1.14112e+06
1.52434e+06
1.43813e+06
820823
785475
1.60737e+06
802475
423831
387790
551876
473028
-134594
-121494
-66292
-181688
-139930
-179238
-761625
-42151.3
205892
231434
828979
108930
1.24556e+06
1.132e+06
1.53262e+06
1.41992e+06
770994
753454
1.56441e+06
747297
432681
394134
566814
473636
-154020
-131679
-77376.6
-205999
-155300
-183421
-761423
-52903.6
198635
234025
842231
94436.2
1.2308e+06
1.12478e+06
1.53598e+06
1.40257e+06
744974
734594
1.57663e+06
706955
450095
417184
609137
496068
-211285
-180328
-140681
-272636
-143477
-176987
-751737
-41590.6
183441
210115
845055
69284.4
1.25231e+06
1.15236e+06
1.5863e+06
1.42594e+06
716447
708725
1.56033e+06
673019
449853
403263
619931
490078
-223339
-191738
-139803
-288921
-168048
-208923
-797587
-58906.2
134905
176989
788511
34764.9
1.25161e+06
1.14849e+06
1.59642e+06
1.43476e+06
708763
706914
1.55853e+06
682306
396372
365325
554947
448888
-270134
-246694
-218060
-340108
-200278
-237479
-860118
-101697
123335
169383
762239
18000.1
1.28403e+06
1.18247e+06
1.63126e+06
1.46631e+06
741065
742520
1.60612e+06
715900
371568
343970
518525
410130
-300361
-265200
-254203
-380098
-222540
-249833
-909924
-120473
148084
194710
787489
51960.3
1.34438e+06
1.23987e+06
1.71543e+06
1.53569e+06
778763
765184
1.64718e+06
739336
377038
345216
513047
416883
-309187
-281397
-272547
-388791
-236674
-270030
-946406
-122120
165763
206967
802029
68170
1.38799e+06
1.27025e+06
1.75234e+06
1.59469e+06
801924
791796
1.70056e+06
771018
363776
334922
509934
403028
-302700
-265976
-245885
-369953
-287931
-318559
-1.0499e+06
-178494
148342
191363
774232
47202.9
1.38673e+06
1.26672e+06
1.71101e+06
1.59451e+06
790446
785927
1.72433e+06
749598
322489
299494
450729
356590
-353360
-308670
-317492
-431947
-295694
-331784
-1.07831e+06
-180881
147593
188282
778246
48265.7
1.41209e+06
1.28802e+06
1.71992e+06
1.63358e+06
812602
805308
1.75383e+06
777996
296795
271111
433631
327005
-345415
-306467
-295537
-422087
-286054
-322106
-1.07695e+06
-171444
149850
178998
779676
50343.2
1.39924e+06
1.27366e+06
1.68754e+06
1.62184e+06
810316
807574
1.76652e+06
775856
269242
254184
387050
308221
-342513
-306307
-287042
-418462
-292577
-326700
-1.09526e+06
-178733
139780
181847
748245
54848.9
1.39999e+06
1.27597e+06
1.67902e+06
1.62234e+06
828282
827723
1.79483e+06
796540
252706
241855
340009
290262
-342862
-297426
-273355
-422851
-311089
-339724
-1.14803e+06
-198978
160985
198455
763414
70183.2
1.39985e+06
1.27263e+06
1.66013e+06
1.61744e+06
822168
810591
1.77877e+06
765348
257491
234733
311397
287868
-330201
-291658
-246783
-414276
-305732
-339572
-1.15748e+06
-179331
187484
232484
811291
106907
1.38322e+06
1.25867e+06
1.62469e+06
1.61254e+06
811781
816228
1.7974e+06
765137
256820
242369
308463
294711
-279882
-232444
-142473
-354401
-306957
-342428
-1.18187e+06
-181780
229260
269683
858974
143374
1.36722e+06
1.23843e+06
1.57681e+06
1.59215e+06
836621
836284
1.85825e+06
782208
271029
246290
319798
303289
-269766
-223509
-113728
-357647
-295099
-335782
-1.15441e+06
-175526
251733
282264
921943
157602
1.35269e+06
1.21976e+06
1.53767e+06
1.57645e+06
837486
837574
1.88899e+06
772373
247195
222430
317115
275987
-234066
-184730
-5909.29
-326601
-266592
-305148
-1.11449e+06
-138550
263358
300363
960781
180950
1.33881e+06
1.22006e+06
1.5141e+06
1.57138e+06
870385
882608
1.97104e+06
828119
243840
230143
304163
277100
-225074
-176202
14502.8
-322994
-251845
-299678
-1.10908e+06
-125424
274073
307794
956196
192303
1.3743e+06
1.2456e+06
1.53358e+06
1.61501e+06
934048
933092
2.02479e+06
905259
243924
224361
285506
274761
-224818
-178413
11928.2
-327722
-256043
-288762
-1.12873e+06
-113195
298428
326304
975319
218670
1.40024e+06
1.26787e+06
1.53732e+06
1.6532e+06
963344
947001
2.01499e+06
925396
262654
234327
277993
297720
-229957
-189722
-9230.57
-328814
-221966
-266260
-1.08115e+06
-86767.7
297126
328778
1.01646e+06
199483
1.4035e+06
1.25964e+06
1.51781e+06
1.65327e+06
991125
978175
2.06035e+06
956704
272443
248016
312269
300462
-204550
-161738
50629.6
-310546
-217496
-261093
-1.07377e+06
-75697.9
282713
317113
1.02447e+06
170678
1.36753e+06
1.22935e+06
1.45069e+06
1.62e+06
1.00946e+06
993702
2.10596e+06
975141
272267
248388
332490
303336
-251572
-203573
9816.06
-367154
-176426
-222037
-1.00419e+06
-39407.1
275550
311823
1.07501e+06
149755
1.3566e+06
1.21568e+06
1.40108e+06
1.60753e+06
1.0245e+06
1.00866e+06
2.13242e+06
981091
264958
236212
347345
283892
-239033
-181991
68081.7
-360412
-89534.6
-132671
-704995
28724.1
187918
194447
541019
156820
1.0075e+06
922944
1.22016e+06
1.17317e+06
854674
832519
1.60242e+06
885933
396185
375456
630749
439570
-27137.3
-7042.78
189828
-70889.6
-109952
-158409
-721985
-13379.9
170082
175609
525870
128348
1.06474e+06
969168
1.2976e+06
1.229e+06
874766
841828
1.61328e+06
893830
375024
354401
592835
400166
-55492.3
-36548.9
134792
-112656
-145882
-176143
-767648
-45709.5
172693
189703
534753
131545
1.11347e+06
1.02066e+06
1.34999e+06
1.29005e+06
872463
838088
1.58804e+06
888799
385995
364349
589230
418530
-72607.1
-54998.1
94458.9
-124085
-150030
-184355
-755132
-48465.1
174876
187635
569579
127067
1.14054e+06
1.03458e+06
1.37081e+06
1.32858e+06
884337
854097
1.60399e+06
912844
392538
372331
609986
426893
-43517.5
-15748.7
158429
-81939.5
-160471
-199850
-766705
-73959.8
153103
170763
550659
92368.7
1.15983e+06
1.05131e+06
1.35984e+06
1.34955e+06
878420
842044
1.61024e+06
892038
386091
358544
602131
408387
-53178.7
-30908.3
124246
-106070
-163146
-195608
-736887
-74419.5
144512
159826
578102
72632.6
1.18104e+06
1.06044e+06
1.35177e+06
1.37662e+06
879069
839484
1.62681e+06
884942
350778
324998
587146
368142
-43236.8
-16979.8
192932
-100692
-157795
-181689
-710555
-62757.1
152687
175367
631985
93205.9
1.16147e+06
1.04654e+06
1.33925e+06
1.35537e+06
868965
842992
1.64533e+06
880847
345821
335631
588115
378593
-52712
-29531.6
178378
-106333
-142981
-179958
-717013
-53095.2
165334
179583
650595
102097
1.179e+06
1.05846e+06
1.36297e+06
1.36969e+06
879412
843879
1.65508e+06
886566
356478
334365
560602
382816
-58701.9
-41491.6
136583
-113713
-145665
-171335
-729985
-48566.2
174790
201604
682440
109712
1.18542e+06
1.06979e+06
1.38166e+06
1.37194e+06
859017
822821
1.62751e+06
850164
358207
338170
543368
388765
-82479.8
-61911.4
84723.4
-133877
-146252
-173421
-754960
-41984.5
202428
232626
737126
138665
1.17956e+06
1.07041e+06
1.36118e+06
1.3779e+06
823199
806513
1.57382e+06
829932
365396
350801
530689
406335
-76525.2
-41763.8
75620.8
-113872
-111598
-150926
-731409
-7940.1
267172
287805
847000
190677
1.20378e+06
1.0818e+06
1.36918e+06
1.40212e+06
854312
820868
1.6148e+06
848573
420048
382796
574490
457079
-55395.5
-37412.3
68907.6
-100867
-110332
-147696
-730769
-1428.36
282925
309239
924328
201730
1.19153e+06
1.0752e+06
1.34652e+06
1.38447e+06
824365
800477
1.59499e+06
815875
394543
363821
557458
432474
-53402.1
-24176.7
80634.2
-90241.7
-110431
-148563
-741900
2382.24
282299
307232
951518
201470
1.18477e+06
1.07948e+06
1.3536e+06
1.38426e+06
820894
806966
1.61895e+06
824478
405029
376316
553614
452339
-54546.9
-35635.4
65509.2
-92684
-125193
-166329
-757318
-27022.1
258059
279505
907759
171613
1.20641e+06
1.10649e+06
1.42655e+06
1.39446e+06
822722
808344
1.62139e+06
824385
396186
365433
531411
438717
-98973
-77881.4
-2350.42
-149564
-138927
-168580
-769294
-27662
246225
268547
879030
168133
1.24765e+06
1.14112e+06
1.52434e+06
1.43813e+06
820823
785475
1.60737e+06
802475
423831
387790
551876
473028
-134594
-121494
-66292
-181688
-139930
-179238
-761625
-42151.3
205892
231434
828979
108930
1.24556e+06
1.132e+06
1.53262e+06
1.41992e+06
770994
753454
1.56441e+06
747297
432681
394134
566814
473636
-154020
-131679
-77376.6
-205999
-155300
-183421
-761423
-52903.6
198635
234025
842231
94436.2
1.2308e+06
1.12478e+06
1.53598e+06
1.40257e+06
744974
734594
1.57663e+06
706955
450095
417184
609137
496068
-211285
-180328
-140681
-272636
-143477
-176987
-751737
-41590.6
183441
210115
845055
69284.4
1.25231e+06
1.15236e+06
1.5863e+06
1.42594e+06
716447
708725
1.56033e+06
673019
449853
403263
619931
490078
-223339
-191738
-139803
-288921
-168048
-208923
-797587
-58906.2
134905
176989
788511
34764.9
1.25161e+06
1.14849e+06
1.59642e+06
1.43476e+06
708763
706914
1.55853e+06
682306
396372
365325
554947
448888
-270134
-246694
-218060
-340108
-200278
-237479
-860118
-101697
123335
169383
762239
18000.1
1.28403e+06
1.18247e+06
1.63126e+06
1.46631e+06
741065
742520
1.60612e+06
715900
371568
343970
518525
410130
-300361
-265200
-254203
-380098
-222540
-249833
-909924
-120473
148084
194710
787489
51960.3
1.34438e+06
1.23987e+06
1.71543e+06
1.53569e+06
778763
765184
1.64718e+06
739336
377038
345216
513047
416883
-309187
-281397
-272547
-388791
-236674
-270030
-946406
-122120
165763
206967
802029
68170
1.38799e+06
1.27025e+06
1.75234e+06
1.59469e+06
801924
791796
1.70056e+06
771018
363776
334922
509934
403028
-302700
-265976
-245885
-369953
-287931
-318559
-1.0499e+06
-178494
148342
191363
774232
47202.9
1.38673e+06
1.26672e+06
1.71101e+06
1.59451e+06
790446
785927
1.72433e+06
749598
322489
299494
450729
356590
-353360
-308670
-317492
-431947
-295694
-331784
-1.07831e+06
-180881
147593
188282
778246
48265.7
1.41209e+06
1.28802e+06
1.71992e+06
1.63358e+06
812602
805308
1.75383e+06
777996
296795
271111
433631
327005
-345415
-306467
-295537
-422087
-286054
-322106
-1.07695e+06
-171444
149850
178998
779676
50343.2
1.39924e+06
1.27366e+06
1.68754e+06
1.62184e+06
810316
807574
1.76652e+06
775856
269242
254184
387050
308221
-342513
-306307
-287042
-418462
-292577
-326700
-1.09526e+06
-178733
139780
181847
748245
54848.9
1.39999e+06
1.27597e+06
1.67902e+06
1.62234e+06
828282
827723
1.79483e+06
796540
252706
241855
340009
290262
-342862
-297426
-273355
-422851
-311089
-339724
-1.14803e+06
-198978
160985
198455
763414
70183.2
1.39985e+06
1.27263e+06
1.66013e+06
1.61744e+06
822168
810591
1.77877e+06
765348
257491
234733
311397
287868
-330201
-291658
-246783
-414276
-305732
-339572
-1.15748e+06
-179331
187484
232484
811291
106907
1.38322e+06
1.25867e+06
1.62469e+06
1.61254e+06
811781
816228
1.7974e+06
765137
256820
242369
308463
294711
-279882
-232444
-142473
-354401
-306957
-342428
-1.18187e+06
-181780
229260
269683
858974
143374
1.36722e+06
1.23843e+06
1.57681e+06
1.59215e+06
836621
836284
1.85825e+06
782208
271029
246290
319798
303289
-269766
-223509
-113728
-357647
-295099
-335782
-1.15441e+06
-175526
251733
282264
921943
157602
1.35269e+06
1.21976e+06
1.53767e+06
1.57645e+06
837486
837574
1.88899e+06
772373
247195
222430
317115
275987
-234066
-184730
-5909.29
-326601
-266592
-305148
-1.11449e+06
-138550
263358
300363
960781
180950
1.33881e+06
1.22006e+06
1.5141e+06
1.57138e+06
870385
882608
1.97104e+06
828119
243840
230143
304163
277100
-225074
-176202
14502.8
-322994
-251845
-299678
-1.10908e+06
-125424
274073
307794
956196
192303
1.3743e+06
1.2456e+06
1.53358e+06
1.61501e+06
934048
933092
2.02479e+06
905259
243924
224361
285506
274761
-224818
-178413
11928.2
-327722
-256043
-288762
-1.12873e+06
-113195
298428
326304
975319
218670
1.40024e+06
1.26787e+06
1.53732e+06
1.6532e+06
963344
947001
2.01499e+06
925396
262654
234327
277993
297720
-229957
-189722
-9230.57
-328814
-221966
-266260
-1.08115e+06
-86767.7
297126
328778
1.01646e+06
199483
1.4035e+06
1.25964e+06
1.51781e+06
1.65327e+06
991125
978175
2.06035e+06
956704
272443
248016
312269
300462
-204550
-161738
50629.6
-310546
-217496
-261093
-1.07377e+06
-75697.9
282713
317113
1.02447e+06
170678
1.36753e+06
1.22935e+06
1.45069e+06
1.62e+06
1.00946e+06
993702
2.10596e+06
975141
272267
248388
332490
303336
-251572
-203573
9816.06
-367154
-176426
-222037
-1.00419e+06
-39407.1
275550
311823
1.07501e+06
149755
1.3566e+06
1.21568e+06
1.40108e+06
1.60753e+06
1.0245e+06
1.00866e+06
2.13242e+06
981091
264958
236212
347345
283892
-239033
-181991
68081.7
-360412
-89534.6
-132671
-704995
28724.1
187918
194447
541019
156820
1.0075e+06
922944
1.22016e+06
1.17317e+06
854674
832519
1.60242e+06
885933
396185
375456
630749
439570
-27137.3
-7042.78
189828
-70889.6
-109952
-158409
-721985
-13379.9
170082
175609
525870
128348
1.06474e+06
969168
1.2976e+06
1.229e+06
874766
841828
1.61328e+06
893830
375024
354401
592835
400166
-55492.3
-36548.9
134792
-112656
-145882
-176143
-767648
-45709.5
172693
189703
534753
131545
1.11347e+06
1.02066e+06
1.34999e+06
1.29005e+06
872463
838088
1.58804e+06
888799
385995
364349
589230
418530
-72607.1
-54998.1
94458.9
-124085
-150030
-184355
-755132
-48465.1
174876
187635
569579
127067
1.14054e+06
1.03458e+06
1.37081e+06
1.32858e+06
884337
854097
1.60399e+06
912844
392538
372331
609986
426893
-43517.5
-15748.7
158429
-81939.5
-160471
-199850
-766705
-73959.8
153103
170763
550659
92368.7
1.15983e+06
1.05131e+06
1.35984e+06
1.34955e+06
878420
842044
1.61024e+06
892038
386091
358544
602131
408387
-53178.7
-30908.3
124246
-106070
-163146
-195608
-736887
-74419.5
144512
159826
578102
72632.6
1.18104e+06
1.06044e+06
1.35177e+06
1.37662e+06
879069
839484
1.62681e+06
884942
350778
324998
587146
368142
-43236.8
-16979.8
192932
-100692
-157795
-181689
-710555
-62757.1
152687
175367
631985
93205.9
1.16147e+06
1.04654e+06
1.33925e+06
1.35537e+06
868965
842992
1.64533e+06
880847
345821
335631
588115
378593
-52712
-29531.6
178378
-106333
-142981
-179958
-717013
-53095.2
165334
179583
650595
102097
1.179e+06
1.05846e+06
1.36297e+06
1.36969e+06
879412
843879
1.65508e+06
886566
356478
334365
560602
382816
-58701.9
-41491.6
136583
-113713
-145665
-171335
-729985
-48566.2
174790
201604
682440
109712
1.18542e+06
1.06979e+06
1.38166e+06
1.37194e+06
859017
822821
1.62751e+06
850164
358207
338170
543368
388765
-82479.8
-61911.4
84723.4
-133877
-146252
-173421
-754960
-41984.5
202428
232626
737126
138665
1.17956e+06
1.07041e+06
1.36118e+06
1.3779e+06
823199
806513
1.57382e+06
829932
365396
350801
530689
406335
-76525.2
-41763.8
75620.8
-113872
-111598
-150926
-731409
-7940.1
267172
287805
847000
190677
1.20378e+06
1.0818e+06
1.36918e+06
1.40212e+06
854312
820868
1.6148e+06
848573
420048
382796
574490
457079
-55395.5
-37412.3
68907.6
-100867
-110332
-147696
-730769
-1428.36
282925
309239
924328
201730
1.19153e+06
1.0752e+06
1.34652e+06
1.38447e+06
824365
800477
1.59499e+06
815875
394543
363821
557458
432474
-53402.1
-24176.7
80634.2
-90241.7
-110431
-148563
-741900
2382.24
282299
307232
951518
201470
1.18477e+06
1.07948e+06
1.3536e+06
1.38426e+06
820894
806966
1.61895e+06
824478
405029
376316
553614
452339
-54546.9
-35635.4
65509.2
-92684
-125193
-166329
-757318
-27022.1
258059
279505
907759
171613
1.20641e+06
1.10649e+06
1.42655e+06
1.39446e+06
822722
808344
1.62139e+06
824385
396186
365433
531411
438717
-98973
-77881.4
-2350.42
-149564
-138927
-168580
-769294
-27662
246225
268547
879030
168133
1.24765e+06
1.14112e+06
1.52434e+06
1.43813e+06
820823
785475
1.60737e+06
802475
423831
387790
551876
473028
-134594
-121494
-66292
-181688
-139930
-179238
-761625
-42151.3
205892
231434
828979
108930
1.24556e+06
1.132e+06
1.53262e+06
1.41992e+06
770994
753454
1.56441e+06
747297
432681
394134
566814
473636
-154020
-131679
-77376.6
-205999
-155300
-183421
-761423
-52903.6
198635
234025
842231
94436.2
1.2308e+06
1.12478e+06
1.53598e+06
1.40257e+06
744974
734594
1.57663e+06
706955
450095
417184
609137
496068
-211285
-180328
-140681
-272636
-143477
-176987
-751737
-41590.6
183441
210115
845055
69284.4
1.25231e+06
1.15236e+06
1.5863e+06
1.42594e+06
716447
708725
1.56033e+06
673019
449853
403263
619931
490078
-223339
-191738
-139803
-288921
-168048
-208923
-797587
-58906.2
134905
176989
788511
34764.9
1.25161e+06
1.14849e+06
1.59642e+06
1.43476e+06
708763
706914
1.55853e+06
682306
396372
365325
554947
448888
-270134
-246694
-218060
-340108
-200278
-237479
-860118
-101697
123335
169383
762239
18000.1
1.28403e+06
1.18247e+06
1.63126e+06
1.46631e+06
741065
742520
1.60612e+06
715900
371568
343970
518525
410130
-300361
-265200
-254203
-380098
-222540
-249833
-909924
-120473
148084
194710
787489
51960.3
1.34438e+06
1.23987e+06
1.71543e+06
1.53569e+06
778763
765184
1.64718e+06
739336
377038
345216
513047
416883
-309187
-281397
-272547
-388791
-236674
-270030
-946406
-122120
165763
206967
802029
68170
1.38799e+06
1.27025e+06
1.75234e+06
1.59469e+06
801924
791796
1.70056e+06
771018
363776
334922
509934
403028
-302700
-265976
-245885
-369953
-287931
-318559
-1.0499e+06
-178494
148342
191363
774232
47202.9
1.38673e+06
1.26672e+06
1.71101e+06
1.59451e+06
790446
785927
1.72433e+06
749598
322489
299494
450729
356590
-353360
-308670
-317492
-431947
-295694
-331784
-1.07831e+06
-180881
147593
188282
778246
48265.7
1.41209e+06
1.28802e+06
1.71992e+06
1.63358e+06
812602
805308
1.75383e+06
777996
296795
271111
433631
327005
-345415
-306467
-295537
-422087
-286054
-322106
-1.07695e+06
-171444
149850
178998
779676
50343.2
1.39924e+06
1.27366e+06
1.68754e+06
1.62184e+06
810316
807574
1.76652e+06
775856
269242
254184
387050
308221
-342513
-306307
-287042
-418462
-292577
-326700
-1.09526e+06
-178733
139780
181847
748245
54848.9
1.39999e+06
1.27597e+06
1.67902e+06
1.62234e+06
828282
827723
1.79483e+06
796540
252706
241855
340009
290262
-342862
-297426
-273355
-422851
-311089
-339724
-1.14803e+06
-198978
160985
198455
763414
70183.2
1.39985e+06
1.27263e+06
1.66013e+06
1.61744e+06
822168
810591
1.77877e+06
765348
257491
234733
311397
287868
-330201
-291658
-246783
-414276
-305732
-339572
-1.15748e+06
-179331
187484
232484
811291
106907
1.38322e+06
1.25867e+06
1.62469e+06
1.61254e+06
811781
816228
1.7974e+06
765137
256820
242369
308463
294711
-279882
-232444
-142473
-354401
-306957
-342428
-1.18187e+06
-181780
229260
269683
858974
143374
1.36722e+06
1.23843e+06
1.57681e+06
1.59215e+06
836621
836284
1.85825e+06
782208
271029
246290
319798
303289
-269766
-223509
-113728
-357647
-295099
-335782
-1.15441e+06
-175526
251733
282264
921943
157602
1.35269e+06
1.21976e+06
1.53767e+06
1.57645e+06
837486
837574
1.88899e+06
772373
247195
222430
317115
275987
-234066
-184730
-5909.29
-326601
-266592
-305148
-1.11449e+06
-138550
263358
300363
960781
180950
1.33881e+06
1.22006e+06
1.5141e+06
1.57138e+06
870385
882608
1.97104e+06
828119
243840
230143
304163
277100
-225074
-176202
14502.8
-322994
-251845
-299678
-1.10908e+06
-125424
274073
307794
956196
192303
1.3743e+06
1.2456e+06
1.53358e+06
1.61501e+06
934048
933092
2.02479e+06
905259
243924
224361
285506
274761
-224818
-178413
11928.2
-327722
-256043
-288762
-1.12873e+06
-113195
298428
326304
975319
218670
1.40024e+06
1.26787e+06
1.53732e+06
1.6532e+06
963344
947001
2.01499e+06
925396
262654
234327
277993
297720
-229957
-189722
-9230.57
-328814
-221966
-266260
-1.08115e+06
-86767.7
297126
328778
1.01646e+06
199483
1.4035e+06
1.25964e+06
1.51781e+06
1.65327e+06
991125
978175
2.06035e+06
956704
272443
248016
312269
300462
-204550
-161738
50629.6
-310546
-217496
-261093
-1.07377e+06
-75697.9
282713
317113
1.02447e+06
170678
1.36753e+06
1.22935e+06
1.45069e+06
1.62e+06
1.00946e+06
993702
2.10596e+06
975141
272267
248388
332490
303336
-251572
-203573
9816.06
-367154
-176426
-222037
-1.00419e+06
-39407.1
275550
311823
1.07501e+06
149755
1.3566e+06
1.21568e+06
1.40108e+06
1.60753e+06
1.0245e+06
1.00866e+06
2.13242e+06
981091
264958
236212
347345
283892
-239033
-181991
68081.7
-360412
-89534.6
-132671
-704995
28724.1
187918
194447
541019
156820
1.0075e+06
922944
1.22016e+06
1.17317e+06
854674
832519
1.60242e+06
885933
396185
375456
630749
439570
-27137.3
-7042.78
189828
-70889.6
-109952
-158409
-721985
-13379.9
170082
175609
525870
128348
1.06474e+06
969168
1.2976e+06
1.229e+06
874766
841828
1.61328e+06
893830
375024
354401
592835
400166
-55492.3
-36548.9
134792
-112656
-145882
-176143
-767648
-45709.5
172693
189703
534753
131545
1.11347e+06
1.02066e+06
1.34999e+06
1.29005e+06
872463
838088
1.58804e+06
888799
385995
364349
589230
418530
-72607.1
-54998.1
94458.9
-124085
-150030
-184355
-755132
-48465.1
174876
187635
569579
127067
1.14054e+06
1.03458e+06
1.37081e+06
1.32858e+06
884337
854097
1.60399e+06
912844
392538
372331
609986
426893
-43517.5
-15748.7
158429
-81939.5
-160471
-199850
-766705
-73959.8
153103
170763
550659
92368.7
1.15983e+06
1.05131e+06
1.35984e+06
1.34955e+06
878420
842044
1.61024e+06
892038
386091
358544
602131
408387
-53178.7
-30908.3
124246
-106070
-163146
-195608
-736887
-74419.5
144512
159826
578102
72632.6
1.18104e+06
1.06044e+06
1.35177e+06
1.37662e+06
879069
839484
1.62681e+06
884942
350778
324998
587146
368142
-43236.8
-16979.8
192932
-100692
-157795
-181689
-710555
-62757.1
152687
175367
631985
93205.9
1.16147e+06
1.04654e+06
1.33925e+06
1.35537e+06
868965
842992
1.64533e+06
880847
345821
335631
588115
378593
-52712
-29531.6
178378
-106333
-142981
-179958
-717013
-53095.2
165334
179583
650595
102097
1.179e+06
1.05846e+06
1.36297e+06
1.36969e+06
879412
843879
1.65508e+06
886566
356478
334365
560602
382816
-58701.9
-41491.6
136583
-113713
-145665
-171335
-729985
-48566.2
174790
201604
682440
109712
1.18542e+06
1.06979e+06
1.38166e+06
1.37194e+06
859017
822821
1.62751e+06
850164
358207
338170
543368
388765
-82479.8
-61911.4
84723.4
-133877
-146252
-173421
-754960
-41984.5
202428
232626
737126
138665
1.17956e+06
1.07041e+06
1.36118e+06
1.3779e+06
823199
806513
1.57382e+06
829932
365396
350801
530689
406335
-76525.2
-41763.8
75620.8
-113872
-111598
-150926
-731409
-7940.1
267172
287805
847000
190677
1.20378e+06
1.0818e+06
1.36918e+06
1.40212e+06
854312
820868
1.6148e+06
848573
420048
382796
574490
457079
-55395.5
-37412.3
68907.6
-100867
-110332
-147696
-730769
-1428.36
282925
309239
924328
201730
1.19153e+06
1.0752e+06
1.34652e+06
1.38447e+06
824365
800477
1.59499e+06
815875
394543
363821
557458
432474
-53402.1
-24176.7
80634.2
-90241.7
-110431
-148563
-741900
2382.24
282299
307232
951518
201470
1.18477e+06
1.07948e+06
1.3536e+06
1.38426e+06
820894
806966
1.61895e+06
824478
405029
376316
553614
452339
-54546.9
-35635.4
65509.2
-92684
-125193
-166329
-757318
-27022.1
258059
279505
907759
171613
1.20641e+06
1.10649e+06
1.42655e+06
1.39446e+06
822722
808344
1.62139e+06
824385
396186
365433
531411
438717
-98973
-77881.4
-2350.42
-149564
-138927
-168580
-769294
-27662
246225
268547
879030
168133
1.24765e+06
1.14112e+06
1.52434e+06
1.43813e+06
820823
785475
1.60737e+06
802475
423831
387790
551876
473028
-134594
-121494
-66292
-181688
-139930
-179238
-761625
-42151.3
205892
231434
828979
108930
1.24556e+06
1.132e+06
1.53262e+06
1.41992e+06
770994
753454
1.56441e+06
747297
432681
394134
566814
473636
-154020
-131679
-77376.6
-205999
-155300
-183421
-761423
-52903.6
198635
234025
842231
94436.2
1.2308e+06
1.12478e+06
1.53598e+06
1.40257e+06
744974
734594
1.57663e+06
706955
450095
417184
609137
496068
-211285
-180328
-140681
-272636
-143477
-176987
-751737
-41590.6
183441
210115
845055
69284.4
1.25231e+06
1.15236e+06
1.5863e+06
1.42594e+06
716447
708725
1.56033e+06
673019
449853
403263
619931
490078
-223339
-191738
-139803
-288921
-168048
-208923
-797587
-58906.2
134905
176989
788511
34764.9
1.25161e+06
1.14849e+06
1.59642e+06
1.43476e+06
708763
706914
1.55853e+06
682306
396372
365325
554947
448888
-270134
-246694
-218060
-340108
-200278
-237479
-860118
-101697
123335
169383
762239
18000.1
1.28403e+06
1.18247e+06
1.63126e+06
1.46631e+06
741065
742520
1.60612e+06
715900
371568
343970
518525
410130
-300361
-265200
-254203
-380098
-222540
-249833
-909924
-120473
148084
194710
787489
51960.3
1.34438e+06
1.23987e+06
1.71543e+06
1.53569e+06
778763
765184
1.64718e+06
739336
377038
345216
513047
416883
-309187
-281397
-272547
-388791
-236674
-270030
-946406
-122120
165763
206967
802029
68170
1.38799e+06
1.27025e+06
1.75234e+06
1.59469e+06
801924
791796
1.70056e+06
771018
363776
334922
509934
403028
-302700
-265976
-245885
-369953
-287931
-318559
-1.0499e+06
-178494
148342
191363
774232
47202.9
1.38673e+06
1.26672e+06
1.71101e+06
1.59451e+06
790446
785927
1.72433e+06
749598
322489
299494
450729
356590
-353360
-308670
-317492
-431947
-295694
-331784
-1.07831e+06
-180881
147593
188282
778246
48265.7
1.41209e+06
1.28802e+06
1.71992e+06
1.63358e+06
812602
805308
1.75383e+06
777996
296795
271111
433631
327005
-345415
-306467
-295537
-422087
-286054
-322106
-1.07695e+06
-171444
149850
178998
779676
50343.2
1.39924e+06
1.27366e+06
1.68754e+06
1.62184e+06
810316
807574
1.76652e+06
775856
269242
254184
387050
308221
-342513
-306307
-287042
-418462
-292577
-326700
-1.09526e+06
-178733
139780
181847
748245
54848.9
1.39999e+06
1.27597e+06
1.67902e+06
1.62234e+06
828282
827723
1.79483e+06
796540
252706
241855
340009
290262
-342862
-297426
-273355
-422851
-311089
-339724
-1.14803e+06
-198978
160985
198455
763414
70183.2
1.39985e+06
1.27263e+06
1.66013e+06
1.61744e+06
822168
810591
1.77877e+06
765348
257491
234733
311397
287868
-330201
-291658
-246783
-414276
-305732
-339572
-1.15748e+06
-179331
187484
232484
811291
106907
1.38322e+06
1.25867e+06
1.62469e+06
1.61254e+06
811781
816228
1.7974e+06
765137
256820
242369
308463
294711
-279882
-232444
-142473
-354401
-306957
-342428
-1.18187e+06
-181780
229260
269683
858974
143374
1.36722e+06
1.23843e+06
1.57681e+06
1.59215e+06
836621
836284
1.85825e+06
782208
271029
246290
319798
303289
-269766
-223509
-113728
-357647
-295099
-335782
-1.15441e+06
-175526
251733
282264
921943
157602
1.35269e+06
1.21976e+06
1.53767e+06
1.57645e+06
837486
837574
1.88899e+06
772373
247195
222430
317115
275987
-234066
-184730
-5909.29
-326601
-266592
-305148
-1.11449e+06
-138550
263358
300363
960781
180950
1.33881e+06
1.22006e+06
1.5141e+06
1.57138e+06
870385
882608
1.97104e+06
828119
243840
230143
304163
277100
-225074
-176202
14502.8
-322994
-251845
-299678
-1.10908e+06
-125424
274073
307794
956196
192303
1.3743e+06
1.2456e+06
1.53358e+06
1.61501e+06
934048
933092
2.02479e+06
905259
243924
224361
285506
274761
-224818
-178413
11928.2
-327722
-256043
-288762
-1.12873e+06
-113195
298428
326304
975319
218670
1.40024e+06
1.26787e+06
1.53732e+06
1.6532e+06
963344
947001
2.01499e+06
925396
262654
234327
277993
297720
-229957
-189722
-9230.57
-328814
-221966
-266260
-1.08115e+06
-86767.7
297126
328778
1.01646e+06
199483
1.4035e+06
1.25964e+06
1.51781e+06
1.65327e+06
991125
978175
2.06035e+06
956704
272443
248016
312269
300462
-204550
-161738
50629.6
-310546
-217496
-261093
-1.07377e+06
-75697.9
282713
317113
1.02447e+06
170678
1.36753e+06
1.22935e+06
1.45069e+06
1.62e+06
1.00946e+06
993702
2.10596e+06
975141
272267
248388
332490
303336
-251572
-203573
9816.06
-367154
-176426
-222037
-1.00419e+06
-39407.1
275550
311823
1.07501e+06
149755
1.3566e+06
1.21568e+06
1.40108e+06
1.60753e+06
1.0245e+06
1.00866e+06
2.13242e+06
981091
264958
236212
347345
283892
-239033
-181991
68081.7
-360412
