-3824.74
-3288.75
-1829.99
-3937.88
-8133.14
-1186.53
-6805.9
-2455.07
16522.3
10578.3
8625.29
8500.13
13088.5
10154.1
5441.89
8418.11
1700.59
1187.23
988.535
3882.02
3824.74
2377.29
-1476.44
-3866.46
-16993.2
-10982.8
-7846.06
-10917.7
-23362.8
-15154.7
-9253.91
-11333.5
11618.5
5412.9
9330.98
9944.75
34564.1
20774.8
22413.2
27874.1
-13899.6
-8939.24
-5859.79
-4113.24
-4296.38
-4742.57
-2184.25
-13692.4
-29900
-18639.3
-14465.3
-18734.8
-17138.9
-7830.5
-7449.37
-3223.7
-4092.73
-3266.83
1079.04
1984.85
54079.5
35423.9
34011.8
49834.8
-6565.49
-2718.83
-1417.04
8208.8
3173.5
2146.07
-589.727
-7022.28
-28937.6
-16900.6
-14167.6
-13234.9
17708.1
10641.2
11535
20339.9
1476.44
1358.35
2976.92
9408.76
63991.7
42388.9
37467.5
65879.7
-26694
-13715
-14517.6
-3747.67
-6598.01
-4243.35
-5886.66
-12677.7
-29680.8
-17545.4
-15801
-17331.2
11093.1
12742.8
4889.64
19489.3
3964.04
1996.87
5147.74
11446.6
75961.7
51241.2
43825.8
72390.8
-40107.8
-23326.7
-22205.3
-15369.7
-12967.6
-8665.59
-10844.2
-22276.7
-23213.6
-14702.2
-9924.24
-7550.49
38039.5
25245.1
21727.3
36007.3
4632.26
5047.33
3578.67
14490.7
94678.8
61975.8
53649.6
85392.3
-28274.4
-16422.6
-16543.5
-12673.5
-11419.8
-7481.19
-13401.1
-29813
-27362.9
-18441.3
-10526.7
-4753.88
24270.7
17484.6
13193.9
30729.4
13598.4
8032.03
10501.9
18863.5
96373
61459.6
54053.4
83456.3
-32328.2
-22187.6
-13804.8
-16194.2
-11061.3
-10915.6
-9567.86
-32402.5
-51167.7
-31374.3
-24884.5
-19470.2
1228.95
1995.46
1175.21
7899.09
-2074.65
-441.942
753.069
10060
90506.8
58351.9
50700.3
75636.4
-57668.8
-35311.5
-30250
-30849.7
-20767
-14163.3
-17814.1
-43480.7
-78747.7
-49211.1
-40029.3
-39897.8
2752.06
3920.2
-548.008
5471.59
-18909.4
-12121.9
-7749.18
-1668.06
92392
58893.5
51336.7
74217.2
-56776.4
-35634.6
-27638
-24788.3
6165.97
-154.149
-4032.63
-31532.7
-94330.9
-56977.3
-48578.2
-53127.8
34600.1
21734.3
17959.1
17164.3
-15047.9
-7134
-6433.96
-2281.83
94631.4
61292
52481.5
73820.5
-79682.4
-47249.6
-41471.1
-41099.2
24410.7
10796.8
8775.9
-27903.8
-95899.9
-60717.8
-47975.8
-51314
41297.2
27772.3
19301.9
25549.2
95.4594
-1004.09
4502.15
13712.2
98267.3
60861.4
54620.5
74565.1
-81185.1
-51294.9
-40747
-38878.9
50976.7
25944.5
23661.2
191.626
-106323
-64440.8
-55487.4
-55767.4
59992.4
36485.3
30551.3
32394
7714.53
6767.01
6858.94
21795.2
89236.9
57127.2
48156.1
67658.8
-82342.6
-50007.3
-41114.7
-35571.7
57147
32408.8
24951
689.429
-113151
-69411
-58959.3
-60347.3
36630.3
25564
16937.3
19381.8
22434.4
16247.9
13430.8
28701.5
90838.5
55773
50018.6
59761.8
-93079.3
-56959.6
-47102.5
-42126.6
52315.3
28053
22346.7
-5037.43
-103055
-61883.9
-53408.5
-50015.1
32504.3
20489.8
17423.1
17611.9
24616.5
17572.3
13124.6
28786.3
104263
64302.9
57651.1
70396.7
-117367
-70868.4
-63460
-65132.3
75219.2
44791.7
32030.5
9020.56
-113411
-69983.1
-55764.6
-51145.7
44848.2
30117.8
24270.7
29034.5
4765.9
3273.2
2654.48
9248.25
106075
64184.8
61011.3
73089.4
-133408
-80494.9
-71483.5
-72911.9
98700.8
56652
46575.7
21794.4
-132436
-79504.3
-66128.6
-56711.4
83518.5
50280.9
49504.5
61676.7
-3502.3
-1192.18
-2722.36
-1350.57
100561
63097.3
55880.5
75287.1
-170090
-101905
-92771
-101003
95972.8
56476.6
46667.6
23037.5
-140781
-84597.5
-70958.2
-61606
69917.3
49071.8
38250.2
60524.8
-8398.31
-5032.48
-6112.94
-8335.37
92501.6
57191.5
50981
62055
-191911
-118113
-106009
-123510
109561
64361.6
53035.1
33359.2
-140773
-84819.6
-70530.4
-57190.1
81432.5
52881.7
47055.8
72016
-15055
-7184.91
-12164.4
-18495.1
92365.1
57216.3
49583
62546.4
-200023
-122483
-112008
-132842
105677
63894.2
47446.9
24750.9
-129431
-77107.2
-65302.7
-50816.9
59310.7
40465.6
34986.9
63495.4
7373.71
2843.98
3606.24
-3966.87
88394
55795
47313.2
57982
-208519
-130209
-112460
-140818
119449
67992.6
59488.9
30337.7
-132152
-78331.2
-68153.1
-53880.8
29882.3
20367.5
19707.1
39154.6
334.462
-1771.3
-375.474
-8534.78
84632.9
52238.9
46843
57175.2
-225815
-139380
-123616
-150488
122716
70545.2
59170
29306.7
-146715
-88934.9
-75251.7
-67847.6
22616.1
16679.2
13968.2
31665.7
-17705.2
-13117.5
-10939.6
-20246.6
73140.3
47216.3
40708.8
53635.5
-223104
-138077
-119170
-140074
131619
74408.8
65528.3
36230.7
-151755
-89519
-81438.9
-75630
57127.9
34367.5
33467.4
46224.3
-25419.1
-17666.4
-15815.9
-30269.8
69893.3
45889.8
35605.7
51574.2
-232101
-141506
-127560
-148601
130518
74929.3
63634.7
32297.8
-151938
-93792.1
-80168.2
-85806
40792.3
27726.4
22874.2
37882.5
-31056.1
-23923.5
-16020.2
-32888.2
54043.5
34458.7
28217.1
35747.8
-237274
-147795
-128392
-152614
127075
70067.2
63730.1
28697.9
-133428
-80461
-70119.5
-71075.5
57081.2
35141.1
34367.5
49451.5
-32517
-22037.7
-18483.1
-32391.1
48136.3
30335.6
25701.2
33497.8
-224026
-137541
-119895
-137701
133769
75861.2
66313.9
35527.9
-125044
-77267
-62149
-57552.8
45642.3
29074.8
26657.9
44845.4
-23649.9
-14512.7
-14600.3
-22924.4
54153.8
33369.1
28657.6
34772
-217218
-135593
-113825
-128653
132904
74394
66915.6
35802.2
-144735
-87495.3
-73848.1
-68021.6
30000.4
19159.1
18581.4
30187.8
-42498.5
-27850.8
-23191.7
-32362.2
56509.1
34907
30189.9
35090.9
-233377
-143021
-125412
-139310
129784
74800.6
61973
30944.4
-168930
-102366
-86233.8
-80331.6
24009.1
17044.1
12014.5
22444.3
-82380.8
-50114.8
-46927.1
-61632.8
62824.3
39021.7
33262.3
37908.7
-241200
-147848
-130217
-145273
139084
80349.3
65568.6
32271.6
-197644
-119483
-100775
-96838.3
39941.6
24424.2
22083.7
26391.3
-90813
-55039.8
-52688.6
-70833
64837.4
39128.5
36010.1
42111.7
-259000
-158142
-141870
-162311
128780
73144.5
62594.5
23113.9
-204413
-123463
-103303
-97064.5
47686.6
31943.5
24090.4
30851.1
-95578.2
-58357.5
-53912.6
-72846.1
73495.3
45752.6
40361.7
46225
-258436
-159856
-140117
-166456
143884
82346.1
71229
34537.9
-213495
-129553
-107140
-93780
73594.3
41611.8
42395.3
46182.6
-97812
-60519.9
-55452.7
-73498.8
80768.6
49108.6
46127.4
59363
-254329
-158452
-136481
-160699
150738
84293.5
77148.2
43297.6
-211884
-126313
-110462
-94351.4
60017.1
36332.6
35158.1
44467.1
-93196
-58257.8
-54455
-76020.3
84777.2
54844.6
45481.8
61053
-245766
-152376
-132368
-156944
156574
91390
77988.9
48516
-215567
-126794
-112467
-94741.7
33633.5
21903.3
20224
31976.8
-123580
-78210.3
-70601.1
-97687.5
80825.8
52110.2
44998.9
63743.6
-257740
-155958
-141739
-159928
167511
101860
80053
59682.6
-211916
-126415
-109826
-93304.2
25158.9
15424.8
14683.8
26500.2
-180748
-115836
-102832
-140535
82554
52989.9
46423.7
65681.7
-243896
-152402
-131425
-151218
191279
111492
95018.9
71645.5
-228385
-136859
-117822
-105317
34777.6
17862.9
22068.1
24582.6
-233598
-148665
-132498
-189011
78496.6
47655.5
45304.3
62380.3
-258614
-160819
-141221
-168283
186032
108368
92087.2
59095
-249200
-148883
-131253
-122654
8773.07
6448.11
5128.65
13097
-288524
-183952
-162848
-225492
40682.7
27249.8
22649.3
35736.5
-279326
-174422
-153007
-184010
175995
102015
86665.1
57002
-223214
-134400
-118196
-112596
33684.4
17987.4
21225.2
23430.7
-311986
-194721
-184613
-263768
44630.5
29623.5
23613.8
33798.3
-258563
-159775
-142694
-176911
193526
115183
91736.5
52935.4
-3213.09
-1465.83
-5552.2
-9622.31
9326.03
6970.66
2276.88
3188.34
12237.9
6784.69
5831.51
2429.62
34762.1
21650.9
16468.5
17242.8
16134.1
8600.54
10253
13104.1
19209.3
12833.3
7206.13
5429.87
-16958.5
-10383.9
-13956.9
-25584.5
-6528.01
-4625.19
-4745.39
-12074.6
17887
8003.74
8326.89
-718.42
67725.3
40732.9
36005.2
36226.5
35950
19644.1
23294.9
27842.3
43786.2
26544.8
19818.8
15222.6
-17669.9
-12917.4
-13198.1
-29390.9
-25163.1
-16996.7
-13466.1
-23222.8
22715.8
11049.3
11082.5
-993.485
99071.3
58754.9
55084.3
59107.8
45956.3
26254.2
30576.7
42673.2
52617.9
30738.6
26213.9
19724
-27879.8
-16484.1
-18976.6
-37084.9
-49047.8
-29595.2
-28139.3
-36912.4
17540.5
9775.04
6441.04
-6432.55
120637
74601.2
65806.9
76277.7
54433.1
33503.4
32584.2
50299.3
38126.5
23245.4
16139.7
6769.84
-15585.3
-11907
-12426.7
-33173.2
-49340.5
-31990.2
-27758.9
-43085.4
22430.1
11735.1
7721.61
-8656.4
161755
97360.1
89694.4
98473.8
60804.1
37124.5
36191.8
49250
19487.9
9327.45
7345.43
-11157.4
8832.47
1148.34
1351.99
-22737.7
-34420.5
-22761.8
-16911.9
-27476.8
40976.8
20883
19774.9
-4256.78
208129
128098
116330
138945
80646.2
50929.4
49061.9
71472.2
37000.8
19326.6
16480.5
-5154.81
-2667.21
-3297.24
-7631.8
-33786.3
-36263.3
-23079.3
-19597.5
-24171
26575.2
15110.2
11679.3
-2189.2
197091
126436
107421
141655
55235.6
35870.1
35426.8
61065.7
28787.7
15653.9
9770.09
-13186.1
-561.443
-1664.53
-6668.72
-31768.9
-23918.6
-13746.9
-13165.6
-12696.1
7042.78
4191.02
1189.35
-9608.87
191198
122139
107185
145459
24160.4
16653.1
19926.3
48878.8
37608.2
20304.6
16049.9
-6348.4
8146.58
3565.94
-1794.64
-26372.3
-15297.5
-9374.11
-6605.08
-5262.29
770.039
41.7193
-290.621
-8598.42
187635
118781
108076
151044
671.044
3943.53
5852.02
33855.6
53911.2
29377.5
26472
10386.7
16706.8
8487.4
1034.5
-26495.3
7127.64
3519.27
3525.63
7080.97
3935.05
895.197
485.782
-5396.64
196521
124924
111925
162780
1374.62
4501.44
5517.55
38213.5
44750.7
22307.1
23409.5
8931.47
28065.1
14474.5
8409.62
-21622.6
8276.68
5279.26
3519.27
4710.75
-4601.14
-2199.1
-4543.87
-9903.03
209046
132160
121290
171922
-16087.4
-6689.23
-3794.33
23579.9
27560.9
11793.1
15101
-1669.48
6504.68
1530.18
-5536.65
-38217.7
1059.25
1090.36
-869.741
-494.975
-33505.5
-19564.9
-21793.7
-27964.7
186054
121589
109279
174861
-47545.9
-23639.3
-22988.7
5364.11
11974.9
5743.12
3693.93
-8422.35
-15374.6
-14757.3
-17347.5
-67195.7
-24007.7
-14898.7
-13699.5
-21653.7
-59497.4
-40824.8
-32954
-55972.5
171547
110593
100145
157063
-69328.3
-39478.5
-31749.1
-7584.43
-11503.2
-8101.32
-9140.06
-24392.4
-1584.63
-6966.42
-10538
-60290.8
-29418.5
-17665.6
-17918.1
-26263.4
-68510.9
-47173.9
-39268.5
-66763.6
165333
105497
96571.7
147792
-70384.7
-40814.2
-31096.4
-8185.47
-24694.3
-17913.1
-16538.5
-38772.1
18592.7
6065.56
-812.466
-52992
-30071.1
-18016.4
-18851.5
-30950.8
-59971.1
-41278.1
-35490.4
-65153.5
164617
104469
95982.7
143643
-76827.9
-43209.9
-36649.3
-11886.5
-34638.3
-24326.6
-22671.3
-46324.7
37688.8
17181.3
10773.5
-43786.2
-22091.4
-13306.3
-13116.1
-25845.5
-54838.3
-38043.8
-30960
-60371.4
164914
102829
99243.9
145235
-75446.9
-43618.6
-34942.4
-14163.3
-69339.6
-47731.1
-39019.6
-71244.5
42509.8
19752.3
10162.5
-43103.8
-8030.61
-4724.89
-8193.25
-15750.1
-42517.6
-28981.5
-28564.3
-52980.7
164115
103615
96589.4
146691
-86225.3
-49420.4
-41481.7
-18508.5
-106603
-69355.2
-62229.6
-94636.3
58874.4
28045.3
17681.9
-50227.9
6585.29
3985.25
-699.329
-15469.4
-26868.6
-21225.2
-19492.1
-54249.2
179701
113735
103590
151976
-91064
-50981.7
-46563
-23149.3
-121890
-80108.8
-71415.7
-116612
73400.5
37066.5
23932.7
-45819.8
35355.3
21651.6
14400.2
2531.44
-5676.65
-6440.33
-7110.67
-35940.8
208756
134029
117794
170862
-100344
-58663.7
-48521.7
-32012.1
-103630
-64120.4
-64995.1
-110546
94288.4
47742.4
36662.8
-33869
49123.4
27445.6
25340.6
14053.7
6167.39
-1102.38
828.729
-24929
244285
153796
139434
194051
-83350.2
-49555.5
-36751.9
-15810.2
-43919.8
-29769.2
-31558.2
-72506
118203
63271.9
48040.8
-17104.9
55482.4
32306.3
28973.7
24492.1
15367.6
5779.89
5674.53
-13416.6
272857
170329
156694
218859
-72894.9
-41868.5
-30547.7
-783.474
-1402.9
-3348.15
-7856.66
-39044.3
123461
67098.1
49661.5
-20330
48059.2
29317.4
20472.9
16144
8333.25
2008.89
-224.153
-20313.1
281494
177123
159052
223286
-71818
-38930.5
-34478.5
-845.7
1931.82
-895.197
-7870.1
-41416.7
130752
66829.4
54573.1
-24693.6
53377.4
27028.4
26095.8
8541.85
5137.84
-2492.55
-1786.86
-28027.6
310155
190771
176780
234622
-65903.1
-38487.1
-28823.1
-2129.1
2215.37
-5480.78
-3075.91
-40517.2
132370
69128.2
53240.2
-33385.3
34189.3
18501.4
15337.9
-3374.31
-11586.7
-11556.2
-11597.3
-45479
318277
200232
180751
247165
-94411.5
-53443.8
-43380.3
-14663.3
-8370.02
-8357.3
-12844.6
-52808.9
90376.7
46454.8
27440.7
-68712.4
22687.5
14417.2
2942.27
-22227.9
-27404.6
-18765.9
-21226.6
-59259.1
319906
200159
180652
241889
-102966
-58643.9
-51212.2
-27840.9
-15067.7
-10629.2
-19192.3
-63757.7
84429.3
40138.2
24411.4
-78797.2
60184
32567.9
25433.9
-4784.28
-3522.81
-6827.82
-6233.85
-40921.7
340782
210908
192812
253342
-60299.9
-33945.4
-27280.9
-1342.09
12818.4
3556.75
-2551.24
-47749.5
82112.1
37958.2
22689.6
-82632.5
61810.3
32787.1
25663
-8657.82
11265.6
1550.69
3638.77
-25601.5
347252
214235
195979
255651
-40133.3
-21742.1
-15873.8
9450.48
26002.4
11306.6
4223.55
-40160.8
42898
14540.2
1429.77
-109882
37823.8
19154.1
8020.71
-34187.9
-7422.5
-7697.56
-6909.85
-31761.1
323907
199946
183283
239716
-15506.1
-4498.61
-7674.94
18221.4
18312.7
7317.85
-859.135
-47235.4
23411.6
-730.441
-7676.35
-123889
27930.7
7385.02
5420.68
-50484.6
-3384.21
-7385.02
-3020.05
-26071
317606
193749
180419
232961
5498.46
5280.67
6173.75
27954.1
12012.3
-363.453
-740.341
-49993.9
-13174.8
-22260.4
-29282.7
-151372
2650.94
-6613.57
-6793.17
-66663.9
-24832.9
-18743.3
-12448.6
-32471.8
299052
184057
170534
222536
6409.22
7001.77
7435.93
29093.9
-7406.94
-9968.08
-12319.9
-62019.6
-20707.6
-30082.4
-31340.4
-159694
-1040.15
-9116.73
-7256.33
-62474.3
-25086
-17206
-14164.8
-25560.5
279229
174723
157611
215206
4594.78
4345.17
10820.1
34867.4
11952.2
1952.32
-2649.53
-50078.7
-41346.7
-39605.1
-43894.4
-171287
-36300.7
-26999.5
-26964.8
-76366.8
-37121
-23427.2
-21625.4
-33452.5
253238
160395
143655
200786
-2764.79
3168.55
5336.53
38869.7
16824.9
6092.43
-959.544
-45898.3
-44867.3
-42104
-46440.7
-174548
-62709.8
-42992.1
-41518.5
-91927.4
-44989
-27778.7
-27623.8
-40862.3
241504
154053
134910
191709
-4987.93
2435.28
4697.31
40834
20880.2
7951.42
871.156
-48347.7
-31602.7
-36840.3
-36773.1
-169141
-56405.9
-40815.6
-33850.6
-80133.6
-37663.3
-26694.7
-20528
-39062
253082
157592
145173
199961
6237.39
10337.9
12007.4
54781.7
40425.3
17815.6
14004.2
-35761.2
-34062.7
-35401.3
-41032.7
-165639
-58997.5
-40623.3
-37254.6
-72996.8
-46502.9
-29881.6
-26829
-37419.4
244076
153584
138705
196663
4731.25
9620.89
10737.4
60818.3
32563
12756.2
9089.15
-38491.4
-35090.9
-38841.4
-43206.3
-178538
-48648.2
-34619.2
-32713.6
-69931.4
-47351.4
-31788
-29149.1
-47842.8
241942
152736
135363
190722
4060.21
8873.48
9185.32
54970.5
52552.9
26394.9
15165.3
-37621.6
-15495.5
-10033.1
-4535.38
-557.907
-9832.32
-5931.92
-560.736
-1490.58
-16550.5
-8883.38
-8721.46
-4571.45
13773.7
9109.66
7934.45
8436.49
-1428.36
-586.192
1738.78
3303.6
2791.66
-1658.17
5200.77
5626.45
-34359.7
-19993.4
-13810.5
-4104.05
3124
1538.66
6516.7
14627.9
-31722.9
-17379.3
-14375.5
-7194.81
17560.3
9876.87
12709.5
18662.7
-2938.03
-2690.54
1843.43
10320.9
-33468.8
-22033.4
-13495.8
-10889.4
-47674.6
-26727.9
-22768.1
-7769.69
18753.9
13578.6
11767
27599.1
-39595.9
-21529.3
-20436.8
-9864.14
44585.9
30549.1
24387.4
38998.4
-17582.9
-9864.14
-9493.62
-5646.95
-43907.8
-27279.5
-17614.7
-9101.17
-58103.7
-33191.6
-27341
-9207.24
51227.8
28509.1
32026.3
45082.3
-32478.1
-18760.3
-13000.2
713.471
58377.3
34294.7
36348.8
48571.2
-19531
-14527.5
-11173
-12091.5
-65446.3
-40517.9
-30031.5
-17919.5
-72588.8
-41731.3
-34808
-18729.8
49746.4
28881.8
33939.7
46529.7
-34785.4
-18123.9
-14867.6
3213.09
58642.5
37134.4
36044.1
54481.2
-19232.6
-14790.6
-10610.1
-22344.6
-77847.5
-49239.4
-37055.2
-28985
-88659.2
-53293.9
-42909.4
-25738.7
85365.5
52322.4
47584
65391.8
-40446.5
-22493.8
-16682.1
6600.84
63112.8
38508.3
40479.7
65282.2
562.15
-5000.66
-897.319
-14402.4
-107267
-68556.8
-51770.1
-45374.3
-104411
-65174
-49399.9
-42174
77986.1
49619.8
47374.7
66973.6
-60312
-34969.3
-29344.2
-12312.1
39086
27043.3
23594.7
49558.3
-15627.1
-11676.5
-10110.9
-24930.5
-122607
-75055.1
-63553.3
-65406.7
-65204.4
-39702.6
-28394.6
-11519.5
81726.7
53277
48657.4
75263.7
-40977.5
-22861.5
-17109.9
541.644
25982.6
17400.5
18589.1
42983.6
-12082.3
-8534.78
-8903.18
-21566.8
-97359.4
-58259.9
-46734.8
-38473.7
-31110.6
-16748.5
-12628.9
13888.3
78121.2
50515
45400.5
71627.1
-17077.3
-9729.08
-4340.93
18534.7
29025.3
20943.8
16227.4
39642.5
-16685.6
-11087.4
-13311.3
-29053.6
-70209.3
-42434.2
-31374.3
-10910
-29328
-14118.8
-12984.6
14595.4
67322.2
42883.9
38425.6
60862.8
-13278.8
-6564.78
-1912.02
21629
-205.768
676.701
2550.53
17678.4
-27524.8
-16418.3
-21885.7
-39033
-107182
-62856.1
-51711.4
-31126.8
-13468.3
-5565.64
-3300.07
22681.2
64886.9
41074.4
37278
55168.5
-851.357
1563.41
4278.7
30663
-26818.4
-14538.8
-12833.3
3691.8
-22858.6
-14425
-20111.5
-41795.7
-125289
-73117.7
-62356.9
-39393.6
-24145.6
-12778.1
-6194.96
18119.6
61833.7
40316.4
34280.5
47472.3
-14029
-5890.2
-1158.95
25697
-63763.4
-37204.4
-32029.1
-20764.2
-28753.8
-21322.8
-19651.2
-50702.4
-148303
-87339.7
-72536.4
-53165.9
-17901.8
-7691.91
-1354.11
29946.7
65676.8
41297.9
39701.9
52627.1
-32518.4
-13988
-14655.5
15921.2
-86563.3
-49334.1
-47324.5
-40612
-39119.3
-28585.5
-23753.8
-55432.9
-129308
-72472.1
-66567.7
-38604.5
6036.57
10083.3
12551.9
55718.6
70563.6
46229.2
41226.4
60252.6
-38492.8
-14602.5
-17982.4
13588.5
-96253.5
-55858.6
-50198.9
-43122.2
-31063.9
-22794.3
-19510.5
-47355.6
-127665
-69304.9
-64813.4
-33671
43515.4
32506.4
32844.4
91557.6
73346.8
44055.6
45774.6
63684.9
-24736
-11605
-7585.13
26107.8
-80444
-46879.8
-42967.3
-35757
-23389
-18302.8
-17150.2
-44226
-102225
-60685.3
-44231.7
-9598.27
26647.3
23355.7
24412.9
84845
71240.3
42286.4
43192.9
61325.2
-43342.1
-20973.5
-18020.6
16256.4
-108641
-66770.7
-55533.3
-54053.4
-46014.3
-32425.8
-31390.6
-62326.5
-150733
-87389.2
-72600.8
-37055.2
14852.1
15538.7
20120
80601
69476.8
41012.2
44744.3
60850.8
-59377.2
-31343.9
-25828.5
7625.44
-131408
-80380.4
-67115
-62050
-54963.4
-40341.1
-34950.2
-75939.7
-174132
-103204
-84604.6
-52348.5
9659.08
13937.1
14924.9
79036.2
84557.2
54096.5
45281
64382.1
-74169.1
-38377.5
-35128.4
-939.038
-156276
-92589.3
-83301.4
-77264.9
-61350.7
-42685.9
-44105.1
-90845.5
-195863
-111296
-101311
-66742.4
11766.3
13688.2
18694.5
82728.7
108330
67896.4
60062.4
80322.4
-77102.2
-42646.3
-36454.2
-5719.08
-164955
-98665.4
-90431.9
-90697.8
-38683
-28728.3
-31252.7
-82525
-170821
-99212
-87520
-59889.1
20331.4
18486.6
24680.9
87517.2
120138
72898.5
66296.2
81436.8
-70481.6
-39120.7
-30162.3
-2339.82
-190067
-115942
-101861
-108777
-28309
-23279.4
-24439.7
-76591.7
-176536
-101683
-87264
-58325.7
38298.3
31925.9
33528.9
107931
119261
75569.2
62446
78549.7
-64926.5
-35134
-26657.9
7159.46
-190546
-113474
-105007
-114237
-24721.2
-19228.4
-22949.9
-75521.8
-155017
-87409.7
-74449.9
-35381.5
45272.5
36537.6
37041.1
112897
130009
78293.7
69229.3
75041.7
-50418.8
-25706.2
-17834.6
19719.1
-202827
-124541
-108844
-124688
-19603.1
-15868.2
-21992.4
-72211.9
-164016
-92453.5
-77755.6
-32620.3
46734.8
38185.2
36179.1
115058
143111
86674.3
74997.9
81363.9
-27728.5
-9943.34
-6771.25
40516.5
-217903
-132561
-118369
-129369
-3948.48
-5989.19
-16359.6
-67337.8
-177311
-100203
-87218.8
-39948
32027
27247.7
32937.7
103979
144091
87070.3
73271.8
72133.4
-29765.7
-14648.4
-550.836
48697
-243778
-150004
-129382
-144528
9966.67
-721.956
-5187.34
-66797.5
-189042
-108065
-92153.7
-48366.1
37103.3
32274.5
35021.6
121660
130610
80609.5
67720.3
64948.5
-46429.3
-20457.3
-14774.3
46901.7
-255559
-154830
-141986
-160170
11650.3
-520.431
-289.207
-53192.8
-152821
-87887.7
-73259.1
-28594
12835.4
18906.6
23832.3
113889
111916
67767
60505
59846
-61530.3
-29337.9
-19461
43810.9
-273247
-170032
-146157
-172486
-4283.65
-10685.1
-7096.52
-55785.1
-138975
-80669.6
-61557.9
-16286.1
-4715.7
7698.98
14375.5
105934
96035.7
58706.8
50322
48313.1
-77267
-41331.1
-25472.8
40728.6
-268920
-165098
-146177
-171102
-30844.7
-26821.3
-21061.2
-70804.7
-118703
-68124.1
-47549.4
7617.66
-18578.5
-231.224
8433.66
105283
111211
64194
62100.9
60934.9
-88506.4
-48455.2
-28000
44769.8
-277709
-175365
-145838
-176292
-38791.9
-32738.3
-25738
-72576
-112782
-64908.2
-42806.8
20732.4
-35472
-9338.76
-2735.8
93128.8
96583
59406.9
52597.4
56963.8
-107905
-58170.8
-39637.6
41083.6
-299603
-184436
-162091
-184411
-51616
-39070.5
-32890.4
-80661.1
-104588
-57714.8
-41545.4
26590
-51500
-18735.5
-11042.9
84866.2
108571
67407.1
56250.3
60428.6
-132769
-69400.4
-53989
30228.8
-311007
-191362
-167787
-194706
-34437.5
-28770.8
-25936.7
-75975.1
-93099.1
-49190.6
-36451.4
30574.6
-70080.6
-33878.9
-16293.9
78297.2
91677.8
57006.9
50952.7
58410.6
-148029
-78330.5
-62543.6
27393.3
-306918
-185121
-170548
-192450
-36508.6
-26660.8
-25713.9
-63600
-76551.4
-39179.4
-25632.6
45979.6
-87233.6
-44148.2
-23481.6
73604.2
91818.5
55290.8
54718
65106.1
-152442
-82415.4
-60690.3
27416.7
-304239
-189085
-163255
-192499
-41527
-32529
-27209.5
-69852.3
-72016
-37838
-19031.1
53702.6
-93721.3
-45464.8
-29847.7
72557.6
93487.3
57810.9
52642
67707.6
-158298
-87154.4
-62732.4
31479
-278338
-169923
-152589
-174928
-58330.7
-41650.7
-37113.2
-83770.9
-56791.3
-27380.6
-10253
76912.7
-85722.6
-39470
-25385.8
82740
108289
65310.5
63073.9
80302.6
-151097
-81637.6
-56376.9
44758.4
-268332
-167977
-142418
-169279
-36912.4
-27194.6
-27256.8
-67728.1
-66767.9
-32511.4
-14881.1
74800.6
-83503.7
-36213.8
-26294.5
83415.3
111035
70620.9
62873.1
87268.3
-145365
-74830.3
-54969.1
59081.6
-271568
-164841
-148727
-165298
-20639.7
-15670.2
-20484.9
-58269.1
-75595.4
-35993.1
-22661.4
70051.7
-81815.8
-38755.1
-19232.6
88749.7
131342
82595.7
74343.8
99783.4
-154869
-80304
-55512.8
63631.8
-272217
-167234
-145890
-164861
-1052.17
-5866.16
-6530.13
-48862.5
-84810.4
-42500.7
-23356.4
67730.2
-43550
-27541.1
-23461.8
-25920.4
-17741.3
-8592.05
-12187
-9371.29
6031.62
818.83
3670.59
-963.079
-29468.7
-17649.4
-15858.3
-12301.5
-10074.9
-3575.13
-8256.89
-7326.33
-50800.7
-26981.8
-28102.5
-18880.5
-73032.1
-44759.9
-38067.1
-42025.5
-16447.3
-8244.87
-12433.1
-15141.3
22386.3
13408.2
9410.18
5514.73
-53566.9
-31103.5
-29950.9
-33652.6
38571.3
26924.5
18233.5
27939.9
-66171.8
-38137.1
-34985.5
-31259.8
-87133.2
-54382.2
-45824.8
-52582.6
-25622
-16184.3
-15858.3
-27267.5
40955.6
23067.2
20282.7
9438.46
-64497.3
-39108.7
-36534.1
-46293.6
77740.7
45972.5
43977.8
49429.6
-70756.6
-41669.8
-37437.1
-37745.4
-79574.3
-52459.5
-39870.2
-49808.6
1553.51
-2375.88
-3040.56
-19685.1
60712.2
36051.1
32274.5
25335.6
-45187
-31320.6
-26580.1
-43706.3
128751
79739
71483.5
87283.1
-57439
-34717.5
-31528.5
-30204.1
-78621.8
-52555.7
-40050.5
-50410.3
2720.95
-3922.32
-2852.47
-26600.7
75847.8
45657.9
38767.1
32740.5
-34255.8
-25598
-21216.7
-44754.2
171612
105312
94253.8
116699
-61247.5
-38904.3
-34549.9
-40163
-98500
-64486.7
-53049.3
-69559.5
-36143.1
-23758.1
-30735.8
-63221.7
82608.5
50727.1
42075
41214.4
-43361.9
-31886.3
-26865.1
-51259.6
182984
114836
95814.4
116917
-107606
-66236.1
-61849.9
-71238.2
-87521.4
-57998.3
-48120
-71408.6
-45519.3
-30981.2
-37280.1
-83671.2
110927
62516
59336.2
51786.4
-26051.9
-19217
-20764.2
-50463.4
196094
119937
107477
122076
-132630
-82838.3
-77165.1
-101940
-81594.5
-50053.3
-47720.5
-67190
-49109.3
-33526.8
-39712.5
-93280.8
123334
72453
63431
58807.9
-18905.2
-12767.5
-19936.9
-53600.8
212370
134458
112243
138873
-139396
-89038.2
-77170.8
-107762
-67115
-41395.4
-38216.3
-53830.6
-64468.3
-43679.4
-47433.4
-106236
117857
70241.2
60330.4
52929.8
-16797.3
-12945.7
-18387.6
-59788.7
210964
130592
115430
135847
-149308
-94659.7
-83314.1
-117480
-44673.6
-29385.2
-26934.4
-41254
-41365
-30678.5
-38943.2
-101816
131574
77815.7
68216.7
59739.2
12207.5
1713.32
-5429.87
-54455
228940
139007
127569
150183
-115376
-74253.3
-69717.2
-103411
-24763.6
-16525.1
-14702.2
-32757.4
-50044.1
-36587.8
-43912
-117085
118495
74183.3
58452.3
52173.9
49831.2
26430.9
13918
-39249.4
236874
148370
125972
150477
-92324.8
-60313.4
-55483.1
-92387.7
13739.8
4838.02
9424.32
-541.644
-70791.3
-52955.9
-52246
-128093
111991
65249.7
60380.6
57436.2
88109
45184.8
40032.1
-7669.99
241123
147442
131058
154020
-102498
-70000
-57510.4
-93807.6
17582.2
9430.68
10229.7
10712
-103902
-70826.6
-72119.2
-157718
117581
67265.7
62014
53033.7
86137.6
46031.9
40004.6
1614.32
242137
148473
131400
151237
-134792
-83968.2
-77185.7
-107700
10921.3
7567.46
4683.88
3833.93
-97962.6
-67373.1
-68374.4
-158475
137174
82441.6
68887
60681.8
78250.6
43668.8
34235.3
-8724.28
268261
165991
143526
167504
-127779
-81611.4
-71530.2
-107646
27058.9
15970
15571.2
18990.1
-98347.9
-68384.3
-65342.3
-148544
157021
93800.5
80781.3
72520.9
89052.3
48723.2
41939.9
4013.54
280136
170836
152919
175271
-121064
-77636.8
-67883.7
-99971.5
24401.5
13737.7
13188.2
13976
-78922.3
-56265.2
-60159.9
-142589
160204
97978.8
81948
75719.1
103581
57110.9
46052.5
5394.52
296258
180505
161193
183451
-103464
-65767.3
-63788.8
-95867.4
34677.9
16972
22136
19892.3
-91550.5
-68846.7
-61126.6
-150230
160593
97943.5
83000.9
77812.2
123730
65879.7
63057.7
20861.1
298987
182739
160677
185371
-106885
-72126.3
-60203.1
-99827.2
45634.6
28119.5
23000.1
22853.7
-122298
-80400.9
-84957.5
-170746
160946
99627.8
82939.4
83945.6
135321
77129.1
66152.7
35266.2
277846
172443
144696
161151
-139420
-88905.9
-81358.3
-117087
67288.3
38707
34589.5
31871.4
-94267.2
-68409.8
-70793.4
-170730
191202
110947
101019
93694.5
139825
78610.5
66794
30672.9
308679
186053
164735
169877
-147161
-93496.5
-89560
-136047
51210.8
32500.7
24212.8
21409.1
-87051.9
-63928.1
-69819
-178146
182420
109792
92320.6
85091.8
125519
74181.2
56367.7
17215.9
310968
190725
163226
172430
-156043
-99239.6
-95948.7
-152502
62535.8
39895.7
29144.1
26732.2
-95646.8
-71130
-73741.3
-189865
173298
104869
87076
76674.4
135638
77944.4
63055.5
24479.3
298290
181475
157596
160480
-172975
-111381
-106289
-175119
61697.2
38149.8
32094.9
29064.2
-88153.6
-66997.7
-72379.5
-195696
147965
90239.6
74717.1
63082.4
129490
75461.7
59125.4
20400.7
289330
175092
154160
155636
-179797
-115121
-112044
-187523
89357.1
54968.4
46766.6
47094
-88596.9
-67541.4
-73675.6
-206824
144954
90228.2
72575.3
61154.8
140461
80610.9
67009
24722.6
298357
183431
155530
155485
-173828
-113524
-108610
-193618
126998
78727.1
67129.2
69483.1
-58265.6
-49588.7
-59008.8
-191691
163116
100440
84609.6
81260
181031
105732
90014
55734.9
321013
194931
170795
173845
-164443
-107242
-105483
-188575
140664
85732.5
72803
73203.9
-43422.7
-42784.9
-46219.3
-185391
195316
113030
104985
96564.6
183431
108261
89334.5
58992.5
348186
212123
184952
188460
-161071
-105710
-101922
-188764
123566
76801.7
63071.8
64998.7
-59889.8
-52536.6
-57231.1
-193213
181768
108853
93385.5
91088.8
157065
92875.6
73649.4
36744.1
355229
218804
184867
201107
-163806
-110719
-100300
-188028
119070
73464.2
61840.7
63566.1
-102191
-79971.7
-76482.8
-214195
161659
96300.9
83160.7
75141.4
142141
82099.3
65555.2
24941.1
326202
198156
171908
177422
-178410
-119586
-107711
-196967
120924
72056.3
64725
63916.8
-138019
-104084
-94769.3
-237765
141290
80957.4
77708.2
65093.4
127329
69287.3
56919.3
4037.58
304488
180514
165451
163948
-175433
-118542
-107074
-198539
119386
71188.7
63672.8
64829
-195891
-136323
-129681
-273542
129917
79573.6
66051.6
63750.6
112441
60162.1
46899.6
-14733.3
271445
167624
137957
141881
-181800
-122040
-110684
-197189
141962
86146.1
74445.6
71767.8
-219606
-149859
-142804
-293057
141066
84062.3
76319.4
70445.5
113332
59005.9
48462.3
-22925.8
268751
162044
140736
132492
-204150
-133712
-125316
-218046
181656
107682
96995.3
97897.5
-215680
-148019
-140490
-292137
184488
106277
100585
96071.8
131519
70031.1
58415.5
-8030.61
291604
175616
153695
146270
-218371
-142520
-132726
-226418
174766
106760
89970.9
93852.2
-220578
-150236
-143907
-292102
198558
119353
102461
105458
118930
65292.8
48327.2
-17829
314520
193246
162435
168720
-227747
-147826
-138749
-232583
170219
100969
90059.2
85969.3
-242338
-166435
-152222
-305733
194912
115473
101907
96111.4
102559
52048
40863.7
-36548.2
322548
194451
170883
169955
-235842
-154797
-142058
-243682
166404
97143
88897.5
80811.7
-249477
-171374
-156624
-310820
183253
107668
98222.1
90633.4
98134.4
46401.8
38912.8
-47311.1
322699
193238
173728
174501
-237261
-157514
-143473
-248709
181106
107429
96163
90420.6
-263166
-178388
-166201
-322702
169055
103663
85613.7
78683.3
110316
55370.7
44276.9
-42391.1
333019
204296
173685
181152
-235464
-155537
-143776
-251137
212113
127536
110999
108030
-273810
-184742
-173103
-332670
174471
103864
91684.2
81933.9
126713
64801.4
53460.8
-31172.1
346051
210914
181901
185325
-247818
-163416
-150872
-261361
14666.1
11203.4
5922.02
4147.18
-7588.67
-4956.82
-3798.58
-4017.07
9879.7
6724.59
3970.4
1145.51
-14291.3
-7018.74
-8417.4
-7645.95
-11694.1
-7464.93
-4902.37
-6699.84
3779.49
3495.94
-1119.35
-2655.89
50693.9
32932.1
22592.1
25141.9
-7729.38
-5240.37
-4891.06
-9866.26
32425.1
20641.9
12599.2
7039.96
-15386.6
-10394.5
-10877.4
-17082.3
-7112.79
-2408.41
-6392.25
-3348.15
12519.3
10345
2574.58
529.623
56966.6
30839.8
32935.6
27937.1
-3092.18
-3901.82
-441.235
-4280.82
27612.5
14742.5
15475.7
4359.31
-5213.5
-6468.61
-3947.07
-20864.6
-16701.9
-12232.9
-6334.97
-9993.54
9898.08
5538.06
4804.08
-970.151
63059.8
41293.6
28868.3
28382.6
-7602.11
-6502.55
-2530.03
-3901.11
30105.1
20192.1
8097.79
-1715.44
-5079.15
-2257.79
-7285.32
-16408.4
-23321.1
-14578.4
-11928.9
-8744.08
15311.7
10243.1
3182.69
873.277
88345.2
54373.7
48005.5
50633.8
-17319.2
-9205.12
-9796.26
-4293.55
85578.3
50681.9
42488.6
28676
2144.65
4350.12
-6955.1
-23482.3
-56835.8
-33960.9
-31739.9
-32471.8
3775.95
6085.36
-6433.26
-14665.4
95697.7
60413.8
49863
61459.6
-36301.4
-21155.9
-17597.8
-10697.1
124492
75267.3
62058.5
58141.9
24385.3
16080.3
4668.32
-12598.5
-104066
-65146.5
-56925.6
-66094.7
1052.88
1766.35
-6816.51
-15301.1
105055
65480.9
53664.5
56100.4
-30655.2
-15516
-16108.6
-6803.07
133380
79644.3
67640.4
55262.5
8044.05
3919.49
-1735.24
-23697.3
-134444
-83235.7
-73779.5
-93705.8
-13606.1
-9723.43
-14497.1
-40623.3
117149
71115.9
58848.3
62663.8
-19729
-10936.8
-9985.76
-2471.34
148144
88109
74077.2
61363.4
-14244
-13802
-13756.8
-44448.7
-122240
-76170.2
-69698.8
-84290.7
-4401.74
-5376.84
-9865.55
-36075.2
106410
60796.3
57262.9
50896.1
-22156.5
-10336.5
-12834.7
-5137.13
132187
76868.9
68847.5
50660.7
-34357.6
-27025.6
-23558.7
-63663.7
-145885
-90312.4
-81720.3
-106637
-33681.6
-24083.3
-23343
-57731
104864
66477.9
49819.9
45454.9
-15188.7
-5453.21
-9290.68
-3435.83
146389
89425
70091.3
52080.5
-58504.6
-37554.4
-39343.4
-75785.6
-135338
-81239.5
-78490.3
-98592.6
-23482.3
-14914.3
-20846.2
-52822.3
122827
70630.1
66244.6
58795.2
-8466.9
-4860.65
-1277.74
7274.71
209823
122703
112449
97128.9
-71362.6
-47927.7
-46406.7
-89305.5
-160108
-102422
-88340.3
-121686
-41537.6
-30065.5
-27236.3
-59838.2
116150
67613.6
60734.1
53841.2
-7834.74
-3889.79
1190.77
12385
247983
148876
131723
131943
-66037.4
-45167.2
-44192.8
-91836.9
-199442
-127673
-109906
-151689
-76791.8
-51998.5
-46217.2
-80842.1
98252.5
60636.5
49326.4
40708.1
-5541.6
-1123.59
-1047.93
17722.9
244096
148034
127974
128911
-90209.1
-59792.2
-56075
-101462
-218523
-135177
-123977
-165453
-100674
-65174.7
-61543
-102627
88882.6
50946.3
45024.3
31504.4
500.632
533.866
3162.89
15847
241209
144562
127836
126307
-100036
-71193.6
-59579.4
-116330
-208232
-130623
-117523
-156396
-112820
-74108.3
-64751.9
-106230
111600
64047.6
58733
43545.8
56917.1
37383.3
31149.5
52390.2
247936
150215
133828
140323
-66546.5
-48117.2
-44642.5
-100839
-165504
-104599
-91983.3
-128590
-92833.9
-60827.4
-53439.6
-89630.7
106619
65339.5
52420.7
44820
67128.5
43739.5
36340.3
59784.5
242970
148665
128321
139428
-78404
-54953.5
-49482.6
-99649
-143643
-89117.4
-79577.8
-102294
-91267
-60175.5
-51677.5
-77002.5
120935
72087.4
64484.6
57487.1
83380.6
52959.5
44047.8
62430.5
268397
161912
144834
155242
-98989.3
-65036.9
-65550.9
-121342
-134017
-82967.7
-74576.4
-91976.9
-107583
-67310.9
-63347.6
-89869.7
109334
65686.7
58630.5
54584.4
94984.9
60432.2
52501.3
69759.6
281908
171415
151737
169370
-99266.5
-66551.5
-64423.1
-127262
-142841
-89494.3
-77842.6
-96510.9
-127078
-81228.9
-70985
-97895.4
110150
67146.2
58252.2
59259.1
124654
77487.6
68839.7
90229.7
284673
173388
154147
172141
-111299
-74984.4
-69244.1
-128997
-152468
-94612.3
-82802.9
-102474
-129641
-82116.3
-75368.4
-106213
94349.3
56272.3
50597
52160.4
122879
75424.3
68672.8
85144.8
261335
159059
140798
154562
-120581
-84362.8
-71865.4
-139537
-156763
-96701.8
-85452.4
-99796.8
-140438
-88891.8
-78949.2
-109959
85195.8
49382.2
48972.1
50745.5
129264
80957.4
69553.1
86046.4
214412
130645
116562
125476
-102462
-70343.7
-62831.4
-127008
-166435
-103197
-88841.6
-110340
-154842
-98395.3
-87194.8
-125019
77177.9
49114.2
39670.8
49887.8
137230
85926.9
71943.9
87952.1
199821
122976
103626
112313
-97323.3
-64894
-61389.6
-111869
-151921
-92737.1
-81839.1
-93009.3
-141000
-89577
-80755.1
-112426
67630.5
41474.6
39133.4
45679.8
148677
92201.1
77654.5
84272.3
205192
123533
108141
104522
-93838.7
-60718.6
-62527.3
-121359
-165079
-102492
-88801.3
-104351
-156111
-97341.7
-91030.8
-129590
57550.7
36567.3
33341.5
48467.2
173115
106524
91497.5
97596.3
203353
121962
106140
102740
-52871.8
-36331.1
-39002.6
-91427.5
-184459
-116299
-99587.5
-123009
-158176
-101485
-90243.1
-130104
46574.3
28114.6
27384.1
36761.1
187946
114513
102026
112803
192779
115000
99807.4
90888
-53497.6
-37524
-36441.5
-83990.1
-186807
-116708
-102574
-130644
-155652
-101712
-89308.3
-138157
50284.5
33523.9
27758.2
44264.9
180096
113940
96304.4
113774
187666
114452
94258.7
84677.5
-80461.7
-52722.6
-50959.1
-98548.1
-150152
-91243.6
-83853.7
-100308
-126554
-79590.5
-75127.3
-114914
21122
13448.5
16397.1
33553.6
159719
100964
83715.1
101719
141054
81330.7
73061.8
52753
-122932
-76462.3
-75981.5
-124094
-141608
-87570.2
-77698.3
-98154.2
-120284
-76756.4
-71882.4
-114744
13643.6
10427.7
9199.46
24079.1
157009
97310.6
81605.8
88527.6
134868
79620.2
63402.7
33988.5
-152159
-97261.1
-91377.3
-147845
-104799
-64264
-60036.2
-78846.6
-81892.2
-54691.9
-51397.5
-96714.5
22389.8
12067.5
18176.2
34197.8
163441
97815.5
90337.8
95991.2
172649
99188.7
88565.1
58671.5
-158062
-102070
-95402.1
-159608
-69196.1
-47036
-36246.3
-55780.8
-47446.9
-35954.3
-30538.5
-72903.4
19885.3
13382
14677.4
36458.4
172519
106281
95815.1
108738
200562
120277
98867
77634
-133939
-86890.7
-83420.2
-150136
-39972.7
-28470.9
-22081.5
-39445.2
-27058.9
-22417.4
-19823.7
-56284.3
38252.4
26599.2
23568.6
44605
196946
120697
110004
133083
211778
126342
106447
80689.4
-123295
-81650.3
-76262.2
-137592
-38106
-24342.2
-22115.5
-35983.2
-11215.4
-11632.6
-11689.2
-49633.2
18396.1
16206.2
9013.49
34463
174430
109382
95517.4
122171
192156
114896
93330.3
68138.2
-152606
-100329
-93170.5
-158098
-61880.3
-35527.9
-38714.8
-44448
-37064.4
-23322.5
-27712.2
-56044.6
-266.579
-535.987
3323.4
15204.2
183164
115836
98909.4
126776
155398
90432.6
76974.9
43536.6
-153610
-101473
-95051.4
-168834
-73001
-44665.1
-42315.4
-57734.6
-53488.4
-36039.1
-33607.4
-68993.8
-13225
-5234
-5511.19
4059.5
186019
116135
103365
129204
137153
81499.7
64280.2
29427.7
-167386
-108921
-102487
-175932
-75627.2
-46014.3
-43069.2
-55840.9
-44643.9
-29674.4
-27821.8
-59042
4419.42
2426.79
8420.23
27878.4
201028
123540
114070
149936
182897
106443
92612.6
62028.8
-165605
-108969
-103389
-182862
-75602.4
-46906.6
-43396.6
-56810.4
-38957.3
-27179.8
-22679.7
-43864
-1743.02
-1343.5
4437.1
22888.3
208085
126776
121216
156812
225825
133026
116137
94934
-142947
-97372.8
-91069.7
-178140
-75847.1
-49676.4
-42519.7
-62069.1
-39089.6
-28967.3
-21747.1
-41449.9
-3095.71
-2158.09
-2897.72
-11370.3
-22226.5
-13349.5
-11625.5
-11557
-25922.5
-14934.1
-14608.8
-20840.6
-33692.2
-21696.2
-18652.1
-28074.3
-33922.7
-21655.1
-18826
-25547.8
-1844.13
-1067.02
-2038.59
-5556.45
-12233.7
-6742.97
-9104.71
-12467.7
-27039.1
-16159.5
-16100.8
-17963.3
-17394.8
-10262.2
-7628.27
642.76
-46195.3
-29014
-26610.5
-34154.7
-52224.8
-34349.8
-28330.2
-37561.5
4927.12
2172.94
1798.88
-2753.47
-12762.6
-8913.79
-10861.2
-27951.9
-28472.4
-18854.3
-15105.2
-19406.5
-16598.6
-8320.53
-8870.65
-2805.8
-70362.1
-45095.7
-39602.9
-58406.3
-79977.3
-52955.9
-43330.1
-59232.2
40828.3
25206.2
18682.5
14448.3
5220.57
556.493
-1049.35
-24107.4
-41915.2
-26590
-23210.8
-30590.1
6993.99
4012.83
6619.23
11564.7
-81711.1
-53730.9
-45418.2
-68650.2
-113034
-72527.9
-64800
-91643.2
73746.3
44622
36271.7
30360.3
27413.8
15318.1
10144.9
-9796.96
-51690.2
-33410.8
-27867.1
-37616
19915.7
14823.8
11778.3
23227.8
-84548.8
-54312.2
-48807.3
-74275.2
-128453
-82589.4
-73525.7
-109824
87713.1
51867
46251.9
41268.2
40626.1
21947.2
18128.8
-1403.61
-58062.7
-36920.9
-31679.1
-42091.9
26392.1
15441.1
20045.1
38304
-100332
-66224.1
-56735.4
-87680.5
-146138
-94596
-83013.6
-123503
107850
64870
55809.1
55517.1
46946.9
24270.7
21783.1
-2743.57
-63977.6
-42085.6
-32435
-43050.8
22488.8
17365.8
12830.5
28113.2
-113585
-72986.9
-64921.6
-97986.6
-163135
-102728
-94466.6
-135740
107585
64320.6
56934.8
54729.4
51140.1
30061.9
24340.7
12368.7
-39890
-26701.8
-20950.9
-27571.5
76593.8
48192.2
46133.8
70611
-102447
-65133
-57282
-80864
-132657
-86490.5
-73913.9
-111197
97419.5
57920.5
51352.9
47362
16612.1
9018.44
7036.42
-9270.17
-55491.6
-38239.6
-25671.5
-33847.1
98414.4
65562.2
57129.3
90820.1
-115502
-73182.7
-61991.3
-86090.3
-138199
-89121.6
-74300.7
-101883
92822.6
55356.6
50369.3
48909.9
-8013.64
-5815.25
-6878.73
-20191.4
-77095.9
-50426.6
-39011.8
-45743.4
136665
88115.4
78942.1
118261
-109804
-68953.5
-56732.6
-68694
-147932
-93233.4
-82201.2
-106195
73070.3
44720.3
38777.7
42703.6
-9279.36
-5633.52
-10165.4
-27793.5
-81535.8
-51246.9
-44226.7
-56186
166133
108711
91822.1
134101
-112784
-66862.6
-61625.1
-67828.5
-151027
-93688.1
-85345
-114381
51315.4
32026.3
26484.7
24941.8
-11105.8
-6773.38
-7495.33
-17568.8
-77276.9
-48967.9
-41189
-52161.9
194234
123307
111388
159456
-93211.5
-57673
-47765.8
-49411.2
-136342
-84488.7
-75939.7
-97705.9
41606.2
25503.9
21909.7
25013.9
-18957.5
-12673.5
-14548
-30173
-102337
-63907.6
-55497.3
-64322
182741
118761
100458
148997
-107795
-66060.7
-56911.5
-59788
-145946
-90994
-82265.5
-105017
32579.2
20059.9
16224.6
14784.9
-17720.8
-11840.5
-13229.3
-33431.3
-99618.6
-59828.3
-54835.4
-64293
211848
134002
119025
164701
-107544
-64084.4
-56920.7
-60626.6
-139106
-88111.9
-77235.2
-106438
34221.8
20116.5
17927.3
7461.39
-4682.46
-2999.55
-7049.85
-30028.7
-102316
-60751.8
-54918.2
-59568.1
247325
159639
134541
185274
-98671.1
-57541.5
-52446.1
-54076.7
-127766
-79679.6
-71973.6
-95326.5
83594.9
52659.7
43242.4
39835.6
12894.1
6389.42
2402.04
-20430.4
-117190
-70483
-62801
-67055.6
294334
185231
160346
207176
-75569.2
-44530.8
-38570.6
-35964.9
-121261
-75672.4
-71362.6
-99259.4
122544
75084.8
65565.1
66783.4
27495.1
15247.3
10103.1
-7912.52
-129994
-80316
-69264.6
-74771.6
322526
202201
176333
226999
-58700.5
-34346.3
-28936.2
-19286.3
-112525
-73049.8
-64471.9
-96469.9
138186
84075.7
75962.4
86915.4
40612.7
23912.9
17693.9
464.569
-147508
-88592
-79044.6
-85302.5
339970
212878
185604
238571
-50315.6
-28210
-25089.6
-15361.9
-105190
-65939.8
-62149.7
-92682.6
150936
93719.2
82167.2
96066.1
48977
27213
22932.2
5406.54
-158410
-97963.3
-83907.4
-89218.5
323245
201530
177468
223420
-55155.7
-32790
-28017.7
-18135.9
-107704
-66966.5
-64161.5
-91980.5
161683
99242.4
89413.7
108614
49243.6
28577
23293.5
9914.34
-154776
-94373.3
-84425
-92597.8
323629
199605
180000
223647
-63011.7
-35356.8
-34572.6
-25594.4
-92198.9
-59397.7
-51872.6
-77352.5
166319
102576
92527
109539
19611.6
11116.4
7369.47
-7778.88
-178356
-110837
-95158.9
-108093
292481
183237
162489
209980
-86328.5
-49742.8
-46637.2
-39554.8
-103391
-64615.4
-56589.8
-69602.6
176458
111198
97636.6
126718
13527.7
6364.67
6007.58
-8946.31
-210084
-129244
-114066
-131643
284881
176451
160755
205069
-94509.8
-54932.3
-50800.7
-45113.4
-109314
-66521.1
-60831.7
-71174.5
182996
115486
102439
136510
19634.9
11430.4
8002.33
-2940.86
-224637
-139446
-122624
-146644
281049
175889
155805
200895
-95854
-57074.8
-51292.8
-48929.7
-104921
-64710.9
-57459.5
-68341.9
179998
112245
102901
138911
14616.6
6603.67
7817.07
-3161.47
-231206
-143705
-126569
-156736
254095
155619
143681
180785
-110422
-66724
-59901.8
-63431
-105304
-63306.6
-57100.3
-65164.1
178007
112168
100956
138643
33643.4
19277.1
16387.9
5587.56
-245206
-152400
-131639
-156236
242638
154255
133502
168815
-119891
-73447.2
-64424.5
-73609.1
-86112.9
-51420.1
-47348.6
-50320.5
199162
124424
113878
155725
28468.8
17602.7
13009.4
6415.58
-253991
-157285
-139387
-168099
254451
159040
141769
183253
-148627
-88847.3
-82435.2
-92829
-79555.9
-49798
-43121.5
-51164.1
174947
110684
98554.4
135344
37051
20925.4
18780
6334.97
-238973
-152283
-126625
-156872
289428
179997
161425
203747
-158549
-98956.8
-86127
-108790
-70618.8
-46166.3
-37272.3
-47584
205774
127744
116113
155336
56705
33017.6
31595.7
25053.5
-254397
-158305
-134404
-156672
337052
208942
191613
243689
-153139
-94653.3
-81981.3
-101104
-70808.3
-45595.7
-39590.9
-54539.9
213811
133798
120919
165068
77064
49065.4
40894.8
47775.7
-280369
-171999
-150214
-166840
365145
231453
204669
275748
-152304
-91317.9
-83290.1
-94677.4
-62504.7
-40020.1
-35715.3
-52402.3
206255
129430
118848
166826
101752
62595.9
57175.2
66680.2
-277233
-171932
-147324
-169839
389588
242433
221768
294376
-143476
-88553.8
-79544.6
-98777.9
-49021.6
-30827.7
-29876
-48687.1
207327
131238
117433
167107
108194
65692.3
60155.7
71463.7
-295984
-181645
-158958
-177449
374192
235229
211187
289468
-158142
-98403.1
-88293.6
-111171
-49452.2
-31514.3
-29248.1
-47874.7
211221
131767
121929
172219
100915
64119.7
53368.2
67994.7
-290875
-176736
-160918
-182681
377126
236410
213225
293589
-158135
-96604.2
-91897.7
-116405
-23578.5
-17464.1
-13620.3
-28032.5
209377
133386
118590
168475
92059.6
57505.5
48968.6
55799.9
-295907
-182980
-160112
-188432
367998
232142
208432
290044
-161315
-100135
-93408.1
-126956
-21532.1
-16759.8
-10301.1
-20227.5
232296
148107
130842
188518
88823.2
55551
47229.8
51147.9
-321966
-196840
-176154
-207252
362675
228343
206209
284747
-161101
-99470.1
-94193
-131238
-25238.8
-17891.2
-14078.5
-23444.1
239156
153212
133746
191222
92442.9
57338.6
49110
52811
-332506
-206043
-181073
-219200
352459
221986
199636
274724
-159665
-100261
-92616.1
-133262
-20468.6
-14580.5
-11314.4
-22732.8
233762
145976
135377
189123
97690.3
59669.9
53486.3
59734.3
-331879
-204513
-181728
-221785
341928
213236
196521
272308
-151408
-96534.9
-89045.2
-133855
-7752.72
-6559.83
-3395.53
-10769.2
234750
149967
133213
194414
-29574
-21425.3
-12974
-17609.8
-20165.3
-14410.1
-10354.2
-11272
-12866.5
-6677.92
-10369.7
-7247.14
-13769.5
-8065.97
-7365.22
-11079.7
14717
5971.52
9941.92
9724.84
-7076.02
-7118.44
-2645.99
-4315.47
-70645.6
-43370.4
-41444.9
-55297.2
-52014.8
-32442.8
-33511.2
-46029.1
-39153.9
-23419.4
-26695.4
-41271.7
-22927.2
-13128.1
-14549.4
-18116.8
23420.8
12591.5
9524.02
4418.71
-32084.3
-20598
-24046.6
-35746.4
-84361.4
-51336
-46043.3
-58491.9
-43808.8
-30685.6
-24024
-42859.2
-23198.1
-15055.7
-13976.7
-25822.1
8585.69
5500.58
7435.93
7668.57
43461.6
24130
23082.1
11853.9
-26952.8
-19667.5
-15098.1
-35823.4
-126040
-77458.6
-65731.2
-77128.4
-51269.5
-34557.7
-28818.8
-46345.9
-30667.9
-20291.1
-15210.6
-23634.3
27149.4
18580.6
18558.7
30057
86501.8
51684.6
45907.5
46083.6
-21942.2
-15777.7
-13026.3
-24984.2
-159421
-95894.3
-87984.6
-103928
-48334.3
-28569.9
-31354.5
-46396.8
-44996
-23305.5
-27630.9
-28256
44054.9
32285.1
22872.1
44711.8
132728
81226.1
70196.6
77395.7
-15208.5
-10552.2
-13258.3
-26225.2
-183236
-113305
-96986.8
-112542
-39465.8
-26713.1
-21602.1
-37306.2
-53226
-31937.9
-25907.7
-20880.2
52219.1
33637.1
33446.2
54184.2
171813
103190
94981.4
105393
-17097.1
-14690.9
-8706.61
-21235.8
-200994
-126825
-105209
-124396
-50642.3
-31264
-30146.8
-41172
-46996.4
-27255.4
-25106.5
-18660.5
48059.2
29729.6
32391.9
60724.9
153262
92950.6
81417.7
89599.6
-51179.7
-32942
-28449
-40925.9
-219736
-137405
-116670
-134345
-73745.6
-45049.1
-42948.3
-56656.9
-43914.2
-27730.6
-20484.9
-15169.6
30528.6
19196.5
21464.2
50941.4
135178
80296.9
72531.5
73718
-76180.1
-47002.1
-46238.4
-63933.8
-219706
-133232
-120457
-132751
-68689.8
-42004.3
-43181.6
-60237
-23946.2
-12759.7
-12332.6
-28.9914
23864.1
16220.3
17998.7
46073
127633
78024.3
63612
58477
-68447.9
-41456.3
-41634.4
-63728.7
-235971
-148528
-124261
-142469
-78544.7
-51118.2
-47604.5
-74353
-15257.2
-12768.2
-2051.32
5839.29
11083.2
6660.24
12867.9
36758.9
128510
75024.7
64593.5
52541.6
-68841.8
-45307.9
-38854.8
-60468.9
-266079
-166354
-140116
-163168
-99009.1
-63129.8
-58007.5
-89546.6
-21796.6
-13603.3
-6487.7
7360.98
5956.67
4258.9
7396.34
32694.5
113988
62366.1
59358.1
36250.5
-90562.7
-60109.7
-51212.9
-77653.1
-273358
-169080
-144684
-159572
-104274
-66371.9
-61589
-94024.7
-12247.8
-6769.84
89.8026
24272.1
414.365
488.611
5753.73
28051.6
97201.7
54271.9
45766.1
18963.2
-119903
-77832
-66549.4
-92328.3
-243098
-152121
-128089
-142565
-102947
-66529.6
-62940.3
-94948.2
-8792.17
-3038.44
-2845.4
22790.1
4130.92
5359.16
2350.42
20845.5
94555
51121
43985.6
12526.4
-132474
-85830
-74488.7
-105980
-211473
-132906
-110760
-126834
-115036
-75162.6
-69660.6
-116013
-17841.7
-11518.1
-6060.61
1344.92
24910.7
16912.6
15107.3
27437.2
103771
54520.1
51531.8
14282.1
-117368
-77661.5
-66341.5
-104962
-209437
-127394
-110831
-114729
-137102
-87518.6
-81404.3
-128133
-46961.8
-26420.3
-23490.8
-11819.3
21428.2
16764.8
14296.3
33905.1
93961.8
53394.3
44535
14122.3
-130552
-80191.6
-73855.9
-103458
-199992
-124370
-101341
-106164
-154245
-97771.7
-90963.6
-141255
-74423
-46030.5
-35307.3
-30820
28635
23891.7
15516.8
35576.7
93305.6
51660.5
45687.6
17114.8
-136045
-85852.7
-71787.6
-95730.9
-185059
-111731
-96078.1
-92737.1
-167852
-103993
-101266
-150976
-109833
-65140.1
-59455
-58880.1
58835.5
40080.2
28438.4
47568.5
73715.2
40278.9
35633.9
12269.7
-150974
-94560
-82653.7
-102866
-167842
-101892
-82659.4
-72886.4
-179621
-113691
-104708
-161756
-145286
-88390.5
-76677.2
-81979.8
68234.4
43503.3
34820.8
39308.1
43868.9
22926.5
21730.1
-575.585
-180811
-112947
-95883.7
-115080
-172405
-107035
-84102.6
-72976.2
-182869
-118032
-105890
-161203
-147152
-90577.6
-80243.2
-87366.6
66364.1
40834.7
35386.5
36691.1
48356.2
24398
21798
-4159.2
-191430
-118556
-103868
-124733
-168488
-104387
-84668.3
-74930.7
-185703
-119403
-108924
-165667
-144183
-90869.6
-75690.8
-87907.5
67225.3
42959.6
35088.1
44477
69557.4
36757.5
31029.3
591.848
-163531
-99216.3
-93572.9
-111936
-177672
-106411
-88691.7
-70976.6
-182674
-118362
-104643
-162693
-149628
-92767.5
-78032.8
-84486.5
67950.1
43707.7
38893
51351.5
74927.2
41288.7
33062.9
-2692.66
-140119
-84694.4
-77349
-96828.4
-197073
-119165
-96696.1
-78534.8
-182130
-116498
-105228
-158840
-166316
-102730
-84698.7
-87773.9
62953.7
44324.3
34943.8
55090
105995
60030.5
48934.6
14105.4
-119403
-71974.3
-64689
-75479.4
-215889
-128422
-108606
-88055.3
-180125
-111818
-105418
-151723
-190606
-113111
-100249
-94700
73338.3
50411.8
37013.5
63930.2
131111
75661.8
62991.9
31597.8
-93031.2
-54447.2
-53257.2
-56444.1
-229916
-136480
-114061
-86889.3
-173570
-109170
-98894.5
-144007
-214902
-128274
-111208
-102192
64227.9
42666.8
36231.4
56184.6
136498
78855.1
67081.1
36406.8
-90916.3
-54599.3
-47912.8
-47056.5
-222718
-132553
-112188
-84954.6
-177543
-109045
-105336
-142733
-222830
-130394
-120438
-108717
53948
36369.3
28731.2
46191
131648
76123.6
61217.8
27965.4
-98147.1
-58281.2
-54801.5
-57591
-205422
-124159
-101124
-77757.7
-168516
-106578
-100190
-148144
-220931
-132160
-116239
-113688
46565.8
29356.2
31201.1
48384.5
149274
82521.5
73341.1
32097
-88375.6
-56249.6
-47569.9
-57750.8
-194191
-113862
-96165.8
-60563.7
-154405
-100653
-88415.9
-137081
-213945
-127867
-110739
-99552.9
55486
35802.9
37510.6
69308.5
151339
85709.1
74210.1
33304
-79131.6
-48138.4
-41639.4
-46723.5
-200027
-119003
-96760.5
-64281.7
-162863
-103095
-95468.6
-146132
-231729
-138189
-118580
-106680
15430.5
12967.6
15967.9
48030.9
165243
94371.2
80456
40889.2
-79704.4
-47815.3
-41806.3
-41698.8
-213797
-124811
-105063
-70392.5
-168824
-102084
-99959.4
-142765
-264469
-153895
-138331
-119163
-10692.9
-2847.52
1085.41
32178.3
155813
89388.2
76579.7
38676.6
-103054
-62667.3
-54175.7
-54328.4
-211476
-122513
-104168
-64731.4
-168505
-103336
-98212.9
-141518
-286935
-168350
-148753
-127476
-28129.4
-12826.9
-10530.2
18931.4
141483
82569.6
66663.9
28737.5
-129300
-77566.8
-69243.4
-70946.1
-224472
-132230
-111592
-74564.4
-175954
-107260
-104421
-142241
-295444
-175503
-153557
-134789
-47773.5
-25547.8
-19666.8
7995.26
121771
69133.8
53557.7
8471.85
-151219
-89348.6
-84596.1
-91824.9
-235778
-140206
-119862
-89067.2
-181536
-113804
-106403
-149191
-300257
-181325
-152867
-133254
-54898.4
-30106.5
-24036
9603.22
115618
62443.9
49308
-5808.88
-136649
-83031.3
-78922.3
-95093.8
-234656
-137544
-118213
-86023.1
-157944
-99319.5
-93840.1
-140728
-294557
-176072
-147357
-120613
-52245.3
-27821.8
-19422.8
14919.2
126161
69857.2
53305.2
-13022.8
-90490.6
-53274.1
-52384.6
-69526.3
-246091
-143819
-126813
-92317
-142298
-88874.1
-86875.1
-131467
-296465
-175827
-147835
-108576
-58977.7
-27596.3
-27116.8
17080.2
138000
76970
55578.6
-12172.1
-47240.4
-27450.6
-29996.9
-40725.8
-285006
-169520
-145672
-119817
-159791
-98212.9
-95301
-135414
-336536
-198052
-168244
-122076
-77554.1
-41867.1
-35491.1
7068.95
111095
57581.8
44329.2
-33368.4
-51565.8
-31512.9
-30011
-38849.9
-313637
-185505
-162321
-137124
-174285
-107899
-101934
-146118
-357557
-208929
-179075
-126511
-97469
-52729
-47894.5
-11967.8
72735.1
35296.6
20330.7
-67809.4
-73119.8
-44064.8
-41560.2
-51765.9
-18080
-12100
-6293.96
-6415.58
-2849.64
-3837.47
2390.02
-1037.33
26105
14152.7
15700.6
14477.3
-5164
-7181.38
-1562.71
-10666
11001.2
5798.98
6731.66
5403
12264.1
4599.73
8300.02
4294.97
-31848.8
-18084.3
-16663
-15488.5
-12973.3
-10040.9
-4277.29
-3913.84
46064.5
28357.1
27564.4
36445
-12023.6
-10180.2
-6928.23
-14543.8
9866.97
6303.15
5636.35
6718.22
26154.5
13068.7
13964.7
9606.05
-28502.1
-14309
-14564.3
-14187.4
-22937.1
-13746.2
-12290.2
-12708.1
56710.7
38334.4
30308.7
41867.8
-32137.3
-20327.2
-18355.1
-30539.9
7117.74
6665.19
1414.21
3341.08
32340.9
18057.4
16286.1
10108.8
-14959.6
-9858.48
-3902.52
4886.81
-20581
-14540.9
-8408.21
-9665.44
74807.7
46650
46121.7
64708
-36862.9
-27125.3
-18412.4
-31778.1
-11010.4
-7605.64
-5649.78
-7062.58
26880
12892.7
14457.5
6914.09
-27951.9
-16657.3
-11366
-5803.93
-20709
-14999.1
-8244.87
-8137.38
58284.7
39130.6
35228.8
59519.3
-33739.6
-21781
-17412.5
-23299.9
-32541.1
-19183.1
-18599
-19816
35754.1
17821.9
18010
6995.41
-45312.8
-25619.9
-21544.1
-15354.1
-28825.2
-19663.9
-12377.2
-11863.1
62629.9
43064.9
37968.8
67173.7
-43570.5
-28208.6
-22075.9
-23128
-57268.6
-33328.8
-32181.1
-33676
23099.1
12107.1
9860.6
851.357
-48030.2
-28927.7
-21155.9
-4869.84
-50813.4
-27355.8
-27813.3
-24147
64877.8
44827.7
38556.4
79699.4
-67924
-38419.2
-40593.6
-45611.2
-61672.4
-38135.7
-33883.1
-41062.4
26319.9
16255.7
11662.3
5656.85
-69757.5
-41441.4
-33733.9
-18555.9
-71265
-41990.1
-38509
-36753.3
39002.6
29168.2
23578.5
60084.3
-80413.6
-47467.4
-46875.5
-54769.7
-78969.7
-48331.5
-44271.2
-53240.2
598.919
-1157.53
-2184.96
-13122.5
-72905.5
-43740.2
-31201.8
-16637.5
-84268.7
-49267
-46037.6
-49590.1
9408.76
9108.24
11422.6
37374.1
-91614.9
-54392.8
-51879.7
-65111.1
-82229.4
-51370.6
-45152.3
-60394.7
3364.41
-424.971
1258.65
-12675.6
-28895.2
-16854.6
-9234.81
17447.2
-52674.5
-30263.5
-32419.4
-34987.6
34861.8
26712.4
21371.6
55369.3
-78100.7
-46480.3
-48259.3
-61715.6
-72733.7
-45500.2
-42874
-57976.4
16648.8
8591.35
4034.04
-7312.9
-41202.4
-22333.3
-16395.7
7411.19
-54447.2
-32993.6
-31788.7
-41341.7
11292.5
11819.3
9572.81
39492.6
-88129.5
-53815.8
-52427
-75176.8
-87598.5
-55131
-50200.3
-69968.9
7796.56
1921.92
101.116
-23666.9
-24446.1
-13748.3
-6660.95
14967.3
-40230.8
-24866.1
-24496.3
-39232.4
11931
12286
9149.25
35141.1
-85909.9
-53011.1
-53215.4
-79684.6
-92084.4
-58453
-53025.9
-77230.9
16739.3
5796.15
5434.82
-18705.8
9276.53
8145.16
15255.1
45454.9
-51582
-30680.7
-25151.8
-33622.9
38232.6
27353
22968.9
52527.4
-99163.2
-65735.5
-52342.2
-85897.9
-64738.5
-42659
-38010.5
-63790.9
29959.4
16691.3
14988.5
-6247.29
19923.4
16900.6
21661.5
64122.6
-71812.4
-43772
-34442.5
-34450.2
40747.7
28181.7
26013
53429
-141867
-90511.8
-76113.7
-102533
-46308.4
-30745
-26524.3
-47164.7
30696.9
17039.9
16421.1
2474.17
70135.8
50085.1
47886.7
99282.7
-83114.7
-48509.6
-42843.6
-36941.4
60894.6
41664.1
33739.6
62414.2
-169574
-104525
-91589.4
-116475
-9719.18
-7312.9
-8889.04
-24883.8
64117.6
38125.1
34628.4
26779.5
124483
79022
85359.8
151085
-102307
-61599.6
-47729.7
-39050.7
58956.4
37637.9
39829.2
67969.2
-185819
-117990
-95120.7
-117776
-6177.99
-8327.6
-2024.45
-17032.1
70532.5
40220.2
41609.7
38528.8
144729
95994
95824.3
174566
-113182
-65821.7
-53762
-35078.9
39941.6
28908.6
25333.5
56120.9
-216552
-131386
-113291
-122686
-2155.97
-2534.98
-2097.28
-12120.5
78674.1
47583.3
45580.1
48021.7
175734
114639
116268
208615
-113445
-68358.8
-48307.4
-21216.7
42757.3
30726.6
29270.7
63900.5
-230432
-142418
-116670
-119812
10325.2
4492.25
6472.15
2945.1
96630.4
57139.2
57716.9
70144.3
168250
110730
115618
227951
-124931
-71950.2
-56413
-21230.9
55968.9
36185.5
38152.7
74363.6
-265726
-162241
-137686
-142729
22913.8
12237.9
13557.4
9859.9
104534
64034.2
61828
80969.4
128579
89051.6
92263.3
209960
-129302
-75611.6
-59778.1
-21539.2
59071
39081.1
38523.2
77198.4
-280806
-171261
-147773
-149979
27699.5
16954.3
14692.3
14026.9
109631
66781.3
63447.3
86130.6
93422.2
67814.4
76038.7
195904
-146742
-87346.1
-67949.4
-32300.6
42670.4
27877.7
30602.2
64390.6
-318465
-192641
-168223
-175025
34536.5
19995.6
19065
19202.2
104569
63110
62059.9
83865
84374.1
62612.2
69801.3
194855
-135511
-76253
-65591.2
-29314.5
51085.6
36744.1
33465.9
69309.2
-316045
-193202
-169110
-182763
22562.4
13660.6
11197.7
6907.02
104341
65811.8
57505.5
78004.5
53228.2
44344.8
54874.3
177490
-118342
-69175.5
-53312.3
-14033.9
51667.6
34221.1
35978.3
72799.5
-323764
-197947
-171888
-185574
27735.6
16498.9
13873.4
10715.5
118003
70679.6
67641.8
82287.4
21548.4
22797.8
41008
165142
-123643
-73720.1
-53678.6
-16351.8
37165.5
26302.3
29192.2
68146.7
-345224
-211792
-184524
-201897
15322.3
8138.09
8821.16
4835.2
111916
66014.8
65151.4
81909.1
-14780.7
4023.44
20956.5
151057
-145829
-81972.1
-65838
-18471.8
29902.8
22934.3
22766
65664.1
-383575
-236923
-201558
-225957
23080.7
11482
13695.2
7922.42
88790
56195.2
52994.1
73500.9
-15909.2
5296.23
19217
154845
-163627
-94647.7
-74922.9
-25471.4
25462.2
20458.7
19926.3
61183.1
-416128
-256323
-219697
-239456
38954.5
22207.4
22117.6
19026.8
90477.1
56555.1
53708.3
77002.5
-6393.66
14966.6
24859
169532
-180732
-101872
-86427.5
-33633.5
8248.4
12119.8
8070.92
43968.6
-464744
-280343
-249392
-267991
61929.1
38119.4
33105.3
36917.3
88199.6
58077.5
51053.8
79648.5
35407.7
36002.3
51121
204743
-169622
-97528.4
-77261.3
-24275.7
30815.7
23490.1
22679
58243
-470867
-291407
-248425
-273113
69758.2
39658.8
40474.1
42132.3
84738.3
52026.1
50973.2
76168.8
47736.1
47203.6
58447.3
219019
-167363
-94497.8
-76109.4
-16789.5
12136.8
12795.8
12002.4
47471.6
-493750
-300214
-261388
-279517
87482.5
53828.5
47866.2
55770.2
96155.9
61034.6
57468
84755.2
72482.7
62129.2
72669.4
240213
-155771
-89051.6
-67187.2
-4826
6516.7
11080.4
8352.35
43897.2
-505581
-309355
-266495
-280013
101805
62030.9
57005.5
68514.4
110164
68703.9
65270.9
99862.6
71023.9
64556.7
66806
250345
-160138
-88580
-73763.3
-7172.89
17288.1
15267.8
12657.2
49281.1
-540261
-327217
-289097
-309733
109354
68822.7
58738.7
73576.6
104250
70328.8
58679.3
95809.4
52853.4
53583.1
53955.8
226365
-154182
-85565.6
-71229
-6196.38
25203.4
21125.5
14935.5
47560.7
-529201
-321095
-283215
-300983
111457
71696.4
57917
71509
106100
71731.7
58699.1
95108.7
51628.7
48760.7
57316.7
221273
-156767
-90341.4
-69815.5
-7660.79
17402.6
12192.6
15052.2
43199.3
-530649
-324284
-279954
-297341
119536
73505.9
65272.3
77819.9
113035
71914.2
67303.8
103344
64604.1
55811.2
63218.9
222377
-136428
-75775.7
-61889.5
-3366.54
22589.2
15740.9
18505.7
40671.4
-513973
-313006
-273819
-290994
116870
72542.1
63313.6
71533.8
114739
75101.1
64997.3
99308.2
80647.6
66905.7
70728.4
231570
-104763
-55804.9
-44937.3
22141.6
41889
30769
26068.9
63822.8
-481863
-292211
-255732
-264186
136783
86808.7
72265.6
90882.3
140799
91561.8
79640.7
120216
82868.7
65866.3
73401.9
230969
-97747.6
-54890.6
-36946.3
24754.4
47808.9
32412.4
31892.6
66405.1
-474625
-289289
-251182
-260743
137198
84562.9
75508.4
90196.4
147758
93299.9
85817.3
125982
