-28724.8
-23261.7
-8689.64
-11142.6
-32136.6
-27219.4
-9724.84
-13475.3
-50210.9
-40723.7
-13642.2
-18330.3
-12546.9
-10183.8
-1152.58
-2981.16
-28080.6
-21724.4
-5327.34
-6053.54
-35933
-28413
-10712.7
-11957.2
-31270.4
-25069.1
-10465.2
-11617.8
-74733.4
-61169
-29001.3
-31312.1
-74729.9
-59799.3
-19948.9
-29105.9
8280.22
6132.03
13037.6
129.401
-39233.8
-31534.1
-3314.92
-12269.7
-45293
-36086.5
-12899.7
-20686.4
-54237.2
-42777.8
-7192.69
-18508.5
-102675
-84387.5
-35404.8
-42615.2
-87896.9
-68651.6
-11802.3
-30085.3
59216
51130.9
38537.3
29699.9
-11450.2
-6195.67
11268.5
2302.34
-12032.1
-7812.82
4211.53
-3085.11
-78511.5
-61816.7
-11260.7
-21392.8
-152101
-124314
-54651.6
-59974.7
-132106
-104426
-17048.3
-39780.4
61773.6
52956.6
48761.4
38878.1
-32129.5
-23157.7
13664.1
329.512
-45363
-34663.1
-2351.13
-10865.4
-58190.6
-43023.9
-1932.52
-12385.7
-173503
-140507
-66200.8
-73033.5
-108791
-82784.5
-9844.34
-28388.9
90416.3
77829.8
60391.2
50431.6
-27565.1
-17621.1
12166.5
3044.09
-34699.9
-24560.6
-413.657
-7211.07
-50637.3
-38677.3
1393.71
-12703.9
-198838
-163091
-74687.4
-84748.2
-85671.6
-64685.4
5820.9
-19929.8
105462
88907.4
65859.2
56359.9
-14608.1
-8136.68
23794.1
6661.65
-28618.7
-20152.5
12497.4
-5069.25
-61277.9
-46596.9
-1246.63
-14137.2
-206682
-168402
-76390.2
-84808.3
-123836
-95460.8
-8191.12
-27099.9
77967.7
68167.2
58297.4
50329.7
-51541
-37027.6
12931.6
-1857.57
-47748.1
-34812.3
10716.9
-1515.33
-49297.4
-37156.3
-675.994
-6257.19
-198204
-161753
-76604.4
-81192.1
-163183
-126972
-30314.4
-45802.1
74256.1
64271.1
61307.6
45795.8
-55479.6
-41286.6
12802.2
-8597.71
-56302.7
-42394.6
10914.2
-9816.76
-37051.7
-25506.8
8502.96
-6564.07
-171969
-139582
-66357
-73925.9
-186096
-145181
-34041.5
-60420.2
91612.8
81989
76205.6
57430.5
-22457.7
-11366.7
26957.7
7125.52
-19278.6
-10032.4
23406.6
6396.49
-30475.6
-21552.6
14939
2704.68
-148067
-121387
-57241
-60689.6
-234755
-186080
-51049.6
-74449.2
83116.2
75149.2
80892.3
63405.6
-39322.2
-26668.5
28757.3
5719.08
-24578.3
-15693.5
23791.3
6569.73
-33951.7
-22617.5
15468.7
2737.92
-145322
-118237
-57697.1
-59384.2
-277661
-219804
-76603
-94028.2
90200.7
82288.1
89834.4
68530.7
-43769.2
-28410.8
27014.3
5810.3
-56304.1
-41711.5
14724.8
-4402.45
-32211.5
-21856.7
15436.1
-1481.39
-163207
-134297
-67043.6
-71861.1
-310756
-249051
-88027.7
-114962
89690.8
82121.3
95359
68333.4
-55138.1
-38004.2
27720.7
760.14
-81753.6
-60523.4
13956.2
-12601.3
-31468.4
-21474.1
15896.5
2147.48
-172585
-141087
-69138.1
-76332.2
-338987
-270545
-89950.3
-121067
93273.7
86293.2
97673.4
72971.3
-48477.1
-29336.4
37442
12292.3
-100805
-72908.4
15406.4
-10673.8
-44915.4
-33321
9745.35
-2204.76
-202259
-164928
-79478.8
-86506.7
-360871
-285602
-87713.1
-124519
113628
102052
105124
79278
-22107
-7228.05
57306.1
26893.4
-104056
-75437.7
21499.6
-13538.3
-65688.8
-48644.7
9741.81
-9006.42
-211059
-172555
-80130.8
-87899.7
-362205
-285033
-73754.1
-119002
136445
121146
112892
89327.4
22107.7
28767.9
71120.1
45545.5
-72230.3
-49114.9
34313.8
4739.74
-81349.1
-61259.5
9502.81
-12027.2
-245183
-199344
-91662.3
-101565
-394732
-309918
-67158.2
-122892
128896
115144
111625
88466.1
21792.3
29798.2
78333.3
48377.4
-86214
-59742.7
35957.1
-264.458
-82728
-61069.3
8956.92
-11428.3
-290079
-235129
-111190
-120787
-390266
-303483
-59761.1
-114983
126172
113928
107545
87066.8
12679.8
23746.1
72344.1
46853.6
-84875.4
-57707.7
34796
2204.76
-82855.2
-62432.6
8329.72
-13766.7
-304854
-249006
-114194
-127406
-373373
-289799
-43195.7
-104223
135872
119874
112663
88084.3
45922.3
48919.1
92501.6
58965.6
-79447
-53494.7
46258.2
6003.34
-100478
-75966.6
-2300.93
-21123.4
-329491
-267882
-124340
-136214
-399060
-309917
-45978.2
-109390
96983.2
88071.6
97495.2
75626.5
20979.9
29691.4
85480
52759.4
-96080.3
-65632.2
44143.3
7111.37
-111203
-86354
-12334.8
-23662.6
-356780
-290171
-134435
-147340
-394597
-304694
-38597.4
-105578
90424.1
81219.7
95666.6
66381.8
42955.3
46115.4
95237.4
59413.2
-77560.4
-49780.3
54822.7
12129
-168779
-132761
-29190.1
-52098.9
-389864
-317768
-144089
-161058
-397056
-305427
-27774.4
-104273
88749.7
83049.7
102550
70275.8
55848
57459.5
97365.1
64754.7
-60444.9
-35864.5
63934.5
20965
-173230
-136979
-36446.4
-53112.9
-410299
-333456
-158382
-168370
-390105
-299586
-17124
-94395.9
62651.1
61166.9
94422.1
66136.4
43969.3
47163.3
91819.2
60902.4
-55608.3
-32584.9
63691.9
24264.4
-195278
-154989
-45582.9
-62768.5
-456476
-371796
-176345
-190003
-374346
-285092
-10844.2
-83801.3
50549.6
51680.3
90816.6
59510.8
43579.7
47419.3
87030.7
57708.4
-55449.9
-32594.1
61620.1
23276.5
-206470
-165715
-56650.6
-76682.2
-486267
-397864
-189370
-207919
-348476
-264643
2310.82
-76554.2
53962.1
54337.6
92804.2
58251.5
66519.7
64420.3
97155.1
62768.5
-57299.7
-34036.6
69425.9
21286
-201622
-160360
-57130.7
-78171.4
-511225
-417254
-198224
-219354
-368904
-280168
-2506.69
-82380.1
14961
23301.3
77662.2
47937.6
31299.4
36024.3
86249.3
57477.9
-83907.4
-53037.3
63000.4
20687.8
-185539
-147420
-53711.8
-64467.6
-531401
-433751
-214711
-225460
-378222
-287252
-9876.16
-84475.2
-12285.3
-29.6985
63160.2
32258.9
4927.83
14613.8
76620
43132.8
-95647.5
-61971.5
55911.6
13386.9
-223511
-178324
-60770.9
-82278.9
-561861
-459372
-222877
-242205
-405780
-309250
-14289.9
-96620.5
-33080.6
-15776.3
56468.8
24851.3
-3457.75
9232.69
74122.5
40857.3
-100265
-65729.1
55782.9
11783.9
-234090
-186772
-57240.3
-84929.2
-581813
-475644
-227188
-248679
-419291
-321186
-9154.91
-101507
-82367.3
-56004.3
43970
7319.97
-35921.7
-18266
69669.8
29660.3
-122156
-84698
54042
2308.7
-187471
-145805
-34465.1
-64042.7
-562364
-457481
-220268
-240713
-355033
-267221
16067.6
-73572.3
-70283.6
-44959.3
49948.6
11592.3
-22863.6
-6479.93
76779.1
35896.3
-88045.4
-55915.2
68445.1
16610.6
-143640
-109708
-17384.2
-45302.9
-567711
-463249
-226341
-246987
-310882
-228883
33488.6
-51073.6
-71766.4
-47014.8
45063.2
9068.64
-41495.1
-21018.7
70299.1
30618.4
-71255.9
-40484.7
79578.5
27548.9
-130902
-101405
-14748.8
-38768.5
-533289
-435412
-213619
-232956
-312905
-231400
33007.7
-50964.7
-105170
-74908.8
23593.3
-8047.58
-80510.5
-51587.7
51922.1
14824.5
-66209.9
-36546.1
84320.4
30412
-115661
-90356.2
-13515.6
-30126.3
-496657
-405128
-197678
-211897
-291893
-213809
39154.6
-40996.6
-95807.3
-69384.1
21507.4
-12386.4
-74936.3
-47756.6
53516.7
15755.8
-27539.7
-6044.35
99666
44696.9
-143760
-114401
-25278.4
-45716.6
-487353
-400156
-196477
-211298
-298605
-220240
38800.4
-45795.8
-105160
-77173.6
14918.5
-15908.5
-81339.9
-53776.2
45247.1
9681
2513.06
16979
104607
56661.2
-156563
-123988
-31264
-53810.8
-465518
-379761
-188565
-203437
-322854
-239281
36021.4
-53839.1
-144521
-108802
-2805.09
-32946.9
-130194
-93321.8
29268.6
-10968.6
3111.98
18030.5
103985
52412.2
-175162
-137330
-35774.7
-56874.7
-456855
-371156
-181111
-194633
-322030
-236435
34365.4
-49274
-165703
-126248
-14543.1
-40918.1
-162633
-117443
16564
-20228.2
-9717.77
8448.51
97458.4
50628.8
-186803
-148618
-44433.2
-67148.3
-454059
-370962
-182002
-198276
-315128
-232690
37261
-50694.6
-188800
-147193
-28152
-57553.5
-179647
-133703
13432.9
-31209.6
-10948.1
6789.64
100017
47617.3
30722.4
26141
13768.8
9229.16
27980.9
21933.7
7985.36
11081.1
16566.8
12028.6
1774.13
8024.95
4232.03
2866.61
-746.705
1042.98
19980
16304.5
8884.09
10050.1
42642.8
34154.7
8184.05
12100.7
36988
31479
20830
18067.3
20010.4
16803
8543.97
6958.64
14286.4
9297.75
1881.61
3582.91
-2860.95
-5222.69
-7632.51
-4363.56
665.387
1167.43
8384.17
2107.18
63049.9
49332
15392.3
21580.2
541.644
1431.89
5131.47
4220.72
10435.5
8936.42
5451.79
6384.47
-27092.1
-23313.3
-7056.22
-9594.73
-18237
-17831.8
-20372.5
-13187.5
-24805.3
-19726.9
-3379.26
-5020.46
49443.7
38139.2
8444.27
15761.4
22063.9
20885.8
12001
9858.48
3173.5
3474.72
3836.76
4511.34
-61115.9
-50826.8
-16748.5
-20306
-40399.1
-36462
-31372.9
-25607.2
-28037.5
-21945.1
-6818.63
-9099.76
63044.9
51488.7
12455.7
19856.3
31438
25944.5
17433
14617.3
-8271.74
-5825.85
3591.4
-581.242
-124195
-101437
-39782.5
-44327.8
-68266.9
-58863.8
-46965.3
-36821.9
-31894.1
-25115
-5379.67
-10381
56373.4
42946.1
5731.81
17078.8
18944.1
19074.9
17686.2
15206.3
-21511.6
-16186.4
-788.424
-842.871
-166360
-135156
-56183.2
-58060.5
-97502.2
-83996.5
-62373.9
-51881.1
-47071.4
-37455.4
-4113.24
-11809.4
76932.5
60268.8
10888
22797.1
39358.3
35039.3
34120.7
19152
-35682
-28157
-166.17
-11890
-189541
-152838
-68200.4
-76294.7
-108248
-92632.4
-71727.5
-64170.6
-70777.9
-55272.4
-6291.84
-20045.1
110920
88269.6
27466.1
33965.2
62808.8
55420.9
48547.8
38750.2
-34803.8
-25692
1660.29
-8735.6
-160266
-130024
-59406.9
-68842.5
-100870
-88194.6
-75104.6
-61461
-101062
-78838.2
-15092.5
-30211.8
157138
126351
48897.1
58850.4
50815.5
45681.9
46862.1
36969
-91.2168
566.393
9637.87
4212.24
-118245
-95543.6
-47847.8
-50138.8
-98280.8
-86528.7
-86005.4
-62899.3
-133449
-103911
-28855.6
-40239.3
177962
144703
61634.3
73039.9
68067.5
62206.3
55015.7
43018.3
19317.5
16866.6
18191.7
8848.03
-116028
-93768.7
-47914.3
-50542.6
-105659
-92534.8
-93217.9
-72522.3
-166438
-130758
-43612.9
-57967.2
180509
149406
65275.1
73487.5
74415.2
64514.3
60283.7
47684.5
50082.3
43514.6
38771.4
24630.7
-142115
-114295
-56311.9
-59868.6
-126149
-110724
-106157
-80321.7
-187700
-149245
-47272.9
-65186.8
182368
148395
66910
75830.8
72735.8
67627.7
62633.4
51911.5
71800.3
61888.8
48399.3
37533.2
-154849
-123786
-66196.5
-63544.9
-149153
-130400
-124700
-96035
-229125
-181143
-61877.5
-77420.4
224916
186120
83249.1
94844.2
87348.9
76508.2
73168.6
55466.2
90660.3
74719.3
57243.1
50246.3
-148901
-123995
-68362.4
-65157.8
-114814
-104918
-115782
-89765.8
-230743
-184933
-59223.7
-84446.9
262453
211616
97945.6
105582
67623.4
62767.7
68226.6
56089.8
84207.2
74025.6
57060.7
48588.1
-128447
-105437
-60922.9
-58583.8
-80215.6
-76168.8
-104429
-71989.8
-243572
-192989
-60787.8
-84947.6
284397
231129
110255
122781
15549.3
19714.1
39952.9
34926.8
107628
91776.1
62031.6
60560.2
-121953
-99227.6
-62289.7
-51026.9
-43810.2
-47967.3
-102827
-59426.7
-257847
-204941
-73927.3
-90607.2
271549
220036
104080
118091
-32464
-19139.3
12814.9
8519.22
77684.9
66213.5
46331.8
44853.9
-170771
-140625
-88125.3
-73945.7
-56835.8
-60175.5
-115879
-70504.2
-285694
-228991
-92155.8
-108730
238105
193734
88150.8
98739.7
-71434.8
-55092.1
-7407.65
-17361.6
58679.3
51434.2
44253.6
30474.9
-234060
-193051
-115255
-109340
-57804.6
-60644.3
-124528
-79018.5
-300846
-242653
-96645.2
-120746
225728
181681
78848.8
87814.2
-101693
-77894.9
-23426.4
-26921
81409.9
70055.9
53327.9
46252.6
-235688
-194372
-121216
-105910
-25356.8
-36338.9
-120659
-68913.9
-311597
-250089
-98087
-118933
270772
220201
96799.4
109541
-99687.2
-79242.6
-24878.1
-36404.7
96215.3
80352.8
57547.9
51712.1
-235579
-198213
-127609
-117407
0.707107
-17631.7
-117559
-64285.9
-298340
-240387
-95417.7
-114903
311545
250412
100978
123116
-95150.4
-74718.6
-23710.7
-32273.1
106006
90594.5
61847.8
55362.9
-206669
-174660
-120224
-108955
26756.9
3044.8
-112752
-54071
-293610
-236392
-94187.3
-114361
346250
278014
108146
134979
-131747
-104117
-36398.3
-44929.6
117951
100682
66021.9
62768.5
-196614
-165458
-111566
-104006
36533.4
11644.6
-107220
-51966
-305463
-244300
-98999.9
-117537
343605
277044
109466
135451
-140991
-111352
-44629
-48920.5
85048.7
71784.1
50198.9
50673.4
-209582
-177530
-116562
-105673
19336.5
-3213.8
-110746
-55617.5
-325413
-263167
-115525
-125780
327575
264024
97770.2
127604
-170122
-139801
-62412.1
-66601.7
55778.7
47674.6
35820.6
31859.4
-254148
-213644
-136189
-125340
-22953.4
-37643.5
-129468
-72207.6
-346251
-282367
-131129
-141681
308231
244026
78626
112980
-199536
-162138
-76175.2
-80240.4
47459.6
39679.3
30971.3
29277
-270821
-227279
-143639
-130973
-44989.7
-55703
-139325
-83682.6
-367035
-300102
-138789
-151098
334932
265937
81074
118037
-213227
-172091
-79577.1
-90023.2
19212.8
17106.3
16713.2
14548
-283222
-238354
-157089
-144664
-55932.9
-63551.9
-150870
-94534.5
-382282
-310949
-143358
-161258
342066
270482
77078.2
114242
-207483
-169520
-78097.1
-86336.3
201.525
2189.2
7286.03
3549.68
-283828
-239870
-165888
-151041
-52311.1
-63571.7
-157669
-94284.2
-386196
-315308
-146556
-162856
348594
274433
77527.9
118327
-193859
-160039
-72309.4
-83568.7
29411.4
24759.3
14992.1
14976.5
-250248
-214237
-157383
-142645
-40715.2
-55671.2
-157194
-96407.6
-357659
-292252
-134445
-153142
339775
266661
77617
113373
-152903
-124940
-58049.2
-64556
36010.8
29927.6
16849.6
18464
-223765
-193404
-151457
-129859
-35886.4
-51654.9
-153628
-92212.4
-317071
-258833
-118960
-134257
327236
258246
76656.7
110095
-127390
-105446
-50382.1
-53093.1
61818.8
52825.8
36104.9
29427
-232150
-199176
-151440
-133914
-38031
-51763
-154813
-89902.3
-269234
-219550
-94062.9
-111084
321528
252734
74751.1
109681
-116736
-96406.9
-45360.9
-51892.4
77100.1
64213.8
42198
36708
-228463
-197205
-156621
-133845
-49265.5
-62638.3
-165612
-101049
-253717
-206042
-85650.4
-102649
326186
257478
74528.3
109764
-84530.4
-66178.8
-27172.7
-38108.8
85525.3
71675.9
53001.9
45438
-238967
-204210
-161077
-135543
-32451.3
-47415
-161300
-93666.2
-247847
-198676
-75922.1
-97923.7
355542
283502
84318.2
119145
-55428
-43395.1
-17360.9
-21208.3
77363.8
66649.1
49440.9
43862.5
-238524
-204922
-165672
-140453
-28668.2
-47007.8
-164037
-92229.4
-259281
-207340
-78383.5
-99781.3
382439
303415
91274.1
132295
-14422.1
-13071.6
-6343.45
-10077.7
110311
91677.1
58242.3
53868.8
-204413
-178406
-153327
-131274
-5335.12
-29675.2
-162001
-89132.9
-230524
-184980
-70830.9
-91445.2
412448
327197
100235
139887
47036.7
38356.3
15879.5
13293.6
101030
82057.6
51024.1
50261.2
-206370
-181881
-158345
-128246
-11482.7
-35247.9
-165661
-93141.5
-227802
-184222
-70801.9
-91112.1
420740
334095
103349
144536
101784
82368.7
35356.8
38527.4
124868
102997
58657.3
56560.1
-228498
-197818
-169892
-137459
-2690.54
-25945.2
-167372
-86596.5
-193189
-154763
-57500.5
-75910.7
436213
346397
104605
151177
116840
95633.4
40478.3
42541
110867
89749.5
52806
50790.8
-277269
-239381
-193243
-159555
-27671.9
-48815.8
-180047
-102357
-216576
-174266
-65551.6
-84714.9
443380
351695
105529
150260
2160.21
2974.8
243.245
4816.1
4190.31
3849.49
-157.685
1565.53
-58860.3
-49588.7
-26469.1
-24174.6
-26356
-23143.6
-9315.42
-11317.2
2683.47
487.197
829.436
1558.46
-5374.72
-5333.71
-5594.63
-1583.21
-1276.33
-1687.86
4591.95
-2242.94
1652.51
3124
2153.14
1004.8
-98797
-80154.8
-38466.6
-45978.9
-56757.3
-44359.6
-17636
-21094.4
-6892.88
-5209.96
-7256.33
-1962.93
-26284.6
-20109.4
-9031.87
-13436.4
15649
12945.7
17149.5
9797.67
11745.8
11800.2
10734.6
8363.66
-125083
-101438
-45771.7
-54344
-61410.8
-47646.3
-11793.1
-16954.3
-23557.3
-19184.5
-15278.5
-7423.91
-48327.2
-37066.5
-11890.7
-16109.3
20864.6
19072.1
24865.4
16408.4
8852.98
10791.9
10122.9
9824.54
-154224
-124140
-57187.3
-65688.8
-86270.6
-66919.2
-19912.8
-27717.9
-45695.4
-38002.7
-28035.4
-22999.4
-54565.3
-41834.6
-12101.4
-19773.5
24424.9
21986.8
27924.4
21373
22838.1
20482.1
14990
15938.9
-187822
-153753
-71670.2
-78188.3
-84199.4
-66837.9
-16791
-24568.4
-38168.2
-33275
-24273.6
-19249.6
-47659.7
-38027.5
-9275.12
-12945.7
26076
22011.5
34468.6
19224.1
29464.4
26874.3
23753.1
17191.2
-220430
-180445
-82822.7
-95912
-124767
-97714.4
-30781.8
-41141.6
-56331
-46570.1
-29200
-25035.8
-63496.8
-51327.5
-16054.9
-23719.2
18651.4
20471.4
26798.6
24183.8
26684.8
24842.1
29412.1
16744.3
-232034
-187390
-82461.4
-96776.8
-132854
-104489
-32044
-49626.2
-76639.1
-63683.5
-30732.3
-37964.6
-74507.8
-60085.7
-21044.9
-23234.1
15957.3
14684.5
26766.1
16252.8
37326.8
33562.1
37432.1
27441.4
-227418
-184845
-77433.8
-93767.3
-114312
-90550.7
-27753.2
-40182.8
-72597.2
-59769.6
-29900.7
-31036.3
-71838.5
-56825.2
-16274.8
-28032.5
16015.3
13202.4
21599.3
18395.4
43807.4
39525.1
43501.9
29860.4
-220591
-179259
-72969.2
-91312.9
-90911.3
-72686.3
-19622.9
-31398.4
-69401.8
-57180.9
-27116.1
-29975.7
-70229.1
-56488.6
-16296
-23764.4
-25367.5
-19720.5
3536.24
-3242.79
11120.7
13697.4
31413.9
20797.4
-227653
-184136
-75176.8
-92976.8
-117149
-93203.7
-35955
-44087.4
-117740
-96240.1
-48053.6
-50478.9
-96810.7
-77240.8
-25742.9
-36880.6
-29272.8
-21986.1
-845.7
-2261.33
16160.2
17330.5
32580.7
20150.4
-223586
-179908
-72193.5
-90127.1
-83265.4
-65399.6
-22378.5
-32299.2
-116990
-95716.8
-40901.2
-50275.3
-91040.7
-73211.7
-23546.7
-31146.6
-34195.7
-28028.3
3274.61
-9801.91
10830
14660.4
39432.5
21245.7
-239078
-193494
-77646
-96206.8
-89716.3
-70183.2
-24061.4
-32063
-139528
-111474
-39939.5
-52120.1
-80523.2
-64162.2
-12303.7
-27376.3
-36095.7
-25444.5
929.845
137.886
14039.6
15956.6
45904
25219.7
-215966
-173198
-68725.8
-83997.9
-94259.5
-76650.4
-26430.2
-36343.2
-151106
-122993
-44096.6
-59757.6
-68742.1
-54994.5
-10840.7
-19214.2
-80037.4
-64728.6
-18506.4
-25445.2
-5229.76
2589.43
39750
22655.7
-220542
-176874
-70118.1
-83907.4
-136449
-109486
-41648.6
-49819.2
-183515
-147760
-63945.8
-70571.4
-71165.3
-55816.9
-18344.5
-24404.4
-92994.4
-76694.2
-33164
-29837.1
801.859
7756.96
42396.7
24015.5
-206250
-165218
-67209.1
-78812
-159634
-129728
-55913.8
-57501.9
-202933
-164928
-78145.2
-81120
-45119.8
-36888.3
-21128.4
-14250.3
-130528
-108009
-50547.5
-51998.5
-11434.6
-2859.54
37900.9
18446.3
-175990
-141426
-58669.4
-68576.6
-196043
-160042
-73665.7
-81414.9
-227337
-186214
-94138.5
-99096.8
-25418.4
-23851.4
-25995.4
-17630.3
-155402
-127169
-67182.9
-63136.9
-1533.01
4229.21
38911.4
21182.1
-170942
-137434
-58497.5
-66420.7
-191705
-157487
-69938.5
-79653.5
-210948
-174377
-90080.5
-94884.5
-3818.38
-7920.3
-26610.5
-12777.4
-189618
-158140
-87036.4
-83104.8
-24856.2
-12498.8
32267.4
14594
-163663
-131150
-58910.5
-64510.8
-231070
-186514
-86135.5
-92937.2
-254466
-209371
-116692
-111805
-4992.88
-9673.93
-39661.6
-18254
-185350
-151828
-93105.5
-84903
-21261.3
-10222.6
37404.5
11981.2
-171234
-138926
-59131.8
-69278.1
-234509
-191241
-88191.8
-99789
-266726
-220779
-124888
-126016
-3097.13
-8996.52
-45619.7
-21288.2
-202733
-170505
-101804
-97733.5
-10046.6
-1888.68
40317.1
19531
-174862
-142341
-62238.8
-70729.1
-240559
-196659
-95808.7
-100437
-267869
-222680
-133519
-128061
-8507.2
-13205.2
-48822.9
-27989.4
-224343
-189417
-117400
-106516
-6726
1282.69
42782.1
19700
-161959
-131796
-59094.3
-66960.9
-259083
-213158
-107468
-109488
-269257
-224533
-138063
-130981
-6464.37
-13099.2
-52956.6
-25212.6
-278294
-232928
-139103
-133000
-16811.5
-6577.51
37999.9
17551.8
-150212
-123121
-55964
-61442.6
-292857
-241105
-129341
-129033
-275293
-229745
-146042
-137327
-8726.4
-14990
-57656.8
-31393.4
-296136
-246229
-148822
-140790
-3917.37
4011.42
44036.5
18835.9
-170200
-139501
-64437.9
-72817.1
-295374
-243231
-128569
-133833
-269298
-225516
-145935
-137836
-12446.5
-18717.1
-62822.9
-33444.7
-309259
-259884
-150904
-149509
11744.3
17368.7
53050.7
29289.8
-175234
-143903
-67289.7
-75372.6
-309595
-253739
-138535
-137639
-282450
-237821
-156580
-142292
-18956.1
-25492.6
-68984.6
-39748.6
-295750
-243048
-146488
-141324
6561.24
13480.3
48525.2
28094.8
-186186
-151498
-70688.8
-78266.1
-326125
-267086
-145619
-149301
-288234
-241939
-162412
-151032
-15373.9
-21352.5
-70922.1
-41079.4
-294975
-245186
-139213
-142049
-18731.3
-8094.25
40723
19108.1
-197144
-160562
-69461.2
-82806.4
-353841
-290073
-150404
-158416
-300561
-252699
-171014
-154368
-9414.42
-16108.6
-61737.5
-38859.8
-268022
-221964
-123821
-126704
-30857.4
-16687.7
37821
15238.2
-181411
-146824
-61889.5
-74305.6
-341221
-278723
-137994
-148977
-302635
-253971
-168726
-155301
22037.7
9897.37
-46341
-21744.2
-235768
-194338
-97917.3
-108133
-36177.7
-21128.4
38463.8
13866.4
-142609
-115709
-42782.8
-59512.2
-334629
-271849
-131894
-144733
-300609
-251399
-168134
-153732
77801.5
55724.3
-18921.5
2480.53
-216153
-177208
-86587.3
-93344.5
-36664.9
-21905.5
37488
12442.3
-133316
-108079
-38965.1
-51474.5
-312531
-254232
-117439
-132123
-289734
-243581
-160644
-150349
98240.5
71740.9
-9124.51
14751
-201539
-166321
-72337
-87934.4
-40543.4
-24482.9
40157.3
9850.7
-140631
-114363
-40982.5
-56510.6
-347277
-281187
-127609
-144224
-318285
-266525
-170026
-159328
103226
75507.7
-5501.29
14963.1
-189522
-149877
-61630
-75446.2
-32578.5
-17582.2
49698.3
18596.9
-115453
-91596.5
-29704.8
-40529.9
-327871
-264408
-111299
-137109
-312775
-260437
-160683
-160835
103709
78606.9
-132.229
19203.6
-178676
-144383
-56792
-69030.6
-35935.2
-21209.7
45626.8
19567.8
-107397
-85212
-25575.3
-35263.4
-307787
-249109
-103940
-122389
-284941
-238832
-155184
-143533
118288
90967.2
6364.67
28825.9
-159821
-129014
-54258.4
-65167.7
-26651.6
-13123.9
48525.2
18186.8
-85395.9
-66555.7
-15225.4
-27563.7
-264290
-213530
-87546.2
-109087
-255780
-214901
-144076
-136213
131767
101154
5698.57
30810.8
-172458
-140624
-57721.8
-68517.2
-57378.2
-38631.4
36436.5
9380.48
-47750.2
-36675.5
-1260.06
-10697.8
-250942
-203534
-85081.2
-102202
-245704
-207771
-143042
-131761
133720
100853
3643.72
28302.7
-180157
-144668
-61328.8
-70031.1
-59049.8
-39508.9
31467.7
2320.02
-38545.8
-28126.6
2809.34
-7771.1
-204369
-164120
-63952.9
-83635.9
-202383
-170745
-120127
-114415
134168
102274
5155.52
30742.9
-179742
-145745
-56983.6
-71046.6
-74951.2
-52231.9
28532.5
78.4889
-37292.1
-27531.2
-347.897
-7666.45
-206667
-164436
-65804.8
-78187.6
-194248
-162927
-116349
-104218
137960
106020
7481.9
33619.4
-2015.96
-2419.72
-7972.63
-3015.1
-1493.41
-1851.91
-4813.28
-1018.23
-3259.06
-3203.19
-2571.75
-1914.14
-3916.66
-2477.7
-5468.06
-1553.51
5325.22
4356.48
-3165.72
2040.71
32751.8
26838.2
7220.97
10267.2
39311.6
28042.4
7771.81
6361.13
-6796
-7121.27
-10750.1
-7206.13
811.759
-787.01
-235.467
-769.332
7094.4
5235.42
883.176
-1330.77
19015.5
13320.5
-4337.39
2509.52
57028.2
44711.8
12924.5
19188
66082
51334.5
17990.2
21958.5
-18923.6
-16730.1
-11200.6
-11706.2
-18659.8
-15258
-741.755
-5575.54
51342.3
43148.4
24133.6
20800.3
23901.6
16508.8
-7976.87
1523.11
75376.9
61589
18213.7
26114.2
72562.6
56654.1
16151.7
23253.2
-22389.8
-18252.5
-10040.2
-10213.5
-19656.2
-15856.9
3485.33
-3187.64
90927.6
74349.4
42456.1
37063.7
31679.8
21528.6
-10201.4
885.298
93795.6
75622.9
16564
34674.4
68559.7
53224.6
15040.9
21199.1
-42553
-35320
-20783.3
-18741.2
-41731.3
-32705.8
-2329.92
-10305.4
92459.9
75740.3
44119.2
40946.4
32345.9
21736.5
-18678.9
-1763.52
79474.6
63234.4
3453.51
23999.9
82807.9
62706.9
22129.6
24853.4
-48282
-42742.5
-21793
-26716.6
-37663.3
-30679.9
4789.23
-8223.65
114262
93314.8
58259.2
46085.7
53104.4
38072
-11501.1
-1387.34
82992.4
62989.1
-2040.71
16890.7
58944.4
46298.5
12144.6
22053.2
-24810.3
-21736.5
-13007.2
-12921
-50746.2
-38547.9
1938.89
-11649.6
98085.6
82655.8
51943.4
53767
59160.8
44917.5
-6118.59
11989
114546
85885.9
12491.7
26461.3
49793.8
37958.2
5114.5
15053.6
-15152.6
-14326.7
-14090.5
-11501.1
-63567.5
-49222.4
-6863.89
-16021.6
69992.3
60434.3
39063.4
40003.9
41628.1
31763.2
-9893.13
3684.03
135806
104009
21550.5
38482.9
19494.2
13858.6
-12649.4
2084.55
-24217.7
-22494.5
-16300.9
-16583.8
-93957.5
-75243.9
-19753.7
-30543.5
53784
46323.3
32171.2
32975.9
18864.2
12918.1
-18910.2
-3567.35
151113
116607
29455.9
44622
-21949.3
-19842.8
-28103.3
-16758.4
-6497.6
-5305.42
-8176.28
-5552.2
-105244
-83025.6
-25342.7
-35993.9
16902
15273.5
16057.7
13119
1623.52
-513.36
-18627.3
-11369.6
152386
120062
28226.3
51717.8
-40747
-34618.5
-33997
-23311.9
14245.4
9820.3
-1999.7
222.032
-112009
-88567.2
-24439.7
-39225.3
-20269.2
-14287.1
3314.92
-1158.95
2615.59
1971.41
-13926.5
-4232.03
171084
133992
35175.7
54127.6
-70823.1
-59776.7
-45524.9
-33473.7
42340.1
32251.1
8178.4
11628.4
-105798
-83954.8
-23985.1
-31767.5
-57161.8
-43885.9
-12581.6
-15458.1
9403.11
9010.66
-2670.04
-2173.65
178268
139256
32633.7
59080.9
-114804
-95615.7
-66451.1
-57351.3
49778.9
41286.6
15204.2
19356.3
-123138
-96109.2
-33266.5
-42654.8
-94153.4
-74401.8
-28007.8
-31044.8
6677.21
5980.71
6602.96
4826
159382
122725
24847.7
46273.8
-108049
-93666.9
-66091.1
-62430.5
62213.4
51026.2
22387.7
24923.4
-122253
-98105.4
-39751.4
-45453.5
-98443.4
-79629.4
-31061.8
-39415.5
-7056.93
-5305.42
7579.48
-432.042
139912
106664
20745.8
36949.2
-87626.8
-75608.1
-66072.1
-53248.7
66228.3
53675.1
25514.5
26376.5
-130510
-104561
-47207.9
-49507.4
-84500.7
-67967.8
-24722.6
-29141.3
4881.16
4430.73
17387.8
7325.63
140644
108913
24340
41300.7
-107679
-92635.9
-75355.7
-64414.6
92684
77906.9
41432.9
41092.8
-125886
-101818
-52197.2
-53184.3
-73737.8
-60158.5
-22605.5
-31382.1
22044.8
20303.9
30016
16911.9
114668
89321
17911
36483.9
-122882
-104658
-79955.4
-69642.9
118433
98579.2
57455.3
54649.5
-140612
-113295
-59044.8
-59848.1
-69050.4
-55751.1
-20712.6
-27890.4
50925.8
44711.1
49591.5
32008.6
99426.3
77327.1
14915
29147.6
-149593
-127700
-90233.9
-79060.2
150487
124968
74389
72575.3
-139285
-114987
-65952.6
-58393.6
-54510.9
-44612.8
-17827.6
-21334.8
85168.2
73863
68725.8
52010.5
71686.5
53650.3
4455.48
20805.2
-183885
-157070
-106164
-97201.7
150701
124439
73131.1
75328.1
-156663
-130786
-77367.4
-77821.3
-74138.7
-61130.8
-31519.3
-28610.2
79944.8
71647.6
68057.6
57180.9
71502.6
52395.2
7191.28
13838.1
-161140
-139140
-96006.7
-95796
146626
121018
63788.1
68526.4
-132480
-110482
-70106.1
-70261.7
-64624.6
-54172.2
-31457.8
-31393.4
71636.3
66164.7
66591.8
50063.2
92688.3
72540
26267.6
26834.7
-135445
-117974
-91492.5
-80350.7
113711
91743.6
47233.3
52065.7
-111540
-94741
-68490.4
-61106.8
-41676.2
-36301.4
-25199.9
-19422.1
65525.5
58711.1
61326.7
49362.4
125613
99941.1
48286.2
46462.6
-184201
-155809
-108315
-98681.7
75300.5
62332.9
32802.7
36732.1
-129782
-109364
-80071.4
-71702.7
-56095.5
-48988.4
-38830.1
-31761.8
37208
37130.9
53563.3
34073.4
126369
104491
54362.4
58158.8
-199480
-168262
-111368
-104417
65686
54259.1
25969.2
30438.8
-139263
-117506
-85769.9
-75402.3
-71555.7
-61555.1
-46896.7
-41422.3
35671.4
37124.5
57117.3
37994.3
136198
112479
65488.7
62004.8
-230208
-193366
-119177
-115299
46763.1
37093.4
17163.6
20878
-140277
-118375
-87178.5
-79007.9
-75435.6
-65229.2
-55046.1
-44088.1
36399.7
39071.9
62446.7
38163.3
140671
116801
72455.1
68163
-223093
-184759
-122264
-108345
61412.2
50034.2
24210.6
25651.7
-99890.9
-84004.3
-72569
-60023.5
-90711.2
-76943.8
-62697
-49918.9
77008.2
72894.2
87957.7
62413.5
161707
133835
80429.9
74003.7
-234643
-198197
-129401
-116611
39378.8
31917.4
19376.8
21260.6
-92870.7
-80087.6
-69153.6
-52591.1
-86875.8
-74570.8
-55338.9
-49848.9
79838.7
74833.1
95312.3
69331.1
156123
129268
80004.2
78762.5
-237388
-198515
-138932
-120047
29045.8
23696.6
24806
15393.7
-76793.9
-67177.3
-65455.5
-50142.4
-39633.3
-34856.8
-32813.3
-25264.2
116590
103786
111620
81541.4
173539
144134
88724.9
81941.7
-276293
-230708
-155793
-139701
26698.9
25069.8
29461.6
21881.4
-69377.1
-60602.6
-69371.4
-49075.3
-25941.6
-24168.2
-28061.5
-22976
136631
122096
117976
90483.5
176008
147333
83964
89137.2
-307651
-256104
-168651
-152741
24805.3
22987.3
34588.1
21119.2
-73375.1
-64325.5
-69252.6
-51642.1
-21397.8
-20313.8
-22476.1
-18816.1
166775
146075
134148
102960
166164
137981
78701.7
78413.2
-372331
-310034
-201540
-178565
8742.67
9673.93
26555.4
18265.3
-67616.4
-60114.7
-76818
-49660.1
-29293.3
-25920.4
-29963.6
-19269.4
182958
160607
134917
111741
140236
116523
58888.6
69244.1
-412111
-345340
-223595
-207783
27849.4
26377.2
30038.6
22140.9
-94981.4
-85410.7
-95887.2
-69939.2
-48477.8
-42258.1
-45636
-30674.3
192969
166439
137355
117491
160161
128930
65091.3
64957
-353962
-299860
-201148
-192079
67195.7
58243
44989
32791.4
-90671.6
-84050.2
-99434.8
-73782.3
-34046.5
-30885
-40669.2
-31498.8
205931
176446
139871
118776
175319
141823
79306.3
74536.1
-290685
-247599
-182937
-161937
91748.5
77164.4
56247.5
46648.5
-103724
-95144.8
-107928
-79635.1
12566.7
7368.05
-23153.5
-6248.7
219451
186451
142239
125520
226352
186364
110798
101456
-269923
-231187
-182092
-157072
123170
104484
66425.6
60126.7
-126697
-115109
-125204
-92925.9
31778.1
20872.4
-21161.6
-6069.1
218679
184791
134327
120268
255835
211991
128331
124877
-264910
-228824
-182198
-156457
137984
114264
69012.9
64991.6
-178595
-157947
-151810
-117199
11313
3730.7
-34349.8
-14713.5
203163
171319
120941
109037
254701
211171
132971
122629
-244891
-213278
-176038
-150174
162208
133253
76922.6
71479.3
-210790
-186188
-167164
-135815
12324.2
3337.54
-39378.1
-18897.4
202824
170419
115174
104945
257113
211808
136663
127899
-16771.2
-13274.5
-5116.62
-8490.94
18305.6
15410
7247.84
7385.02
-12146.7
-9925.66
-4323.96
-4171.22
19108.9
16212.5
8420.23
8102.74
10473.7
9606.05
10848.4
5962.32
-12137.5
-8671.25
-372.645
-5019.75
-15063.5
-11035.1
1325.12
-2915.4
4026.97
2445.18
-1331.48
3821.91
-37999.9
-31276
-17378.6
-12555.4
7319.97
5667.46
3527.05
4974.5
7068.24
6522.35
13919.4
6166.68
-6128.49
-4945.5
-4893.18
2642.46
-18377.7
-12303.7
1214.1
-6585.29
27872.7
22780.2
8377.09
11156
-49822.7
-40720.9
-22820.5
-18895.3
32780.1
26883.5
11357.5
16075.4
20922.6
20706.9
29670.2
17037
-51845.1
-42311.1
-28683.1
-24088.3
-9794.14
-4225.67
11557
466.69
22935.7
16996.7
1007.63
9084.91
-78249.1
-63940.8
-30407
-34551.4
25284
19474.4
1672.31
6996.11
53254.3
47604.5
45035.6
35202.6
-46993.6
-39128.5
-27539.7
-22289.4
-36414.6
-26484
3886.26
-2263.45
-8983.79
-10278.5
-22820.5
-5388.86
-120859
-97253.3
-51845.8
-46674.7
30445.9
23148.6
-6700.54
5958.79
57530.2
50285.9
44970.6
38718.3
-81849
-67687.1
-45302.9
-28396
-24212
-14174.7
18400.3
1422.7
-66832.2
-57573.3
-48722.5
-38484.3
-166210
-135263
-65536.1
-68798
-1339.26
-4616.7
-26572.4
-11465.7
43067.8
39744.4
38578.3
29390.9
-83765.3
-69551
-52041.6
-44624.1
-18051.7
-11651
21916.8
8234.97
-36361.6
-32978
-33179.6
-29743.7
-189430
-156887
-77848.9
-80691.5
-7439.47
-10994.8
-28314.7
-16852.5
63531.4
55909.5
53400
41586.4
-97790.7
-82954.2
-53710.4
-52660.4
-18269.5
-10568.4
18893.9
7476.24
-24694.3
-22981.7
-26922.4
-20677.2
-204382
-169305
-99127.9
-90750.1
-23925
-23589.8
-35132.6
-21817.1
71376.1
62721.1
58605
44567.5
-106841
-90144.8
-58849.7
-52786.2
-10364.1
-5678.77
18254.7
5480.08
7186.33
2989.65
-6845.5
-6792.47
-200189
-168108
-104361
-97280.9
-15186.5
-17646.6
-31628.2
-19837.2
76812.3
68221
67711.8
50725
-147533
-123406
-71600.9
-71415
11909.1
14217.1
22568
14881.8
40557.5
32114
8587.1
11951.5
-197955
-166977
-114180
-103255
-14195.9
-15579.7
-33867.6
-21308
114934
100272
82828.4
70663.3
-143529
-118441
-67338.5
-67491.9
25354
22027.8
28229.8
16999.6
81049.3
63897.7
23704.3
29024.6
-198854
-169841
-125998
-108882
1994.75
-2849.64
-27592.7
-16259.9
157663
134236
105526
85772.1
-158412
-131004
-65727
-68579.5
75671.7
63735.8
46486.6
39338.5
98686.7
78649.4
29047.2
33214.2
-206098
-177259
-133953
-116202
-2112.84
-7262.69
-31145.9
-16425.4
191871
162864
116878
102847
-143354
-117697
-59996.6
-65899.5
46148.6
38176.7
37063
32024.2
111007
89254.6
32798.4
39966.4
-229164
-196147
-146340
-124000
-5895.86
-9846.46
-30487.6
-17005.2
186808
158410
117231
102306
-137569
-112297
-52629.3
-60522
19598.2
16325
30491.2
18756.7
123255
97936.4
31754
43557.1
-228010
-196738
-159778
-130296
-10535.2
-14126.6
-34215.5
-20922.6
178713
151102
120111
96204.7
-114150
-93570.7
-48168.1
-46854.3
2867.32
4051.72
23610.3
10453.2
173093
138563
46101.2
60394
-219743
-191424
-166636
-133957
24601
14625.1
-22172.7
-4777.92
194734
167060
133856
108426
-120509
-98987.2
-56726.9
-55237.8
23485.8
24072.7
44544.2
18453.4
199494
159627
56058
68503.1
-210430
-184478
-163641
-137140
44987.5
31753.3
-13024.2
-3083.69
219176
188920
151125
121890
-83060.3
-68291
-43188.7
-43039.5
466.69
6155.36
39274.8
24412.2
200465
160065
42728.3
73100.7
-227534
-196452
-179975
-138097
52898
40437.3
-10964.4
6834.89
214339
184983
148415
126429
-98144.3
-81148.3
-56725.5
-40336.9
-3110.56
4712.16
41323.3
23488.7
175708
139593
28625.8
55250.5
-257662
-223683
-195048
-154081
30641.1
20209.8
-24207.1
-1262.19
208802
181427
143483
123010
-92783.7
-77105.8
-60425.8
-50537.6
-60008.6
-42837.2
20938.8
60.8112
169230
132517
26728.6
47466.7
-302461
-260657
-209021
-181066
-7182.08
-10690
-29981.3
-18899.6
174089
151525
129613
108275
-119734
-101890
-69208.1
-66970.8
-76256.5
-56672.5
12067.5
-7795.15
177555
136747
25977
50272.5
-297470
-257129
-207129
-177504
-31422.4
-30323.6
-32561.6
-27139.5
128249
112822
107935
86178.6
-109987
-96086.6
-67851.1
-62186.5
-105236
-79605.4
-2737.92
-25203.4
200731
156528
35913.2
57347.8
-294377
-254164
-202358
-175475
-21846.8
-21380.8
-22877
-18239.1
92358
85581.8
96967.7
72128.4
-150310
-128132
-84633.6
-80638.5
-121901
-91991.8
-7719.48
-28316.8
198097
154345
33399.5
61224.1
-293916
-252417
-192700
-172055
-23760.2
-21085.9
-17720.8
-16305.2
64143.1
62830
84089.8
62230.3
-157591
-133714
-87737.8
-83700.2
-157663
-124469
-27168.5
-44907.6
192017
146388
14948.9
53466.5
-299204
-255693
-198733
-170303
-5060.06
-5219.16
-11470.7
-8469.02
39563.3
38806
64780.2
43586.1
-173023
-147954
-100708
-88888.3
-148034
-115290
-23676.1
-44142.6
161992
122561
-3496.64
31811.3
-317164
-269714
-199880
-178303
-30090.2
-26214.6
-22657.8
-17423.1
776.403
7741.41
42328.1
21848.2
-165592
-141034
-106067
-94406.5
-150363
-119369
-27667.7
-47272.2
206067
160123
15359.1
51420.8
-342436
-291462
-205639
-184035
-21392.1
-18033.3
-12520
-11351.2
-8956.92
-719.835
38870.4
21597.2
-195028
-166092
-117471
-107304
-131204
-104062
-18889.7
-43298.3
229562
179624
26237.9
62090.3
-365371
-310375
-215052
-197887
-27599.1
-21664.3
-6723.17
-13210.2
-27844.5
-17288.1
35317.2
6160.31
-196816
-167837
-119582
-109633
-119776
-94997
-17336.8
-36850.9
259677
203579
39726.7
78648
-375098
-319885
-217864
-198147
2937.32
3297.24
13108.3
7729.38
-27140.9
-14470.2
41345.2
15910.6
-234989
-200301
-137578
-125283
-105061
-82904.7
-11143.3
-35431
281421
220605
44957.1
85870.3
-406788
-344410
-223916
-213384
12496
12267.6
21373
12177.1
-31498.1
-18299.9
41838.8
13138.8
-266417
-225139
-149716
-140923
-91473.5
-69812.7
-5468.76
-25849.7
327080
258899
57182.3
101821
-438606
-365617
-234079
-222239
44107.9
41929.3
40918.9
27883.3
-45236.4
-27508.6
37617.4
9007.83
-290818
-242473
-159084
-147995
-79543.1
-60302.1
-287.792
-16053.4
321650
253069
52938.3
98183.9
-487791
-408590
-253843
-238002
13252.6
14352.9
30503.2
22152.9
-98404.5
-71792.6
10221.2
-10670.9
-289685
-243793
-163771
-149136
-89895.9
-70539.6
-5059.35
-20303.9
340329
266084
66183.8
106953
-521419
-436247
-267320
-257807
-7538.47
-3606.24
27275.9
11054.2
-97995.8
-73596.4
12358.1
-13999.3
-313656
-263085
-170750
-158444
-79680.3
-60681.1
-3529.88
-20413.5
343954
269956
72356.1
109970
-506116
-423278
-266686
-257581
-11493.3
-6525.18
27118.3
5957.37
-107201
-80927
6813.68
-22865.7
-326280
-272597
-184316
-164113
-54849.6
-40924.5
5366.23
-9659.08
386481
305486
94804.6
132012
-439334
-369779
-243484
-227192
42176.1
36833.9
47205
32352.3
-79725.6
-57116.6
23883.9
-5465.23
-344463
-288497
-198083
-174041
-22167.1
-13336
23168.4
762.261
408585
323903
110755
142830
-428674
-363204
-239066
-225902
56414.4
47606.7
53908.4
35732.9
-46548.8
-30549.1
38227.6
6998.24
-338245
-284624
-198162
-177371
13914.4
17884.9
44697.6
20614.3
450344
360475
129056
163975
-432179
-361040
-237905
-225275
75022.6
67316.6
65256.1
45457.8
-27068.8
-11873
51113.9
17872.8
-348142
-290851
-202639
-177562
59227.3
54005.3
65000.8
46934.2
452331
361512
131137
167677
-448754
-376902
-243045
-225426
59939.3
53284
58020.9
46536.8
-40624.7
-23579.9
45454.9
16323.6
-348587
-293834
-210014
-184793
-36655
-31058.3
-4739.74
-16136.9
1325.83
1784.03
-7280.37
-24.7487
-7834.74
-6609.33
2659.43
-3240.67
-2327.8
-1703.42
219.203
-4192.44
15979.9
14454
9430.68
7285.32
-26594.3
-22351.6
-11166.6
-11482
-14963.1
-8848.73
14724.8
-598.919
-22519.9
-19870.4
-23162.7
-11424.7
2627.61
5284.92
13092.1
2882.17
22459.1
19360.6
13077.9
11223.9
40013.8
35376.6
23999.9
18540.3
-27240.6
-21471.3
-10401.5
-10951
-2559.73
2653.06
34471.5
11842.6
-58676.4
-52079.8
-46248.3
-31066
-14017.7
-10623.6
17266.8
5388.15
8401.84
6877.32
14448.3
5542.3
45406.2
38000.6
23897.4
25017.4
-68930.9
-57714.1
-21218.2
-27859.3
-828.729
5636.35
48708.3
21752.7
-78306.4
-67203.4
-53400
-46461.2
-38919.2
-29201.4
14883.2
-3449.27
21460.7
19400.2
24935.4
15169.6
44696.9
35558.3
18274.5
21001.8
-66255.9
-54116.3
-16906.2
-26348.9
15615
21286
66823.7
34842.7
-68037.1
-59491
-48528
-40987.4
-31455.6
-21532.8
22484.6
1422.7
51858.5
44414.8
37623.7
32727
68677.7
57011.2
24517.5
30228.8
-62057.1
-50268.9
-14299.8
-21499.6
8009.4
15648.3
66066.4
39163.1
-62076.9
-57076.2
-59720.1
-37752.4
-10656.1
-3828.98
30258.5
17842.4
50317
42787.7
32640.8
30588.7
86112.2
70801.9
31778.1
35649.5
-71724
-58649.6
-21367.4
-25359.7
-4934.9
3833.23
62953.7
27234.2
-51717.1
-47364.8
-63330.6
-46517.7
33579.1
31643
46218.6
24470.1
75886
63741.4
39540.7
31027.1
125964
103240
52146.3
49498.2
-68415.4
-55090.7
-26784.5
-30875.8
15824.3
23718.5
73013
41475.3
-71556.4
-65744
-71062.8
-48545
88167.7
78288.7
71976.4
55071.6
105093
88401.8
54184.2
52755.8
148995
124125
72474.9
67634.8
-60420.9
-48671.6
-23683.8
-22191.8
57797.5
56002.1
91644.6
54616.2
-84858.5
-78400.5
-82473.4
-61118.8
140078
116851
95310.9
72655.9
144627
118090
72455.1
62133.5
183124
149999
86341.3
79695.9
-66441.2
-56510.6
-28618
-32683.9
59410.4
59165.7
98965.3
63712.4
-124743
-108356
-89528.2
-78558.9
176323
149171
120070
96520.8
152480
128032
84759.5
74982.3
181680
150094
88259.7
86105.1
-66478.6
-54713.1
-23123.8
-30667.2
64131.8
64802.1
105488
70651.3
-125938
-109940
-83274.6
-70599
230486
195026
144205
126262
187583
157225
104236
98420.8
192409
161384
98922.8
94949.6
-58496.8
-48314.5
-18258.9
-20364
36140.9
41092.1
89922.1
60395.4
-140043
-122127
-98658.4
-78341.8
256461
217003
150945
138357
176504
147814
94673.1
90365.4
188327
158597
103734
93433.6
-74656.3
-62056.4
-31328.4
-31418.2
-5159.05
5408.66
78404
38156.9
-135357
-116118
-98842.9
-82264.1
256701
216563
155128
139399
201285
167716
108168
97541.1
201610
169090
118374
106612
-97684.7
-80551.5
-42192.4
-41323.3
4756.71
15557.8
84842.9
45265.4
-130117
-113409
-98482.3
-79863.5
265038
226218
160745
141848
251434
209645
132336
121506
178743
152640
117440
101386
-105192
-85431.2
-46135.9
-45788.7
3108.44
15800.3
94777.8
47395.2
-132713
-114336
-96227.3
-81648.2
269863
228167
171106
148866
285985
237241
157501
139043
176803
149504
120526
101645
-132529
-109057
-50836.7
-57369
13031.3
24064.3
96914.6
55910.2
-117279
-102656
-93391.1
-76479.3
268487
227007
164882
149093
340001
283213
176562
168303
157160
134575
104551
95958.6
-122827
-101351
-56288.5
-53392.9
-2153.85
11585.2
85535.9
52776.3
-99424.2
-88063.8
-90160.4
-68080.2
251817
214318
152622
141772
356220
295702
178605
178899
120818
105827
87340.4
81109.4
-140352
-115698
-71166.8
-63131.2
-46321.9
-24144.9
66926.9
28975.1
-88745.4
-78524.9
-89982.9
-67373.1
245258
209656
151613
135440
359837
300619
183038
172461
76324.4
70344.4
78020
57849.1
-168898
-138056
-82107.1
-81006.2
-87978.2
-59453.5
50078.7
9138.65
-56653.4
-53004
-85924.8
-53971.3
251253
214726
156637
141266
391031
326750
195585
187131
80043.8
74594.8
83529.8
64319.8
-172490
-141918
-86904.1
-80224.8
-92299.4
-61891.6
50103.5
3715.14
-63003.2
-62171.7
-94888.1
-62948.8
227522
196863
152246
129422
413163
343318
207124
196863
75013.4
72239.4
92150.9
62355.5
-196187
-161971
-92625.3
-92625.3
-87788
-56490.8
47027.6
10579.7
-77222.4
-73404
-114148
-69813.4
198284
172041
139572
124192
418137
348908
207570
202501
77943.7
74307
88932.8
70106.8
-244037
-199768
-112796
-107899
-96663.6
-67781.1
36886.9
1043.69
-78585
-77636.1
-122989
-81956.5
156841
136035
122467
101690
432986
358785
210105
205156
48429.7
47767.9
69621
54145.3
-269344
-222669
-124127
-124130
-111140
-78598.5
21624
-10843.5
-83185.5
-82229.4
-134586
-89765.1
127011
112902
104911
84484.4
440132
363871
204246
206594
9273
17477.6
52717.6
32339.5
-296321
-244791
-139234
-140139
-101156
-72958.6
21026.5
-9800.5
-41810.5
-50855.8
-126902
-77409.8
158080
137495
119618
97382
480748
396283
217951
216551
22672
27610.4
68403.4
35641.7
-273232
-225873
-129104
-132472
-127380
-96361
10817.3
-21134.7
-29675.2
-40619
-125322
-72317.9
156710
135332
123184
98757.4
478373
394568
219386
221485
27527.7
31100
76746.5
46431.5
-281418
-233154
-128955
-130106
-125764
-93677.5
9015.61
-19348.6
-20197.8
-32681.8
-119202
-71007
180954
158453
136957
105957
486652
402635
225580
225421
31462.7
35661.5
85654.7
49029.4
-267426
-219849
-118187
-125165
-124133
-91874.4
4478.81
-22510
-480.833
-16064.1
-114961
-59097.2
202947
175634
149381
121906
480492
397733
223816
225235
24631.4
30457.2
85063.5
49886.4
-263945
-216769
-116795
-120305
-127048
-95550.6
3287.34
-24021.1
7068.24
-10235.4
-109875
-56863.4
217727
186999
157080
130499
473812
392288
224933
223770
33424.2
37459.7
86046.4
55191.1
-245312
-202143
-105510
-110608
-120884
-89902.3
2949.34
-21491.8
33396.7
12109.2
-93280.1
-48987.7
259324
223062
175243
142910
498865
413245
237857
235173
36939.3
41688.2
92350.3
55924.4
-220907
-181300
-90927.6
-102395
-151559
-116695
-17323.4
-35548.4
64234.3
36309.2
-82690.5
-30367.4
298883
256059
194488
167124
489165
406081
235519
232505
37356.5
43349.2
100571
57106.7
-204000
-166746
-82011
-91577.4
-180923
-142362
-26731.5
-60505
97731.3
62996.1
-78434.4
-22858.6
334183
284681
208575
182575
509418
422295
244620
236115
68940.8
69495.2
115031
73163.6
-188086
-154400
-82172.9
-83886.9
-140932
-108253
-9702.21
-37940.5
95873.8
58543.5
-86892.1
-19924.1
330874
283452
205823
184157
531162
440097
252139
251197
71333.6
72520.9
113475
79805.5
-196223
-161223
-90867.5
-85654.7
-123850
-93948.3
3919.49
-34096
85443.2
48652.5
-95210.5
-33873.2
329213
279198
214023
182016
543362
448112
263847
249207
80301.2
75581.9
116789
74270.3
-222850
-185547
-100372
-104706
-64500.9
-45124
30429.6
-2728.02
102180
63313.6
-85803.9
-30407
328651
280259
214868
185034
587969
486950
281359
275451
93090.6
86598
108795
81655.3
-200130
-166244
-96124.8
-95083.2
-34021.7
-20571.9
38176
13838.8
124937
80674.5
-81564.8
-14199.4
329492
280475
207964
188143
609322
502725
282062
287974
68803.6
66931.2
88162.1
72995.3
-212719
-177754
-111827
-98315.4
-31039.2
-18973.8
39313
13039.8
123639
77988.2
-93849.3
-18544.6
336687
286783
212718
187950
612361
505376
286073
281435
37045.3
40974
75543.8
50509.3
-235258
-196398
-124292
-116354
-4772.26
-4582.05
-3244.21
-377.595
4914.39
3517.15
-732.563
5203.6
-20409.2
-17256.9
-5666.75
-6444.57
1755.75
1808.78
2001.11
3003.08
-24823.7
-18446.3
-8071.62
-4489.42
-5458.16
-2873.68
-4668.32
1428.36
-5054.4
-4642.16
-9709.28
-801.152
-6926.82
-7691.2
-14104
-2397.09
-28456.1
-23111.1
-12240.7
-12588.6
3552.5
2725.9
-3577.25
3643.01
-42255.3
-33527.5
-16745.7
-11816.5
-30561.9
-24872.5
-23774.3
-11053.5
4137.28
876.812
-9664.74
-6762.06
-23294.9
-22225.8
-24385.3
-14457.5
-40952.8
-35478.4
-21157.3
-22534.8
37958.9
30975.5
11443.1
9364.22
-74739.8
-59652.9
-34583.9
-29159.7
-27572.9
-23711.4
-32085
-21582.3
-20301.7
-20644
-22210.9
-14387.5
-65322.5
-56977.3
-40356.7
-30555.5
-96332
-80943.2
-41686.1
-43670.9
33987.8
26814.2
15603.7
16246.5
-132778
-109758
-60725.6
-55519.9
-41869.2
-37753.1
-44717.4
-29023.2
-37687.4
-32508.5
-29289.1
-24760.8
-95784.7
-79333.1
-45368
-48834.9
-116487
-96092.3
-49297.4
-54237.2
52287.7
44779
24868.9
18433.6
-158465
-130656
-67496.2
-73556.8
-62216.9
-53803.8
-54199.7
-43412.8
-37932
-32886.1
-36567.3
-25458.7
-130039
-107047
-60763.8
-57596
-128731
-106466
-60731.3
-58602.2
60176.9
51894.6
29269.3
28168.3
-194796
-158342
-86940.9
-86013.2
-95986.9
-79439.2
-73317.1
-55775.2
-66216.3
-57398
-48902.8
-34944.5
-163446
-134203
-74602.6
-72265.6
-129970
-107964
-63930.2
-59529.2
62320.9
53409.9
32993.6
35533.5
-219622
-178955
-95697
-95233.1
-117844
-101026
-83832.5
-66806.7
-60421.6
-51403.1
-45640.2
-36991.6
-168914
-139426
-76914.1
-77752
-109906
-91018.8
-57969.3
-55273.1
64961.2
54764.7
34446
35281.1
-197767
-160643
-81967.8
-87569.5
-145791
-124823
-96875
-80091.2
-44042.9
-38231.1
-35452.2
-24470.1
-179509
-147403
-75072.8
-73816.3
-93394
-78196.8
-50265.4
-44272.7
108187
92078
61039.6
56886.7
-198879
-159207
-75418.6
-76608.7
-164018
-139102
-104213
-85180.2
-71540.8
-62284.8
-45537
-37945.5
-185398
-151867
-71549.3
-77871.5
-115797
-97698.8
-59669.9
-56751
115743
97445.7
67882.3
63865.2
-200364
-161833
-73062.5
-81145.5
-162260
-138954
-105345
-88718.6
-82512.3
-70989.3
-54578
-42332.4
-176693
-144020
-65807.6
-75615.2
-102496
-86240.9
-60613.9
-52607.3
145785
123727
78386.3
71733.2
-166035
-134574
-58891.4
-67789.6
-149094
-128489
-103175
-87421
-88234.9
-76385.2
-66533.8
-48522.4
-193187
-156107
-72194.2
-77909.7
-80311.1
-69763.2
-62885.8
-48236.7
180974
153325
95767.7
92138.8
-172874
-139408
-66190.1
-71252.3
-157945
-133651
-108815
-89385.4
-147674
-126280
-96060.5
-80549.4
-226803
-185498
-92170
-92503.7
-101907
-89531
-77612
-60543.9
179930
152218
99905
95828.5
-219893
-179111
-85414.3
-91421.8
-158062
-135844
-110427
-93608.9
-174447
-146909
-98555.1
-88351.6
-262854
-215607
-106944
-109375
-104737
-91137.6
-77513.8
-63788.1
189112
160595
107529
102827
-245741
-199688
-87013
-97668.4
-172689
-147658
-109241
-96222.4
-194983
-161675
-96927.4
-96576.6
-311206
-255254
-122314
-131017
-108815
-94473
-76282.7
-65311.2
215960
183943
132550
111866
-296003
-238193
-101437
-118650
-171018
-144487
-100000
-96846.1
-230581
-191319
-105741
-105889
-357092
-291867
-132860
-143500
-149387
-128032
-92290.2
-79597.6
257786
219309
160347
142523
-339162
-273598
-110695
-131132
-148106
-124592
-81357.6
-78271.1
-267636
-220400
-114306
-117502
-385554
-312419
-136029
-158191
-164169
-138710
-97205.3
-86465.7
300340
257145
181742
159166
-351400
-282462
-104756
-135093
-145462
-121115
-69681.8
-73067.5
-292498
-239865
-127959
-129033
-438939
-355398
-161070
-177830
-165120
-141105
-104527
-90515.3
307792
264125
189946
169950
-382994
-307349
-119077
-147327
-174170
-141617
-80345
-80760.8
-337334
-278143
-147937
-152057
-456751
-371669
-170813
-189291
-183180
-156377
-115608
-103410
291290
248776
184109
161942
-429759
-344259
-136876
-164871
-158352
-130866
-69658.5
-74032.7
-334201
-274687
-145040
-149728
-471707
-384342
-178227
-192955
-178339
-151861
-112248
-101092
284502
243228
184829
161896
-457475
-366498
-143191
-173701
-159455
-131247
-68769.7
-68414.7
-348859
-286853
-148703
-156413
-522681
-426620
-200304
-214303
-193287
-164066
-118305
-106019
278367
240056
188851
159815
-532243
-425796
-175142
-203387
-173155
-142700
-74905.2
-77875.1
-364439
-300085
-158704
-165115
-543105
-443519
-207148
-225749
-225406
-190615
-134253
-123192
274173
236503
189446
160679
-566701
-455918
-192127
-224494
-136157
-113134
-62992.6
-64553.2
-364165
-298700
-156873
-166015
-555621
-452810
-209152
-233887
-231093
-194915
-136584
-123759
288179
249045
197064
163860
-565288
-455355
-190919
-226634
-123121
-102461
-61190.2
-61671.7
-334679
-275820
-149274
-152454
-572331
-465679
-213611
-234932
-205313
-176025
-130778
-116042
315458
271209
213209
182009
-553534
-446418
-186512
-221822
-91612
-75406.6
-47057.2
-44250
-355673
-294504
-160655
-162801
-566443
-461041
-216289
-236826
-215507
-183926
-129934
-114611
327855
279702
220202
188829
-553694
-446312
-181370
-215134
-86905.5
-72670.1
-48907
-40998.1
-349879
-287348
-160918
-164588
-550578
-447105
-214197
-235674
-236341
-198718
-134099
-126755
324175
278188
216960
184763
-566200
-454555
-179655
-222597
-122057
-99694.3
-66918.5
-58918.3
-338299
-280871
-160615
-161400
-542677
-443319
-216780
-228562
-265936
-224714
-145641
-134666
358729
305116
233761
197775
-579364
-464997
-182168
-221504
-123394
-102917
-74478.1
-64189.7
-348439
-289205
-164616
-166520
-515433
-420804
-207520
-221790
-302237
-252472
-156433
-149431
394649
335700
252287
217353
-576981
-461234
-174800
-217955
-61409.4
-52531.7
-51733.3
-40614.1
-354765
-294511
-168139
-163373
-499719
-409082
-205598
-212700
-340723
-284989
-169129
-159923
412781
350634
256575
228054
-596971
-479925
-180085
-219504
-60743.3
-53822.8
-62905.6
-35183.5
-391367
-325332
-186287
-179404
-533702
-437311
-219697
-227770
-380073
-317290
-186325
-177623
413654
351333
259143
231487
-665714
-535689
-205564
-249884
-109773
-93885.4
-84974.4
-61054.4
-433834
-360237
-204063
-205705
-539909
-442879
-224584
-240009
-410381
-341345
-199142
-195412
427888
363767
264650
236084
-688166
-552673
-210552
-265077
-109141
-96507.3
-84747.5
-75734.7
-419657
-348629
-196361
-199138
-519058
-426488
-219749
-228694
-404533
-336813
-194353
-193803
449385
380881
272017
246705
-670784
-537992
-197119
-250457
-101890
-91079.6
-80282.8
-65695.2
-390966
-323533
-179891
-182653
-516208
-423838
-216845
-225371
-403634
-334472
-189977
-187641
485248
411767
295938
262347
-667397
-531454
-184693
-244128
-73578.7
-65570.7
-64727.8
-55807.7
-381261
-314790
-170952
-177317
-478753
-392815
-197114
-210606
-418266
-345023
-192452
-192030
529808
449380
318723
288344
-623986
-494018
-155819
-220736
5827.27
465.276
-25529.4
-17971.8
-376587
-311578
-166670
-171702
-453740
-371857
-186680
-199249
-430334
-355225
-193843
-195263
566118
480791
331845
300433
-595834
-470992
-140385
-200881
35439.5
24281.3
-13446.3
86.9741
-383988
-317915
-172960
-176114
-457973
-375151
-188443
-202011
-437842
-363149
-200017
-203413
597282
504884
348942
316557
-610243
-484529
-144506
-212932
38873.2
27657.1
-11998.9
-2793.78
-21001.1
-16434.6
-9529.68
-7455.73
30250
22774.5
15653.9
9292.09
2893.48
3304.31
-5724.03
-1337.14
37646.4
31179.9
14376.2
10290.5
20393
15181.6
8604.78
-381.131
-310.42
-265.872
2794.49
-1286.93
-54363.1
-45962.6
-23007.1
-21906.2
58624.1
46432.2
30027.3
27971
12387.8
9323.2
-1810.9
-2177.89
90942.4
74916.5
39281.2
34274.2
53243
43601.6
27529.1
16630.4
-7434.52
-5915.66
7020.86
-1694.93
-99550.7
-82438
-44146.1
-41440.7
35448.7
28345.1
14869
20900.7
30715.3
24384.6
-1215.52
8314.87
127073
104242
54402
53356.2
79276.6
64185.5
36317.7
35896.3
-36879.9
-27404.6
1814.44
-6560.54
-138744
-112626
-60157.8
-58864.5
32695.9
25052.1
11316.5
13005.8
49757
38534.5
-2588.72
15359.1
163355
134255
66392.4
69581.4
105843
85831.4
43375.3
43652.5
-51091.3
-38615.1
-5972.93
-14841.5
-184917
-152654
-79181.1
-76829.3
22172
17788.7
3978.89
14060.1
46348
35228.8
-11286.8
10131.4
183576
151101
71077
82123.4
116995
96431
47187.4
52287
-64546.1
-49574.5
-9414.42
-17509.4
-228057
-186012
-95429
-98495
17086.5
12277.5
1207.74
5814.54
42304.1
31286.6
-19287
4859.94
216084
176788
81006.9
88635.8
119092
95981.3
47224.8
49880.7
-88589.9
-68761.2
-16366
-28751.7
-258445
-211425
-111298
-108549
29945.3
23596.9
6136.98
11372.4
18724.9
10179.5
-34431.2
-9227.04
244969
200757
84926.4
101664
124199
101122
47294.1
51121
-91778.9
-71058.6
-17382.1
-27877.7
-291324
-242725
-131151
-126801
62171.7
47941.8
16778.9
24742.4
10974.3
1291.88
-41000.2
-20392.3
267995
217638
91614.9
106256
132158
107425
51111.8
53702.6
-87535.6
-69746.2
-12122.6
-29248.8
-326311
-270750
-146797
-148109
47433.4
36766
8070.21
18492.3
20321.5
9792.01
-34880.9
-14633.6
284417
230457
99839.2
111070
111531
90576.8
44982.6
49307.3
-94584.7
-73381.4
-11718.9
-30439.5
-362958
-296840
-155455
-162412
39736.6
31656.5
5313.2
10440.4
677.408
-5325.93
-44156
-18483.1
287996
234868
102408
116621
105001
86176.5
44945.8
43948.1
-88852.2
-66784.1
-11139.1
-29279.2
-377787
-310805
-156776
-168201
62924
51352.9
12223.8
21756.3
-9000.76
-13719.3
-47899.4
-27829.6
291843
238304
102773
118183
102423
86005.4
49357.5
48550.7
-65694.5
-49168
-584.777
-21995.3
-394846
-321495
-157682
-170447
72861.7
58458.6
16814.3
25497.6
-33235.4
-32714.3
-55011.5
-32456.9
308963
251837
108462
123846
83479.6
69936.4
46007.2
41945.6
-49516.6
-34800.3
5135.01
-11501.1
-396718
-321854
-157438
-168723
71613.7
57494.1
18831
24538
-53651.7
-48846.2
-62590.3
-44317.2
323462
263540
111004
132017
91235.2
77252.1
45143.8
44978.4
-35157.3
-22961.2
11388
-743.876
-393689
-322953
-157010
-171266
84430.7
67701.9
25475.6
29384.5
-47087.7
-45085.1
-59886.3
-46030.5
325348
263907
112223
129590
91222.4
76283.4
43231.1
40559.6
-34933.2
-25627
10967.2
-4222.13
-363082
-298211
-145768
-159330
91630.4
74198.8
29680.8
35706.1
-1571.19
-7583.01
-36213.1
-24317.4
366748
297283
135104
147210
95520.9
80376.8
48144.1
46055.3
-52277.1
-39609.3
1724.63
-10850.6
-377681
-308139
-149726
-162427
87641.6
71647.6
30836.9
34583.2
-15825.8
-17162.2
-38212.8
-24132.1
356530
290451
132763
149948
81672.2
68768.3
41293.6
40076
-66522.5
-50667
-8765.3
-20608.6
-385652
-316649
-151288
-167129
92254.8
76552.1
36066.7
38477.9
-11255.7
-14046.7
-33093.3
-23789.9
349573
284362
131170
146730
70912.9
60872.7
36211.6
36897.5
-78123.3
-61610.2
-12500.2
-26752
-381585
-310349
-147683
-163507
95102.3
78833.2
41785.1
42207.9
-9936.26
-11451.6
-26209.6
-18039
349199
285332
137003
148387
49032.2
42089.1
26372.3
25740.1
-99422
-77815
-25051.4
-36226.5
-405990
-330876
-156872
-166628
108834
86909.8
49332.7
45220.2
-15784.7
-16559
-29492.7
-17416.7
363307
296047
140628
153694
50978.2
39822.1
23164.8
21701.1
-88338.1
-70167.6
-17015.1
-29747.3
-425955
-350233
-164060
-181749
151163
121049
65629.4
62644.7
-1759.28
-6391.54
-24276.4
-18042.5
400829
325728
154654
163972
70673.2
56168.3
30442.4
25951.5
-66780.6
-54233
-4410.93
-23342.3
-442148
-360166
-168059
-184145
134210
109264
55650
59484.7
42048.1
31720.8
-2929.54
6326.48
449673
367592
183426
190181
67286.9
55245.5
36475.4
33340.8
-92412.5
-71837.8
-13660.6
-26953.5
-483887
-392960
-185889
-199892
125610
102380
47864.8
52729
28557.2
20589.5
-9951.82
4746.81
439952
360844
177451
193310
43139.9
35964.9
22152.9
22061
-106125
-83191.8
-29160.4
-36958.4
-527133
-431006
-202592
-222399
116301
94536.6
37348
46088.5
27112.6
18818.2
-13237
-2026.57
440079
359858
172886
189308
27162.1
22066
8539.73
12884.9
-117998
-94907.9
-38275
-46879.1
-561330
-456182
-217044
-233470
111774
88963.9
30189.9
41042.6
22314.9
15401.5
-14363.5
684.479
436427
356709
171121
186917
-12542.7
-12383.6
-11185
-7334.82
-133123
-107303
-53455.9
-55072.3
-572229
-465810
-226774
-241720
142444
112487
41688.2
50054.7
-9104.71
-11844.7
-31472.6
-14149.2
441119
359148
169168
184806
-9666.86
-10393.1
-12453.6
-11726.7
-122780
-101680
-53327.2
-53750.7
-557372
-457631
-228329
-241972
200075
160105
61274.3
75746.7
-12940.8
-16279
-41650.7
-24330.8
475597
387637
181108
195964
8746.2
5558.57
-2331.33
-4398.91
-108045
-91202.6
-52120.1
-49352.5
-562438
-460952
-237354
-244055
230738
184626
68779.6
89721.2
-11549.2
-15096
-43845.6
-24533.1
504103
410445
193844
207766
9441.29
6747.21
2886.41
1318.75
-114774
-95769.1
-59710.2
-52501.3
-602191
-492022
-254925
-262999
244637
196649
72371.7
92150.2
-36985.9
-36358
-58439.5
-34841.3
497715
406563
190243
211387
-11230.3
-9736.15
-5735.34
-2392.14
-138249
-114569
-74914.4
-67398.6
-621775
-509613
-266958
-275894
282760
228322
81549.9
107600
-52127.2
-49291
-71769.2
-48257.2
478736
390940
179565
198419
-35772.5
-28438.4
-15881.6
-14503.5
-139651
-117325
-83288.7
-72925.3
-634179
-518721
-273885
-279463
319911
256279
94215.6
121784
-78078
-72086.7
-86255
-57703.4
489849
399066
184811
204796
-57031
-47445.5
-21828.4
-22315.6
-153751
-129454
-93310.5
-79893.2
-668645
-549372
-289936
-295986
313466
250114
90827.2
116648
-86185.7
-78403.3
-91154.5
-68197.6
472649
386166
175328
199941
-50658.5
-41175.5
-24935.4
-23413
-152090
-128621
-87165.8
-81030.9
-690230
-568675
-303822
-310851
302430
242324
82457.8
114997
-87189.8
-78669.9
-89518.3
-69462.6
451442
369099
162717
188179
-31298.7
-25097.3
-19601.7
-17413.9
-153289
-127954
-83176.3
-76838.5
-683547
-563710
-308212
-311997
275205
218014
65130.2
96138.9
-30053.5
-32497.9
-67582.4
-46210.8
461508
374621
163924
184180
9391.09
6650.34
-3801.41
-1831.41
-146316
-121975
-76209.1
-73350.3
-699501
-576665
-316476
-317977
258937
205024
60172.7
89384.7
-16570.3
-22313.5
-59580.8
-33303.3
438121
355460
153077
183056
8700.95
6144.76
-4944.09
3037.73
-137851
-115736
-73401.2
-68609.9
-731298
-605046
-329624
-337003
230225
181543
49452.2
76182.3
-12110.6
-17812
-51686.7
-35624
378829
305579
129254
152241
-354.26
-1337.85
-11274.8
-5055.81
-122298
-103878
-64980.3
-63479.8
-743086
-613264
-340589
-340028
226155
177449
46643.6
74145.8
10677.3
1983.43
-39120
-17946.4
350329
283164
117203
140382
1073.39
-1688.57
-15958
-6545.69
-101873
-86764.1
-60811.2
-55154.3
