-268910
-247682
-281733
-331135
-657879
-630757
-1.15057e+06
-694053
-482984
-451126
-744239
-532734
-400361
-386742
-724791
-419893
-495772
-487371
-939705
-515595
-877755
-834085
-1.36113e+06
-962268
-252230
-229527
-253766
-319223
-685148
-661680
-1.17039e+06
-738325
-508394
-475990
-763892
-557006
-449603
-427942
-786885
-464108
-562236
-542074
-1.03856e+06
-579481
-959698
-910286
-1.45331e+06
-1.05416e+06
-243634
-222176
-223579
-306334
-729391
-694562
-1.19492e+06
-777764
-529732
-493247
-793760
-575451
-477793
-457221
-835822
-494951
-591570
-574988
-1.08411e+06
-613663
-1.03919e+06
-974704
-1.56407e+06
-1.13657e+06
-223818
-187504
-188412
-266946
-745969
-688764
-1.21791e+06
-778227
-552860
-513459
-830112
-607326
-491343
-459109
-868921
-501956
-597746
-561233
-1.07609e+06
-602918
-1.07844e+06
-1.00081e+06
-1.60017e+06
-1.17248e+06
-187243
-161969
-122803
-238259
-730999
-695065
-1.20885e+06
-767035
-556222
-526082
-829624
-605208
-464784
-445229
-831540
-463878
-587843
-570117
-1.04418e+06
-609156
-1.11831e+06
-1.04906e+06
-1.67089e+06
-1.21782e+06
-156304
-125615
-75356.4
-205765
-730301
-690457
-1.23436e+06
-755302
-561296
-530734
-848143
-617823
-469233
-453907
-864210
-475963
-586718
-553889
-1.02335e+06
-604921
-1.13395e+06
-1.06471e+06
-1.71046e+06
-1.23486e+06
-120437
-104816
-3679.78
-167711
-702769
-682347
-1.22891e+06
-744269
-546153
-506896
-818325
-595306
-473964
-455119
-870258
-488111
-588072
-568561
-1.04593e+06
-598883
-1.15002e+06
-1.07896e+06
-1.75408e+06
-1.25159e+06
-138321
-118194
-25228.2
-194150
-753204
-723659
-1.25808e+06
-809600
-552714
-515157
-817705
-594047
-526983
-507678
-942955
-542381
-639000
-606811
-1.16392e+06
-640913
-1.2103e+06
-1.13121e+06
-1.84298e+06
-1.31695e+06
-140460
-117511
-23186
-181622
-774592
-738738
-1.26968e+06
-822480
-545505
-507165
-821915
-575238
-555535
-530158
-1.00833e+06
-566298
-617463
-593316
-1.18266e+06
-607125
-1.22449e+06
-1.13941e+06
-1.88857e+06
-1.32344e+06
-161815
-138452
-66959.5
-221549
-815796
-771679
-1.3194e+06
-882128
-546507
-509705
-853068
-596853
-572397
-543088
-1.03949e+06
-601903
-616321
-591702
-1.2174e+06
-608439
-1.24509e+06
-1.16138e+06
-1.9257e+06
-1.35614e+06
-188578
-148842
-92808.5
-240902
-842545
-784939
-1.33541e+06
-899342
-541878
-497056
-832799
-571146
-577040
-536461
-1.00714e+06
-589499
-615116
-588640
-1.22312e+06
-599313
-1.27826e+06
-1.18522e+06
-1.97462e+06
-1.37861e+06
-192318
-175912
-130960
-250681
-844807
-809113
-1.3662e+06
-907313
-504218
-479216
-818175
-534896
-569555
-549228
-1.0415e+06
-589449
-594007
-579844
-1.23454e+06
-563071
-1.25572e+06
-1.17708e+06
-1.98127e+06
-1.35122e+06
-235216
-208346
-174090
-296689
-877633
-834688
-1.4284e+06
-942955
-517168
-485987
-833736
-553051
-596626
-574118
-1.06613e+06
-620927
-628071
-623153
-1.32651e+06
-609783
-1.25175e+06
-1.18872e+06
-1.99778e+06
-1.34521e+06
-224673
-195367
-157799
-296402
-888729
-844229
-1.41775e+06
-968519
-513467
-481224
-821354
-538738
-627728
-600950
-1.09855e+06
-648631
-654248
-640188
-1.3722e+06
-635982
-1.27536e+06
-1.20791e+06
-2.0399e+06
-1.36941e+06
-212128
-181633
-120089
-274996
-895739
-845570
-1.41073e+06
-968101
-494449
-461831
-818338
-513294
-645165
-616234
-1.14007e+06
-664606
-645947
-637345
-1.36479e+06
-629703
-1.27798e+06
-1.20627e+06
-2.06783e+06
-1.36282e+06
-207442
-180778
-114418
-271412
-894291
-836205
-1.39943e+06
-961051
-490262
-466135
-838112
-517886
-652314
-624568
-1.15435e+06
-680838
-647861
-630731
-1.34761e+06
-625300
-1.28459e+06
-1.21327e+06
-2.08271e+06
-1.37136e+06
-223152
-191806
-123242
-301017
-899594
-847782
-1.42118e+06
-968422
-488235
-459949
-839782
-507602
-661091
-627294
-1.1466e+06
-682878
-650656
-642351
-1.35179e+06
-640446
-1.30794e+06
-1.23649e+06
-2.14237e+06
-1.38769e+06
-227130
-199157
-115082
-308879
-895095
-851084
-1.42701e+06
-963584
-455107
-433366
-803301
-473638
-664441
-638678
-1.1677e+06
-694039
-651192
-636610
-1.33371e+06
-637810
-1.2844e+06
-1.21962e+06
-2.13189e+06
-1.36052e+06
-248238
-209724
-129172
-319461
-905916
-861233
-1.45898e+06
-976899
-455572
-437499
-815141
-476762
-687623
-657102
-1.18672e+06
-719427
-692537
-685409
-1.39622e+06
-678152
-1.2968e+06
-1.23703e+06
-2.16916e+06
-1.37666e+06
-231336
-200184
-126151
-300942
-909703
-862964
-1.43936e+06
-982393
-459739
-441865
-811666
-474220
-720071
-688070
-1.22958e+06
-749493
-729471
-707998
-1.47531e+06
-700069
-1.31028e+06
-1.24824e+06
-2.19313e+06
-1.3907e+06
-243842
-214619
-140957
-310756
-929333
-881788
-1.45537e+06
-1.00352e+06
-472175
-456430
-831864
-490900
-757903
-722149
-1.29945e+06
-795784
-729868
-716542
-1.50946e+06
-697339
-1.33455e+06
-1.26397e+06
-2.22022e+06
-1.41823e+06
-272533
-239340
-185495
-351497
-945144
-887983
-1.45092e+06
-1.03923e+06
-488570
-465862
-851072
-520149
-770256
-729700
-1.30536e+06
-817838
-727116
-712568
-1.52752e+06
-693941
-1.34337e+06
-1.27101e+06
-2.21774e+06
-1.43523e+06
-293380
-249600
-199869
-369644
-951455
-883152
-1.42291e+06
-1.03417e+06
-487762
-460520
-829916
-499852
-762586
-714459
-1.26484e+06
-794384
-728901
-716128
-1.54e+06
-690716
-1.36752e+06
-1.28723e+06
-2.23779e+06
-1.4561e+06
-310754
-279935
-243192
-402704
-951344
-904221
-1.44578e+06
-1.05221e+06
-471157
-456978
-834321
-501654
-758763
-726448
-1.28843e+06
-809664
-733442
-727432
-1.57548e+06
-693805
-1.34854e+06
-1.27953e+06
-2.22374e+06
-1.44614e+06
-316600
-272721
-237885
-402826
-985821
-917564
-1.47655e+06
-1.08814e+06
-487243
-454682
-829606
-509936
-771403
-724860
-1.26816e+06
-821416
-767145
-756691
-1.63462e+06
-750454
-1.37545e+06
-1.3062e+06
-2.2377e+06
-1.46898e+06
-272545
-233261
-159592
-368649
-975257
-907649
-1.42746e+06
-1.08419e+06
-461529
-436762
-797939
-473415
-773399
-735970
-1.26104e+06
-823517
-758724
-747996
-1.60291e+06
-738847
-1.41026e+06
-1.34235e+06
-2.27704e+06
-1.51117e+06
-242254
-207136
-94552.9
-335342
-986159
-919919
-1.41651e+06
-1.10242e+06
-454726
-433345
-797238
-471374
-790646
-749849
-1.2756e+06
-850163
-752466
-743618
-1.57958e+06
-740880
-1.45906e+06
-1.38317e+06
-2.34315e+06
-1.5734e+06
-247330
-210450
-90569.8
-332087
-1.00912e+06
-927632
-1.43733e+06
-1.11334e+06
-458274
-433020
-814449
-466285
-804622
-755797
-1.2866e+06
-857186
-742531
-724605
-1.53252e+06
-720958
-1.49841e+06
-1.4171e+06
-2.3783e+06
-1.61053e+06
-224641
-200996
-82170.8
-307739
-981707
-926702
-1.42673e+06
-1.08331e+06
-421948
-414934
-801888
-416698
-774402
-739468
-1.2397e+06
-820106
-700353
-703007
-1.4661e+06
-682274
-1.52346e+06
-1.45133e+06
-2.42532e+06
-1.6357e+06
-252050
-220749
-128406
-343077
-1.03189e+06
-969623
-1.51916e+06
-1.13487e+06
-415741
-404742
-822641
-407508
-800750
-762176
-1.30149e+06
-849601
-707852
-693269
-1.46432e+06
-688064
-1.55858e+06
-1.47537e+06
-2.48573e+06
-1.66916e+06
-288959
-248602
-161445
-368586
-1.06686e+06
-998471
-1.58848e+06
-1.17565e+06
-441653
-431752
-857537
-439190
-826123
-771271
-1.3279e+06
-870697
-739835
-729097
-1.48659e+06
-729866
-1.58058e+06
-1.4948e+06
-2.51892e+06
-1.69312e+06
-268578
-227681
-187431
-327738
-1.0623e+06
-991930
-1.58032e+06
-1.17061e+06
-433133
-418988
-866047
-408888
-783315
-728857
-1.29497e+06
-805656
-736336
-710094
-1.49153e+06
-714579
-1.59167e+06
-1.50422e+06
-2.56198e+06
-1.7003e+06
-251261
-219849
-190378
-307140
-1.09341e+06
-1.02414e+06
-1.60798e+06
-1.21122e+06
-438063
-428637
-913941
-406708
-757827
-713285
-1.28829e+06
-786541
-719150
-706352
-1.4728e+06
-709634
-1.60491e+06
-1.51501e+06
-2.59544e+06
-1.72227e+06
-237058
-204222
-185980
-283558
-1.09024e+06
-1.01347e+06
-1.58942e+06
-1.19644e+06
-444348
-451230
-958766
-434515
-712617
-672975
-1.22273e+06
-740948
-695152
-676529
-1.39708e+06
-687054
-1.60127e+06
-1.51297e+06
-2.55015e+06
-1.7203e+06
-185797
-159578
-111171
-237347
-1.06308e+06
-990581
-1.5307e+06
-1.18192e+06
-443577
-441142
-934238
-429193
-654791
-616682
-1.11313e+06
-683109
-664849
-654552
-1.28861e+06
-677131
-1.60619e+06
-1.5142e+06
-2.53465e+06
-1.73434e+06
-178419
-150699
-94298.3
-223842
-1.06146e+06
-989119
-1.5065e+06
-1.17565e+06
-436629
-442518
-933593
-421891
-615160
-586592
-1.05146e+06
-639801
-649073
-621354
-1.20641e+06
-652293
-1.58655e+06
-1.49316e+06
-2.49036e+06
-1.70292e+06
-424526
-313673
312114
-656307
-1.28018e+06
-1.16277e+06
-1.48393e+06
-1.49603e+06
-763219
-659588
-546543
-973489
-913042
-948921
-2.54906e+06
-752253
-1.68777e+06
-1.566e+06
-2.33394e+06
-1.88027e+06
-1.49985e+06
-1.42362e+06
-2.48156e+06
-1.58904e+06
-368374
-257251
406878
-606651
-1.27822e+06
-1.15742e+06
-1.45101e+06
-1.49791e+06
-763501
-655765
-497573
-972041
-956969
-988869
-2.61266e+06
-790159
-1.71777e+06
-1.57731e+06
-2.40066e+06
-1.89179e+06
-1.52831e+06
-1.43998e+06
-2.54112e+06
-1.60976e+06
-335089
-232648
483610
-571982
-1.27801e+06
-1.15936e+06
-1.43632e+06
-1.49285e+06
-756646
-649578
-458847
-971742
-972234
-1.00735e+06
-2.66575e+06
-809444
-1.69227e+06
-1.56987e+06
-2.40635e+06
-1.86162e+06
-1.53288e+06
-1.44766e+06
-2.58373e+06
-1.61011e+06
-329245
-225500
505665
-576851
-1.30173e+06
-1.17197e+06
-1.46177e+06
-1.5364e+06
-767858
-652054
-452266
-1.00039e+06
-999700
-1.0356e+06
-2.7174e+06
-850632
-1.696e+06
-1.57405e+06
-2.44672e+06
-1.86444e+06
-1.5505e+06
-1.46991e+06
-2.63979e+06
-1.62902e+06
-349016
-231189
506326
-590248
-1.32788e+06
-1.19457e+06
-1.48118e+06
-1.54342e+06
-774619
-661235
-435010
-982407
-1.02004e+06
-1.05088e+06
-2.73597e+06
-848302
-1.72079e+06
-1.60466e+06
-2.51043e+06
-1.88332e+06
-1.59506e+06
-1.51523e+06
-2.75392e+06
-1.65894e+06
-326758
-220035
534395
-589109
-1.3246e+06
-1.20333e+06
-1.51099e+06
-1.55949e+06
-762946
-655197
-440289
-998405
-1.04193e+06
-1.07921e+06
-2.80564e+06
-893996
-1.73524e+06
-1.61765e+06
-2.56231e+06
-1.90066e+06
-1.58361e+06
-1.50802e+06
-2.79087e+06
-1.65068e+06
-320714
-218814
575325
-574560
-1.36639e+06
-1.24769e+06
-1.56011e+06
-1.61525e+06
-787902
-674296
-429571
-1.02704e+06
-1.05448e+06
-1.0809e+06
-2.79243e+06
-898905
-1.76941e+06
-1.65117e+06
-2.61203e+06
-1.94756e+06
-1.59422e+06
-1.53151e+06
-2.80316e+06
-1.65446e+06
-293529
-179380
612510
-543618
-1.3881e+06
-1.25532e+06
-1.5238e+06
-1.64923e+06
-801641
-682778
-419223
-1.03338e+06
-1.03991e+06
-1.06392e+06
-2.76304e+06
-869104
-1.77736e+06
-1.64554e+06
-2.59328e+06
-1.95316e+06
-1.63097e+06
-1.56269e+06
-2.84622e+06
-1.69787e+06
-251498
-149078
691731
-503572
-1.41714e+06
-1.27941e+06
-1.50674e+06
-1.69417e+06
-811331
-692654
-434802
-1.04391e+06
-1.02911e+06
-1.0566e+06
-2.76161e+06
-864588
-1.76743e+06
-1.64686e+06
-2.5609e+06
-1.96291e+06
-1.6626e+06
-1.58323e+06
-2.88961e+06
-1.73528e+06
-241584
-133761
704623
-480772
-1.44757e+06
-1.29587e+06
-1.51234e+06
-1.72265e+06
-834430
-717776
-478328
-1.08031e+06
-1.01212e+06
-1.04661e+06
-2.76541e+06
-846936
-1.75157e+06
-1.61343e+06
-2.50391e+06
-1.93694e+06
-1.68008e+06
-1.59978e+06
-2.89677e+06
-1.76046e+06
-224583
-120980
722841
-474257
-1.46547e+06
-1.3179e+06
-1.51586e+06
-1.75416e+06
-860279
-746126
-513724
-1.11367e+06
-983291
-1.0191e+06
-2.72371e+06
-809429
-1.72781e+06
-1.6012e+06
-2.42914e+06
-1.93542e+06
-1.71895e+06
-1.6326e+06
-2.9374e+06
-1.80002e+06
-230835
-115174
740159
-472471
-1.49913e+06
-1.33444e+06
-1.5296e+06
-1.77722e+06
-893551
-767880
-535681
-1.14105e+06
-996669
-1.02871e+06
-2.75281e+06
-821784
-1.72962e+06
-1.58467e+06
-2.37078e+06
-1.92883e+06
-1.73102e+06
-1.64075e+06
-2.95767e+06
-1.80201e+06
-183727
-90728.2
819142
-438618
-1.47291e+06
-1.32346e+06
-1.51264e+06
-1.76931e+06
-880211
-750889
-528849
-1.13619e+06
-964389
-1.00591e+06
-2.6994e+06
-800573
-1.73974e+06
-1.61706e+06
-2.38619e+06
-1.95572e+06
-1.73001e+06
-1.65869e+06
-2.99353e+06
-1.82199e+06
-162992
-66788.4
862214
-423537
-1.47672e+06
-1.33028e+06
-1.47832e+06
-1.78286e+06
-864994
-746223
-494132
-1.12177e+06
-980869
-1.03191e+06
-2.70965e+06
-821262
-1.79537e+06
-1.66182e+06
-2.47227e+06
-2.00033e+06
-1.79344e+06
-1.72387e+06
-3.06532e+06
-1.89551e+06
-177519
-81870.2
869060
-437768
-1.53139e+06
-1.37723e+06
-1.52518e+06
-1.83701e+06
-903794
-777904
-535004
-1.1599e+06
-1.0278e+06
-1.06684e+06
-2.77237e+06
-866043
-1.83053e+06
-1.69863e+06
-2.54493e+06
-2.03455e+06
-1.88836e+06
-1.80362e+06
-3.20947e+06
-1.98984e+06
-194548
-84772.9
864001
-462945
-1.56477e+06
-1.38191e+06
-1.54688e+06
-1.87692e+06
-910514
-769015
-539327
-1.17012e+06
-1.01984e+06
-1.04252e+06
-2.75112e+06
-863928
-1.84354e+06
-1.69627e+06
-2.56937e+06
-2.04222e+06
-1.94147e+06
-1.83738e+06
-3.27382e+06
-2.04933e+06
-191249
-74237.7
901080
-443796
-1.54456e+06
-1.36882e+06
-1.49715e+06
-1.83341e+06
-885681
-755461
-496149
-1.11983e+06
-986605
-1.01876e+06
-2.66143e+06
-806211
-1.84389e+06
-1.70208e+06
-2.56316e+06
-2.03378e+06
-1.98747e+06
-1.8856e+06
-3.33425e+06
-2.08388e+06
-172605
-59112.7
878269
-432424
-1.53624e+06
-1.36727e+06
-1.54667e+06
-1.82882e+06
-864564
-734003
-529127
-1.09828e+06
-971758
-1.00318e+06
-2.70001e+06
-797380
-1.83746e+06
-1.69307e+06
-2.60203e+06
-2.02238e+06
-1.99961e+06
-1.89734e+06
-3.41157e+06
-2.09846e+06
-177053
-73026.5
866248
-438425
-1.50437e+06
-1.35265e+06
-1.55333e+06
-1.80315e+06
-862066
-745661
-553791
-1.10764e+06
-973941
-1.0176e+06
-2.71909e+06
-810424
-1.85698e+06
-1.73613e+06
-2.67913e+06
-2.0713e+06
-1.99804e+06
-1.9121e+06
-3.43256e+06
-2.09807e+06
-188600
-86132
846146
-453255
-1.51609e+06
-1.36031e+06
-1.53136e+06
-1.82931e+06
-894796
-774097
-593890
-1.13405e+06
-1.02191e+06
-1.05541e+06
-2.77949e+06
-847180
-1.92573e+06
-1.7945e+06
-2.76776e+06
-2.14085e+06
-2.05361e+06
-1.96447e+06
-3.50212e+06
-2.16165e+06
-205948
-108798
842320
-475125
-1.5352e+06
-1.38387e+06
-1.52352e+06
-1.8533e+06
-908541
-788494
-613173
-1.1471e+06
-1.04632e+06
-1.08774e+06
-2.84833e+06
-875736
-1.95897e+06
-1.83539e+06
-2.81283e+06
-2.18242e+06
-2.10281e+06
-2.00964e+06
-3.57085e+06
-2.22191e+06
-220762
-104598
837041
-480726
-1.55156e+06
-1.37433e+06
-1.50451e+06
-1.86468e+06
-934766
-806901
-658734
-1.17793e+06
-1.05643e+06
-1.08874e+06
-2.87341e+06
-879685
-1.99051e+06
-1.84417e+06
-2.8221e+06
-2.21019e+06
-2.14447e+06
-2.03579e+06
-3.58958e+06
-2.26321e+06
-247504
-138684
820115
-522406
-1.56831e+06
-1.40301e+06
-1.51946e+06
-1.8818e+06
-942323
-827292
-678429
-1.17671e+06
-1.05432e+06
-1.09226e+06
-2.8752e+06
-866423
-2.02121e+06
-1.88914e+06
-2.84254e+06
-2.25692e+06
-2.19085e+06
-2.08132e+06
-3.66104e+06
-2.30788e+06
-296638
-172298
784418
-589923
-1.59633e+06
-1.41784e+06
-1.54769e+06
-1.91952e+06
-990665
-865212
-757516
-1.23757e+06
-1.0908e+06
-1.13025e+06
-2.9519e+06
-919230
-2.08404e+06
-1.93082e+06
-2.90086e+06
-2.33373e+06
-2.21567e+06
-2.10062e+06
-3.70105e+06
-2.34064e+06
-274948
-152124
854797
-578881
-1.58988e+06
-1.4162e+06
-1.52903e+06
-1.92001e+06
-997357
-876083
-758866
-1.25911e+06
-1.0961e+06
-1.14214e+06
-2.96851e+06
-932474
-2.11778e+06
-1.96267e+06
-2.92147e+06
-2.38064e+06
-2.21707e+06
-2.11224e+06
-3.7116e+06
-2.34859e+06
-245999
-124109
935374
-561675
-1.59507e+06
-1.41355e+06
-1.48557e+06
-1.93914e+06
-1.02642e+06
-899500
-771684
-1.28463e+06
-1.12908e+06
-1.16881e+06
-2.99967e+06
-959163
-2.15765e+06
-1.98877e+06
-2.95655e+06
-2.41566e+06
-2.28529e+06
-2.17813e+06
-3.78852e+06
-2.4334e+06
-232378
-105592
1.00839e+06
-545689
-1.60557e+06
-1.422e+06
-1.45586e+06
-1.95151e+06
-1.03872e+06
-908206
-775436
-1.30135e+06
-1.14308e+06
-1.17996e+06
-3.02759e+06
-977374
-2.15425e+06
-1.98914e+06
-2.94014e+06
-2.41661e+06
-2.34149e+06
-2.22415e+06
-3.85335e+06
-2.50027e+06
-247582
-120184
1.0173e+06
-573271
-1.63088e+06
-1.43548e+06
-1.47092e+06
-1.98161e+06
-1.07094e+06
-936507
-809726
-1.34548e+06
-1.16856e+06
-1.20367e+06
-3.06737e+06
-1.00526e+06
-2.16634e+06
-1.99621e+06
-2.94568e+06
-2.42778e+06
-2.40111e+06
-2.27412e+06
-3.9014e+06
-2.56835e+06
-255902
-124221
1.02598e+06
-582332
-1.62148e+06
-1.43146e+06
-1.45964e+06
-1.95925e+06
-1.08091e+06
-950550
-822848
-1.34111e+06
-1.16229e+06
-1.1969e+06
-3.05827e+06
-984308
-2.15716e+06
-1.99151e+06
-2.91972e+06
-2.42153e+06
-2.44859e+06
-2.31375e+06
-3.95605e+06
-2.61653e+06
-281219
-146099
989461
-612630
-1.63468e+06
-1.44788e+06
-1.5131e+06
-1.973e+06
-1.10122e+06
-967573
-883118
-1.36464e+06
-1.18136e+06
-1.22583e+06
-3.13809e+06
-1.00746e+06
-2.17318e+06
-1.99983e+06
-2.94395e+06
-2.43305e+06
-2.46994e+06
-2.33816e+06
-4.00045e+06
-2.6438e+06
-281691
-143013
986823
-594665
-1.6339e+06
-1.45903e+06
-1.55951e+06
-1.97683e+06
-1.10392e+06
-966264
-903989
-1.3638e+06
-1.19478e+06
-1.23607e+06
-3.17009e+06
-1.01686e+06
-2.19529e+06
-2.03637e+06
-2.99137e+06
-2.46524e+06
-2.49556e+06
-2.36199e+06
-4.02584e+06
-2.65899e+06
-245399
-113127
1.02151e+06
-568725
-1.6533e+06
-1.47886e+06
-1.57201e+06
-2.01102e+06
-1.08772e+06
-952104
-876713
-1.33853e+06
-1.21263e+06
-1.24811e+06
-3.20306e+06
-1.02219e+06
-2.23236e+06
-2.06404e+06
-3.04868e+06
-2.50291e+06
-2.52436e+06
-2.38579e+06
-4.0732e+06
-2.69279e+06
-231001
-94649.8
1.06294e+06
-540785
-1.68825e+06
-1.50192e+06
-1.59424e+06
-2.04032e+06
-1.07991e+06
-939349
-883209
-1.32422e+06
-1.21727e+06
-1.24979e+06
-3.24969e+06
-1.0222e+06
-2.23744e+06
-2.07136e+06
-3.06431e+06
-2.50627e+06
-2.54675e+06
-2.3975e+06
-4.1122e+06
-2.71157e+06
-230942
-98509.9
1.05602e+06
-543002
-1.71562e+06
-1.52213e+06
-1.63179e+06
-2.07353e+06
-1.07387e+06
-944383
-891434
-1.33157e+06
-1.20971e+06
-1.2564e+06
-3.27844e+06
-1.02122e+06
-2.24056e+06
-2.06712e+06
-3.05095e+06
-2.51013e+06
-2.56686e+06
-2.42239e+06
-4.13508e+06
-2.74347e+06
-231908
-96687.7
1.05454e+06
-549888
-1.71939e+06
-1.52903e+06
-1.64304e+06
-2.06593e+06
-1.06688e+06
-935557
-869949
-1.31646e+06
-1.19432e+06
-1.23379e+06
-3.25421e+06
-989482
-2.24244e+06
-2.0761e+06
-3.02607e+06
-2.52364e+06
-2.60053e+06
-2.44729e+06
-4.17707e+06
-2.77379e+06
-253971
-129537
1.00545e+06
-586295
-1.74462e+06
-1.56681e+06
-1.73045e+06
-2.10101e+06
-1.069e+06
-944985
-903849
-1.32771e+06
-1.19351e+06
-1.25048e+06
-3.30868e+06
-998768
-2.26609e+06
-2.09671e+06
-3.05368e+06
-2.55531e+06
-2.60732e+06
-2.46342e+06
-4.219e+06
-2.78582e+06
1.02883e+06
990684
1.79539e+06
1.08657e+06
891661
842963
1.40965e+06
959873
-681344
-553426
-127091
-921888
-529834
-503289
-1.03999e+06
-511891
375240
385889
1.03072e+06
321454
1.07188e+06
1.03095e+06
1.82882e+06
1.14241e+06
1.07888e+06
1.02991e+06
1.8288e+06
1.13676e+06
899803
841135
1.41467e+06
962869
-672501
-549549
-121982
-908336
-511580
-491606
-1.04428e+06
-488684
353896
369016
944981
301955
1.09895e+06
1.05747e+06
1.85456e+06
1.16571e+06
1.10601e+06
1.05961e+06
1.86974e+06
1.16941e+06
880331
832303
1.39487e+06
943954
-670640
-543525
-131259
-902492
-477273
-453002
-1.00875e+06
-448639
360448
372988
919285
317081
1.12995e+06
1.0949e+06
1.90129e+06
1.19901e+06
1.15943e+06
1.10133e+06
1.93861e+06
1.23674e+06
897693
841966
1.40706e+06
971266
-671644
-562173
-150040
-917242
-426503
-419959
-954660
-395064
382965
387099
938987
342813
1.18089e+06
1.13218e+06
1.98274e+06
1.2548e+06
1.1844e+06
1.12456e+06
1.97552e+06
1.24468e+06
892387
835350
1.38785e+06
954164
-683174
-566604
-163296
-933632
-388685
-380682
-898385
-356804
385208
383301
933305
340339
1.20224e+06
1.1497e+06
1.99939e+06
1.27454e+06
1.18865e+06
1.11286e+06
1.98877e+06
1.24403e+06
870991
796103
1.35109e+06
928369
-692325
-591746
-170853
-955607
-375747
-389352
-881851
-358145
374273
364963
911483
328914
1.23278e+06
1.17093e+06
2.05179e+06
1.3065e+06
1.15937e+06
1.10004e+06
1.95389e+06
1.22042e+06
828688
781538
1.30256e+06
888307
-740891
-613885
-206176
-999087
-407089
-409308
-913895
-374227
321740
314245
819193
271768
1.24882e+06
1.17127e+06
2.06764e+06
1.32066e+06
1.18012e+06
1.11075e+06
1.98262e+06
1.22747e+06
828789
774190
1.34645e+06
870333
-737955
-616507
-184117
-1.00211e+06
-415748
-420938
-937398
-382008
257790
261053
752057
201200
1.21207e+06
1.13926e+06
2.04923e+06
1.27116e+06
1.1693e+06
1.10278e+06
1.99389e+06
1.21449e+06
796849
751681
1.35209e+06
831075
-758011
-630502
-192703
-1.02816e+06
-427993
-428196
-968955
-391232
212551
219548
694006
152862
1.16407e+06
1.10873e+06
2.00494e+06
1.22251e+06
1.1567e+06
1.1026e+06
1.99747e+06
1.20936e+06
770621
748451
1.34513e+06
802324
-775696
-639013
-200760
-1.04865e+06
-421576
-415598
-973390
-378727
179186
202790
663213
123692
1.14812e+06
1.10213e+06
2.0018e+06
1.20485e+06
1.17593e+06
1.12007e+06
2.03802e+06
1.22921e+06
812436
779478
1.42279e+06
857755
-738620
-611133
-145352
-996096
-356308
-359588
-878075
-291093
193969
202566
689105
138465
1.15588e+06
1.10191e+06
2.00034e+06
1.21995e+06
1.16749e+06
1.11083e+06
2.01088e+06
1.2033e+06
815594
774054
1.40375e+06
845695
-731372
-607648
-164273
-1.00492e+06
-343319
-355519
-920613
-287075
169651
184353
632835
105436
1.16507e+06
1.10724e+06
1.98878e+06
1.2243e+06
1.13216e+06
1.08556e+06
2.00223e+06
1.17486e+06
791347
753851
1.35992e+06
829123
-772184
-640857
-191569
-1.05176e+06
-391569
-401565
-975136
-345201
114585
135791
554891
47177.5
1.14098e+06
1.07852e+06
1.94611e+06
1.20389e+06
1.16983e+06
1.11799e+06
2.03428e+06
1.21028e+06
807333
772417
1.3715e+06
851941
-786865
-652935
-195355
-1.05152e+06
-412769
-422672
-1.02762e+06
-350674
147640
180116
584237
102635
1.13503e+06
1.08242e+06
1.9299e+06
1.20206e+06
1.19181e+06
1.14358e+06
2.08968e+06
1.24026e+06
814888
784000
1.37788e+06
862802
-821228
-685978
-250658
-1.10025e+06
-436488
-442774
-1.08598e+06
-385648
188076
212858
621878
138879
1.1409e+06
1.09817e+06
1.93235e+06
1.2087e+06
1.2392e+06
1.17576e+06
2.144e+06
1.2896e+06
855792
812082
1.41204e+06
904011
-834006
-700155
-271838
-1.13058e+06
-421036
-442166
-1.07414e+06
-379651
255328
271446
735004
208659
1.19797e+06
1.13364e+06
2.01348e+06
1.25948e+06
1.2862e+06
1.23222e+06
2.22485e+06
1.33685e+06
893002
856481
1.46355e+06
955133
-815327
-672137
-208382
-1.09551e+06
-410269
-414616
-1.02329e+06
-359004
330007
344570
871716
279470
1.21894e+06
1.16246e+06
2.05113e+06
1.28461e+06
1.30732e+06
1.24036e+06
2.26387e+06
1.35122e+06
924884
868992
1.47798e+06
986139
-808291
-675375
-200941
-1.10924e+06
-410183
-427899
-1.03699e+06
-371602
372246
384279
961097
328351
1.25079e+06
1.18216e+06
2.0987e+06
1.31311e+06
1.28438e+06
1.22463e+06
2.24593e+06
1.32954e+06
898846
840293
1.43832e+06
952338
-831439
-691462
-177347
-1.15143e+06
-450975
-456896
-1.0626e+06
-426185
357525
365140
959403
300556
1.21213e+06
1.14004e+06
2.05215e+06
1.25949e+06
1.28585e+06
1.23259e+06
2.21885e+06
1.33565e+06
863011
810734
1.39831e+06
918425
-856652
-710813
-171157
-1.16759e+06
-494297
-489747
-1.11568e+06
-453035
332224
354343
919115
287042
1.14947e+06
1.08887e+06
1.98076e+06
1.2e+06
1.31846e+06
1.25202e+06
2.2592e+06
1.37664e+06
838400
788030
1.38143e+06
892509
-855980
-707409
-159919
-1.17072e+06
-505455
-505843
-1.15191e+06
-471099
351857
361178
938846
299405
1.12023e+06
1.06717e+06
1.94241e+06
1.1696e+06
1.32888e+06
1.27044e+06
2.25062e+06
1.39612e+06
830258
795212
1.35542e+06
889065
-863965
-711635
-160863
-1.19437e+06
-517261
-514489
-1.19098e+06
-488428
373284
394190
973805
332805
1.11158e+06
1.06517e+06
1.94304e+06
1.15178e+06
1.36312e+06
1.30628e+06
2.30114e+06
1.43286e+06
837271
796981
1.37567e+06
897418
-861105
-706704
-127056
-1.18212e+06
-512285
-504285
-1.17454e+06
-460621
400686
408854
1.01748e+06
350541
1.09495e+06
1.04982e+06
1.93033e+06
1.13938e+06
1.406e+06
1.34509e+06
2.37299e+06
1.4776e+06
855114
814933
1.39557e+06
924750
-837407
-687567
-81006.2
-1.17114e+06
-496834
-501359
-1.17703e+06
-458251
430810
446614
1.08918e+06
387157
1.11958e+06
1.06831e+06
1.95392e+06
1.16053e+06
1.41735e+06
1.35697e+06
2.41171e+06
1.49916e+06
874549
830324
1.3983e+06
938997
-839479
-673818
-51652.7
-1.17167e+06
-523533
-514747
-1.18108e+06
-489330
436015
442119
1.10179e+06
378764
1.12251e+06
1.07762e+06
1.97947e+06
1.17177e+06
1.44373e+06
1.38305e+06
2.42917e+06
1.52313e+06
878956
833823
1.4093e+06
942797
-822852
-660259
-25557.7
-1.14592e+06
-533981
-522943
-1.20773e+06
-486934
438881
454301
1.11093e+06
387236
1.12599e+06
1.08991e+06
1.99449e+06
1.17533e+06
1.48641e+06
1.42063e+06
2.49835e+06
1.56962e+06
892308
848559
1.44455e+06
955896
-788236
-623298
27463.3
-1.10945e+06
-520474
-510285
-1.20776e+06
-474226
463591
470721
1.15137e+06
404617
1.14898e+06
1.11023e+06
2.03326e+06
1.19224e+06
1.51424e+06
1.4446e+06
2.53377e+06
1.60758e+06
892883
851638
1.44459e+06
966679
-773491
-624463
41384.8
-1.10549e+06
-504610
-508512
-1.20124e+06
-461175
477567
482182
1.19649e+06
417223
1.1693e+06
1.12276e+06
2.07167e+06
1.21533e+06
1.56244e+06
1.48751e+06
2.59129e+06
1.65887e+06
930504
872733
1.46392e+06
1.01124e+06
-755452
-609396
66506.9
-1.07922e+06
-471031
-476220
-1.15122e+06
-417803
512142
514689
1.27627e+06
448543
1.1889e+06
1.13797e+06
2.08249e+06
1.24089e+06
1.57935e+06
1.50287e+06
2.62455e+06
1.67159e+06
929120
874656
1.45331e+06
1.00809e+06
-751611
-601848
81098.8
-1.07998e+06
-465128
-471511
-1.15414e+06
-418119
522446
531739
1.31858e+06
455365
1.21286e+06
1.16481e+06
2.11541e+06
1.26579e+06
1.5715e+06
1.5016e+06
2.64571e+06
1.65519e+06
928812
876834
1.45806e+06
990517
-754086
-595389
127572
-1.10645e+06
-490347
-485223
-1.14643e+06
-460459
501209
514825
1.3193e+06
417534
1.24956e+06
1.19417e+06
2.16691e+06
1.298e+06
1.61541e+06
1.54397e+06
2.69207e+06
1.70115e+06
953311
901889
1.51788e+06
1.01981e+06
-741260
-580337
201597
-1.09326e+06
-493775
-493364
-1.14781e+06
-456639
512245
535326
1.34596e+06
444884
1.27107e+06
1.2162e+06
2.21033e+06
1.31588e+06
1.65827e+06
1.57245e+06
2.75904e+06
1.7409e+06
963656
904842
1.5465e+06
1.0178e+06
-729627
-568866
257969
-1.09072e+06
-492522
-488232
-1.1464e+06
-458023
538715
550168
1.38142e+06
464429
1.30116e+06
1.25125e+06
2.27498e+06
1.34313e+06
1.67264e+06
1.59125e+06
2.80135e+06
1.76853e+06
966270
919918
1.57836e+06
1.03373e+06
-730052
-560417
314815
-1.09392e+06
-482502
-479885
-1.11343e+06
-444634
556711
570639
1.43504e+06
487331
1.35634e+06
1.30653e+06
2.40284e+06
1.40409e+06
1.70413e+06
1.61358e+06
2.83621e+06
1.80311e+06
993582
931402
1.60361e+06
1.06611e+06
-707569
-555600
358899
-1.07325e+06
-469227
-478186
-1.10638e+06
-417776
584986
586757
1.47072e+06
514785
1.38934e+06
1.3288e+06
2.44578e+06
1.4461e+06
1.71542e+06
1.62943e+06
2.85524e+06
1.80912e+06
994350
932815
1.5964e+06
1.06652e+06
-714922
-554531
376696
-1.09417e+06
-478003
-487012
-1.13442e+06
-444685
596589
603049
1.49636e+06
527470
1.4501e+06
1.39143e+06
2.5389e+06
1.50795e+06
-419828
-372538
-352957
-512461
-208213
-175623
-47175.3
-285975
-370329
-342919
-522773
-412789
-683305
-685570
-1.57814e+06
-630929
-139600
-108705
39108.7
-199657
-1.0848e+06
-965003
-920451
-1.33715e+06
-407878
-354243
-347030
-504399
-225525
-190706
-63609.9
-314170
-368521
-339968
-525365
-400012
-721613
-723365
-1.63544e+06
-669760
-153767
-111653
4154.25
-207048
-1.13987e+06
-1.00844e+06
-995801
-1.39636e+06
-403917
-351622
-328229
-499478
-240600
-199800
-79002.2
-323692
-367356
-338211
-553187
-389969
-759020
-754481
-1.70805e+06
-704571
-128428
-94530.3
15496.2
-180821
-1.18344e+06
-1.04013e+06
-1.07036e+06
-1.43495e+06
-400271
-356023
-325188
-498266
-249032
-208221
-85987
-332259
-370435
-351182
-597459
-403230
-767050
-767673
-1.72531e+06
-726943
-110085
-78850.2
44389.3
-159416
-1.21628e+06
-1.08077e+06
-1.13103e+06
-1.4777e+06
-414152
-359195
-323403
-522270
-247649
-207237
-85636.3
-336472
-371101
-348744
-604319
-395820
-777600
-770363
-1.69562e+06
-735610
-105645
-79791.3
57224
-168221
-1.26676e+06
-1.12599e+06
-1.21166e+06
-1.5306e+06
-417302
-362548
-326278
-520008
-256514
-220272
-102996
-338996
-349916
-332733
-592825
-369802
-781178
-776972
-1.72021e+06
-739731
-93087.8
-58963.5
93815.4
-140533
-1.28302e+06
-1.14377e+06
-1.25245e+06
-1.54e+06
-414465
-363449
-316534
-526686
-273929
-225827
-145133
-359649
-374414
-356641
-623607
-411794
-799991
-789879
-1.74096e+06
-762058
-100585
-75068.6
78287.3
-164349
-1.29239e+06
-1.15432e+06
-1.25585e+06
-1.54896e+06
-401388
-351790
-302121
-520525
-269169
-222824
-119196
-356289
-412539
-396031
-675918
-443279
-828568
-820650
-1.81189e+06
-776281
-120749
-88323.3
40684.1
-176415
-1.33474e+06
-1.19234e+06
-1.31252e+06
-1.59629e+06
-402314
-351508
-261173
-526879
-281998
-233651
-112180
-374933
-449871
-427893
-722451
-490778
-828480
-820672
-1.84787e+06
-775741
-116704
-90243.1
44022.3
-180348
-1.36582e+06
-1.21927e+06
-1.35878e+06
-1.63948e+06
-404895
-348867
-252959
-515627
-292425
-230694
-127993
-375148
-495312
-465945
-773293
-546772
-820211
-814499
-1.86339e+06
-756632
-88753.9
-56374.1
102494
-140741
-1.38546e+06
-1.23378e+06
-1.36319e+06
-1.6568e+06
-382124
-328694
-218547
-495795
-259173
-212877
-84360
-335089
-507681
-481532
-787408
-548581
-774760
-773621
-1.80945e+06
-694032
-54091.5
-33006.3
167193
-106787
-1.40678e+06
-1.25769e+06
-1.40109e+06
-1.67564e+06
-379793
-320532
-206867
-494562
-254471
-197343
-76532.3
-323117
-521042
-489868
-811870
-567370
-755476
-760785
-1.81938e+06
-672526
-29662.4
2509.52
209502
-76641.2
-1.41192e+06
-1.2605e+06
-1.40902e+06
-1.68364e+06
-362208
-299050
-161814
-471952
-210476
-175284
-43027.4
-289143
-520180
-483480
-794835
-580152
-735340
-745900
-1.7969e+06
-667307
-33898
-17759
197533
-95607.2
-1.40813e+06
-1.26279e+06
-1.40513e+06
-1.69414e+06
-319787
-268203
-99777.7
-445279
-208807
-175146
-13676.9
-296680
-513115
-478249
-748948
-570502
-730715
-744880
-1.77448e+06
-656870
-61686.6
-38370.4
158738
-119448
-1.43461e+06
-1.28216e+06
-1.4085e+06
-1.73384e+06
-311991
-258893
-58694.1
-432389
-234441
-199122
-31805.7
-325452
-521594
-478425
-733228
-585607
-722756
-730868
-1.75911e+06
-655682
-68061.1
-47555.8
142683
-124792
-1.45625e+06
-1.29472e+06
-1.40551e+06
-1.76658e+06
-312961
-255966
-39420.5
-441526
-258308
-207633
-49254.2
-352552
-521986
-476053
-709034
-594209
-697488
-706065
-1.70499e+06
-631207
-78498
-55782.9
144861
-142613
-1.46747e+06
-1.30147e+06
-1.37089e+06
-1.78685e+06
-298871
-238923
6981.27
-422079
-237656
-193302
-13408.2
-312695
-493109
-457874
-654574
-546548
-651233
-661616
-1.60262e+06
-570328
-80914.9
-58890
164455
-147880
-1.48037e+06
-1.31035e+06
-1.36498e+06
-1.79663e+06
-299443
-243424
1380.27
-437310
-245069
-208235
-64783
-335229
-494029
-454315
-688744
-557580
-636982
-653011
-1.60829e+06
-572126
-97827.5
-71586.1
137044
-166555
-1.4683e+06
-1.29485e+06
-1.34546e+06
-1.79472e+06
-309659
-246291
10090.4
-442690
-245445
-197474
-63653.8
-341168
-488734
-440806
-657181
-548753
-651622
-655699
-1.60394e+06
-588368
-134683
-101516
94369.8
-232029
-1.45734e+06
-1.29444e+06
-1.30623e+06
-1.78204e+06
-298787
-230298
39770.5
-437216
-220674
-164796
24934.7
-323035
-462789
-412876
-603846
-512390
-661127
-661982
-1.60735e+06
-585058
-160034
-109508
113611
-252004
-1.47563e+06
-1.30366e+06
-1.30534e+06
-1.79898e+06
-264871
-209428
108785
-405433
-188962
-141627
130067
-300621
-421042
-380795
-541420
-469566
-660619
-669523
-1.62446e+06
-586539
-150030
-112574
161804
-261727
-1.47789e+06
-1.30606e+06
-1.29517e+06
-1.81103e+06
-284179
-223224
91067.6
-416183
-191319
-134369
161134
-291346
-420724
-386897
-551241
-473150
-683166
-693019
-1.67984e+06
-606811
-171382
-124254
175288
-281665
-1.49182e+06
-1.31883e+06
-1.28991e+06
-1.82066e+06
-282701
-234031
93879
-422747
-182161
-152318
165156
-294717
-412104
-391466
-552000
-463999
-687101
-706986
-1.70258e+06
-600698
-185710
-150984
184808
-308970
-1.5189e+06
-1.35603e+06
-1.34515e+06
-1.8493e+06
-303938
-235328
89253.1
-448192
-222172
-171459
132375
-334478
-425396
-394893
-555562
-479747
-706538
-718196
-1.74338e+06
-621516
-208314
-149844
202771
-340313
-1.5321e+06
-1.3564e+06
-1.36362e+06
-1.85904e+06
-324278
-259650
66555.7
-477103
-227960
-180796
104161
-351674
-419256
-378859
-557941
-472880
-720416
-731747
-1.76722e+06
-650296
-228132
-173883
189317
-368252
-1.53941e+06
-1.37049e+06
-1.39136e+06
-1.88301e+06
-339944
-271583
48659.6
-503360
-262603
-210843
92339
-405263
-398474
-358541
-524291
-445605
-761176
-770708
-1.81415e+06
-695692
-238196
-174460
171722
-371935
-1.57523e+06
-1.40181e+06
-1.40774e+06
-1.93584e+06
-346535
-277468
43125
-505450
-280354
-224636
100090
-425258
-349842
-314236
-463211
-390803
-775442
-778544
-1.83338e+06
-711643
-211861
-154977
208225
-346402
-1.58728e+06
-1.40154e+06
-1.38829e+06
-1.95262e+06
-384590
-313992
-20186.5
-536196
-320953
-247002
70973.7
-451937
-344296
-314226
-473319
-377761
-788004
-785973
-1.8406e+06
-718401
-202872
-141469
231159
-322790
-1.60689e+06
-1.4161e+06
-1.38432e+06
-1.96722e+06
-398462
-330234
-84628.7
-546000
-304699
-247144
50426.6
-435121
-321338
-301297
-490094
-344010
-761542
-762422
-1.80227e+06
-684550
-169385
-119335
246669
-287867
-1.61292e+06
-1.42435e+06
-1.40733e+06
-1.97671e+06
-408042
-337451
-118838
-547812
-319993
-261638
18200.2
-444814
-287598
-267932
-461158
-300246
-746432
-752949
-1.80028e+06
-668746
-143980
-87394.9
276945
-246211
-1.59474e+06
-1.40598e+06
-1.37474e+06
-1.95438e+06
-431681
-369254
-157757
-583804
-348253
-294093
-57637.7
-495330
-298759
-276139
-479730
-327396
-753932
-761077
-1.81086e+06
-697721
-154559
-114639
235819
-280121
-1.5885e+06
-1.40418e+06
-1.36605e+06
-1.95841e+06
-434728
-367633
-170776
-583522
-379192
-317352
-66115.9
-530713
-301481
-280787
-470403
-316820
-776293
-786509
-1.83323e+06
-708305
-180364
-129671
198523
-289545
-1.60655e+06
-1.42165e+06
-1.37697e+06
-1.97677e+06
-428198
-365915
-145931
-573168
-408561
-345048
-75227
-565350
-318532
-298490
-490938
-340509
-805051
-811928
-1.8782e+06
-741013
-183899
-139342
189865
-302493
-1.6325e+06
-1.44202e+06
-1.40421e+06
-2.00663e+06
-428524
-362073
-153813
-577342
-416265
-336786
-77315.1
-568201
-327398
-299900
-511682
-356146
-799058
-798938
-1.88413e+06
-737222
-162755
-109737
233150
-274331
-1.6245e+06
-1.42592e+06
-1.37599e+06
-2.0024e+06
-414459
-345397
-127601
-550891
-402704
-328789
-60667.6
-538974
-288583
-266455
-454779
-293759
-760618
-766687
-1.82025e+06
-669846
-125495
-76588.9
304330
-233666
-1.61337e+06
-1.41449e+06
-1.34966e+06
-1.97128e+06
-417144
-353090
-156126
-564872
-407678
-343755
-110541
-552743
-281932
-260345
-464860
-297029
-757683
-767631
-1.86422e+06
-680830
-109675
-59780.2
330625
-219431
-1.58974e+06
-1.39618e+06
-1.34099e+06
-1.95793e+06
-627298
-627903
-1.44972e+06
-569963
-273015
-256970
-423595
-287720
271730
262590
484149
286630
729915
727883
1.49018e+06
734969
84261
74353
46273.1
125240
-284150
-281624
-611374
-261403
-649091
-655052
-1.51503e+06
-598137
-329770
-313781
-535852
-344969
270640
260585
470217
283184
739270
728678
1.46169e+06
746836
45124
31833.2
-64952
84193.8
-340077
-338117
-737906
-326652
-660285
-658913
-1.55281e+06
-598763
-343387
-321066
-573968
-354976
283239
268681
482354
298334
743252
722463
1.42804e+06
745221
61249.6
44800.9
-91133.3
109209
-359062
-364152
-793692
-338090
-656407
-659391
-1.56129e+06
-595083
-354345
-329456
-574109
-380220
255686
240445
423667
272286
733554
720946
1.40681e+06
738403
83105.6
65152.8
-68842.5
134339
-345952
-339149
-755730
-321506
-681676
-691814
-1.63544e+06
-621916
-405004
-382621
-664887
-440242
211248
190350
314751
226299
702463
678248
1.35688e+06
697720
50660
23333.1
-148152
99805.3
-400211
-400390
-868273
-386529
-689862
-694469
-1.62448e+06
-623481
-431650
-405419
-654519
-472002
182886
169447
261166
206068
668953
655313
1.32413e+06
667682
11926.1
-10827.9
-198097
67696.3
-420963
-410805
-848521
-410287
-698586
-702779
-1.65327e+06
-634369
-427145
-400418
-640322
-465548
183554
167809
259808
194462
693825
683211
1.36742e+06
700093
-7307.24
-25931.7
-245990
45911
-418804
-411572
-876311
-408030
-703124
-714592
-1.65071e+06
-649219
-406695
-385007
-593268
-448545
217938
203518
367242
221821
733512
719011
1.44097e+06
735936
-26975.4
-46729.9
-270560
10252.3
-409563
-407026
-862485
-405770
-718837
-710309
-1.67371e+06
-648416
-383649
-354973
-544767
-421534
249615
241330
454916
257965
756651
732813
1.48035e+06
750317
-34455.2
-55936.4
-288519
11211.2
-413710
-411935
-858583
-401979
-722710
-729824
-1.72692e+06
-652064
-354887
-329094
-513369
-390102
274092
257064
480780
286063
757865
740069
1.47499e+06
760675
-63749.2
-80968
-360089
-14615.9
-393024
-381230
-843544
-371169
-701597
-715047
-1.70682e+06
-637608
-291027
-271598
-399399
-343501
312113
291099
549088
313308
795554
771060
1.5564e+06
782434
-34717.5
-61319.6
-323459
2031.52
-362701
-361521
-810645
-355072
-690842
-698062
-1.69731e+06
-610027
-257117
-235185
-313181
-300436
340015
322426
599607
350113
816892
794244
1.60453e+06
807744
-54650.2
-79547.4
-331440
-13013.6
-327040
-323414
-742848
-308723
-690631
-703522
-1.70814e+06
-616929
-272064
-248890
-312558
-317548
313031
307076
565965
325316
819091
805166
1.61027e+06
823601
-72278.3
-79573.6
-374506
-14363.5
-331464
-333786
-761953
-310440
-724473
-743790
-1.74509e+06
-673753
-298839
-277467
-357531
-351026
310206
301099
587288
303935
836978
815168
1.62049e+06
839283
-83464.1
-99600.9
-410845
-38094.7
-388456
-390233
-859937
-385282
-758737
-758005
-1.78499e+06
-685061
-308610
-275625
-382425
-343536
323947
317478
615986
335755
846770
812185
1.60912e+06
844662
-57655.4
-71060.7
-405039
7346.84
-429543
-430813
-928561
-413573
-765520
-775050
-1.79607e+06
-710566
-325517
-298405
-396666
-381585
297266
280847
559758
289450
837441
815247
1.60118e+06
836244
-40700.4
-61403.7
-396583
18973.8
-430562
-423025
-917201
-419024
-787427
-788770
-1.793e+06
-738612
-326748
-289452
-360192
-393713
252702
241374
520819
236305
833656
810064
1.65287e+06
812297
-20431.1
-38774.2
-344290
35684.9
-471470
-457532
-951551
-473580
-818550
-821924
-1.82198e+06
-775144
-354664
-316642
-369255
-429163
210330
208934
456913
194983
778414
763370
1.60036e+06
751027
-45936.5
-71837.8
-362264
3891.21
-494314
-476055
-950625
-502072
-865096
-866762
-1.92027e+06
-809336
-399428
-358105
-437061
-459557
210050
210608
454468
206334
769925
758576
1.60133e+06
760920
-81540
-106301
-413530
-19587.6
-563411
-550584
-1.06489e+06
-560450
-913613
-909587
-2.00501e+06
-865180
-439877
-395420
-516837
-496413
241970
242927
509819
238422
782223
772204
1.60461e+06
780335
-130019
-147979
-470967
-81131.3
-625564
-603710
-1.18808e+06
-626352
-954137
-944644
-2.07582e+06
-903524
-443857
-400531
-543878
-502420
301122
298091
608390
300677
797001
770109
1.59281e+06
773969
-127177
-143881
-469723
-81214
-664093
-654513
-1.2747e+06
-671406
-969341
-958818
-2.10628e+06
-919025
-445730
-399553
-552885
-509857
357005
347625
697351
361162
801607
788498
1.62227e+06
785239
-130811
-144036
-436856
-95223.2
-672818
-647048
-1.2777e+06
-667085
-1.00606e+06
-989090
-2.16901e+06
-954791
-469602
-414399
-577034
-534812
377849
371136
718973
385161
799693
786016
1.64787e+06
777712
-162009
-167948
-460947
-124304
-731854
-700588
-1.37917e+06
-733672
-983643
-977309
-2.13449e+06
-928172
-452664
-409221
-538378
-520754
444346
427517
818524
458430
829181
810837
1.6994e+06
812521
-161191
-173458
-429188
-130002
-727119
-702650
-1.3722e+06
-725723
-999024
-990162
-2.17112e+06
-947039
-461840
-420207
-557410
-523081
433280
420278
802097
447024
834653
824188
1.72489e+06
827589
-189080
-193938
-477888
-160356
-751930
-729079
-1.43319e+06
-744443
-1.01773e+06
-1.00259e+06
-2.18936e+06
-967927
-477371
-430633
-603219
-527459
455132
447254
851599
472194
864928
854701
1.76534e+06
863000
-212280
-208979
-501103
-186955
-768733
-740011
-1.47007e+06
-761973
-1.0304e+06
-1.01445e+06
-2.21299e+06
-981012
-469544
-426190
-621222
-520214
487491
467656
898257
500113
880994
853843
1.76951e+06
862993
-198587
-204321
-494652
-178107
-775562
-760456
-1.50416e+06
-771145
-1.02857e+06
-1.01388e+06
-2.23269e+06
-972242
-457611
-412895
-622454
-503035
497578
476169
896212
518130
886401
873524
1.77742e+06
878247
-195579
-196041
-481620
-174790
-750392
-726017
-1.47688e+06
-733637
-1.04554e+06
-1.03303e+06
-2.26454e+06
-993175
-446974
-403654
-621161
-495294
485601
465413
869317
506317
904169
880523
1.82312e+06
891305
-200765
-205026
-477805
-180631
-780079
-758851
-1.52307e+06
-777262
-1.02992e+06
-1.01879e+06
-2.2278e+06
-973439
-442027
-404280
-605715
-488858
509230
487481
888303
536348
916556
898683
1.85218e+06
905170
-212078
-217684
-474335
-193443
-764860
-737320
-1.47502e+06
-757272
-1.03656e+06
-1.02699e+06
-2.26143e+06
-981625
-450554
-417380
-630641
-493655
468402
454615
837106
492832
916933
900377
1.85012e+06
911855
-251696
-247376
-552257
-240254
-764980
-740501
-1.5048e+06
-753299
-1.06245e+06
-1.05352e+06
-2.30756e+06
-1.01452e+06
-489429
-451990
-699054
-534435
462217
452202
849596
478673
921359
901644
1.84079e+06
916437
-294641
-286561
-612614
-295880
-785979
-756862
-1.54095e+06
-778754
-1.08028e+06
-1.06181e+06
-2.34698e+06
-1.02387e+06
-495769
-459524
-724623
-540409
472673
461662
877878
484810
914221
884680
1.81198e+06
896164
-292845
-286298
-622011
-291394
-786216
-763075
-1.55349e+06
-777261
-1.05929e+06
-1.05333e+06
-2.33355e+06
-1.01154e+06
-489002
-450262
-694526
-547959
455362
438231
866957
449627
916310
899964
1.82439e+06
899144
-278218
-270264
-594183
-284623
-729080
-704504
-1.45728e+06
-726358
-1.0818e+06
-1.07203e+06
-2.35486e+06
-1.03383e+06
-506788
-465527
-702216
-580833
399021
385249
817517
381593
920116
897676
1.86768e+06
888145
-288447
-286476
-577123
-308359
-751100
-724456
-1.45742e+06
-760256
-1.07044e+06
-1.05737e+06
-2.32611e+06
-1.0194e+06
-517184
-468702
-653709
-588992
360733
359263
772537
345002
892753
879185
1.86871e+06
856541
-330268
-322966
-582459
-357525
-713635
-678273
-1.35401e+06
-716487
407215
371643
434183
486079
-42285
-34236.7
17929.4
-60396.8
908561
875064
1.61452e+06
938703
413348
393246
517020
496448
163906
132609
-13922.2
240911
376342
373186
761753
376524
433754
392607
506027
505424
-27101.3
-21412.6
60225
-47314.6
986912
948551
1.77533e+06
1.0188e+06
485893
452660
581897
576079
168057
136448
-23304.8
244942
398392
388220
799075
390964
439885
412676
532929
516336
-13807.7
2230.92
105817
-38331.6
1.04591e+06
1.00633e+06
1.88881e+06
1.07788e+06
528724
480634
597842
618936
171367
134170
-50029.9
251897
408876
399340
819158
407477
471113
433459
564923
555715
7420.38
21214.6
156157
-17971.8
1.08286e+06
1.03271e+06
1.93503e+06
1.12361e+06
563724
514172
599686
676138
153642
118504
-104255
241005
447468
435339
869736
454312
512121
464556
619835
588804
44783.9
50564.5
217962
9763.73
1.11731e+06
1.05655e+06
1.96162e+06
1.15068e+06
596172
523424
609742
701991
164754
113978
-120963
246915
448550
427013
865282
436843
519716
481217
637199
609069
42909.4
51937
244264
3989.5
1.13082e+06
1.07792e+06
1.96381e+06
1.18468e+06
577475
516155
546039
700538
117762
74052.5
-202300
210435
441647
433947
877502
441727
535056
489419
656442
632675
36180.5
47890.9
238484
11673.6
1.10283e+06
1.05319e+06
1.95286e+06
1.15245e+06
584153
526215
557615
719488
102568
70990
-231194
206385
455918
444559
878246
477001
546736
484848
621582
637262
22004.5
25899.9
179960
-3553.21
1.1184e+06
1.06292e+06
1.97467e+06
1.16245e+06
612410
541767
573466
742524
112033
69956.9
-250511
206434
487704
464108
862937
508005
530017
477584
563070
630362
25764.8
28321.7
155687
154.149
1.11951e+06
1.07089e+06
1.98513e+06
1.15845e+06
611775
539838
558027
732360
127715
85455.3
-246547
223701
508140
478597
846647
540218
509178
452402
503372
601655
22517.1
30882.2
146564
-5272.19
1.0945e+06
1.04634e+06
1.95843e+06
1.11986e+06
595627
536316
539885
714891
133453
95122.1
-246242
226955
544569
521563
870442
585116
511774
446995
487847
606718
19453.9
14671.1
114529
-21993.1
1.0848e+06
1.02819e+06
1.95773e+06
1.10484e+06
609127
532856
567816
715656
160848
104553
-224047
254894
576133
536495
879839
615904
477917
415224
423966
579603
-9190.27
588.313
113180
-41418.1
1.02137e+06
976918
1.8738e+06
1.03755e+06
557816
494174
524149
667188
127369
78735.6
-255446
226136
592442
562321
902187
646284
460342
406998
389592
564581
-29341.4
-18069.4
86381.6
-60369.2
982595
954219
1.8161e+06
1.00678e+06
540870
478831
498825
654972
121950
84611.7
-260936
227401
594220
553872
886918
645079
454749
400820
404287
547179
-37766.6
-24419.9
66744.5
-64136.7
1.00907e+06
981287
1.87342e+06
1.02543e+06
539537
480650
501573
657731
126924
93835.9
-232731
229777
585575
548935
878939
632929
438989
392867
396619
537451
-34578.9
-22630.2
61693.7
-54564.6
1.0401e+06
1.00598e+06
1.93056e+06
1.06462e+06
522272
449051
461317
623543
158516
118592
-194891
264442
578565
533102
857674
630657
456117
409916
436672
553655
-43083.3
-25820.7
51801.9
-73142.4
1.03758e+06
995319
1.90866e+06
1.05724e+06
484193
426629
418405
584135
170690
129405
-164483
268682
582571
544984
858534
633902
465004
421122
469927
561506
-21929.5
-1428.36
90059.9
-46703.7
1.01629e+06
978220
1.88098e+06
1.03871e+06
464303
407202
433876
555175
195126
158623
-100865
301971
570259
534424
851932
621191
482406
431436
494365
578570
-22916.6
-10533.1
102671
-58605
1.01454e+06
978122
1.85257e+06
1.03804e+06
415889
364815
372004
496283
197757
149750
-86775.4
294956
586029
551869
880559
638531
468633
416930
459120
552445
-49814.3
-32317.6
57532.3
-81017.5
1.01217e+06
981251
1.85443e+06
1.03283e+06
421658
375535
393537
503804
199376
155431
-92406.8
289486
553777
512962
817676
590420
448576
402511
447086
530727
-95170.9
-78287.3
-41829.6
-122605
1.03039e+06
1.00236e+06
1.88566e+06
1.0528e+06
438167
393295
427180
527640
198345
160562
-70098.3
288866
498801
469336
747949
535392
442645
397011
441213
529379
-103170
-86350.5
-85220.5
-114984
1.07418e+06
1.03573e+06
1.94789e+06
1.10793e+06
478898
420229
476803
563393
250181
198056
-2761.96
347083
459851
419630
674676
491622
417597
371058
402475
502599
-133124
-120795
-148279
-164509
1.06842e+06
1.02048e+06
1.92914e+06
1.09783e+06
482318
425308
504531
557078
255276
201875
18275.9
341114
436619
403910
660820
465742
368689
330790
326708
454617
-199759
-175282
-251538
-221015
1.02257e+06
982301
1.85002e+06
1.0513e+06
444249
399305
499232
519596
219560
177180
-5948.18
311948
342909
324705
547828
363596
374948
328858
325125
466010
-221179
-208280
-310261
-246410
1.0241e+06
982003
1.83361e+06
1.05962e+06
451488
400922
508459
523368
218099
169781
-5214.21
308084
323716
303453
526754
344566
396129
352889
361340
485297
-202944
-183052
-282986
-219132
1.0228e+06
996762
1.86204e+06
1.05754e+06
447843
420661
536935
527782
203035
167919
-26459.9
295622
335648
332422
554274
368886
420837
373847
395036
504032
-194244
-172707
-286416
-205404
1.06978e+06
1.04376e+06
1.94869e+06
1.10353e+06
474655
442871
563384
561543
183119
153356
-71831.4
277907
374530
365501
590268
404007
428244
382306
412764
517077
-166795
-156390
-249795
-182357
1.11164e+06
1.07385e+06
2.0214e+06
1.14567e+06
496513
444902
568457
570881
200075
154583
-69281.6
290463
398806
375424
601802
441314
444611
399469
433679
540944
-151581
-132022
-181007
-184622
1.10383e+06
1.06264e+06
2.02039e+06
1.13274e+06
484946
442712
563262
550264
179399
139553
-87006.7
259602
425922
407491
643165
465208
458007
410985
452063
555502
-157369
-137252
-161196
-198650
1.08124e+06
1.04525e+06
1.99948e+06
1.10233e+06
461938
420975
577522
523517
139407
102814
-134746
224351
409078
388344
626882
440905
462538
416593
484585
558397
-168037
-142458
-98062.3
-217968
1.06735e+06
1.03782e+06
2.00105e+06
1.08888e+06
434743
403581
573715
485781
100575
68743.5
-175272
186442
417404
406483
681090
450110
475835
436001
510021
568404
-146532
-115840
-43492.7
-190429
1.09592e+06
1.07186e+06
2.05892e+06
1.11527e+06
476674
452835
647346
540350
111326
78394.1
-205398
196654
449288
435353
731011
477035
494340
446768
545408
575935
-145742
-115900
-32760.3
-195817
1.15807e+06
1.13257e+06
2.16941e+06
1.17626e+06
526180
494562
718481
599950
100587
65615.3
-232364
182916
458489
437461
743801
477678
501267
464493
575917
592279
-119559
-94287
30381.5
-170446
1.22187e+06
1.18579e+06
2.27394e+06
1.24568e+06
566462
515356
739952
630080
126821
83297.2
-220692
216731
451570
428107
735991
475318
499734
456372
581846
583842
-116503
-84733.3
86453.7
-193426
1.23315e+06
1.18711e+06
2.28731e+06
1.25302e+06
582618
532343
756116
643853
120540
73010.9
-234587
198676
460599
440248
779834
472246
509812
465712
608929
593476
-125765
-94060.1
126074
-215320
1.23938e+06
1.19368e+06
2.29817e+06
1.25684e+06
575690
523064
783592
629234
87616.9
40553.3
-264144
165485
422273
402185
755199
421846
518884
480690
637916
606751
-136763
-91962.8
186350
-230447
1.25798e+06
1.22178e+06
2.32314e+06
1.29068e+06
568423
525585
774998
631564
42274.4
-86.267
-329388
121690
403909
393957
772836
400857
153322
68783.8
-607766
341254
171069
169841
464352
145302
348792
324196
517043
381457
879905
811579
1.15413e+06
1.0141e+06
935262
857409
1.21808e+06
1.07025e+06
676787
661783
1.46072e+06
649220
122434
31220.9
-671286
304228
138490
137587
425609
105948
372632
340063
561926
398624
889892
818832
1.14868e+06
1.01689e+06
893337
813550
1.12711e+06
1.01643e+06
631457
622647
1.40646e+06
593193
83483.9
8895.4
-731869
274013
135279
152002
441678
107979
392128
370081
607661
434444
891686
813779
1.1388e+06
1.0176e+06
892018
812404
1.10444e+06
1.02173e+06
593425
587830
1.35878e+06
558028
75753.1
-11794.5
-763054
257895
146681
154950
480949
106944
397835
360971
590398
433860
884909
814226
1.11204e+06
1.01929e+06
886730
809455
1.09156e+06
1.02232e+06
593040
595725
1.37757e+06
552873
49776.1
-35357.5
-817036
228782
134579
144359
461442
80080.6
380570
342949
533264
416161
896163
815301
1.12545e+06
1.01893e+06
876246
792874
1.05034e+06
1.00207e+06
552508
561272
1.32639e+06
498599
61229.1
-20067.7
-774524
244159
153413
165240
556328
91406.3
403255
364016
552313
442753
900533
823914
1.15211e+06
1.02105e+06
864585
779932
1.0643e+06
993924
577283
590489
1.43193e+06
515675
52473.7
-26676.3
-801911
243081
138073
149475
541418
80768.6
394283
362399
550620
442631
888907
810853
1.1439e+06
1.0172e+06
831406
750233
988439
963776
567218
565885
1.40006e+06
505865
38055.1
-38457.4
-826626
228908
109474
124642
502592
53698.4
417658
390355
573601
473885
880225
810672
1.13561e+06
1.01551e+06
796421
720528
930384
926023
530669
540934
1.33476e+06
475988
38260.1
-32693.8
-827745
228522
122060
139875
517598
68488.9
456662
421500
626437
510014
882481
803733
1.12969e+06
998870
802951
727230
918755
934432
517012
517329
1.2881e+06
454290
44401.4
-28253.2
-831365
240756
144621
165361
544237
95924.7
471753
434072
638552
530687
863563
800093
1.10612e+06
992458
809811
735559
919415
951766
524149
535855
1.29633e+06
471475
42509.8
-42077.8
-878643
238547
136118
148609
504925
74297.8
459803
412963
580770
522505
856163
778627
1.07794e+06
970140
798271
710404
864981
932645
483805
489679
1.2116e+06
421547
69857.9
-9030.46
-833411
275598
161946
176064
568326
109121
481569
444113
597329
555935
863570
794128
1.10986e+06
987279
782013
691064
846368
918983
502148
512132
1.25053e+06
449806
60494.4
-31145.2
-860997
262231
139997
150127
538563
86513.8
477453
427972
603881
536811
887475
816838
1.15587e+06
1.01075e+06
749735
673538
782841
896474
478109
483126
1.21507e+06
413044
30821.4
-50610.5
-901928
231281
102007
119102
483406
49988.2
475314
443310
647498
532573
916482
849063
1.2123e+06
1.04084e+06
734936
670177
767422
879176
453388
473006
1.20208e+06
384007
5755.85
-68278.2
-935787
201001
104585
120787
469187
47749.5
506697
471722
719514
559771
941453
862142
1.24415e+06
1.04961e+06
772545
698120
806448
914887
436617
451792
1.18955e+06
359654
5245.32
-67779.7
-932635
206105
114790
142871
501352
55476.1
514219
478173
740431
568444
969993
904292
1.30308e+06
1.08703e+06
802905
732587
860246
947777
450827
478713
1.24998e+06
375499
11278.4
-63349.7
-924470
210951
119464
144484
525795
45643
520550
482264
760213
568439
1.0082e+06
933874
1.3949e+06
1.11347e+06
814796
736683
887244
949963
432012
459000
1.24305e+06
340001
26358.8
-52337.2
-891061
223654
125207
144439
582830
48841.3
525211
488272
785788
570473
1.02077e+06
944067
1.44469e+06
1.12197e+06
809621
728681
917042
946216
431241
461464
1.29826e+06
335237
10003.4
-66383.9
-916137
209215
105945
134113
562646
38993.4
515778
485509
764030
569618
1.01463e+06
951679
1.45358e+06
1.13316e+06
793075
722603
890609
936222
418955
451461
1.29107e+06
319053
11520.2
-77993.2
-938676
202843
109240
128383
546229
35851
555729
514277
796621
614221
1.06937e+06
993459
1.51329e+06
1.18547e+06
813358
730919
904690
944077
432302
456641
1.28512e+06
329150
10752.3
-61664
-944564
222440
138342
164238
592476
74741.9
611540
573163
863155
688239
1.11341e+06
1.03347e+06
1.5738e+06
1.23243e+06
849741
768525
951743
995282
434112
459788
1.2824e+06
342442
7341.89
-78235.7
-982277
207443
144654
169263
595431
74308.4
647296
594704
870218
724284
1.13388e+06
1.05803e+06
1.60466e+06
1.251e+06
860400
781927
961887
997481
459025
487122
1.30901e+06
365339
-4542.45
-92288.7
-1.00936e+06
198893
152802
173199
601695
79661.9
643126
584417
829967
720953
1.15778e+06
1.07669e+06
1.66218e+06
1.26941e+06
881694
795982
995133
1.01664e+06
442831
468267
1.29633e+06
338983
560.029
-89941.9
-1.02948e+06
212561
174992
194067
628032
112851
662126
599363
818374
758373
1.1817e+06
1.09368e+06
1.68443e+06
1.30023e+06
891635
802211
1.01508e+06
1.03091e+06
464028
488759
1.32811e+06
368782
-9304.82
-97055.4
-1.06362e+06
207308
153358
168858
584979
97744.8
600612
546425
726155
687814
1.15857e+06
1.07957e+06
1.67909e+06
1.28692e+06
868094
791680
995095
1.02191e+06
471229
488367
1.3189e+06
383532
-34785.4
-122767
-1.10237e+06
180563
117330
136665
516170
61153.4
555441
505634
686302
633381
1.15692e+06
1.08457e+06
1.67876e+06
1.28222e+06
850343
777155
966623
990302
450048
474121
1.28239e+06
364444
-44084.6
-125883
-1.14484e+06
180375
132988
155491
519129
90637.7
520010
471505
650799
592743
1.16218e+06
1.07765e+06
1.69005e+06
1.27507e+06
876147
795225
997026
1.0256e+06
460937
475732
1.28585e+06
379846
-35104.3
-122483
-1.15969e+06
184597
169982
186728
545488
124890
478606
434857
576914
550855
1.16067e+06
1.09111e+06
1.7119e+06
1.27357e+06
909417
835568
1.04257e+06
1.05903e+06
510023
531674
1.35352e+06
430405
-43810.2
-133534
-1.16606e+06
173362
175669
189319
558213
125296
424174
385098
514663
484524
1.16498e+06
1.09267e+06
1.76732e+06
1.26295e+06
944101
860533
1.11538e+06
1.0872e+06
524395
542516
1.38162e+06
442266
-35493.9
-127872
-1.1706e+06
187107
187656
200352
582503
139461
388285
347182
447064
444834
1.15657e+06
1.08235e+06
1.77194e+06
1.24691e+06
939925
855299
1.12728e+06
1.08443e+06
581681
598989
1.47302e+06
506107
-35437.4
-123672
-1.16596e+06
197148
174432
188250
561987
130731
362918
329362
429947
411192
1.1648e+06
1.09932e+06
1.80732e+06
1.26815e+06
947347
867720
1.13169e+06
1.10643e+06
596784
615351
1.48376e+06
533115
-31053.3
-119719
-1.1601e+06
201613
161691
176403
532767
117288
388568
360643
509509
439620
1.20688e+06
1.14518e+06
1.87005e+06
1.31728e+06
965836
890177
1.1393e+06
1.1267e+06
617296
635546
1.48373e+06
560235
-25549.2
-108179
-1.1559e+06
215239
168379
178837
529748
122858
423908
396415
590148
476815
1.24627e+06
1.16564e+06
1.9135e+06
1.34632e+06
1.02307e+06
926432
1.188e+06
1.192e+06
637813
642201
1.49312e+06
588780
-37374.8
-122148
-1.19189e+06
204232
146626
168800
498143
103289
417554
386118
570118
469985
1.24224e+06
1.17291e+06
1.90031e+06
1.34865e+06
1.02558e+06
941581
1.16858e+06
1.20388e+06
659595
676050
1.51232e+06
619779
-10942.5
-102916
-1.17443e+06
230255
168904
181197
520247
109607
438876
403898
598393
481548
1.27193e+06
1.19417e+06
1.955e+06
1.36657e+06
1.08744e+06
987344
1.23365e+06
1.26138e+06
691462
699300
1.52311e+06
647919
13249.1
-76987
-1.13403e+06
262523
167333
178806
552306
107073
452517
419367
635849
498747
1.28978e+06
1.21212e+06
1.99902e+06
1.38599e+06
1.09468e+06
993088
1.25149e+06
1.2809e+06
740232
744005
1.60419e+06
704604
60514.2
27939.9
-199165
124139
-257916
-223729
-158039
-325889
979563
935950
1.67351e+06
1.02599e+06
435726
426639
858629
442184
772715
674093
565175
973446
968884
915794
1.64104e+06
1.01492e+06
26709.5
-9345.83
-266591
82962.7
-289636
-256174
-215769
-363385
1.00215e+06
952906
1.71438e+06
1.04876e+06
449000
435697
850129
454614
750493
654263
515271
944389
927642
880050
1.55315e+06
974095
-7455.73
-29048.7
-320887
61895.9
-277926
-234352
-191965
-345254
1.03176e+06
988198
1.75919e+06
1.09399e+06
454948
437585
842762
456958
777629
675979
534174
982995
905793
854937
1.50317e+06
957107
-43178.1
-68149.5
-377384
18592
-284780
-241138
-166369
-363657
1.02188e+06
970035
1.72145e+06
1.08152e+06
447415
436957
824550
456403
780282
681440
546387
981641
893518
850548
1.50621e+06
946017
-47801.8
-70560.1
-396492
13618.9
-287827
-234904
-159668
-372787
1.04212e+06
989578
1.72997e+06
1.09981e+06
461817
449188
852441
464128
784140
686830
554609
981074
869658
831271
1.45589e+06
912646
-53567.6
-81973.5
-383970
964.494
-277389
-230753
-89182.4
-375611
1.05159e+06
992235
1.74667e+06
1.10735e+06
454991
435933
860401
449432
766196
663519
565891
957424
865932
830184
1.50146e+06
904537
-73824.8
-94137.1
-393308
-21589.4
-281439
-241067
-62875.2
-385529
1.0374e+06
983089
1.74824e+06
1.09524e+06
448807
441902
882036
449554
755617
667664
552525
953886
863212
826494
1.51604e+06
898374
-77581.6
-92847.4
-369989
-27593.4
-301609
-251933
-69411.7
-401499
1.06972e+06
1.02654e+06
1.83633e+06
1.13186e+06
478360
479126
944722
488133
768418
685141
570529
965308
858556
827340
1.52973e+06
891332
-84908.7
-95735.9
-366752
-46037.6
-312379
-269124
-70424.3
-431387
1.11881e+06
1.06339e+06
1.91938e+06
1.16703e+06
495391
472053
960622
477287
804077
711973
621015
1.00175e+06
860234
824150
1.53918e+06
888672
-58092.4
-57226.2
-312668
-9095.51
-329085
-265020
-51753.1
-452341
1.1494e+06
1.10075e+06
1.9676e+06
1.20664e+06
499362
501502
981278
499857
837555
753169
675686
1.033e+06
898283
877332
1.61336e+06
927256
-17336.8
-27948.4
-232465
26823.4
-316928
-260251
-1735.95
-460453
1.1739e+06
1.11053e+06
1.99894e+06
1.23041e+06
531427
513781
1.04547e+06
514231
876206
776920
745589
1.06884e+06
902559
870076
1.64106e+06
917248
8464.07
-2897.02
-158280
43513.9
-341984
-281809
32326.8
-496156
1.20192e+06
1.14935e+06
2.04638e+06
1.26921e+06
527802
519376
1.07147e+06
516284
875859
776718
776601
1.06289e+06
917298
894829
1.72044e+06
930067
-1719.68
-10721.9
-152507
31709.5
-379010
-301220
11303.1
-531983
1.20043e+06
1.14472e+06
2.036e+06
1.26182e+06
524562
524203
1.0808e+06
522118
858375
755546
750561
1.05374e+06
914863
889137
1.72317e+06
930439
-26392.8
-37437.8
-174611
-5678.07
-390298
-314876
17155.8
-550999
1.20606e+06
1.15401e+06
2.06126e+06
1.26365e+06
544715
541284
1.10996e+06
543088
827013
721892
690940
1.02026e+06
881373
857869
1.67116e+06
888627
-34067.7
-37323.2
-183322
-383.252
-381023
-301896
44225.3
-538905
1.23776e+06
1.17417e+06
2.11423e+06
1.29947e+06
563701
542252
1.11734e+06
556185
832654
723577
655994
1.03242e+06
877579
844677
1.65693e+06
887689
-48604.4
-65751
-218759
-28711.4
-396513
-321339
20199.9
-565234
1.22554e+06
1.15689e+06
2.06358e+06
1.28758e+06
539812
522491
1.0692e+06
533267
825518
707914
609682
1.02961e+06
872881
843656
1.64928e+06
886560
-98613.1
-106855
-275159
-87747
-418491
-333898
25158.2
-598055
1.18218e+06
1.11569e+06
1.97967e+06
1.24299e+06
500003
487346
1.03631e+06
482929
796379
684805
562590
994821
812790
788677
1.55215e+06
817332
-90382.4
-95854.7
-265497
-62137.7
-391708
-304503
76183
-562521
1.20042e+06
1.13827e+06
1.97147e+06
1.28131e+06
502522
492940
1.01168e+06
502070
790120
671874
529889
998508
832367
809238
1.57917e+06
848563
-75536
-83896.1
-258001
-46731.3
-386961
-309382
81172.3
-563365
1.2118e+06
1.14917e+06
1.99476e+06
1.28266e+06
519282
515940
1.03253e+06
523106
782296
683380
506595
1.01099e+06
829088
801781
1.54552e+06
842475
-69762.4
-86397.1
-270430
-48180.8
-407802
-336122
21732.9
-583035
1.24806e+06
1.18304e+06
2.07099e+06
1.3166e+06
559720
550118
1.07913e+06
569898
797913
692588
493561
1.02839e+06
837287
803950
1.52828e+06
847101
-83074.4
-86337
-297215
-48535.8
-425348
-346533
-9963.13
-601831
1.28153e+06
1.22251e+06
2.14517e+06
1.35817e+06
575501
554832
1.08447e+06
572253
829899
720835
511710
1.06839e+06
844612
806933
1.5201e+06
867312
-75304
-80119.4
-308508
-26246.4
-438220
-351088
-25892.8
-611332
1.30621e+06
1.238e+06
2.17005e+06
1.38851e+06
578104
567607
1.09269e+06
587135
844745
739427
529657
1.09065e+06
864108
836435
1.53774e+06
904340
-57431.2
-73401.2
-342442
-3232.89
-429635
-351585
-48318
-605000
1.32235e+06
1.24395e+06
2.15971e+06
1.39761e+06
585288
564757
1.10489e+06
583018
879835
765261
535201
1.13429e+06
876168
838979
1.50954e+06
913308
-65043.9
-82406.9
-374378
-5451.79
-467254
-392031
-87092.2
-652534
1.31849e+06
1.24844e+06
2.16112e+06
1.40201e+06
565970
549699
1.08392e+06
563190
875323
754721
514854
1.13358e+06
875531
838395
1.51101e+06
916692
-61386.1
-85316
-383734
-11739.4
-490946
-414749
-113233
-670144
1.29164e+06
1.21971e+06
2.14548e+06
1.36207e+06
550536
543875
1.0916e+06
554066
857259
739238
466392
1.11541e+06
883865
839172
1.51323e+06
918698
-67346.3
-87095.8
-368166
-23149.3
-510363
-430024
-125465
-692540
1.29456e+06
1.2315e+06
2.19316e+06
1.36211e+06
567949
559238
1.12332e+06
568264
837258
719741
445655
1.08327e+06
887901
846272
1.54273e+06
914870
-80249.5
-87729.3
-376497
-29004.8
-500235
-409751
-89220.6
-680541
1.29467e+06
1.23403e+06
2.21234e+06
1.36123e+06
549856
536780
1.10021e+06
537603
835701
726418
448466
1.08876e+06
895766
855459
1.57543e+06
928213
-49691.9
-62590.3
-349816
5105.31
-438229
-347018
24528.1
-616664
1.29743e+06
1.23559e+06
2.21277e+06
1.36063e+06
561470
562434
1.11897e+06
563042
878183
765951
507529
1.13057e+06
962702
928937
1.67915e+06
1.0063e+06
-14203.7
-34046.5
-291917
42251.8
-399658
-313568
96448.7
-587399
1.29566e+06
1.22857e+06
2.22979e+06
1.35011e+06
601017
585493
1.19157e+06
588142
911937
791963
571424
1.15649e+06
1.0037e+06
961473
1.75004e+06
1.03772e+06
-2407.7
-22329.7
-263515
48606.5
-371648
-291274
179452
-569586
1.26728e+06
1.20885e+06
2.20239e+06
1.3206e+06
587408
578085
1.20068e+06
570140
909811
786503
606215
1.14472e+06
1.04629e+06
1.00141e+06
1.85148e+06
1.07512e+06
14418.6
-8227.89
-222186
64647.2
-379514
-291959
176367
-565328
1.24456e+06
1.19844e+06
2.16728e+06
1.29955e+06
571383
568793
1.20424e+06
559451
893571
777655
585782
1.14218e+06
1.04729e+06
1.0107e+06
1.87079e+06
1.09037e+06
18679.6
-3462.7
-218562
68684.1
-379227
-292617
142715
-556620
1.27739e+06
1.23013e+06
2.20483e+06
1.34171e+06
592778
595175
1.23028e+06
594831
880206
768751
540039
1.13828e+06
1.05309e+06
1.01885e+06
1.85406e+06
1.10155e+06
19822.3
-2429.62
-214681
73856.6
-366729
-287710
139643
-545451
1.30721e+06
1.24243e+06
2.22316e+06
1.37558e+06
593154
572911
1.2012e+06
571615
904013
774348
526169
1.1585e+06
1.06779e+06
1.0149e+06
1.85244e+06
1.11427e+06
41458.4
26850.3
-165345
106518
-357285
-265749
185487
-536106
1.29081e+06
1.22597e+06
2.16796e+06
1.37066e+06
565140
563646
1.17898e+06
547629
898453
779210
542983
1.15422e+06
1.09405e+06
1.05143e+06
1.91974e+06
1.14924e+06
68824.1
46344.5
-153980
138634
-342849
-255934
188083
-518539
1.26535e+06
1.2003e+06
2.07905e+06
1.34891e+06
559603
553624
1.19359e+06
541824
895098
775773
520513
1.16558e+06
1.07437e+06
1.03054e+06
1.87716e+06
1.12371e+06
95423.4
64773.8
-98948.3
160249
-346424
-262600
200466
-531234
1.27414e+06
1.20957e+06
2.06268e+06
1.36661e+06
538859
537721
1.17555e+06
511534
881526
753183
489373
1.14954e+06
1.09318e+06
1.05484e+06
1.94009e+06
1.14316e+06
