-1.36059e+06
-1.05508e+06
-177859
-381333
-1.56676e+06
-1.27908e+06
-631163
-681103
-985087
-788527
-276279
-370356
562882
445557
135274
190913
-459055
-388378
-282710
-237651
-1.73038e+06
-1.39672e+06
-561642
-679926
-1.33987e+06
-1.03887e+06
-170561
-383750
-1.58666e+06
-1.29953e+06
-630832
-683060
-958770
-768470
-260965
-353283
494936
385320
99564.2
165856
-501074
-429280
-312760
-278608
-1.75108e+06
-1.4175e+06
-570530
-688416
-1.32576e+06
-1.02924e+06
-159518
-370586
-1.6376e+06
-1.3396e+06
-644852
-707563
-923715
-737237
-249003
-336634
441918
345735
72149.6
135216
-487134
-415923
-322581
-276595
-1.76977e+06
-1.43248e+06
-582623
-708277
-1.26356e+06
-975437
-129657
-340244
-1.60301e+06
-1.30994e+06
-623331
-687351
-843672
-666153
-211848
-300000
470229
370329
86942.3
147667
-428147
-367127
-301048
-249136
-1.70805e+06
-1.38188e+06
-560908
-675344
-1.27814e+06
-986118
-121600
-339913
-1.63885e+06
-1.33837e+06
-635106
-690815
-807314
-638084
-199606
-273949
479213
382053
99045.2
164286
-450882
-386497
-310730
-256496
-1.71949e+06
-1.3902e+06
-577587
-682084
-1.2697e+06
-978839
-119722
-333766
-1.66895e+06
-1.36134e+06
-658654
-704425
-778843
-612393
-192693
-265920
442978
349071
80007.7
144907
-460765
-394802
-320218
-268189
-1.67869e+06
-1.35687e+06
-571568
-671192
-1.32742e+06
-1.0208e+06
-133490
-347632
-1.80343e+06
-1.46746e+06
-711921
-763967
-838258
-665187
-202704
-290531
367204
284260
53394.3
114587
-554908
-473619
-360352
-304064
-1.73267e+06
-1.39969e+06
-597575
-682381
-1.35557e+06
-1.04529e+06
-131441
-371458
-1.91288e+06
-1.56157e+06
-736817
-814065
-928435
-740861
-227592
-325315
296639
221337
13505.7
74110.4
-662164
-563244
-399875
-366474
-1.88075e+06
-1.52134e+06
-650444
-749093
-1.33077e+06
-1.02343e+06
-101446
-346875
-2.00224e+06
-1.62999e+06
-758588
-843776
-972238
-772511
-232302
-335340
303683
229070
4290.72
62223.3
-658837
-558033
-397077
-365244
-1.95526e+06
-1.58132e+06
-676421
-790956
-1.329e+06
-1.02134e+06
-90260.1
-340744
-2.09221e+06
-1.70495e+06
-786477
-884335
-1.01822e+06
-806757
-237443
-352938
328083
244918
3389.16
66055.1
-631842
-538465
-377937
-351028
-1.99271e+06
-1.61407e+06
-678658
-802512
-1.27401e+06
-973852
-60057.4
-305393
-2.09832e+06
-1.71135e+06
-796933
-878386
-1.01141e+06
-800996
-236850
-339536
442591
342361
36640.9
117203
-575360
-490019
-349733
-319419
-2.03576e+06
-1.6456e+06
-699339
-810087
-1.26812e+06
-968397
-55838.1
-307970
-2.1248e+06
-1.73034e+06
-824680
-897355
-1.02449e+06
-809441
-245539
-345663
494884
377629
37512
124964
-550073
-468039
-338552
-309344
-2.03976e+06
-1.64879e+06
-712789
-821602
-1.26847e+06
-967259
-48332.9
-296645
-2.12037e+06
-1.73088e+06
-841520
-903661
-1.03871e+06
-826703
-243780
-362980
528340
404959
56335.9
136775
-609571
-518748
-368884
-324172
-2.04448e+06
-1.65968e+06
-727616
-826026
-1.19269e+06
-900044
-20412.8
-273254
-2.08931e+06
-1.7063e+06
-832343
-897147
-1.01324e+06
-804343
-234181
-349227
538310
414576
60706.5
153784
-615958
-524904
-385569
-343241
-2.10641e+06
-1.70817e+06
-750972
-850968
-1.17317e+06
-886220
2120.61
-250183
-2.12835e+06
-1.74074e+06
-852320
-910106
-1.04102e+06
-826009
-241080
-352337
519414
401886
61636.4
143051
-615856
-526634
-396206
-339176
-2.19527e+06
-1.78246e+06
-787416
-892967
-1.19542e+06
-901023
2899.84
-254156
-2.17818e+06
-1.77971e+06
-875984
-937600
-1.06851e+06
-843571
-244333
-369962
533389
416262
92199.7
154742
-633013
-538120
-394151
-352163
-2.24229e+06
-1.81788e+06
-787298
-910897
-1.21812e+06
-916475
19733.2
-254808
-2.19389e+06
-1.79363e+06
-889942
-945288
-1.0431e+06
-824013
-226535
-347509
572836
455456
130635
195101
-620276
-528610
-379905
-340989
-2.30459e+06
-1.86547e+06
-806295
-923044
-1.20573e+06
-902431
34260.7
-247692
-2.21227e+06
-1.80795e+06
-912861
-957499
-1.02538e+06
-805769
-217055
-345410
585462
466151
142684
198136
-625112
-529641
-380380
-344497
-2.29664e+06
-1.85771e+06
-800000
-933722
-1.20665e+06
-908503
49806.5
-233310
-2.19786e+06
-1.80082e+06
-904499
-962741
-1.00147e+06
-789287
-200447
-325674
527731
413795
124546
177373
-655341
-556918
-391130
-344834
-2.32208e+06
-1.87768e+06
-800676
-920306
-1.23039e+06
-924744
39351.2
-244687
-2.2255e+06
-1.82059e+06
-898448
-968815
-1.05348e+06
-834168
-224260
-344041
463533
358636
85366.2
145719
-760901
-642916
-430201
-397711
-2.42763e+06
-1.96205e+06
-840312
-965419
-1.20577e+06
-906126
54247.8
-224207
-2.22287e+06
-1.81771e+06
-886185
-959117
-1.0597e+06
-837753
-233468
-349315
456672
353795
64068.1
131941
-767533
-648416
-435719
-401331
-2.46041e+06
-1.98933e+06
-847446
-987316
-1.2231e+06
-915303
63510.9
-239332
-2.22634e+06
-1.81588e+06
-867191
-965016
-1.05395e+06
-828178
-224861
-358515
490357
383482
70682.4
131906
-746078
-629038
-412120
-396270
-2.4923e+06
-2.0102e+06
-844041
-995927
-1.19679e+06
-897896
81825
-209261
-2.18593e+06
-1.78797e+06
-854341
-924211
-988848
-780819
-209115
-314743
544595
425556
81900.6
164605
-704363
-596548
-395020
-361977
-2.52149e+06
-2.03751e+06
-864496
-995133
-1.20854e+06
-903067
86863.8
-219478
-2.16582e+06
-1.76625e+06
-844764
-924283
-1.00381e+06
-790190
-218602
-330524
575298
446046
84598.3
165626
-670520
-565313
-375713
-356177
-2.50797e+06
-2.02381e+06
-863663
-1.00385e+06
-1.23744e+06
-919648
89612.3
-217800
-2.16711e+06
-1.76575e+06
-841088
-925257
-1.01121e+06
-795636
-206070
-337353
562544
441060
95902.8
161893
-705198
-588174
-382739
-352928
-2.49704e+06
-2.01821e+06
-854773
-1.00543e+06
-1.24434e+06
-923160
95419.8
-222147
-2.17055e+06
-1.76755e+06
-821005
-918863
-960087
-752903
-182623
-307710
525629
411649
90198.5
163321
-738265
-615700
-390369
-371390
-2.52339e+06
-2.03803e+06
-848009
-999488
-1.29118e+06
-963265
86315.8
-230061
-2.24234e+06
-1.82473e+06
-833603
-933783
-936132
-733251
-168694
-294603
464448
362773
69222.2
134374
-745208
-622818
-392080
-371029
-2.59229e+06
-2.09364e+06
-862530
-1.02823e+06
-1.29978e+06
-969040
81291.1
-234050
-2.28178e+06
-1.85489e+06
-847836
-946946
-888603
-691066
-151162
-273522
490924
385996
87069.6
144721
-716647
-597880
-378771
-355655
-2.61424e+06
-2.11049e+06
-863375
-1.02844e+06
-1.30548e+06
-974923
72792.4
-232942
-2.27507e+06
-1.85264e+06
-859641
-942525
-830711
-647188
-139494
-246188
590883
470473
136012
202834
-664366
-557256
-357319
-332655
-2.62357e+06
-2.11891e+06
-870482
-1.03303e+06
-1.35257e+06
-1.011e+06
48776.2
-256805
-2.3342e+06
-1.89709e+06
-900199
-969119
-800672
-618829
-133338
-236201
586807
468629
129647
203814
-662920
-551575
-363407
-328315
-2.60261e+06
-2.0959e+06
-866043
-1.02234e+06
-1.41705e+06
-1.06888e+06
35870.1
-281449
-2.37144e+06
-1.93015e+06
-907673
-1.00612e+06
-818230
-642840
-131019
-247386
590846
465167
148059
197791
-736675
-614690
-387381
-361436
-2.60937e+06
-2.10428e+06
-854123
-1.02552e+06
-1.42779e+06
-1.07472e+06
22800
-299211
-2.34663e+06
-1.90773e+06
-893788
-995283
-808393
-632081
-140194
-253148
673481
534821
166768
229470
-729594
-607951
-400158
-377465
-2.61313e+06
-2.10265e+06
-855755
-1.02755e+06
-1.44894e+06
-1.09679e+06
20832.8
-296740
-2.37005e+06
-1.92946e+06
-891029
-997803
-797797
-628377
-144193
-249249
733818
583215
185920
249502
-689094
-578201
-385505
-358981
-2.61689e+06
-2.10932e+06
-847884
-1.03124e+06
-1.49772e+06
-1.1334e+06
1936.06
-316239
-2.34738e+06
-1.90849e+06
-876462
-986676
-809233
-635760
-158180
-256581
834737
665093
223806
297564
-646727
-542386
-364359
-336014
-2.57107e+06
-2.07066e+06
-818501
-999259
-1.4573e+06
-1.09945e+06
27199.6
-305977
-2.28069e+06
-1.85647e+06
-848835
-955334
-766246
-599880
-141253
-242837
936220
754694
276817
340391
-586177
-490845
-325143
-312306
-2.55268e+06
-2.05334e+06
-806733
-990794
-1.52557e+06
-1.15279e+06
14763.7
-318415
-2.27907e+06
-1.84974e+06
-847265
-946693
-781091
-611239
-142868
-242702
1.00123e+06
806284
310754
378465
-584031
-485937
-310908
-293713
-2.50402e+06
-2.00937e+06
-777038
-965237
-1.36059e+06
-1.05508e+06
-177859
-381333
-1.56676e+06
-1.27908e+06
-631163
-681103
-985087
-788527
-276279
-370356
562882
445557
135274
190913
-459055
-388378
-282710
-237651
-1.73038e+06
-1.39672e+06
-561642
-679926
-1.33987e+06
-1.03887e+06
-170561
-383750
-1.58666e+06
-1.29953e+06
-630832
-683060
-958770
-768470
-260965
-353283
494936
385320
99564.2
165856
-501074
-429280
-312760
-278608
-1.75108e+06
-1.4175e+06
-570530
-688416
-1.32576e+06
-1.02924e+06
-159518
-370586
-1.6376e+06
-1.3396e+06
-644852
-707563
-923715
-737237
-249003
-336634
441918
345735
72149.6
135216
-487134
-415923
-322581
-276595
-1.76977e+06
-1.43248e+06
-582623
-708277
-1.26356e+06
-975437
-129657
-340244
-1.60301e+06
-1.30994e+06
-623331
-687351
-843672
-666153
-211848
-300000
470229
370329
86942.3
147667
-428147
-367127
-301048
-249136
-1.70805e+06
-1.38188e+06
-560908
-675344
-1.27814e+06
-986118
-121600
-339913
-1.63885e+06
-1.33837e+06
-635106
-690815
-807314
-638084
-199606
-273949
479213
382053
99045.2
164286
-450882
-386497
-310730
-256496
-1.71949e+06
-1.3902e+06
-577587
-682084
-1.2697e+06
-978839
-119722
-333766
-1.66895e+06
-1.36134e+06
-658654
-704425
-778843
-612393
-192693
-265920
442978
349071
80007.7
144907
-460765
-394802
-320218
-268189
-1.67869e+06
-1.35687e+06
-571568
-671192
-1.32742e+06
-1.0208e+06
-133490
-347632
-1.80343e+06
-1.46746e+06
-711921
-763967
-838258
-665187
-202704
-290531
367204
284260
53394.3
114587
-554908
-473619
-360352
-304064
-1.73267e+06
-1.39969e+06
-597575
-682381
-1.35557e+06
-1.04529e+06
-131441
-371458
-1.91288e+06
-1.56157e+06
-736817
-814065
-928435
-740861
-227592
-325315
296639
221337
13505.7
74110.4
-662164
-563244
-399875
-366474
-1.88075e+06
-1.52134e+06
-650444
-749093
-1.33077e+06
-1.02343e+06
-101446
-346875
-2.00224e+06
-1.62999e+06
-758588
-843776
-972238
-772511
-232302
-335340
303683
229070
4290.72
62223.3
-658837
-558033
-397077
-365244
-1.95526e+06
-1.58132e+06
-676421
-790956
-1.329e+06
-1.02134e+06
-90260.1
-340744
-2.09221e+06
-1.70495e+06
-786477
-884335
-1.01822e+06
-806757
-237443
-352938
328083
244918
3389.16
66055.1
-631842
-538465
-377937
-351028
-1.99271e+06
-1.61407e+06
-678658
-802512
-1.27401e+06
-973852
-60057.4
-305393
-2.09832e+06
-1.71135e+06
-796933
-878386
-1.01141e+06
-800996
-236850
-339536
442591
342361
36640.9
117203
-575360
-490019
-349733
-319419
-2.03576e+06
-1.6456e+06
-699339
-810087
-1.26812e+06
-968397
-55838.1
-307970
-2.1248e+06
-1.73034e+06
-824680
-897355
-1.02449e+06
-809441
-245539
-345663
494884
377629
37512
124964
-550073
-468039
-338552
-309344
-2.03976e+06
-1.64879e+06
-712789
-821602
-1.26847e+06
-967259
-48332.9
-296645
-2.12037e+06
-1.73088e+06
-841520
-903661
-1.03871e+06
-826703
-243780
-362980
528340
404959
56335.9
136775
-609571
-518748
-368884
-324172
-2.04448e+06
-1.65968e+06
-727616
-826026
-1.19269e+06
-900044
-20412.8
-273254
-2.08931e+06
-1.7063e+06
-832343
-897147
-1.01324e+06
-804343
-234181
-349227
538310
414576
60706.5
153784
-615958
-524904
-385569
-343241
-2.10641e+06
-1.70817e+06
-750972
-850968
-1.17317e+06
-886220
2120.61
-250183
-2.12835e+06
-1.74074e+06
-852320
-910106
-1.04102e+06
-826009
-241080
-352337
519414
401886
61636.4
143051
-615856
-526634
-396206
-339176
-2.19527e+06
-1.78246e+06
-787416
-892967
-1.19542e+06
-901023
2899.84
-254156
-2.17818e+06
-1.77971e+06
-875984
-937600
-1.06851e+06
-843571
-244333
-369962
533389
416262
92199.7
154742
-633013
-538120
-394151
-352163
-2.24229e+06
-1.81788e+06
-787298
-910897
-1.21812e+06
-916475
19733.2
-254808
-2.19389e+06
-1.79363e+06
-889942
-945288
-1.0431e+06
-824013
-226535
-347509
572836
455456
130635
195101
-620276
-528610
-379905
-340989
-2.30459e+06
-1.86547e+06
-806295
-923044
-1.20573e+06
-902431
34260.7
-247692
-2.21227e+06
-1.80795e+06
-912861
-957499
-1.02538e+06
-805769
-217055
-345410
585462
466151
142684
198136
-625112
-529641
-380380
-344497
-2.29664e+06
-1.85771e+06
-800000
-933722
-1.20665e+06
-908503
49806.5
-233310
-2.19786e+06
-1.80082e+06
-904499
-962741
-1.00147e+06
-789287
-200447
-325674
527731
413795
124546
177373
-655341
-556918
-391130
-344834
-2.32208e+06
-1.87768e+06
-800676
-920306
-1.23039e+06
-924744
39351.2
-244687
-2.2255e+06
-1.82059e+06
-898448
-968815
-1.05348e+06
-834168
-224260
-344041
463533
358636
85366.2
145719
-760901
-642916
-430201
-397711
-2.42763e+06
-1.96205e+06
-840312
-965419
-1.20577e+06
-906126
54247.8
-224207
-2.22287e+06
-1.81771e+06
-886185
-959117
-1.0597e+06
-837753
-233468
-349315
456672
353795
64068.1
131941
-767533
-648416
-435719
-401331
-2.46041e+06
-1.98933e+06
-847446
-987316
-1.2231e+06
-915303
63510.9
-239332
-2.22634e+06
-1.81588e+06
-867191
-965016
-1.05395e+06
-828178
-224861
-358515
490357
383482
70682.4
131906
-746078
-629038
-412120
-396270
-2.4923e+06
-2.0102e+06
-844041
-995927
-1.19679e+06
-897896
81825
-209261
-2.18593e+06
-1.78797e+06
-854341
-924211
-988848
-780819
-209115
-314743
544595
425556
81900.6
164605
-704363
-596548
-395020
-361977
-2.52149e+06
-2.03751e+06
-864496
-995133
-1.20854e+06
-903067
86863.8
-219478
-2.16582e+06
-1.76625e+06
-844764
-924283
-1.00381e+06
-790190
-218602
-330524
575298
446046
84598.3
165626
-670520
-565313
-375713
-356177
-2.50797e+06
-2.02381e+06
-863663
-1.00385e+06
-1.23744e+06
-919648
89612.3
-217800
-2.16711e+06
-1.76575e+06
-841088
-925257
-1.01121e+06
-795636
-206070
-337353
562544
441060
95902.8
161893
-705198
-588174
-382739
-352928
-2.49704e+06
-2.01821e+06
-854773
-1.00543e+06
-1.24434e+06
-923160
95419.8
-222147
-2.17055e+06
-1.76755e+06
-821005
-918863
-960087
-752903
-182623
-307710
525629
411649
90198.5
163321
-738265
-615700
-390369
-371390
-2.52339e+06
-2.03803e+06
-848009
-999488
-1.29118e+06
-963265
86315.8
-230061
-2.24234e+06
-1.82473e+06
-833603
-933783
-936132
-733251
-168694
-294603
464448
362773
69222.2
134374
-745208
-622818
-392080
-371029
-2.59229e+06
-2.09364e+06
-862530
-1.02823e+06
-1.29978e+06
-969040
81291.1
-234050
-2.28178e+06
-1.85489e+06
-847836
-946946
-888603
-691066
-151162
-273522
490924
385996
87069.6
144721
-716647
-597880
-378771
-355655
-2.61424e+06
-2.11049e+06
-863375
-1.02844e+06
-1.30548e+06
-974923
72792.4
-232942
-2.27507e+06
-1.85264e+06
-859641
-942525
-830711
-647188
-139494
-246188
590883
470473
136012
202834
-664366
-557256
-357319
-332655
-2.62357e+06
-2.11891e+06
-870482
-1.03303e+06
-1.35257e+06
-1.011e+06
48776.2
-256805
-2.3342e+06
-1.89709e+06
-900199
-969119
-800672
-618829
-133338
-236201
586807
468629
129647
203814
-662920
-551575
-363407
-328315
-2.60261e+06
-2.0959e+06
-866043
-1.02234e+06
-1.41705e+06
-1.06888e+06
35870.1
-281449
-2.37144e+06
-1.93015e+06
-907673
-1.00612e+06
-818230
-642840
-131019
-247386
590846
465167
148059
197791
-736675
-614690
-387381
-361436
-2.60937e+06
-2.10428e+06
-854123
-1.02552e+06
-1.42779e+06
-1.07472e+06
22800
-299211
-2.34663e+06
-1.90773e+06
-893788
-995283
-808393
-632081
-140194
-253148
673481
534821
166768
229470
-729594
-607951
-400158
-377465
-2.61313e+06
-2.10265e+06
-855755
-1.02755e+06
-1.44894e+06
-1.09679e+06
20832.8
-296740
-2.37005e+06
-1.92946e+06
-891029
-997803
-797797
-628377
-144193
-249249
733818
583215
185920
249502
-689094
-578201
-385505
-358981
-2.61689e+06
-2.10932e+06
-847884
-1.03124e+06
-1.49772e+06
-1.1334e+06
1936.06
-316239
-2.34738e+06
-1.90849e+06
-876462
-986676
-809233
-635760
-158180
-256581
834737
665093
223806
297564
-646727
-542386
-364359
-336014
-2.57107e+06
-2.07066e+06
-818501
-999259
-1.4573e+06
-1.09945e+06
27199.6
-305977
-2.28069e+06
-1.85647e+06
-848835
-955334
-766246
-599880
-141253
-242837
936220
754694
276817
340391
-586177
-490845
-325143
-312306
-2.55268e+06
-2.05334e+06
-806733
-990794
-1.52557e+06
-1.15279e+06
14763.7
-318415
-2.27907e+06
-1.84974e+06
-847265
-946693
-781091
-611239
-142868
-242702
1.00123e+06
806284
310754
378465
-584031
-485937
-310908
-293713
-2.50402e+06
-2.00937e+06
-777038
-965237
-1.36059e+06
-1.05508e+06
-177859
-381333
-1.56676e+06
-1.27908e+06
-631163
-681103
-985087
-788527
-276279
-370356
562882
445557
135274
190913
-459055
-388378
-282710
-237651
-1.73038e+06
-1.39672e+06
-561642
-679926
-1.33987e+06
-1.03887e+06
-170561
-383750
-1.58666e+06
-1.29953e+06
-630832
-683060
-958770
-768470
-260965
-353283
494936
385320
99564.2
165856
-501074
-429280
-312760
-278608
-1.75108e+06
-1.4175e+06
-570530
-688416
-1.32576e+06
-1.02924e+06
-159518
-370586
-1.6376e+06
-1.3396e+06
-644852
-707563
-923715
-737237
-249003
-336634
441918
345735
72149.6
135216
-487134
-415923
-322581
-276595
-1.76977e+06
-1.43248e+06
-582623
-708277
-1.26356e+06
-975437
-129657
-340244
-1.60301e+06
-1.30994e+06
-623331
-687351
-843672
-666153
-211848
-300000
470229
370329
86942.3
147667
-428147
-367127
-301048
-249136
-1.70805e+06
-1.38188e+06
-560908
-675344
-1.27814e+06
-986118
-121600
-339913
-1.63885e+06
-1.33837e+06
-635106
-690815
-807314
-638084
-199606
-273949
479213
382053
99045.2
164286
-450882
-386497
-310730
-256496
-1.71949e+06
-1.3902e+06
-577587
-682084
-1.2697e+06
-978839
-119722
-333766
-1.66895e+06
-1.36134e+06
-658654
-704425
-778843
-612393
-192693
-265920
442978
349071
80007.7
144907
-460765
-394802
-320218
-268189
-1.67869e+06
-1.35687e+06
-571568
-671192
-1.32742e+06
-1.0208e+06
-133490
-347632
-1.80343e+06
-1.46746e+06
-711921
-763967
-838258
-665187
-202704
-290531
367204
284260
53394.3
114587
-554908
-473619
-360352
-304064
-1.73267e+06
-1.39969e+06
-597575
-682381
-1.35557e+06
-1.04529e+06
-131441
-371458
-1.91288e+06
-1.56157e+06
-736817
-814065
-928435
-740861
-227592
-325315
296639
221337
13505.7
74110.4
-662164
-563244
-399875
-366474
-1.88075e+06
-1.52134e+06
-650444
-749093
-1.33077e+06
-1.02343e+06
-101446
-346875
-2.00224e+06
-1.62999e+06
-758588
-843776
-972238
-772511
-232302
-335340
303683
229070
4290.72
62223.3
-658837
-558033
-397077
-365244
-1.95526e+06
-1.58132e+06
-676421
-790956
-1.329e+06
-1.02134e+06
-90260.1
-340744
-2.09221e+06
-1.70495e+06
-786477
-884335
-1.01822e+06
-806757
-237443
-352938
328083
244918
3389.16
66055.1
-631842
-538465
-377937
-351028
-1.99271e+06
-1.61407e+06
-678658
-802512
-1.27401e+06
-973852
-60057.4
-305393
-2.09832e+06
-1.71135e+06
-796933
-878386
-1.01141e+06
-800996
-236850
-339536
442591
342361
36640.9
117203
-575360
-490019
-349733
-319419
-2.03576e+06
-1.6456e+06
-699339
-810087
-1.26812e+06
-968397
-55838.1
-307970
-2.1248e+06
-1.73034e+06
-824680
-897355
-1.02449e+06
-809441
-245539
-345663
494884
377629
37512
124964
-550073
-468039
-338552
-309344
-2.03976e+06
-1.64879e+06
-712789
-821602
-1.26847e+06
-967259
-48332.9
-296645
-2.12037e+06
-1.73088e+06
-841520
-903661
-1.03871e+06
-826703
-243780
-362980
528340
404959
56335.9
136775
-609571
-518748
-368884
-324172
-2.04448e+06
-1.65968e+06
-727616
-826026
-1.19269e+06
-900044
-20412.8
-273254
-2.08931e+06
-1.7063e+06
-832343
-897147
-1.01324e+06
-804343
-234181
-349227
538310
414576
60706.5
153784
-615958
-524904
-385569
-343241
-2.10641e+06
-1.70817e+06
-750972
-850968
-1.17317e+06
-886220
2120.61
-250183
-2.12835e+06
-1.74074e+06
-852320
-910106
-1.04102e+06
-826009
-241080
-352337
519414
401886
61636.4
143051
-615856
-526634
-396206
-339176
-2.19527e+06
-1.78246e+06
-787416
-892967
-1.19542e+06
-901023
2899.84
-254156
-2.17818e+06
-1.77971e+06
-875984
-937600
-1.06851e+06
-843571
-244333
-369962
533389
416262
92199.7
154742
-633013
-538120
-394151
-352163
-2.24229e+06
-1.81788e+06
-787298
-910897
-1.21812e+06
-916475
19733.2
-254808
-2.19389e+06
-1.79363e+06
-889942
-945288
-1.0431e+06
-824013
-226535
-347509
572836
455456
130635
195101
-620276
-528610
-379905
-340989
-2.30459e+06
-1.86547e+06
-806295
-923044
-1.20573e+06
-902431
34260.7
-247692
-2.21227e+06
-1.80795e+06
-912861
-957499
-1.02538e+06
-805769
-217055
-345410
585462
466151
142684
198136
-625112
-529641
-380380
-344497
-2.29664e+06
-1.85771e+06
-800000
-933722
-1.20665e+06
-908503
49806.5
-233310
-2.19786e+06
-1.80082e+06
-904499
-962741
-1.00147e+06
-789287
-200447
-325674
527731
413795
124546
177373
-655341
-556918
-391130
-344834
-2.32208e+06
-1.87768e+06
-800676
-920306
-1.23039e+06
-924744
39351.2
-244687
-2.2255e+06
-1.82059e+06
-898448
-968815
-1.05348e+06
-834168
-224260
-344041
463533
358636
85366.2
145719
-760901
-642916
-430201
-397711
-2.42763e+06
-1.96205e+06
-840312
-965419
-1.20577e+06
-906126
54247.8
-224207
-2.22287e+06
-1.81771e+06
-886185
-959117
-1.0597e+06
-837753
-233468
-349315
456672
353795
64068.1
131941
-767533
-648416
-435719
-401331
-2.46041e+06
-1.98933e+06
-847446
-987316
-1.2231e+06
-915303
63510.9
-239332
-2.22634e+06
-1.81588e+06
-867191
-965016
-1.05395e+06
-828178
-224861
-358515
490357
383482
70682.4
131906
-746078
-629038
-412120
-396270
-2.4923e+06
-2.0102e+06
-844041
-995927
-1.19679e+06
-897896
81825
-209261
-2.18593e+06
-1.78797e+06
-854341
-924211
-988848
-780819
-209115
-314743
544595
425556
81900.6
164605
-704363
-596548
-395020
-361977
-2.52149e+06
-2.03751e+06
-864496
-995133
-1.20854e+06
-903067
86863.8
-219478
-2.16582e+06
-1.76625e+06
-844764
-924283
-1.00381e+06
-790190
-218602
-330524
575298
446046
84598.3
165626
-670520
-565313
-375713
-356177
-2.50797e+06
-2.02381e+06
-863663
-1.00385e+06
-1.23744e+06
-919648
89612.3
-217800
-2.16711e+06
-1.76575e+06
-841088
-925257
-1.01121e+06
-795636
-206070
-337353
562544
441060
95902.8
161893
-705198
-588174
-382739
-352928
-2.49704e+06
-2.01821e+06
-854773
-1.00543e+06
-1.24434e+06
-923160
95419.8
-222147
-2.17055e+06
-1.76755e+06
-821005
-918863
-960087
-752903
-182623
-307710
525629
411649
90198.5
163321
-738265
-615700
-390369
-371390
-2.52339e+06
-2.03803e+06
-848009
-999488
-1.29118e+06
-963265
86315.8
-230061
-2.24234e+06
-1.82473e+06
-833603
-933783
-936132
-733251
-168694
-294603
464448
362773
69222.2
134374
-745208
-622818
-392080
-371029
-2.59229e+06
-2.09364e+06
-862530
-1.02823e+06
-1.29978e+06
-969040
81291.1
-234050
-2.28178e+06
-1.85489e+06
-847836
-946946
-888603
-691066
-151162
-273522
490924
385996
87069.6
144721
-716647
-597880
-378771
-355655
-2.61424e+06
-2.11049e+06
-863375
-1.02844e+06
-1.30548e+06
-974923
72792.4
-232942
-2.27507e+06
-1.85264e+06
-859641
-942525
-830711
-647188
-139494
-246188
590883
470473
136012
202834
-664366
-557256
-357319
-332655
-2.62357e+06
-2.11891e+06
-870482
-1.03303e+06
-1.35257e+06
-1.011e+06
48776.2
-256805
-2.3342e+06
-1.89709e+06
-900199
-969119
-800672
-618829
-133338
-236201
586807
468629
129647
203814
-662920
-551575
-363407
-328315
-2.60261e+06
-2.0959e+06
-866043
-1.02234e+06
-1.41705e+06
-1.06888e+06
35870.1
-281449
-2.37144e+06
-1.93015e+06
-907673
-1.00612e+06
-818230
-642840
-131019
-247386
590846
465167
148059
197791
-736675
-614690
-387381
-361436
-2.60937e+06
-2.10428e+06
-854123
-1.02552e+06
-1.42779e+06
-1.07472e+06
22800
-299211
-2.34663e+06
-1.90773e+06
-893788
-995283
-808393
-632081
-140194
-253148
673481
534821
166768
229470
-729594
-607951
-400158
-377465
-2.61313e+06
-2.10265e+06
-855755
-1.02755e+06
-1.44894e+06
-1.09679e+06
20832.8
-296740
-2.37005e+06
-1.92946e+06
-891029
-997803
-797797
-628377
-144193
-249249
733818
583215
185920
249502
-689094
-578201
-385505
-358981
-2.61689e+06
-2.10932e+06
-847884
-1.03124e+06
-1.49772e+06
-1.1334e+06
1936.06
-316239
-2.34738e+06
-1.90849e+06
-876462
-986676
-809233
-635760
-158180
-256581
834737
665093
223806
297564
-646727
-542386
-364359
-336014
-2.57107e+06
-2.07066e+06
-818501
-999259
-1.4573e+06
-1.09945e+06
27199.6
-305977
-2.28069e+06
-1.85647e+06
-848835
-955334
-766246
-599880
-141253
-242837
936220
754694
276817
340391
-586177
-490845
-325143
-312306
-2.55268e+06
-2.05334e+06
-806733
-990794
-1.52557e+06
-1.15279e+06
14763.7
-318415
-2.27907e+06
-1.84974e+06
-847265
-946693
-781091
-611239
-142868
-242702
1.00123e+06
806284
310754
378465
-584031
-485937
-310908
-293713
-2.50402e+06
-2.00937e+06
-777038
-965237
-1.36059e+06
-1.05508e+06
-177859
-381333
-1.56676e+06
-1.27908e+06
-631163
-681103
-985087
-788527
-276279
-370356
562882
445557
135274
190913
-459055
-388378
-282710
-237651
-1.73038e+06
-1.39672e+06
-561642
-679926
-1.33987e+06
-1.03887e+06
-170561
-383750
-1.58666e+06
-1.29953e+06
-630832
-683060
-958770
-768470
-260965
-353283
494936
385320
99564.2
165856
-501074
-429280
-312760
-278608
-1.75108e+06
-1.4175e+06
-570530
-688416
-1.32576e+06
-1.02924e+06
-159518
-370586
-1.6376e+06
-1.3396e+06
-644852
-707563
-923715
-737237
-249003
-336634
441918
345735
72149.6
135216
-487134
-415923
-322581
-276595
-1.76977e+06
-1.43248e+06
-582623
-708277
-1.26356e+06
-975437
-129657
-340244
-1.60301e+06
-1.30994e+06
-623331
-687351
-843672
-666153
-211848
-300000
470229
370329
86942.3
147667
-428147
-367127
-301048
-249136
-1.70805e+06
-1.38188e+06
-560908
-675344
-1.27814e+06
-986118
-121600
-339913
-1.63885e+06
-1.33837e+06
-635106
-690815
-807314
-638084
-199606
-273949
479213
382053
99045.2
164286
-450882
-386497
-310730
-256496
-1.71949e+06
-1.3902e+06
-577587
-682084
-1.2697e+06
-978839
-119722
-333766
-1.66895e+06
-1.36134e+06
-658654
-704425
-778843
-612393
-192693
-265920
442978
349071
80007.7
144907
-460765
-394802
-320218
-268189
-1.67869e+06
-1.35687e+06
-571568
-671192
-1.32742e+06
-1.0208e+06
-133490
-347632
-1.80343e+06
-1.46746e+06
-711921
-763967
-838258
-665187
-202704
-290531
367204
284260
53394.3
114587
-554908
-473619
-360352
-304064
-1.73267e+06
-1.39969e+06
-597575
-682381
-1.35557e+06
-1.04529e+06
-131441
-371458
-1.91288e+06
-1.56157e+06
-736817
-814065
-928435
-740861
-227592
-325315
296639
221337
13505.7
74110.4
-662164
-563244
-399875
-366474
-1.88075e+06
-1.52134e+06
-650444
-749093
-1.33077e+06
-1.02343e+06
-101446
-346875
-2.00224e+06
-1.62999e+06
-758588
-843776
-972238
-772511
-232302
-335340
303683
229070
4290.72
62223.3
-658837
-558033
-397077
-365244
-1.95526e+06
-1.58132e+06
-676421
-790956
-1.329e+06
-1.02134e+06
-90260.1
-340744
-2.09221e+06
-1.70495e+06
-786477
-884335
-1.01822e+06
-806757
-237443
-352938
328083
244918
3389.16
66055.1
-631842
-538465
-377937
-351028
-1.99271e+06
-1.61407e+06
-678658
-802512
-1.27401e+06
-973852
-60057.4
-305393
-2.09832e+06
-1.71135e+06
-796933
-878386
-1.01141e+06
-800996
-236850
-339536
442591
342361
36640.9
117203
-575360
-490019
-349733
-319419
-2.03576e+06
-1.6456e+06
-699339
-810087
-1.26812e+06
-968397
-55838.1
-307970
-2.1248e+06
-1.73034e+06
-824680
-897355
-1.02449e+06
-809441
-245539
-345663
494884
377629
37512
124964
-550073
-468039
-338552
-309344
-2.03976e+06
-1.64879e+06
-712789
-821602
-1.26847e+06
-967259
-48332.9
-296645
-2.12037e+06
-1.73088e+06
-841520
-903661
-1.03871e+06
-826703
-243780
-362980
528340
404959
56335.9
136775
-609571
-518748
-368884
-324172
-2.04448e+06
-1.65968e+06
-727616
-826026
-1.19269e+06
-900044
-20412.8
-273254
-2.08931e+06
-1.7063e+06
-832343
-897147
-1.01324e+06
-804343
-234181
-349227
538310
414576
60706.5
153784
-615958
-524904
-385569
-343241
-2.10641e+06
-1.70817e+06
-750972
-850968
-1.17317e+06
-886220
2120.61
-250183
-2.12835e+06
-1.74074e+06
-852320
-910106
-1.04102e+06
-826009
-241080
-352337
519414
401886
61636.4
143051
-615856
-526634
-396206
-339176
-2.19527e+06
-1.78246e+06
-787416
-892967
-1.19542e+06
-901023
2899.84
-254156
-2.17818e+06
-1.77971e+06
-875984
-937600
-1.06851e+06
-843571
-244333
-369962
533389
416262
92199.7
154742
-633013
-538120
-394151
-352163
-2.24229e+06
-1.81788e+06
-787298
-910897
-1.21812e+06
-916475
19733.2
-254808
-2.19389e+06
-1.79363e+06
-889942
-945288
-1.0431e+06
-824013
-226535
-347509
572836
455456
130635
195101
-620276
-528610
-379905
-340989
-2.30459e+06
-1.86547e+06
-806295
-923044
-1.20573e+06
-902431
34260.7
-247692
-2.21227e+06
-1.80795e+06
-912861
-957499
-1.02538e+06
-805769
-217055
-345410
585462
466151
142684
198136
-625112
-529641
-380380
-344497
-2.29664e+06
-1.85771e+06
-800000
-933722
-1.20665e+06
-908503
49806.5
-233310
-2.19786e+06
-1.80082e+06
-904499
-962741
-1.00147e+06
-789287
-200447
-325674
527731
413795
124546
177373
-655341
-556918
-391130
-344834
-2.32208e+06
-1.87768e+06
-800676
-920306
-1.23039e+06
-924744
39351.2
-244687
-2.2255e+06
-1.82059e+06
-898448
-968815
-1.05348e+06
-834168
-224260
-344041
463533
358636
85366.2
145719
-760901
-642916
-430201
-397711
-2.42763e+06
-1.96205e+06
-840312
-965419
-1.20577e+06
-906126
54247.8
-224207
-2.22287e+06
-1.81771e+06
-886185
-959117
-1.0597e+06
-837753
-233468
-349315
456672
353795
64068.1
131941
-767533
-648416
-435719
-401331
-2.46041e+06
-1.98933e+06
-847446
-987316
-1.2231e+06
-915303
63510.9
-239332
-2.22634e+06
-1.81588e+06
-867191
-965016
-1.05395e+06
-828178
-224861
-358515
490357
383482
70682.4
131906
-746078
-629038
-412120
-396270
-2.4923e+06
-2.0102e+06
-844041
-995927
-1.19679e+06
-897896
81825
-209261
-2.18593e+06
-1.78797e+06
-854341
-924211
-988848
-780819
-209115
-314743
544595
425556
81900.6
164605
-704363
-596548
-395020
-361977
-2.52149e+06
-2.03751e+06
-864496
-995133
-1.20854e+06
-903067
86863.8
-219478
-2.16582e+06
-1.76625e+06
-844764
-924283
-1.00381e+06
-790190
-218602
-330524
575298
446046
84598.3
165626
-670520
-565313
-375713
-356177
-2.50797e+06
-2.02381e+06
-863663
-1.00385e+06
-1.23744e+06
-919648
89612.3
-217800
-2.16711e+06
-1.76575e+06
-841088
-925257
-1.01121e+06
-795636
-206070
-337353
562544
441060
95902.8
161893
-705198
-588174
-382739
-352928
-2.49704e+06
-2.01821e+06
-854773
-1.00543e+06
-1.24434e+06
-923160
95419.8
-222147
-2.17055e+06
-1.76755e+06
-821005
-918863
-960087
-752903
-182623
-307710
525629
411649
90198.5
163321
-738265
-615700
-390369
-371390
-2.52339e+06
-2.03803e+06
-848009
-999488
-1.29118e+06
-963265
86315.8
-230061
-2.24234e+06
-1.82473e+06
-833603
-933783
-936132
-733251
-168694
-294603
464448
362773
69222.2
134374
-745208
-622818
-392080
-371029
-2.59229e+06
-2.09364e+06
-862530
-1.02823e+06
-1.29978e+06
-969040
81291.1
-234050
-2.28178e+06
-1.85489e+06
-847836
-946946
-888603
-691066
-151162
-273522
490924
385996
87069.6
144721
-716647
-597880
-378771
-355655
-2.61424e+06
-2.11049e+06
-863375
-1.02844e+06
-1.30548e+06
-974923
72792.4
-232942
-2.27507e+06
-1.85264e+06
-859641
-942525
-830711
-647188
-139494
-246188
590883
470473
136012
202834
-664366
-557256
-357319
-332655
-2.62357e+06
-2.11891e+06
-870482
-1.03303e+06
-1.35257e+06
-1.011e+06
48776.2
-256805
-2.3342e+06
-1.89709e+06
-900199
-969119
-800672
-618829
-133338
-236201
586807
468629
129647
203814
-662920
-551575
-363407
-328315
-2.60261e+06
-2.0959e+06
-866043
-1.02234e+06
-1.41705e+06
-1.06888e+06
35870.1
-281449
-2.37144e+06
-1.93015e+06
-907673
-1.00612e+06
-818230
-642840
-131019
-247386
590846
465167
148059
197791
-736675
-614690
-387381
-361436
-2.60937e+06
-2.10428e+06
-854123
-1.02552e+06
-1.42779e+06
-1.07472e+06
22800
-299211
-2.34663e+06
-1.90773e+06
-893788
-995283
-808393
-632081
-140194
-253148
673481
534821
166768
229470
-729594
-607951
-400158
-377465
-2.61313e+06
-2.10265e+06
-855755
-1.02755e+06
-1.44894e+06
-1.09679e+06
20832.8
-296740
-2.37005e+06
-1.92946e+06
-891029
-997803
-797797
-628377
-144193
-249249
733818
583215
185920
249502
-689094
-578201
-385505
-358981
-2.61689e+06
-2.10932e+06
-847884
-1.03124e+06
-1.49772e+06
-1.1334e+06
1936.06
-316239
-2.34738e+06
-1.90849e+06
-876462
-986676
-809233
-635760
-158180
-256581
834737
665093
223806
297564
-646727
-542386
-364359
-336014
-2.57107e+06
-2.07066e+06
-818501
-999259
-1.4573e+06
-1.09945e+06
27199.6
-305977
-2.28069e+06
-1.85647e+06
-848835
-955334
-766246
-599880
-141253
-242837
936220
754694
276817
340391
-586177
-490845
-325143
-312306
-2.55268e+06
-2.05334e+06
-806733
-990794
-1.52557e+06
-1.15279e+06
14763.7
-318415
-2.27907e+06
-1.84974e+06
-847265
-946693
-781091
-611239
-142868
-242702
1.00123e+06
806284
310754
378465
-584031
-485937
-310908
-293713
-2.50402e+06
-2.00937e+06
-777038
-965237
-125927
-146473
-317356
-194929
355035
309366
272411
229906
2.04244e+06
1.65695e+06
774442
853309
1.69164e+06
1.41079e+06
892308
846699
798478
657147
366734
375662
-71815.2
-43035.2
69390.5
29567
-181121
-185521
-332638
-214160
314469
277781
260678
213010
2.14269e+06
1.74493e+06
813194
900562
1.71966e+06
1.43912e+06
899576
859715
748233
621174
347601
347009
-134828
-92775.9
41211.6
-4632.96
-241928
-236325
-354169
-251949
324280
286338
270299
205115
2.24802e+06
1.83066e+06
851673
936725
1.7156e+06
1.43591e+06
892073
854037
770903
636151
348896
351115
-165423
-120536
17858.7
-22152.2
-254732
-245079
-356870
-245566
321859
288312
280528
222053
2.30212e+06
1.87287e+06
861757
966032
1.74648e+06
1.45722e+06
902837
861880
787404
651141
359508
360627
-101257
-65231.3
51188.9
3370.78
-282982
-266009
-363167
-254765
280830
254312
275476
204705
2.34343e+06
1.90626e+06
866535
975003
1.72915e+06
1.44502e+06
906045
862221
765192
633410
354070
356689
-122728
-85776.3
41614.6
-7346.84
-286392
-269553
-352298
-257315
252679
233118
279553
202447
2.38196e+06
1.93367e+06
865261
987897
1.71704e+06
1.43882e+06
904638
858073
692151
576577
333390
333397
-103845
-68266.2
72488.3
9012.08
-267697
-255044
-337405
-242324
274635
250070
300877
223230
2.34943e+06
1.90739e+06
859187
974331
1.70903e+06
1.42854e+06
915527
859662
692692
574958
334256
331647
-125857
-85849.1
57815.9
9779.29
-248586
-237875
-340087
-231812
295151
268189
309179
237247
2.37392e+06
1.93189e+06
867530
985768
1.71951e+06
1.44082e+06
916303
870045
704416
587237
323286
333388
-141935
-99647.6
38213.5
-4981.57
-244411
-237536
-340280
-245483
319722
286551
332917
238921
2.38833e+06
1.94413e+06
881102
992876
1.6738e+06
1.40491e+06
903414
853526
713329
588432
321732
326893
-181629
-137093
13794.9
-29592.4
-242641
-233658
-352279
-241594
372083
336700
359504
268237
2.38657e+06
1.94221e+06
873226
988209
1.61917e+06
1.35847e+06
876681
819859
735216
609281
319295
327915
-160020
-115559
13517.1
-34758.5
-182237
-184332
-337887
-224236
492473
436603
425392
325751
2.42667e+06
1.97535e+06
877697
1.00282e+06
1.66538e+06
1.39882e+06
896391
842322
829313
685252
346518
370315
-126411
-91322.1
16832.7
-21370.2
-173301
-179311
-334938
-218845
526163
464930
465136
354405
2.40854e+06
1.95774e+06
873925
989331
1.61272e+06
1.35428e+06
885226
821411
786723
649043
335556
354159
-108890
-79345.9
29407.9
-22036.3
-169428
-178368
-337974
-221722
520204
466125
469122
367900
2.40734e+06
1.95327e+06
881827
981699
1.61185e+06
1.35411e+06
890880
823407
812019
667676
337586
354191
-121363
-87211
14639.2
-21242.9
-204540
-207936
-345132
-236025
471801
424584
446194
348815
2.44793e+06
1.98671e+06
922866
1.00167e+06
1.61602e+06
1.35674e+06
894387
825322
793449
652385
328093
346600
-210543
-163294
-19272.9
-63512.3
-228501
-227581
-358540
-247276
449981
402001
428735
334179
2.51996e+06
2.05032e+06
963286
1.05798e+06
1.5888e+06
1.33857e+06
878172
832309
843313
689991
339245
364159
-287095
-227649
-65623.8
-86397.1
-234080
-230415
-353543
-244322
365223
337681
400210
295643
2.5105e+06
2.04472e+06
968719
1.05638e+06
1.50277e+06
1.26602e+06
858614
783639
862987
708314
353190
371083
-319496
-252290
-69121.8
-113545
-261439
-251339
-359188
-253764
353664
327888
410473
290499
2.48151e+06
2.02259e+06
966539
1.0492e+06
1.44711e+06
1.22373e+06
858290
770217
899253
736329
375287
386943
-431630
-345428
-106891
-155602
-240662
-233985
-352324
-245827
312827
296095
402287
287039
2.52748e+06
2.05851e+06
996842
1.06659e+06
1.38283e+06
1.1745e+06
838175
749604
888861
731643
371778
399841
-459240
-365098
-111677
-163833
-285920
-275849
-380887
-254744
222652
224512
360555
249871
2.52313e+06
2.05991e+06
990724
1.08259e+06
1.37783e+06
1.16789e+06
832825
749759
796783
651900
332754
359639
-566075
-447998
-169361
-199496
-350917
-328641
-410077
-291936
204685
207065
354137
232632
2.58851e+06
2.11379e+06
1.01839e+06
1.09981e+06
1.44675e+06
1.22373e+06
866756
772224
744391
612626
315339
333097
-620290
-495173
-180628
-234279
-392625
-362577
-435368
-323971
255007
245699
370073
244927
2.70754e+06
2.21328e+06
1.06641e+06
1.15281e+06
1.50649e+06
1.27539e+06
892125
805059
751173
614034
313174
331842
-644241
-514972
-198508
-241677
-414479
-383383
-457475
-327643
285559
275051
377828
261424
2.79688e+06
2.28377e+06
1.0893e+06
1.19456e+06
1.55857e+06
1.31627e+06
921128
829745
728932
597288
309511
326614
-620724
-495828
-184179
-234001
-517205
-469034
-512847
-386920
255386
245463
367710
245147
2.79698e+06
2.28133e+06
1.07538e+06
1.18258e+06
1.53652e+06
1.30005e+06
931948
827511
647509
529258
276721
287555
-717921
-580132
-218425
-280705
-532985
-484336
-529980
-398250
252082
242289
366160
247573
2.85121e+06
2.32132e+06
1.08357e+06
1.19876e+06
1.57525e+06
1.33297e+06
943135
844258
593697
487559
258425
273420
-707455
-567946
-214579
-269545
-510376
-468156
-522156
-391054
249378
244008
358989
258032
2.82978e+06
2.302e+06
1.06872e+06
1.1895e+06
1.57547e+06
1.33449e+06
949289
848884
546507
448852
231894
248610
-703002
-562824
-213625
-260609
-523245
-478885
-530066
-400264
245085
235212
350217
239533
2.83069e+06
2.30238e+06
1.06678e+06
1.18271e+06
1.61358e+06
1.36545e+06
967963
861989
517373
424891
213116
223188
-699133
-561542
-199951
-266501
-560881
-507718
-555042
-428177
279172
265622
361068
249080
2.82259e+06
2.29932e+06
1.05564e+06
1.1786e+06
1.58276e+06
1.34593e+06
958390
856796
513162
420463
198039
219412
-681543
-544445
-191307
-251400
-543212
-497740
-559807
-420350
340631
317431
389675
273985
2.80063e+06
2.27685e+06
1.03865e+06
1.16382e+06
1.57527e+06
1.33698e+06
967369
849434
524820
429061
203032
214782
-573512
-454091
-132695
-204632
-548554
-501190
-571566
-432925
420795
380645
425212
302237
2.76414e+06
2.24749e+06
1.01265e+06
1.14093e+06
1.61737e+06
1.37399e+06
997373
875636
542137
443594
206984
224469
-558447
-441763
-113281
-192142
-527821
-485627
-555915
-418492
456373
411031
453086
336936
2.7359e+06
2.21929e+06
994654
1.12754e+06
1.61573e+06
1.37229e+06
1.01226e+06
882481
496696
405612
198525
217519
-487709
-381955
-57330.8
-149243
-468851
-437155
-532710
-393260
485136
438786
469583
356769
2.71725e+06
2.20468e+06
984593
1.11099e+06
1.69177e+06
1.43855e+06
1.05008e+06
923755
493202
404334
194142
208063
-481019
-368179
-52485
-134653
-443789
-416060
-528035
-377483
509027
456944
473499
366368
2.7851e+06
2.26014e+06
997865
1.1379e+06
1.81838e+06
1.54182e+06
1.08606e+06
978861
489823
403367
184877
209627
-482086
-370228
-50534.1
-132940
-437077
-414446
-531700
-396314
555086
491241
487933
375414
2.8407e+06
2.30395e+06
1.00515e+06
1.15248e+06
1.86723e+06
1.58156e+06
1.09142e+06
992376
524397
426335
186287
212312
-492189
-381298
-64332.6
-139368
-378786
-364033
-506187
-359525
543810
488055
504054
383102
2.84288e+06
2.30222e+06
997083
1.15318e+06
1.92559e+06
1.62622e+06
1.12033e+06
1.01232e+06
543482
444456
205776
222362
-446014
-339724
-32440.6
-119101
-365805
-354685
-502404
-356931
515023
463260
511093
377273
2.77819e+06
2.2479e+06
962575
1.11789e+06
1.9641e+06
1.659e+06
1.145e+06
1.03807e+06
546026
445090
214147
228707
-536103
-415395
-56482.3
-147513
-288802
-289104
-462221
-323714
490274
447758
526206
381213
2.75416e+06
2.22511e+06
940537
1.09812e+06
1.98511e+06
1.67902e+06
1.15869e+06
1.04401e+06
521134
431099
212805
233102
-512500
-393318
-26887.7
-138538
-125927
-146473
-317356
-194929
355035
309366
272411
229906
2.04244e+06
1.65695e+06
774442
853309
1.69164e+06
1.41079e+06
892308
846699
798478
657147
366734
375662
-71815.2
-43035.2
69390.5
29567
-181121
-185521
-332638
-214160
314469
277781
260678
213010
2.14269e+06
1.74493e+06
813194
900562
1.71966e+06
1.43912e+06
899576
859715
748233
621174
347601
347009
-134828
-92775.9
41211.6
-4632.96
-241928
-236325
-354169
-251949
324280
286338
270299
205115
2.24802e+06
1.83066e+06
851673
936725
1.7156e+06
1.43591e+06
892073
854037
770903
636151
348896
351115
-165423
-120536
17858.7
-22152.2
-254732
-245079
-356870
-245566
321859
288312
280528
222053
2.30212e+06
1.87287e+06
861757
966032
1.74648e+06
1.45722e+06
902837
861880
787404
651141
359508
360627
-101257
-65231.3
51188.9
3370.78
-282982
-266009
-363167
-254765
280830
254312
275476
204705
2.34343e+06
1.90626e+06
866535
975003
1.72915e+06
1.44502e+06
906045
862221
765192
633410
354070
356689
-122728
-85776.3
41614.6
-7346.84
-286392
-269553
-352298
-257315
252679
233118
279553
202447
2.38196e+06
1.93367e+06
865261
987897
1.71704e+06
1.43882e+06
904638
858073
692151
576577
333390
333397
-103845
-68266.2
72488.3
9012.08
-267697
-255044
-337405
-242324
274635
250070
300877
223230
2.34943e+06
1.90739e+06
859187
974331
1.70903e+06
1.42854e+06
915527
859662
692692
574958
334256
331647
-125857
-85849.1
57815.9
9779.29
-248586
-237875
-340087
-231812
295151
268189
309179
237247
2.37392e+06
1.93189e+06
867530
985768
1.71951e+06
1.44082e+06
916303
870045
704416
587237
323286
333388
-141935
-99647.6
38213.5
-4981.57
-244411
-237536
-340280
-245483
319722
286551
332917
238921
2.38833e+06
1.94413e+06
881102
992876
1.6738e+06
1.40491e+06
903414
853526
713329
588432
321732
326893
-181629
-137093
13794.9
-29592.4
-242641
-233658
-352279
-241594
372083
336700
359504
268237
2.38657e+06
1.94221e+06
873226
988209
1.61917e+06
1.35847e+06
876681
819859
735216
609281
319295
327915
-160020
-115559
13517.1
-34758.5
-182237
-184332
-337887
-224236
492473
436603
425392
325751
2.42667e+06
1.97535e+06
877697
1.00282e+06
1.66538e+06
1.39882e+06
896391
842322
829313
685252
346518
370315
-126411
-91322.1
16832.7
-21370.2
-173301
-179311
-334938
-218845
526163
464930
465136
354405
2.40854e+06
1.95774e+06
873925
989331
1.61272e+06
1.35428e+06
885226
821411
786723
649043
335556
354159
-108890
-79345.9
29407.9
-22036.3
-169428
-178368
-337974
-221722
520204
466125
469122
367900
2.40734e+06
1.95327e+06
881827
981699
1.61185e+06
1.35411e+06
890880
823407
812019
667676
337586
354191
-121363
-87211
14639.2
-21242.9
-204540
-207936
-345132
-236025
471801
424584
446194
348815
2.44793e+06
1.98671e+06
922866
1.00167e+06
1.61602e+06
1.35674e+06
894387
825322
793449
652385
328093
346600
-210543
-163294
-19272.9
-63512.3
-228501
-227581
-358540
-247276
449981
402001
428735
334179
2.51996e+06
2.05032e+06
963286
1.05798e+06
1.5888e+06
1.33857e+06
878172
832309
843313
689991
339245
364159
-287095
-227649
-65623.8
-86397.1
-234080
-230415
-353543
-244322
365223
337681
400210
295643
2.5105e+06
2.04472e+06
968719
1.05638e+06
1.50277e+06
1.26602e+06
858614
783639
862987
708314
353190
371083
-319496
-252290
-69121.8
-113545
-261439
-251339
-359188
-253764
353664
327888
410473
290499
2.48151e+06
2.02259e+06
966539
1.0492e+06
1.44711e+06
1.22373e+06
858290
770217
899253
736329
375287
386943
-431630
-345428
-106891
-155602
-240662
-233985
-352324
-245827
312827
296095
402287
287039
2.52748e+06
2.05851e+06
996842
1.06659e+06
1.38283e+06
1.1745e+06
838175
749604
888861
731643
371778
399841
-459240
-365098
-111677
-163833
-285920
-275849
-380887
-254744
222652
224512
360555
249871
2.52313e+06
2.05991e+06
990724
1.08259e+06
1.37783e+06
1.16789e+06
832825
749759
796783
651900
332754
359639
-566075
-447998
-169361
-199496
-350917
-328641
-410077
-291936
204685
207065
354137
232632
2.58851e+06
2.11379e+06
1.01839e+06
1.09981e+06
1.44675e+06
1.22373e+06
866756
772224
744391
612626
315339
333097
-620290
-495173
-180628
-234279
-392625
-362577
-435368
-323971
255007
245699
370073
244927
2.70754e+06
2.21328e+06
1.06641e+06
1.15281e+06
1.50649e+06
1.27539e+06
892125
805059
751173
614034
313174
331842
-644241
-514972
-198508
-241677
-414479
-383383
-457475
-327643
285559
275051
377828
261424
2.79688e+06
2.28377e+06
1.0893e+06
1.19456e+06
1.55857e+06
1.31627e+06
921128
829745
728932
597288
309511
326614
-620724
-495828
-184179
-234001
-517205
-469034
-512847
-386920
255386
245463
367710
245147
2.79698e+06
2.28133e+06
1.07538e+06
1.18258e+06
1.53652e+06
1.30005e+06
931948
827511
647509
529258
276721
287555
-717921
-580132
-218425
-280705
-532985
-484336
-529980
-398250
252082
242289
366160
247573
2.85121e+06
2.32132e+06
1.08357e+06
1.19876e+06
1.57525e+06
1.33297e+06
943135
844258
593697
487559
258425
273420
-707455
-567946
-214579
-269545
-510376
-468156
-522156
-391054
249378
244008
358989
258032
2.82978e+06
2.302e+06
1.06872e+06
1.1895e+06
1.57547e+06
1.33449e+06
949289
848884
546507
448852
231894
248610
-703002
-562824
-213625
-260609
-523245
-478885
-530066
-400264
245085
235212
350217
239533
2.83069e+06
2.30238e+06
1.06678e+06
1.18271e+06
1.61358e+06
1.36545e+06
967963
861989
517373
424891
213116
223188
-699133
-561542
-199951
-266501
-560881
-507718
-555042
-428177
279172
265622
361068
249080
2.82259e+06
2.29932e+06
1.05564e+06
1.1786e+06
1.58276e+06
1.34593e+06
958390
856796
513162
420463
198039
219412
-681543
-544445
-191307
-251400
-543212
-497740
-559807
-420350
340631
317431
389675
273985
2.80063e+06
2.27685e+06
1.03865e+06
1.16382e+06
1.57527e+06
1.33698e+06
967369
849434
524820
429061
203032
214782
-573512
-454091
-132695
-204632
-548554
-501190
-571566
-432925
420795
380645
425212
302237
2.76414e+06
2.24749e+06
1.01265e+06
1.14093e+06
1.61737e+06
1.37399e+06
997373
875636
542137
443594
206984
224469
-558447
-441763
-113281
-192142
-527821
-485627
-555915
-418492
456373
411031
453086
336936
2.7359e+06
2.21929e+06
994654
1.12754e+06
1.61573e+06
1.37229e+06
1.01226e+06
882481
496696
405612
198525
217519
-487709
-381955
-57330.8
-149243
-468851
-437155
-532710
-393260
485136
438786
469583
356769
2.71725e+06
2.20468e+06
984593
1.11099e+06
1.69177e+06
1.43855e+06
1.05008e+06
923755
493202
404334
194142
208063
-481019
-368179
-52485
-134653
-443789
-416060
-528035
-377483
509027
456944
473499
366368
2.7851e+06
2.26014e+06
997865
1.1379e+06
1.81838e+06
1.54182e+06
1.08606e+06
978861
489823
403367
184877
209627
-482086
-370228
-50534.1
-132940
-437077
-414446
-531700
-396314
555086
491241
487933
375414
2.8407e+06
2.30395e+06
1.00515e+06
1.15248e+06
1.86723e+06
1.58156e+06
1.09142e+06
992376
524397
426335
186287
212312
-492189
-381298
-64332.6
-139368
-378786
-364033
-506187
-359525
543810
488055
504054
383102
2.84288e+06
2.30222e+06
997083
1.15318e+06
1.92559e+06
1.62622e+06
1.12033e+06
1.01232e+06
543482
444456
205776
222362
-446014
-339724
-32440.6
-119101
-365805
-354685
-502404
-356931
515023
463260
511093
377273
2.77819e+06
2.2479e+06
962575
1.11789e+06
1.9641e+06
1.659e+06
1.145e+06
1.03807e+06
546026
445090
214147
228707
-536103
-415395
-56482.3
-147513
-288802
-289104
-462221
-323714
490274
447758
526206
381213
2.75416e+06
2.22511e+06
940537
1.09812e+06
1.98511e+06
1.67902e+06
1.15869e+06
1.04401e+06
521134
431099
212805
233102
-512500
-393318
-26887.7
-138538
-125927
-146473
-317356
-194929
355035
309366
272411
229906
2.04244e+06
1.65695e+06
774442
853309
1.69164e+06
1.41079e+06
892308
846699
798478
657147
366734
375662
-71815.2
-43035.2
69390.5
29567
-181121
-185521
-332638
-214160
314469
277781
260678
213010
2.14269e+06
1.74493e+06
813194
900562
1.71966e+06
1.43912e+06
899576
859715
748233
621174
347601
347009
-134828
-92775.9
41211.6
-4632.96
-241928
-236325
-354169
-251949
324280
286338
270299
205115
2.24802e+06
1.83066e+06
851673
936725
1.7156e+06
1.43591e+06
892073
854037
770903
636151
348896
351115
-165423
-120536
17858.7
-22152.2
-254732
-245079
-356870
-245566
321859
288312
280528
222053
2.30212e+06
1.87287e+06
861757
966032
1.74648e+06
1.45722e+06
902837
861880
787404
651141
359508
360627
-101257
-65231.3
51188.9
3370.78
-282982
-266009
-363167
-254765
280830
254312
275476
204705
2.34343e+06
1.90626e+06
866535
975003
1.72915e+06
1.44502e+06
906045
862221
765192
633410
354070
356689
-122728
-85776.3
41614.6
-7346.84
-286392
-269553
-352298
-257315
252679
233118
279553
202447
2.38196e+06
1.93367e+06
865261
987897
1.71704e+06
1.43882e+06
904638
858073
692151
576577
333390
333397
-103845
-68266.2
72488.3
9012.08
-267697
-255044
-337405
-242324
274635
250070
300877
223230
2.34943e+06
1.90739e+06
859187
974331
1.70903e+06
1.42854e+06
915527
859662
692692
574958
334256
331647
-125857
-85849.1
57815.9
9779.29
-248586
-237875
-340087
-231812
295151
268189
309179
237247
2.37392e+06
1.93189e+06
867530
985768
1.71951e+06
1.44082e+06
916303
870045
704416
587237
323286
333388
-141935
-99647.6
38213.5
-4981.57
-244411
-237536
-340280
-245483
319722
286551
332917
238921
2.38833e+06
1.94413e+06
881102
992876
1.6738e+06
1.40491e+06
903414
853526
713329
588432
321732
326893
-181629
-137093
13794.9
-29592.4
-242641
-233658
-352279
-241594
372083
336700
359504
268237
2.38657e+06
1.94221e+06
873226
988209
1.61917e+06
1.35847e+06
876681
819859
735216
609281
319295
327915
-160020
-115559
13517.1
-34758.5
-182237
-184332
-337887
-224236
492473
436603
425392
325751
2.42667e+06
1.97535e+06
877697
1.00282e+06
1.66538e+06
1.39882e+06
896391
842322
829313
685252
346518
370315
-126411
-91322.1
16832.7
-21370.2
-173301
-179311
-334938
-218845
526163
464930
465136
354405
2.40854e+06
1.95774e+06
873925
989331
1.61272e+06
1.35428e+06
885226
821411
786723
649043
335556
354159
-108890
-79345.9
29407.9
-22036.3
-169428
-178368
-337974
-221722
520204
466125
469122
367900
2.40734e+06
1.95327e+06
881827
981699
1.61185e+06
1.35411e+06
890880
823407
812019
667676
337586
354191
-121363
-87211
14639.2
-21242.9
-204540
-207936
-345132
-236025
471801
424584
446194
348815
2.44793e+06
1.98671e+06
922866
1.00167e+06
1.61602e+06
1.35674e+06
894387
825322
793449
652385
328093
346600
-210543
-163294
-19272.9
-63512.3
-228501
-227581
-358540
-247276
449981
402001
428735
334179
2.51996e+06
2.05032e+06
963286
1.05798e+06
1.5888e+06
1.33857e+06
878172
832309
843313
689991
339245
364159
-287095
-227649
-65623.8
-86397.1
-234080
-230415
-353543
-244322
365223
337681
400210
295643
2.5105e+06
2.04472e+06
968719
1.05638e+06
1.50277e+06
1.26602e+06
858614
783639
862987
708314
353190
371083
-319496
-252290
-69121.8
-113545
-261439
-251339
-359188
-253764
353664
327888
410473
290499
2.48151e+06
2.02259e+06
966539
1.0492e+06
1.44711e+06
1.22373e+06
858290
770217
899253
736329
375287
386943
-431630
-345428
-106891
-155602
-240662
-233985
-352324
-245827
312827
296095
402287
287039
2.52748e+06
2.05851e+06
996842
1.06659e+06
1.38283e+06
1.1745e+06
838175
749604
888861
731643
371778
399841
-459240
-365098
-111677
-163833
-285920
-275849
-380887
-254744
222652
224512
360555
249871
2.52313e+06
2.05991e+06
990724
1.08259e+06
1.37783e+06
1.16789e+06
832825
749759
796783
651900
332754
359639
-566075
-447998
-169361
-199496
-350917
-328641
-410077
-291936
204685
207065
354137
232632
2.58851e+06
2.11379e+06
1.01839e+06
1.09981e+06
1.44675e+06
1.22373e+06
866756
772224
744391
612626
315339
333097
-620290
-495173
-180628
-234279
-392625
-362577
-435368
-323971
255007
245699
370073
244927
2.70754e+06
2.21328e+06
1.06641e+06
1.15281e+06
1.50649e+06
1.27539e+06
892125
805059
751173
614034
313174
331842
-644241
-514972
-198508
-241677
-414479
-383383
-457475
-327643
285559
275051
377828
261424
2.79688e+06
2.28377e+06
1.0893e+06
1.19456e+06
1.55857e+06
1.31627e+06
921128
829745
728932
597288
309511
326614
-620724
-495828
-184179
-234001
-517205
-469034
-512847
-386920
255386
245463
367710
245147
2.79698e+06
2.28133e+06
1.07538e+06
1.18258e+06
1.53652e+06
1.30005e+06
931948
827511
647509
529258
276721
287555
-717921
-580132
-218425
-280705
-532985
-484336
-529980
-398250
252082
242289
366160
247573
2.85121e+06
2.32132e+06
1.08357e+06
1.19876e+06
1.57525e+06
1.33297e+06
943135
844258
593697
487559
258425
273420
-707455
-567946
-214579
-269545
-510376
-468156
-522156
-391054
249378
244008
358989
258032
2.82978e+06
2.302e+06
1.06872e+06
1.1895e+06
1.57547e+06
1.33449e+06
949289
848884
546507
448852
231894
248610
-703002
-562824
-213625
-260609
-523245
-478885
-530066
-400264
245085
235212
350217
239533
2.83069e+06
2.30238e+06
1.06678e+06
1.18271e+06
1.61358e+06
1.36545e+06
967963
861989
517373
424891
213116
223188
-699133
-561542
-199951
-266501
-560881
-507718
-555042
-428177
279172
265622
361068
249080
2.82259e+06
2.29932e+06
1.05564e+06
1.1786e+06
1.58276e+06
1.34593e+06
958390
856796
513162
420463
198039
219412
-681543
-544445
-191307
-251400
-543212
-497740
-559807
-420350
340631
317431
389675
273985
2.80063e+06
2.27685e+06
1.03865e+06
1.16382e+06
1.57527e+06
1.33698e+06
967369
849434
524820
429061
203032
214782
-573512
-454091
-132695
-204632
-548554
-501190
-571566
-432925
420795
380645
425212
302237
2.76414e+06
2.24749e+06
1.01265e+06
1.14093e+06
1.61737e+06
1.37399e+06
997373
875636
542137
443594
206984
224469
-558447
-441763
-113281
-192142
-527821
-485627
-555915
-418492
456373
411031
453086
336936
2.7359e+06
2.21929e+06
994654
1.12754e+06
1.61573e+06
1.37229e+06
1.01226e+06
882481
496696
405612
198525
217519
-487709
-381955
-57330.8
-149243
-468851
-437155
-532710
-393260
485136
438786
469583
356769
2.71725e+06
2.20468e+06
984593
1.11099e+06
1.69177e+06
1.43855e+06
1.05008e+06
923755
493202
404334
194142
208063
-481019
-368179
-52485
-134653
-443789
-416060
-528035
-377483
509027
456944
473499
366368
2.7851e+06
2.26014e+06
997865
1.1379e+06
1.81838e+06
1.54182e+06
1.08606e+06
978861
489823
403367
184877
209627
-482086
-370228
-50534.1
-132940
-437077
-414446
-531700
-396314
555086
491241
487933
375414
2.8407e+06
2.30395e+06
1.00515e+06
1.15248e+06
1.86723e+06
1.58156e+06
1.09142e+06
992376
524397
426335
186287
212312
-492189
-381298
-64332.6
-139368
-378786
-364033
-506187
-359525
543810
488055
504054
383102
2.84288e+06
2.30222e+06
997083
1.15318e+06
1.92559e+06
1.62622e+06
1.12033e+06
1.01232e+06
543482
444456
205776
222362
-446014
-339724
-32440.6
-119101
-365805
-354685
-502404
-356931
515023
463260
511093
377273
2.77819e+06
2.2479e+06
962575
1.11789e+06
1.9641e+06
1.659e+06
1.145e+06
1.03807e+06
546026
445090
214147
228707
-536103
-415395
-56482.3
-147513
-288802
-289104
-462221
-323714
490274
447758
526206
381213
2.75416e+06
2.22511e+06
940537
1.09812e+06
1.98511e+06
1.67902e+06
1.15869e+06
1.04401e+06
521134
431099
212805
233102
-512500
-393318
-26887.7
-138538
-125927
-146473
-317356
-194929
355035
309366
272411
229906
2.04244e+06
1.65695e+06
774442
853309
1.69164e+06
1.41079e+06
892308
846699
798478
657147
366734
375662
-71815.2
-43035.2
69390.5
29567
-181121
-185521
-332638
-214160
314469
277781
260678
213010
2.14269e+06
1.74493e+06
813194
900562
1.71966e+06
1.43912e+06
899576
859715
748233
621174
347601
347009
-134828
-92775.9
41211.6
-4632.96
-241928
-236325
-354169
-251949
324280
286338
270299
205115
2.24802e+06
1.83066e+06
851673
936725
1.7156e+06
1.43591e+06
892073
854037
770903
636151
348896
351115
-165423
-120536
17858.7
-22152.2
-254732
-245079
-356870
-245566
321859
288312
280528
222053
2.30212e+06
1.87287e+06
861757
966032
1.74648e+06
1.45722e+06
902837
861880
787404
651141
359508
360627
-101257
-65231.3
51188.9
3370.78
-282982
-266009
-363167
-254765
280830
254312
275476
204705
2.34343e+06
1.90626e+06
866535
975003
1.72915e+06
1.44502e+06
906045
862221
765192
633410
354070
356689
-122728
-85776.3
41614.6
-7346.84
-286392
-269553
-352298
-257315
252679
233118
279553
202447
2.38196e+06
1.93367e+06
865261
987897
1.71704e+06
1.43882e+06
904638
858073
692151
576577
333390
333397
-103845
-68266.2
72488.3
9012.08
-267697
-255044
-337405
-242324
274635
250070
300877
223230
2.34943e+06
1.90739e+06
859187
974331
1.70903e+06
1.42854e+06
915527
859662
692692
574958
334256
331647
-125857
-85849.1
57815.9
9779.29
-248586
-237875
-340087
-231812
295151
268189
309179
237247
2.37392e+06
1.93189e+06
867530
985768
1.71951e+06
1.44082e+06
916303
870045
704416
587237
323286
333388
-141935
-99647.6
38213.5
-4981.57
-244411
-237536
-340280
-245483
319722
286551
332917
238921
2.38833e+06
1.94413e+06
881102
992876
1.6738e+06
1.40491e+06
903414
853526
713329
588432
321732
326893
-181629
-137093
13794.9
-29592.4
-242641
-233658
-352279
-241594
372083
336700
359504
268237
2.38657e+06
1.94221e+06
873226
988209
1.61917e+06
1.35847e+06
876681
819859
735216
609281
319295
327915
-160020
-115559
13517.1
-34758.5
-182237
-184332
-337887
-224236
492473
436603
425392
325751
2.42667e+06
1.97535e+06
877697
1.00282e+06
1.66538e+06
1.39882e+06
896391
842322
829313
685252
346518
370315
-126411
-91322.1
16832.7
-21370.2
-173301
-179311
-334938
-218845
526163
464930
465136
354405
2.40854e+06
1.95774e+06
873925
989331
1.61272e+06
1.35428e+06
885226
821411
786723
649043
335556
354159
-108890
-79345.9
29407.9
-22036.3
-169428
-178368
-337974
-221722
520204
466125
469122
367900
2.40734e+06
1.95327e+06
881827
981699
1.61185e+06
1.35411e+06
890880
823407
812019
667676
337586
354191
-121363
-87211
14639.2
-21242.9
-204540
-207936
-345132
-236025
471801
424584
446194
348815
2.44793e+06
1.98671e+06
922866
1.00167e+06
1.61602e+06
1.35674e+06
894387
825322
793449
652385
328093
346600
-210543
-163294
-19272.9
-63512.3
-228501
-227581
-358540
-247276
449981
402001
428735
334179
2.51996e+06
2.05032e+06
963286
1.05798e+06
1.5888e+06
1.33857e+06
878172
832309
843313
689991
339245
364159
-287095
-227649
-65623.8
-86397.1
-234080
-230415
-353543
-244322
365223
337681
400210
295643
2.5105e+06
2.04472e+06
968719
1.05638e+06
1.50277e+06
1.26602e+06
858614
783639
862987
708314
353190
371083
-319496
-252290
-69121.8
-113545
-261439
-251339
-359188
-253764
353664
327888
410473
290499
2.48151e+06
2.02259e+06
966539
1.0492e+06
1.44711e+06
1.22373e+06
858290
770217
899253
736329
375287
386943
-431630
-345428
-106891
-155602
-240662
-233985
-352324
-245827
312827
296095
402287
287039
2.52748e+06
2.05851e+06
996842
1.06659e+06
1.38283e+06
1.1745e+06
838175
749604
888861
731643
371778
399841
-459240
-365098
-111677
-163833
-285920
-275849
-380887
-254744
222652
224512
360555
249871
2.52313e+06
2.05991e+06
990724
1.08259e+06
1.37783e+06
1.16789e+06
832825
749759
796783
651900
332754
359639
-566075
-447998
-169361
-199496
-350917
-328641
-410077
-291936
204685
207065
354137
232632
2.58851e+06
2.11379e+06
1.01839e+06
1.09981e+06
1.44675e+06
1.22373e+06
866756
772224
744391
612626
315339
333097
-620290
-495173
-180628
-234279
-392625
-362577
-435368
-323971
255007
245699
370073
244927
2.70754e+06
2.21328e+06
1.06641e+06
1.15281e+06
1.50649e+06
1.27539e+06
892125
805059
751173
614034
313174
331842
-644241
-514972
-198508
-241677
-414479
-383383
-457475
-327643
285559
275051
377828
261424
2.79688e+06
2.28377e+06
1.0893e+06
1.19456e+06
1.55857e+06
1.31627e+06
921128
829745
728932
597288
309511
326614
-620724
-495828
-184179
-234001
-517205
-469034
-512847
-386920
255386
245463
367710
245147
2.79698e+06
2.28133e+06
1.07538e+06
1.18258e+06
1.53652e+06
1.30005e+06
931948
827511
647509
529258
276721
287555
-717921
-580132
-218425
-280705
-532985
-484336
-529980
-398250
252082
242289
366160
247573
2.85121e+06
2.32132e+06
1.08357e+06
1.19876e+06
1.57525e+06
1.33297e+06
943135
844258
593697
487559
258425
273420
-707455
-567946
-214579
-269545
-510376
-468156
-522156
-391054
249378
244008
358989
258032
2.82978e+06
2.302e+06
1.06872e+06
1.1895e+06
1.57547e+06
1.33449e+06
949289
848884
546507
448852
231894
248610
-703002
-562824
-213625
-260609
-523245
-478885
-530066
-400264
245085
235212
350217
239533
2.83069e+06
2.30238e+06
1.06678e+06
1.18271e+06
1.61358e+06
1.36545e+06
967963
861989
517373
424891
213116
223188
-699133
-561542
-199951
-266501
-560881
-507718
-555042
-428177
279172
265622
361068
249080
2.82259e+06
2.29932e+06
1.05564e+06
1.1786e+06
1.58276e+06
1.34593e+06
958390
856796
513162
420463
198039
219412
-681543
-544445
-191307
-251400
-543212
-497740
-559807
-420350
340631
317431
389675
273985
2.80063e+06
2.27685e+06
1.03865e+06
1.16382e+06
1.57527e+06
1.33698e+06
967369
849434
524820
429061
203032
214782
-573512
-454091
-132695
-204632
-548554
-501190
-571566
-432925
420795
380645
425212
302237
2.76414e+06
2.24749e+06
1.01265e+06
1.14093e+06
1.61737e+06
1.37399e+06
997373
875636
542137
443594
206984
224469
-558447
-441763
-113281
-192142
-527821
-485627
-555915
-418492
456373
411031
453086
336936
2.7359e+06
2.21929e+06
994654
1.12754e+06
1.61573e+06
1.37229e+06
1.01226e+06
882481
496696
405612
198525
217519
-487709
-381955
-57330.8
-149243
-468851
-437155
-532710
-393260
485136
438786
469583
356769
2.71725e+06
2.20468e+06
984593
1.11099e+06
1.69177e+06
1.43855e+06
1.05008e+06
923755
493202
404334
194142
208063
-481019
-368179
-52485
-134653
-443789
-416060
-528035
-377483
509027
456944
473499
366368
2.7851e+06
2.26014e+06
997865
1.1379e+06
1.81838e+06
1.54182e+06
1.08606e+06
978861
489823
403367
184877
209627
-482086
-370228
-50534.1
-132940
-437077
-414446
-531700
-396314
555086
491241
487933
375414
2.8407e+06
2.30395e+06
1.00515e+06
1.15248e+06
1.86723e+06
1.58156e+06
1.09142e+06
992376
524397
426335
186287
212312
-492189
-381298
-64332.6
-139368
-378786
-364033
-506187
-359525
543810
488055
504054
383102
2.84288e+06
2.30222e+06
997083
1.15318e+06
1.92559e+06
1.62622e+06
1.12033e+06
1.01232e+06
543482
444456
205776
222362
-446014
-339724
-32440.6
-119101
-365805
-354685
-502404
-356931
515023
463260
511093
377273
2.77819e+06
2.2479e+06
962575
1.11789e+06
1.9641e+06
1.659e+06
1.145e+06
1.03807e+06
546026
445090
214147
228707
-536103
-415395
-56482.3
-147513
-288802
-289104
-462221
-323714
490274
447758
526206
381213
2.75416e+06
2.22511e+06
940537
1.09812e+06
1.98511e+06
1.67902e+06
1.15869e+06
1.04401e+06
521134
431099
212805
233102
-512500
-393318
-26887.7
-138538
