-72.1249
427.092
-432.042
1773.42
-733.977
-1038.74
-4074.35
1710.49
-2445.88
249.609
1291.88
-374.059
4881.87
7294.51
5351.38
9946.87
12460.6
10550
17433.7
14973
6670.85
7846.76
23346.5
8507.2
2267.69
7259.87
17232.9
-172.534
1952.32
3654.33
3505.84
1807.36
2880.05
5326.64
-1414.92
7286.74
776.403
1516.04
-8237.79
2276.88
9904.44
5979.29
5116.62
9670.39
22425.2
27037.6
48330
27225.7
17941.4
20815.8
54729.4
22322.7
3399.06
3812.01
5023.29
9952.53
130.108
1540.08
-14673.9
7083.09
-13633
-9557.26
-29269.3
-11117.8
6431.84
6232.44
-2163.75
12836.8
32300.6
35234.4
62867.4
41137.4
35235.8
34978.5
62002
38511.2
3735.65
1163.9
-16259.2
10644.8
-17085.8
-22371.4
-55249.8
-17312.8
-19671.7
-18554.5
-37993.6
-18524.1
9140.77
9808.28
1660.99
14693
25167.3
23157.7
34470
30382.3
30103.7
31934.4
61563.5
22420.2
4619.53
4152.84
-21796.6
7660.79
-14469.5
-14156.3
-54720.9
-6923.99
-29514.6
-28052.3
-67332.1
-24616.5
18038.3
12120.5
-4278.7
25223.9
49697.6
46394.7
60862.1
58125.6
51300.6
53709.7
121749
46555.2
18203.8
18152.1
17094.3
21428.9
-1126.42
3736.35
-30825.6
12809.2
-23098.4
-18729.8
-57971.4
-17986.7
25344.8
19593.2
3919.49
35926.7
62255.8
62289.7
102028
74111.9
50534.1
52528.8
126345
46838.8
26126.2
26619.7
45602
29890.1
17653.6
15842
-6365.38
25889.3
-3497.35
-3460.58
-29861.8
316.784
36820.5
30699
14324.6
43880.9
76257.2
72305.2
123707
79334.6
52333.7
57595.3
141479
49777.5
45249.9
45527.8
89082
52241.8
39692.7
35071.1
31931.5
51082.8
13729.9
9896.67
-4936.31
22628.8
55143.7
47710.6
50582.9
67363.9
98486.5
93181.8
158258
109498
51593.3
51899.5
147631
47146.3
48992.6
42973.7
87000.3
51345.1
23993.5
20482.1
13367.9
23619.5
13782.9
8316.28
-7031.47
13546.8
57825.1
49703.9
59826.2
62704.8
99331.5
88647.1
151545
102010
50519.2
55932.1
136628
48294
37686.7
38326.6
68535.6
44829.2
13607.6
10628.5
8213.05
13775.9
2539.22
759.433
-11356.1
4381.94
53684.3
51233.4
72597.9
58487.6
79356.5
73408.3
120460
84363.5
38257.3
46330.3
122931
29063.5
49885.7
51509.9
86842.6
59493.1
12694
12134
14853.5
19898.7
8572.96
6443.86
-10744.5
19381.8
70524
65389
100947
80335.8
95284.1
88497.9
144977
105246
65401
67502.5
170579
57209.2
77903.4
74001.6
122582
86709
25072.6
25899.9
29660.3
30727.3
31885.6
28929.9
19335.1
38656.8
89763.7
82585.1
127469
95443.9
107716
97886.9
161045
113955
56292.8
59381.4
157357
48794.6
73537.7
73165
123493
80850.6
32119.6
32758.8
46169.8
38806
41152.2
39521.6
47873.3
50964.7
94585.4
89777.1
149424
102521
104751
101405
181168
111917
51056.6
60287.2
156728
43424.8
78822.6
80553.6
136123
87736.4
53170.2
54379.3
71968.6
68052.7
47183.8
44319.3
46558.7
61147.8
104756
100949
161692
115092
124369
122641
213863
136128
58148.9
60290
162606
54508
90183.7
85914.9
137147
99159
68006
65613.1
71760
82672.1
52683
47654
40034.3
65200.9
114532
108904
169687
126355
140699
135958
230126
152941
58441.7
58614.2
139821
56374.8
86098.7
79927.8
118933
96027.2
67911.9
59609.1
57942.5
81514.6
45311.4
38999.8
25406.3
57976.4
117622
112436
176852
129665
140313
133432
216924
152801
43022.5
46459.7
115742
33239.7
92595.6
88321.2
129912
103366
83873.5
75163.3
81030.2
103588
56825.2
49632.5
28240.4
77721.6
136352
126526
198951
152236
167096
156364
257895
180318
48622.1
50748.3
140168
40844.6
96684.1
94371.2
145480
108726
87088
82215.3
83116.9
113253
64006.6
58911.2
38510.4
85590.3
134577
126197
193750
152559
171789
163854
277515
187791
40654.4
44267.7
126286
33694.3
107764
102348
166150
115615
106275
95437.5
103906
126844
88843.7
80064.3
68958.5
106445
151439
142570
208717
166925
188026
178607
299500
198281
46930
49344
127795
41769.5
110201
103385
180997
116849
128790
112511
134485
151529
112258
97709.4
107598
131379
168257
155733
232895
187946
205506
193993
331713
218297
42763
42888.9
109952
41224.3
94694.3
85265.1
149226
94315.3
113961
100958
106692
127402
110664
98761.6
108327
119699
162935
151441
219474
175932
197119
184760
316896
200840
54254.2
52785.5
108407
56002.1
84663.3
78208.1
149742
84688.1
111959
96943.6
120422
127998
120260
107152
145455
131025
174042
164028
257028
187429
194743
182739
326525
199958
41072.3
43544.3
83792.2
42352.2
72233.1
72793.1
138065
79747.5
111771
98101.9
119485
141067
121045
109229
151876
140897
179539
170518
265912
203371
194000
182506
330328
204374
53402.1
54080.9
93519.8
59283.8
79633
78305
135671
82621.2
109163
98949
95495.5
136658
130308
122809
161710
143694
189111
180225
262656
210316
191663
181825
324944
195480
71529.5
65731.9
98569.3
85822.3
89772.2
84881.1
144459
101431
120608
106728
105893
149015
132579
120111
169993
152193
197730
182012
271169
222079
186045
176067
318274
199002
78149.4
76569.1
102612
90316.6
99087.6
94540.9
154139
106497
141136
128251
139997
168956
126180
111091
153688
140369
191791
177132
262264
209975
189905
179234
304020
203124
89289.2
81019.6
119469
112327
102673
92221.6
152678
117903
150279
135786
162028
178479
101927
89318.9
126399
113764
185315
172541
266361
207161
178386
166574
283318
195432
104338
90620.7
111161
126300
105874
91959.2
139634
119468
158961
140857
174954
182658
91605.7
77532.8
111873
102573
186306
172885
273209
204329
167638
153238
245993
185315
83139.5
78246.3
75277.2
99644.1
93051.7
89012
120402
106994
163608
150068
195144
189924
69847.3
62798.2
75584.8
84129.4
178313
166828
261135
196100
164380
151355
229649
183040
101941
93106.2
97679
127460
110209
103600
134504
132020
179785
167957
217534
214076
73588.6
67216.2
79504.3
88411
183602
172937
270514
204007
157307
143885
214314
181036
102588
86915.4
93616
124907
116233
102772
138357
131327
193276
178052
235989
221008
83963.3
76139.8
93592.7
93488
189295
174300
274149
203121
159987
148273
215955
177753
97222.9
82672.1
90851.2
116170
111470
101351
155489
118442
207346
193523
264949
237339
81004
73099.3
105833
85999
168614
153965
248450
176205
171794
163286
244073
192163
77129.8
64544.7
58142.6
102007
89034.6
78403.3
127589
96430.3
198375
183510
243389
224697
59558.9
53726
85825.1
55179.8
134562
123499
199007
140772
162443
151066
226726
178606
89067.2
79968.1
67395.1
118790
87899
81254.3
142230
93516.3
199249
183232
262303
218835
53971.3
51548.1
115076
44612.1
124612
118165
214015
123836
159220
148929
227092
173960
86112.9
72993.2
51919.3
108326
80427.7
76979.2
138978
82720.2
208472
195439
282522
238427
43576.2
44242.3
110471
38598.1
111799
105739
197967
113313
171462
161004
249366
188851
77769
59016.5
35557.6
99931.2
73000.3
65934.9
131424
70161.3
215188
205188
290489
247004
43257.3
44838.3
113831
31467.7
94498.5
87308.6
165034
92015.8
165249
154880
249355
178083
4311.23
5645.54
7636.75
5014.09
8506.49
4041.82
17981
5545.84
-3333.3
-10756.5
5203.6
-4737.62
28285
34622.8
38243.2
40043.5
7817.07
8691.76
20873.8
7967.68
21457.9
21098.7
33899.4
20735.2
-19737.5
-20723.2
-33223.4
-9353.61
292.742
707.814
532.451
1293.3
-24347.1
-26520.7
-37222.8
-30049.2
39706.9
41502.2
34834.2
60317.6
16711.8
16025.2
40189.8
17987.4
30700.5
26295.2
60189.6
28257.4
-39929.6
-34755
-81513.9
-32492.3
9752.42
7653.02
-973.686
14827.3
-48654.6
-48803.8
-56050.9
-59121.2
46963.9
43588.9
19921.3
68030.7
11217.5
13820.4
32882.6
12544.8
47945.4
44880.8
79686.7
50848
-63804.4
-55708.7
-141466
-50857.9
-1248.04
-5480.78
-44218.2
5678.07
-67827.1
-66171.1
-102423
-76848.4
33012.7
29244.5
-28538.1
57802.4
22017.2
23279.4
37523.3
26807.8
47263
43293.3
64779.5
52190.8
-64391.3
-62992.6
-180425
-50322.7
-560.029
-3434.42
-68037.1
19605.2
-80972.9
-71258.7
-126271
-85992.7
35764
27484.5
-58621.3
66142.8
37880.4
40191.2
46968.2
45520
66900.8
62488.4
72692
79356.5
-70241.2
-64924.4
-178013
-54307.2
4284.36
458.205
-65787.8
18714.3
-73369.4
-68293.8
-108404
-74553.1
48491.3
45142.4
-36170.6
82039.9
60192.5
62504.7
93802
72585.2
86062.7
82443.7
106040
100492
-61150.6
-65562.2
-166452
-58628.3
7666.45
-6697.72
-64343.9
11486.9
-78595.6
-79932.1
-117153
-95288.3
93541.7
83641.5
27387.7
130444
64256.2
49642.4
99958.7
59172.8
95562.7
85311
121371
104900
-74445.6
-77443.7
-176113
-70098.3
5173.19
2448.71
-62426.9
14082.7
-89399.5
-79648.5
-133646
-101609
115337
102098
53120
151818
54974
47241.1
81723.2
53382.3
104470
96280.4
135049
112815
-91337.7
-88463.3
-190963
-90552.1
21011.7
19706.4
-34023.1
34764.9
-81561.9
-74227.8
-102667
-97727.8
131182
111885
75760.1
168357
43801
40452.2
84434.9
40044.9
112933
100475
152850
121402
-99767.8
-95196.4
-200108
-97576.5
27980.2
23873.3
-26731.5
44085.3
-89617.3
-83930.7
-129874
-103288
117733
100579
62149.7
153318
47819.5
41803.4
89458.2
46995
85770.6
72238
109863
93210.8
-100844
-97137.4
-201564
-100289
27352.3
23599.7
-31556.8
49736.5
-100700
-90104.5
-142155
-104329
113406
93866.3
51456.9
148384
42656.2
39115.7
83896.1
40143.2
66924.8
61571.3
72262.8
82595
-109360
-104353
-194295
-115927
13920.1
-581.949
-63981.1
20358.3
-102535
-99210.6
-166526
-117645
120252
107155
71862.6
154578
35308.7
25636.2
67100.9
29453.8
58178.6
48052.1
39759.2
70584.1
-127271
-114525
-211679
-127029
-5218.45
-7663.62
-79403.1
14622.3
-120310
-113420
-173929
-125816
131461
118356
85225.5
178110
11612.1
17006.6
34070.5
15224
55324.7
53330.7
29176.6
78698.2
-121438
-118869
-210175
-120374
11520.9
10602.4
-53072.6
33490
-114405
-105966
-166176
-126699
146513
128874
83206
193182
33529.6
34455.2
57592.4
37485.9
78976.8
70603.9
57696.4
99380.3
-150737
-139831
-251645
-151276
35676.4
32534
-33744.5
64563.8
-123167
-113339
-159462
-138133
137463
115188
59758.3
182900
32440.6
35625.5
52204.3
41770.9
91240.1
78585
64425.2
116157
-158263
-146321
-264862
-160624
46903.1
44211.9
-17636
74747.6
-123777
-110890
-147352
-143843
112612
91909
28555.1
149067
47435.6
49795.2
73925.9
55338.2
76786.8
63688.4
41611.1
94993.4
-181509
-169537
-309560
-193596
42374.1
35850.3
-33345.7
73021.5
-144312
-126380
-162611
-169152
78927.3
60456.9
-23350.8
109206
46363.6
46583.5
69156.5
48195
59828.3
48268.5
2136.17
79985.8
-178339
-160976
-289808
-180558
47346.5
40539.8
-34872.4
76016.1
-131573
-114727
-132392
-150158
73171.4
61659
-15638.4
111301
53963.6
54610.6
81537.2
61702.1
64254.1
58371.7
1301.78
94089
-172970
-164561
-280912
-183576
39769.8
23686.7
-37987.2
59259.1
-135305
-127056
-139185
-162736
108625
89130.1
27223.6
147667
49292.4
41889
75099
53520.9
78347.4
66617.9
14676.7
113623
-191926
-185059
-323521
-201861
23043.2
14778.5
-56076.4
40108.5
-144234
-131855
-166546
-176548
103182
82489.7
2126.27
139545
47910
41377.1
57219.1
53110.1
84070.8
67437.5
8917.32
115540
-214578
-205348
-341342
-232338
9071.47
3492.4
-49706.8
19663.9
-165611
-150758
-165649
-201192
106875
82235.8
16858.8
141761
29596.7
25314.4
40146
32838.7
88269.6
72728.8
26649.4
121600
-233669
-220878
-379323
-249665
-2170.11
-5033.19
-55920.1
7924.55
-162840
-146940
-159711
-197513
85637.7
63237.3
-17054.7
120009
25190
22585.7
31764.7
30387.9
79610.3
64754
-4245.47
119140
-243762
-229668
-395120
-262858
-19111.7
-20069.1
-72957.9
-10580.4
-176393
-151469
-169066
-209999
72757
52004.9
-40924.5
105743
24258.7
24177.4
23736.9
29624.9
90294
77567.5
-3046.22
132303
-256885
-240339
-412745
-273261
-40971.9
-47248.2
-112752
-39984.1
-158868
-144457
-144813
-196050
73138.2
54946.4
-33285.6
109433
18391.1
14123.8
12612.7
21563.9
94623.6
76321.6
-17626.8
140302
-256914
-242202
-416255
-268982
-50488.8
-51413.7
-120321
-47622.9
-173646
-155209
-156126
-210544
95243.7
76318.7
4902.37
131637
9474.52
6729.54
70.0036
15057.8
98907.3
78515
-18283
143805
-254732
-242881
-430956
-263334
-35033.6
-32200.2
-94460.3
-29492
-165208
-143089
-146410
-204953
108454
88143.7
14355
145793
12662.9
9775.04
-5014.8
17621.1
110699
88014.3
-3020.76
153451
-266883
-253484
-454197
-275738
-15183.7
-11895.7
-65172.6
-4064.45
-168336
-145414
-125119
-210018
114475
91653.1
26594.3
151080
1576.14
2334.87
-13877.7
8881.26
113287
90740.9
6974.9
157113
-270246
-257558
-482295
-273296
4012.12
4710.04
-46856.4
18615.3
-162920
-140452
-126474
-202240
107016
83273.8
13966.1
143345
14313.3
14515.5
-4702.97
27205.9
108902
84589.8
-3329.06
153530
-271091
-256466
-501305
-270188
12595
14071.4
-37237.7
33258.1
-167485
-138094
-124412
-203700
100722
78230.1
1668.77
136778
22961.2
23251.1
6515.28
34651.8
105206
82154.5
-13443.5
149740
-257125
-243991
-487209
-251374
24284.2
17713
-26236.5
36213.8
-147536
-127580
-104640
-185650
108049
86317.2
26781
143449
32989.4
27325.4
17757.6
41945.6
103851
80833.6
-23562.9
150996
-252060
-247052
-495399
-259166
16950.1
6424.07
-38917
27081.5
-147275
-128102
-93095.6
-191439
124780
111593
61023.3
165165
24254.5
18287.9
7467.75
28906.5
99226.2
82556.8
-35699
145850
-257887
-255842
-497546
-253943
14322.4
8370.02
-32299.2
25943
-140863
-124538
-77656.6
-186209
148136
125405
87008.1
193345
31246.3
23893.1
21969.1
39054.9
109013
86655.2
-8.48528
152315
-281785
-274133
-544715
-283481
9423.61
4978.03
-48330
22132.4
-155846
-133483
-75323.1
-204137
145733
121596
76037.3
189070
13630.2
10862.6
3946.36
16613.5
102360
82652.3
-3889.79
143133
-278305
-270017
-548356
-274622
15032.4
11235.2
-39766.3
32544.6
-152366
-131273
-80118.7
-194187
134985
111832
57517.5
181778
30542.1
27783.6
27652.8
39877.3
94094.7
76130.7
-11387.2
136800
-275113
-271446
-566733
-269552
15311
10135
-49820.6
38021.8
-150177
-125290
-81254.3
-189615
133288
105873
33496.4
179034
42787.7
39433.2
48023.2
49881.4
89048.1
72467.1
-23441.3
131902
-264635
-260041
-556365
-256198
16478.4
3853.02
-65343.7
33164.7
-131388
-112536
-59984.6
-173158
139927
119546
49286
188580
49401.3
41620.3
53652.4
57458.8
94397.3
76667.3
-24091.8
138963
-10861.9
-14376.9
-26117
-14684.5
73.5391
-6530.84
-9001.47
-1064.9
-1086.12
-3730.7
-11254.3
-4782.16
260.215
-5365.53
-6102.33
-4002.93
2601.45
4657.71
-410.122
-125.158
-226.981
-5603.11
-11998.9
-5625.03
-13689.6
-12343.3
-32658.4
-7290.27
1809.49
5057.23
-2464.97
12213.1
-11358.3
-14470.9
-25603.6
-12836.8
-12965.5
-16643.2
-23993.5
-10753.7
16822.1
16853.2
11053.5
23960.3
-17083.7
-20061.3
-27642.2
-18882.6
-16840.5
-23640.7
-48773.4
-14956.7
629.325
-4335.27
-6023.84
5661.8
-20152.5
-26720.2
-38019
-22207.4
-36596.3
-44546.3
-71033.8
-32138.7
20285.5
14130.1
2084.55
26535.6
-42525.4
-50054.7
-66502
-50041.2
-8502.25
-8362.95
-30423.3
-7418.26
3768.17
-608.819
-4490.13
871.863
-13796.4
-11927.5
-28308.3
-18563.7
-44081.7
-41732.7
-88856.5
-52199.3
30110.7
31476.2
17599.9
41166.3
-62562
-56512.7
-82455
-80270.1
-1272.79
-2416.89
-2322.85
-2609.93
7290.98
9766.56
25129.9
6962.17
4036.87
3414.62
15319.5
2950.05
-42675.3
-38116.6
-60479.6
-45510.8
42819.6
41131
34564.1
58531.5
-67086
-60152.2
-52974.3
-85797.5
2258.5
4025.56
10558.5
961.665
21301.6
25376.6
57729.6
20082.5
16781.8
15630.6
30118.5
15805.3
-30835.5
-27976
-46352.3
-32981.6
54769.7
51736.2
44962.1
69799.2
-69749
-59268.3
-46710.1
-89201.5
-883.883
-1870.3
-391.737
-4018.49
23411.6
21172.9
51455.5
18772.3
581.242
4929.24
4134.45
-2743.57
-25044.3
-20014.7
-30903.4
-31797.2
65756.7
59964.8
55904.6
84221.4
-58972
-50630.3
-29581.8
-80316.7
6893.58
6889.34
7194.81
15868.2
16580.9
18038.3
44013.2
22973.9
-8252.64
-6982.68
-13408.2
-3198.24
-24310.3
-23178.3
-28007.8
-23935.6
76414.9
63563.9
63329.2
98602.5
-58090.2
-50952
-21167.2
-72828.5
19016.9
13756.1
10918.4
20395.8
7444.42
7478.36
28062.2
4716.4
-15562
-15190.8
-28871.9
-11768.4
-26343.3
-27145.1
-42421.5
-18285.1
76593.8
66014.8
72086
94275
-58411.3
-53692
-26864.4
-75666.8
19071.4
19611.6
16664.4
24024.7
-12187.7
-12100.7
-14054.5
-19782
-23690.2
-20901.4
-60825.3
-24421.3
-43091.1
-34035.9
-91791.7
-46117.5
72625.5
68962
68561.1
90740.2
-75960.2
-61987.1
-54748.4
-99161.1
34488.4
32427.9
41032
39429.7
-24629.2
-21229.5
-18937
-33651.2
-14099.7
-13081.5
-38301.9
-13507.2
-31625.4
-24382.5
-70126.6
-27169.9
85907.8
78616.8
94021.9
101949
-68262
-53935.3
-31428.8
-86898.5
47070
45891.9
73078.8
53771.9
-40839.7
-33656.2
-33820.9
-47882.4
-17189.1
-16313.7
-36716.5
-16125.6
-15234.6
-14338
-44555.5
-9048.14
84748.2
76812.3
107873
98083.5
-59872.9
-46735.5
-13440
-77776.1
42768.6
40409.7
56455.4
46817.5
-33047.3
-29526.7
-27708
-42893.8
-20987.6
-18157.1
-40871.5
-25796.7
-10661
-12049.8
-31525.6
-11757.8
79476.7
77767.6
108418
86854.6
-50185.5
-39570.4
-4107.58
-73568.8
52062.2
49943.7
55950.5
65183.2
-18276.6
-8648.62
-3175.62
-18973.8
-25471.4
-25057
-42393.9
-31176.3
-17196.8
-21911.1
-42270.1
-17406.1
89584.8
84851.4
123416
97363.7
-48003.4
-38540.9
3874.24
-67937.4
50931.5
35917.5
40501
50586.4
-16282.5
-18975.9
744.583
-34542.2
-36423.8
-36383.5
-44593
-51580.6
-42670.4
-51248.3
-90437.5
-41270.3
90989.1
87087.3
135179
89404.5
-74029.8
-72957.2
-28631.5
-111771
37707.9
37084.2
44515.2
47172.5
-29361.2
-21213.9
4966.01
-38984.2
-43096.7
-39088.9
-33610.9
-57119.4
-68861.6
-64587.8
-124615
-78180.6
92604.8
89806.8
170930
96447.2
-101647
-81262.8
-27872.7
-138396
39424.7
32393.3
42939.1
46275.9
-21162.3
-15745.1
20516.7
-31745.6
-45515.8
-46547.4
-26913.2
-65277.3
-80960.2
-78868.6
-134268
-87497.4
86767
79881.9
161377
85156.9
-107909
-93422.2
-14622.3
-152509
45180.6
41941.3
58515.9
50335.4
-10264.4
-1033.79
51842.9
-24386.7
-54892.7
-49935.9
-23725.6
-78322
-75662.5
-73885.6
-122818
-83856.5
82948.6
81507.5
175671
77969.1
-117445
-95553.5
-9041.77
-165751
32659.1
32002.9
49170.1
34448.1
-14919.2
-8497.3
49431.7
-33125.8
-65693.8
-53308.8
-26667.8
-86349.1
-75452.5
-70132.3
-111818
-82937.3
76970
78697.4
169762
70484.4
-114978
-90794.6
-2937.32
-156241
26904.7
25464.3
45685.5
26852.4
-29016.8
-17511.5
39866.7
-47905.8
-78046.9
-71856.9
-44501.8
-102419
-89142.8
-88419.5
-129419
-101033
71154
69858.6
161516
64216.6
-123506
-107589
-23218.6
-168472
35300.9
34001.9
52835
30503.9
-32350.1
-20204.9
48788.2
-62190
-75602.4
-61780.6
-38120.1
-93633.7
-100399
-97138.8
-154373
-103528
73561
79239.8
172658
69425.9
-128540
-111014
-43067
-173852
46179
41725.7
84299.1
49936.6
-30634
-24971.5
59525.7
-55647.9
-56230.5
-51973.8
-23646.4
-78088.6
-95741.6
-94235.4
-162292
-106603
94740.3
92235
199340
90889.4
-128730
-113633
-40953.5
-176120
51753.9
44080.3
80488.6
53854.7
-37632.2
-30384.4
54544.1
-68426
-44391.5
-39564
-4909.44
-63426.1
-93072.9
-89165.5
-159758
-95874.5
98052.4
95721
209422
91990.3
-133615
-116354
-44128.4
-180098
42469.5
40824.1
69648.6
44182.9
-64208.1
-49085.2
21060.5
-95200.6
-48847.6
-43195.7
-16864.5
-66403
-89543.8
-87800.7
-178819
-87933.7
88559.5
88542.5
197202
82873.6
-144172
-122224
-68565.3
-186346
31243.5
29611.5
42396.7
32085
-76050
-60700.9
490.732
-106540
-73074.5
-64942.1
-60478.1
-90015.4
-95599.4
-96594.3
-184683
-97435.1
83416
85437.6
195029
75414.4
-135618
-117076
-69403.2
-178376
28821.7
25069.1
30643.9
32398.2
-79083.5
-63977.6
-4765.19
-108517
-93606.1
-87208.2
-95729.5
-114512
-114889
-116584
-211663
-119159
87657.2
87360.2
205567
75432.7
-137216
-120811
-59754.8
-185044
22718.6
15818.7
22534.8
20953.7
-88132.4
-74982.3
-224.153
-124916
-113045
-108305
-105126
-140541
-132914
-136337
-229086
-140003
93487.3
92329.8
237794
76923.3
-145535
-130279
-45492.4
-202225
22488.8
26120.5
32077.9
28188.1
-101911
-80495.6
-18860
-138241
-131828
-114970
-129739
-157366
-153506
-141728
-255144
-163412
92635.9
101652
253527
83261.1
-153976
-124607
-36914.5
-210682
33753.7
29045.1
39114.3
37956.1
-93560.8
-75819.5
-5832.92
-130795
-122754
-111380
-115873
-148560
-145302
-137285
-244037
-149462
112163
113702
270425
104779
-140120
-116352
-2420.43
-198510
33132.9
27841.6
30198.4
38841.4
-103625
-85982.8
-16513.8
-142156
-138415
-127730
-141766
-168294
-141658
-137469
-242630
-148976
110359
110205
268506
97071.6
-141956
-117284
4982.27
-203058
12811.4
16334.9
-3884.84
22826.1
-114266
-90474.3
-30061.9
-148287
-159554
-138830
-167987
-185041
-154883
-147045
-253412
-164033
95048.6
101880
253672
86436.7
-146906
-118280
902.975
-208494
14231.9
8061.02
-23524
24439.7
-112948
-93666.2
-39166.6
-145479
-172398
-161015
-206083
-199527
-173250
-173049
-288673
-186249
93171.2
92763.2
236013
80551.5
-154103
-132193
-11657.4
-217644
3469.07
-905.804
-59008.1
15166.7
-119198
-97237.8
-52406.5
-153663
-189351
-173510
-242323
-210082
-205012
-203925
-351503
-208546
93639.3
97469.7
231194
87971.2
-183447
-161425
-54575.2
-252248
17386.3
9813.94
-43708.4
33091.9
-106925
-94949.6
-45437.3
-143573
-178850
-166476
-247019
-201815
-216512
-207877
-383116
-232873
107524
106553
240848
102036
-192065
-160936
-54278.9
-265592
13728.5
2831.26
-53479.2
23609.6
-104734
-88352.3
-32156.4
-144353
-166990
-154612
-231729
-185857
-214630
-204949
-374171
-223312
110867
110095
241360
106017
-190522
-160370
-33911.4
-265451
5312.49
-2369.51
-64547.5
20328.6
-107581
-88598.4
-26490.3
-142942
-160561
-151051
-235926
-175851
-206038
-201036
-374388
-212464
111716
110588
242640
107082
-193720
-161416
-32978
-266649
-2730.85
2452.25
-13534
4075.76
1491.29
3085.11
-3172.08
9053.8
8875.6
11677.2
22047.6
9997.78
1954.44
5546.55
-7722.31
9103.29
10992.7
12225.9
16058.4
16211.8
13874.1
15451.7
15620
20918.3
15012.6
17846
1959.39
26572.4
4697.31
2681.35
-1826.46
8827.52
29435.4
31551.1
56614.5
32214.4
10975
11330.7
-6396.49
19449.7
23806.9
21464.9
38301.1
24197.2
26810
23688.1
20912.7
30309.4
15624.9
11569.7
-6192.13
19369.8
-18731.3
-18735.5
-29243.1
-20953
42371.3
39361.8
76071.3
40386.4
10747.3
6270.62
-13517.8
16655.9
10701.4
9987.88
27727.1
8255.47
21767.6
18998.5
15876.7
30197
7401.99
8440.03
-13592.7
14118.8
-36791.5
-36248.4
-63638.2
-38295.5
55487.4
56292.1
106368
55779.4
-6677.21
-7692.61
-42843.6
-1041.57
10379.6
9760.19
21428.9
9299.16
29102.4
23553.7
6178.7
35857.4
-9790.6
-9396.03
-47678.1
782.06
-59464.1
-54592.2
-98161.3
-63182.1
50651.5
51673.2
108779
50365.8
-1490.58
111.723
-36843.1
7500.99
-6709.03
-3315.62
-1243.09
-10221.9
25286.8
27285.8
15955.2
31774.6
-16962.8
-19360.6
-76921.9
-8485.28
-62785.4
-59137.5
-111124
-65852.9
57799.6
54324.9
123871
51805.5
-2580.94
-6057.08
-53989.7
5615.84
-473.054
2127.68
11108.6
-3227.94
48081.8
44008.2
53770.5
53447.4
-23719.2
-23652
-94767.2
-9368.46
-52596.7
-49350.4
-104596
-53287.6
55923.7
59753.4
133464
50155.1
16349.7
18126.7
-16509.5
27104.1
18139.4
17429.5
31505.8
19596.1
57156.9
54598.5
65514.9
66168.2
-12456.4
-14579.8
-91053.4
5033.19
-46059.5
-46764.5
-99185.9
-43980.6
58769.8
62046.5
139712
53638.3
52219.1
49712.4
41268.9
66803.9
19218.5
13880.5
24765.7
19946.8
49909
41659.2
47496.4
56552.3
-1394.41
-10853.4
-84121.7
12363.1
-47335.8
-46531.2
-106332
-47627.2
59522.1
57079.1
134731
53339.9
87614.1
79021.3
90040.9
104208
571.342
-3217.34
-9513.41
-1434.01
31972.5
29658.2
24013.3
42519
-16507.4
-19710.6
-87549.7
-5627.86
-54614.1
-55531.2
-118283
-51939.1
53583.8
54585.8
123832
47738.2
88437.8
79129.5
105536
99027.5
-11765.5
-14499.2
-40288.1
-8525.59
23883.2
15064.9
-12003.8
33339.4
-25371
-32732
-106507
-14941.2
-55225.7
-58964.2
-128184
-57982
45896.9
45516.5
121369
36261.1
117132
105545
150849
126216
-19672.4
-24299.7
-58690.6
-20961.5
22498.7
17314.9
-9042.48
25310.9
-57949.5
-64899.7
-160073
-49247.2
-68730.8
-71378.2
-148193
-71279.9
33560.7
29770.6
98270.9
25651
101075
89328.1
133966
109860
-35737.2
-39566.9
-92705.2
-36730
15966.5
11451.6
-12783.1
18508.5
-79349.4
-83280.2
-201347
-77998.1
-75439.1
-73438
-147183
-79491.5
24211.3
26598.5
79753.2
14014.1
87383.5
79980.8
123469
93833.8
-36587.8
-36732.1
-92167.8
-33598.2
12918.1
7679.18
-15139.2
20198.5
-77717.4
-75969.4
-185608
-75317.5
-73027.2
-68826.9
-127244
-77001.1
20025.3
24230.4
72974.1
10448.9
89646.3
82419.7
138229
92014.4
-37627.3
-37692.3
-93433.6
-35479.1
-6370.32
-13288.7
-47454.6
-4936.31
-69357.3
-74943.4
-168267
-73792.2
-69901
-68701.1
-112943
-78995.1
24792.6
21659.4
68568.9
14449
94172.5
84125.2
149766
95192.8
-45790.8
-49727.3
-111886
-44655.9
-36827.5
-41680.4
-88280.2
-34412.1
-81301
-74591.3
-155105
-82586.5
-80370.5
-74551
-118769
-87493.9
17985.3
21461.4
57941.7
12551.1
80050.1
76708.4
152038
78370.1
-54358.1
-52944.6
-135600
-47227
-60714.3
-62371.8
-137542
-58077.5
-77905.5
-73561.7
-147031
-77619.8
-78875.6
-74881.9
-112388
-89596.1
18541.8
18227.8
57704.2
12447.2
87048.4
84069.3
171054
81326.5
-59178.5
-59289.5
-148702
-50896.8
-78727.1
-78797.9
-157954
-83077.3
-89992.1
-90533
-162462
-94924.1
-86611.4
-81045
-118225
-94787.7
21724.4
14524
46846.5
20428.3
65183.2
59575.9
151779
55909.5
-52964.4
-54911.8
-159974
-36838.1
-94636.3
-95936
-182239
-94426.3
-94796.1
-85081.2
-159630
-97746.2
-75171.8
-62758.6
-107276
-77398.5
14461
24361.9
44477
13712.9
66116.6
75147.1
162267
62393.7
-34182.2
-38964.4
-150411
-10155.5
-101023
-91676.4
-195611
-95002.6
-66052.3
-56434.9
-110869
-58745
-53837
-47019.1
-82185.6
-44073.3
38081.2
44661.6
84989.3
45240
102872
107393
214330
108793
-24521
-35332
-148782
4920.05
-94265.1
-91800.1
-193780
-85482.8
-47530.3
-45289.5
-99982.8
-50861.5
-44365.3
-35983.2
-92137.4
-42536.7
52364.1
56920.7
90139.9
57394.4
127535
125644
225704
133037
-43499.1
-52381.1
-200490
-21906.2
-109792
-101389
-223485
-102414
-42290.6
-37652.7
-69662
-41041.2
-38103.9
-39542.8
-84897.4
-30294.6
66330.2
66520.4
111166
73587.2
135703
130846
241162
141425
-53033.7
-65343.7
-225138
-22973.2
-114288
-116094
-243245
-109225
-33239.7
-34377.4
-82326.3
-25579.6
-33927.7
-41590.6
-116812
-26574.5
70741.1
67595.9
106147
77981.2
161330
153086
256288
174200
-60288.6
-77790.9
-274082
-30492.6
-129101
-128338
-280385
-128919
-47644.9
-51664.8
-116934
-46899.6
-46408.8
-51670.4
-150200
-41075.8
63233.7
58187.8
87366.6
66792.6
154219
141908
226991
165691
-79043.9
-93717.1
-321000
-47193
-146934
-144987
-307705
-146940
-50261.2
-51835.2
-136664
-46146.5
-51626.6
-52364.1
-161942
-37097.7
71250.9
69158.6
111695
75323.1
152481
144238
212450
172648
-80150.6
-92410.4
-329481
-42144.3
-151394
-148296
-306324
-147120
-28353.6
-30822.8
-113201
-18319.7
-46515.6
-50834.6
-162473
-29425.5
96825.5
94748.8
158794
103785
168233
157357
223512
191983
-72436.7
-88121.1
-327494
-33577.7
-152691
-151134
-307076
-153973
-19940.4
-32079.3
-114565
-15516
-63444.4
-70427.1
-193702
-52044.5
114891
106638
182040
118977
175365
155841
217749
198100
-87286
-105529
-360888
-51494.3
-172092
-170791
-325746
-173225
-27338.9
-31516.5
-106502
-19760.1
-86119.9
-91121.3
-227050
-74242.7
131762
126232
224424
137346
160923
146191
200091
183538
-94671
-110634
-373152
-56025.5
-180406
-178381
-340231
-185770
-20351.9
-25438.9
-113848
-6120.72
-92644.4
-95662.4
-257373
-78616.1
142963
137561
239830
150720
183518
170930
218676
214408
-104783
-119606
-405720
-64544
-187992
-177212
-343548
-194513
-33773.5
-39200.6
-134997
-21590.8
-115780
-118158
-296869
-102129
144371
136255
259227
144890
175049
160483
202302
204678
-122588
-133015
-428597
-81235.3
-196743
-186869
-330105
-207308
-34957.9
-39726
-136173
-20919.8
-106120
-113619
-285050
-90100.3
141369
139292
269740
141320
175536
159830
213386
201690
-106199
-121286
-412552
-62359.7
-197620
-190029
-336750
-208426
-24709.1
-27350.2
-125490
-3690.39
-107347
-112813
-283236
-88911.6
145785
145814
279881
150032
179805
166482
225254
207749
-100897
-116986
-408306
-55968.9
-205959
-195124
-351183
-216018
-2189.2
-17532.7
-110382
11204.8
-108440
-117815
-288747
-101264
165083
159590
294885
169218
196251
174936
243516
219323
-102338
-123930
-423927
-61479.4
-214002
-206787
-364805
-229151
-13314.1
-16171.5
-107912
6092.43
-122153
-125627
-301985
-106036
167321
164639
303536
173702
185850
171093
244505
209297
-113601
-129828
-448354
-65128.1
-229733
-219116
-389329
-242513
3220.16
-6752.87
-84072.2
28458.2
-112066
-119552
-293987
-94613.7
182189
174842
327943
190712
204912
189253
280987
231568
-103386
-121849
-438231
-52374.7
-223879
-210879
-374788
-234154
-10448.9
-20700.6
-119848
10734.6
-114842
-120726
-304524
-99924.1
171278
162988
301788
175959
192044
176072
261430
213761
-105185
-120520
-452529
-50709.5
-228405
-217353
-381019
-243448
-6880.86
-8410.33
-10627.1
-8210.22
6431.14
1909.9
-6505.38
8192.54
4005.05
3942.83
4483.06
4013.54
-12469.8
-8174.86
-12097.9
-16411.2
10033.8
15209.9
12230.8
10794
-3750.49
-910.754
-9168.35
-2276.18
-27601.2
-23549.5
-32127.4
-33939.7
-5225.52
-7906.87
-26870.1
-1464.42
6882.98
8465.48
12682.7
6634.08
-31677.7
-26898.3
-33252.4
-38644.1
12573.1
18299.9
21974.8
12966.9
-9304.82
-5680.19
-8020.01
-12679.1
-26042.7
-28266.6
-32985.8
-33734.7
-5357.75
-9222.79
-38568.4
-3580.79
9096.22
8338.2
26485.4
5024.7
-51298.5
-46955.4
-62821.5
-61582.6
7496.75
10914.9
20193.6
6160.31
1756.45
3684.73
18869.9
2942.98
-52456.7
-49447.3
-69437.2
-58015.3
-6208.4
-9879.7
-50125.4
3676.25
4559.42
6694.18
23966.7
4205.16
-70077.8
-63013.8
-85429.1
-82032.9
-789.838
-729.734
2139
-4415.88
10555
8982.38
21726.6
10776.3
-59900.4
-49577.4
-86521.6
-62938.2
3023.59
1214.81
-54737.8
22917.3
26157.3
30690.6
53924.7
30141.8
-83017.2
-72315.8
-103700
-93114.6
-202.233
10022.5
8345.27
-297.692
28852.8
32515.6
54686.2
30204.8
-36542.6
-38168.9
-65566.5
-39472.1
17262.6
5557.86
-56311.2
35542.7
42211.4
39200.6
84307.6
40882.8
-57403.6
-53117.2
-74703.7
-64957.7
35037.8
30960
51461.1
34755
60953.3
58351.9
101912
63513.7
-27931.4
-25140.5
-49240.1
-23088.5
6595.89
-1537.96
-68683.4
22913.1
34911.3
36175.6
75217.8
34917.6
-43944.6
-35696.9
-36524.2
-53820.7
46943.4
52030.3
89953.2
50369.3
74738.4
77858.1
130148
83610.4
-9073.59
-5236.83
-21136.1
-8898.23
2216.78
-5219.16
-69869.9
14035.4
35846.8
34637.6
67210.5
33951
-29867.5
-25557.7
-13243.4
-43767.1
79250.4
79623.1
140535
80041.7
104214
100376
163362
111065
-50.9117
-650.538
-2595.08
4668.32
-13447.8
-19106
-71096.8
-6628.42
20610
21885
50427.3
20258.6
-41473.9
-37625.2
-21122.7
-54259.8
76893.6
75409.4
155928
79078.6
120915
117988
191108
140572
9658.37
11879.4
3907.47
16460.7
-11299.6
-12883.5
-56953.9
-3349.56
17471.2
19073.5
34170.2
17010.2
-36245.6
-29272.8
-16214.7
-49205.4
82566
80987.8
159599
82201.9
149894
140260
216167
164390
20368.9
22198.2
15028.1
25757.8
-12435.2
-13093.5
-44076.8
-8924.39
15979.2
16672.9
35020.2
14492.9
-32036.2
-26660
-4195.26
-49144.6
99372.5
101869
200779
94694.3
174162
165314
257217
189044
26952.1
23911.5
21962
28611
-36476.8
-37284.3
-68400.6
-41253.3
1173.8
2003.23
19376.1
-7407.65
-30909.1
-25439.6
2004.65
-47934.8
106709
100412
217839
97336.8
177285
167381
264244
190267
32852.2
27102.7
38268.6
37004.3
-40003.9
-40771.1
-66562.8
-44181.4
-9763.73
-7100.06
9607.46
-17674.8
-24981.4
-15415.6
34303.9
-41944.2
121205
118978
270303
109918
178377
166545
265135
195922
29106.6
27314.8
34438.2
30254.3
-50247.7
-47349.3
-80934
-55336.1
-24381.7
-22001.6
-19322.4
-34428.3
-27843
-19084.1
36649.3
-50034.2
131032
131417
307052
114922
178604
165027
251405
194653
43268.6
37503.5
56421.5
50037
-43235.3
-42907.2
-62792.5
-49236.6
-33970.8
-30987.5
-22164.3
-42317.5
-42172.6
-34076.2
25770.5
-64733.5
129539
126633
339486
104950
189194
172955
263911
215897
40295.2
31229.4
54191.2
42785.6
-35194.1
-32756
-37188.2
-40112.8
-46631.6
-42805.4
-40939.4
-57749.4
-37530.4
-27746.9
48446
-65666.2
137150
134601
374405
107056
198556
177173
261664
220818
27259
29521
34810.9
28868.3
-34385.2
-28079.9
-37783.5
-38644.1
-50464.8
-41193.9
-46092.8
-60984.4
-45269
-31371.5
47610.2
-75559.3
139521
145145
406893
101914
200448
184013
257953
223427
38448.2
31878.5
50664.2
40140.3
-37729.1
-37567.9
-43393.7
-44771.2
-58206.2
-52619.4
-45324.8
-73555.4
-27802.7
-13875.6
75084.8
-52678.7
150235
150590
441276
108084
208236
189947
265141
234451
32502.2
27051.1
36424.5
39757.1
-41766
-42289.2
-62909.9
-49088.1
-48422.7
-41922.2
-26563.2
-61666.1
-19994.2
-3926.56
97732.8
-43187.3
143746
155514
442994
110359
203599
185951
248111
235010
35431.7
38526.7
43204.9
45533.4
-44313
-39078.3
-50278.1
-51234.1
-33286.3
-22126.1
9322.5
-45619.7
-9239.06
7768.98
117777
-29758.6
159610
173725
467137
131106
217338
203014
270801
249358
61521.1
52021.8
61861.9
71892.3
-25734.4
-23733.3
-6856.11
-40452.9
-13663.4
-7715.95
50679.1
-31831.1
15361.2
26197.6
149653
-5994.85
174980
179698
493906
140932
250947
227366
314887
288824
44700.5
37745.4
32627.3
57779.8
-32478.8
-28148.5
-4487.3
-44587.3
-10333
-2829.13
62653.9
-25174.4
8594.18
19321
140107
-13787.2
150793
156326
452462
115123
254471
229330
308140
292092
43573.3
43001.3
14958.1
61994.9
-23890.3
-16803.7
8070.92
-33375.4
14491.4
24252.3
102483
2618.42
13876.3
28085.6
142148
-4277.29
155679
168115
460098
121429
270399
247386
323198
308780
70413.7
63498.9
39522.3
92256.2
-17899.7
-16341.2
25308.8
-35124.8
35495.3
42113.9
144366
19723.3
47861.2
57021.8
185546
33754.4
179409
182233
491760
144830
290669
266736
349937
333011
75876.1
63452.2
43108.1
99911.4
-22358
-17277.4
25095.9
-36496.6
41332.5
46671.9
158569
23470.3
56681
66222.7
214872
34788.2
184808
197441
515573
152608
287717
264959
350591
331672
73984.6
64608.3
43064.2
96768.3
-19809.6
-13092.8
33688
-33686.6
41937.8
49199.1
168791
22944.2
59744.9
68496
234628
33659
206465
219167
564526
173762
291505
269466
370045
330720
84620.9
68166.5
41926.5
109799
-13683.9
-9079.25
39924.7
-31384.2
45703.1
52522.5
180144
25307.4
58547.7
67718.2
243213
30298.1
214866
225010
589846
179809
306137
281016
397207
350509
69416
57378.9
15570.5
98371.3
-9474.52
-2671.45
52214.9
-22629.5
45131.8
53190
182757
27635.9
57204.9
68579.5
252630
27344.5
210661
219543
588273
172316
312070
286122
406356
353235
64319.8
53866.7
-6614.28
94502
-2907.62
4952.58
60143
-11921.1
56944.7
65443.4
198815
40922.4
59759
72256.4
266933
28608.1
223627
238168
620534
185449
324742
302497
435215
364508
79668.3
66091.9
-336.583
116845
2894.9
7254.21
64853
-10468.7
62347
69983.8
215866
44168.7
78464.1
90735.2
299882
49446.6
248868
256960
664313
209620
337657
313866
456738
378134
88834.5
73456.4
7934.45
120675
3474.72
5769.28
57510.4
-10346.4
68361
75386.1
218152
47969.4
83305
100152
328652
47092.6
268993
278998
704242
227500
346060
324013
470068
386693
99352
85827.2
39450.2
132225
5658.98
10002
61218.5
-5865.45
77566.1
83560.9
232130
62438.2
88106.9
104896
359147
48045.8
292464
300480
751852
252695
367638
343846
521017
408169
117112
99289.1
70857.8
149373
12604.9
12278.2
80252.4
-3569.48
87249.2
92447.8
250667
70430
84632.9
103783
385334
37819.6
297281
304327
782856
251355
399852
375074
588988
443332
117042
98319
73585.1
149091
15586
19353.5
85931.9
5451.79
92720.8
96253.5
254429
79285.8
89413.7
109288
413888
37106.8
302553
307053
790857
255684
423073
392707
625082
463181
111768
94224.8
61497.8
139171
20139.8
20710.5
80847.8
8516.39
101136
101977
255163
88369.3
91083.8
110010
436250
33054.4
309676
313257
806495
257999
443584
412665
661052
480064
116980
93918.6
63779.6
146896
13553.8
10641.2
64585
954.594
98901.6
98570.7
255252
85919.8
106758
126776
471626
49497.5
318350
318770
818212
269068
454452
423158
680004
494595
-9879.7
-9689.48
-3461.99
-15569.8
-804.688
-226.981
2538.51
-3367.95
-1818.68
229.103
4886.11
-2421.84
-3429.47
-818.83
8777.32
-12686.9
-20299.6
-17926.6
-27495.8
-25936.7
2422.55
2814.99
13340.3
-4055.96
-29195.7
-28321.7
-14189.5
-40659.3
-18088.5
-15028.8
-18379.8
-25895
-10080.5
-10882.4
10383.9
-15737.4
1480.68
8824.69
48855.4
-13246.9
-27534
-21084.5
-15270.7
-37657.7
-5672.41
-2262.74
29122.2
-17490.3
-34119.3
-33952.4
-16276.9
-48289
-10586.8
-4911.56
1657.46
-17973.9
-9265.93
-9258.15
13082.2
-15086.1
17020.1
23481.6
89847.8
2838.33
-29888.7
-23776.5
-8553.87
-41903.1
7240.07
7868.68
57494.9
-5782.01
-41210.9
-37064.4
-12350.3
-55720
2327.09
11614.2
40691.2
-1349.87
-8789.34
-5554.32
22415.3
-12867.2
23740.4
28065.8
108046
10474.4
-29752.2
-24549.3
-9062.99
-38474.4
5947.48
7882.83
66391
-7645.95
-42697.9
-37261
-7017.33
-58555.5
3658.57
14472.4
52265.1
-4343.76
840.043
5271.48
39175.1
342.947
30053.5
38153.4
124787
16387.2
-24375.4
-18123.1
-4491.54
-32480.9
56.5685
6590.94
66098.9
-11743.6
-30285.4
-23158.5
33593.2
-51876.9
18459.7
25484.8
93744
7150.97
24668.1
27663.4
86220.4
16301.6
56421.5
63523.6
183671
39349.8
-10987
-4552.35
29606.6
-21957.1
17372.2
24642
112441
446.184
-33791.2
-21084.5
44479.1
-54562.5
35235.8
42075
129835
28682.4
22037
28929.2
87320.6
15581.1
47463.1
53033.7
181165
31119.8
-25311.6
-18200.9
8308.5
-37790.6
26945.7
34980.6
134611
9632.21
-32467.5
-19216.3
55858.6
-57783.4
47870.4
54603.5
145559
43749.4
29430.5
36990.9
101514
23656.3
52025.4
63110
192472
34337.1
-17174.9
-6043.64
26332.7
-26217.4
50103.5
59968.3
185010
34569
-20012.5
-5496.34
73243.5
-38236.8
71825.1
74005.1
173280
74745.4
42256.7
45938.6
104802
44146.8
60798.5
66634.2
200064
52846.3
82.7315
5746.66
48764.2
-4405.98
79148.6
84212.2
228707
68554
-10333.7
1910.6
77761.2
-26570.2
88366.4
88887.6
186946
93415.9
52929.1
54086.6
93934.2
61000
53684.3
53382.3
154254
48788.2
-1600.89
984.293
33045.2
-8726.4
85049.4
88370
223723
76115.1
-4347.29
7385.73
70681
-16865.9
93128.8
94776.4
186034
101625
62612.9
64042.7
83237.8
79257.5
48814.4
51884
113554
49824.2
4690.95
10009.1
30657.3
4627.31
99218.4
104271
229846
99101.7
12537
18876.9
92645.8
-820.244
110167
107627
206551
118997
88138
81829.2
101893
106063
55267.5
53047.9
106055
60637.2
15634.1
16508.1
43260.8
16023
124135
123911
257932
124852
571.342
3317.04
76740.9
-19333
118878
115444
203060
124279
88005.8
77535
86730.2
100860
38216.3
36324.1
64972.5
42883.2
-8700.95
-11008.9
-8265.37
-13356.5
132722
126626
252597
130349
-16575.3
-10290.5
52946.7
-37567.2
125943
120557
196888
133630
81652.4
72943.7
80966.6
95783.3
41242
41589.2
58293.2
45296.6
-14849.2
-12423.9
-24266.5
-15026.7
142830
140941
269727
145818
-21974.1
-13754.6
47715.6
-42130.1
143883
141467
221987
158407
80299.8
70207.2
81860.3
88273.1
43288.4
43672.3
62471.5
53071.9
-15981.3
-14826.6
-30593.7
-13163.5
168670
165151
307765
178713
-27211.6
-19922.7
39295.3
-47354.9
172132
166369
257784
191064
75122.3
65995
83669.8
81975.6
43661
37705.1
41373.5
56981.5
-22218
-26107.1
-59250.6
-18978.7
182107
172453
311237
194010
-35614.1
-31303.6
20185.1
-61052.3
180995
170949
259959
201251
69770.2
60794.2
78207.4
77634.7
41894.7
33337.3
13655.6
53919.7
-25109.4
-32690.3
-86292.5
-20958.6
193790
182766
312333
210483
-48616.4
-42116.7
11108.6
-76150.5
181203
170271
258035
202530
65677.5
58712.5
76906.3
71575.5
31182
25814.3
-5765.75
48792.5
-44270.5
-48285.5
-116763
-39128.5
198076
184311
307106
214430
-49314.3
-39512.4
21333.4
-73011.6
210072
194711
280383
235428
59521.4
51045.3
68484
66718.4
29272.8
21163.7
-10965.1
44174.4
-64512.9
-67587.4
-156440
-57379.6
202977
186403
307077
219399
-61463.1
-51580.6
1581.8
-87878.5
218300
198848
268995
243327
44185
36150.8
52879.6
48059.2
37249
31214.5
8731.35
46522
-75700
-78773.8
-174589
-72663.7
193260
179155
296352
207746
-71228.3
-63532.1
-27543.2
-98174
239059
223171
293126
267806
28732.6
20965
29899.3
24548.6
41642.2
36588.5
31513.6
50645.8
-91610.6
-93239.8
-200547
-90127.1
200024
183132
304103
216515
-77110
-68268.3
-31078.1
-104628
273368
256659
367580
303171
12321.3
8029.9
24782
4458.31
33145.6
26331.9
29439
39926.1
-96888.5
-99858.3
-202808
-95973.5
178088
160221
275961
188635
-106650
-95760.6
-64253.4
-142744
271933
253529
381432
295083
-7099.35
-10086.2
9258.86
-19963
24617.2
17827.6
21641.7
22433.7
-111003
-114662
-216551
-118085
134547
121004
217235
138292
-103031
-87631.7
-46140.8
-137010
285320
268871
414777
313570
-13756.1
-11709.7
16745
-28605.3
27475.3
27391.2
50227.2
29117.2
-116906
-111352
-205302
-120879
121687
115243
218304
124514
-101737
-88727.1
-25504.6
-141003
309627
292874
462863
341195
-15721.1
-10498.4
22493.1
-27976.7
21621.2
19594.6
42277.9
22353.1
-118870
-113549
-220095
-119251
128481
124145
233922
129431
-124942
-107919
-48204.9
-168547
314102
296072
462393
342272
-22373.6
-19009.2
17085.1
-36705.2
23933.4
22760.4
42463.9
18724.9
-111248
-105075
-222628
-110892
133529
131682
254295
132558
-140371
-126702
-81077.6
-188413
328264
312348
486801
359105
-32517.7
-31597.8
-9246.84
-53662.3
11636.9
9816.06
29049.4
4491.54
-108836
-105056
-229412
-105030
140145
135210
263795
138312
-148064
-130401
-82691.2
-197183
353532
338342
538426
383222
-37381.9
-30695.5
-6816.51
-59022.2
-4566.5
-5444.02
2478.41
-11435.3
-99872.5
-99209.2
-230228
-94705.6
137261
133060
260348
134931
-179144
-158909
-106775
-237867
342064
326166
545959
363262
-47274.3
-39764.9
-6570.44
-70032.6
-22771.7
-23503.5
-24506.9
-37207.3
-98723.4
-99751.6
-231193
-95043.6
116120
116235
242540
110623
-171886
-148975
-84096.9
-227968
353285
338426
575005
381392
-36814.8
-28215
15381.7
-57666.7
-27565.9
-23014.9
-19531.7
-33134.3
-94074.9
-93521.2
-229901
-80622.9
128384
128227
264329
126171
-182125
-156685
-85692.9
-238703
368760
350994
593787
393576
-39074.7
-29051.5
21048.4
-59452.8
-33517.6
-29135.6
-23175.4
-38118
-104406
-106318
-261496
-90801.7
132343
128790
274196
127340
-195742
-168364
-94260.2
-257623
360426
341818
579854
380276
-42414.4
-33997
31659.3
-68385.7
-18790.7
-16476.3
-1409.26
-28817.4
-104742
-105676
-258719
-95897.1
126977
126598
284093
117101
-215207
-187921
-122624
-281074
357092
340883
582457
375386
-47814.6
-37265.2
30389.3
-78573.7
-19213.5
-15846.3
6950.15
-28217.8
-115169
-113897
-269308
-104965
125535
123802
290875
114061
-220637
-190725
-126018
-285486
370185
353932
620213
386754
-44449.4
-30284.7
54368
-76917.7
-23163.4
-19826.6
3539.78
-32208.7
-108384
-110928
-269946
-95333.6
114532
113635
281885
100343
-223193
-192397
-113361
-294249
357426
343801
632562
365874
-32095.6
-16822.8
90491.3
-64558.1
-17000.3
-14803.3
12313.6
-30370.9
-94220.6
-98476.6
-249638
-83044.7
96201.9
100920
270231
78346.7
-217493
-185897
-97609
-287401
355160
346414
649283
366070
-16235.2
-2576.7
127440
-51748.9
-7123.39
-1351.28
41204.5
-15139.2
-93786.4
-95689.9
-245227
-78730.7
100163
105181
288072
81403.5
3751.91
3360.88
-2571.75
8297.19
3062.48
3049.75
-4603.27
4302.74
8943.49
13316.2
9595.44
15553.5
-2923.18
50.9117
-14667.5
2653.77
6405.68
5948.18
-3440.07
9621.6
-523.259
-5895.15
-12213.9
-2530.74
-13780.8
-16374.5
-44170.1
-7673.52
-4698.72
-5056.52
-19941.1
-1248.75
7289.56
6936.72
-3395.53
14461.7
4853.58
2327.8
-18801.3
16692
5900.1
-1587.45
-33914.3
11838.4
-22297.9
-23951.1
-45619.7
-24633.5
-1466.54
-5159.76
-45747
6535.79
-8126.07
-16151
-42066.5
-11254.3
22523.5
17151.6
-1842.01
25581.7
6892.17
-1815.85
-56829.5
14598.2
2454.37
-8140.92
-54872.9
6634.08
-18132.3
-23587.7
-40163
-25363.2
6008.99
-4634.38
-63888.5
16216.1
-42910.8
-49386.5
-96042.1
-48253.7
22947.7
17654.3
2824.18
30581
-10554.3
-23987.2
-100402
-2320.02
5434.12
-6359.72
-59192.6
9178.25
-31799.3
-38501.3
-66215.6
-38461.7
-9002.88
-16685.6
-95663.8
8212.34
-76142.7
-75174.6
-146121
-77959.9
16255
13459.1
1129.96
23029.1
-26305.8
-31254.8
-128298
-6585.29
417.193
-7713.12
-74183.3
12829
-59221.6
-59170
-109475
-63268.4
-14728.3
-23039
-114152
2861.66
-86447.3
-82858.1
-166304
-85857.6
25957.2
27546.1
24532.4
39503.9
-16700.4
-24753.7
-134066
8722.16
8667.01
-1042.28
-80728.3
28149.9
-78343.9
-79598.3
-142474
-84169
-10861.2
-15980.6
-111268
11722.4
-80939.7
-78192.6
-166867
-78708.8
37285
33733.9
28235.5
48776.2
-19550.8
-27636.6
-153791
5407.95
13683.9
7940.1
-79736.9
39212.6
-84226.3
-83212.3
-159262
-87165.1
-21318.6
-30459.3
-129198
-3968.99
-81554.2
-81309.5
-168443
-81261.4
25705.5
18369.9
11384.4
32435
-22150.8
-34461.6
-159361
2246.48
6976.32
-6609.33
-102926
32333.2
-89041.7
-85931.2
-165283
-92459.2
-12479
-20345.6
-127149
8534.07
-92580.8
-95028.8
-188995
-94429.9
23160.6
17609.1
-562.15
26157.3
-34184.4
-45079.5
-192817
-9451.19
4036.87
-10002
-119316
30318.6
-83693.9
-82462.1
-159861
-87465.6
-8179.1
-19374
-134331
15361.9
-114000
-113397
-211118
-118769
14950.4
10019
-1172.38
18910.9
-47358.5
-59850.9
-220622
-22852.3
6288.3
-6516.7
-123875
36106.3
-84172.6
-84117.4
-164795
-85790.4
-19223.4
-31483.9
-153383
2160.21
-131880
-129156
-232978
-140414
4509.93
155.563
-3892.62
4449.12
-60577.8
-72665.1
-239757
-36920.2
482.247
-14439.8
-140295
32418.7
-91151.7
-88041.9
-177211
-92624.6
-37681.7
-44941.6
-178305
-14724.1
-143481
-135457
-246291
-149436
-4666.9
-7102.89
-14493.6
-2384.36
-70345.8
-78477.5
-255856
-43888
-6006.16
-17039.9
-165107
33138.6
-96824.8
-94673.8
-185915
-98529
-37367.8
-47121.6
-186065
-14271.5
-133732
-130127
-245759
-139442
-7686.25
-7598.57
-30124.2
-5023.29
-77783.2
-84964.5
-275899
-52625.7
5436.24
-7965.56
-165524
43101.7
-98358.6
-100711
-198860
-101568
-53738.7
-64909.6
-222096
-34453.8
-133839
-129752
-246944
-141378
-17016.5
-20320.8
-45657.2
-17406.1
-81493.3
-93672.6
-284084
-59982.5
10426.3
-13743.3
-178559
47285.6
-115184
-113571
-220168
-119709
-54789.5
-64184.1
-226109
-34788.2
-149731
-154436
-273952
-161379
-30243.7
-33774.2
-69722.8
-35771.8
-105084
-120245
-331751
-87096.5
-3556.04
-28133
-205561
31850.9
-122241
-122908
-229113
-130252
-50374.3
-60877.7
-227663
-26878.5
-188105
-183539
-322765
-198907
-45864.4
-44945.8
-80814.5
-50206
-144384
-153652
-389474
-126910
-10074.9
-30603.6
-209710
24641.3
-134677
-132607
-247640
-138242
-57458.1
-68582.3
-239419
-36930.1
-202554
-192592
-349687
-212142
-58487.6
-57530.2
-89371.2
-67325.1
-160543
-166519
-409648
-143224
-14014.9
-36046.9
-217486
22332.6
-148143
-142420
-268309
-152816
-63655.2
-71431.2
-237828
-42133.7
-199618
-188152
-352117
-203816
-66513.3
-62011.1
-92386.3
-73638.8
-166826
-170162
-423619
-146223
-19580.5
-36268.9
-228170
21333.4
-156787
-151639
-279130
-160703
-69642.2
-73697.5
-245223
-43822.9
-193999
-185001
-351484
-201910
-66678
-57370.4
-90583.2
-72698.4
-188855
-189434
-456734
-175051
-32193.9
-46038.3
-253932
6282.64
-164735
-161376
-303613
-172090
-73260.5
-76781.2
-248921
-45884.9
-191730
-176912
-334819
-189927
-56537.4
-47299.8
-66473.7
-59410.4
-191023
-188139
-452558
-169258
-46211.5
-62473.6
-285665
-7205.42
-168258
-161189
-301708
-169405
-54946.4
-62668
-250341
-22237.1
-185644
-180540
-339901
-190272
-39847.6
-35470.6
-57114.4
-43342.8
-204328
-208162
-495178
-187991
-54121.2
-73030.7
-309699
-16279.7
-163437
-161276
-311052
-166424
-44747.1
-58335.6
-259356
-9912.93
-196767
-192297
-346155
-206969
-27624.5
-24398
-32420.8
-32300.6
-224622
-228845
-523783
-213247
-57703.4
-76960.1
-321923
-20280.5
-168589
-169649
-325239
-173219
-40958.5
-50908.2
-254131
-240.416
-208003
-195562
-351815
-212312
-9355.02
-3119.05
8294.36
-8918.03
-235319
-232829
-527067
-220200
-65448.4
-81330.7
-330671
-25127.7
-180959
-176555
-343111
-179592
-35175
-45951.3
-256007
7452.2
-204829
-192989
-354677
-207945
13985.2
16801.6
38820.2
15407.9
-234352
-232155
-532401
-218640
-72701.2
-88368.5
-353309
-29748
-191137
-188961
-368138
-192359
-26069.6
-38876
-250589
17607.7
-196936
-186543
-347587
-205639
15470.8
19225.5
26885.6
17409.7
-247912
-247001
-548350
-240341
-81052.8
-97457
-372551
-40121.2
-206656
-202254
-391264
-213350
-19676.7
-36565.2
-248075
26920.3
-187921
-176013
-318605
-190874
21145.3
22677.6
28076.4
29361.2
-262626
-259125
-556438
-250435
-89009.9
-107254
-386424
-48623.5
-215172
-206191
-388547
-219237
-5791.2
-21832.6
-243058
41922.2
-184015
-178897
-333756
-191788
36310.6
31336.1
18464
43003.4
-281350
-280839
-604831
-278370
-102744
-120873
-406708
-66366.9
-218079
-210259
-396036
-226858
13875.6
-5627.16
-223212
65522.6
-188093
-180702
-332885
-194570
43267.9
38863.3
22759.6
59541.2
-305986
-303637
-634191
-305812
-109781
-124758
-408690
-75164
-225230
-217124
-401101
-233750
17698.9
-2991.06
-216765
71999.7
-181236
-170953
-316302
-181128
49631.8
46618.8
28000
70273
-321620
-314520
-633937
-318875
-115565
-127621
-404116
-79108.3
-235687
-225166
-408588
-244431
5844.24
-12374.4
-230926
57752.2
-171769
-162691
-306321
-171546
60872
53408.5
28483.7
85605.2
-333365
-325589
-647614
-334662
-127496
-140637
-429745
-90275.6
-257616
-246499
-432592
-272670
16221
-4785.7
-222905
72732.3
-160865
-156041
-311613
-163021
68094.4
58655.2
15942.4
93608.9
-351363
-339520
-675228
-355243
-128630
-137690
-436001
-88506.4
-263300
-253816
-448540
-279693
19480.1
-5495.63
-232090
77260.6
-151945
-152251
-307693
-147054
71103.8
55210.2
10640.5
99468
-353447
-346740
-685575
-355325
-120221
-137522
-441235
-79626.6
-265301
-256084
-452885
-280434
38925.5
17952
-208054
102198
-165498
-167490
-341248
-164898
68945.7
54690.5
-2780.34
94987.8
-369602
-360133
-715322
-376590
-120676
-135843
-439891
-81464.4
-270381
-259737
-455324
-288118
75002.8
48570.5
-166241
141952
-176492
-176229
-354373
-176698
74227.1
62489.9
14353.6
101714
-375226
-364463
-713685
-384326
-102215
-117562
-405299
-64133.2
-269391
-258317
-448415
-286316
90235.3
60260.3
-147391
159721
-184865
-184337
-373471
-178626
79620.2
65135.8
30119.9
108291
-376711
-365987
-702396
-385297
-92588.6
-108845
-384363
-52304.7
-273465
-261617
-453531
-289968
92271.1
63987.5
-142104
160640
-188440
-189027
-394020
-182773
83936.4
70599.7
33337.3
113537
-384082
-372767
-712288
-396621
-92918.1
-107035
-384361
-51138
-286677
-275893
-471563
-307505
-20393
-22234.3
-42261.7
-23611
-13773
-13251.9
-26531.4
-14188.1
-652.66
4072.94
3092.18
1415.63
5197.94
5242.49
11489.8
8053.95
-6587.41
-6339.92
-9205.82
-9879.7
-6262.84
-4324.67
-25947.3
-2509.52
-34030.9
-38762.9
-66241.1
-37591.9
-24693.6
-23067.2
-41172.7
-23797
-5331.59
-5198.65
-6508.21
-8237.79
12476.9
9331.69
26153.8
9251.08
-16800.9
-15950.2
-18059.5
-21136.8
-15453.8
-15622.8
-51740.4
-8308.5
-47462.4
-47096.1
-96500.3
-50237.1
-18711.5
-18239.8
-39706.2
-19576.3
-12708.8
-7556.85
10608
-23041.1
16526.5
16584.5
41403.9
15849.1
-25566.9
-25518.8
-25384.4
-35201.2
-2200.52
-3290.17
-44557.6
3724.33
-63301.6
-59694.7
-121438
-63597.9
-15891.5
-13688.2
-30106.5
-13664.1
-20173.8
-13096.3
10206.4
-28747.4
17747.7
18666.2
34704.1
18671.9
-34212.7
-30926.7
-27693.1
-44878.7
8068.09
8397.6
-14750.2
18176.9
-66362
-63905.5
-136970
-65807.6
-11586.7
-10415.7
-18812.6
-13109.8
-23627.3
-19270.8
11641.1
-36994.4
13908.8
10608
22541.1
12972.6
-47856.3
-44136.9
-44211.9
-58833.4
25077.5
23616
11134.8
34614.3
-79928.5
-77363.8
-168853
-79258.2
-17665.6
-15928.3
-25079.7
-21096.5
-18152.8
-10192.9
40385
-34226.8
15821.5
16882.9
27874.1
16554.8
-61582.6
-53057.8
-68326.3
-67233.1
33475.1
29188.7
12838.2
45177.1
-81956.5
-80174.6
-168081
-77125.6
-39093.1
-34237.4
-58519.5
-42162.7
-13162.8
-7739.28
53651
-28446.9
19487.2
22365.8
33374
25577.5
-56278.6
-52941.8
-72398.5
-69276
27449.9
21820.6
-12177.1
42899.5
-82616.9
-83966.8
-166085
-80719.1
-47821.6
-41430.8
-63462.1
-48946.6
-19560.7
-12003.1
37305.5
-31021.5
32147.9
31505.1
41768.1
41988
-55957.6
-50800
-67194.2
-64576.5
11450.9
6635.49
-46085.7
31276.7
-89926.3
-92121.2
-181550
-92355.9
-59608.4
-60059.5
-85221.9
-71328.7
-25646.1
-20781.2
24792.6
-41171.3
32169.8
29448.9
29939.6
40017.3
-58849
-56447.6
-80198.6
-70586.2
7043.49
-3964.75
-66470.9
18131.6
-97051.1
-97165
-195671
-96084.5
-76540.1
-69621.7
-107030
-81861.8
-27596.3
-21506.7
10828.6
-38197.2
36679
31604.1
13407.5
51926.4
-54318.5
-50090
-74292.2
-62393
462.448
-8625.29
-65770.1
13884.7
-95739.4
-95740.8
-201296
-94039.5
-78969
-73133.2
-117804
-91281.1
-26508.7
-19631.4
9009.95
-37897.4
39197.8
34016.8
-2694.08
59066
-46067.3
-43341.4
-70924.2
-51755.3
2045.66
-2266.28
-63951.4
15450.3
-90109.4
-92279.6
-199191
-86982.6
-85739.5
-76216.9
-125092
-93101.2
-18746.8
-15400.1
27543.2
-34778.3
42656.2
31403.3
-11434.6
61829.4
-36843.1
-33799
-64167.8
-36947.7
3136.73
-4693.77
-69108.4
17058.2
-105909
-101120
-216451
-97745.5
-92425.9
-86358.2
-144977
-98650.6
-10967.2
-5586.85
50850.9
-27939.9
49918.9
42978
-9362.09
75549.4
-24890.2
-24276.4
-45014.4
-22302.9
2206.88
-3592.81
-82196.9
24562.1
-104479
-103919
-230339
-97798.5
-99134.2
-95089.6
-174127
-102679
-15171
-11576
38739.6
-35996
69265.4
60575
5996.97
98240.5
-15919.8
-16700.4
-45679.1
-11344.8
-1930.4
-9439.88
-107032
18461.1
-115313
-108239
-249546
-103974
-119500
-112284
-209834
-123133
-37253.2
-28148.5
16691.3
-56262.4
63356.8
57690.7
-6047.88
98003.6
-16957.1
-16328.5
-57329.4
-7249.97
-8779.44
-16732.3
-124814
13279.5
-107975
-106408
-243557
-96573.8
-130320
-125292
-237760
-131269
-40983.9
-37034
-3143.8
-59612.6
71878.8
57752.9
-15100.3
103511
-1717.56
-5733.22
-42345.8
7385.02
-4236.28
-17829
-117354
16982.6
-108774
-104616
-247255
-95192.8
-137990
-130721
-258662
-138908
-57247.4
-47989.9
-30719.5
-73462
64242.1
52820.9
-29268.6
100397
951.766
-3113.39
-36544.7
13528.4
-9827.37
-18937.7
-129294
15190.1
-120282
-121168
-267443
-113630
-153075
-147739
-281706
-159306
-56968.1
-49443.7
-23426.4
-79085.7
52821.6
38954.5
-49493.2
83589.2
-3459.17
-10592.5
-47754.5
6033.74
-15556.3
-26124.8
-151097
10156.9
-121228
-124359
-280780
-111428
-160340
-157430
-305976
-161517
-53001.9
-46831
-21885.7
-75287.8
55705.2
38685.1
-46965.3
87356
79.196
-3628.87
-51255.3
12768.9
-13950.5
-27674
-165303
11693.4
-127934
-132274
-295611
-119663
-170638
-163251
-325485
-166977
-59773.2
-53119.3
-33906.5
-82548.4
55028.5
38655.4
-43129.3
80509.8
10036.7
7036.42
-39345.5
24245.3
-26619.7
-35165.1
-185515
1847.67
-118970
-119988
-276615
-111825
-158092
-155154
-313863
-157309
-60777.9
-49862.3
-21420.4
-83297.2
53926.8
38758.6
-30106.5
81221.8
23311.9
16757
-17376.4
36976.7
-4952.58
-15811.6
-150189
21260.6
-121934
-123599
-273310
-116291
-152582
-146959
-303935
-146890
-55928.6
-45932.9
-13973.1
-75755.2
51330.3
33465.2
-41845.2
75514.8
29543.6
22701
-897.319
41893.2
8050.41
-2367.39
-114273
36822.6
-118380
-118183
-265285
-110447
-142812
-139164
-290883
-138572
-53649.6
-43860.4
-7877.17
-74428.6
41813.3
24020.4
-53745.8
66012
29057.1
22363
5324.51
43245.9
18403.2
7851.71
-86977
44571.1
-107183
-110455
-253777
-100290
-137721
-135439
-290270
-130938
-46183.3
-35857.4
10876.7
-67827.1
38842.8
25173.7
-51807.6
64017.9
35299.5
30263.5
3498.76
58665.8
30329.9
17976.8
-71108.8
57703.4
-109493
-110790
-249230
-102472
-155065
-152699
-312024
-156609
-47671.7
-38607.3
11593.7
-70022
41438.6
28905.1
-49025.1
71077
45368.7
37087.8
9500.69
59051.9
5741.71
-3829.69
-102764
27370.7
-110695
-113346
-235822
-109443
-173895
-169893
-321555
-178955
-59443.6
-47842.8
956.008
-82505.2
45551.8
31223
-47893
73486.8
44133.4
34861.8
16497.5
56876.8
-24945.3
-31418.2
-136764
-7668.57
-105088
-104662
-224578
-103919
-191185
-187671
-339878
-207445
-64779.5
-53268.5
2052.73
-92313.5
40895.5
25822.8
-63760.5
69913.8
42437.7
32886.1
15098.9
51985.1
-32357.9
-40842.5
-135660
-24999.8
-92701.7
-91356.1
-200341
-88309.2
-198073
-185804
-331399
-206321
-62032.4
-46127.4
8927.93
-84617.3
41610.4
27407.5
-76373.9
75059.4
52199.3
47693.6
40670.7
64650.8
-37586.3
-40533.5
-115644
-28211.4
-74727
-76004.1
-177166
-69414.6
-192696
-183974
-324804
-208843
-48636.9
-36697.4
30957.1
-74503.6
41917.3
25091
-89910
76381
63215.3
53318.7
54208.9
74628.8
-42477.3
-45027.1
-113755
-41066.6
-56421.5
-59442.9
-151536
-50222.3
-194580
-181790
-313528
-210108
-37104.7
-25297.5
59599.2
-64184.1
40517.9
23936.3
-102165
76744.4
73549.7
66702.1
68116.3
91931
-51476
-50392
-110622
-51214.3
-78613.3
-80949.6
-169930
-79754.6
-209539
-200575
-339152
-227603
-26649.4
-12303
57851.9
-45855.9
42784.9
26036.4
-99902.2
81166.7
71542.2
61273.6
58266.3
91946.5
-67539.3
-69437.9
-160693
-63073.2
-102691
-102716
-187216
-110939
-230316
-212627
-363599
-244381
-16495.4
-2242.24
48559.9
-30698.3
49974.1
38425.6
-83169.9
89456.8
62332.2
58146.8
37410.2
84440.6
-90149.8
-87201.8
-216394
-79894.6
-105121
-103552
-172439
-120358
-219122
-208177
-346055
-239546
-2532.86
9036.12
63079.6
-12341.8
72877.3
54032.2
-47829.4
115020
72546.3
60132.4
52245.3
90359.1
-86213.3
-87375.1
-226058
-75297
-126096
-119454
-174028
-145369
-227034
-212100
-340328
-248938
15518.2
22326.2
72824.9
13082.9
66295.5
47381.1
-66799
105349
57901.4
47131.5
43966.5
70092
-85611.5
-90743.7
-226998
-74094.9
-136014
-128671
-177372
-160672
-224642
-211629
-323767
-254256
33627.2
36402.6
89214.2
29812.3
61748.1
40976.8
-70047.4
95730.9
40553.3
30711.8
30542.1
52099.6
-83195.4
-86023.8
-227863
-70038.2
-136576
-125287
-165177
-160286
-228903
-212140
-315822
-259114
45819.8
45872.8
99078.4
43941.7
66137.8
47695.8
-59286.7
102465
28763
20853.3
2354.67
45779.5
-91929.5
-98588.4
-253405
-80262.3
