14716.3
10210.6
8722.87
6348.4
509.824
-1801
-3362.29
-1218.34
-576.292
185.969
4703.67
902.268
21510.2
16318.6
16969.9
9276.53
11238.8
6851.16
10465.2
5372.6
33021.2
21547.7
31040.6
13092.8
33130.8
21960.6
30386.5
10116.6
22234.3
20639.7
15365.4
11419.1
-5511.9
-6013.94
-5177.44
-806.102
42382.6
31451.4
37440.6
16838.3
61198.7
41338.9
54242.2
23842.2
59241.4
33563.5
53616.4
20670.1
28367
19498.5
27094.9
8266.08
23602.5
14161.9
25559.1
6411.34
-8164.25
-8847.32
-8256.89
-6062.03
32806.9
21633.9
30899.9
9009.95
87034.9
54844.6
83799.9
31140.3
67645.4
35515.1
69565.2
21679.2
27687.5
18959.7
20156.1
9922.12
23405.2
15294.7
21848.9
9138.65
-42490
-29747.3
-36631.7
-19099.7
-21674.2
-11489.1
-21998.8
-8772.37
97031.3
63361
89215.7
34595.2
67672.2
34992.6
66858.4
21490.4
36177
27465.4
26704.6
11800.2
24997.6
10421.3
22287.3
7056.22
-69877
-45891.9
-67028.8
-25797.4
-53750
-32074.4
-51770.1
-18641.5
90677.3
56664.7
82783.8
30913.3
76897.2
37731.2
74365
22944.2
8167.79
5700.69
10028.9
-589.02
39914.8
20602.3
42195.9
14524.7
-78560.3
-51698
-79901.7
-29097.4
-67706.9
-40195.5
-62169.5
-22577.2
87331.2
54737.1
80609.5
30044.3
67770.5
32302.8
65724.9
20883
-27077.9
-13988
-24858.3
-7146.73
20478.5
5602.41
20556.3
3005.91
-115089
-71663.2
-99258.7
-40049.8
-72314.4
-39094.5
-64901.8
-22095
78642.3
43708.4
70881.8
23159.2
23319
-79.196
29472.9
640.639
-23963.1
-15543.6
-23474.5
-9363.51
14286.4
2526.49
16776.8
4870.55
-155366
-100095
-144937
-54280.3
-65478.8
-42533.9
-58376.6
-22733.5
99338.6
59984.6
84719.2
32193.9
-10523.9
-24125.1
-7997.38
-9903.03
-23375.5
-11479.9
-22119.7
-6957.22
14042.4
-3266.13
23885.4
3838.18
-172005
-105832
-160479
-59229.4
-57450.3
-37459
-48749.4
-18745.4
127052
80568.5
114507
44228.8
-19523.2
-25753.5
-8650.74
-7217.44
15572.6
16564.7
8759.64
7834.04
43458.8
12023.6
54131.9
14190.2
-165361
-97383.5
-150117
-56567.8
-48547.1
-32413.8
-37774.4
-16457.9
165761
110082
146623
56483
5751.61
-10180.2
17131.1
-710.642
39822.1
33834.4
29291.9
13942.7
57903.6
12926.6
68153.1
15315.2
-178940
-106680
-165648
-61671
-55210.2
-38042.3
-45079.5
-19222
163976
109854
142720
55004.4
-5084.8
-24506.9
8794.29
-8874.19
23142.2
21306.5
18635.1
6689.94
67153.2
12838.2
80959.5
18271.6
-200018
-123580
-191370
-72166.6
-73684.8
-55266.1
-61983.6
-28183.2
152297
103979
124350
49663.6
-42118.8
-52655.4
-26740
-22833.9
24264.4
23285
7916.77
12220.9
51647.8
4023.44
52180.9
7322.09
-236519
-137377
-213456
-77822.1
-68006
-47712
-61791.9
-23220
147939
109945
123353
53329.3
-68325.6
-62072
-53419.8
-30998.1
35849.6
33351.4
28828
13263.9
47470.9
15955.2
51056.6
13521.3
-262110
-156367
-235470
-86431.1
-56859.9
-40505.2
-45382.8
-20086.1
191199
139103
166693
69422.3
-91711
-73283.1
-68911.1
-35840.4
25173.7
26379.3
12795.8
10425.6
44271.2
8288
53395.8
11097.3
-266776
-162804
-246389
-87679.8
-54385
-45100
-44164.5
-20327.2
215192
150321
192037
79865.6
-95518.1
-79645
-73158.7
-33050.2
40047
38412.2
18881.2
17368
56297
14344.4
59171.4
14423.6
-256014
-158917
-233266
-87228.7
-55020.7
-47263
-48427.6
-23270.2
269380
182559
236767
95024.5
-88090.7
-79568.6
-71119.4
-36958.4
57581.8
57878.1
37444.1
24161.1
53069.1
12835.4
57427.7
13966.8
-260823
-157024
-235749
-84891
-53315.1
-39093.8
-44607.1
-17716.6
293619
200809
261014
103863
-105218
-84147.8
-80050.1
-38616.5
50557.4
53498.3
33145.6
22239.2
73878.5
28634.3
81738
24588.9
-244425
-143845
-221507
-75501.3
-33686.6
-23652.7
-29270
-8705.9
318813
220400
285205
115039
-112393
-85665.3
-84553.7
-36280.2
34827.8
41279.5
25321.5
18683.9
60626.6
13241.3
66303.3
14432.8
-243370
-154484
-212182
-79196.7
-9522.61
-9745.35
-1802.42
-731.856
327744
213217
290764
111589
-112783
-101554
-86416.2
-44140.4
25914
27168.5
21538.5
9167.64
75774.3
26186.3
80877.5
22853.7
-260993
-173315
-237666
-89778.5
17950.6
3428.76
20823.6
5801.1
353088
228524
313077
119425
-111528
-103310
-90518.9
-46591.3
-3537.66
7867.98
-9516.24
-1160.36
81571.1
25655.2
90999
21779.6
-275053
-174995
-253158
-94776.4
33978.6
13928.6
35777.5
8380.63
361431
235484
322238
122830
-124594
-109322
-99485.7
-48812.3
11197.7
19171.8
3571.6
7413.31
104500
37285.7
113674
30465.7
-274494
-171297
-245660
-92483.9
39400
21522.9
42172.6
13077.2
382837
252196
340558
130345
-100742
-92797.9
-72711.1
-39973.5
21240.1
27411
13886.2
9533.21
108490
32893.9
117479
28745.3
-278508
-177176
-253222
-96003.9
41111.2
22185.5
39785.4
13893.2
369509
243613
327109
124041
-92790.1
-91921.8
-65022
-39945.2
7261.99
15793.2
5975.05
1625.64
127785
40165.1
142576
34071.2
-282871
-181725
-264239
-100857
55642.2
29335
51124.5
15179.5
352061
232238
308322
115567
-87720.8
-88795.6
-67270.6
-40093.7
1528.76
9424.32
-10738.1
4410.93
123607
34911.3
130739
30482
-312777
-189842
-279306
-101666
45428.1
24546.5
39038.7
14573.5
323154
218246
285665
112253
-107525
-100790
-85040.9
-45513.6
13106.2
18363.6
2170.11
4420.12
120883
34815.1
132925
31588.6
-321880
-198548
-293286
-107209
36083
18315.5
35568.2
10088.3
332344
221845
292345
113034
-121972
-108339
-98618.8
-51481.6
5164.71
19673.8
-6251.53
4747.51
116545
30099.4
133089
29137
-328662
-201202
-300426
-111531
19625.7
8454.88
20105.2
4862.07
337094
228970
299398
117478
-136595
-112533
-107789
-51288.6
35528.6
48122.9
12030
21163.7
124141
32130.2
139656
34129.2
-312886
-183151
-285067
-99688.6
10481.4
7516.55
6496.9
4927.12
363084
249180
318745
128329
-113514
-93934.2
-90433.3
-39521.6
82127.6
81532.2
54385.7
34424.1
146764
41997.9
161249
39500.4
-281573
-164264
-260818
-90241.7
13871.3
12012.3
10681.6
7044.9
385336
263343
339626
134914
-76710.5
-72899.9
-55057.5
-30279
85016.9
84985.7
59498.8
33994.2
164873
48949.5
184436
43651.8
-260036
-151116
-238744
-84931.3
26244.3
20653.2
21926.7
10152.6
401869
275423
355557
138721
-69901
-67193.5
-47968.7
-29984.2
84326
81055.7
59571.6
36322.7
138758
26679.8
155929
30593
-246447
-147867
-213893
-77541.3
37133.7
25822.1
33420
15067
390463
256583
349883
133115
-107774
-101389
-72750
-46775.1
89632.1
84392.5
69509.3
34572.6
132931
29752.2
149238
33164
-224681
-139729
-201618
-72250
47133.6
31270.4
42433.5
16407.7
390870
255601
347067
130815
-144364
-122918
-114449
-58528.6
72035.1
72052.1
53660.2
30835.5
147967
39850.4
163808
39687.8
-195848
-124919
-180398
-64470.5
47654.8
29630.6
42978
16588.7
392193
258738
347315
136023
-155871
-128339
-125878
-56405.2
91341.2
84828.1
63811.4
38266.5
172245
47548.7
185191
42847.8
-148081
-97444.3
-131006
-52187.3
55454.1
34751.5
46640.8
18302.8
415172
271139
367044
139810
-135410
-119781
-103948
-55927.2
100367
93588.4
77410.5
40723
158757
39045
175177
39040.1
-124855
-81217.6
-109819
-43204.9
56772.2
38131.4
48705.5
20354.8
392069
257973
350917
131882
-165116
-139362
-123663
-65403.1
92900.4
87527.1
78444.3
38113.1
177494
51758.8
196760
48603.7
-102721
-65369.2
-91931.7
-30709.6
75191.6
53409.9
66911.4
28771.5
371678
246958
332076
127020
-176080
-143277
-134340
-64872.1
-2915.4
2807.21
-11692.7
-119.501
36223.7
29193.6
28251
16537.1
-12425.3
-11002.6
-10964.4
-5666.75
-2571.75
3435.83
-5772.11
1301.08
16793.1
10962.3
10989.1
7728.68
-9461.09
-6769.13
-9596.15
-2346.89
-23965.3
-3316.33
-38418.5
-8400.43
88187.5
62359
74104.8
30788.1
-31176.3
-22686.8
-29501.2
-14537.4
1974.95
8611.15
-5995.56
958.837
54715.9
38988.5
46421.6
18901.7
-1583.21
5189.46
-3539.78
2961.36
-29369.7
6547.1
-37628.7
-2529.32
92011.6
68168.6
81568.3
34071.2
-39904.2
-23584.8
-36102.8
-12965.5
-28427.1
-6912.68
-26534.2
-7239.36
38823.7
30493.3
33265.8
17104.2
383.252
5820.9
999.142
1622.81
-16701.2
6861.76
-23089.2
-1248.04
111928
78230.8
94947.5
39083.9
-45656.5
-30310.1
-41352.3
-17310.7
-60110.4
-32033.4
-60420.2
-21154.5
44832
34601.6
33323.8
15026
-8220.12
-3436.54
-9863.43
-1893.63
28902.3
44065.5
16486.9
18244.8
154108
107826
137638
55737
-42252.5
-32469.6
-32532.6
-16161.6
-79071.5
-39987.6
-74272.4
-24753.7
32316.2
28613.8
23987.9
12479.7
13278.8
10950.3
19611.6
7006.72
30166.6
40196.2
17616.9
15478.6
158164
110036
140844
56970.9
-60280.9
-49790.9
-46604
-23644.2
-103177
-54664.3
-95598
-31954.9
11665.8
20877.3
5980
8966.11
1435.43
-4111.83
10366.2
277.893
21785.3
35846.1
15176.6
14323.9
128834
86491.9
119648
46092.8
-88047.5
-64528.4
-71876.7
-30436
-94919.9
-47470.9
-89771.4
-26962.7
24419.9
24767.1
18301.3
12869.3
470.226
-8179.81
2997.43
-681.651
19753
30643.2
7851.71
9427.85
117676
72757
111439
41651.4
-109258
-80250.3
-92247
-38645.5
-66374
-32460.4
-66963.7
-20413.5
64416
46895.3
56688.8
22201
35110
17310.7
37563.6
15831.4
28818.8
36877.7
21039.3
15707
99713.4
56755.2
94096.8
32818.2
-99445.4
-72244.4
-83106.3
-34220.4
-53821.4
-21158
-50983.8
-14682.4
69842.4
50387.7
58156.7
25841.9
65685.3
29455.2
68022.3
17780.2
44215.4
40252.1
40423.2
20631.3
97855.8
56743.9
92235.7
33604.5
-77762.7
-55635.2
-64755.4
-24516.1
-21089.5
441.942
-25139.1
-1928.28
123833
90996.9
106268
46444.2
62928.3
24772.1
59236.5
15900
71197.9
54283.2
58262.8
26404.8
89382.5
48794.6
82411.2
29849.8
-61050.2
-44658
-54450.8
-20303.2
-6091.02
10099.6
-15472.2
-130.815
166025
116913
140576
58210.4
68686.2
31674.8
69174.1
18816.1
89910
67457.3
76038
33682.3
99632.8
56704.3
93496.5
33992
-41355.1
-33523.9
-32609.6
-13726.4
14637.8
30035.8
2334.87
9899.49
204533
146580
175519
73799.3
86931
45703.1
83575.1
25506
63640.3
53655.3
53292.5
24957.3
113810
69159.3
106680
36967.5
-41696
-36626
-33325.9
-17283.1
17778.8
31655
6153.24
11231
211893
156152
175198
78998.7
75255.3
40547.6
64580.1
23863.4
11542.8
18671.9
9.89949
4105.46
109269
63972.7
97612.6
34668.7
-62308.1
-52754.4
-54228.7
-25957.9
27648.6
33569.9
13850.1
13316.9
220730
161984
185882
80314.6
70737.5
42499.9
61693.7
25820.7
-12311.4
8832.47
-20707.6
-1137.03
106099
63188.5
93326.1
33832.2
-59792.2
-46519.1
-50414.6
-21330.6
28291.3
33337.3
20844.8
11442.4
204168
153559
171386
76829.3
97431.5
60099.1
85361.2
32275.2
-32139.4
-2677.11
-36965.4
-7860.2
105012
67729.5
95686.4
34193.6
-67356.2
-55213
-56247.5
-29402.2
1579.68
11501.8
-7739.99
-1120.76
204528
154172
171555
75190.9
104357
65290.7
90101.7
33916.4
-36253.4
-1292.59
-48320.8
-7598.57
107618
72263.5
86994.6
36435.1
-83674.1
-65587
-74015.7
-31593.5
-17776
1836.36
-23449.8
-3973.94
172191
136984
137400
65128.1
114454
76127.8
98325.3
38869
-62957.3
-18765.9
-73117
-17452.1
92673.4
67931
70256
32082.1
-92099.2
-71344.2
-81322.9
-34999
-28395.3
-6328.61
-32837.3
-8114.76
145322
123578
111270
56229.8
110200
72682.1
92803.5
36353.1
-72168.7
-15690
-84325.3
-16325.7
120947
97541.1
101219
48838.5
-106454
-75048.8
-94627.9
-37564.3
-33274.3
-2874.39
-40876.4
-6320.83
163562
137050
127093
64836.7
99044.4
69744.1
83792.9
34045.1
-92338.2
-23136.5
-102978
-23703.6
149198
115175
127392
53380.2
-123996
-81937.4
-111193
-44503.9
-23502.8
7032.18
-34169.5
-2865.9
179166
147256
143970
65720.6
82895.5
65181.1
70677.4
30764.8
-92074.5
-23341.6
-102185
-22688.9
154789
111921
130345
53940.9
-116505
-79468.9
-109020
-41906.7
-25022.4
1492.7
-32605.4
-5787.67
170667
140074
130866
66509.8
78789.4
53316.6
65457.6
23949.7
-99124.3
-28864.8
-104825
-22457
162415
123778
137728
63608.5
-114320
-68993.8
-105581
-34745.8
-42398.1
-7197.64
-49857.4
-8538.31
198072
164680
158926
78739.2
39674.3
30911.2
33611.6
16106.5
-75930.5
-16735.1
-86239.5
-19138.6
203474
141160
174158
68655.1
-91142.5
-62098.8
-86383.7
-34630.6
-48525.2
-15270.7
-56446.2
-16149.6
209802
164776
165114
76011.9
29315.2
14270.1
28852.1
5079.15
-108331
-38104.6
-117684
-31233.6
173723
125851
145069
60633
-121571
-81578.9
-113749
-44291
-81514.6
-31468.4
-88224.3
-24787.6
191093
160176
147242
73744.2
-30677.1
-26550.4
-27584.9
-16136.9
-100256
-21761.2
-116436
-21423.9
175329
135615
148148
69391.2
-135669
-82525
-131366
-45037
-82928.1
-28177.5
-89188.8
-19458.2
191478
160945
154407
74934.2
-53076.1
-34407.8
-50213.8
-18224.3
-82825.5
-6929.65
-104074
-15848.4
204072
149567
175411
75761.5
-140950
-80313.9
-140020
-45870
-53516
-8973.89
-65578.5
-10258
180868
149014
145901
66503.4
-53054.2
-33014.1
-48173.1
-17854.4
-40162.3
22989.5
-60529
-862.67
215246
149174
187933
74627.3
-120294
-63329.9
-122848
-39350.5
-32765.9
-298.399
-44020.2
-7246.43
141653
120374
108894
54199.7
-54337.6
-38203.6
-49819.9
-22476.8
-8810.55
37237
-30380.1
9091.98
219533
154602
189343
81623.5
-109045
-48706.9
-116022
-31845.3
-35747.1
-1212.69
-49853.1
-6931.06
129024
118318
98247.5
52772.1
-56169
-34535.8
-52761.5
-18004.4
25033
59254.8
-589.02
18895.3
215115
140274
191398
71082.6
-117771
-57480
-123234
-39946.6
-40251.3
-7059.75
-52069.2
-11682.1
89752.4
86047.1
62389.4
34314.5
-62007.6
-42495.7
-53754.3
-25238.1
33188.8
64392
3149.45
20086.1
175157
116135
150950
57715.5
-141578
-68683.4
-148580
-47156.2
-46452
-7258.45
-60320.5
-12122.6
35335.5
54380
12604.2
17629.6
-99128.6
-65665.5
-91609.2
-38584.7
-11721.7
35344.7
-37265.9
4599.02
164033
119375
138015
58076.1
-170300
-80412.2
-170403
-52392.4
-37412.3
7534.93
-48313.8
-5424.22
12578
45266.1
-12235.8
10048.7
-146088
-90378.9
-131186
-49720.9
-74348.7
-7650.19
-93736.9
-19055.1
159376
114527
132380
54957
-199363
-103998
-192375
-62582.5
-31793.6
4784.28
-37106.1
-3333.3
-7549.07
36151.5
-32775.8
3168.55
-168868
-106028
-152135
-57332.9
-114782
-30335.6
-134009
-29820.8
143580
106217
111202
49185.6
-217853
-118935
-212253
-71180.9
-33232.6
-1419.87
-40682
-7784.54
-20315.9
32137.3
-54217.4
2805.8
-198852
-131141
-180668
-73523.5
-140603
-44495.4
-152128
-37687.4
117737
98936.3
90762.8
43772
-250523
-136979
-239284
-80648.4
-47608.1
-11144.7
-51305.5
-12556.1
-24360.5
36538.3
-48023.9
2547.71
-254992
-161109
-232811
-88522
-142749
-40365.2
-162737
-35823.4
122512
107968
86847.6
48684.3
-270274
-149774
-259564
-86595.8
-47041
-7550.49
-55767.4
-9964.55
-19192.3
41276.7
-52502.7
5282.79
-271522
-167763
-247088
-92417.4
-143154
-43005.5
-158767
-36319.1
122235
109973
86488.4
48776.2
-289021
-164933
-274799
-94232.6
-31071.7
5017.63
-42579.1
-4046.77
-16696.9
47076.3
-51446.3
7766.86
-296870
-187278
-268902
-101913
11576.8
13163.5
10562.8
10463.1
-11092.4
-18018.5
-2001.82
-5011.27
1597.35
1982.73
2222.44
3711.6
17387.8
13686.1
16171.5
10780.5
14355
9300.58
19516.1
8942.07
32122.4
29276.3
23301.3
17377.9
13751.1
12989.6
6088.19
5503.41
-7824.14
-11728.8
-9033.29
-5352.09
7378.66
7258.45
2783.88
1927.57
31030
20802.4
27293.6
8664.18
17339.7
895.197
13275.9
-386.787
62143.4
50542.6
45038.5
24750.9
21344
22671.3
9428.56
8970.36
-36541.2
-36748.3
-30770.5
-19957.4
-747.412
7493.92
-13141.6
-328.098
-8762.47
-9277.95
-8974.6
-6191.43
-1013.28
-15598.1
2770.44
-4841.56
96592.2
80487.1
75811.7
39367.5
60179
57489.2
48119.3
27761
-66651.9
-51975.9
-54723
-25284
12611.2
21954.3
8021.42
9135.82
-29236
-19965.2
-24344.3
-9748.17
25631.2
14078.5
27791.4
10663.9
141586
107308
121033
54177.8
74447.7
65555.9
53702.6
30764.1
-100943
-72967.1
-91012.4
-36331.9
14878.2
26795.8
-48.7904
8601.25
-15705.5
-8858.63
-20308.8
-7723.02
14047.4
-7192.69
14567.8
-1870.3
144026
104839
115014
49422.5
95629.8
79799.8
80045.9
37457.6
-110111
-78591.4
-97332.5
-40445.8
7809.99
18997.8
-777.817
4511.34
-30378
-14378.3
-29315.2
-9341.59
11327.9
-3481.79
19981.4
1928.99
156375
122153
130015
60199.5
70987.9
57368.3
49660.8
26360.2
-119918
-86104.4
-105797
-42519.7
-25600.8
-4975.2
-35580.9
-6878.73
-30205.5
-9026.22
-31687.6
-3783.02
10929
742.462
12606.3
3967.58
172235
133147
131192
62595.9
4093.44
19683
-5238.95
2981.16
-136317
-86450.2
-119362
-44655.2
-57539.4
-17295.8
-64036.3
-15145.5
-35446.6
-8654.28
-35457.2
-6513.16
-14027.6
-18118.2
-8689.64
-7689.79
114358
106160
84960.3
45866.5
-42020.5
-12684.1
-49035
-16293.2
-123935
-85946
-105481
-46613.9
-80347.8
-29163.2
-87954.9
-25183.6
-45546.2
-19268
-41788.6
-13093.5
-18336.7
-24357
-10205.7
-9504.93
75890.9
83737.7
49744.3
30233.8
-59476.9
-17565.9
-58853.2
-13886.2
-113497
-77221.7
-92602.7
-37949.7
-78099.2
-29246.6
-75287.1
-18635.8
-13961.1
1594.53
-14709.9
2042.83
12599.2
4944.8
16875.8
7252.09
77444.5
90357.6
49857.4
37051
-58503.2
-25754.2
-58452.3
-18446.3
-106227
-79174.7
-87141.7
-38486.4
-73761.1
-30974.1
-77364.6
-22341.7
55978.1
44069
47047.3
22400.4
31580.8
5707.06
36260.4
6945.2
104360
99076.3
76625.6
41749.7
-97285.9
-53646.8
-87975.4
-31324.1
-114496
-84970.2
-91119.9
-40689
-105452
-58288.2
-98931.3
-34205.6
63669.3
51903.8
60613.9
28673.2
19917.1
-571.342
31829
5533.82
72813.6
78879.9
50294.4
32345.2
-120005
-68063.3
-120009
-39599.4
-125424
-104928
-102308
-51146.4
-118983
-62610.1
-118778
-40008.1
91590.8
62274.2
78264.7
31909.6
5460.28
-18288.6
13939.9
-3556.75
76585.3
82984.6
46114
29486.4
-211947
-118474
-204440
-70394.6
-167758
-121111
-152038
-60979.5
-161821
-76348.4
-162691
-48576.8
53791
45319.9
41517.8
19782.7
-61029
-60975.2
-47159.1
-28027.6
976.514
48707.6
-28864.8
11684.9
-278444
-155755
-266748
-92348.1
-169733
-117612
-150850
-59187
-171874
-71283.4
-174781
-49651.6
27331.1
30634.7
20312.3
12246.4
-91841.2
-82602.8
-70706.4
-37561.5
-20788.9
47726.9
-44503.9
9377.65
-265197
-137056
-254143
-80902.9
-136028
-98911.5
-116598
-48653.9
-124428
-42034.7
-127280
-30482.7
75758
61685.9
60137.3
31064.6
-54945
-50334
-39012.5
-19962.3
42181.7
82756.9
11050.7
29465.8
-270250
-148234
-254404
-85178.1
-152496
-113639
-132515
-55643.6
-109819
-34586.7
-115666
-28222.8
124388
89862
107377
42951.8
-61344.3
-73030
-35060.5
-29026.7
60569.4
84784.9
33330.9
31348.2
-306443
-178672
-287268
-101125
-180301
-136852
-154187
-67646.8
-124700
-53560.5
-127732
-37673.2
109635
81905.6
94339.4
42612.4
-87158
-92529.9
-53518.8
-36095
42787
68866.5
14325.3
23063.7
-315184
-176642
-304996
-102233
-185049
-136723
-153279
-63522.9
-123104
-45008.1
-135006
-35819.2
154863
116658
130519
57810.2
-74916.5
-78701
-53136.2
-33751.6
65384.7
96036.4
24655.4
32397.5
-322246
-171538
-305853
-101290
-171719
-128360
-138121
-58653.8
-128512
-45203.2
-138533
-38745.9
179788
135407
154569
64892.6
-96294.5
-96242.2
-66981.4
-42338.7
53612.8
92829.7
15619.3
29030.3
-345861
-187722
-331101
-114208
-172745
-142472
-131259
-64739.2
-145100
-48897.8
-162885
-42826.6
179931
136341
153219
65448.4
-117006
-113153
-83925.1
-49714.6
29295.4
88085.7
-12541.2
23180.4
-360832
-192969
-343141
-112703
-196005
-162032
-154914
-72468.5
-137310
-40575.2
-151561
-36949.2
200747
144091
169352
71605.2
-129877
-115765
-100334
-51266.7
20141.9
81096
-20629.8
21048.4
-368394
-203464
-349430
-120596
-200625
-169404
-154084
-74877
-149343
-45247.1
-167835
-45106.3
242434
174499
206333
82996
-151368
-141438
-112630
-65500
831.558
63501.7
-33200.1
10660.3
-393843
-214275
-370672
-123657
-205026
-171135
-156794
-74452.7
-180518
-63851.7
-193522
-51021.3
233277
177364
198365
87996.6
-192429
-158575
-149452
-72643.2
-40988.9
43479.3
-77269.1
-31.8198
-389889
-212291
-371428
-121421
-193013
-173348
-144120
-75155.6
-194227
-69878.4
-213341
-54579.5
265597
193268
224318
97611.1
-203495
-171913
-164095
-79170.5
-62378.1
30937.3
-101206
-7002.48
-387399
-206456
-368602
-119961
-160232
-145376
-120921
-62326.5
-182955
-51235.5
-204051
-46072.2
290193
209852
250290
105560
-204890
-171434
-167391
-78889.1
-90786.9
17259.1
-124353
-12851
-375144
-193638
-365659
-117117
-154918
-144134
-118798
-64910.3
-165636
-28635.7
-195643
-38362
275399
196216
237333
97321.2
-203657
-172894
-165609
-79649.2
-110480
9178.25
-142201
-20634.8
-365518
-183257
-349973
-110620
-171150
-153738
-128458
-67744.4
-142801
-13303.5
-171483
-28560.7
276771
194691
236951
99489.2
-197964
-160047
-162376
-76027.4
-135477
-10893
-162333
-28384.7
-362602
-181460
-353802
-109785
-170548
-149012
-136755
-66500.6
-124633
3751.2
-163028
-25181.5
310118
216141
263985
106581
-215973
-176084
-180671
-84140.1
-172439
-39380.2
-199227
-46111.1
-360402
-179959
-347820
-110714
-178830
-151090
-137795
-69408.2
-129010
3168.55
-165010
-22650.8
292505
212569
254628
108667
-224021
-175284
-184336
-82893.4
-217318
-61801.8
-236092
-56416.5
-377552
-192136
-368936
-114305
-202462
-177226
-158124
-78719.4
-130922
2578.11
-170927
-25303.8
316347
223019
276590
115582
-236616
-184729
-193999
-88457.6
-211810
-58067.6
-241039
-53293.9
-376338
-191102
-363775
-115231
-204159
-175037
-155869
-77139
-124532
13046.8
-162959
-20247.3
324932
226322
289847
116096
-223118
-182543
-177482
-83676.9
-206812
-51082.8
-228454
-49629.7
-388472
-202918
-384700
-126150
-224610
-200927
-176895
-95206.3
-125257
15896.5
-172248
-23759.5
273911
182206
245449
91502.4
-225821
-194379
-180594
-89900.8
-230612
-69622.4
-253315
-64363
-409270
-204500
-394585
-125855
-267141
-218706
-210451
-102493
-121465
25828.5
-164822
-17086.5
246469
169114
219834
88652.1
-251787
-199079
-205465
-94734.6
-258650
-80132.2
-276543
-67834.9
-428503
-218430
-419640
-132955
-281141
-228333
-227426
-105794
-118274
33927.7
-170526
-17368
272393
183186
239032
93135.2
-273053
-217672
-224019
-103431
-274458
-96027.2
-292927
-76510.4
-438326
-220858
-423308
-135291
-290006
-234851
-232112
-110469
-115558
36781.6
-164327
-13219.4
261835
180536
239996
94365.5
-266678
-207820
-215178
-98051.7
-279047
-94029.6
-296011
-74015
23995.7
17135.3
19720.5
8143.75
47345
30612.8
40742.1
14861.3
8254.76
584.07
8181.23
89.0955
37722
29178.8
30066.2
14359.9
-1042.98
-9859.9
3838.88
-5546.55
35770.4
30305.9
25812.9
13551.7
63656.6
42898
54391.4
22145.2
65395.4
45428.1
59295.9
25484.8
16208.3
8987.33
9836.56
4186.78
52940.4
38476.5
44595.1
19842.1
-16535
-15679.4
-9815.35
-8164.96
70523.3
58136.2
58018.8
30007.5
54175.7
33832.2
46019.2
14832.3
58975.5
28728.3
51192.4
15888.7
20820.1
15566.2
15423.4
6198.5
36559.5
23871.9
30853.2
10381.7
-65343.7
-51525.5
-60379.8
-27021.4
71494.9
48714
60149.3
22956.2
63005.3
51400.3
47595.4
25421.2
74370.7
49379.4
68393.5
29116.5
28401.7
19190.2
23405.9
11402.1
49090.9
39123.5
37220
19975.1
-110138
-74817.6
-95149
-39779
66506.9
53814.4
53780.4
28770.1
113444
74968.9
104621
39245.1
118003
69367.2
112476
38547.2
45798.6
28027.6
36050.4
11788.9
81421.2
56378.3
75595.4
30091.6
-128664
-93215.8
-112284
-49894.9
138071
100317
123556
51591.9
128573
86524.4
110432
42537.4
122511
72672.2
111939
37700.8
42978
33738.2
35160.2
13378.5
81501.1
57767.8
71009.1
28352.9
-168374
-114300
-152115
-61931.2
129688
92025
111106
44252.9
107506
70253.9
89840
32584.2
144313
93608.2
126443
49507.4
78044.8
60090.6
60916.5
30333.5
75656.9
54231.6
61910
23972.3
-172845
-113719
-160378
-59341.8
137100
104913
104095
46898.9
74654.9
48635.5
65186.8
22290.1
161022
103418
149268
53348.4
114363
85156.9
94585.4
39419.8
23857.1
19463.8
22290.8
5664.63
-162412
-106050
-146445
-59163.6
140436
111092
118866
51060.2
48236.7
36544.7
37582.7
15923.3
155445
100714
141351
56541.7
130496
103700
112081
53204.8
-16014.6
-5819.49
-16460
-4095.56
-191026
-126131
-171092
-64169.2
136813
107310
111645
53390.1
57190.8
41010.1
46215.1
16740.8
201890
128478
186392
69198.9
194343
138324
170450
71246.7
-4850.75
-1534.42
-2237.29
-4023.44
-185325
-125445
-164346
-66559.3
175332
131474
151239
64656.4
10562.8
12462
3341.79
4221.43
210557
136072
195224
73049.1
202120
147168
169255
71989.8
-62147.6
-39735.9
-56155.6
-22186.2
-190606
-122987
-177359
-65482.3
179723
130579
153286
63515.2
16187.8
23946.2
6899.24
10064.3
234124
157121
209772
84680.3
243455
184558
206022
91764.8
-89702.9
-48871.7
-84678.2
-25810.8
-169570
-98468.9
-163355
-54650.2
149825
115294
119556
54689.8
-7306.53
3827.57
-12916.7
-551.543
272257
174235
234917
86988.3
267216
192144
225750
95761.4
-93180.4
-53091.7
-95986.9
-32765.9
-140659
-85283.4
-134746
-45616.2
150841
121951
114817
52907.1
-11569.7
-1448.86
-15948.1
-2860.95
262320
174385
231356
89965.9
275942
199372
229840
96282.5
-130466
-74441.4
-126541
-44148.9
-120726
-70482.3
-114913
-40145.3
148318
125709
117684
56727.6
-33900.1
-15296.8
-36309.2
-10771.4
258923
168982
223602
87838.9
287392
218391
242198
109051
-163797
-92809.9
-159286
-52789.8
-125272
-76384.5
-116697
-37580.6
142951
118684
110652
54481.2
-39238.8
-18289.3
-42185.3
-11594.4
280051
186308
243996
95509.6
321548
231109
272854
115620
-160332
-90312.4
-159615
-53540
-108189
-70286.4
-98471
-35740
152970
123915
120754
56932.7
-43822.2
-18933.5
-41254.7
-11666.6
301843
208352
264091
105395
323716
240034
269913
115617
-179411
-92382.8
-172878
-54773.9
-90599.5
-56302.7
-87336.2
-30902
181550
150810
149675
70268.7
-53324.3
-26902.6
-52337.2
-16991.8
295991
205946
256877
100570
334022
253057
284280
122402
-223674
-120219
-211945
-71757.2
-87656.5
-53721.7
-83412.4
-31602
146880
122197
121464
54896.9
-69364.3
-36449.9
-66806.7
-20460.1
290673
199804
257872
102250
354671
266803
297351
132789
-234339
-128251
-227242
-74082.9
-99255.2
-57071.3
-97850.9
-32333.9
155946
131603
126040
62129.2
-68263.4
-40374.4
-69703.8
-22319.8
299653
200494
270043
104854
382003
282241
319025
137856
-240899
-134999
-231191
-78768.9
-98795.5
-57354.8
-93649.2
-34064.9
177152
139712
147240
67035.8
-61283.5
-22133.9
-61968
-15518.9
317514
210808
281998
110038
422289
324755
355704
160020
-234093
-113837
-230702
-68013.1
-93303.4
-47525.4
-90424.1
-27117.5
207225
162687
171898
79235.6
-32705.1
-3575.13
-40404.1
-3715.14
348020
225917
318884
120602
481923
357366
408059
177658
-197986
-94521.8
-199876
-59803.6
-67706.9
-35435.2
-65122.4
-22099.2
240399
178665
207478
89692.3
-61210
-30469.2
-62947.4
-20871.7
330278
205856
302323
109281
477143
354490
398984
172378
-235790
-119577
-232559
-73621.8
-83210.2
-45302.9
-86014.6
-27700.9
249276
177231
216307
86936.7
-62209.8
-23815.4
-63556.9
-18172.6
353782
220486
326112
119495
535936
402570
454945
198377
-228442
-107435
-226226
-67792.4
-48317.3
-13705.9
-57465.9
-11326.4
264057
188061
231878
94488.6
-60575.7
-28997
-54350.3
-16638.9
382095
235073
343211
126434
567603
412921
482619
205331
-199146
-90253.7
-199637
-58045
-10349.2
5448.26
-16455.8
-760.847
282196
197945
244182
98939.8
-61904.4
-36481.1
-57041.6
-20547.8
384298
244648
352044
131520
566462
414557
478848
202267
-194896
-91004.6
-189570
-57820.1
-10096.1
8820.45
-12356.7
-2256.38
280561
199726
245416
100515
-67127.8
-39966.4
-58991.8
-22658.5
397176
244460
354508
131705
573099
425447
483438
209226
-195412
-92931.5
-192906
-57742.3
-15146.2
1406.44
-19997.7
-1574.73
279034
188422
245778
96695.4
-63139
-33246.7
-58167.3
-20251.5
425054
273022
386665
144852
610012
452889
517008
222471
-167403
-71749.4
-167052
-48556.3
7386.44
19971.5
6772.67
4206.58
278882
193807
247573
98816.8
-87077.4
-57132.1
-78761.8
-31377.2
429703
279225
380959
148487
589957
437486
490318
212213
-172924
-82288.1
-168314
-50242.1
-10680.1
6158.19
-24169.6
-2490.43
286614
195215
250977
98736.9
-83143.7
-49392.8
-81960
-29308.9
476577
312723
413235
163764
621802
471113
514023
228089
-152336
-68125.5
-158072
-43465.9
18619.5
37241.9
-7766.86
12958.4
260266
175739
221588
86569.7
-99685.8
-58426.1
-92132.5
-31524.2
503775
333016
441660
171657
647234
482187
545058
237263
-136501
-54810
-141783
-38972.9
38349.2
49507.4
17227.9
18019.9
266113
192305
225255
95113.6
-100775
-61915
-91885
-34659.5
514262
342914
458642
176332
672348
498809
567726
241674
-147407
-61721.9
-148507
-44165.2
34006.9
49234.4
16956.4
14939
279227
203375
242018
100840
-109508
-67598.7
-100483
-36215.9
510687
333619
450786
174175
693677
517130
587055
255169
-166430
-75060.8
-169137
-49827.7
15933.2
35004.6
-384.666
12582.3
277088
195589
237463
98138.6
-95363.2
-56992.1
-84891
-30898.4
522155
344713
466026
178173
738734
539252
633118
266324
-149057
-59279.6
-151515
-42949.7
11149.7
30268.4
797.616
6844.79
287577
206917
250794
103784
-119326
-78831.1
-109916
-42992.1
529163
349217
467365
181443
737414
537985
620654
263989
-162065
-72026.6
-164648
-48448.1
-11931
15110.2
-32546
-1377.44
303721
213229
262672
107409
-126144
-76948.8
-119930
-42792
550509
365247
479403
188194
786176
577002
665480
285210
-167915
-68527.1
-176384
-47340.8
-16366
21708.9
-40808.5
662.559
294614
209903
248502
104288
-212.839
1223.29
-1982.02
5492.1
31469.8
18420.8
23691.6
10499.1
23034
15267.1
20304.6
12619
27921.5
16760.6
29696.4
12191.2
27326.1
22041.2
20192.8
15143.4
14660.4
16452.3
10555
11528.7
32483.8
26901.2
34984.1
15492
40798.6
24306.1
35391.4
12536.3
53383
34505.4
59920.2
21377.3
29168.2
14266.6
30961.4
7237.95
60521.3
45027.9
57262.9
22131
48225.4
37479.5
47917.1
19648.4
21439.5
17702.4
23172.6
10468.7
13288
8166.38
9161.98
4685.29
29702
7344.72
40980.4
7772.52
38403
16566.8
45741.3
10118
76888.7
57789.7
69453.4
28958.9
23857.1
20669.4
29195.7
13126.7
15319.5
57.9828
16195.6
1985.56
21062.6
16945.8
13116.1
7476.95
27144.4
-5853.43
36602.7
2113.54
28063.7
1234.61
33094.7
1670.19
104804
70249.6
95245.9
36162.1
50741.3
26991
49047.8
15279.9
3727.16
-6533.67
16140.4
-887.419
38042.3
31055.4
27935.7
13732
8125.36
-16233.8
23552.3
-3702.41
22591.4
-422.85
34184.4
3227.24
137285
86716.7
127493
47238.3
66545.1
39636.9
67885.1
23718.5
-4060.91
-12771.1
5475.13
-261.63
49774
41229.3
35766.9
18257.5
-10136.4
-33772.8
8325.48
-6920.45
28534.6
2936.61
33052.3
6629.13
173758
113751
157520
62021
73065.3
40776.7
67518.8
26078.8
864.084
-15840.6
7803.63
-525.38
41589.9
36437.9
30473.5
12737.8
13266.7
-25915.5
24346.4
-3240.67
47543
17300.1
50931.5
15934.7
188826
116499
172771
62848.4
89323.8
47539.5
78457.7
27770.9
36746.2
14934.8
42227.7
16505.3
32805.5
31992.3
24632.8
15888
13713.6
-24056.5
34028.8
1434.01
62107.3
29367.6
59814.2
21991
189512
118938
176896
66016.9
112708
73290.2
102989
44537.1
69696
32887.5
66980.7
24847.7
17911.7
25448.1
1624.22
8948.44
18362.1
-28251
33999.8
-3643.72
120757
67431.8
109133
42360.6
243162
156289
216162
81093.1
150568
101752
127783
56468.8
72478.4
25516.7
75559.3
22632.4
5044.5
21217.4
-7197.64
6424.77
-2812.16
-46003.7
16676.4
-13333.2
159810
92747.7
145771
54636.7
250119
155112
231551
82950.7
197908
125714
176920
67942.4
69286.6
21353.9
83515.7
21588
-10982.8
14733.3
-21797.3
1637.66
-43782.6
-62896.4
-17787.3
-24203.6
187121
109795
175418
63740.7
259585
157925
243607
87667.1
219890
141375
205858
77517.3
101696
41271.7
110415
34472.9
-5176.02
18593.4
-15173.1
3917.37
-74855
-90385.2
-45287.4
-34356.2
218741
133275
202680
77196.3
292053
179819
271577
99780.5
233293
145963
213663
81314.5
126898
45409.7
131709
33811.7
-18050.3
4481.64
-16523
-4388.3
-78790.8
-90757.9
-51486.6
-36041.2
240937
138585
231402
78539.8
273927
159439
249319
87216
237484
145248
210236
77532.1
148283
71905
139867
45570.2
-40609.8
-12146.7
-41986.6
-12627.5
-63353.9
-69437.2
-39895.7
-24688.6
228934
130609
205394
70715.6
259145
165645
232463
88486.6
250621
168560
213449
86952.9
164979
79646.4
159824
50031.3
-75546.6
-42895.2
-64550.4
-26018
-34607.2
-58689.2
-9876.87
-19405.8
242968
140742
228743
79506.4
277572
176493
251369
94173.2
265066
177941
233748
93893.2
153325
75000
148398
46682.5
-108244
-60034.1
-96230.9
-31891.2
-41081.5
-62291.9
-17346
-22104.9
252045
150341
236857
84277.9
274720
174505
250082
92303.6
278899
189319
244172
96577.4
156544
76424.1
157625
49225.9
-112219
-70257.4
-99807.4
-36712.3
-75130.8
-84866.2
-45698.9
-34625.6
279197
159535
261838
92034.9
255294
155029
240807
84092.7
284649
192673
251006
99387.4
211320
113124
204910
68074.6
-78801.4
-42828.8
-69774.5
-24231.1
-71774.2
-83804.9
-41473.2
-31943.5
312269
185232
290583
102742
265441
164286
246753
88724.2
312859
212826
270790
107462
233455
126893
221599
74627.3
-61820.2
-38653.3
-49088.8
-22679.7
-18570.7
-46502.9
-137.886
-13992.2
320150
185542
301763
103173
251631
152359
224682
82278.2
311790
212492
268091
107229
261296
149451
238717
84250.4
-66445.4
-51787.8
-56957.5
-27820.4
19373.3
-25815.8
38534.5
-1310.98
290834
161360
262639
87323.4
255089
160394
227188
85769.9
314743
217836
267444
111319
282213
167310
256558
92546.8
-108279
-83017.2
-89461
-43181.6
58964.9
-2827.72
74115.4
10277.8
281470
158448
258933
86199.9
294670
191142
258474
100539
309854
214878
264280
109636
271063
164970
242784
88560.9
-155168
-107101
-134451
-54891.3
52372.6
-5857.67
64423.1
5925.55
247415
143966
225637
76509
309404
202661
274577
104955
314646
219798
269011
108979
264589
170173
239020
92336.8
-181830
-122862
-161278
-62610.8
29112.3
-8387.7
41314.8
4406.69
222478
130953
200851
71603.8
308189
201448
277686
106842
314575
226205
269792
113670
315322
205079
279582
110232
-155951
-105986
-137803
-53905.6
64478.2
8251.94
72674.3
15627.1
225554
137476
200620
73978.2
331342
215779
296913
114554
330758
234231
277343
116769
345083
223404
305133
120722
-139644
-89919.9
-122257
-47272.9
110731
39069.8
116231
35672.1
245495
164643
222582
87531.3
291414
182711
261588
98232.7
316180
224102
267768
110278
372706
246756
337790
133559
-163552
-116296
-134046
-56989.3
132637
45944.3
149073
41124.6
266979
171000
242704
90871
250013
157100
232549
87331.2
264881
188052
233432
93444.9
410251
264450
366548
140166
-182792
-130076
-160085
-65896.7
169397
59843.9
179391
47883.1
298617
189691
270579
100920
240776
146649
217889
78833.2
223017
156582
194523
77164.4
437663
279736
392830
151073
-169681
-114913
-151164
-55606.9
206942
80550.1
210932
60292.2
330307
214265
298328
115987
240483
142499
222920
79469.6
234758
158293
207713
80290.6
457286
291084
410800
153311
-129205
-79845.1
-125788
-42576.3
229404
100233
231249
66714.1
360699
232147
316413
121726
229464
130931
214586
73308.6
253434
172368
222945
85932.6
432619
276321
390848
147522
-139850
-83430.8
-131182
-45256.2
191522
69149.4
200844
55166.3
346540
223555
311390
117853
172738
92123.3
168439
55633.7
190232
128033
166359
63372.3
455362
293944
402572
157285
-113537
-66411.5
-107328
-40595
243325
105888
238353
73169.3
356427
231355
323294
122793
186339
104575
174938
62390.2
184938
132662
147810
64106.3
506044
337385
454047
180796
-131335
-77353.2
-122861
-42920.7
272783
130773
275632
88054.6
359148
233995
321089
124172
211537
125549
203258
73206.1
200044
155305
165375
77763.4
519145
336188
463121
179119
-175765
-108209
-167571
-61466
292585
131545
290568
86719.6
369172
231934
334246
124278
229709
128657
218115
72485.5
192996
147359
153429
70776.4
539339
346406
487467
187544
-196955
-111317
-181269
-60659.9
294575
129585
294596
86684.2
381756
240861
349285
131360
232912
128938
228278
77110.7
207508
158171
171096
76521.7
563071
358041
515436
191453
-191463
-107008
-181072
-60000.8
277681
124340
278662
78623.9
405752
250712
371906
137090
242118
127400
237176
76052.9
214387
167056
181023
79775.1
591107
376429
537167
201897
-168094
-88651.4
-158990
-52787.6
254410
107380
257066
72982.6
432718
270813
394967
147137
263262
144019
253069
84385.4
220247
170687
179424
81030.2
-13906
-14083.4
-11479.9
-6293.25
15656.1
10262.2
18623.1
7485.43
5502.7
-3321.99
6929.65
-2988.23
13733.4
-1295.42
13291.5
1878.78
19018.3
13043.3
26148.1
9695.85
-32716.4
-26187.7
-26209.6
-16170.8
-30419
-20885.1
-23335.2
-8183.35
29590.3
14777.8
31344.6
9013.49
-18316.9
-11470
-16241.5
-2855.3
952.473
-6113.65
4113.24
-1021.06
44286.1
20366.1
41164.9
14121.6
-59632.4
-36027.1
-54860.9
-19637.8
-28098.3
-23862.7
-27133.1
-13015.7
27696.7
15862.5
26474.1
8833.18
-6467.2
-3643.01
-13452.7
-7811.41
32710.1
15844.8
28011.3
10050.8
72455.1
40722.3
69696
23811.1
-52139.9
-30223.9
-52092.6
-17828.3
-33521.1
-28862
-25733.7
-13839.5
36474
21474.1
31508
11159.6
-17146.6
-1535.13
-19232.6
-2870.85
71150.5
41187.6
60050.3
21740.7
109908
65466.1
105667
38638.4
-52194.4
-29032.4
-48234.6
-19057.2
-29976.4
-23764.4
-22194
-12342.5
42497.8
26670.7
35661.5
14562.9
-19647.7
2998.84
-21889.2
-3609.07
92174.2
60258.9
83709.4
31927.3
146179
85835.7
135984
51251.8
-55506.5
-27843.7
-50916.6
-16581.7
-53126.3
-39402.1
-44714.6
-19506.2
55908.8
39272
44575.3
19692.2
-27234.2
1419.16
-34429
-5273.6
105947
68332.7
95112.2
35802.2
185313
107370
165143
60767.3
-59386.4
-27541.8
-57897.9
-13850.1
-50544.7
-34207.7
-50485.3
-16454.4
88754.6
65009.3
74388.3
35455.7
-36894
-11022.4
-45172.1
-13640.8
101714
60937
84026.2
33408
211750
134863
196629
75241.1
-44541.4
-19659.7
-48792.5
-13886.2
-41288.7
-20798.1
-39629.1
-9237.64
115226
77604.3
102933
40366.6
-66099.6
-24751.6
-69256.9
-15547.9
70782.1
46077.9
62972.1
24557.8
239302
144342
216788
79985.8
-10642.7
10038.1
-19090.5
2623.37
-12156.6
-3730.7
-15723.2
-1115.11
96425.3
56940.5
89415.1
31964.1
-84842.9
-46468.9
-85267.9
-31505.1
73704.6
53746.5
55572.9
26548.3
232932
142293
212984
77354.7
41663.4
41869.2
24644.8
19281.4
34529.4
33293.4
30538.5
18802.7
103691
63428.2
95496.9
36629.5
-110693
-53408.5
-103221
-29512.5
88261.1
71426.3
68252.1
35138.3
248400
160970
227959
89821.7
85089.7
78268.2
67916.9
37562.9
62054.3
47245.3
59489.6
23082.1
96134.7
55411
90044.4
30210.4
-143278
-77112.1
-127679
-45857.3
87249.9
71825.1
71731
31583.6
265188
165150
244857
91756.3
111614
87439.4
98492.9
41609
43006.2
27628.1
39607.2
12037.1
79482.3
37019.2
75257.4
18447
-167036
-99757.2
-148600
-57474.3
46401.1
44337
35109.3
15690.7
271453
161509
245645
86491.2
137153
101106
114676
49343.3
9236.23
3775.95
4350.12
1134.91
86944.4
49583
78767.5
29047.2
-180056
-119523
-161072
-65013.5
13865.7
19834.3
-717.006
5662.51
258726
160777
244286
87815.6
111120
80864
88522.7
35188.5
21351.1
19257.3
21725.1
10521
112012
66134.3
107043
35610.6
-162872
-101607
-138094
-49885
-5658.98
13109.8
-9948.29
1332.19
282421
171125
261971
94020.5
125870
102347
104276
47093.3
24202.1
16686.3
22758.2
10731.8
123327
78898.3
118365
45947.8
-159615
-111676
-133396
-56084.2
-17672.7
6107.99
-26010.2
-750.947
287065
172089
272508
97598.4
123392
98586.9
100257
46884.7
71871
48656.7
61302.6
25021
187352
116505
164987
62760
-125631
-86030.9
-107658
-41440.7
1773.42
19637.1
-14224.9
3859.39
317371
191424
295815
106094
155438
121081
122218
54473.4
66074.2
38924.8
66379.6
21107.8
182921
112116
165788
60618.9
-159862
-118518
-126154
-59038.5
-2076.77
17042.7
-11636.9
1842.01
329085
191069
309862
109682
143979
111281
121994
52205.7
30297.4
15658.2
35754.9
9268.76
177963
113303
165549
59928
-185331
-132242
-145971
-63074.6
-33914.3
-1344.92
-34329.3
-6576.8
330614
188257
311357
108624
125129
103070
106431
48774.8
5400.17
-10317.4
9659.08
-4379.11
186197
115656
172004
65009.3
-175049
-144854
-142908
-70875.4
-44916.1
-21607.1
-43624.2
-13588.5
354806
204492
342073
116497
109957
86206.9
87945
37474.5
-44935.9
-41021.4
-33799.7
-18051
172733
98949.7
162865
54547.6
-208848
-169055
-170645
-77897.7
-96153.8
-59206.1
-84678.2
-33673.8
344536
184954
325995
105469
88104.8
74003.7
67822.1
32447.7
-67619.2
-57965.8
-54750.6
-28258.8
147759
84940.5
143278
49819.2
-206259
-172277
-165916
-83179.8
-97777.3
-57408.6
-87641.6
-30361
324163
178142
314783
102617
86549.2
75594.7
65425.1
33900.1
-89016.3
-65390.4
-73417.5
-31235
160319
90294.7
150317
53145.4
-226566
-179047
-185133
-81528
-97792.2
-58443.1
-89948.2
-31244.2
307518
170133
295267
99400.8
75847.8
72134.8
55196
31032.8
-98798.4
-74437.8
-81054.2
-36841
155457
85325.2
143090
49595.1
-238260
-190402
-192793
-89330.2
-95787.5
-59450
-87443.7
-32359.3
311429
169094
293919
99596.7
65432.1
62491.3
45942.1
25800.9
-122053
-89543.8
-104414
-46127.4
144592
80041.7
134524
44856.7
-216486
-176946
-174389
-83615.4
-94238.2
-55729.2
-83014.3
-30195.6
321558
174016
302524
99444.7
72053.5
68140.3
52450.4
31501.6
-159932
-115403
-142115
-56398.1
157601
94951.7
144026
57543.6
-231293
-196540
-189729
-93498.6
-100731
-67623.4
-92492.4
-32090.6
317258
181224
307585
106075
57986.3
60526.2
37827.4
26433.8
-181594
-129254
-156057
-65708.6
172185
95204.1
161034
50520
-269225
-216430
-222297
-103591
-142606
-101073
-123095
-55454.8
335066
177614
319378
101101
75352.8
71595.3
52634.2
27581.4
-227058
-157202
-200056
-81887.2
116963
69273.1
110098
37588.4
-310583
-242472
-263455
-122952
-163124
-101298
-149269
-53899.2
313175
167456
307345
98053.8
79620.2
82532.1
55807
35093
-246310
-168418
-218465
-85233.2
96617.7
51288.6
82854.5
29752.9
-376092
-281882
-324207
-139100
-165366
-110782
-152483
-58709
315032
161356
307775
97185.5
86135.5
82562.5
58838.4
35675.7
-255167
-177738
-226440
-93357.9
85669.5
50060.3
64474
25627.7
-410311
-297884
-355553
-152360
-163998
-107096
-152488
-58105.8
316383
158304
305768
97980.3
107325
92563.1
76536.5
39501.1
-318114
-215685
-281309
-116077
68208.2
49796.6
53195.6
19584.7
-445584
-314493
-387675
-164000
-199459
-126035
-177846
-71376.1
309914
149372
301361
89041.7
107812
100703
77298.8
43212.7
-383430
-257104
-339033
-134910
50684.7
39741.5
45566.7
18545.3
-486329
-343441
-420644
-175768
-242032
-164112
-211374
-85353.4
293992
144535
293154
90933.2
80386.7
84777.2
57134.2
31625.4
-425033
-281064
-373546
-145302
27419.5
20600.1
27786.5
7712.41
-516339
-360774
-447392
-179357
-301707
-203544
-261171
-105893
297152
139928
290488
88329.7
63675.7
76953
41924.4
29356.2
-425135
-282152
-379078
-146707
19873.9
16805.1
17660.7
8537.61
-491417
-345934
-429321
-176261
-303864
-201868
-268412
-102813
289359
136099
286165
86304.5
81015.3
89736.1
52370.4
37372.7
-413235
-271843
-362199
-140900
33911.4
22923.7
30791.7
9387.55
-483851
-333841
-418562
-166761
-286436
-192065
-251800
-99943.2
293265
142446
287327
89478
94161.9
98755.2
69560.2
39799.5
-422054
-282113
-370098
-147174
15598.1
11137.6
11378.1
3276.03
-490135
-339803
-424275
-171978
-301693
-203089
-264641
-105470
294056
141452
288123
89415.8
83037.7
87011.6
56963.1
33929.1
-450831
-299254
-400915
-156498
8945.61
8891.87
1364.72
1155.41
-475901
-327499
-419292
-166001
-320763
-212078
-281893
-109136
295735
138023
284272
86357.5
87691.1
95581
56256.7
42381.9
38374.7
37191
32441.4
17228.7
-5018.34
219.203
-6043.64
-1113.69
18263.9
17384.2
21889.9
7073.19
-11454.4
-4824.59
-14551.6
-7248.55
-8136.68
1079.75
-11277.6
-1471.49
19579.8
18416.6
13374.2
8341.74
38157.6
26962.7
30420.4
10833.6
-28270.8
-22819
-20427.6
-12084.5
-10587.5
-9634.33
-10093.9
-8097.08
-58271.3
-37833
-55539
-22860.8
-64520.7
-47231.9
-55328.3
-22955.5
-7459.98
-6945.2
-8893.28
-5366.23
55980.2
44672.9
48097.4
21643.1
-41012.9
-31760.4
-30569.6
-16536.4
-5634.93
854.892
1927.57
-1077.63
-70954.6
-39433.9
-65266.7
-26701.1
-90786.9
-59040.6
-74971.7
-28219.2
-7414.72
-325.269
-6000.51
1062.07
90388
62906.3
70183.9
32046.1
-61853.5
-54197.6
-53878.7
-25836.3
2399.92
-2899.14
-5692.92
-2405.58
-84856.3
-48081.1
-86649.6
-29643.3
-114346
-83316.3
-102823
-39964.3
-564.271
-5387.45
-2076.07
149.907
131163
97650.7
108151
47478
-73505.9
-53459.4
-66770
-27202.4
14256
11023.1
8480.33
4055.96
-80358.4
-38197.2
-84755.9
-26500.9
-79917.9
-52121.5
-72073.3
-25016
31638.8
20951.6
26710.3
11368.2
118973
89794.1
101294
42035.4
-113217
-76829.3
-93193.1
-37856.4
-10859.7
-2066.17
-10381.7
-5423.51
-130543
-70998.5
-130602
-44342
-120753
-84684.5
-106013
-40674.9
-11890
-13185.4
-9216.43
-7029.35
100314
79253.2
85483.6
37787.8
-129146
-94059.3
-105931
-46007.9
-75160.5
-46495.8
-65947.6
-26741.4
-208657
-110348
-202161
-63557.6
-123042
-89717
-104849
-44427.5
-63181.4
-42089.1
-54244.3
-23794.1
86265.6
62540.8
71164.6
28419.3
-127555
-98581.3
-100932
-47846.4
-111288
-71173.1
-102771
-40372.3
-215265
-112173
-204918
-65002.2
-111562
-86985.4
-93911.6
-39434.6
-81767.7
-54616.2
-78213.8
-31638.1
79138
58447.3
60566.5
29323
-136785
-109903
-112888
-52223.4
-133299
-85693.6
-124003
-46517
-218715
-113725
-211264
-65118.9
-86874.4
-72391.5
-68889.2
-28578.4
-84239
-46850.8
-81409.9
-24649.7
103687
77701.8
81544.3
37568.6
-139933
-114413
-112995
-54479
-141566
-87450.7
-136597
-49717.4
-202027
-103635
-195190
-62079.7
-66600.3
-68449.4
-46461.9
-26477.6
-39742.2
-20911.3
-39181.5
-9853.53
110669
85724.7
93126
41315.5
-175860
-136608
-143713
-65763.8
-159756
-95567.6
-149477
-53677.9
-220730
-111946
-216126
-68002.5
-58492.6
-59791.5
-40976.1
-23372.7
-41479.6
-22893.3
-43499.8
-16221.7
88746.9
69111.2
74407.4
30734.4
-202434
-153666
-160244
-74523.4
-186103
-111509
-171416
-64501.6
-247673
-127897
-231631
-73688.3
-71540.8
-76536.5
-49319.3
-31103.5
-76261.5
-47123
-69318.4
-29443.2
79304.9
68853.8
70060.8
32555.2
-177787
-135968
-142966
-61854.9
-178339
-103310
-157309
-57416.4
-244208
-127882
-234269
-74978.8
-43616.5
-54613.4
-19859.1
-19930.5
-85537.3
-44645.3
-78988.1
-26091.5
42484.4
35991
27991.5
12751.3
-169539
-140877
-135132
-64807.8
-179744
-106646
-171632
-59395.6
-251868
-129937
-242584
-76391.6
-42338.7
-60606.8
-28785.6
-23640
-98529.7
-55924.4
-105795
-35621.9
-5589.68
4475.28
-11030.2
-2076.07
-162200
-138833
-122769
-61459.6
-167383
-101889
-146796
-55026.3
-262817
-140661
-246120
-82572.4
-42538.8
-56288.5
-21549.1
-20105.2
-117739
-58955.7
-117980
-33987.1
-18314.1
5112.38
-38185.2
-6352.65
-170720
-148186
-141050
-69426.6
-137246
-79758.8
-138736
-44482.7
-283055
-154583
-267045
-90850.5
-18633.7
-34423.4
-15816.6
-13497.3
-92176.3
-37573.5
-106161
-27011.5
-16871.6
8167.08
-26457.8
-2926.71
-177359
-146501
-143071
-66967.3
-111904
-66829.4
-107803
-36859.4
-288217
-155269
-276604
-91079.6
-11769.8
-29214.1
-834.386
-9445.53
-89255.3
-34101.6
-99555
-27713.6
-20615
11445.9
-34100.2
-3368.66
-170594
-140321
-131359
-62391.6
-71895.8
-33733.9
-71161.1
-20170.2
-290964
-158060
-275202
-89895.9
5404.42
-15744.4
8490.23
-2835.5
-82636
-27583.5
-94135.7
-25199.2
2223.14
37027.6
-14497.8
11649.6
-149200
-130247
-116289
-56954.6
-42760.9
-17563.8
-39374.5
-9291.38
-289338
-152308
-279903
-89715.6
51594
19988.5
57733.1
17117.6
-94347.8
-27654.9
-98164.1
-22935
-11393.6
19384.6
-28495.7
-687.308
-159943
-144982
-121890
-64990.2
-53837
-28841.5
-57637
-17177.7
-291177
-148335
-280293
-89301.2
40313.6
-3636.65
51125.9
5273.6
-126432
-57642.6
-131848
-43591.7
-19444
14795.5
-33605.2
-486.489
-171867
-152865
-131726
-68402.7
-53890
-27560.2
-48913.4
-14432
-286607
-143029
-275734
-88623.1
32225.7
-10456
49800.1
6325.07
-177507
-84132.3
-175659
-52255.2
5094.7
40908.2
-21515.1
10296.2
-192520
-165518
-155421
-76544.3
-38275.7
-13015
-48595.2
-10171.7
-262810
-120574
-257045
-77621.2
37958.2
-8697.41
50037.7
4994.3
-168154
-73776.7
-168839
-48150.4
33079.2
57888
13007.2
20797.4
-204558
-170623
-162705
-77685.6
-22294.4
-6958.64
-24321.6
-4238.4
-251186
-113730
-250131
-74268.1
60121.8
3540.48
79484.5
14589.7
-179312
-87421
-173166
-56116
32411.7
58955.7
8163.55
19533.8
-214681
-176589
-171705
-79969.5
-9763.02
6702.67
-19174.6
1216.93
-268636
-126324
-264535
-79286.5
43472.9
-15236
61258.8
4598.32
-228902
-126520
-216721
-77825.6
16132.6
49332
-1716.15
15031
-215482
-178206
-172662
-81484.9
-14502.1
1650.39
-15175.2
-2266.28
-306389
-154562
-302550
-95502.5
44274.8
-19724
65140.8
2373.76
-284333
-157813
-272853
-92753.3
-27638
16516.6
-44718.1
-2918.94
-234015
-194807
-181242
-90325.1
-49306.6
-16692.7
-54020.8
-14502.8
-308214
-145551
-310044
-89560.7
20606.5
-38578.3
40059
-5110.97
-315632
-173897
-303815
-100330
-61178.2
-9314.01
-69121.8
-15939.6
-254493
-214978
-194381
-102177
-63327.8
-26777.4
-60686.7
-20554.2
-284741
-128812
-283918
-85006.3
14473.1
-45008.8
46983.7
-8114.76
-320056
-176402
-300783
-102269
-78855.8
-10939.6
-98530.4
-18506.4
-306544
-244271
-252771
-116989
-60859.3
-14432
-71531.6
-13976.7
-284510
-122223
-290180
-80423.5
3680.49
-45807.1
23614.5
-8985.91
-325990
-173233
-314866
-99847
-78273.9
-14011.3
-88427.2
-17719.4
-341256
-268648
-280124
-126901
-62348.4
-23301.3
-67639
-17565.9
-261330
-104370
-274517
-72127.7
540.937
-55248.4
28972.3
-12178.5
-307985
-165871
-296407
-96036.4
-82481.9
-9823.13
-97024.9
-18309.8
-341194
-261079
-276810
-123080
-46041.1
42.4264
-52603.8
-7066.12
-245102
-91203.3
-264606
-65997.1
6570.44
-48578.9
26047
-9511.29
-293099
-153810
-286484
-90798.9
-65344.4
1377.44
-82754.8
-12191.2
-340475
-271106
-279567
-127950
-53252.9
-15906.4
-63080.3
-16568.9
-265895
-99080.5
-286028
-74382.7
29996.9
-37591.9
56969.5
-2973.38
-307746
-166271
-292874
-100848
-92983.1
-20320.1
-107060
-23728.4
-372118
-297542
-298343
-138857
-111625
-46656.3
-123087
-32191.7
-290337
-105904
-304049
-76996.9
16642.5
-58944.4
50454.9
-9509.17
-367969
-212727
-348852
-125352
-98553
-25827.1
-108414
-25220.4
-380618
-304028
-305040
-142592
-114405
-43554.9
-120133
-33224.8
-289543
-103283
-302341
-78328.3
20488.4
-60112.6
63023.7
-6868.13
-410063
-234216
-382916
-134166
-83768.1
-6008.29
-99977.8
-13237.7
-391782
-307127
-321856
-143871
-103472
-18442.8
-124378
-19968.7
-277609
-84842.9
-291414
-67199.9
25600.1
-55948.4
62550
-3452.1
-422571
-237830
-398082
-134900
-59298.7
1582.5
-70547.3
-8645.09
-403339
-318389
-326936
-147435
-75358.5
-7951.42
-93314.8
-14806.1
-266569
-84491.5
-285035
-68366.6
41222.2
-54978.3
86040
-805.395
-454788
-266604
-422035
-151493
-64544
-2010.3
-78762.5
-11682.8
-419159
-330902
-336124
-152893
-67993.3
5538.77
-96708.2
-9505.64
-274583
-88701.6
-293995
-68228
38548.6
-65369.2
80929.8
-5241.78
-504000
-300663
-467175
-170964
-10458.8
-9092.69
-14921.4
-9752.42
-1863.23
-2550.53
-3674.83
-3048.34
6470.03
692.258
-2182.13
-2727.31
-5039.55
-4208.7
-9992.83
-2608.52
-4293.55
-4188.9
-8021.42
-4756.71
-17734.9
-18974.5
-13869.9
-9586.25
-8654.28
3019.35
-6799.54
2769.03
9304.82
3260.47
12105.7
4263.85
-17636
-2397.09
-21058.3
-2989.65
24103.9
15784.7
24306.1
12597.1
-2182.13
4315.47
-3433
3647.96
-28198
-29282
-14910.1
-10209.9
35620.5
27207.3
34219.7
14268.7
23431.4
11062
27471.1
9889.6
-25607.2
-8920.86
-33191.6
-10525.3
19058.6
6058.49
27494.4
5771.41
6951.57
11782.5
5420.68
5473.71
-26436.6
-30363.2
-10613
-11320.8
44013.2
30821.4
35172.2
14168.3
44903.4
24943.2
42719.1
13941.3
-44876.5
-13746.9
-52786.9
-11429
18333.9
-359.21
16955.7
1817.97
4445.58
3756.15
4144.35
1351.28
-40585.1
-46629.4
-29748.7
-19790.5
48233.2
34943.8
45851.6
16098
25436.8
9436.34
25648.9
5143.49
-33547.3
-4729.13
-38127.9
-8092.84
-6318
-12429.5
-2284.66
-2870.15
11035.8
13364.3
9761.61
5550.08
-46118.2
-46206.6
-31184.1
-19104.6
32347.3
19053.7
33941.8
8070.21
-801.859
-10115.2
5883.84
-3931.51
-56321.8
-19472.3
-63563.9
-19216.3
-35706.8
-35464.2
-27390.5
-17544.7
-1639.78
3466.94
-650.538
-948.937
-69811.9
-64833.9
-52920.6
-30108.6
30337.7
17539.8
21076
13620.3
8454.17
5226.23
10156.9
8203.85
-37211.5
12136.8
-49571
4331.74
-41712.2
-26989.6
-35696.9
-8906.72
9190.97
10852
6267.79
6149.71
-89524
-72076.8
-75859.8
-27249.1
28516.9
21740.7
25392.2
12790.9
42109.6
18871.3
50958.4
12727.9
11115.7
40384.3
1083.99
13198.9
-13391.9
-14632.9
-166.877
-5117.33
24830.8
19053
24200.7
10162.5
-84330.3
-73727.2
-59833.3
-30880.1
43502.6
20689.2
29868.9
8105.57
57110.9
21375.8
61278.6
15970
29033.1
44028.7
3688.27
12588.6
-6409.92
-14730.4
5656.85
-3751.91
36023.6
23108.2
31314.2
11407.8
-67443.1
-69377.1
-52062.2
-28142.8
1991.21
15231.8
-15338.6
7353.91
62689.3
28305.5
65138.7
18991.5
24608
54606.3
1440.38
20880.9
-2617
-15390.2
7980.41
-5144.91
25484.8
18058.1
21607.8
8790.04
-79135.1
-70786.3
-61366.3
-28715.6
46638.6
42897.3
30614.9
20308.8
49579.5
12628.9
53099.5
10265.8
66558.5
78908.9
42076.4
33322.4
-22708
-34639
-8235.67
-12334.8
47246
31969.7
42468.8
16638.2
-60831.7
-62999.7
-43786.2
-23830.2
79386.9
63151.7
57969.3
31114.8
47430.6
10133.5
51391.8
12188.4
97029.2
99412.8
62017.5
43414.9
-24829.3
-39392.9
-12150.9
-14147.8
73780.9
47934.8
66687.2
25777.6
-32234.9
-46491.6
-21501
-14489.3
61830.8
52252.4
37963.1
12747
63598.6
28447.6
54843.2
13567.3
150201
133029
115794
57671.6
5923.43
-10146.3
507.703
-3069.55
72202.7
38299
63455.8
16559.7
-37512
-51546.7
-29187.2
-25082.5
3372.19
27739.1
-14609.5
3953.43
58150.3
30578.8
49063.3
16495.4
137515
127861
102804
56428.5
44219.6
21491.1
37738.3
15680.1
32132.3
19677.4
25293.2
9728.38
-84624.4
-77957.8
-70622.3
-36829.7
-5399.47
25849.7
-19999.8
5276.43
62356.9
45034.2
51934.9
24364.1
153681
142838
117257
64979.6
60217.2
37064.4
55540.4
20400
18130.2
16604.3
18082.8
8655.69
-96890.6
-77092.3
-76786.8
-35511.6
-19336.5
16349.7
-37765.9
-4684.58
105125
77864.5
88487.3
37053.8
162813
143100
128870
65736.2
90442.5
60662.7
72762.7
30871.6
-2629.73
-5886.66
-2151.02
-4802.67
-94924.8
-79270.2
-80860.5
-39349.8
-59033.5
-9607.46
-66126.5
-16955.7
111004
82658.7
89188.1
38620.1
182545
155585
147075
71072.7
96121.3
67188.6
76802.4
33359.9
-11062.7
-7398.46
-7433.11
-4517
-114860
-91322.8
-96226.6
-44502.5
-87303.6
-26077.4
-94378.2
-27655.7
111584
90088.9
86481.3
39170.2
202228
172360
159549
77223.1
101801
75483.6
79360
33615.1
-9400.98
-3297.24
-8379.92
-5156.93
-119087
-88768.8
-105307
-46553.8
-104856
-28662.6
-120258
-25595.9
105717
91577.4
88058.8
42849.3
207762
182615
170028
84741.1
110710
94024
89669.6
44339.8
-34409.9
-21935.2
-28034
-13656.4
-151147
-106344
-126445
-50628.1
-67418.4
555.079
-82823.4
-9427.15
113694
82765.4
98762.3
38989.2
226710
184959
185880
85156.2
154918
114150
135041
55968.2
-40322.1
-28309.7
-36137.4
-14764.4
-150186
-118412
-119974
-56991.4
-18524.1
30593.7
-46536.1
6209.1
98681
72714.6
83175.6
36199.6
234514
188703
189137
88397.5
168368
122306
153882
60669.1
-34937.4
-20991.9
-31819.8
-11022.4
-157019
-121962
-126187
-56376.2
-2119.2
52118
-33799
12897.6
108063
83476.1
90074.8
38746.6
243253
194307
198888
91838.3
184990
128327
158407
60862.8
-38141.3
-28849.2
-33461
-16453
-161851
-128051
-134270
-63283.2
33192.3
74394
-3007.33
24323.8
91429.6
69292.2
69947.7
31425.9
250587
198628
202699
93676.8
163346
112595
139340
55251.2
-35293.8
-23710.7
-31656.5
-12023.6
-175828
-138342
-148649
-65622.3
57587.5
89000.7
22175.6
33762.2
71913.5
56997
56411.6
26822
248632
199876
199492
95275.6
148607
100258
130236
50204.6
-28549.4
-20783.3
-22809.9
-10171
-183064
-144445
-154332
-67658.1
46058.8
80012
5071.37
21098.7
67203.4
61994.2
43268.6
26666.4
293974
237158
241874
113064
143022
110664
107600
53866
-58271.3
-49590.8
-52341.5
-27359.4
-216124
-160785
-188502
-79676.1
24301.1
78626
-14712.1
21467.1
67018.9
62734.5
48157.5
27633
317993
252558
265347
120208
196653
152940
162162
76640.5
-94051.6
-65084.2
-87670.6
-33202.2
-235976
-171483
-204940
-84886
28131.5
75710.6
-8316.99
18004.4
66123
61302.6
46390.4
26557.5
341412
261986
284226
123565
225546
169571
193550
83461.9
-102572
-70026.2
-91690.5
-37736.9
-248396
-176586
-210765
-89145
13780.8
78882
-34926.1
17862.2
91428.9
89012
64680.5
39313
347805
267722
289264
129794
263648
196804
218789
95264.3
-122976
-83905.3
-113876
-44361.1
-251575
-177631
-223857
-91040.7
4472.45
73083
-36134.6
14501.3
81801.6
79058.8
54504.5
32604.7
367392
280019
308298
134604
251890
188249
208992
91479.8
-128155
-82835.4
-115812
-43773.4
-258805
-177786
-228690
-89909.3
-15100.3
56506.3
-50326.2
7547.66
58996
63905.5
34757.8
24361.2
367983
280313
306273
135173
231641
172375
192322
82508.8
-139354
-91975.5
-123690
-49193.4
-269526
-184428
-239884
-94688.7
-33711.3
47705.7
-60473.2
5834.34
52078.4
63382.9
38157.6
25568.3
385881
296519
331036
143188
220365
171442
183266
79499.3
-161947
-105998
-140326
-57209.9
-300192
-198761
-261774
-102859
-46726.3
31846.7
-70057.3
4.94975
47694.4
49626.9
34425.5
19231.9
388241
290214
326615
139252
208012
156361
172701
71133.5
-174346
-115806
-156329
-60174.8
-317470
-217010
-278041
-112780
-36818.3
34924.7
-67885.8
3201.07
29168.2
38431.3
15501.9
16195.6
382071
291894
315483
140402
175716
141545
147833
65223.5
-183431
-116333
-166852
-61181
-338128
-223921
-301097
-114591
-29096.7
44038.6
-57707
5216.33
23801.2
33656.2
13490.2
10364.8
398252
303802
332873
146170
168855
132211
136249
57552.1
-180058
-117909
-160130
-63575.3
-334510
-224610
-294175
-118188
-13839.5
51238.4
-37163.4
14553
6892.88
20648.9
-3872.12
6166.68
409387
310367
346627
151928
124599
103672
97740.5
46084.3
-185552
-118802
-164144
-60924.3
-355243
-237919
-311761
-120594
16088.1
62211.3
-8992.98
19154.8
-821.658
14412.3
-6253.65
3528.46
419553
318494
353209
154122
98531.1
89183.1
73726.5
36815.5
-184373
-120470
-160950
-63600.7
-357537
-239964
-315570
-123455
